1.0 0.0 0.0 0.0 0.0 1.0 0.0 0.0 0.0 0.0 1.0 0.0
0.47380560866237 -0.8806294304923274 0.00022660723850496264 0.24790931592432663 0.8806294327598592 0.4738056420977041 0.00012519357192345288 -1.2054512053969404 -0.00021761693208808202 0.0001402395873580983 0.999999966487864 -0.04736350648954435
-0.8553833841330881 0.5179953885389034 0.00020880961392923223 -0.7582989627333472 -0.5179953782227299 -0.8553834094227526 0.00010499618351153404 0.34213842333610955 0.00023299981835618762 -1.8350424170659116e-05 0.9999999726871729 -0.33311768935568475
1.0 0.0 0.0 0.0 0.0 1.0 0.0 0.0 0.0 0.0 1.0 0.0
0.47380675367638037 -0.8806288203880048 0.00020216993110512603 0.24780645092520892 0.8806288213961189 0.47380678079402955 0.00011575872038248733 -1.2051475136071286 -0.0001977299496103296 0.00012318940463668348 0.9999999728636184 -0.04664915711345352
-0.8553789491556884 0.5180027133204238 0.0002057522539079662 -0.7585482370967238 -0.518002703890514 -0.8553789736611763 0.00010089831545340193 0.34241666074469634 0.0002282617529505912 -2.0273928811783582e-05 0.9999999737427698 -0.332897194415328
1.0 0.0 0.0 0.0 0.0 1.0 0.0 0.0 0.0 0.0 1.0 0.0
0.47382251861743 -0.8806203340973786 0.0002191466557848784 0.248536960361891 0.8806203302849852 0.4738225533392884 0.00014776941202919778 -1.206160233495563 -0.00023396537699028286 0.00012296852541583724 0.9999999650694715 -0.04787049073647076
-0.8553908651816786 0.5179830260223974 0.00022916461361700531 -0.757865300557178 -0.5179830114652529 -0.855390895779218 0.00012349661812997864 0.34185310820895154 0.00025999447608525416 -1.306549765339298e-05 0.9999999661160819 -0.3338444500763674
1.0 0.0 0.0 0.0 0.0 1.0 0.0 0.0 0.0 0.0 1.0 0.0
0.47380889757904304 -0.8806276679938871 0.00019732860954810774 0.2480544943534806 0.8806276695223304 0.4738089230550609 0.00011002305311017817 -1.2057154039110323 -0.00019038540066392673 0.0001216431320540205 0.9999999744781733 -0.046543413388131394
-0.8553793314874546 0.5180020807948319 0.00020870145886826998 -0.7584450342073232 -0.5180020730200376 -0.8553793564974662 9.394106126129145e-05 0.3422536790803026 0.0002271805847922418 -2.7752546155162743e-05 0.9999999738093888 -0.3329472159582487
1.0 0.0 0.0 0.0 0.0 1.0 0.0 0.0 0.0 0.0 1.0 0.0
0.47380492802160507 -0.8806297992528085 0.00021644953040599087 0.24781747563111267 0.8806298036960377 0.4738049569250451 0.00010786813357317469 -1.205172596276566 -0.00019754675324477325 0.00013950345420805764 0.999999970757033 -0.04698023464629364
-0.8553772040154702 0.5180055922514147 0.00021271327379125357 -0.7585188829664897 -0.5180055847257674 -0.8553772299263749 9.336164121048781e-05 0.3424548012738704 0.00023031194315293338 -3.0327244148248395e-05 0.9999999730183331 -0.3330541074195438
1.0 0.0 0.0 0.0 0.0 1.0 0.0 0.0 0.0 0.0 1.0 0.0
0.47380233820528084 -0.8806311985047777 0.00019113149228977257 0.24787322725300065 0.8806311996115451 0.47380236231380674 0.00010833552709141595 -1.2053612325165624 -0.00018596219762261672 0.00011698672929207521 0.9999999758660828 -0.04664838749934652
-0.8553753138717843 0.518008726554627 0.0001778538723974937 -0.7584233040562687 -0.5180087243283668 -0.8553753314665734 6.195278429124304e-05 0.34238504857164376 0.0001842238979518362 -3.913697524913132e-05 0.9999999822649264 -0.33258319783415347
1.0 0.0 0.0 0.0 0.0 1.0 0.0 0.0 0.0 0.0 1.0 0.0
0.4738005638607936 -0.8806321156316942 0.0003203174042274349 0.24785399550377463 0.880632139295815 0.4738006158570951 0.00010794773701324007 -1.2052777883951613 -0.0002468288274163218 0.00023093610227411433 0.9999999428720218 -0.04749219593970211
-0.8553763137829904 0.5180070478203792 0.0002454127929248538 -0.7586078582402216 -0.5180070413039627 -0.8553763477293079 9.43651708068395e-05 0.3421010074300117 0.0002588021220448272 -4.6407822806891615e-05 0.9999999654338873 -0.33293116084284785
1.0 0.0 0.0 0.0 0.0 1.0 0.0 0.0 0.0 0.0 1.0 0.0
0.47381051300986926 -0.8806267525203466 0.00034714088343390086 0.24827333214648384 0.8806267712883391 0.4738105818565104 0.0001490337905755866 -1.2054369048048459 -0.0002957221669763767 0.0002350877785921536 0.9999999286410656 -0.04778363790439544
-0.8553661676660221 0.5180238089149376 0.00022936783215521617 -0.7583665150899979 -0.5180238093298992 -0.8553661959038953 6.222732522403969e-05 0.34219165721246547 0.000228428726084478 -6.559084944978956e-05 0.9999999717590783 -0.3331478303181956
1.0 0.0 0.0 0.0 0.0 1.0 0.0 0.0 0.0 0.0 1.0 0.0
0.4738192835079107 -0.8806220811044349 0.00019195661943508142 0.24826666125240848 0.8806220817523182 0.4738193081162717 0.00011129434469685096 -1.2058630768663683 -0.0001889610100511582 0.00011630783115031011 0.9999999753831121 -0.04641699173179037
-0.8553831023724466 0.5179958480748248 0.0002226048746767137 -0.758309164489555 -0.5179958376963486 -0.8553831309947868 0.00010648386024987881 0.3422286421023273 0.0002455706521720805 -2.4223903800316097e-05 0.9999999695541281 -0.33322695472821345
1.0 0.0 0.0 0.0 0.0 1.0 0.0 0.0 0.0 0.0 1.0 0.0
0.4738140676938691 -0.8806248898044929 0.00018086518573551285 0.24815470433649978 0.8806248882602249 0.4738140907771999 0.00011643728820774005 -1.2055529946495014 -0.00018823404762959784 0.00010410475882155318 0.9999999768650711 -0.04642398085092769
-0.8553784982614872 0.5180034605342804 0.000198963398362509 -0.758579877067028 -0.5180034505946497 -0.8553785212646609 0.00010262123649755401 0.3423921490698749 0.00022334717310716027 -1.5283727728805167e-05 0.9999999749412236 -0.3328731763675459
1.0 0.0 0.0 0.0 0.0 1.0 0.0 0.0 0.0 0.0 1.0 0.0
0.47381067207511474 -0.8806267093675939 0.0002139535737117244 0.24784406120029523 0.8806267092658976 0.4738107031954762 0.00012831571765204157 -1.205230091555908 -0.0002143717414075948 0.0001276158751349208 0.9999999688794721 -0.046774622386490994
-0.855378258610661 0.518003850573309 0.00021327779604067137 -0.7585112987640006 -0.5180038412427482 -0.855378284865135 0.00010118764287816886 0.3422703764887203 0.00023484878401841845 -2.3925007842809446e-05 0.9999999721368207 -0.33301613039670486
1.0 0.0 0.0 0.0 0.0 1.0 0.0 0.0 0.0 0.0 1.0 0.0
0.47378454516042623 -0.8806407422620809 0.00029637007188036154 0.24758916554370636 0.8806407613907351 0.4737845907142523 0.00010478012983932776 -1.205411025273321 -0.00023268922452181518 0.00021135235959636944 0.9999999505929513 -0.047584510319694684
-0.8553797452349581 0.5180013804509924 0.00024757351342407085 -0.758421414172032 -0.518001376355762 -0.8553797792811242 8.53844898720537e-05 0.34217325595770554 0.00025599866089136015 -5.520725750912721e-05 0.9999999657084216 -0.33295006935557747
1.0 0.0 0.0 0.0 0.0 1.0 0.0 0.0 0.0 0.0 1.0 0.0
0.47380785489165544 -0.8806282140353499 0.00025551492823484476 0.248481523897496 0.8806282229721298 0.473807893151754 0.00011529113296386512 -1.2059075193228406 -0.00022259361433185808 0.00017038781279666624 0.9999999607100374 -0.04733950073967519
-0.8553823229454759 0.5179971007451201 0.0002919110346953315 -0.7579146539506381 -0.5179970986115476 -0.8553823694417206 8.875971523424498e-05 0.3419882978712838 0.0002956728276781821 -7.528557762382892e-05 0.9999999534548294 -0.334043265258023
1.0 0.0 0.0 0.0 0.0 1.0 0.0 0.0 0.0 0.0 1.0 0.0
0.4738180843388337 -0.8806227220542632 0.00021060678400285004 0.24795862660755397 0.8806227188129657 0.4738181162596225 0.00014076449270928506 -1.2055124941027184 -0.00022374972040596064 0.00011876835645060059 0.9999999679150697 -0.04680977810511844
-0.8553839510777328 0.5179944435767426 0.00022948260650487162 -0.7583074027255048 -0.5179944303268151 -0.8553839816807979 0.00011846646384062261 0.3421961137870513 0.0002576607156982494 -1.7536400116202177e-05 0.9999999666517145 -0.33328902944687755
1.0 0.0 0.0 0.0 0.0 1.0 0.0 0.0 0.0 0.0 1.0 0.0
0.4738139669901374 -0.8806249435088691 0.00018318042808555753 0.24820156192753906 0.8806249414276651 0.47381399093995324 0.00012052002085107804 -1.2057140242362667 -0.00019292638624697408 0.00010420918457235023 0.9999999759599273 -0.04665043214173592
-0.8553812258052332 0.5179989478431931 0.00022039346691300404 -0.7583382040691955 -0.5179989381894777 -0.8553812538084297 0.00010328451795458322 0.3421875879641334 0.00024202171168819425 -2.581594427013864e-05 0.9999999703795135 -0.3333105428904264
1.0 0.0 0.0 0.0 0.0 1.0 0.0 0.0 0.0 0.0 1.0 0.0
0.47379456986759794 -0.8806353567417571 0.0002720667129771981 0.24774634326274558 0.8806353706649853 0.4737946101871237 0.00010626088556295583 -1.2052074240963906 -0.00022248083508535427 0.00018924574005922966 0.999999957344163 -0.047161605998156664
-0.8553781636978566 0.5180039879539479 0.00025599353526789174 -0.7584927511590731 -0.5180039820164485 -0.8553782004188942 9.414476649385063e-05 0.34235445001511877 0.00026773865400512957 -5.2076293153961495e-05 0.9999999628020358 -0.33320565867024676
1.0 0.0 0.0 0.0 0.0 1.0 0.0 0.0 0.0 0.0 1.0 0.0
0.47380884947369184 -0.8806276867758053 0.00022681338431064738 0.2479652140372579 0.8806276915991581 0.47380888125037096 0.00011330053008259665 -1.2052576667094437 -0.0002072417795899536 0.00014605535324608537 0.9999999678593388 -0.04723915234047893
-0.855379512660604 0.5180017716207562 0.00023220306960125046 -0.7583653782251893 -0.5180017622454051 -0.8553795435895774 0.00010353328380263196 0.3423722082002367 0.0002522521801270908 -3.172134940899448e-05 0.9999999676812962 -0.3335358623206337
1.0 0.0 0.0 0.0 0.0 1.0 0.0 0.0 0.0 0.0 1.0 0.0
0.4737906597537386 -0.880637413854114 0.0003950322205800394 0.24809358149135452 0.8806374519104271 0.47379073687315526 0.00012627708708555393 -1.2052829747871439 -0.0002983669342773111 0.00028805126375207877 0.9999999140018172 -0.04802755762462696
-0.855356299422811 0.5180401124539877 0.00020718680928963367 -0.7587520562462053 -0.518040115520092 -0.8553563215894211 4.2766146008632265e-05 0.3422614604931864 0.00019937312616336307 -7.075078622812493e-05 0.9999999776223412 -0.3324216775358399
1.0 0.0 0.0 0.0 0.0 1.0 0.0 0.0 0.0 0.0 1.0 0.0
0.47382207886346056 -0.8806205684603611 0.00022800451495420145 0.24820057316212285 0.8806205685713616 0.47382211406997266 0.00013574724041361417 -1.2055375179495549 -0.00022757539331305632 0.00013646542594305012 0.9999999647933134 -0.047093220844651174
-0.8553839319336083 0.5179944587773863 0.0002639426507993995 -0.7581884784410455 -0.5179944446590871 -0.8553839721254771 0.00012463211906584262 0.3420135750153399 0.0002903310601159109 -3.0112514770923874e-05 0.9999999574005551 -0.33407607551266993
1.0 0.0 0.0 0.0 0.0 1.0 0.0 0.0 0.0 0.0 1.0 0.0
0.47379077321866864 -0.8806373792295356 0.000330932908625995 0.24780958844138823 0.8806374099633221 0.4737908232724524 8.919586874844843e-05 -1.2048551875038527 -0.00023534219131858726 0.0002491717199017819 0.9999999412637519 -0.04831850189984854
-0.8553731772380343 0.5180122352566768 0.0002275655770893671 -0.7583524529619474 -0.5180122341658698 -0.8553732054426338 6.830283767790371e-05 0.3423996508072191 0.00023003520274323888 -5.9457337728387306e-05 0.9999999717743149 -0.33316416991103087
