1.0 0.0 0.0 0.0 0.0 1.0 0.0 0.0 0.0 0.0 1.0 0.0
0.47380300771519196 -0.8806308321239978 0.0002176984908366818 0.247754420482039 0.8806308356635864 0.47380303761524056 0.00011324762423584241 -1.205116486207757 -0.00020287555580955115 0.00013805493892866732 0.9999999698911709 -0.046952110942587666
-0.8553787741442104 0.5180030082340397 0.0001902735769972917 -0.758583093138828 -0.518002999869193 -0.8553787951270809 9.472835342270072e-05 0.34229496358772415 0.00021182555507448454 -1.7533660853030715e-05 0.9999999774112522 -0.3326432910495931
1.0 0.0 0.0 0.0 0.0 1.0 0.0 0.0 0.0 0.0 1.0 0.0
0.4738156823722815 -0.880624014515151 0.00021023156105495294 0.2480121015046901 0.8806240154319848 0.47381571180313026 0.00012121444635378669 -1.2054003976460965 -0.0002063553691100436 0.0001277016558542523 0.999999970554874 -0.046570403465316934
-0.8553776445103675 0.5180048647867014 0.0002129065674656224 -0.7585483936609574 -0.5180048556228921 -0.8553776706597075 0.00010043843568751764 0.34223523555079094 0.00023414312204459776 -2.4373843204500304e-05 0.9999999722914565 -0.3329937742364332
1.0 0.0 0.0 0.0 0.0 1.0 0.0 0.0 0.0 0.0 1.0 0.0
0.47381207285079047 -0.8806259587335695 0.00020106073551621602 0.2479638938145463 0.8806259596610032 0.4738120997149307 0.00011547669743101141 -1.2053150143136522 -0.00019695678665173925 0.000122345049788369 0.9999999731198561 -0.04662897362464069
-0.8553810356951059 0.5179992607099873 0.00022288354527961142 -0.758426387662503 -0.517999250479202 -0.8553810643718452 0.00010591068677491995 0.34231612217720997 0.00024551202164294224 -2.485951645427546e-05 0.9999999695529256 -0.3332142948816008
1.0 0.0 0.0 0.0 0.0 1.0 0.0 0.0 0.0 0.0 1.0 0.0
0.4737981117223794 -0.8806334802249715 0.0001511130762968688 0.2475410232038211 0.8806334779803444 0.4737981284560015 0.00010455539932946033 -1.2050475619861079 -0.00016367207792249936 8.353708317494016e-05 0.999999983116503 -0.04579693743099522
-0.8553758852202783 0.5180077808541109 0.00018427757217457058 -0.7587678550757726 -0.5180077731884091 -0.8553759048863228 9.086412469717472e-05 0.34242951360326224 0.00020469491864270192 -1.7734233713101145e-05 0.9999999788927433 -0.3325733914248321
1.0 0.0 0.0 0.0 0.0 1.0 0.0 0.0 0.0 0.0 1.0 0.0
0.47377904199819904 -0.8806437353238166 0.00017549411351072832 0.24732799604766953 0.8806437354360896 0.47377906282832877 0.00010422418482553836 -1.2051494879228013 -0.0001749298120668432 0.00010516855722944461 0.9999999791695674 -0.046301349275289616
-0.8553720739580665 0.5180140403252869 0.0002629040670608467 -0.7588305231134491 -0.5180140382093494 -0.8553721117701459 8.138749049373437e-05 0.3425365854822431 0.0002670406698173946 -6.65714109019821e-05 0.9999999621287633 -0.3331710422417842
1.0 0.0 0.0 0.0 0.0 1.0 0.0 0.0 0.0 0.0 1.0 0.0
0.47380562292318523 -0.8806294310214846 0.0001921071260852175 0.24781770746298015 0.8806294315049774 0.4738056476717998 0.00011225651680591807 -1.2052068908932356 -0.00018987783382041977 0.00011598742036005964 0.9999999752466631 -0.046643999217423016
-0.8553760809933771 0.5180074592996639 0.00017937200940843282 -0.7584514631167742 -0.5180074560191037 -0.8553760990914595 6.790944904646455e-05 0.34250808309749026 0.00018860813085697632 -3.4827919886910294e-05 0.9999999816069942 -0.33258440404864525
1.0 0.0 0.0 0.0 0.0 1.0 0.0 0.0 0.0 0.0 1.0 0.0
0.4738026063601806 -0.8806310529370017 0.00019700093266950585 0.24782493391562355 0.8806310572678446 0.4738026298364338 9.452723344991361e-05 -1.2052339371745058 -0.0001765831771032635 0.00012869789003891162 0.999999976127617 -0.046882097428256664
-0.8553734871397316 0.5180117420983394 0.00018040692663459057 -0.7584182112807056 -0.5180117410868604 -0.8553735049485001 5.59310217413396e-05 0.3425604881039881 0.00018328823116199063 -4.561099306393534e-05 0.9999999821625308 -0.3326732595876635
1.0 0.0 0.0 0.0 0.0 1.0 0.0 0.0 0.0 0.0 1.0 0.0
0.4737778399480782 -0.8806443602593865 0.00026290201250114674 0.24772549275783007 0.8806443735345053 0.47377787736318255 0.0001014063889738241 -1.205376599770017 -0.0002138601219813694 0.00018347907817507545 0.9999999602996372 -0.04712262607717199
-0.8553727293742422 0.5180129723334017 0.00023310335119766705 -0.7583802715664261 -0.5180129742546028 -0.855372758089642 5.676283325504592e-05 0.3423162629138936 0.00022879414040639028 -7.219718065423192e-05 0.999999971220404 -0.3328864260962414
1.0 0.0 0.0 0.0 0.0 1.0 0.0 0.0 0.0 0.0 1.0 0.0
0.4738082428408761 -0.8806280168731158 0.00021192962180729703 0.24786456231301202 0.8806280260085286 0.4738082667116174 7.876581755482165e-05 -1.2049287020914838 -0.00016977739248405445 0.00014931127089331728 0.9999999744408904 -0.04693955412062989
-0.8553722082813264 0.5180138596461914 0.00016283237833513272 -0.7586362982134958 -0.5180138578220121 -0.8553722230206215 5.6472253617701646e-05 0.34255195379386905 0.00016853570349568365 -3.604463219612073e-05 0.9999999851482503 -0.3323111512458231
1.0 0.0 0.0 0.0 0.0 1.0 0.0 0.0 0.0 0.0 1.0 0.0
0.4738179036019502 -0.8806228064951279 0.0002586636763968737 0.2483404799489577 0.8806228122316714 0.473817945304839 0.00013146970808271082 -1.2055632888480972 -0.0002383347149762486 0.00016549243265988507 0.9999999579044084 -0.04829720715015229
-0.8553845385055578 0.5179934675510401 0.0002426109723350547 -0.7581670976274566 -0.5179934548336766 -0.8553845725412436 0.00011750704673580813 0.3421555360944435 0.00026839356546500416 -2.51571847971345e-05 0.9999999636660043 -0.33395382272768764
1.0 0.0 0.0 0.0 0.0 1.0 0.0 0.0 0.0 0.0 1.0 0.0
0.4738164925601081 -0.8806235799951277 0.00020429048603121683 0.2483022208534056 0.8806235812798611 0.47381652008950204 0.00011568970446783549 -1.205903981493254 -0.00019867528889575494 0.00012508732943395152 0.9999999724406446 -0.04675810293792104
-0.8553830497492971 0.5179959332932969 0.00022648001721221385 -0.7582216064907286 -0.5179959225815723 -0.8553830793737485 0.0001082125182879843 0.34212439614195134 0.0002497808189442104 -2.4752571547905168e-05 0.999999968498426 -0.3334948172168204
1.0 0.0 0.0 0.0 0.0 1.0 0.0 0.0 0.0 0.0 1.0 0.0
0.4738026055299216 -0.8806310246432021 0.000299046687994262 0.24798236006347096 0.880631043266654 0.4738026526756555 0.00010932793222024684 -1.2054793217543427 -0.00023796668301878933 0.00021154993769067446 0.9999999493092395 -0.047156843140903626
-0.8553753400519927 0.5180086429923895 0.00027095409146492933 -0.7585137818601488 -0.518008638292469 -0.8553753807879492 9.271597779574262e-05 0.34216048639429175 0.0002797951370045463 -6.104959892422958e-05 0.9999999589938131 -0.33330740276670257
1.0 0.0 0.0 0.0 0.0 1.0 0.0 0.0 0.0 0.0 1.0 0.0
0.47382357254128177 -0.8806197759956756 0.0001795258858916557 0.2485118163792457 0.8806197750753038 0.4738235949463682 0.00011233174542217241 -1.2060023244539497 -0.0001839851571299915 0.00010486861632837659 0.9999999775760176 -0.04640767928056666
-0.8553809091969937 0.5179994705167841 0.0002207388847681053 -0.7583561948888029 -0.5179994606819489 -0.8553809373039569 0.00010406830973043183 0.3421389774682524 0.00024272316349030845 -2.5324577865598268e-05 0.9999999702220655 -0.33333439325227565
1.0 0.0 0.0 0.0 0.0 1.0 0.0 0.0 0.0 0.0 1.0 0.0
0.4738115279680398 -0.8806262524834703 0.00019849813659881234 0.24797236794891653 0.8806262543386932 0.4738115535483568 0.00010905730648017965 -1.2053127525191032 -0.0001900894375899139 0.00012313006150676813 0.9999999743524963 -0.04643584598504058
-0.8553783182360142 0.5180037553473277 0.00020527492154953308 -0.7585896953954929 -0.5180037461158974 -0.8553783426139907 9.998419965900914e-05 0.34239827249568844 0.00022737991307401672 -2.0808861791805047e-05 0.9999999739326829 -0.33286724533152284
1.0 0.0 0.0 0.0 0.0 1.0 0.0 0.0 0.0 0.0 1.0 0.0
0.4738102064550107 -0.8806269616026139 0.00020677913014012684 0.24799749099616974 0.8806269604670846 0.473810236130385 0.00012898284169445915 -1.2052353447582194 -0.00021155983645879171 0.00012098189001092253 0.9999999703029085 -0.04718341031930828
-0.8553826535112259 0.5179966008875315 0.00019375514764976927 -0.7584489649503556 -0.5179965883418806 -0.8553826754506021 0.0001140400911645434 0.3422887443089735 0.00022480717616712377 -2.816589669267091e-06 0.9999999747268999 -0.33296152646241717
1.0 0.0 0.0 0.0 0.0 1.0 0.0 0.0 0.0 0.0 1.0 0.0
0.4738149237607233 -0.8806244291908998 0.0001809249056823585 0.24814618734946947 0.8806244263679861 0.4738149475444471 0.00012315643618425982 -1.2055606207702771 -0.0001941794910113176 0.00010097353386092224 0.9999999760493352 -0.046596358776717195
-0.8553818683901386 0.5179978886383582 0.00021586013672422947 -0.7583836055617539 -0.51799787760159 -0.8553818954174583 0.00010859228652903076 0.34229821386677983 0.000240893428040691 -1.8927219737979772e-05 0.9999999708060577 -0.3332140904290851
1.0 0.0 0.0 0.0 0.0 1.0 0.0 0.0 0.0 0.0 1.0 0.0
0.4738149185902556 -0.8806244295366117 0.00019241784315728993 0.24796563858861198 0.8806244312037776 0.47381494267662533 0.0001061290214532312 -1.2051706460533724 -0.00018463025830005642 0.00011916234002391425 0.999999975856002 -0.04652871353042576
-0.855376412701625 0.5180069060984587 0.0001944942213739036 -0.7584179938123476 -0.5180069019516709 -0.8553764340324611 7.504893876689247e-05 0.3424392584492608 0.0002052416420953413 -3.6554257041912484e-05 0.9999999782698272 -0.3328646975224028
1.0 0.0 0.0 0.0 0.0 1.0 0.0 0.0 0.0 0.0 1.0 0.0
0.4737991842461723 -0.88063290509209 0.0001395590503057623 0.2475066706993534 0.8806329026708302 0.4737991987722764 9.988141932855814e-05 -1.20495853527399 -0.00015408183068431973 7.557655656552966e-05 0.9999999852734868 -0.045583363697874635
-0.8553784611414853 0.5180035360406011 0.00015768530965878057 -0.758774504553001 -0.5180035281368237 -0.8553784756654974 9.05868178345103e-05 0.3422952467447189 0.00018180491176770502 -4.195533899607867e-06 0.9999999834646853 -0.332115753446835
1.0 0.0 0.0 0.0 0.0 1.0 0.0 0.0 0.0 0.0 1.0 0.0
0.4738107218251455 -0.8806266852914536 0.00020257374476365296 0.24798885041884056 0.880626685397456 0.4738107496052198 0.00012051734335272593 -1.2053141101021883 -0.00020211240645365194 0.0001212894359533631 0.9999999722197236 -0.04690048642382405
-0.8553791310630713 0.5180024157350607 0.00019858103584684915 -0.7582649817857465 -0.5180024100636031 -0.8553791535205754 8.301038318764404e-05 0.3424127970696764 0.0002128616573702129 -3.186010572133691e-05 0.999999976837424 -0.3330578280372685
1.0 0.0 0.0 0.0 0.0 1.0 0.0 0.0 0.0 0.0 1.0 0.0
0.47380630561480225 -0.8806290482060083 0.00025340764122207596 0.24774785392614973 0.8806290573058293 0.4738063430081499 0.00011293312154193976 -1.2047719735708835 -0.00021951833511216497 0.00016964970710415294 0.9999999615153381 -0.047767842672485905
-0.8553805411699059 0.5180000839979155 0.00020679949745566132 -0.7585106960376873 -0.518000072690674 -0.8553805660569441 0.00010910801376656214 0.3424936113752901 0.00023341023148984515 -1.379328285281312e-05 0.9999999726647044 -0.3330354813431534
