1.0 0.0 0.0 0.0 0.0 1.0 0.0 0.0 0.0 0.0 1.0 0.0
0.9569992803602185 0.2900902917754963 -2.7625856763527407e-06 1.0849661549369038 -0.2900902913370669 0.956999278295688 -6.491154910707975e-05 -1.3152905645700312 -1.6186417721581125e-05 6.292170506624118e-05 0.9999999978894295 0.14792854098629243
-0.1943035582192914 -0.9809414494572392 2.3182990861363446e-07 1.3257945181261697 0.9809414470859241 -0.1943035577660064 -6.948702907927583e-05 0.6466913340784224 6.820775239954377e-05 -1.3274165434154448e-05 0.9999999975857496 0.42412686447062714
1.0 0.0 0.0 0.0 0.0 1.0 0.0 0.0 0.0 0.0 1.0 0.0
0.9570001631489954 0.29008737896855163 -1.7203266799545636e-05 1.0851040205768085 -0.29008737946490587 0.9570001608432581 -6.6491819268504e-05 -1.3153189339758535 -2.8249084802600663e-06 6.862313247215093e-05 0.9999999976414429 0.14791979684142864
-0.19430535777577065 -0.9809410929964067 -3.262509186657876e-06 1.3257413392826092 0.9809410906749972 -0.19430535708471602 -6.952356789938896e-05 0.6468762668033627 6.75646016717343e-05 -1.670913105444092e-05 0.9999999975779146 0.4241259105279082
1.0 0.0 0.0 0.0 0.0 1.0 0.0 0.0 0.0 0.0 1.0 0.0
0.9569993124344264 0.2900901859470405 4.152878703223385e-06 1.0849943214509405 -0.29009018510979756 0.9569993105830485 -6.361236789094895e-05 -1.315237326249503 -2.2427625685937395e-05 5.967228298220486e-05 0.9999999979681101 0.1479083529204145
-0.19430233089323642 -0.9809416925577112 3.3863665174600904e-06 1.325473605107482 0.9809416905309418 -0.1943023307116984 -6.37047813266593e-05 0.6466963821959882 6.314865492557277e-05 -9.056159404421594e-06 0.9999999979651167 0.42392704685552923
1.0 0.0 0.0 0.0 0.0 1.0 0.0 0.0 0.0 0.0 1.0 0.0
0.9570001280275572 0.29008749518588106 -9.59270432217102e-06 1.0850978949926593 -0.29008749519901983 0.9570001259771688 -6.331541228346072e-05 -1.3153191779537703 -9.186790111188445e-06 6.337558123039284e-05 0.9999999979495694 0.14799902087391653
-0.1943032137059431 -0.9809415176971364 1.2574583001342195e-06 1.325566569983995 0.9809415154376407 -0.1943032133450887 -6.763635686948648e-05 0.6467843454790769 6.659163874741699e-05 -1.1908468452563848e-05 0.9999999977118709 0.42416824709020456
1.0 0.0 0.0 0.0 0.0 1.0 0.0 0.0 0.0 0.0 1.0 0.0
0.9569963686947507 0.290099896625808 1.681534690089878e-05 1.084940843371907 -0.29009989466366654 0.9569963665390577 -7.447933094577284e-05 -1.3155837133119448 -3.769867209437715e-05 6.639831889323629e-05 0.9999999970850367 0.14780628423896036
-0.19429785604080263 -0.9809425789107813 4.220608394652549e-06 1.3248582338593344 0.9809425759181127 -0.1942978557810382 -7.739526779328294e-05 0.6463343216856046 7.674036874580664e-05 -1.0897560129344073e-05 0.9999999969960793 0.4241337113352188
1.0 0.0 0.0 0.0 0.0 1.0 0.0 0.0 0.0 0.0 1.0 0.0
0.9569999767251383 0.2900879943218915 -9.919035858006264e-06 1.0850029234026728 -0.2900879943020852 0.9569999743053328 -6.885771953215765e-05 -1.3152237198384356 -1.0482280691417962e-05 6.877422920707854e-05 0.9999999975801136 0.14824410283261868
-0.19430272473674692 -0.9809416145495325 2.1981574536077602e-06 1.3252353236818069 0.9809416126950156 -0.19430272450631614 -6.109601950860899e-05 0.6465399354956249 6.035873600145718e-05 -9.714858943594687e-06 0.9999999981312223 0.42409447033608944
1.0 0.0 0.0 0.0 0.0 1.0 0.0 0.0 0.0 0.0 1.0 0.0
0.9570013179398736 0.2900835694845346 -1.3283672252897156e-05 1.0849169745595155 -0.2900835696481425 0.9570013150473966 -7.495161580597913e-05 -1.3151126857884163 -9.029740436952167e-06 7.558217017319475e-05 0.9999999971028998 0.1481138312695709
-0.19430813415095524 -0.9809405430511894 1.1007088885919913e-06 1.3252794589539905 0.9809405401765339 -0.19430813366720245 -7.634748017630611e-05 0.6463881149074808 7.510621535459426e-05 -1.3755206448432154e-05 0.9999999970849253 0.42395273853213006
1.0 0.0 0.0 0.0 0.0 1.0 0.0 0.0 0.0 0.0 1.0 0.0
0.9570010921787389 0.29008431427660447 -1.3393003769599587e-05 1.0851887118065218 -0.2900843144816285 0.957001089577985 -7.09807951847761e-05 -1.3152240862148847 -7.77329609775457e-06 7.181379883290008e-05 0.999999997391177 0.14806661847873553
-0.1943007001834662 -0.9809420153573101 2.037038695135713e-05 1.3251434555817676 0.9809420126964864 -0.19430070116178866 -7.249139718554588e-05 0.6470522472623541 7.506783771883838e-05 5.897039145037398e-06 0.9999999971650223 0.42395571627572376
1.0 0.0 0.0 0.0 0.0 1.0 0.0 0.0 0.0 0.0 1.0 0.0
0.9570004353523709 0.290086481473951 1.198452803774365e-06 1.0852909040054617 -0.2900864811884754 0.9570004345783267 -4.0602734945462495e-05 -1.3152668005289285 -1.2925224372584083e-05 3.850918006258616e-05 0.9999999991749907 0.1480093317786707
-0.19429875565258173 -0.9809424007058519 -7.021216689133363e-06 1.3265545775361907 0.980942400003983 -0.1942987552280382 -3.989059505986381e-05 0.6465844644822349 3.776616242071855e-05 -1.4638102132360889e-05 0.9999999991797214 0.4238804104498566
1.0 0.0 0.0 0.0 0.0 1.0 0.0 0.0 0.0 0.0 1.0 0.0
0.9569992725494952 0.29009031752877346 3.974039890908775e-06 1.0849921630477395 -0.290090316654005 0.9569992705643675 -6.574836859746803e-05 -1.3152899656288877 -2.2876118400236537e-05 6.176831042874497e-05 0.9999999978306796 0.14802571730252967
-0.19430321326667324 -0.980941517780385 2.9932358264631645e-06 1.3253976174638709 0.9809415154806996 -0.19430321301849562 -6.794936505332708e-05 0.6467736008312366 6.723594862601838e-05 -1.0266590681493844e-05 0.9999999976869623 0.42417250735812256
1.0 0.0 0.0 0.0 0.0 1.0 0.0 0.0 0.0 0.0 1.0 0.0
0.9570005955915074 0.29008595160746836 2.6786008949990445e-05 1.085208432861502 -0.290085949458741 0.9570005944502255 -6.440913340787658e-05 -1.3152831669478013 -4.4318411244934324e-05 5.38693341944097e-05 0.9999999975669867 0.14811121368979596
-0.19430893193111523 -0.9809403849557718 1.160221142288261e-05 1.3259599305002574 0.9809403829335358 -0.19430893227560123 -6.299304637292724e-05 0.6467952341989704 6.404683647221317e-05 -8.590338437731805e-07 0.9999999979486325 0.42415479442335646
1.0 0.0 0.0 0.0 0.0 1.0 0.0 0.0 0.0 0.0 1.0 0.0
0.9570008433465511 0.2900851334156835 3.471591246634474e-05 1.0852320776579525 -0.2900851303027053 0.957000842009167 -7.463917953790599e-05 -1.3152215038153936 -5.487487381569018e-05 6.135918777309165e-05 0.9999999966118992 0.14802269276480184
-0.19430317251820867 -0.9809415251550472 3.709243099375789e-05 1.325192160330725 0.9809415227017333 -0.19430317478699047 -7.285121542761299e-05 0.6467740128491946 7.866995947360914e-05 2.2230283460329237e-05 0.9999999966584261 0.42394109400033186
1.0 0.0 0.0 0.0 0.0 1.0 0.0 0.0 0.0 0.0 1.0 0.0
0.9569990619754982 0.2900910118689293 1.4521619867800322e-05 1.0847343990089726 -0.2900910105617447 0.9569990606374562 -5.9416261575531324e-05 -1.315262283956263 -3.113330001434048e-05 5.264871521143191e-05 0.999999998129415 0.14792826465721248
-0.19430215244555335 -0.980941727874562 8.336305551563436e-06 1.3247384274991 0.9809417251844673 -0.19430215253217686 -7.289364787341435e-05 0.6469784982214268 7.312418300886349e-05 -5.985962731997801e-06 0.999999997308511 0.4242022004601625
1.0 0.0 0.0 0.0 0.0 1.0 0.0 0.0 0.0 0.0 1.0 0.0
0.9569984529363287 0.2900930204511999 2.3727048241740062e-05 1.0851883644936136 -0.2900930182959839 0.9569984514307678 -6.852034943680638e-05 -1.3154861276234298 -4.2584023554870495e-05 5.8690817366015646e-05 0.9999999973709947 0.1481488076700258
-0.1943058285002838 -0.9809409997502575 4.447898481517903e-06 1.325766760337915 0.9809409965972509 -0.19430582823587184 -7.942521128271095e-05 0.6466074373126484 7.877569875932574e-05 -1.1069655512857306e-05 0.9999999968359261 0.4243357839675025
1.0 0.0 0.0 0.0 0.0 1.0 0.0 0.0 0.0 0.0 1.0 0.0
0.9569992427274969 0.2900904034496866 8.511989379674222e-05 1.0850767824656535 -0.29009039568939116 0.9569992443635524 -9.282437137011549e-05 -1.3152220055098134 -0.00010838713338451431 6.414038943532129e-05 0.9999999920691199 0.14751771851343348
-0.194292270509427 -0.9809436849631156 2.347924139661256e-05 1.3251143815227757 0.9809436836657351 -0.19429227149895512 -5.20775827478553e-05 0.6476312191060352 5.564701106866718e-05 1.2913541750542808e-05 0.9999999983683252 0.42442601927533397
1.0 0.0 0.0 0.0 0.0 1.0 0.0 0.0 0.0 0.0 1.0 0.0
0.9570002392356521 0.29008712708096657 -2.836927739228352e-05 1.0848778204399503 -0.2900871284009348 0.9570002365429519 -7.206131824453322e-05 -1.31525122153622 6.2453443917460555e-06 7.719226101319079e-05 0.9999999970011754 0.14816481722268648
-0.19429804360944383 -0.9809425417148926 1.0171942690990639e-05 1.3246554762693457 0.9809425380641601 -0.19429804376651025 -8.488080478778898e-05 0.6467312325360446 8.523958095750046e-05 -6.514083029924494e-06 0.9999999963458902 0.4241460137973232
1.0 0.0 0.0 0.0 0.0 1.0 0.0 0.0 0.0 0.0 1.0 0.0
0.9570005233429257 0.2900861900922322 2.528119477162912e-05 1.0851906655853816 -0.2900861880927282 0.9570005222212014 -6.281860035354605e-05 -1.3152921285904575 -4.241692504230024e-05 5.278370799227591e-05 0.9999999977073424 0.1480977493365616
-0.19430476847042408 -0.9809412095847727 1.697107313138525e-05 1.3259814182035299 0.9809412072389305 -0.19430476918096198 -6.792762835391118e-05 0.6466546281151335 6.993057036925704e-05 3.4489628655896143e-06 0.99999999754891 0.4242254216936683
1.0 0.0 0.0 0.0 0.0 1.0 0.0 0.0 0.0 0.0 1.0 0.0
0.9569982787376611 0.2900935960581026 4.3856005397822e-06 1.085273656240112 -0.2900935950152336 0.9569982763806953 -7.166252440019352e-05 -1.3154141801867494 -2.4985851563376887e-05 6.730867787427443e-05 0.9999999974226246 0.1482873914939779
-0.19429131232042157 -0.9809438749692031 1.0826469325965506e-05 1.325897054121966 0.9809438725701727 -0.19429131260302804 -6.865876005794417e-05 0.6458694377799215 6.945387907811035e-05 -2.719641847095977e-06 0.9999999975843811 0.42401353531406777
1.0 0.0 0.0 0.0 0.0 1.0 0.0 0.0 0.0 0.0 1.0 0.0
0.9570004351336779 0.2900864811033979 2.5199197924101845e-05 1.0852300294667776 -0.2900864790810642 0.9570004339744831 -6.345867160044275e-05 -1.3152189516612198 -4.252414608924711e-05 5.342002973315925e-05 0.9999999976689987 0.1479941913605271
-0.1943090992210132 -0.9809403518305573 1.0510016927645594e-05 1.3260491772991574 0.9809403496721919 -0.19430909949112976 -6.511485099484156e-05 0.6468456933340581 6.591597676912703e-05 -2.3427083626553236e-06 0.999999997824798 0.4239321022416694
1.0 0.0 0.0 0.0 0.0 1.0 0.0 0.0 0.0 0.0 1.0 0.0
0.9569983809307381 0.2900932589415857 3.548995671073106e-06 1.0848722850989034 -0.29009325800341024 0.9569983786877556 -6.964174741839426e-05 -1.315165878312711 -2.3598984570171197e-05 6.561749980772627e-05 0.9999999975687158 0.14795016116079718
-0.19431061543122707 -0.9809400515231044 -6.970407542384312e-06 1.3255548108673212 0.9809400500764871 -0.1943106147456611 -5.6152489952108196e-05 0.6475912048737582 5.372780221217956e-05 -1.7748576804271352e-05 0.9999999983991557 0.4243523645195486
