1.0 0.0 0.0 0.0 0.0 1.0 0.0 0.0 0.0 0.0 1.0 0.0
0.95699944483415 0.2900897491769714 3.0936206837863173e-06 1.084980636683023 -0.2900897484095464 0.956999442977601 -6.331072304049095e-05 -1.3152885415278583 -2.132638503819314e-05 5.9690899155962075e-05 0.999999997991091 0.1480108068919611
-0.19430330258484277 -0.9809415000926623 7.618132859410006e-07 1.325407211600011 0.9809414982160111 -0.19430330226104398 -6.17104556374373e-05 0.6466614545447756 6.068236976155659e-05 -1.1243251068300023e-05 0.9999999980956197 0.4241212528563791
1.0 0.0 0.0 0.0 0.0 1.0 0.0 0.0 0.0 0.0 1.0 0.0
0.9569976359346121 0.29009571663360345 -2.529983656738523e-06 1.0848349231478545 -0.29009571631187375 0.9569976343827457 -5.6243491118896226e-05 -1.3152853513583054 -1.3894807487598533e-05 5.455882545865627e-05 0.9999999984151343 0.14808573009783194
-0.1942996052729528 -0.980942232434114 -4.236928354411688e-06 1.3254354538576636 0.9809422310396497 -0.19429960476206085 -5.433471494769505e-05 0.6469226332596323 5.24759830747991e-05 -1.4713395619684237e-05 0.9999999985148935 0.42419146556007786
1.0 0.0 0.0 0.0 0.0 1.0 0.0 0.0 0.0 0.0 1.0 0.0
0.9569971393762409 0.29009735471645576 -3.4938461779442135e-06 1.084957926862086 -0.2900973541636556 0.9569971366562771 -7.442400993854619e-05 -1.3154935665397405 -1.824660762236129e-05 7.223712014418047e-05 0.9999999972244299 0.1480426725349866
-0.1943014747112911 -0.9809418621189144 -8.227637083472268e-06 1.3253911158987863 0.9809418589713473 -0.19430147339857726 -8.217651159723876e-05 0.6465569612042639 7.901173830072308e-05 -2.4037851005573296e-05 0.9999999965896633 0.42429533129921015
1.0 0.0 0.0 0.0 0.0 1.0 0.0 0.0 0.0 0.0 1.0 0.0
0.9569998680668815 0.29008835282851086 -8.556401534379454e-06 1.0850209835070768 -0.2900883527327473 0.9569998657645359 -6.734583372060995e-05 -1.315167819761537 -1.1347766854046431e-05 6.693206641190872e-05 0.9999999976956632 0.1481291276005413
-0.19430117594445082 -0.9809419213098979 6.591678349725698e-06 1.3253078914535914 0.9809419193190342 -0.1943011759718304 -6.275869562734477e-05 0.6465725482279445 6.284340632257264e-05 -5.728034749221511e-06 0.999999998008948 0.4238692921239142
1.0 0.0 0.0 0.0 0.0 1.0 0.0 0.0 0.0 0.0 1.0 0.0
0.9569992145324321 0.29009050894966576 1.2772543331503414e-06 1.0847964916143829 -0.2900905084371907 0.9569992130856733 -5.5390018295198266e-05 -1.3152175508405732 -1.7290449989712863e-05 5.263768464253323e-05 0.9999999984651575 0.148023061832819
-0.1943018960211897 -0.980941778700833 1.3478835462790225e-06 1.32518470050789 0.980941776366537 -0.19430189565326533 -6.873434509120661e-05 0.6466145505271198 6.768628705976508e-05 -1.2033018292773929e-05 0.9999999976368865 0.4240917066059076
1.0 0.0 0.0 0.0 0.0 1.0 0.0 0.0 0.0 0.0 1.0 0.0
0.9569985991040096 0.2900925387596987 -1.639863227929379e-05 1.0849030834307865 -0.2900925392208838 0.9569985977930952 -5.010419076754713e-05 -1.3151906831131246 1.158616194758939e-06 5.270676125142576e-05 0.9999999986103276 0.14846093418880651
-0.1942969830202637 -0.9809427518408425 3.730182705218953e-07 1.3254820706177677 0.9809427503632796 -0.19429698274844437 -5.4814016666390186e-05 0.6469580916622051 5.384188867264401e-05 -1.0284288497278953e-05 0.9999999984976424 0.4243204124229981
1.0 0.0 0.0 0.0 0.0 1.0 0.0 0.0 0.0 0.0 1.0 0.0
0.9569989674029489 0.29009132418100775 4.959737800087621e-06 1.0848647673747616 -0.2900913232524731 0.956998965458844 -6.5454805718067e-05 -1.3152120282894766 -2.3734335208393185e-05 6.120140458233518e-05 0.9999999978455347 0.14797837827620397
-0.1943068244673765 -0.9809408024379013 -8.825539187824462e-06 1.3252197694019179 0.9809408013061559 -0.19430682378777225 -5.0619602352673475e-05 0.6470234743734953 4.7939970863117584e-05 -1.8493065671816642e-05 0.9999999986798829 0.42427930485043963
1.0 0.0 0.0 0.0 0.0 1.0 0.0 0.0 0.0 0.0 1.0 0.0
0.9570005608275719 0.2900860662724376 2.702397902626698e-05 1.0852097645668042 -0.29008606409259624 0.957000559674708 -6.481945182387183e-05 -1.3152801772759921 -4.466518285029391e-05 5.419297203612974e-05 0.9999999975340716 0.14811437541256633
-0.19430944409663167 -0.9809402834648531 1.4517241498424868e-05 1.3259098033371675 0.9809402811029013 -0.1943094446363029 -6.808003535715965e-05 0.6469209813864842 6.960328631475977e-05 1.0119531319676563e-06 0.9999999975771795 0.42420451492297684
1.0 0.0 0.0 0.0 0.0 1.0 0.0 0.0 0.0 0.0 1.0 0.0
0.956999196487311 0.2900905679400005 1.7745086257501024e-05 1.0849455561536328 -0.29009056616551687 0.956999194784112 -6.78552126770793e-05 -1.315255672121338 -3.666619044297675e-05 5.9789701890338114e-05 0.9999999975403909 0.1475708177966334
-0.1942976292200023 -0.9809426237211315 1.5703147554113525e-05 1.3253662040535037 0.9809426213169751 -0.19429762984371088 -6.870878448916035e-05 0.6465280972514915 7.045045968033356e-05 2.053932791822654e-06 0.999999997516257 0.42368711482555815
1.0 0.0 0.0 0.0 0.0 1.0 0.0 0.0 0.0 0.0 1.0 0.0
0.9569988348863923 0.29009176130181163 7.134494509735616e-06 1.0848765862451968 -0.2900917602045861 0.9569988329107805 -6.684914855444598e-05 -1.3151565768527735 -2.622009016490972e-05 6.190489920925203e-05 0.9999999977401453 0.14785024061775182
-0.19430556282149358 -0.9809410523807289 -3.287958005337857e-06 1.325294631686715 0.9809410508589647 -0.19430556233083796 -5.645356797676063e-05 0.647059957732028 5.473875385262115e-05 -1.419453527994429e-05 0.999999998401092 0.4240511702078392
1.0 0.0 0.0 0.0 0.0 1.0 0.0 0.0 0.0 0.0 1.0 0.0
0.9569996961277795 0.2900889180916877 -3.4809936253843555e-05 1.0849374918842365 -0.2900889196057074 0.9569996948945886 -5.190045367716665e-05 -1.3152328880490591 1.8257351918551332e-05 5.976669519736151e-05 0.9999999980473054 0.1477717137398113
-0.19430559254789662 -0.9809410461671403 -2.547796874576659e-05 1.3259496059654505 0.9809410456769238 -0.19430559125701877 -4.596219781930552e-05 0.6469896598220404 4.013569463183306e-05 -3.392309738528158e-05 0.9999999986191747 0.4241712339562725
1.0 0.0 0.0 0.0 0.0 1.0 0.0 0.0 0.0 0.0 1.0 0.0
0.957000202400831 0.2900872492959881 -2.0016394519590397e-05 1.0850962976225085 -0.2900872499668031 0.9570002008628675 -5.436109902498598e-05 -1.3152760288461585 3.3862318909341026e-06 5.783008361008419e-05 0.9999999983221075 0.14778542582103538
-0.19430052176703555 -0.9809420508956942 -5.060432857376802e-06 1.3259587340038292 0.9809420491816736 -0.19430052111623847 -6.034250810615379e-05 0.6465063558604242 5.8209258916582426e-05 -1.668857218661159e-05 0.9999999981665868 0.4238715574561066
1.0 0.0 0.0 0.0 0.0 1.0 0.0 0.0 0.0 0.0 1.0 0.0
0.9569931072746198 0.2901106557202234 -8.151699890937974e-06 1.0845346800667102 -0.2901106556600019 0.9569931053451276 -6.159880131217315e-05 -1.315525298313406 -1.0069348047781955e-05 6.13145232722301e-05 0.9999999980695689 0.1481061158981758
-0.19429535275876672 -0.9809430744933987 -2.2355869674515066e-05 1.3252621275407366 0.9809430734826116 -0.1942953512999934 -5.522409399980192e-05 0.646934404156025 4.982805100224776e-05 -3.2659620333368474e-05 0.9999999982252573 0.4246653547576633
1.0 0.0 0.0 0.0 0.0 1.0 0.0 0.0 0.0 0.0 1.0 0.0
0.9570005802301995 0.2900860031438813 -1.4801008909593528e-05 1.0851061313043529 -0.2900860034622562 0.9570005777581646 -6.903503307651729e-05 -1.315272637061721 -5.861522744190803e-06 7.03601322322336e-05 0.999999997507547 0.14804113138067337
-0.19430110044598708 -0.9809419361495565 1.6390201978588996e-05 1.324995639246068 0.9809419339160761 -0.19430110111091467 -6.6272737601227e-05 0.6465667599665007 6.819434182835257e-05 3.2009705806696405e-06 0.9999999976696428 0.4238766053346728
1.0 0.0 0.0 0.0 0.0 1.0 0.0 0.0 0.0 0.0 1.0 0.0
0.9570010388805746 0.2900844884208669 3.404562439910351e-05 1.0846777786440285 -0.29008448505243045 0.9570010371608011 -8.003134982651152e-05 -1.3150673777455477 -5.5797551032781824e-05 6.671397750487889e-05 0.9999999962179393 0.1473345496264737
-0.19431361151082102 -0.9809394580197653 9.028395478080331e-06 1.3245495381082453 0.9809394558655335 -0.194313611683454 -6.512114882507412e-05 0.6468318743667215 6.563424456715451e-05 -3.7976162663233622e-06 0.9999999978388623 0.4238050662012927
1.0 0.0 0.0 0.0 0.0 1.0 0.0 0.0 0.0 0.0 1.0 0.0
0.95699330616209 0.2901099975720122 -3.563313605437377e-05 1.0846433712945505 -0.29010999907858437 0.956993305114995 -4.8986759001035214e-05 -1.3154916094101985 1.9889124109429404e-05 5.721752952247399e-05 0.9999999981652886 0.1489466615767399
-0.1942979202009697 -0.9809425656062105 -3.445987434597487e-05 1.3246791512919351 0.9809425657776231 -0.19429791895032786 -3.656754265260054e-05 0.6472750981952364 2.9175177234843735e-05 -4.090815504157728e-05 0.999999998737666 0.4250757317596293
1.0 0.0 0.0 0.0 0.0 1.0 0.0 0.0 0.0 0.0 1.0 0.0
0.9569975069040538 0.29009614156678215 -2.0675859321754065e-05 1.0847555148114303 -0.29009614226575453 0.9569975054997041 -5.205643194815437e-05 -1.3151741164662765 4.685375743087413e-06 5.581586261997249e-05 0.9999999984313186 0.14854699546099398
-0.19429990125574442 -0.9809421736678956 -1.7079584774302346e-05 1.324849158400161 0.9809421731441523 -0.19429990044840922 -4.040997729399152e-05 0.647212693495975 3.6321289343287536e-05 -2.4605739602872855e-05 0.9999999990376608 0.4246103087066345
1.0 0.0 0.0 0.0 0.0 1.0 0.0 0.0 0.0 0.0 1.0 0.0
0.9570004758799748 0.2900863475537499 -1.1332600767674158e-05 1.0851309728921539 -0.2900863476254445 0.9570004734010276 -6.95092691290113e-05 -1.3152021146043638 -9.318385703241686e-06 6.980783640032415e-05 0.9999999975200169 0.1478859787779323
-0.19429857826204938 -0.9809424355546243 2.4769091886706143e-05 1.3250798761920741 0.9809424331662593 -0.19429857953891963 -6.930380213759045e-05 0.6466023970515928 7.27956398321016e-05 1.083142303917536e-05 0.9999999972917374 0.4235677849692357
1.0 0.0 0.0 0.0 0.0 1.0 0.0 0.0 0.0 0.0 1.0 0.0
0.9570002064187026 0.2900872363333646 -1.5199700556732201e-05 1.0850983131734533 -0.29008723672914616 0.957000204882606 -5.423558125955895e-05 -1.3152676911226335 -1.186933331570202e-06 5.631270159425278e-05 0.9999999984137355 0.14782110835265821
-0.19430209619887545 -0.9809417390138291 -8.558479706141158e-06 1.3257048834016287 0.9809417378247434 -0.1943020955122735 -5.170020737714594e-05 0.6465617678653267 4.905196079061002e-05 -1.844082862337812e-05 0.9999999986269204 0.42380849592574593
1.0 0.0 0.0 0.0 0.0 1.0 0.0 0.0 0.0 0.0 1.0 0.0
0.9569968076902017 0.2900984489054354 3.6637265777922243e-06 1.084827675432722 -0.29009844803739254 0.9569968056639278 -6.62973253388211e-05 -1.3153987422259577 -2.2738925879141695e-05 6.238348731339825e-05 0.9999999977956209 0.14787466135606347
-0.19430262533938367 -0.9809416341720301 -1.1581406841637487e-05 1.325082542161777 0.9809416329877032 -0.19430262448104138 -5.283177146379758e-05 0.6465900467386285 4.9574586491383104e-05 -2.162603603628177e-05 0.9999999985373375 0.42408522200776994
