1.0 0.0 0.0 0.0 0.0 1.0 0.0 0.0 0.0 0.0 1.0 0.0
0.9569986812590018 0.2900922665235429 3.117316204357326e-05 1.08483345615012 -0.2900922631410009 0.956998679115078 -8.389117298432358e-05 -1.3151794137226958 -5.4168855411888486e-05 7.124064878879266e-05 0.9999999959952526 0.1475397274679799
-0.1943074109560873 -0.9809406863044988 -2.9657276607028846e-08 1.3249325269268875 0.9809406849448654 -0.19430741068517549 -5.265663702239877e-05 0.6474947257381012 5.164727503061247e-05 -1.026066683870555e-05 0.9999999986136388 0.4241933399515711
1.0 0.0 0.0 0.0 0.0 1.0 0.0 0.0 0.0 0.0 1.0 0.0
0.9569979109102336 0.29009480952233524 1.2837938170174076e-06 1.0848744613057768 -0.29009480900230494 0.9569979094416599 -5.580509654550529e-05 -1.315240280940753 -1.7417356851778337e-05 5.303293889004675e-05 0.9999999984420715 0.14802514815523993
-0.19429759629878715 -0.9809426303669371 1.1437419393247661e-06 1.3253444921670718 0.9809426287285031 -0.19429759604139743 -5.758253711665359e-05 0.6468474072945574 5.6707391731717354e-05 -1.0066203326002676e-05 0.9999999983414716 0.4240081873561855
1.0 0.0 0.0 0.0 0.0 1.0 0.0 0.0 0.0 0.0 1.0 0.0
0.9569967820292639 0.29009853357994214 -6.329919948845687e-07 1.0847580617343144 -0.290098533175039 0.9569967805736028 -5.4967726904152394e-05 -1.3154550924211064 -1.5340285667873453e-05 5.278756781195028e-05 0.9999999984890745 0.14813385928180933
-0.19429862207351004 -0.9809424271604141 -7.547906955286947e-06 1.3251044987361844 0.9809424232062551 -0.1942986205853793 -9.161254752264841e-05 0.6465243529595248 8.840008681551263e-05 -2.5204253887154564e-05 0.999999995775085 0.4243142366232392
1.0 0.0 0.0 0.0 0.0 1.0 0.0 0.0 0.0 0.0 1.0 0.0
0.9569999043135152 0.2900882331212686 -1.2186140157683333e-05 1.0849995643343755 -0.2900882332765746 0.9569999020304187 -6.654504420796133e-05 -1.3152331689814134 -7.641799360227962e-06 6.721865680835451e-05 0.9999999977116276 0.1482101372910925
-0.1942996492955246 -0.9809422237168136 3.626185562388924e-06 1.3254682843225343 0.980942221445606 -0.19429964909492542 -6.743106292770765e-05 0.6464727472208518 6.68505433982142e-05 -9.544753357535176e-06 0.9999999977199513 0.4241502020400838
1.0 0.0 0.0 0.0 0.0 1.0 0.0 0.0 0.0 0.0 1.0 0.0
0.9569978508412836 0.2900950076851879 -1.1382392228966063e-06 1.0848599523016436 -0.29009500711573183 0.9569978487016355 -6.653544856085498e-05 -1.3152758745817321 -1.821230897398241e-05 6.4004478792966e-05 0.9999999977858693 0.14817642756133065
-0.1942922251049671 -0.9809436941373613 1.3996676140166093e-05 1.324652708108701 0.9809436918317841 -0.19429222560799422 -6.725861220969506e-05 0.6468217895442994 6.869635688191089e-05 6.621257426113074e-07 0.9999999976401861 0.4240429346965852
1.0 0.0 0.0 0.0 0.0 1.0 0.0 0.0 0.0 0.0 1.0 0.0
0.9569968767371169 0.2900982211238294 -4.023950283723943e-06 1.084693209427381 -0.2900982209412693 0.9569968754223691 -5.1366643311245815e-05 -1.3152347015719306 -1.1050464001313042e-05 5.032505803579489e-05 0.9999999986726377 0.14814771477566646
-0.1942989976118442 -0.9809423526886899 -1.5119865368556507e-05 1.3253017727129786 0.9809423521308279 -0.19429899688363692 -4.0075571846374274e-05 0.647146854499896 3.637405105819669e-05 -2.261835973700655e-05 0.9999999990826691 0.42454934147113194
1.0 0.0 0.0 0.0 0.0 1.0 0.0 0.0 0.0 0.0 1.0 0.0
0.9569975350951682 0.2900960487519573 -1.789620820926083e-05 1.0850116077366936 -0.2900960492531137 0.9569975319511945 -7.776282798135804e-05 -1.3154100874528245 -5.4320620495403205e-06 7.961045399805335e-05 0.9999999968163342 0.14829992867691838
-0.19429517833574939 -0.9809431092955386 -1.0392741238744571e-06 1.3251423904424273 0.9809431068190858 -0.19429517776972985 -7.127095239652532e-05 0.6461722891874744 6.971082369561304e-05 -1.486707119393973e-05 0.9999999974596854 0.424027259344417
1.0 0.0 0.0 0.0 0.0 1.0 0.0 0.0 0.0 0.0 1.0 0.0
0.9569959955108628 0.2901011281869635 9.073549877808849e-07 1.0847936186086784 -0.2901011272879308 0.9569959927821726 -7.579667262347367e-05 -1.3153485482975746 -2.285703532822477e-05 7.227388746891042e-05 0.9999999971270206 0.14781400182244864
-0.1943079543944861 -0.980940578578955 -1.2498576965753636e-05 1.3254511130161246 0.9809405765067541 -0.19430795310852703 -6.871222140938028e-05 0.6472728702006156 6.497403331777304e-05 -2.561169247826147e-05 0.9999999975612079 0.4241276657065946
1.0 0.0 0.0 0.0 0.0 1.0 0.0 0.0 0.0 0.0 1.0 0.0
0.9570007958444813 0.2900852922025417 8.916181527490657e-07 1.0848933208583222 -0.2900852915634412 0.9570007939312736 -6.350956735031302e-05 -1.315279839125968 -1.927647068253441e-05 6.0520061186186126e-05 0.99999999798287 0.1479943441594409
-0.19430536537026105 -0.9809410914908776 3.607669607839884e-06 1.3254810435882538 0.9809410880694861 -0.19430536499738976 -8.288717779764048e-05 0.646371189441062 8.200842821936125e-05 -1.256651201596398e-05 0.9999999965583501 0.4243051224284746
1.0 0.0 0.0 0.0 0.0 1.0 0.0 0.0 0.0 0.0 1.0 0.0
0.9569991403350571 0.2900907537254411 9.836245405664402e-07 1.0849834761126727 -0.2900907529861161 0.9569991381274023 -6.823017514686231e-05 -1.3152850333480401 -2.073427077274004e-05 6.50108785768305e-05 0.9999999976718377 0.1479771124744917
-0.19430499157801562 -0.9809411655382084 6.391351866799203e-07 1.3255428323717466 0.9809411631334191 -0.19430499114721625 -6.989803850973826e-05 0.6468609940720413 6.86900505213734e-05 -1.2954583770530912e-05 0.9999999975569279 0.4241386891209734
1.0 0.0 0.0 0.0 0.0 1.0 0.0 0.0 0.0 0.0 1.0 0.0
0.9569979940466633 0.2900945352534919 -2.592786150996085e-06 1.0848792771091604 -0.29009453486780684 0.9569979922301186 -6.088803340469207e-05 -1.3152262225699278 -1.5181994612235877e-05 5.902187892221622e-05 0.9999999981429626 0.14827433893516806
-0.19429310900274335 -0.9809435190783925 1.3120511281909078e-05 1.3247242082683295 0.9809435169993372 -0.19429310944520597 -6.38677111775391e-05 0.647186579808734 6.519984229245754e-05 4.614243121344147e-07 0.9999999978743838 0.42409670740245475
1.0 0.0 0.0 0.0 0.0 1.0 0.0 0.0 0.0 0.0 1.0 0.0
0.9570004634794959 0.2900863886837499 6.70862653930989e-07 1.0849034046273975 -0.2900863879889745 0.9570004613424485 -6.703618736378615e-05 -1.3152101626430954 -2.0088301372795068e-05 6.395905425293278e-05 0.9999999977528498 0.14785287027348726
-0.19430897506987607 -0.9809403764792394 -2.4773868797091715e-07 1.3254871345038368 0.9809403735662021 -0.19430897447337342 -7.711618157068068e-05 0.6465424585413388 7.559823833218293e-05 -1.5227383083428283e-05 0.9999999970265167 0.42397906553638903
1.0 0.0 0.0 0.0 0.0 1.0 0.0 0.0 0.0 0.0 1.0 0.0
0.957000375718737 0.2900866743356154 4.740358332790739e-05 1.0852250197448279 -0.29008667057752835 0.9570003752483741 -7.299120472991732e-05 -1.3152246736123363 -6.653902286877828e-05 5.610146268965514e-05 0.9999999962125922 0.1476745009634014
-0.19430605177144633 -0.9809409551602116 2.7099137630911445e-05 1.3256831948175578 0.9809409525826992 -0.19430605325574563 -7.221026250414829e-05 0.6469259040527788 7.609953035288917e-05 1.2551762877273235e-05 0.9999999970256572 0.42370647570206055
1.0 0.0 0.0 0.0 0.0 1.0 0.0 0.0 0.0 0.0 1.0 0.0
0.9569974126215334 0.29009645292252406 -1.540975388975503e-05 1.0848339918023844 -0.29009645333176204 0.9569974112430766 -5.1365191365464674e-05 -1.3152490769409217 -1.5376523842348478e-07 5.362667018569373e-05 0.9999999985620782 0.14817861851260783
-0.19429758029446656 -0.9809426333583374 -1.875435122345245e-05 1.3252264751688023 0.980942632904328 -0.19429757944652568 -3.964777513493719e-05 0.6473484463810308 3.524826790085783e-05 -2.6100409440323982e-05 0.9999999990381642 0.42456123495104225
1.0 0.0 0.0 0.0 0.0 1.0 0.0 0.0 0.0 0.0 1.0 0.0
0.9569986547635515 0.29009235519559373 -1.5421583735238305e-05 1.0848728225225637 -0.29009235560361046 0.9569986532128094 -5.449051424165787e-05 -1.3151591272512293 -1.048846747144369e-06 5.6621032379527864e-05 0.9999999983964791 0.14822118984167498
-0.19429332402905686 -0.9809434765722957 2.8278654767753564e-06 1.3254248782327034 0.9809434750507646 -0.19429332388685447 -5.521165203909391e-05 0.6464938651717973 5.47089452815103e-05 -7.953279212051656e-06 0.9999999984718383 0.42391726680172115
1.0 0.0 0.0 0.0 0.0 1.0 0.0 0.0 0.0 0.0 1.0 0.0
0.9570015080727585 0.29008294230776066 -1.1337482820549341e-05 1.0850245961893954 -0.2900829424550923 0.9570015062128399 -6.002457795517663e-05 -1.3152575131635205 -6.562118048087074e-06 6.073242200115303e-05 0.9999999981342558 0.14786408975887766
-0.1943082044627363 -0.980940529123917 -7.4620389106022e-07 1.3255150065518935 0.9809405265051793 -0.19430820388830775 -7.322185834574261e-05 0.6464496871183563 7.168129493130561e-05 -1.4959589460361782e-05 0.9999999973190012 0.4240168224925263
1.0 0.0 0.0 0.0 0.0 1.0 0.0 0.0 0.0 0.0 1.0 0.0
0.9569972315216853 0.29009705070877645 5.468080338565964e-06 1.0851648396143787 -0.29009705004913916 0.9569972303254477 -5.1982782518860403e-05 -1.3154391439450959 -2.031298963555426e-05 4.816110498167476e-05 0.9999999986339454 0.14875521684039628
-0.19429678745739515 -0.9809427905566033 6.225733006926525e-06 1.325411760883795 0.9809427886229288 -0.19429678746709644 -6.187599455599106e-05 0.6468785384957316 6.190645069111656e-05 -5.9152190659285435e-06 0.9999999980663008 0.4245615730688192
1.0 0.0 0.0 0.0 0.0 1.0 0.0 0.0 0.0 0.0 1.0 0.0
0.9569989499744278 0.2900913806173279 2.528584183780816e-05 1.0852137678493028 -0.29009137828453496 0.9569989484210933 -7.046914144665261e-05 -1.3154541139158584 -4.46410145819005e-05 6.010368966023163e-05 0.9999999971973631 0.14810512910734647
-0.19430704097451823 -0.9809407595911386 6.976746171422574e-07 1.3256129568201582 0.9809407572490766 -0.1943070405596488 -6.896781583793062e-05 0.6469271005816541 6.778890474553664e-05 -1.2716554750691573e-05 0.9999999976214767 0.42451169134582234
1.0 0.0 0.0 0.0 0.0 1.0 0.0 0.0 0.0 0.0 1.0 0.0
0.9569945246757625 0.2901059796062292 -1.8366316489045295e-05 1.0847574323047908 -0.29010598018441736 0.9569945230442374 -5.5897864346926576e-05 -1.3154623579712137 1.3601595942459846e-06 5.882212836851456e-05 0.9999999982690535 0.14805916205277275
-0.1942930099271702 -0.9809435384774872 -2.475292283537668e-05 1.3250848931088788 0.9809435378403191 -0.19429300856701287 -4.890089154602828e-05 0.6469456392611264 4.315969373935723e-05 -3.378232110462203e-05 0.9999999984979976 0.42436374697142965
1.0 0.0 0.0 0.0 0.0 1.0 0.0 0.0 0.0 0.0 1.0 0.0
0.9570014399028303 0.2900831549625067 8.503475141576227e-05 1.085237076814972 -0.29008314720618633 0.9570014415287279 -9.283798981334517e-05 -1.315229121661912 -0.00010830911667036309 6.417894161648117e-05 0.9999999920750995 0.14751716706859425
-0.1943057162960798 -0.9809410210969077 4.1761502955199484e-05 1.3253829890891677 0.9809410187919022 -0.1943057189228449 -7.242500652479873e-05 0.6473565218595647 7.915915870839574e-05 2.6892978484605714e-05 0.9999999965052977 0.4241125585663539
