1656601304.6405914 3.933969784568701 53.110551610198605 0.5537748741532618
1656601304.7405913 3.828139783657929 53.15736375714824 0.5529730853671377
1656601304.8405914 3.722309782747157 53.20417590409787 0.5521712965810137
1656601304.9405913 3.6163195036931075 53.2502601999509 0.5511798391180818
1656601305.0405915 3.5094444467190495 53.292326564436806 0.5491413601840628
1656601305.1405914 3.402569389744992 53.33439292892272 0.5471028812500439
1656601305.2405913 3.295694332770934 53.37645929340862 0.5450644023160249
1656601305.3405914 3.189677406576307 53.417761612483176 0.5429490191905025
1656601305.4405913 3.087965187209138 53.455231192332434 0.5404478557082322
1656601305.5405915 2.986252967841969 53.492700772181685 0.5379466922259619
1656601305.6405914 2.8845407484748002 53.53017035203094 0.5354455287436916
1656601305.7405913 2.7828216054028267 53.56737927192495 0.5331977214179036
1656601305.8405914 2.6810677056672354 53.60327969143673 0.5322217497573937
1656601305.9405913 2.579313805931644 53.639180110948516 0.5312457780968837
1656601306.0405915 2.4775599061960523 53.6750805304603 0.5302698064363738
1656601306.1405914 2.375570155441208 53.709733685601016 0.5292919729564244
1656601306.2405913 2.272396109557176 53.73812386539341 0.528304790593012
1656601306.3405914 2.1692220636731436 53.76651404518581 0.5273176082295998
1656601306.4405913 2.066048017789112 53.79490422497821 0.5263304258661876
1656601306.5405915 1.9624898378907056 53.8229685548431 0.5253223058997886
1656601306.6405914 1.8569818239110198 53.849378896073134 0.5242079083053834
1656601306.7405913 1.751473809931334 53.875789237303174 0.5230935107109783
1656601306.8405914 1.6459657959516483 53.902199578533214 0.5219791131165732
1656601306.9405913 1.540386258543912 53.92622865089309 0.5209136528355045
1656601307.0405915 1.4344748039964956 53.939207023171335 0.520075294827202
1656601307.1405914 1.3285633494490794 53.952185395449575 0.5192369368188995
1656601307.2405913 1.222651894901663 53.96516376772782 0.5183985788105969
1656601307.3405914 1.117244788993008 53.97744636213103 0.5173789047255737
1656601307.4405913 1.014199300827408 53.986470969402696 0.5155102162267577
1656601307.5405915 0.911153812661808 53.99549557667435 0.5136415277279418
1656601307.6405914 0.808108324496208 54.00452018394601 0.511772839229126
1656601307.7405913 0.7063132828299495 54.012236564036506 0.5104667871824542
1656601307.8405914 0.6104409544601487 54.01375655385782 0.511825650746279
1656601307.9405913 0.5145686260903478 54.01527654367912 0.5131845143101037
1656601308.0405915 0.418696297720547 54.016796533500425 0.5145433778739285
1656601308.1405914 0.32347477620903664 54.017559314419046 0.515875363965907
1656601308.2405913 0.23134861731124273 54.01472066413224 0.5170795156313668
1656601308.3405914 0.13922245841344882 54.01188201384543 0.5182836672968265
1656601308.4405913 0.047096299515654916 54.009043363558625 0.5194878189622864
1656601308.5405915 -0.04836802758611941 54.00541301873689 0.5205043697062268
1656601308.6405914 -0.15984032575142987 53.99798615365855 0.520621292288952
1656601308.7405913 -0.2713126239167403 53.990559288580215 0.5207382148716774
1656601308.8405914 -0.3827849220820508 53.983132423501885 0.5208551374544027
1656601308.9405913 -0.49543729319064994 53.97436684501274 0.521158256357333
1656601309.0405915 -0.6137526378919315 53.95917700373822 0.5223549004023926
1656601309.1405914 -0.7320679825932129 53.9439871624637 0.5235515444474523
1656601309.2405913 -0.8503833272944945 53.92879732118918 0.524748188492512
1656601309.3405914 -0.9663465946632203 53.9138003693102 0.5259308785778941
1656601309.4405913 -1.0710334863159336 53.89972817159028 0.5270466703135183
1656601309.5405915 -1.1757203779686471 53.88565597387037 0.5281624620491425
1656601309.6405914 -1.2804072696213606 53.87158377615046 0.5292782537847667
1656601309.7405913 -1.3846450870832065 53.85652650639048 0.5301883884572481
1656601309.8405914 -1.4867243098467375 53.83673422552014 0.5301099776840119
1656601309.9405913 -1.5888035326102683 53.81694194464979 0.5300315669107758
1656601310.0405915 -1.6908827553737993 53.79714966377945 0.5299531561375397
1656601310.1405914 -1.793893198179587 53.77690446822369 0.5299039142580292
1656601310.2405913 -1.9013808019303995 53.7544817293925 0.5299949118771035
1656601310.3405914 -2.0088684056812123 53.73205899056131 0.5300859094961776
1656601310.4405913 -2.116356009432025 53.709636251730124 0.5301769071152518
1656601310.5405915 -2.223131570667492 53.68647704608111 0.5303890546825963
1656601310.6405914 -2.3264802804214106 53.65977344195673 0.5311842613661766
1656601310.7405913 -2.4298289901753294 53.63306983783236 0.5319794680497567
1656601310.8405914 -2.5331776999292486 53.60636623370798 0.532774674733337
1656601310.9405913 -2.635140601519602 53.57837037342069 0.533539904473471
1656601311.0405912 -2.7304529036525147 53.54417287688825 0.5341612725673397
1656601311.1405914 -2.8257652057854274 53.50997538035581 0.5347826406612083
1656601311.2405913 -2.92107750791834 53.47577788382337 0.535404008755077
1656601311.3405914 -3.018142094841523 53.440619468642375 0.5359361697469609
1656601311.4405913 -3.122921561611713 53.40123036450174 0.5360755737639893
1656601311.5405912 -3.2277010283819028 53.36184126036111 0.5362149777810176
1656601311.6405914 -3.3324804951520925 53.32245215622048 0.536354381798046
1656601311.7405913 -3.4373343923899156 53.28220605852585 0.5364942484221142
1656601311.8405914 -3.5425453726641134 53.23784850123485 0.5366363344212816
1656601311.9405913 -3.6477563529383112 53.19349094394386 0.5367784204204489
1656601312.0405912 -3.752967333212509 53.149133386652856 0.5369205064196162
1656601359.8410892 -12.473604925223446 59.970117070503335 0.41265947316235874
1656601359.9410892 -12.44000451018912 60.06950733755196 0.4138537331310526
1656601360.0410893 -12.406404095154794 60.16889760460059 0.41504799309974644
1656601360.1410892 -12.372742040414451 60.26950888993942 0.416279340464621
1656601360.2410893 -12.338794258179924 60.37578013894373 0.41768260443100386
1656601360.3410892 -12.304846475945396 60.482051387948054 0.4190858683973867
1656601360.4410892 -12.270898693710867 60.58832263695237 0.4204891323637695
1656601360.5410893 -12.235464360492786 60.69492130532919 0.4220803172517687
1656601360.6410892 -12.193126868618146 60.80304042466976 0.4245441583427213
1656601360.7410893 -12.150789376743505 60.91115954401034 0.42700799943367396
1656601360.8410892 -12.108451884868865 61.01927866335092 0.42947184052462656
1656601360.9410892 -12.065357711020294 61.127502549577734 0.4317417332227074
1656601361.0410893 -12.01875048259821 61.23621283802048 0.43311117987862435
1656601361.1410892 -11.972143254176125 61.34492312646322 0.43448062653454134
1656601361.2410893 -11.925536025754038 61.453633414905966 0.43585007319045826
1656601361.3410892 -11.878928797331954 61.56234370334871 0.43721951984637525
1656601361.4410892 -11.832321568909869 61.67105399179145 0.43858896650229223
1656601361.5410893 -11.785714340487784 61.7797642802342 0.43995841315820916
1656601361.6410892 -11.7391071120657 61.88847456867694 0.44132785981412614
1656601361.7410893 -11.692320296884107 61.99602963016085 0.44245991631041887
1656601361.8410892 -11.644696706971141 62.09820197450676 0.4424858662786192
1656601361.9410892 -11.597073117058173 62.20037431885266 0.44251181624681957
1656601362.0410893 -11.549449527145207 62.30254666319857 0.4425377662150199
1656601362.1410892 -11.50182593723224 62.40471900754448 0.4425637161832202
1656601362.2410893 -11.454202347319272 62.50689135189039 0.44258966615142054
1656601362.3410892 -11.406578757406306 62.6090636962363 0.44261561611962086
1656601362.4410892 -11.35895516749334 62.71123604058221 0.44264156608782124
1656601362.5410893 -11.310746524509886 62.812841164257186 0.4426572284136229
1656601362.6410892 -11.259816863202888 62.9118082061633 0.44262504403134834
1656601362.7410893 -11.208887201895891 63.01077524806941 0.44259285964907374
1656601362.8410892 -11.157957540588892 63.109742289975514 0.44256067526679915
1656601362.9410892 -11.106480646530297 63.20893691549914 0.4425953603720136
1656601363.0410893 -11.052464520273993 63.30918755904722 0.4429403287254085
1656601363.1410892 -10.998448394017691 63.4094382025953 0.4432852970788035
1656601363.2410893 -10.944432267761387 63.509688846143376 0.44363026543219847
1656601363.3410892 -10.889935388223858 63.6092640675696 0.44403687523787894
1656601363.4410892 -10.833198074816107 63.70569164828779 0.44473075005641205
1656601363.5410893 -10.776460761408353 63.80211922900598 0.44542462487494516
1656601363.6410892 -10.719723448000602 63.89854680972417 0.4461184996934783
1656601363.7410893 -10.66187040538735 63.99369920350676 0.44693457729327896
1656601363.8410892 -10.598741667741926 64.0828219107417 0.4483284874019652
1656601363.9410892 -10.535612930096503 64.17194461797664 0.44972239751065146
1656601364.0410893 -10.472484192451079 64.26106732521157 0.45111630761933774
1656601364.1410892 -10.408453712682292 64.34963866297379 0.45274630831934365
1656601364.2410893 -10.340516107657184 64.43582099224163 0.4553992572528036
1656601364.3410892 -10.272578502632076 64.52200332150947 0.45805220618626363
1656601364.4410892 -10.204640897606966 64.60818565077732 0.4607051551197236
1656601364.5410893 -10.136018857901059 64.69456876496811 0.46351782445073686
1656601364.6410892 -10.064170112665261 64.78189846155658 0.4670834811806641
1656601364.7410893 -9.992321367429463 64.86922815814505 0.4706491379105914
1656601364.8410892 -9.920472622193664 64.95655785473352 0.47421479464051863
1656601364.9410892 -9.848175445122736 65.04330377940754 0.47783784977516347
1656601365.0410893 -9.773932631732334 65.12751686017961 0.4817099425832069
1656601365.1410892 -9.699689818341934 65.21172994095167 0.4855820353912503
1656601365.2410893 -9.625447004951532 65.29594302172373 0.4894541281992937
1656601365.3410892 -9.5502495582556 65.3797791797825 0.4931776616415939
1656601365.4410892 -9.470534744291912 65.46183172279484 0.4961982055566675
1656601365.5410893 -9.390819930328222 65.5438842658072 0.4992187494717411
1656601365.6410892 -9.311105116364532 65.62593680881955 0.5022392933868147
1656601365.7410893 -9.231390302400841 65.7079893518319 0.5052598373018883
1656601365.8410892 -9.151675488437151 65.79004189484424 0.508280381216962
1656601365.9410892 -9.071960674473463 65.87209443785659 0.5113009251320355
1656601366.0410893 -8.992245860509772 65.95414698086894 0.5143214690471092
1656601366.1410892 -8.911401121673247 66.0353340524524 0.5172280536256587
1656601366.2410893 -8.825173407931485 66.1123980083359 0.5195917346329402
1656601366.3410892 -8.738945694189724 66.18946196421942 0.5219554156402216
1656601366.4410892 -8.65271798044796 66.26652592010294 0.5243190966475031
1656601366.5410893 -8.56537344787316 66.34412606139723 0.5265199886556231
1656601366.6410892 -8.47312610343078 66.42408004569404 0.5280062402821615
1656601366.741089 -8.380878758988398 66.50403402999085 0.5294924919086998
1656601366.8410892 -8.288631414546018 66.58398801428766 0.5309787435352382
1656601366.9410892 -8.196409534766328 66.66272156974239 0.5324231226761311
1656601367.0410893 -8.104308799309955 66.7356491175536 0.5336682997305672
1656601367.1410892 -8.012208063853581 66.80857666536481 0.5349134767850033
1656601367.241089 -7.920107328397209 66.88150421317602 0.5361586538394394
1656601367.3410892 -7.828963654474996 66.95381151496758 0.5372571707711251
1656601367.4410892 -7.742010731940837 67.02340290270871 0.5377134969020617
1656601367.5410893 -7.655057809406679 67.09299429044984 0.5381698230329984
1656601367.6410892 -7.56810488687252 67.16258567819098 0.538626149163935
1656601367.741089 -7.4801145367201745 67.2321486085685 0.5389343552877016
1656601367.8410892 -7.387176554256558 67.3015758219387 0.5385361571085825
1656601367.9410892 -7.294238571792943 67.3710030353089 0.5381379589294634
1656601368.0410893 -7.2013005893293265 67.44043024867909 0.5377397607503441
1656601368.1410892 -7.1072003220873485 67.51010902614716 0.5372745931721494
1656601368.241089 -7.008011094135611 67.5808892546829 0.5365162060259134
1656601368.3410892 -6.908821866183874 67.65166948321864 0.5357578188796775
1656601368.4410892 -6.809632638232135 67.72244971175436 0.5349994317334416
1656601368.5410893 -6.7110406616177745 67.79214666088083 0.53421747503318
1656601368.6410892 -6.615265957123676 67.85673371290501 0.5333243392642613
1656601368.741089 -6.519491252629577 67.92132076492919 0.5324312034953427
1656601368.8410892 -6.423716548135479 67.98590781695337 0.531538067726424
1656601368.9410892 -6.329546681014787 68.04945772708216 0.5306073430506035
1656601369.0410893 -6.242889443414351 68.10815252668748 0.5295006556658484
1656601369.1410892 -6.156232205813915 68.1668473262928 0.5283939682810932
1656601369.241089 -6.06957496821348 68.22554212589812 0.5272872808963379
1656601369.3410892 -5.982812868125229 68.2841676994306 0.5262609786424772
1656601369.4410892 -5.895560724349492 68.34246976547527 0.5256103324195074
1656601369.5410893 -5.808308580573756 68.40077183151995 0.5249596861965377
1656601369.6410892 -5.72105643679802 68.45907389756462 0.5243090399735679
1656601369.741089 -5.634133447590571 68.51763802107713 0.5238884202471169
1656601369.8410892 -5.548748952624858 68.57742702172676 0.5245429623881805
1656601369.9410892 -5.463364457659144 68.63721602237639 0.5251975045292441
1656601370.0410893 -5.377979962693431 68.69700502302602 0.5258520466703077
1656601370.1410892 -5.292720519863249 68.7562652489145 0.5267696396679526
1656601370.241089 -5.208099265205707 68.81282693793175 0.5290296803155928
1656601370.3410892 -5.123478010548165 68.86938862694899 0.5312897209632331
1656601370.4410892 -5.038856755890624 68.92595031596623 0.5335497616108734
1656601370.5410893 -4.952904083281774 68.98346010651919 0.5359195622360046
1656601370.6410892 -4.861233245833855 69.04504179715435 0.5387607592723147
1656601370.741089 -4.769562408385935 69.10662348778952 0.5416019563086248
1656601370.8410892 -4.677891570938016 69.16820517842469 0.5444431533449349
1656601370.9410892 -4.585304769871615 69.22984132894108 0.5474729458787853
1656601371.0410893 -4.488439478548823 69.29173186300125 0.5513836729632486
1656601371.1410892 -4.391574187226032 69.3536223970614 0.555294400047712
1656601371.241089 -4.2947088959032405 69.41551293112157 0.5592051271321754
1656601371.3410892 -4.197872358462607 69.47742172009842 0.5628598492311164
1656601371.4410892 -4.1011718701169055 69.53941688227808 0.5653032828373903
1656601371.5410893 -4.004471381771204 69.60141204445773 0.5677467164436641
1656601371.6410892 -3.9077708934255013 69.66340720663739 0.570190150049938
1656601371.741089 -3.811322483606022 69.72445782357508 0.5726447835852443
1656601371.8410892 -3.7160705333738386 69.7810252731946 0.5751525762002572
1656601371.9410892 -3.6208185831416557 69.83759272281412 0.5776603688152699
1656601372.0410893 -3.525566632909473 69.89416017243364 0.5801681614302828
1656601372.1410892 -3.430030117769526 69.95104405880981 0.5825033962260122
1656601372.241089 -3.3331480556823707 70.00942419612998 0.5840227024212022
1656601372.3410892 -3.236265993595215 70.06780433345017 0.5855420086163923
1656601372.4410892 -3.1393839315080596 70.12618447077035 0.5870613148115823
1656601372.5410893 -3.042501869420904 70.18456460809053 0.5885806210067723
1656601372.6410892 -2.945619807333748 70.24294474541071 0.5900999272019624
1656601372.741089 -2.8487377452465927 70.3013248827309 0.5916192333971524
1656601372.8410892 -2.751855683159437 70.35970502005107 0.5931385395923425
1656601372.9410892 -2.655803962998685 70.41768518375486 0.5946794518900181
1656601373.0410893 -2.5636738413797717 70.47377632330969 0.5963224070417378
1656601373.1410892 -2.4715437197608585 70.52986746286454 0.5979653621934574
1656601373.241089 -2.379413598141945 70.5859586024194 0.599608317345177
1656601373.3410892 -2.2878237132004036 70.64188301020519 0.6011614480764595
1656601373.4410892 -2.1987950895360604 70.697016942924 0.6022887213651646
1656601373.5410893 -2.1097664658717172 70.7521508756428 0.6034159946538697
1656601373.6410892 -2.0207378422073745 70.8072848083616 0.6045432679425747
1656601373.741089 -1.9303041420325178 70.86229802602024 0.605862863140233
1656601373.8410892 -1.8332113597258783 70.91673913853431 0.608093929975113
1656601373.9410892 -1.7361185774192387 70.97118025104837 0.6103249968099932
1656601374.0410893 -1.639025795112599 71.02562136356244 0.6125560636448734
1656601374.1410892 -1.5411897610419658 71.08053955338289 0.6149015079775983
1656601374.241089 -1.439847490143333 71.13770832114011 0.6177865199436152
1656601374.3410892 -1.3385052192447 71.19487708889734 0.6206715319096321
1656601374.4410892 -1.237162948346067 71.25204585665456 0.6235565438756488
1656601374.5410893 -1.1351819202759783 71.30927587107801 0.626281977831341
1656601374.6410892 -1.03019250277772 71.36679434226008 0.6282558385434247
1656601374.741089 -0.9252030852794614 71.42431281344214 0.6302296992555083
1656601374.8410892 -0.8202136677812029 71.48183128462419 0.632203559967592
1656601374.9410892 -0.7160104149838935 71.53926573415853 0.634025317298164
1656601375.0410893 -0.6154803267367961 71.59630761285186 0.6351364083418097
1656601375.1410892 -0.5149502384896987 71.65334949154517 0.6362474993854556
1656601375.241089 -0.41442015024260137 71.7103913702385 0.6373585904291013
1656601375.3410892 -0.31416484042190623 71.76640676428367 0.6383949749785979
1656601375.4410892 -0.21519631037625636 71.81761515909703 0.6390815110811321
1656601375.5410893 -0.11622778033060649 71.86882355391039 0.6397680471836663
1656601375.6410892 -0.017259250284956618 71.92003194872375 0.6404545832862005
1656601375.741089 0.08127947255332023 71.97175149278304 0.6411108489862949
1656601375.8410892 0.1778115140444313 72.02585748741787 0.6416257884105494
1656601375.9410892 0.27434355553554235 72.0799634820527 0.642140727834804
1656601376.0410893 0.3708755970266534 72.13406947668753 0.6426556672590585
1656601376.1410892 0.46774226920601353 72.18751932288792 0.6431707611496448
1656601376.241089 0.5661575796586148 72.23793257796211 0.6436865698953878
1656601376.3410892 0.6645728901112161 72.2883458330363 0.6442023786411308
1656601376.4410892 0.7629882005638174 72.33875908811049 0.6447181873868739
1656601376.5410893 0.861646316487838 72.38941745618756 0.6452898480021269
1656601376.6410892 0.9615089056751477 72.44129174438669 0.6461385702632153
1656601376.741089 1.0613714948624575 72.49316603258583 0.6469872925243039
1656601376.8410892 1.1612340840497672 72.54504032078498 0.6478360147853924
1656601376.9410892 1.2616325080669393 72.59645797685373 0.6487661318134348
1656601377.0410893 1.3646739065214484 72.64562332123869 0.6500977238416129
1656601377.1410892 1.4677153049759575 72.69478866562365 0.651429315869791
1656601377.241089 1.5707567034304666 72.74395401000861 0.6527609078979691
1656601377.3410892 1.6737625115117596 72.79341476371368 0.6540439417942073
1656601377.4410892 1.7765921238794598 72.8443379874987 0.655086581057436
1656601377.5410893 1.87942173624716 72.89526121128372 0.6561292203206648
1656601377.6410892 1.9822513486148599 72.94618443506874 0.6571718595838935
1656601377.741089 2.0856339969635513 72.99576390264114 0.6581660837430404
1656601377.8410892 2.1917401910883108 73.03872575095775 0.6589218772091551
1656601377.9410892 2.2978463852130697 73.08168759927436 0.6596776706752697
1656601378.0410893 2.4039525793378287 73.12464944759097 0.6604334641413843
1656601378.1410892 2.5104794892281035 73.16754014763089 0.6611682620015653
1656601378.241089 2.6190756113215015 73.21008091811166 0.6617997968809626
1656601378.3410892 2.7276717334149 73.25262168859243 0.6624313317603598
1656601378.4410892 2.836267855508298 73.2951624590732 0.6630628666397571
1656601378.5410893 2.946110722035641 73.33612912957629 0.6636175035852129
1656601378.6410892 3.0620410113725853 73.36941001312279 0.6637966744573169
1656601378.741089 3.177971300709529 73.40269089666927 0.6639758453294211
1656601378.8410892 3.293901590046473 73.43597178021577 0.6641550162015253
1656601378.9410892 3.410400263155185 73.468861099826 0.6642125412462382
1656601379.041089 3.529940878776116 73.49965480192726 0.6636190279746662
1656601379.1410892 3.649481494397048 73.53044850402853 0.6630255147030942
1656601379.241089 3.7690221100179793 73.56124220612979 0.6624320014315223
1656601379.3410892 3.8876967586579645 73.59004278097194 0.6617365005852662
1656601379.4410892 4.002146915330987 73.60912017897198 0.6605434684249273
1656601379.541089 4.1165970720040095 73.628197576972 0.6593504362645882
1656601379.6410892 4.231047228677032 73.64727497497202 0.6581574041042493
1656601379.741089 4.3453229971898395 73.66544953415891 0.6568944672870534
1656601379.8410892 4.458748291537869 73.67922103591017 0.6552906122298737
1656601379.9410892 4.572173585885899 73.69299253766144 0.653686757172694
1656601380.041089 4.685598880233928 73.7067640394127 0.6520829021155142
1656601380.1410892 4.800481019570536 73.71900007561041 0.65053771645299
1656601380.241089 4.922471339818241 73.72374432852097 0.6492787881990614
1656601380.3410892 5.044461660065947 73.72848858143152 0.6480198599451328
1656601380.4410892 5.166451980313652 73.73323283434208 0.6467609316912042
1656601380.541089 5.2883676781500615 73.73659827353474 0.645416600384551
1656601380.6410892 5.409947830100869 73.73376376204214 0.6436882471404944
1656601380.741089 5.531527982051677 73.73092925054955 0.6419598938964379
1656601380.8410892 5.653108134002484 73.72809473905696 0.6402315406523814
1656601380.9410892 5.769600343346164 73.72440493327468 0.6383613004856394
1656601381.041089 5.861235841612861 73.71653665994945 0.6357978838200405
1656601381.1410892 5.952871339879558 73.70866838662423 0.6332344671544415
1656601381.241089 6.044506838146256 73.70080011329898 0.6306710504888426
1656601381.3410892 6.133760525124497 73.69113357926756 0.6281136945379844
1656601381.4410892 6.211337951253041 73.67265150171127 0.6255860497932956
1656601381.541089 6.288915377381586 73.65416942415499 0.6230584050486069
1656601381.6410892 6.3664928035101305 73.6356873465987 0.6205307603039181
1656601381.741089 6.444117889981889 73.61598289945721 0.6180188675106246
1656601381.8410892 6.521956645487507 73.59079837158862 0.6155775932653538
1656601381.9410892 6.599795400993126 73.56561384372003 0.6131363190200829
1656601382.041089 6.677634156498744 73.54042931585144 0.6106950447748121
1656601382.1410892 6.754322633150531 73.51540452378443 0.6081750465301664
1656601382.241089 6.82539121447145 73.49116014985901 0.6052704279519037
1656601382.3410892 6.896459795792368 73.4669157759336 0.6023658093736408
1656601382.4410892 6.967528377113287 73.4426714020082 0.599461190795378
1656601382.541089 7.034572342896214 73.41919932388885 0.5966224426218081
1656601382.6410892 7.082002280160645 73.39949104179465 0.5941047149243495
1656601382.741089 7.129432217425077 73.37978275970045 0.591586987226891
1656601382.8410892 7.176862154689507 73.36007447760625 0.5890692595294325
1656601382.9410892 7.221877089332342 73.34039425871033 0.5866574534038175
1656601383.041089 7.2551138426688695 73.32085090651364 0.584762236149066
1656601383.1410892 7.288350596005398 73.30130755431695 0.5828670188943146
1656601383.241089 7.321587349341926 73.28176420212026 0.5809718016395631
1656601383.3410892 7.355022473955804 73.26174576963821 0.5791801161336171
1656601383.4410892 7.389418710697138 73.23942556529752 0.5778900436670311
1656601383.541089 7.42381494743847 73.21710536095684 0.5765999712004453
1656601383.6410892 7.458211184179803 73.19478515661615 0.5753098987338594
1656601481.4417186 -12.672700784366326 46.133061564581624 0.41657457308497275
1656601481.5417185 -12.645721754235133 46.23958528526431 0.41683945087700663
1656601481.6417186 -12.61874272410394 46.34610900594699 0.4171043286690405
1656601481.7417185 -12.588886840157393 46.45377343619531 0.4174674472208955
1656601481.8417187 -12.545558604714603 46.566779827213885 0.4182906287903788
1656601481.9417186 -12.502230369271816 46.67978621823246 0.4191138103598621
1656601482.0417185 -12.458902133829026 46.79279260925102 0.4199369919293454
1656601482.1417186 -12.413633719190118 46.90582208901777 0.42083196546510604
1656601482.2417185 -12.35925809888707 47.01895994742216 0.42206393065773445
1656601482.3417187 -12.304882478584021 47.13209780582656 0.42329589585036287
1656601482.4417186 -12.250506858280973 47.245235664230954 0.42452786104299123
1656601482.5417185 -12.195987863502314 47.356403387997595 0.4256429426948285
1656601482.6417186 -12.140746227244113 47.45764116430707 0.42616890348333963
1656601482.7417185 -12.085504590985911 47.55887894061654 0.4266948642718507
1656601482.8417187 -12.03026295472771 47.66011671692601 0.42722082506036185
1656601482.9417186 -11.973636275592744 47.759344675837156 0.42758055736640305
1656601483.0417185 -11.91003233500683 47.848448022945966 0.42710290073507406
1656601483.1417186 -11.846428394420917 47.93755137005478 0.426625244103745
1656601483.2417185 -11.782824453835003 48.026654717163595 0.42614758747241605
1656601483.3417187 -11.716996008529627 48.1158643833063 0.4256354611071855
1656601483.4417186 -11.639935994410536 48.20561085637731 0.4249492963661682
1656601483.5417185 -11.562875980291443 48.29535732944832 0.4242631316251509
1656601483.6417186 -11.485815966172352 48.38510380251933 0.42357696688413354
1656601483.7417185 -11.407150252812933 48.4727348287165 0.42303188259619257
1656601483.8417187 -11.320394753594224 48.54970787378227 0.4231975856248653
1656601483.9417186 -11.233639254375513 48.62668091884804 0.42336328865353806
1656601484.0417185 -11.146883755156804 48.7036539639138 0.42352899168221086
1656601484.1417186 -11.06019568134606 48.778958515802394 0.4237466257357573
1656601484.2417185 -10.973846515036415 48.845876542932665 0.4242252862242846
1656601484.3417187 -10.887497348726768 48.91279457006293 0.42470394671281203
1656601484.4417186 -10.801148182417121 48.97971259719319 0.4251826072013394
1656601484.5417185 -10.71382508105932 49.04502669371508 0.4257894707475242
1656601484.6417186 -10.621607479602234 49.10228025423219 0.42704061737975446
1656601484.7417185 -10.529389878145148 49.159533814749295 0.42829176401198465
1656601484.8417187 -10.437172276688063 49.21678737526641 0.4295429106442149
1656601484.9417186 -10.343953724836526 49.27482076905348 0.430807506398323
1656601485.0417185 -10.24612290650442 49.33644754656006 0.4321340741885823
1656601485.1417186 -10.148292088172312 49.39807432406664 0.43346064197884154
1656601485.2417185 -10.050461269840206 49.45970110157323 0.4347872097691008
1656601485.3417187 -9.951777338032295 49.520374999782504 0.43609179689163174
1656601485.4417186 -9.849167696726424 49.576664103455094 0.4372952371931122
1656601485.5417185 -9.74655805542055 49.632953207127684 0.4384986774945927
1656601485.6417186 -9.643948414114677 49.68924231080028 0.43970211779607316
1656601485.7417185 -9.542661134001053 49.74353752023912 0.44106548896213926
1656601485.8417187 -9.447461479303119 49.788653633010036 0.44316511827137517
1656601485.9417186 -9.352261824605185 49.83376974578095 0.4452647475806111
1656601486.0417185 -9.25706216990725 49.87888585855186 0.447364376889847
1656601486.1417186 -9.161828516037342 49.9234221335732 0.4495122581132926
1656601486.2417185 -9.06640741362838 49.96476157370887 0.4519261678986201
1656601486.3417187 -8.970986311219416 50.00610101384455 0.4543400776839477
1656601486.4417186 -8.875565208810453 50.04744045398022 0.4567539874692752
1656601486.5417185 -8.777934503293785 50.08869928893802 0.4593064935820972
1656601486.6417186 -8.668121219907436 50.12951370975973 0.46262314622705675
1656601486.7417185 -8.558307936521087 50.17032813058144 0.4659397988720163
1656601486.8417187 -8.448494653134738 50.21114255140315 0.46925645151697587
1656601486.9417186 -8.33664916056464 50.25203827694115 0.4724333410111273
1656601487.0417185 -8.213625731451204 50.293381209866375 0.4748414791172209
1656601487.1417186 -8.090602302337766 50.3347241427916 0.4772496172233145
1656601487.2417185 -7.967578873224328 50.376067075716826 0.4796577553294081
1656601487.3417187 -7.846181570315105 50.41606302868596 0.48174907558548435
1656601487.4417186 -7.733859682434098 50.448541482641424 0.482072234508323
1656601487.5417185 -7.621537794553093 50.481019936596894 0.4823953934311616
1656601487.6417186 -7.509215906672086 50.51349839055236 0.48271855235400024
1656601487.7417185 -7.396894018791079 50.54597684450783 0.48304171127683887
1656601487.8417187 -7.284572130910074 50.57845529846329 0.4833648701996775
1656601487.9417186 -7.172250243029067 50.61093375241876 0.4836880291225161
1656601488.0417185 -7.059928355148061 50.64341220637422 0.48401118804535476
1656601488.1417186 -6.947497834478678 50.67543313187559 0.48403321417337103
1656601488.2417185 -6.834513225034464 50.705120403013765 0.48251929241826885
1656601488.3417184 -6.72152861559025 50.73480767415194 0.48100537066316673
1656601488.4417186 -6.608544006146037 50.76449494529012 0.47949144890806455
1656601488.5417185 -6.497046962322047 50.79199222843513 0.47829983756349953
1656601488.6417186 -6.393165336631522 50.80827812429853 0.4787582566523062
1656601488.7417185 -6.289283710940997 50.82456402016194 0.47921667574111293
1656601488.8417184 -6.185402085250472 50.84084991602534 0.47967509482991966
1656601488.9417186 -6.081685735985558 50.85831641868228 0.48012440977547777
1656601489.0417185 -5.978745999008522 50.88133043811072 0.48053094554371933
1656601489.1417186 -5.875806262031485 50.90434445753917 0.48093748131196096
1656601489.2417185 -5.772866525054449 50.92735847696761 0.4813440170802025
1656601489.3417184 -5.6680661836685955 50.94926704925143 0.4818722692245718
1656601489.4417186 -5.553765258812735 50.965531007978804 0.48302202725465654
1656601489.5417185 -5.439464333956875 50.981794966706175 0.4841717852847413
1656601489.6417186 -5.325163409101013 50.99805892543355 0.485321543314826
1656601489.7417185 -5.210802105255128 51.01419222546073 0.4864790485180837
1656601489.8417184 -5.096130219513344 51.02965343364268 0.4876764042012999
1656601489.9417186 -4.98145833377156 51.045114641824625 0.48887375988451603
1656601490.0417185 -4.866786448029775 51.06057585000657 0.4900711155677322
1656601490.1417186 -4.752114562287991 51.07603705818852 0.49126847125094836
1656601490.2417185 -4.637442676546206 51.091498266370465 0.4924658269341645
1656601490.3417184 -4.5227707908044215 51.10695947455242 0.4936631826173807
1656601490.4417186 -4.408098905062637 51.122420682734365 0.49486053830059684
1656601490.5417185 -4.294176043423744 51.13681732549923 0.4960488041585261
1656601490.6417186 -4.184050908661838 51.14581637333869 0.4971909824824679
1656601490.7417185 -4.073925773899932 51.15481542117816 0.49833316080640977
1656601490.8417184 -3.9638006391380256 51.16381446901762 0.49947533913035164
1656601490.9417186 -3.853622801484315 51.172567369192855 0.5005983384667292
1656601491.0417185 -3.7431771197104813 51.18006930946268 0.5016238672683194
1656601491.1417186 -3.6327314379366475 51.18757124973251 0.5026493960699095
1656601491.2417185 -3.522285756162814 51.19507319000233 0.5036749248714998
1656601491.3417184 -3.411115433671588 51.202171723668535 0.5047124854641912
1656601491.4417186 -3.296591352898012 51.207403224189136 0.5058057311958606
1656601491.5417185 -3.1820672721244363 51.21263472470973 0.50689897692753
1656601491.6417186 -3.0675431913508606 51.21786622523033 0.5079922226591994
1656601491.7417185 -2.9530060253440156 51.221963463303695 0.509170804394854
1656601491.8417184 -2.8384023434000745 51.22029492494512 0.5107831731449473
1656601491.9417186 -2.7237986614561334 51.21862638658655 0.5123955418950407
1656601492.0417185 -2.6091949795121923 51.21695784822798 0.514007910645134
1656601492.1417186 -2.4943099612837494 51.2151579436737 0.5155446488873836
1656601492.2417185 -2.3779949700861787 51.21269033246636 0.5166969732171172
1656601492.3417184 -2.261679978888608 51.21022272125902 0.5178492975468507
1656601492.4417186 -2.1453649876910372 51.20775511005168 0.5190016218765843
1656601492.5417185 -2.02893586972222 51.20420414075275 0.5201256609956831
1656601492.6417186 -1.911928623068276 51.19516523569456 0.5211064165411367
1656601492.7417185 -1.7949213764143317 51.18612633063637 0.5220871720865903
1656601492.8417184 -1.6779141297603877 51.17708742557818 0.5230679276320439
1656601492.9417186 -1.5614754174784435 51.16885596615624 0.5239219868569229
1656601493.0417185 -1.4479378584528377 51.164744791544294 0.5241295320606558
1656601493.1417186 -1.3344002994272324 51.16063361693236 0.5243370772643887
1656601493.2417185 -1.2208627404016268 51.156522442320416 0.5245446224681217
1656601493.3417184 -1.107842351056399 51.15169119262201 0.5246641185673175
1656601493.4417186 -0.9974760693991218 51.143164527481844 0.5243317478728173
1656601493.5417185 -0.8871097877418446 51.13463786234167 0.5239993771783172
1656601493.6417186 -0.7767435060845673 51.1261111972015 0.5236670064838171
1656601493.7417185 -0.6661013383384987 51.117605248602715 0.5233676189891595
1656601493.8417184 -0.5539030506360275 51.10921615048959 0.5232542713768533
1656601493.9417186 -0.4417047629335563 51.10082705237646 0.5231409237645471
1656601494.0417185 -0.32950647523108517 51.09243795426334 0.5230275761522408
1656601494.1417186 -0.21621158700794207 51.08385039959359 0.5228197897992988
1656601494.2417185 -0.09730535586234282 51.07424733583601 0.5221287571329702
1656601494.3417184 0.021600875283256438 51.06464427207844 0.5214377244666416
1656601494.4417186 0.14050710642885567 51.055041208320866 0.520746691800313
1656601494.5417185 0.25858739478820164 51.04449540173787 0.5200831136884027
1656601494.6417186 0.37243426555629644 51.029117512197544 0.5195602554853879
1656601494.7417185 0.4862811363243912 51.01373962265722 0.5190373972823732
1656601494.8417184 0.600128007092486 50.998361733116894 0.5185145390793584
1656601494.9417186 0.7122646451114072 50.98281006932873 0.5180797743695701
1656601495.0417185 0.8156451068220009 50.96636870327481 0.5180960372515996
1656601495.1417186 0.9190255685325945 50.949927337220885 0.5181123001336291
1656601495.2417185 1.022406030243188 50.93348597116696 0.5181285630156586
1656601495.3417184 1.126490757619099 50.91659113707034 0.5181769904895059
1656601495.4417186 1.2341801303781494 50.89737531592725 0.5183900461045603
1656601495.5417185 1.3418695031371997 50.87815949478415 0.5186031017196147
1656601495.6417186 1.4495588758962499 50.85894367364106 0.518816157334669
1656601495.7417185 1.557661312136917 50.8394427166206 0.5192338252815034
1656601495.8417184 1.6678709624477688 50.818487159134555 0.5206953085343349
1656601495.9417186 1.7780806127586206 50.79753160164851 0.5221567917871663
1656601496.0417185 1.8882902630694725 50.77657604416246 0.5236182750399979
1656601496.1417186 1.9978778338505003 50.75560226393887 0.5251104824529744
1656601496.2417185 2.1042971807911712 50.7345356761099 0.526759166669928
1656601496.3417184 2.2107165277318424 50.713469088280924 0.5284078508868815
1656601496.4417186 2.3171358746725135 50.69240250045195 0.530056535103835
1656601496.5417185 2.424547621955219 50.67114254087547 0.5315721272910675
1656601496.6417186 2.5369822858024187 50.64890385314618 0.5324140899637055
1656601496.7417185 2.6494169496496185 50.62666516541688 0.5332560526363437
1656601496.8417184 2.7618516134968183 50.60442647768758 0.5340980153089818
1656601496.9417186 2.874334085405527 50.58169967519089 0.5350098866384725
1656601497.0417185 2.9870588398803446 50.556499195773036 0.5362760423342593
1656601497.1417186 3.099783594355163 50.531298716355174 0.5375421980300462
1656601497.2417185 3.2125083488299806 50.50609823693732 0.538808353725833
1656601497.3417184 3.3247397655943054 50.480456967009964 0.5399840381144102
1656601497.4417186 3.4344664648013272 50.45257776613846 0.5407003919738586
1656601497.5417185 3.5441931640083486 50.42469856526696 0.5414167458333069
1656601497.6417186 3.6539198632153704 50.396819364395455 0.5421330996927551
1656601497.7417185 3.763909584397619 50.368507214598594 0.5427902380886256
1656601497.8417184 3.87523746068169 50.337992386440746 0.5431461108787414
1656601497.9417186 3.986565336965761 50.3074775582829 0.5435019836688572
1656601498.0417185 4.097893213249832 50.27696273012504 0.543857856458973
1656601498.1417186 4.207970909363991 50.24550163119752 0.5443370535278764
1656601498.2417185 4.31170135495904 50.20923625063237 0.5454423764235952
1656601498.3417184 4.415431800554089 50.17297087006722 0.5465476993193139
1656601498.4417186 4.519162246149138 50.13670548950206 0.5476530222150326
1656601498.5417185 4.622235004746416 50.098640328433255 0.5488477885631328
1656601498.6417186 4.7222262817602 50.05214259914408 0.550461627132838
1656601498.7417185 4.822217558773985 50.0056448698549 0.5520754657025432
1656601498.8417184 4.92220883578777 49.95914714056572 0.5536893042722484
1656601498.9417186 5.023438528897817 49.91191986851524 0.55529841525923
1656601499.0417185 5.130481068855556 49.861268286692756 0.5568853360353319
1656601499.1417186 5.237523608813295 49.81061670487026 0.5584722568114338
1656601499.2417185 5.344566148771035 49.75996512304778 0.5600591775875357
1656601499.3417184 5.4505831537482345 49.70765154967618 0.5616542990545336
1656601499.4417186 5.551346665703987 49.64682411654292 0.5632914300806495
1656601499.5417185 5.652110177659738 49.585996683409675 0.5649285611067656
1656601499.6417186 5.752873689615489 49.52516925027643 0.5665656921328815
1656601499.7417185 5.85286779674177 49.46418167772276 0.5680411125756187
1656601499.8417184 5.9492561439717155 49.40244362339692 0.5687586881049552
1656601499.9417186 6.045644491201661 49.340705569071076 0.5694762636342918
1656601500.0417185 6.142032838431606 49.27896751474523 0.5701938391636284
1656601500.1417186 6.237568493577433 49.21526061331542 0.5708928896444813
1656601500.2417185 6.329114476216705 49.142341646584896 0.5715052630258345
1656601500.3417184 6.420660458855977 49.06942267985437 0.5721176364071876
1656601500.4417186 6.512206441495249 48.996503713123836 0.5727300097885408
1656601500.5417185 6.603474440746782 48.92187640440718 0.5732709972702917
1656601500.6417184 6.6933311130293704 48.83857581079818 0.5734495571763147
1656601500.7417185 6.783187785311958 48.75527521718919 0.5736281170823377
1656601500.8417184 6.873044457594546 48.67197462358019 0.5738066769883607
1656601500.9417186 6.960805993576161 48.58763342448885 0.5740131347697273
1656601501.0417185 7.038827573274093 48.4984546155953 0.5743492853477515
1656601501.1417184 7.116849152972025 48.40927580670175 0.5746854359257759
1656601501.2417185 7.194870732669957 48.32009699780819 0.5750215865038002
1656601680.243201 3.079311289365846 35.60508164841928 0.5147584237518418
1656601680.343201 3.1275577914534503 35.52545964852354 0.5147558220054789
1656601680.443201 3.175804293541055 35.445837648627794 0.514753220259116
1656601680.543201 3.2261401168350208 35.36662050612282 0.514651852100939
1656601680.643201 3.286699879206097 35.28938450337056 0.5140671777980784
1656601680.743201 3.3472596415771725 35.21214850061831 0.5134825034952177
1656601680.843201 3.407819403948248 35.134912497866054 0.5128978291923572
1656601680.943201 3.470444476394438 35.058595340207404 0.5122393339759145
1656601681.043201 3.5423701933047544 34.986415988119035 0.5112484034125876
1656601681.143201 3.6142959102150707 34.91423663603067 0.5102574728492608
1656601681.243201 3.6862216271253865 34.84205728394231 0.5092665422859339
1656601681.343201 3.7581708673691 34.77092394717628 0.50831301817139
1656601681.443201 3.8302352695568724 34.70491153251783 0.5075426228375121
1656601681.543201 3.9022996717446454 34.63889911785939 0.5067722275036343
1656601681.643201 3.974364073932418 34.57288670320094 0.5060018321697565
1656601681.743201 4.047262115203288 34.50791771481875 0.5052838102203716
1656601681.843201 4.124256911484695 34.44807643927063 0.5048231669492314
1656601681.943201 4.201251707766103 34.388235163722506 0.5043625236780912
1656601682.043201 4.27824650404751 34.32839388817438 0.5039018804069509
1656601682.143201 4.35521554175395 34.26785430530334 0.5036781684073675
1656601682.243201 4.432056342831227 34.20383826547277 0.5046339963336856
1656601682.343201 4.508897143908504 34.1398222256422 0.5055898242600037
1656601682.443201 4.58573794498578 34.075806185811636 0.5065456521863217
1656601682.543201 4.664268963701267 34.01261156188547 0.5074908230755538
1656601682.643201 4.750433827379969 33.953126851714075 0.5083878616018032
1656601682.743201 4.83659869105867 33.89364214154267 0.5092849001280524
1656601682.843201 4.922763554737372 33.834157431371274 0.5101819386543017
1656601682.943201 5.008998523681095 33.774365183284985 0.5110193741815763
1656601683.043201 5.0955787621279685 33.71305830626114 0.5115632640267084
1656601683.143201 5.182159000574842 33.651751429237294 0.5121071538718406
1656601683.243201 5.268739239021715 33.590444552213455 0.5126510437169728
1656601683.343201 5.3545553645298085 33.529778380837016 0.5131700320449243
1656601683.443201 5.436918175988649 33.47200779949881 0.5135764810416286
1656601683.543201 5.519280987447489 33.41423721816061 0.5139829300383328
1656601683.643201 5.60164379890633 33.356466636822404 0.5143893790350371
1656601683.743201 5.6836174643074635 33.29874038933214 0.5148632448526671
1656601683.843201 5.763682796610338 33.24123155056981 0.5156677159744099
1656601683.943201 5.843748128913211 33.18372271180747 0.5164721870961526
1656601684.043201 5.923813461216085 33.12621387304514 0.5172766582178954
1656601684.143201 6.005195176341575 33.068243652593644 0.5180033688658194
1656601684.243201 6.093052086240891 33.008003927974286 0.5183475811971215
1656601684.343201 6.180908996140207 32.947764203354936 0.5186917935284237
1656601684.443201 6.2687659060395235 32.887524478735585 0.5190360058597258
1656601684.543201 6.3560958022465055 32.82621028265266 0.5193792415326313
1656601684.643201 6.440836679143629 32.75961761390851 0.5197176792515469
1656601684.743201 6.525577556040753 32.69302494516435 0.5200561169704625
1656601684.843201 6.610318432937876 32.6264322764202 0.5203945546893782
1656601684.943201 6.695059309835 32.559839607676054 0.5207329924082938
1656601685.043201 6.779800186732123 32.4932469389319 0.5210714301272095
1656601685.143201 6.864541063629247 32.42665427018775 0.5214098678461251
1656601685.243201 6.949281940526371 32.3600616014436 0.5217483055650407
1656601685.343201 7.032318067720556 32.293413419834074 0.5220974032393481
1656601685.443201 7.106180801262528 32.22646651908361 0.5225038629809167
1656601685.543201 7.1800435348045 32.15951961833315 0.5229103227224852
1656601685.643201 7.253906268346471 32.092572717582684 0.5233167824640537
1656601685.743201 7.327755561857201 32.02482039684671 0.5237406570686856
1656601685.843201 7.401538714896345 31.95310447984359 0.5242502329068006
1656601685.943201 7.47532186793549 31.881388562840474 0.5247598087449158
1656601686.043201 7.549105020974635 31.809672645837356 0.5252693845830309
1656601686.143201 7.622826855079845 31.736091866377205 0.5257701875401523
1656601686.243201 7.696248280394626 31.653374902722657 0.5262280111041441
1656601686.343201 7.769669705709408 31.570657939068106 0.526685834668136
1656601686.443201 7.843091131024189 31.487940975413558 0.5271436582321278
1656601686.543201 7.915625244337048 31.405100494954535 0.5276641657556571
1656601686.6432009 7.983794625606531 31.321652429166786 0.528493018806133
1656601686.743201 8.051964006876013 31.238204363379037 0.529321871856609
1656601686.843201 8.120133388145495 31.154756297591288 0.5301507249070848
1656601686.943201 8.186795616477086 31.070480522383978 0.5304810995498885
1656601687.043201 8.246045669433599 30.98213407377443 0.5283599583010609
1656601687.1432009 8.305295722390111 30.893787625164876 0.5262388170522332
1656601687.243201 8.364545775346624 30.805441176555323 0.5241176758034056
1656601687.343201 8.422602019923263 30.71686826159543 0.5221713253161617
1656601687.443201 8.474789368596525 30.62718201265482 0.5210842658189143
1656601687.543201 8.526976717269788 30.537495763714208 0.5199972063216669
1656601687.6432009 8.579164065943049 30.4478095147736 0.5189101468244195
1656601765.4413729 -13.893987790675155 49.38842986530785 0.3565648911219846
1656601765.5413728 -13.855682783581553 49.48686641100692 0.35723695509868836
1656601765.641373 -13.81737777648795 49.585302956705995 0.3579090190753921
1656601765.7413728 -13.77749489876346 49.68395476196649 0.3586374637336215
1656601765.841373 -13.728279463095673 49.78387975293083 0.3596993805833736
1656601765.9413729 -13.679064027427886 49.88380474389517 0.3607612974331257
1656601766.0413728 -13.629848591760098 49.983729734859516 0.3618232142828777
1656601766.141373 -13.579086584485966 50.083434002368534 0.3630664781492768
1656601766.2413728 -13.51548316656185 50.18130557068778 0.36581549286572296
1656601766.341373 -13.451879748637735 50.27917713900703 0.3685645075821692
1656601766.4413729 -13.38827633071362 50.37704870732628 0.37131352229861536
1656601766.5413728 -13.323811225038286 50.47344337948516 0.3741397169322858
1656601766.641373 -13.25307733110132 50.559093615157984 0.37752739634793736
1656601766.7413728 -13.182343437164354 50.64474385083081 0.3809150757635889
1656601766.841373 -13.111609543227388 50.73039408650363 0.3843027551792405
1656601766.9413729 -13.039670511048238 50.81571215347933 0.38767370126817696
1656601767.0413728 -12.958961642827013 50.89861301642808 0.3909228783130377
1656601767.141373 -12.878252774605789 50.98151387937683 0.39417205535789845
1656601767.2413728 -12.797543906384565 51.064414742325575 0.39742123240275923
1656601767.341373 -12.715428858975912 51.147365435904376 0.40056512540064165
1656601767.4413729 -12.6241790219741 51.23063983810081 0.40302507454182285
1656601767.5413728 -12.53292918497229 51.31391424029723 0.4054850236830041
1656601767.641373 -12.441679347970478 51.39718864249366 0.4079449728241853
1656601767.7413728 -12.35032410925838 51.479609254668134 0.410366763168293
1656601767.841373 -12.258284340125007 51.55648493553337 0.4125407315618339
1656601767.9413729 -12.166244570991632 51.63336061639861 0.41471469995537474
1656601768.0413728 -12.074204801858256 51.710236297263855 0.41688866834891564
1656601768.141373 -11.983397729787566 51.78590070497026 0.4189734138753308
1656601768.2413728 -11.899797243508074 51.85448377517699 0.4205365452388325
1656601768.341373 -11.816196757228584 51.92306684538372 0.42209967660233416
1656601768.4413729 -11.732596270949092 51.99164991559045 0.4236628079658359
1656601768.5413728 -11.648814273009137 52.06098012606716 0.42499950901411176
1656601768.641373 -11.563971053650345 52.134678547684416 0.42501236838864853
1656601768.7413728 -11.479127834291553 52.208376969301675 0.4250252277631853
1656601768.841373 -11.394284614932761 52.28207539091893 0.42503808713772206
1656601768.9413729 -11.309558992188522 52.354674532910074 0.42513620797079027
1656601769.0413728 -11.225520452399392 52.42085090246942 0.42573248680873327
1656601769.141373 -11.141481912610264 52.48702727202876 0.4263287656466763
1656601769.2413728 -11.057443372821135 52.553203641588105 0.4269250444846194
1656601769.341373 -10.973542938677106 52.619690062582755 0.427519441397925
1656601769.4413729 -10.890539109115856 52.6881893885357 0.4281016205466845
1656601769.5413728 -10.807535279554607 52.75668871448863 0.428683799695444
1656601769.641373 -10.724531449993357 52.825188040441574 0.4292659788442035
1656601769.7413728 -10.63942959576693 52.89295812876006 0.4299711212697611
1656601769.841373 -10.5420297087298 52.95645363036647 0.43139703997487117
1656601769.9413729 -10.444629821692669 53.019949131972886 0.43282295867998116
1656601770.0413728 -10.34722993465554 53.0834446335793 0.4342488773850912
1656601770.141373 -10.249735871237768 53.14630435054945 0.4359084566182131
1656601770.2413728 -10.151628290522018 53.205022212953935 0.4390902304272315
1656601770.341373 -10.053520709806268 53.26374007535842 0.44227200423624996
1656601770.4413729 -9.955413129090518 53.3224579377629 0.44545377804526837
1656601770.5413728 -9.858231428319044 53.38099305556859 0.44842069715360783
1656601770.641373 -9.766467098483071 53.438458925374825 0.45013049041317144
1656601770.7413728 -9.674702768647098 53.495924795181054 0.45184028367273504
1656601770.841373 -9.582938438811125 53.55339066498729 0.45355007693229865
1656601770.9413729 -9.490413276842459 53.610551379756764 0.45525810028564234
1656601771.0413728 -9.39343947588894 53.66592783156648 0.45695577487285044
1656601771.141373 -9.296465674935419 53.721304283376185 0.4586534494600586
1656601771.2413728 -9.199491873981898 53.7766807351859 0.46035112404726675
1656601771.341373 -9.102686625054703 53.833051416884004 0.46209406052537905
1656601771.4413729 -9.006866467340805 53.89523280966294 0.4641015271429349
1656601771.5413728 -8.911046309626906 53.95741420244189 0.46610899376049075
1656601771.641373 -8.815226151913008 54.019595595220835 0.46811646037804655
1656601771.7413728 -8.719871603727144 54.082286793710395 0.4699316629844527
1656601771.841373 -8.6272372611242 54.147956402770895 0.4706236118663735
1656601771.9413729 -8.534602918521255 54.21362601183139 0.47131556074829434
1656601772.0413728 -8.441968575918311 54.27929562089188 0.47200750963021515
1656601772.141373 -8.349827193939943 54.34477158946239 0.4727187825690341
1656601772.2413728 -8.26058631441144 54.40910820797611 0.4735437552063282
1656601772.3413727 -8.171345434882937 54.47344482648983 0.4743687278436222
1656601772.4413729 -8.082104555354436 54.53778144500355 0.4751937004809163
1656601772.5413728 -7.992236364264815 54.602262858131354 0.47590559676367794
1656601772.641373 -7.8986851362538895 54.66759438138416 0.47595360541151815
1656601772.7413728 -7.805133908242964 54.73292590463698 0.47600161405935837
1656601772.8413727 -7.711582680232039 54.79825742788979 0.4760496227071986
1656601772.9413729 -7.618031452221113 54.8635889511426 0.4760976313550388
1656601773.0413728 -7.524480224210188 54.92892047439541 0.47614564000287896
1656601773.141373 -7.430928996199262 54.99425199764823 0.47619364865071917
1656601773.2413728 -7.337377768188337 55.05958352090104 0.4762416572985594
1656601773.3413727 -7.24429703731561 55.124842777205494 0.4763452865796559
1656601773.4413729 -7.154277479206014 55.189631846560786 0.4768107976954527
1656601773.5413728 -7.064257921096418 55.254420915916086 0.47727630881124955
1656601773.641373 -6.9742383629868225 55.31920998527138 0.47774181992704634
1656601773.7413728 -6.884533411839282 55.38337200241419 0.478181128884537
1656601773.8413727 -6.796666964914225 55.44386964375033 0.47846731733137776
1656601773.9413729 -6.708800517989169 55.504367285086474 0.4787535057782185
1656601774.0413728 -6.620934071064112 55.56486492642262 0.47903969422505926
1656601774.141373 -6.532374835165407 55.625549913856254 0.4793681963771698
1656601774.2413728 -6.439764097013933 55.68733052082907 0.47994415349572006
1656601774.3413727 -6.347153358862459 55.74911112780188 0.4805201106142703
1656601774.4413729 -6.254542620710985 55.81089173477469 0.4810960677328206
1656601774.5413728 -6.162145450942883 55.872415152699865 0.4818500278639924
1656601774.641373 -6.071003110961335 55.93242744583841 0.4836498519887346
1656601774.7413728 -5.979860770979788 55.992439738976955 0.4854496761134769
1656601774.8413727 -5.8887184309982405 56.052452032115504 0.4872495002382191
1656601774.9413729 -5.797061314826537 56.11215903286259 0.4890756819614654
1656601775.0413728 -5.702424044507461 56.170098627882794 0.49105445369955414
1656601775.141373 -5.607786774188386 56.228038222902995 0.4930332254376429
1656601775.2413728 -5.513149503869311 56.28597781792319 0.49501199717573163
1656601775.3413727 -5.418497159105086 56.344067589087366 0.4970420842878356
1656601775.4413729 -5.32375830076427 56.40301923445018 0.49936667487890346
1656601775.5413728 -5.229019442423454 56.461970879812995 0.5016912654699712
1656601775.641373 -5.134280584082639 56.52092252517581 0.5040158560610392
1656601775.7413728 -5.039225818227061 56.57946518584763 0.5063053649928565
1656601775.8413727 -4.942166815527992 56.63541309284055 0.5083723026001095
1656601775.9413729 -4.845107812828923 56.69136099983348 0.5104392402073624
1656601776.0413728 -4.748048810129855 56.747308906826404 0.5125061778146154
1656601776.141373 -4.650471898648258 56.80343131127813 0.5145669411135657
1656601776.2413728 -4.549600739923953 56.86066363661148 0.5165884316703112
1656601776.3413727 -4.448729581199649 56.917895961944815 0.5186099222270568
1656601776.4413729 -4.347858422475344 56.97512828727816 0.5206314127838023
1656601776.5413728 -4.247666052780377 57.03217626507764 0.5225943887053801
1656601776.641373 -4.151362870792874 57.08816800576712 0.5242220993383846
1656601776.7413728 -4.05505968880537 57.14415974645661 0.5258498099713892
1656601776.8413727 -3.9587565068178674 57.200151487146094 0.5274775206043937
1656601776.9413729 -3.862349837904081 57.255995985392175 0.5290349345653393
1656601777.0413728 -3.7652864860511297 57.31090614725418 0.5301462764775818
1656601777.141373 -3.668223134198179 57.365816309116184 0.5312576183898243
1656601777.2413728 -3.5711597823452284 57.42072647097819 0.5323689603020669
1656601777.3413727 -3.4735393198132383 57.476014639990616 0.5333746117941659
1656601777.4413729 -3.3723855807389307 57.53370018504995 0.5337099593479435
1656601777.5413728 -3.271231841664623 57.59138573010929 0.5340453069017211
1656601777.641373 -3.1700781025903155 57.64907127516862 0.5343806544554988
1656601777.7413728 -3.0694632120587113 57.70588381928322 0.5348020017997961
1656601777.8413727 -2.971932115650646 57.75770023745546 0.5357155201858855
1656601777.9413729 -2.8744010192425815 57.8095166556277 0.5366290385719749
1656601778.0413728 -2.776869922834517 57.86133307379993 0.5375425569580643
1656601778.141373 -2.6793238640615207 57.913455768829515 0.5383959066233716
1656601778.2413728 -2.581683937096844 57.9674999284727 0.5388717805994193
1656601778.3413727 -2.4840440101321675 58.02154408811588 0.5393476545754671
1656601778.4413729 -2.386404083167491 58.075588247759065 0.5398235285515148
1656601778.5413728 -2.288758823523368 58.129224305059815 0.5403017146248948
1656601778.641373 -2.191083529540614 58.18056187731706 0.5407929227287429
1656601778.7413728 -2.0934082355578596 58.23189944957431 0.541284130832591
1656601778.8413727 -1.9957329415751053 58.28323702183155 0.541775338936439
1656601778.9413729 -1.896997414306577 58.33384992356351 0.5423486180300023
1656601779.0413728 -1.7909076594179538 58.37943620326425 0.5434911763071867
1656601779.141373 -1.6848179045293303 58.425022482964984 0.544633734584371
1656601779.2413728 -1.578728149640707 58.47060876266573 0.5457762928615553
1656601779.3413727 -1.471672056931215 58.5173113889449 0.5467755738659548
1656601779.4413729 -1.3586001182949825 58.570963726672474 0.5468828955790347
1656601779.5413728 -1.24552817965875 58.624616064400044 0.5469902172921147
1656601779.641373 -1.1324562410225176 58.67826840212762 0.5470975390051948
1656601779.7413728 -1.0185494117450253 58.731234100006574 0.547001569909046
1656601779.8413727 -0.8994402223491182 58.77992121625143 0.5456388576658238
1656601779.9413729 -0.7803310329532112 58.82860833249629 0.5442761454226015
1656601780.0413728 -0.6612218435573041 58.877295448741144 0.5429134331793793
1656601780.141373 -0.5448074248154127 58.92578785409096 0.5412085228387161
1656601780.2413728 -0.44522246402893373 58.9730642454484 0.5373665072550803
1656601780.3413727 -0.3456375032424548 59.02034063680584 0.5335244916714446
1656601780.4413729 -0.2460525424559759 59.06761702816328 0.5296824760878087
1656601780.5413728 -0.1479061778513729 59.11399620672332 0.5258426391962017
1656601780.641373 -0.05787683353550224 59.155313023397774 0.5220150951826262
1656601780.7413728 0.032152510780368404 59.19662984007223 0.5181875511690508
1656601780.8413727 0.12218185509623905 59.23794665674668 0.5143600071554753
1656601780.9413729 0.21337798877129077 59.27974015141445 0.5109760517648131
1656601781.0413728 0.31187573552279335 59.32451663374993 0.5103680151500138
1656601781.141373 0.4103734822742959 59.369293116085416 0.5097599785352146
1656601781.2413728 0.5088712290257984 59.414069598420895 0.5091519419204155
1656601781.3413727 0.607368975777301 59.45884608075637 0.5085439053056162
1656601781.4413729 0.7058667225288034 59.50362256309186 0.5079358686908171
1656601781.5413728 0.804364469280306 59.54839904542734 0.5073278320760178
1656601781.641373 0.9028622160318086 59.593175527762824 0.5067197954612187
1656601781.7413728 1.0024204543520963 59.63783393090975 0.5062245312802559
1656601781.8413727 1.1086626570060982 59.681748115895886 0.5064400383564874
1656601781.9413729 1.2149048596601004 59.72566230088203 0.5066555454327188
1656601782.0413728 1.3211470623141024 59.769576485868164 0.5068710525089503
1656601782.141373 1.4274418058287752 59.813169461890155 0.5071274991330603
1656601782.2413728 1.5340700743542877 59.85472343014026 0.5076438265999221
1656601782.3413727 1.6406983428798 59.89627739839037 0.5081601540667839
1656601782.4413729 1.7473266114053128 59.937831366640474 0.5086764815336458
1656601782.5413728 1.8544913866820991 59.978170007623156 0.5091267111007368
1656601782.641373 1.9651468346480163 60.010601367493955 0.5091468880487487
1656601782.7413728 2.0758022826139335 60.04303272736475 0.5091670649967607
1656601782.8413727 2.1864577305798507 60.075464087235545 0.5091872419447726
1656601782.9413729 2.298089965363405 60.10613785997263 0.5091958918390819
1656601783.0413728 2.416048503955696 60.125428360559155 0.5091298850709274
1656601783.141373 2.5340070425479864 60.14471886114569 0.5090638783027729
1656601783.2413728 2.6519655811402774 60.16400936173223 0.5089978715346185
1656601783.3413727 2.7696072444830637 60.18046107312792 0.5089350938485925
1656601783.4413729 2.885194487889099 60.17850785981272 0.5088932515013553
1656601783.5413728 3.000781731295135 60.176554646497515 0.5088514091541181
1656601783.641373 3.116368974701171 60.17460143318231 0.5088095668068809
1656601783.7413728 3.2319562181072063 60.172648219867106 0.5087677244596438
1656601783.8413727 3.3475434615132422 60.1706950065519 0.5087258821124065
1656601783.9413729 3.4631307049192777 60.1687417932367 0.5086840397651694
1656601784.0413728 3.5787179483253135 60.166788579921494 0.5086421974179323
1656601784.141373 3.6942257895862007 60.16118164989822 0.5085676847997815
1656601784.2413728 3.809219104153544 60.131898599117335 0.5082814684998365
1656601784.3413727 3.924212418720888 60.102615548336445 0.5079952521998915
1656601784.4413729 4.039205733288232 60.07333249755556 0.5077090358999465
1656601784.5413728 4.154079950475322 60.04082576122824 0.5074539272452899
1656601784.6413727 4.268182837748221 59.98744094101168 0.5074002861402972
1656601784.7413728 4.382285725021121 59.93405612079511 0.5073466450353045
1656601784.8413727 4.49638861229402 59.88067130057855 0.5072930039303117
1656601784.9413729 4.608752883322942 59.825275319154095 0.5072262046623149
1656601785.0413728 4.709735358548931 59.756713335010936 0.507073265899779
1656601785.1413727 4.810717833774921 59.688151350867784 0.5069203271372431
1656601785.2413728 4.91170030900091 59.619589366724625 0.5067673883747073
1656602009.8445508 -8.00413132165899 61.32441123169093 0.4985822528509122
1656602009.9445508 -8.086825638601024 61.25662307166334 0.49710480457759576
1656602010.044551 -8.169519955543059 61.18883491163575 0.4956273563042794
1656602010.1445508 -8.25255422951414 61.12087797214725 0.4941670183485159
1656602010.244551 -8.337619991047973 61.05191245408441 0.49280892683666666
1656602010.3445508 -8.422685752581808 60.98294693602156 0.4914508353248175
1656602010.4445508 -8.507751514115641 60.91398141795872 0.49009274381296825
1656602010.544551 -8.593184142382885 60.84510379474377 0.48881804788398153
1656602010.6445508 -8.680811849915477 60.77675207409932 0.48804233400513186
1656602010.744551 -8.76843955744807 60.70840035345488 0.4872666201262822
1656602010.8445508 -8.856067264980664 60.64004863281043 0.4864909062474325
1656602010.9445508 -8.943455520874517 60.57199932743449 0.48570991708807915
1656602011.044551 -9.02941662825696 60.50575243820637 0.4848974868880311
1656602011.1445508 -9.115377735639404 60.43950554897825 0.484085056687983
1656602011.244551 -9.201338843021848 60.37325865975012 0.483272626487935
1656602011.3445508 -9.286930453267532 60.30724023962101 0.4824367107445898
1656602011.4445508 -9.37032288641163 60.2425816243753 0.48146101348767145
1656602011.544551 -9.45371531955573 60.177923009129586 0.48048531623075313
1656602011.6445508 -9.53710775269983 60.113264393883874 0.47950961897383476
1656602011.744551 -9.620589173940864 60.048622362727414 0.4784095606781308
1656602011.8445508 -9.704652961164856 59.98408886304622 0.47649564478698014
1656602011.9445508 -9.788716748388847 59.91955536336502 0.4745817288958295
1656602012.044551 -9.872780535612838 59.85502186368383 0.47266781300467886
1656602012.1445508 -9.955103780920512 59.792384103688924 0.4707804677649411
1656602012.244551 -10.027166150720646 59.74092214401998 0.46904976233016604
1656602012.3445508 -10.099228520520779 59.689460184351034 0.46731905689539105
1656602012.4445508 -10.171290890320911 59.63799822468209 0.465588351460616
1656602012.544551 -10.24160296042689 59.58777982270752 0.46383151448735727
1656602012.6445508 -10.300423886826417 59.54572567981436 0.4619031176006791
1656602012.744551 -10.359244813225944 59.503671536921196 0.4599747207140009
1656602012.8445508 -10.418065739625472 59.46161739402804 0.4580463238273228
1656602012.9445508 -10.475565733211948 59.42063334138968 0.45621174812536025
1656602013.044551 -10.52529918308694 59.38594098099869 0.4549288025479261
1656602013.1445508 -10.575032632961934 59.3512486206077 0.453645856970492
1656602013.244551 -10.624766082836926 59.31655626021671 0.45236291139305784
1656602013.3445508 -10.675476556544965 59.28112262566297 0.4510975782320964
1656602013.4445508 -10.732534425017812 59.240873182547766 0.4499466670087925
1656602013.544551 -10.78959229349066 59.20062373943257 0.44879575578548864
1656602013.6445508 -10.846650161963508 59.16037429631738 0.44764484456218473
1656602013.744551 -10.906858108817108 59.11813705514611 0.4464874048436937
1656602013.8445508 -10.985470842386029 59.06428581748546 0.44529182145162743
1656602013.9445508 -11.064083575954951 59.01043457982481 0.44409623805956117
1656602014.044551 -11.142696309523872 58.956583342164166 0.4429006546674949
1656602014.1445508 -11.223629633893621 58.90171599555375 0.4416713850274522
1656602014.244551 -11.319674203715765 58.840231940930494 0.4402227569544788
1656602014.3445508 -11.41571877353791 58.77874788630723 0.43877412888150547
1656602014.4445508 -11.511763343360053 58.71726383168397 0.4373255008085321
1656602014.544551 -11.608849485957172 58.65543406642758 0.4358615394618433
1656602014.6445508 -11.712063015628868 58.591570547106286 0.4343073751975742
1656602014.744551 -11.815276545300561 58.52770702778499 0.4327532109333051
1656602014.8445508 -11.918490074972256 58.4638435084637 0.431199046669036
1656602014.9445508 -12.021188319923146 58.39987453224085 0.42951448165343437
1656602015.044551 -12.120530864571354 58.335218786660874 0.4269807048854787
1656602015.1445508 -12.219873409219561 58.27056304108089 0.42444692811752305
1656602015.244551 -12.319215953867769 58.205907295500914 0.42191315134956736
1656602015.3445508 -12.417850663847666 58.14218880176808 0.4192815354058781
1656602015.4445508 -12.512350488482676 58.083945356236086 0.41607838236177863
1656602015.544551 -12.606850313117684 58.0257019107041 0.4128752293176791
1656602015.6445508 -12.701350137752694 57.96745846517211 0.40967207627357966
1656602015.744551 -12.795262257699365 57.90908191005836 0.4065016654215186
1656602015.8445508 -12.885735305127062 57.849926437379914 0.4035228521099988
1656602015.9445508 -12.976208352554757 57.79077096470146 0.40054403879847894
1656602016.044551 -13.066681399982453 57.73161549202301 0.39756522548695916
1656602113.4451962 -13.85404781887676 45.206390352164846 0.38669415040298416
1656602113.545196 -13.830197248068185 45.31047050814678 0.38643379990459337
1656602113.6451962 -13.806346677259612 45.414550664128704 0.3861734494062026
1656602113.745196 -13.782564519513892 45.519262608200535 0.3860711738698738
1656602113.8451962 -13.759180145734684 45.62764804914428 0.386888016449166
1656602113.9451962 -13.735795771955473 45.73603349008801 0.38770485902845814
1656602114.045196 -13.712411398176265 45.844418931031754 0.3885217016077503
1656602114.1451962 -13.687671761862795 45.95318672684457 0.3893617056706267
1656602114.245196 -13.654221328902038 46.06441206533083 0.3903505775494811
1656602114.3451962 -13.62077089594128 46.17563740381708 0.39133944942833543
1656602114.4451962 -13.587320462980523 46.28686274230333 0.3923283213071898
1656602114.545196 -13.551373659203291 46.3976528979547 0.3934199842158725
1656602114.6451962 -13.500937010839383 46.505917094080104 0.3951082836648032
1656602114.745196 -13.450500362475475 46.61418129020551 0.39679658311373395
1656602114.8451962 -13.400063714111566 46.72244548633091 0.39848488256266473
1656602114.9451962 -13.34723390148405 46.83034823693856 0.4002206177569527
1656602115.045196 -13.279064746738891 46.93593424876731 0.4022603994129505
1656602115.1451962 -13.210895591993731 47.041520260596066 0.4043001810689483
1656602115.245196 -13.142726437248571 47.14710627242482 0.4063399627249461
1656602115.3451962 -13.072647420054754 47.25008363591418 0.4083698924401063
1656602115.4451962 -12.991547307197717 47.33800747399371 0.41034297032150435
1656602115.545196 -12.910447194340682 47.425931312073246 0.4123160482029024
1656602115.6451962 -12.829347081483645 47.51385515015278 0.41428912608430046
1656602115.745196 -12.746048728616808 47.60073576543722 0.4160847137468495
1656602115.8451962 -12.648686339494374 47.68094198522916 0.4167447434804309
1656602115.9451962 -12.551323950371941 47.76114820502111 0.4174047732140123
1656602116.045196 -12.453961561249507 47.84135442481305 0.4180648029475937
1656602116.1451962 -12.355900867655617 47.919801960079475 0.418808475544668
1656602116.245196 -12.253808398782212 47.98809544208648 0.42003507391856726
1656602116.3451962 -12.151715929908805 48.05638892409349 0.4212616722924665
1656602116.4451962 -12.049623461035399 48.1246824061005 0.4224882706663658
1656602116.545196 -11.947569369512987 48.19125260159596 0.4235564996239507
1656602116.6451962 -11.845760759981165 48.2467997381189 0.4236117133900458
1656602116.745196 -11.743952150449342 48.30234687464185 0.42366692715614085
1656602116.8451962 -11.64214354091752 48.35789401116479 0.42372214092223587
1656602116.9451962 -11.54009797425627 48.41097001868527 0.4237932586706636
1656602117.045196 -11.436681054944483 48.44974475020897 0.4239564182512098
1656602117.1451962 -11.333264135632694 48.48851948173267 0.4241195778317559
1656602117.245196 -11.229847216320906 48.527294213256376 0.4242827374123021
1656602117.3451962 -11.124947297379459 48.564855979496194 0.4243727945449916
1656602117.4451962 -11.010550127988076 48.594649817236416 0.4239946976458703
1656602117.545196 -10.896152958596693 48.62444365497664 0.42361660074674895
1656602117.6451962 -10.781755789205308 48.65423749271686 0.4232385038476277
1656602117.745196 -10.66660425483537 48.68154296714759 0.4230601366935763
1656602117.8451962 -10.5470987040777 48.694486196595896 0.42403456242874393
1656602117.9451962 -10.427593153320029 48.7074294260442 0.4250089881639116
1656602118.045196 -10.308087602562356 48.720372655492504 0.42598341389907923
1656602118.1451962 -10.189302808448002 48.73131104222442 0.42712874769530373
1656602118.245196 -10.075141800287756 48.729387995519374 0.4293704880241459
1656602118.3451962 -9.960980792127511 48.72746494881434 0.43161222835298807
1656602118.4451962 -9.846819783967268 48.72554190210929 0.4338539686818302
1656602118.545196 -9.733576896278802 48.719485950232865 0.4361204680735523
1656602118.6451962 -9.625660182510748 48.68945430843775 0.43853059902459424
1656602118.745196 -9.517743468742692 48.659422666642634 0.44094072997563616
1656602118.8451962 -9.409826754974636 48.629391024847514 0.44335086092667814
1656602118.9451962 -9.30191004120658 48.599359383052395 0.44576099187772006
1656602119.045196 -9.193993327438527 48.56932774125728 0.448171122828762
1656602119.1451962 -9.086076613670471 48.53929609946216 0.4505812537798039
1656602119.245196 -8.978159899902415 48.509264457667044 0.4529913847308458
1656602119.3451962 -8.870112851412571 48.4768093976681 0.45546339523589136
1656602119.4451962 -8.761312419906956 48.43034608192731 0.45829309250597866
1656602119.545196 -8.652511988401342 48.383882766186524 0.461122789776066
1656602119.6451962 -8.543711556895726 48.337419450445736 0.4639524870461534
1656602186.2454467 1.314760939197069 27.518979302976692 0.4802718540955323
1656602186.3454466 1.2311828147129793 27.526329693072523 0.4776266199801027
1656602186.4454467 1.14760469022889 27.533680083168356 0.47498138586467314
1656602186.5454466 1.0632550078396523 27.539868471336373 0.4723951102351113
1656602186.6454468 0.9737348746334221 27.53826992118529 0.47020393385784137
1656602186.7454467 0.8842147414271919 27.536671371034206 0.46801275748057136
1656602186.8454466 0.7946946082209617 27.535072820883123 0.46582158110330135
1656602186.9454467 0.7051360145924486 27.53293405685052 0.463640315707741
1656602187.0454466 0.6153196779980575 27.527175043227153 0.4615254688710255
1656602187.1454468 0.5255033414036665 27.521416029603788 0.4594106220343101
1656602187.2454467 0.4356870048092756 27.51565701598042 0.4572957751975946
1656602187.3454466 0.34658013469094423 27.509353691335363 0.45519214919067474
1656602187.4454467 0.2621745504317797 27.49944348490574 0.4531628781113325
1656602187.5454466 0.17776896617261512 27.489533278476113 0.45113360703199024
1656602187.6454468 0.09336338191345056 27.479623072046486 0.4491043359526479
1656602187.7454467 0.00900288930536495 27.46927045226762 0.44711853507707244
1656602187.8454466 -0.0750550776007838 27.455949624276723 0.4454243814043208
1656602187.9454467 -0.15911304450693256 27.442628796285828 0.4437302277315691
1656602188.0454466 -0.2431710114130813 27.42930796829493 0.4420360740588174
1656602188.1454468 -0.32726451097788684 27.415789708298398 0.44055128780706315
1656602188.2454467 -0.4115983273640654 27.40093616313535 0.4404825091104736
1656602188.3454466 -0.49593214375024386 27.386082617972296 0.4404137304138841
1656602188.4454467 -0.5802659601364224 27.371229072809246 0.44034495171729454
1656602188.5454466 -0.6641833449951838 27.355873371512956 0.44030616170810233
1656602188.6454468 -0.7452401725664367 27.337068252264793 0.44047337041089335
1656602188.7454467 -0.8262970001376897 27.318263133016632 0.44064057911368437
1656602188.8454466 -0.9073538277089426 27.29945801376847 0.4408077878164754
1656602188.9454467 -0.9888010304595974 27.280445260188646 0.4408516521843269
1656602189.0454466 -1.0729192587949974 27.26001183070164 0.4400515697754861
1656602189.1454468 -1.1570374871303972 27.239578401214633 0.4392514873666453
1656602189.2454467 -1.2411557154657973 27.219144971727623 0.43845140495780455
1656602189.3454466 -1.3254374834893399 27.19813651764115 0.4376155788349625
1656602189.4454467 -1.4108399375618852 27.173187600821883 0.43653481228160085
1656602189.5454466 -1.4962423916344307 27.148238684002617 0.4354540457282392
1656602189.6454468 -1.581644845706976 27.12328976718335 0.4343732791748775
1656602189.7454467 -1.6670610764090354 27.09814897102715 0.4332665674740858
1656602189.8454466 -1.7525715651656908 27.071695359352557 0.43198234217169185
1656602189.9454467 -1.8380820539223461 27.045241747677967 0.4306981168692979
1656602190.0454466 -1.9235925426790015 27.018788136003376 0.4294138915669039
1656602190.1454468 -2.008793868927668 26.99236490505977 0.4280957978407629
1656602190.2454467 -2.091841941685241 26.96615326967956 0.4265418174861124
1656602190.3454466 -2.1748900144428136 26.939941634299345 0.424987837131462
1656602190.4454467 -2.2579380872003867 26.913729998919134 0.4234338567768115
1656602190.5454466 -2.34143506633368 26.887553065757128 0.42186166551239285
1656602190.6454468 -2.428079992823509 26.861619481235238 0.42016177059223325
1656602190.7454467 -2.514724919313338 26.835685896713347 0.4184618756720737
1656602190.8454466 -2.601369845803167 26.809752312191456 0.4167619807519141
1656602190.9454467 -2.6872736873922216 26.783864797259323 0.41502859153837446
1656602191.0454466 -2.7679734841898065 26.758300792101 0.41305999877011884
1656602191.1454468 -2.8486732809873914 26.732736786942677 0.4110914060018633
1656602191.2454467 -2.9293730777849762 26.707172781784354 0.40912281323360766
1656602191.3454466 -3.008990930139576 26.681689099963364 0.4071730717849024
1656602191.4454467 -3.081836699123158 26.65670817624664 0.4053413241097931
1656602191.5454466 -3.1546824681067402 26.63172725252991 0.4035095764346838
1656602191.6454468 -3.227528237090322 26.60674632881318 0.40167782875957453
1656602191.7454467 -3.299897332393606 26.58151569317728 0.39968704348070594
1656602191.8454466 -3.3692859889005735 26.554723714587965 0.3967018633696719
1656602191.9454467 -3.438674645407541 26.527931735998646 0.39371668325863785
1656602192.0454466 -3.5080633019145084 26.50113975740933 0.39073150314760374
1656602192.1454468 -3.5771054491362118 26.474905751894994 0.3878490631238527
1656602192.2454467 -3.6437443065551745 26.452541688856456 0.38567919911061616
1656602192.3454466 -3.7103831639741376 26.43017762581792 0.38350933509737967
1656602192.4454467 -3.7770220213931003 26.40781356277938 0.3813394710841431
1656602192.5454466 -3.841850165512533 26.385939238732636 0.3793575884091653
1656602192.6454468 -3.8942970963457344 26.36741362975498 0.3786610760042439
1656602192.7454467 -3.9467440271789354 26.348888020777327 0.3779645635993225
1656602192.8454466 -3.9991909580121368 26.33036241179967 0.3772680511944011
1656602192.9454467 -4.0515720092428875 26.310982896437924 0.37650164741406994
1656602193.0454466 -4.103502587995687 26.28576452791869 0.3752573393978704
1656602193.1454465 -4.1554331667484865 26.260546159399453 0.3740130313816709
1656602193.2454467 -4.207363745501286 26.23532779088022 0.37276872336547134
1656602193.3454466 -4.258933339295812 26.210689368233943 0.3714455686978169
1656602193.4454467 -4.308033876051991 26.190017646710988 0.3695831204245325
1656602193.5454466 -4.35713441280817 26.169345925188036 0.3677206721512481
1656602193.6454465 -4.406234949564349 26.148674203665085 0.3658582238779637
1656602193.7454467 -4.455290546066811 26.12827935187318 0.36412220532055145
1656602193.8454466 -4.504038211080384 26.109781616840902 0.3632524856250226
1656602193.9454467 -4.5527858760939575 26.09128388180863 0.36238276592949376
1656602194.0454466 -4.601533541107531 26.07278614677635 0.3615130462339649
1656602224.526403 -11.879998893232475 48.198917529404795 0.42582377898390866
1656602224.6264029 -11.831141983895552 48.297093960064686 0.4256128066053267
1656602224.726403 -11.7819485649618 48.395659076355244 0.42536609938340236
1656602224.826403 -11.73275514602805 48.4942241926458 0.42511939216147804
1656602224.926403 -11.683561727094297 48.59278930893636 0.4248726849395537
1656602225.026403 -11.628015162608213 48.687714419668836 0.4254671582543159
1656602225.1264029 -11.572055224990919 48.78240269016481 0.4261163637374974
1656602225.226403 -11.516095287373625 48.87709096066077 0.4267655692206789
1656602225.326403 -11.460135349756333 48.971779231156745 0.4274147747038604
1656602225.426403 -11.40595958875062 49.0609599725192 0.4278384124305116
1656602225.526403 -11.351899952539934 49.14978225122299 0.42824736886982756
1656602225.6264029 -11.297840316329248 49.23860452992677 0.4286563253091435
1656602225.726403 -11.243780680118562 49.327426808630555 0.42906528174845937
1656602225.826403 -11.184757731609222 49.41818362809012 0.42978451627325104
1656602225.926403 -11.125330554691308 49.50909800288451 0.4305290208614925
1656602226.026403 -11.065903377773394 49.600012377678894 0.4312735254497339
1656602226.1264029 -11.006476200855479 49.69092675247328 0.4320180300379753
1656602226.226403 -10.939066839947714 49.78520919880093 0.4331831041474098
1656602226.326403 -10.871119283066438 49.87971873617784 0.434376535010231
1656602226.426403 -10.803171726185163 49.97422827355476 0.43556996587305213
1656602226.526403 -10.735224169303887 50.06873781093167 0.43676339673587333
1656602226.6264029 -10.659001823149447 50.168069048232944 0.4375579906438348
1656602226.726403 -10.582229358767655 50.26772083810996 0.4383260693776489
1656602226.826403 -10.505456894385862 50.367372627986974 0.439094148111463
1656602226.926403 -10.428684430004068 50.46702441786398 0.4398622268452771
1656602227.026403 -10.363616404412525 50.557416730012186 0.4395971843695941
1656602227.1264029 -10.299184902650737 50.64730548292691 0.4392759575453356
1656602227.226403 -10.234753400888948 50.73719423584164 0.4389547307210771
1656602227.326403 -10.170321899127162 50.827082988756366 0.4386335038968186
1656602227.426403 -10.10991841239156 50.90136415566267 0.43802833031278526
1656602227.526403 -10.049676699768417 50.97501848692965 0.43741175279039773
1656602227.6264029 -9.989434987145275 51.04867281819663 0.43679517526801026
1656602227.726403 -9.929193274522133 51.12232714946361 0.43617859774562273
1656602227.826403 -9.865866765738833 51.19827873940953 0.4364429801678038
1656602227.926403 -9.802286748442258 51.2744191180475 0.4367797598681862
1656602228.026403 -9.738706731145683 51.35055949668547 0.43711653956856855
1656602228.1264029 -9.67512671384911 51.426699875323436 0.4374533192689509
1656602228.226403 -9.601809889099572 51.50681910049059 0.43940805519304166
1656602228.326403 -9.527829469146155 51.587209497033626 0.4414730601139597
1656602228.426403 -9.453849049192739 51.66759989357666 0.4435380650348777
1656602228.526403 -9.379868629239322 51.747990290119695 0.44560306995579574
1656602228.6264029 -9.293964477133589 51.83320952923386 0.4485401914785073
1656602228.726403 -9.2072277565535 51.91876593980081 0.4515382080950819
1656602228.826403 -9.120491035973414 52.00432235036776 0.4545362247116564
1656602228.926403 -9.033754315393328 52.0898787609347 0.45753424132823095
1656602229.026403 -8.937925441786286 52.15535139845669 0.46044871372537605
1656602229.1264029 -8.841452191529966 52.2194006641611 0.4633572651988385
1656602229.226403 -8.744978941273645 52.28344992986552 0.46626581667230105
1656602229.326403 -8.648505691017325 52.34749919556993 0.4691743681457636
1656602229.426403 -8.547210949704867 52.3990473179117 0.47020730596039145
1656602229.526403 -8.445643519800672 52.44988841432747 0.4711341648792348
1656602229.6264029 -8.344076089896479 52.500729510743234 0.4720610237980781
1656602229.726403 -8.242508659992284 52.551570607159 0.47298788271692144
1656602229.826403 -8.125337446825483 52.58721899082289 0.4738183066749876
1656602229.926403 -8.00728624807421 52.62201057149319 0.4746432921202332
1656602230.026403 -7.889235049322936 52.65680215216349 0.47546827756547877
1656602230.1264029 -7.771183850571663 52.691593732833795 0.47629326301072433
1656602230.226403 -7.650918970944316 52.711373629249124 0.47740065576486845
1656602230.326403 -7.530529606170022 52.73030935171843 0.4785239295413075
1656602230.426403 -7.410140241395729 52.74924507418774 0.47964720331774663
1656602230.526403 -7.2897508766214365 52.76818079665705 0.4807704770941857
1656602230.6264029 -7.164629710328703 52.763304395480354 0.48136835442141895
1656602230.726403 -7.039242498966937 52.757089160023625 0.48193669138563106
1656602230.826403 -6.9138552876051715 52.750873924566896 0.4825050283498432
1656602230.926403 -6.788468076243405 52.74465868911017 0.48307336531405537
1656602231.026403 -6.663793390459502 52.695515028571194 0.4826140573615131
1656602231.1264029 -6.539159169121434 52.64393345564635 0.4820963892835752
1656602231.226403 -6.414524947783367 52.59235188272151 0.4815787212056373
1656602231.326403 -6.289890726445298 52.54077030979666 0.48106105312769937
1656602231.4264028 -6.177709904451271 52.473822552574305 0.4813488027580011
1656602231.526403 -6.066230923783662 52.40600879701114 0.48168194364389944
1656602231.6264029 -5.954751943116053 52.338195041447975 0.4820150845297977
1656602231.726403 -5.843272962448443 52.27038128588481 0.482348225415696
1656602298.2461016 -7.004378154694848 14.17337958264035 0.3738318380990938
1656602298.3461015 -7.013613357422242 14.249832306727159 0.3738529647305806
1656602298.4461017 -7.022848560149636 14.326285030813967 0.37387409136206734
1656602298.5461016 -7.0310331126738195 14.398604152286987 0.373926548663545
1656602298.6461017 -7.0336730874619136 14.449109085791228 0.3741443467556663
1656602298.7461016 -7.036313062250007 14.49961401929547 0.3743621448477877
1656602298.8461015 -7.0389530370381 14.55011895279971 0.37457994293990904
1656602298.9461017 -7.041180485130126 14.594643148644101 0.374739444042607
1656602299.0461016 -7.040733890872394 14.600399560639133 0.3745210577986983
1656602299.1461017 -7.040287296614663 14.606155972634165 0.3743026715547896
1656602299.2461016 -7.039840702356931 14.611912384629196 0.37408428531088084
1656602299.3461015 -7.039829715619259 14.616505468203115 0.3739067640539512
1656602299.4461017 -7.0421436141991345 14.614889739850746 0.373947343733884
1656602299.5461016 -7.04445751277901 14.613274011498376 0.3739879234138168
1656602299.6461017 -7.046771411358885 14.611658283146005 0.3740285030937496
1656602299.7461016 -7.048865034320665 14.610212719681812 0.3740834031477092
1656602299.8461015 -7.04951866965341 14.609879559560252 0.3742319184715748
1656602299.9461017 -7.050172304986154 14.609546399438692 0.3743804337954404
1656602300.0461016 -7.0508259403189 14.609213239317134 0.37452894911930595
1656602300.1461017 -7.051406079647113 14.608888491483409 0.37466612270020966
1656602300.2461016 -7.051552271622663 14.60861341288081 0.3747363304730498
1656602300.3461015 -7.051698463598212 14.60833833427821 0.37480653824588983
1656602300.4461017 -7.0518446555737615 14.608063255675612 0.37487674601872994
1656602300.5461016 -7.051988930143113 14.607811073206152 0.374936079333814
1656602300.6461017 -7.0521218844265094 14.607694068548625 0.3749312103053618
1656602300.7461016 -7.0522548387099055 14.6075770638911 0.37492634127690966
1656602300.8461015 -7.0523877929933025 14.607460059233572 0.37492147224845745
1656602300.9461017 -7.052506167594115 14.60735897395596 0.37491490015535545
1656602301.0461016 -7.05254720844735 14.60734232846645 0.3748992946439344
1656602301.1461017 -7.052588249300586 14.607325682976937 0.3748836891325134
1656602301.2461016 -7.052629290153821 14.607309037487425 0.37486808362109236
1656602301.3461015 -7.052667919860237 14.607306099763672 0.37485363469615546
1656602301.4461017 -7.052692456658568 14.607383282537546 0.37484594590166515
1656602301.5461016 -7.052716993456899 14.60746046531142 0.3748382571071748
1656602301.6461017 -7.05274153025523 14.607537648085293 0.37483056831268446
1656602301.7461016 -7.052762656884992 14.607601602605373 0.3748231247991104
1656602301.8461015 -7.052763645286063 14.607587439696749 0.37481712975445675
1656602301.9461017 -7.052764633687135 14.607573276788125 0.3748111347098031
1656602302.0461016 -7.052765622088206 14.607559113879502 0.37480513966514944
1656602302.1461017 -7.05277047082153 14.6075552013216 0.3747992573341723
1656602302.2461016 -7.0528007201638205 14.607618735069732 0.3747941166481712
1656602302.3461015 -7.052830969506112 14.607682268817861 0.3747889759621701
1656602302.4461017 -7.052861218848403 14.607745802565992 0.37478383527616904
1656602302.5461016 -7.0528862462281205 14.607800551063363 0.37477870470554314
1656602302.6461017 -7.05288046706242 14.60780347168517 0.37477363380975426
1656602302.7461016 -7.05287468789672 14.607806392306976 0.37476856291396543
1656602302.8461015 -7.05286890873102 14.607809312928783 0.37476349201817655
1656602302.9461017 -7.052862875483294 14.607813466631221 0.37475766452513337
1656602303.0461016 -7.052855149828871 14.607825833720314 0.374746797438062
1656602303.1461017 -7.052847424174448 14.60783820080941 0.37473593035099056
1656602303.2461016 -7.052839698520026 14.607850567898502 0.3747250632639192
1656602303.3461015 -7.0528290239196405 14.607849277768498 0.3747134371738111
1656602303.4461017 -7.052800747797549 14.607766471109738 0.3746972807842015
1656602303.5461016 -7.052772471675458 14.607683664450976 0.37468112439459195
1656602303.6461017 -7.052744195553366 14.607600857792214 0.37466496800498233
1656602303.7461016 -7.052720220868053 14.60752966164333 0.3746502421900101
1656602303.8461015 -7.052724926888447 14.607535880933549 0.37464505502276935
1656602303.9461017 -7.052729632908842 14.607542100223766 0.37463986785552855
1656602304.0461016 -7.052734338929236 14.607548319513985 0.37463468068828776
1656602304.1461017 -7.052737312062925 14.607545438830902 0.3746292551579056
1656602304.2461016 -7.052729948283059 14.607488275523886 0.37462240775777333
1656602304.3461015 -7.052722584503194 14.607431112216869 0.37461556035764104
1656602304.4461017 -7.052715220723328 14.607373948909851 0.3746087129575088
1656602304.5461016 -7.052692546048807 14.60728997379209 0.3745997725444419
1656602304.6461015 -7.052567986803159 14.607027582592163 0.3745769044197678
1656602304.7461016 -7.052443427557511 14.606765191392235 0.3745540362950937
1656602304.8461015 -7.052318868311865 14.606502800192308 0.37453116817041965
1656602304.9461017 -7.052237125718346 14.606334356338705 0.37451122742675014
1656602305.0461016 -7.052411942948911 14.606728850348004 0.3745088277171927
1656602305.1461015 -7.0525867601794765 14.607123344357301 0.37450642800763523
1656602305.2461016 -7.052761577410042 14.6075178383666 0.37450402829807783
1656602305.3461015 -7.052908211617718 14.607854694342327 0.3745003174308768
1656602305.4461017 -7.0528661661156065 14.607805675194234 0.37448782862510455
1656602305.5461016 -7.052824120613495 14.60775665604614 0.3744753398193323
1656602305.6461015 -7.052782075111384 14.607707636898049 0.37446285101355997
1656602305.7461016 -7.05275062410018 14.607669333808952 0.3744513950008069
1656602305.8461015 -7.052782933303418 14.607695522560531 0.37444615458679775
1656602305.9461017 -7.052815242506656 14.607721711312111 0.37444091417278863
1656602306.0461016 -7.0528475517098945 14.607747900063691 0.37443567375877945
1656602306.1461015 -7.052874195924499 14.607771667625094 0.3744308793737924
1656602306.2461016 -7.052866755240713 14.607780867457166 0.37442876864006674
1656602306.3461015 -7.052859314556928 14.607790067289237 0.3744266579063411
1656602306.4461017 -7.052851873873142 14.60779926712131 0.3744245471726155
1656602306.5461016 -7.052832272453014 14.60778129789359 0.374422407747425
1656602306.6461015 -7.0527392387019665 14.607599268913809 0.3744200950694745
1656602306.7461016 -7.0526462049509195 14.607417239934028 0.37441778239152396
1656602306.8461015 -7.052553171199872 14.607235210954245 0.3744154697135734
1656602306.9461017 -7.052488865288507 14.607111757041617 0.3744145757844235
1656602307.0461016 -7.05261718551203 14.607381061126484 0.37442319486080583
1656602307.1461015 -7.052745505735553 14.60765036521135 0.3744318139371882
1656602307.2461016 -7.052873825959076 14.607919669296217 0.3744404330135706
1656602307.3461015 -7.052977568254302 14.608136008045305 0.3744478454253273
1656602307.4461017 -7.052933086316972 14.608032924174513 0.3744479807006251
1656602307.5461016 -7.052888604379642 14.607929840303722 0.374448115975923
1656602307.6461015 -7.052844122442312 14.607826756432932 0.3744482512512208
1656602307.7461016 -7.0528070118485555 14.607739805128194 0.3744490133946544
1656602307.8461015 -7.052819539002266 14.60776148859699 0.3744539967932648
1656602307.9461017 -7.052832066155978 14.607783172065787 0.3744589801918752
1656602308.0461016 -7.052844593309689 14.607804855534583 0.37446396359048556
1656602308.1461015 -7.052850781692393 14.607815410443946 0.3744679340097901
1656602308.2461016 -7.052818782746266 14.607758922395293 0.3744658018306881
1656602308.3461015 -7.052786783800141 14.60770243434664 0.3744636696515861
1656602308.4461017 -7.052754784854014 14.607645946297987 0.3744615374724841
1656602308.5461016 -7.052729976470782 14.60760448893433 0.374459598668301
1656602308.6461015 -7.052752914653763 14.607662837887212 0.3744589439066195
1656602308.7461016 -7.052775852836745 14.607721186840093 0.37445828914493806
1656602308.8461015 -7.052798791019726 14.607779535792977 0.3744576343832566
1656602308.9461017 -7.052825782628136 14.607840984907593 0.37445691107080115
1656602309.0461016 -7.0528798949000695 14.607923176587917 0.37445572909874825
1656602309.1461015 -7.052934007172003 14.60800536826824 0.3744545471266953
1656602309.2461016 -7.0529881194439366 14.608087559948563 0.37445336515464234
1656602309.3461015 -7.053026574508666 14.608139100915917 0.37445142776023776
1656602309.4461017 -7.052959899543571 14.607984838234714 0.37444441809634565
1656602309.5461016 -7.052893224578475 14.60783057555351 0.37443740843245354
1656602309.6461015 -7.052826549613379 14.607676312872306 0.37443039876856143
1656602309.7461016 -7.05277007835323 14.607548771962485 0.37442375069338485
1656602309.8461015 -7.052775194526646 14.607582518087941 0.3744192850922327
1656602309.9461017 -7.052780310700061 14.607616264213398 0.3744148194910805
1656602310.0461016 -7.052785426873476 14.607650010338856 0.3744103538899283
1656602310.1461015 -7.052788562728629 14.607677193364935 0.3744061758449855
1656602310.2461016 -7.05277976926748 14.60766484068108 0.3744037300210909
1656602310.3461015 -7.0527709758063315 14.607652487997225 0.3744012841971963
1656602310.4461017 -7.052762182345182 14.60764013531337 0.37439883837330173
