1.0 0.0 0.0 0.0 0.0 1.0 0.0 0.0 0.0 0.0 1.0 0.0
-0.8278927468153834 0.5608858726411957 -0.0007985248922290663 2.585435851320633 -0.5608811284778006 -0.8278902626473041 -0.0031737566457711217 -2.394767850838259 -0.0024412062485720254 -0.0021796525645199905 0.9999946447990359 0.35429074942625327
0.7949721689131279 0.6066458975394904 7.518020592217116e-05 4.953791935055862 -0.6066454849005642 0.7949717613237535 -0.0010744056814801593 -4.06207528008166 -0.0007115499396816898 0.0008085148824222878 0.999999420000016 0.1712461031290619
1.0 0.0 0.0 0.0 0.0 1.0 0.0 0.0 0.0 0.0 1.0 0.0
-0.82792571240733 0.5608371746158907 -0.0008235919380603997 2.5859250100444253 -0.5608323836363626 -0.8279232960097305 -0.003170707987084582 -2.3951910917819563 -0.002460121860934583 -0.002163213639276504 0.9999946341391939 0.3544005970175442
0.79492321234934 0.6067100512352255 1.408389800396017e-05 4.954514026792266 -0.6067098565950526 0.7949229755018834 -0.000782898232710953 -4.0630565496095405 -0.0004861878409880031 0.0006137991383509296 0.9999996934359535 0.1715892297397211
1.0 0.0 0.0 0.0 0.0 1.0 0.0 0.0 0.0 0.0 1.0 0.0
-0.8279334419205102 0.5608257100633505 -0.0008594658780903083 2.585963499983827 -0.5608206628577665 -0.8279309592736033 -0.0032420345565508644 -2.3953631541828417 -0.0025297947411378197 -0.0022021826057761554 0.9999943752493503 0.35510075277483266
0.7949196337449105 0.6067147399915181 -1.2801639223767939e-05 4.9546723728455895 -0.606714547847919 0.7949193648453835 -0.0008129105160987617 -4.063178116609173 -0.00048302852149049395 0.0006539654704779685 0.9999996695062509 0.1721008469779078
1.0 0.0 0.0 0.0 0.0 1.0 0.0 0.0 0.0 0.0 1.0 0.0
-0.8279399011803132 0.560816161611619 -0.0008677031425218045 2.585947412605075 -0.5608111604727007 -0.827937494816462 -0.0032166700644443045 -2.3954665465467957 -0.002522364524776499 -0.0021765918889822267 0.9999944500470755 0.3548883816909014
0.794909535814585 0.6067279702018821 6.763515262605901e-06 4.954871813922788 -0.60672783278261 0.7949093631786128 -0.0006642724512757832 -4.063240416771098 -0.0004084090576338328 0.0005239328929407747 0.9999997793481583 0.17120413635078163
1.0 0.0 0.0 0.0 0.0 1.0 0.0 0.0 0.0 0.0 1.0 0.0
-0.8279385152038405 0.5608182833604641 -0.0008173681435669648 2.58623556638203 -0.5608138029408009 -0.8279363430596443 -0.0030479947669125773 -2.395883867522765 -0.0023860999845898845 -0.002065160924670212 0.9999950208062132 0.35419834864689115
0.7949038940210688 0.6067353589244854 -5.916854830251867e-05 4.95534202201671 -0.6067352559313729 0.7949036939152077 -0.0006682887470777567 -4.0635964542398515 -0.0003584411152141439 0.0005671249716799852 0.9999997749445914 0.17233404764394283
1.0 0.0 0.0 0.0 0.0 1.0 0.0 0.0 0.0 0.0 1.0 0.0
-0.8279308179252185 0.5608295996431113 -0.0008490546660750307 2.5859458215418742 -0.5608246484130417 -0.8279283728242575 -0.0032129744731675116 -2.3952559696420255 -0.002504887635572439 -0.0021839497989574533 0.9999944779353578 0.3548479143458149
0.7949187944690803 0.6067158397455028 -1.316468357577366e-06 4.9544325318751286 -0.6067156387837529 0.7949185293992909 -0.0008156426249437597 -4.062882333834614 -0.0004938168150341732 0.0006491683740783953 0.9999996673626323 0.171429008814796
1.0 0.0 0.0 0.0 0.0 1.0 0.0 0.0 0.0 0.0 1.0 0.0
-0.827929123018404 0.5608320632826124 -0.0008741007637842305 2.5859483070057987 -0.5608268556140288 -0.8279265663738933 -0.003292220286736334 -2.3948415860831496 -0.002570073940215939 -0.002235505871938069 0.999994198599891 0.35515124746320414
0.7949190083060422 0.606715556835345 5.768635652266604e-05 4.95429684941569 -0.606715373331084 0.7949188351922004 -0.0007079692074103792 -4.062841715130239 -0.00047539190322974656 0.0005277789809321129 0.999999747725911 0.1706926140465549
1.0 0.0 0.0 0.0 0.0 1.0 0.0 0.0 0.0 0.0 1.0 0.0
-0.827943179014967 0.5608112912266663 -0.000887668445979642 2.5858621005520104 -0.5608061663546263 -0.8279407543970763 -0.0032482282904113748 -2.3956758304295365 -0.002556579984563462 -0.0021915385187457267 0.9999943305127802 0.35535091171514743
0.7949132510193229 0.6067231026991067 2.2494715432948585e-06 4.954570807613279 -0.6067229433355059 0.7949130449015015 -0.0007218557502023119 -4.063050920421647 -0.00043975469473783724 0.0005724478951646059 0.999999739459574 0.17148137852205653
1.0 0.0 0.0 0.0 0.0 1.0 0.0 0.0 0.0 0.0 1.0 0.0
-0.8279065058443009 0.5608653305080764 -0.0009479529238894632 2.5854206745746318 -0.5608594563957342 -0.8279037159390796 -0.0034795553947864107 -2.3941821426040866 -0.0027363757347414197 -0.002349078187207927 0.99999349701861 0.35650994680964326
0.7949516502939507 0.6066727490691607 0.00022188238213098635 4.953164824700472 -0.6066724313129342 0.7949515250982722 -0.0007961336472272184 -4.061650766253425 -0.0006593783264572601 0.0004982778324849127 0.9999996584696538 0.1688544630336848
1.0 0.0 0.0 0.0 0.0 1.0 0.0 0.0 0.0 0.0 1.0 0.0
-0.8279089135804587 0.5608618796104202 -0.0008847677047617471 2.585628358634189 -0.560856520544589 -0.8279062739597742 -0.0033413920241933746 -2.3943955968658615 -0.002606564144973622 -0.0022701405042134595 0.9999940261248811 0.3554888267042008
0.794936253633523 0.6066929577239943 8.779072024046922e-05 4.953530399766081 -0.6066926707004874 0.7949360032133055 -0.0008683971244100327 -4.062272273444623 -0.0005966384241545102 0.0006370583702192192 0.9999996190895394 0.17038609426387866
1.0 0.0 0.0 0.0 0.0 1.0 0.0 0.0 0.0 0.0 1.0 0.0
-0.8279208763733217 0.5608442500336184 -0.0008658345445418827 2.5857850565872322 -0.5608390997077468 -0.8279183325299362 -0.003277026068477442 -2.3947304342452385 -0.002554741520079812 -0.002227524428055315 0.9999942556988455 0.3549751439104961
0.7949270008875946 0.606705080708447 9.111756707480443e-05 4.954091230907686 -0.6067048702492664 0.7949268343171491 -0.0007269789108272714 -4.062557581946055 -0.000513493597912253 0.0005226136935829045 0.9999997315995901 0.17009949413164113
1.0 0.0 0.0 0.0 0.0 1.0 0.0 0.0 0.0 0.0 1.0 0.0
-0.8279192947692668 0.5608465700127494 -0.0008753591800802638 2.585653002415276 -0.5608414856868148 -0.8279168507249941 -0.003242871908287964 -2.3952534105766725 -0.0025434782023792957 -0.002193898480271017 0.9999943587481342 0.35528815311775963
0.794948736368329 0.6066765957394094 0.00012136077683492622 4.954141391721403 -0.6066763260242868 0.7949485439679168 -0.0008049130154679907 -4.06233953192824 -0.0005847974609302035 0.000566237874319038 0.9999996686932449 0.17046726788245875
1.0 0.0 0.0 0.0 0.0 1.0 0.0 0.0 0.0 0.0 1.0 0.0
-0.8279114800081757 0.5608582172476981 -0.0008008847638829008 2.585820466447225 -0.5608535580413179 -0.8279090814845447 -0.003136754343569926 -2.395101441972493 -0.0024223342183198604 -0.0021477758616022316 0.999994759664161 0.35415786700456586
0.7949615679999925 0.6066597798584817 0.0001300194286837181 4.954569834704748 -0.6066595070066606 0.7949613823354595 -0.0008019686594914108 -4.0624522664152325 -0.0005898825551773363 0.0005586567405295936 0.9999996699705542 0.17055990844726646
1.0 0.0 0.0 0.0 0.0 1.0 0.0 0.0 0.0 0.0 1.0 0.0
-0.8279222571047746 0.560842198425572 -0.0008744459427814768 2.58579537298401 -0.5608369766061307 -0.8279196897988721 -0.0032974102919838245 -2.3948637681089195 -0.0025732978509608595 -0.002239577752784702 0.9999941811979005 0.35534830494999825
0.794935568346339 0.606693857283935 7.557660507277976e-05 4.953891320591993 -0.6066935968381506 0.7949353312202689 -0.0008359026910478517 -4.062383553918561 -0.0005672155415318786 0.0006186369384219431 0.9999996477773719 0.17062965272964598
1.0 0.0 0.0 0.0 0.0 1.0 0.0 0.0 0.0 0.0 1.0 0.0
-0.8279323099375371 0.5608273781599078 -0.0008614335592669821 2.5860243506995886 -0.5608222821473763 -0.8279297935614653 -0.0032595674986061994 -2.3951660035478874 -0.0025412612030693837 -0.002215590113891913 0.9999943165598217 0.3551222988251145
0.7949082634769826 0.6067296371615062 -6.773112736335735e-06 4.954753909200217 -0.6067294712597234 0.7949080377650101 -0.0007484660833662621 -4.06317553664127 -0.0004487325534337037 0.0005990713217093914 0.9999997198762842 0.17163552915005764
