1.0 0.0 0.0 0.0 0.0 1.0 0.0 0.0 0.0 0.0 1.0 0.0
0.473799061985427 -0.8806329295294787 0.00030379278747890977 0.2478571009439996 0.8806329507906483 0.4737991087781225 0.00010248323048446573 -1.205155591858948 -0.00023418685944990813 0.00021897348039368964 0.9999999486035638 -0.04780472532202651
-0.8553802667511305 0.5180005036179068 0.00027839604802519665 -0.7583052094620513 -0.518000496920961 -0.8553803101165376 0.00010126486557804001 0.34242106008511897 0.00029058974926323794 -5.7589323487223926e-05 0.9999999561205326 -0.3337542748635632
1.0 0.0 0.0 0.0 0.0 1.0 0.0 0.0 0.0 0.0 1.0 0.0
0.4737956298463323 -0.880634805422611 0.00020153609523386123 0.24740071495115146 0.8806348081382235 0.47379565568643517 0.00010652706512027475 -1.2046217871085467 -0.00018929836765024634 0.00012700764264485655 0.999999974017593 -0.046810199257110274
-0.8553771953176094 0.5180056186905504 0.00018092981951798548 -0.7587909757825102 -0.5180056095767755 -0.8553772143925331 9.769883691972813e-05 0.3425039772572518 0.00020537179148378507 -1.0153304339838605e-05 0.9999999788596687 -0.33261695754918924
1.0 0.0 0.0 0.0 0.0 1.0 0.0 0.0 0.0 0.0 1.0 0.0
0.47381134727049296 -0.8806263509017307 0.00019311970638511545 0.24797439575331026 0.8806263468310749 0.4738113748050044 0.00013554462709198723 -1.2054209293750207 -0.00021086648392461448 0.00010584371915728148 0.9999999721662162 -0.046727243481502034
-0.8553783835916041 0.5180036468024926 0.000206841810250283 -0.7584962919886618 -0.5180036368152855 -0.8553784083961521 0.00010342051802894896 0.34225259383484996 0.0002305002239348693 -1.868113441330033e-05 0.9999999732603305 -0.3330113122550431
1.0 0.0 0.0 0.0 0.0 1.0 0.0 0.0 0.0 0.0 1.0 0.0
0.47380523657690704 -0.8806296363080041 0.0002035886380758146 0.24786193257746447 0.880629638010368 0.47380526364677017 0.00011312976394665863 -1.2052947203826285 -0.00019608679121895704 0.00012568471408109578 0.9999999728766611 -0.04668872275587621
-0.8553781601693271 0.5180040148850769 0.00020896956279123523 -0.7585092517958589 -0.5180040068987981 -0.8553781852667307 9.49030291048557e-05 0.34232256526325244 0.00022790815549741806 -2.7069092415539374e-05 0.9999999736625682 -0.3329752146536776
1.0 0.0 0.0 0.0 0.0 1.0 0.0 0.0 0.0 0.0 1.0 0.0
0.47381067207511474 -0.8806267093675939 0.0002139535737117244 0.24784406120029523 0.8806267092658976 0.4738107031954762 0.00012831571765204157 -1.205230091555908 -0.0002143717414075948 0.0001276158751349208 0.9999999688794721 -0.046774622386490994
-0.855378258610661 0.518003850573309 0.00021327779604067137 -0.7585112987640006 -0.5180038412427482 -0.855378284865135 0.00010118764287816886 0.3422703764887203 0.00023484878401841845 -2.3925007842809446e-05 0.9999999721368207 -0.33301613039670486
1.0 0.0 0.0 0.0 0.0 1.0 0.0 0.0 0.0 0.0 1.0 0.0
0.4738226560989619 -0.8806202656755507 0.00019557312523350395 0.24848336616052258 0.8806202633575316 0.473822683369409 0.0001284084305511132 -1.2059133346514361 -0.00020574604921997998 0.00011138283341955816 0.9999999726312134 -0.046979261089407864
-0.855385428254393 0.517991995966832 0.0002474759498408722 -0.7580900605116838 -0.5179919825952791 -0.8553854636816599 0.00012037077607700304 0.3420425090786168 0.0002740384286608963 -2.52271500587829e-05 0.9999999621332646 -0.33402458531352197
1.0 0.0 0.0 0.0 0.0 1.0 0.0 0.0 0.0 0.0 1.0 0.0
0.4738141905124873 -0.8806248165378788 0.0002129944210579644 0.2477706507123827 0.8806248147108393 0.47381422235040854 0.00013569811119065395 -1.205078614065215 -0.00022041891025035833 0.00012327248187073744 0.9999999681096992 -0.04671446326128037
-0.8553796318911903 0.5180015834452968 0.00021188170468092188 -0.7585535935945096 -0.5180015714918426 -0.8553796580213947 0.00011213912434085375 0.342359847760318 0.00023932754406568924 -1.383353309580742e-05 0.9999999712654798 -0.3329452614644385
1.0 0.0 0.0 0.0 0.0 1.0 0.0 0.0 0.0 0.0 1.0 0.0
0.4737897650892612 -0.8806379377128418 0.0002848816161481953 0.24773436933149284 0.880637950489156 0.4737898113470502 0.00012174557774077408 -1.2055021509236514 -0.0002421877816783914 0.00019319575389832534 0.9999999520102383 -0.0473113714816874
-0.8553787284567412 0.5180030428626037 0.000280158546933831 -0.758345731954857 -0.5180030391130918 -0.8553787717195485 9.143936153554078e-05 0.34214740612405237 0.00028700754127581376 -6.690769394406596e-05 0.9999999565750152 -0.3333586339895249
1.0 0.0 0.0 0.0 0.0 1.0 0.0 0.0 0.0 0.0 1.0 0.0
0.4738178522254162 -0.8806228504561403 0.00019536375473041813 0.24824595072230693 0.8806228527540998 0.47381787667593583 0.00010464004480424441 -1.2056943970662246 -0.00018471525397317982 0.0001224614657295396 0.9999999754417319 -0.0463886433896058
-0.8553801657044987 0.51800069542719 0.00022728020626850407 -0.7584028786252901 -0.5180006865534263 -0.8553801953222228 0.00010089942953688775 0.3421736996078675 0.0002466769618991423 -3.142393213033686e-05 0.999999969081506 -0.33331532747453774
1.0 0.0 0.0 0.0 0.0 1.0 0.0 0.0 0.0 0.0 1.0 0.0
0.47379375456653133 -0.880635795586941 0.000271412424998031 0.2478855385576182 0.8806358053905411 0.4737937979493946 0.00012364805338620948 -1.2054886485308334 -0.00023748242551701292 0.00018043182402244383 0.9999999555232262 -0.04722223972696027
-0.8553762793993591 0.5180070775781951 0.0002970181917635999 -0.7584435505512159 -0.518007075499802 -0.8553763275036447 8.988058301210123e-05 0.3421751932254722 0.00030062110820963867 -7.697580619856583e-05 0.9999999518508361 -0.33347169510658026
1.0 0.0 0.0 0.0 0.0 1.0 0.0 0.0 0.0 0.0 1.0 0.0
0.47380030724841155 -0.8806322944386941 0.00017562161520220845 0.24758636337789675 0.8806322945362199 0.47380032811748035 0.00010438218542787134 -1.2049423333756817 -0.0001751319023591964 0.00010520175443869157 0.9999999791307036 -0.046317654234031336
-0.8553767742252693 0.5180063007843618 0.00021555434189865475 -0.7586656134792644 -0.5180062916446514 -0.8553768010021728 0.00010061732314290178 0.34251323794311794 0.0002365005907714851 -2.5592783993669675e-05 0.9999999717062396 -0.33324717546478555
1.0 0.0 0.0 0.0 0.0 1.0 0.0 0.0 0.0 0.0 1.0 0.0
0.4738081022520966 -0.8806280949437739 0.0002015836470498674 0.24804887408518717 0.8806280957172783 0.4738081293545138 0.00011658017785764842 -1.2054896243921345 -0.0001981757506521497 0.00012228359039832712 0.9999999728865471 -0.046904712143643223
-0.8553786959526658 0.518003134821383 0.00019704196583368298 -0.7582346025252935 -0.5180031303597193 -0.8553787178821081 7.701878153091656e-05 0.3422751387532479 0.0002084414743769215 -3.61881302042983e-05 0.9999999776212853 -0.3330563624187245
1.0 0.0 0.0 0.0 0.0 1.0 0.0 0.0 0.0 0.0 1.0 0.0
0.4737953290989606 -0.8806349384208554 0.00030225238311709987 0.24791521120079452 0.8806349594089137 0.47379537547265643 0.00010221343002274053 -1.2057430912800449 -0.00023321849900033112 0.00021774576942161253 0.9999999490979545 -0.04776404356255648
-0.8553828156603663 0.517996276243776 0.00031059704869764896 -0.7581002081821993 -0.5179962755278096 -0.8553828678525519 8.901495815949142e-05 0.34219702217871273 0.0003117888111181518 -8.474624886895559e-05 0.999999947802904 -0.3339095413544868
1.0 0.0 0.0 0.0 0.0 1.0 0.0 0.0 0.0 0.0 1.0 0.0
0.4737975525607211 -0.880633782166154 0.00014455173438068168 0.247562580240011 0.8806337787463548 0.47379756853636734 0.00010853544185632588 -1.2050858320982973 -0.0001640682369382911 7.587331335436772e-05 0.9999999836624268 -0.046065875635312836
-0.8553743871296634 0.5180102557507817 0.00018105127132109154 -0.7588263217581375 -0.5180102477297802 -0.8553744061627141 9.235104724079546e-05 0.34259861223665133 0.00020270541329133997 -1.4791693474454393e-05 0.9999999793458603 -0.3326404615761097
1.0 0.0 0.0 0.0 0.0 1.0 0.0 0.0 0.0 0.0 1.0 0.0
0.4738095506342281 -0.8806273133365682 0.00021150273881311233 0.2480096241691232 0.8806273151281458 0.47380957987875955 0.00011775103709288676 -1.2053914192377038 -0.00020390680325795235 0.00013046352305154293 0.999999970700642 -0.046887870044918456
-0.8553806205856498 0.5179999445508287 0.00022665358429128056 -0.7583591974624273 -0.5179999346046059 -0.8553806501736355 0.00010515775104135401 0.34223119409987923 0.0002483467995037753 -2.7456639495639612e-05 0.9999999687849995 -0.3334164066756347
1.0 0.0 0.0 0.0 0.0 1.0 0.0 0.0 0.0 0.0 1.0 0.0
0.4738031076226135 -0.8806307950689255 0.00013410229886105774 0.2477916042565571 0.8806307898263682 0.4738031223426784 0.00011518730650539892 -1.2053563256281787 -0.00016497557722340174 6.351850958261123e-05 0.9999999843742287 -0.04587782143517449
-0.8553779088020594 0.5180044339070163 0.0001989625251405855 -0.7586389395827613 -0.5180044234085706 -0.8553779318405184 0.00010511608785427712 0.3423367476213546 0.00022463875285199094 -1.3149488705116023e-05 0.9999999746822604 -0.3331064348731909
1.0 0.0 0.0 0.0 0.0 1.0 0.0 0.0 0.0 0.0 1.0 0.0
0.47380383767196205 -0.8806303976900335 0.00016146707080778042 0.2475135663804231 0.8806303936906146 0.4738038574805068 0.00011977022032617609 -1.2049647589958337 -0.000181977017762071 8.544522010417172e-05 0.9999999797917396 -0.04588245825780646
-0.8553767043219204 0.5180064267376165 0.00018857862246149308 -0.758773316680216 -0.5180064178285669 -0.8553767249851453 9.717048665696491e-05 0.34236254267016264 0.0002116407010608508 -1.4567566066334341e-05 0.9999999774979995 -0.33261412087929954
1.0 0.0 0.0 0.0 0.0 1.0 0.0 0.0 0.0 0.0 1.0 0.0
0.47380948800049966 -0.8806273670249503 9.760843859293899e-05 0.2477600941278162 0.8806273636972349 0.47380949600257627 8.834841544095532e-05 -1.2052140659342871 -0.00012404983756591025 4.40963444669627e-05 0.9999999913335752 -0.0445686254413441
-0.8553774814966788 0.5180051430796176 0.00018945042522205591 -0.7588113793231788 -0.518005133756293 -0.8553775023731346 9.917672720975806e-05 0.34243598262918873 0.00021342568631843028 -1.3302753713573507e-05 0.9999999771362561 -0.3326177702023156
1.0 0.0 0.0 0.0 0.0 1.0 0.0 0.0 0.0 0.0 1.0 0.0
0.4737758086268634 -0.8806454706903036 0.0001952245238065755 0.24725032543030778 0.8806454734639928 0.4737758327220198 0.0001019604649265202 -1.205298116166679 -0.0001822836829612349 0.00012361719148088965 0.9999999757457242 -0.04620392651666383
-0.8553753071709257 0.5180087108485166 0.00024365406285569254 -0.758688402901722 -0.5180087071853287 -0.8553753400815842 8.282812220989933e-05 0.3423397850218439 0.0002513213656853985 -5.5365795622646714e-05 0.9999999668860994 -0.33293349947518724
1.0 0.0 0.0 0.0 0.0 1.0 0.0 0.0 0.0 0.0 1.0 0.0
0.47381300361847256 -0.8806254600661159 0.0001915342869292368 0.24800375936237273 0.8806254605225727 0.47381302823433863 0.00011204825920817188 -1.2054287814522704 -0.00018942399031545085 0.00011558004738727482 0.9999999753799022 -0.046634385945900636
-0.8553788059875589 0.5180029540952136 0.0001944631819416552 -0.7582970549694856 -0.5180029499535985 -0.8553788273108645 7.501772172314342e-05 0.34239408502967095 0.00020519908998646173 -3.6563932667689995e-05 0.999999978278206 -0.33286405513178874
