1.0 0.0 0.0 0.0 0.0 1.0 0.0 0.0 0.0 0.0 1.0 0.0
0.4738004753864188 -0.8806321839663167 0.0002570725960606979 0.24812280662943564 0.8806321944519584 0.47380051298830966 0.00010948398936630134 -1.2058291572800854 -0.00021821625255379174 0.0001745128381934428 0.9999999609634674 -0.04715087393406925
-0.855381576025905 0.5179983161195684 0.0003223239520312359 -0.758215005067072 -0.5179983166791813 -0.855381631863501 8.825002959534163e-05 0.3420831953167962 0.0003214233548050578 -9.147581517796489e-05 0.9999999441595996 -0.33387788050406564
1.0 0.0 0.0 0.0 0.0 1.0 0.0 0.0 0.0 0.0 1.0 0.0
0.47380742218414396 -0.8806284698964149 0.0001571340687601688 0.2474127271973554 0.8806284637140362 0.4738074419920927 0.00012965170935033771 -1.204772740177431 -0.0001886262775937083 7.694679138035116e-05 0.9999999792496592 -0.0457471043341251
-0.8553786023644037 0.5180032943830999 0.00018337223182552458 -0.758839224911604 -0.518003282904086 -0.8553786220179815 0.0001090651568651795 0.3424585593313596 0.00021334879753385708 -1.6954166330787095e-06 0.9999999772397079 -0.3324746993317302
1.0 0.0 0.0 0.0 0.0 1.0 0.0 0.0 0.0 0.0 1.0 0.0
0.473812892308653 -0.8806255218493655 0.00018261884390545702 0.24820425096426746 0.8806255210401196 0.4738129154107141 0.00011350250410120236 -1.2057050504168192 -0.00018648036874511467 0.00010703986481352227 0.9999999768837696 -0.04647086406566925
-0.8553776286339655 0.5180048951574572 0.000202547390535393 -0.7585351991381977 -0.5180048866277733 -0.8553776523246193 9.660936816000323e-05 0.3422797554638173 0.00022329863702559504 -2.2283045830506965e-05 0.9999999748205919 -0.3329567298563888
1.0 0.0 0.0 0.0 0.0 1.0 0.0 0.0 0.0 0.0 1.0 0.0
0.4738164345759491 -0.880623608719953 0.00021468764003624864 0.2480039136105301 0.8806236086475266 0.47381646589225046 0.0001286156535458804 -1.2054079685533017 -0.00021498451983617548 0.0001281187939069787 0.9999999686836148 -0.04678924896798131
-0.8553806900323992 0.5179998273084401 0.0002324395016334974 -0.7583840353916234 -0.5179998168442805 -0.8553807211506872 0.00010785648359585758 0.34214963598114423 0.0002546939084079134 -2.814526591083826e-05 0.9999999671694277 -0.333365300828263
1.0 0.0 0.0 0.0 0.0 1.0 0.0 0.0 0.0 0.0 1.0 0.0
0.47382917973169186 -0.8806167420685057 0.00024904506150866956 0.2479267312478548 0.8806167213766665 0.47382923147522954 0.00022233174184746295 -1.205160960100092 -0.00031379388426147745 0.0001139659786729118 0.9999999442725753 -0.047206263758682754
-0.8553713832733332 0.5180152255585432 0.00015088603570408265 -0.7585281599707479 -0.5180152259115223 -0.8553713954426645 3.977817285386557e-05 0.34251790967580065 0.00014966929809620788 -4.413615313404841e-05 0.9999999878255504 -0.332366063139574
1.0 0.0 0.0 0.0 0.0 1.0 0.0 0.0 0.0 0.0 1.0 0.0
0.47380302050072826 -0.8806308295190638 0.0001996620897332447 0.24785829661761127 0.880630829907497 0.473803047315758 0.00011734877002814861 -1.2054998385361522 -0.00019794145124196725 0.00012022839009146415 0.9999999731821576 -0.04674999151160619
-0.855379821203376 0.5180012720106336 0.0002089819250877752 -0.7584168562059812 -0.5180012640294673 -0.8553798463029946 9.488171243464203e-05 0.34228666248582584 0.00022790777469337055 -2.7092999136963784e-05 0.9999999736620074 -0.33297487382201796
1.0 0.0 0.0 0.0 0.0 1.0 0.0 0.0 0.0 0.0 1.0 0.0
0.47379071258136624 -0.8806374225549206 0.0003011103919623473 0.24767479056758468 0.8806374430687761 0.4737907588991705 0.00010318447491520455 -1.2051792761849676 -0.00023353143115727846 0.00021628123976175125 0.9999999493427466 -0.04759503853040403
-0.8553776346736158 0.5180048708726527 0.0002363310752852371 -0.7585409109981995 -0.5180048652408376 -0.8553776660789276 8.921989324501123e-05 0.34222690756049445 0.00024836866287906837 -4.610394555560317e-05 0.9999999680937163 -0.3329443690055669
1.0 0.0 0.0 0.0 0.0 1.0 0.0 0.0 0.0 0.0 1.0 0.0
0.47379224484590593 -0.8806366147250868 0.0002480512374582002 0.2478322754152913 0.8806366232752114 0.47379228080576524 0.00011133419947585585 -1.2054248310516744 -0.0002155697340815581 0.00016569372385664163 0.999999963037639 -0.047027847866145
-0.855378641532389 0.5180031875490797 0.00027802733322223824 -0.7584600126243473 -0.5180031842161166 -0.8553786840548487 8.947938570065922e-05 0.3423371898797676 0.0002841692614357902 -6.748028852245205e-05 0.99999995734712 -0.33329939336218384
1.0 0.0 0.0 0.0 0.0 1.0 0.0 0.0 0.0 0.0 1.0 0.0
0.4737981117223794 -0.8806334802249715 0.0001511130762968688 0.2475410232038211 0.8806334779803444 0.4737981284560015 0.00010455539932946033 -1.2050475619861079 -0.00016367207792249936 8.353708317494016e-05 0.999999983116503 -0.04579693743099522
-0.8553758852202783 0.5180077808541109 0.00018427757217457058 -0.7587678550757726 -0.5180077731884091 -0.8553759048863228 9.086412469717472e-05 0.34242951360326224 0.00020469491864270192 -1.7734233713101145e-05 0.9999999788927433 -0.3325733914248321
1.0 0.0 0.0 0.0 0.0 1.0 0.0 0.0 0.0 0.0 1.0 0.0
0.47379992805131205 -0.8806324717715557 0.0002789983733508117 0.24797519723491313 0.880632487256317 0.4737999697258246 0.00010524523982884212 -1.2055566901678727 -0.0002248717965398369 0.00019582984440574412 0.9999999555416725 -0.04727623348283305
-0.8553802958439152 0.5180004487584673 0.0002908057816968345 -0.7582958864032481 -0.5180004448963518 -0.8553803424158849 9.43168271397642e-05 0.3421304227337352 0.00029760570790822644 -6.996076879552187e-05 0.9999999532681657 -0.33373738263681285
1.0 0.0 0.0 0.0 0.0 1.0 0.0 0.0 0.0 0.0 1.0 0.0
0.47381415695640433 -0.8806248038448261 0.0003154694176778623 0.24850980320307325 0.8806248258727571 0.4738142082467565 0.00011009121462669433 -1.2060078740418625 -0.0002464229466487771 0.00022564742496409271 0.9999999441794839 -0.04734032421575385
-0.8553804143654243 0.5180002481832239 0.00029933618861065583 -0.7582133179013955 -0.5180002425569111 -0.8553804640582461 0.00010207096048031042 0.34194310598894084 0.000308919110784315 -6.774671783605455e-05 0.9999999499896812 -0.3338000532186617
1.0 0.0 0.0 0.0 0.0 1.0 0.0 0.0 0.0 0.0 1.0 0.0
0.47380900658045044 -0.8806275986420772 0.0002404020262343117 0.2476501670309137 0.880627604586652 0.4738090419048913 0.00011768238577132437 -1.2048625268040358 -0.00021753901050634145 0.00015594568620616678 0.9999999641788603 -0.04735952821164213
-0.8553784482621293 0.5180035439496746 0.00019673395463590262 -0.7586068896109097 -0.5180035342432071 -0.855378470751879 0.00010141855405453172 0.3423748137538114 0.00022081715968392474 -1.5157638414884613e-05 0.9999999755050138 -0.33272181507877674
1.0 0.0 0.0 0.0 0.0 1.0 0.0 0.0 0.0 0.0 1.0 0.0
0.47380871407957725 -0.8806277691327175 0.00018626484099580558 0.24806865126434374 0.8806277715182711 0.4738087361075436 9.807617162368335e-05 -1.2055819511473498 -0.00017462250911553734 0.00011756064707947716 0.9999999778432367 -0.04640200057456645
-0.8553746509380984 0.5180098216734299 0.00017658535650698267 -0.7584560493889221 -0.5180098198998252 -0.8553746681907904 5.920174229241779e-05 0.3423518592775707 0.00018171372469716853 -4.083327907282301e-05 0.9999999826563826 -0.33251425226136155
1.0 0.0 0.0 0.0 0.0 1.0 0.0 0.0 0.0 0.0 1.0 0.0
0.47379493834195263 -0.8806351857360479 0.00016138519648376234 0.24739233519339798 0.8806351843093672 0.4737949568293278 0.00010506903712808799 -1.2048171087647317 -0.00016899098322731737 9.23403042825255e-05 0.9999999814576578 -0.045983207969891526
-0.8553764828931668 0.5180068044578132 0.00015181805143690372 -0.7588729583982676 -0.5180067967907903 -0.855376496362705 8.915608556399537e-05 0.34240837735061547 0.00017604505190368138 -2.380763621598308e-06 0.9999999845012357 -0.3320112494132844
1.0 0.0 0.0 0.0 0.0 1.0 0.0 0.0 0.0 0.0 1.0 0.0
0.47377691374030095 -0.8806448437777048 0.00030843874089236543 0.24757157525690943 0.8806448706880073 0.47377695699538463 8.216505440409462e-05 -1.2050303821461297 -0.00021848939957914707 0.00023269708919545045 0.9999999490572221 -0.047932137711816813
-0.8553720272708436 0.5180141391201332 0.00021594952008519464 -0.7584368267195618 -0.518014140637063 -0.8553720519569118 5.3207773247487633e-05 0.3424667605899385 0.00021227956296768162 -6.635246419864833e-05 0.9999999752673686 -0.33268269002289885
1.0 0.0 0.0 0.0 0.0 1.0 0.0 0.0 0.0 0.0 1.0 0.0
0.47380390463833344 -0.8806303544536067 0.0001968867314620446 0.24787256864892626 0.8806303539117262 0.473803931260645 0.00012037967598352478 -1.2053155613320161 -0.0001992957041101613 0.00011634807148785453 0.9999999733721741 -0.04690202560463774
-0.8553788420481188 0.5180028985176979 0.00018358562578874434 -0.7585747453948546 -0.5180028895737592 -0.8553788616634195 9.701869731506528e-05 0.34228250865609056 0.00020729123002455294 -1.2110143676397888e-05 0.9999999784418449 -0.33263734835459335
1.0 0.0 0.0 0.0 0.0 1.0 0.0 0.0 0.0 0.0 1.0 0.0
0.47381207285079047 -0.8806259587335695 0.00020106073551621602 0.2479638938145463 0.8806259596610032 0.4738120997149307 0.00011547669743101141 -1.2053150143136522 -0.00019695678665173925 0.000122345049788369 0.9999999731198561 -0.04662897362464069
-0.8553810356951059 0.5179992607099873 0.00022288354527961142 -0.758426387662503 -0.517999250479202 -0.8553810643718452 0.00010591068677491995 0.34231612217720997 0.00024551202164294224 -2.485951645427546e-05 0.9999999695529256 -0.3332142948816008
1.0 0.0 0.0 0.0 0.0 1.0 0.0 0.0 0.0 0.0 1.0 0.0
0.4738178522254162 -0.8806228504561403 0.00019536375473041813 0.24824595072230693 0.8806228527540998 0.47381787667593583 0.00010464004480424441 -1.2056943970662246 -0.00018471525397317982 0.0001224614657295396 0.9999999754417319 -0.0463886433896058
-0.8553801657044987 0.51800069542719 0.00022728020626850407 -0.7584028786252901 -0.5180006865534263 -0.8553801953222228 0.00010089942953688775 0.3421736996078675 0.0002466769618991423 -3.142393213033686e-05 0.999999969081506 -0.33331532747453774
1.0 0.0 0.0 0.0 0.0 1.0 0.0 0.0 0.0 0.0 1.0 0.0
0.4738109943671315 -0.8806265364434742 0.0002119632057454762 0.24791709946364904 0.8806265412086661 0.4738110217248759 0.00010300917779557778 -1.2051569379853664 -0.0001911431185463509 0.00013785354377887456 0.999999972230354 -0.046759333167872175
-0.8553772114429196 0.5180055817839553 0.000208290181927506 -0.7586093556456639 -0.5180055729308499 -0.8553772364791042 9.862024168118333e-05 0.342568128152406 0.00022925251587060892 -2.3537967704147576e-05 0.9999999734446238 -0.33293470375857515
1.0 0.0 0.0 0.0 0.0 1.0 0.0 0.0 0.0 0.0 1.0 0.0
0.47380302050072826 -0.8806308295190638 0.0001996620897332447 0.24785829661761127 0.880630829907497 0.473803047315758 0.00011734877002814861 -1.2054998385361522 -0.00019794145124196725 0.00012022839009146415 0.9999999731821576 -0.04674999151160619
-0.855379821203376 0.5180012720106336 0.0002089819250877752 -0.7584168562059812 -0.5180012640294673 -0.8553798463029946 9.488171243464203e-05 0.34228666248582584 0.00022790777469337055 -2.7092999136963784e-05 0.9999999736620074 -0.33297487382201796
