1.0 0.0 0.0 0.0 0.0 1.0 0.0 0.0 0.0 0.0 1.0 0.0
0.47380339898683216 -0.8806306315962309 0.00017263530053161107 0.24798027157658709 0.8806306270300606 0.4738034216277071 0.0001280254671124499 -1.2057286636557212 -0.00019453834404923543 9.13690314799144e-05 0.9999999769032661 -0.046721359357442815
-0.8553805777097403 0.5180000256680892 0.0002017047575984365 -0.7583761343650135 -0.5180000168622434 -0.8553806012371525 9.776442501751007e-05 0.34226548068660456 0.00022317631149543785 -2.0857277486239834e-05 0.9999999748786537 -0.33297906368627284
1.0 0.0 0.0 0.0 0.0 1.0 0.0 0.0 0.0 0.0 1.0 0.0
0.4738079152361064 -0.880628204788445 0.0001561752079120615 0.24759267904179438 0.8806282008319398 0.4738079338677384 0.00011706188604890076 -1.2048881833023026 -0.00017708505114257211 8.206744417571708e-05 0.9999999809529095 -0.04580361900512331
-0.8553834044745177 0.5179953521067678 0.0002157437587623364 -0.7586086945899737 -0.5179953392020863 -0.8553834315934954 0.00011627661825433025 0.34201353976860194 0.00024477438452944546 -1.2293171917655819e-05 0.9999999699671888 -0.3331990697251511
1.0 0.0 0.0 0.0 0.0 1.0 0.0 0.0 0.0 0.0 1.0 0.0
0.4737813716772414 -0.8806424676467758 0.0002367036736289965 0.24770309987381367 0.8806424742635351 0.4737814053028523 0.0001118581865424176 -1.2057492628022146 -0.00021065286855550297 0.0001554549837585116 0.9999999657295578 -0.047294543390583144
-0.8553804921151359 0.5180000624312452 0.0003860441611221695 -0.7582231521195588 -0.5180000812008368 -0.8553805659320838 5.7459855231669324e-05 0.34230704460288663 0.0003599788816127565 -0.0001508208675634612 0.9999999238341325 -0.3337725371658124
1.0 0.0 0.0 0.0 0.0 1.0 0.0 0.0 0.0 0.0 1.0 0.0
0.4737991842461723 -0.88063290509209 0.0001395590503057623 0.2475066706993534 0.8806329026708302 0.4737991987722764 9.988141932855814e-05 -1.20495853527399 -0.00015408183068431973 7.557655656552966e-05 0.9999999852734868 -0.045583363697874635
-0.8553784611414853 0.5180035360406011 0.00015768530965878057 -0.758774504553001 -0.5180035281368237 -0.8553784756654974 9.05868178345103e-05 0.3422952467447189 0.00018180491176770502 -4.195533899607867e-06 0.9999999834646853 -0.332115753446835
1.0 0.0 0.0 0.0 0.0 1.0 0.0 0.0 0.0 0.0 1.0 0.0
0.4738028180275795 -0.880630935482091 0.00021237010379515677 0.24781278291373177 0.8806309384693809 0.4738028467392726 0.00011239349713097844 -1.205389493814704 -0.00019959875026101108 0.0001337673281393328 0.99999997113332 -0.047052032203300787
-0.8553788476239883 0.5180028782048475 0.00021262396746021537 -0.7584245699596313 -0.5180028706558866 -0.8553788735170001 9.345078332891961e-05 0.3424284296431441 0.00023028182450371702 -3.0204002161182668e-05 0.9999999730289993 -0.33305578221644594
1.0 0.0 0.0 0.0 0.0 1.0 0.0 0.0 0.0 0.0 1.0 0.0
0.4738058501187662 -0.8806293126711786 0.00017337104947365978 0.24799840298103248 0.8806293114241615 0.47380587123341295 0.00011065873438710723 -1.2053478851375878 -0.00017959354634689456 0.00010024487219952137 0.9999999788485617 -0.04653283463793445
-0.8553734473393354 0.5180118109671376 0.00017112968354285728 -0.7585041843991878 -0.5180118079809964 -0.8553734638124385 6.479020703997209e-05 0.342409076978317 0.00017994188265489685 -3.322737402164411e-05 0.9999999832584301 -0.33258861081515295
1.0 0.0 0.0 0.0 0.0 1.0 0.0 0.0 0.0 0.0 1.0 0.0
0.47381325689664466 -0.8806253243658062 0.00018887724265195796 0.2481270956711601 0.8806253212355389 0.4738132828450325 0.0001288348410569632 -1.2054635816852333 -0.00020294777009104633 0.00010528642684149945 0.9999999738634853 -0.04683115891813239
-0.8553821738443835 0.517997384980329 0.0002140626037755551 -0.7583527874097022 -0.5179973725520841 -0.8553822005279611 0.00011423257685303702 0.3423166515910854 0.0002422775171577226 -1.3171356404999068e-05 0.9999999705640595 -0.333342630197606
1.0 0.0 0.0 0.0 0.0 1.0 0.0 0.0 0.0 0.0 1.0 0.0
0.47380523657690704 -0.8806296363080041 0.0002035886380758146 0.24786193257746447 0.880629638010368 0.47380526364677017 0.00011312976394665863 -1.2052947203826285 -0.00019608679121895704 0.00012568471408109578 0.9999999728766611 -0.04668872275587621
-0.8553781601693271 0.5180040148850769 0.00020896956279123523 -0.7585092517958589 -0.5180040068987981 -0.8553781852667307 9.49030291048557e-05 0.34232256526325244 0.00022790815549741806 -2.7069092415539374e-05 0.9999999736625682 -0.3329752146536776
1.0 0.0 0.0 0.0 0.0 1.0 0.0 0.0 0.0 0.0 1.0 0.0
0.4738110456158082 -0.8806265109612653 0.00020308776956380977 0.24802575230043367 0.8806265126229159 0.47381107257325683 0.00011301584199887335 -1.2054718918724934 -0.00019574998054635423 0.00012529631999870242 0.9999999729913882 -0.046680224248514146
-0.8553804559805052 0.5180002161568387 0.00022713003272045195 -0.7583825109194979 -0.5180002073169002 -0.8553804855562764 0.00010074302426819563 0.34221562506977676 0.0002464675060200494 -3.147979000170593e-05 0.9999999691313952 -0.33330993591698327
1.0 0.0 0.0 0.0 0.0 1.0 0.0 0.0 0.0 0.0 1.0 0.0
0.47380945100752686 -0.8806273684443751 0.0002051406366108685 0.24785427098033885 0.8806273659248618 0.4738094809949692 0.00013454931198512407 -1.205228231808535 -0.0002156853851030349 0.0001169017228176656 0.9999999699069005 -0.046956614452377865
-0.8553794401021098 0.5180019092847934 0.00018822303232278302 -0.7585816631321478 -0.5180018987105495 -0.8553794607760932 0.00010495077843113372 0.3422069499397189 0.00021536681950215284 -7.727150031553359e-06 0.9999999767787121 -0.332675322473274
1.0 0.0 0.0 0.0 0.0 1.0 0.0 0.0 0.0 0.0 1.0 0.0
0.4737928862698829 -0.8806362549665504 0.0002955647865436196 0.24702516592204127 0.880636272725176 0.473792932707805 0.00010989471294746296 -1.2041740868407644 -0.0002368137754723409 0.00020821773873741018 0.9999999502823033 -0.047545477077405085
-0.8553799192586137 0.5180011375112715 0.00012355628907942447 -0.758974352452471 -0.5180011257205612 -0.8553799274571122 0.00011599869654567321 0.3424506685693647 0.00016577502635011182 3.522065885234554e-05 0.9999999856390729 -0.33134950849153144
1.0 0.0 0.0 0.0 0.0 1.0 0.0 0.0 0.0 0.0 1.0 0.0
0.47381878210399275 -0.8806223358609377 0.0002516114382404275 0.24807282130229424 0.8806223388911 0.47381882317298507 0.00013803237501750095 -1.2053030626629573 -0.0002407726280762913 0.00015617232141332995 0.999999958819373 -0.04755798922828669
-0.8553852757904785 0.5179922485592068 0.00024575073668856576 -0.758258996735977 -0.517992234462587 -0.8553853108043515 0.00012286822328872057 0.34192733092983296 0.0002738563575405567 -2.219730415442774e-05 0.9999999622549869 -0.33373222280936093
1.0 0.0 0.0 0.0 0.0 1.0 0.0 0.0 0.0 0.0 1.0 0.0
0.47379117232984863 -0.8806372060147722 0.00019080042682890442 0.24790934037748347 0.880637201919237 0.4737911992684928 0.00013450494412045838 -1.205827252430371 -0.00020884962123361833 0.00010429869884860871 0.9999999727518082 -0.04737413680625957
-0.8553888036243498 0.5179863818723917 0.0003206693823077599 -0.7578596371436186 -0.5179863819519077 -0.8553888590238472 8.927627526635676e-05 0.34232677453024607 0.00032054091186838155 -8.97364468522249e-05 0.9999999446004455 -0.3338542051147511
1.0 0.0 0.0 0.0 0.0 1.0 0.0 0.0 0.0 0.0 1.0 0.0
0.47380485538470263 -0.8806298506237876 0.0001587583271436903 0.24806934676352732 0.880629854619031 0.47380486972843194 6.764086603448849e-05 -1.2062641626628476 -0.00013478703426263557 0.00010775875180253804 0.9999999851102532 -0.0449068196489133
-0.8553859581314687 0.5179910714938306 0.000335386617470318 -0.7580955251460058 -0.5179910639235912 -0.855386020624477 0.00011582542371689912 0.34186899334195076 0.00034688155942598676 -7.465182976712152e-05 0.9999999370501421 -0.3347571381425346
1.0 0.0 0.0 0.0 0.0 1.0 0.0 0.0 0.0 0.0 1.0 0.0
0.47380523657690704 -0.8806296363080041 0.0002035886380758146 0.24786193257746447 0.880629638010368 0.47380526364677017 0.00011312976394665863 -1.2052947203826285 -0.00019608679121895704 0.00012568471408109578 0.9999999728766611 -0.04668872275587621
-0.8553781601693271 0.5180040148850769 0.00020896956279123523 -0.7585092517958589 -0.5180040068987981 -0.8553781852667307 9.49030291048557e-05 0.34232256526325244 0.00022790815549741806 -2.7069092415539374e-05 0.9999999736625682 -0.3329752146536776
1.0 0.0 0.0 0.0 0.0 1.0 0.0 0.0 0.0 0.0 1.0 0.0
0.4738192835079107 -0.8806220811044349 0.00019195661943508142 0.24826666125240848 0.8806220817523182 0.4738193081162717 0.00011129434469685096 -1.2058630768663683 -0.0001889610100511582 0.00011630783115031011 0.9999999753831121 -0.04641699173179037
-0.8553831023724466 0.5179958480748248 0.0002226048746767137 -0.758309164489555 -0.5179958376963486 -0.8553831309947868 0.00010648386024987881 0.3422286421023273 0.0002455706521720805 -2.4223903800316097e-05 0.9999999695541281 -0.33322695472821345
1.0 0.0 0.0 0.0 0.0 1.0 0.0 0.0 0.0 0.0 1.0 0.0
0.47381851778020845 -0.8806224928854542 0.0001929579614113298 0.24818168599513157 0.8806224944036182 0.4738185421037685 0.00010728005236347636 -1.2055308592203735 -0.0001859002871124421 0.0001190918458948379 0.9999999756291075 -0.04632611843137224
-0.8553806847601606 0.5179998402495134 0.0002228019674211366 -0.7584531315811454 -0.5179998300397207 -0.8553807134145524 0.0001058169716785319 0.34228260361312834 0.00024539368026802404 -2.489758756303626e-05 0.9999999695810253 -0.33321069138102954
1.0 0.0 0.0 0.0 0.0 1.0 0.0 0.0 0.0 0.0 1.0 0.0
0.4738110456158082 -0.8806265109612653 0.00020308776956380977 0.24802575230043367 0.8806265126229159 0.47381107257325683 0.00011301584199887335 -1.2054718918724934 -0.00019574998054635423 0.00012529631999870242 0.9999999729913882 -0.046680224248514146
-0.8553804559805052 0.5180002161568387 0.00022713003272045195 -0.7583825109194979 -0.5180002073169002 -0.8553804855562764 0.00010074302426819563 0.34221562506977676 0.0002464675060200494 -3.147979000170593e-05 0.9999999691313952 -0.33330993591698327
1.0 0.0 0.0 0.0 0.0 1.0 0.0 0.0 0.0 0.0 1.0 0.0
0.47381067207511474 -0.8806267093675939 0.0002139535737117244 0.24784406120029523 0.8806267092658976 0.4738107031954762 0.00012831571765204157 -1.205230091555908 -0.0002143717414075948 0.0001276158751349208 0.9999999688794721 -0.046774622386490994
-0.855378258610661 0.518003850573309 0.00021327779604067137 -0.7585112987640006 -0.5180038412427482 -0.855378284865135 0.00010118764287816886 0.3422703764887203 0.00023484878401841845 -2.3925007842809446e-05 0.9999999721368207 -0.33301613039670486
1.0 0.0 0.0 0.0 0.0 1.0 0.0 0.0 0.0 0.0 1.0 0.0
0.4737921949206255 -0.8806366238948438 0.00030444603464287835 0.24776891492625808 0.8806366411230225 0.47379224558344496 0.00011973536600538089 -1.2053042881421145 -0.0002496875188922171 0.0002113766514818157 0.9999999464880257 -0.04762713978740685
-0.855377075407377 0.5180057819348457 0.00026220143328137214 -0.7585373686747854 -0.5180057763699072 -0.8553771137990528 9.400112949611405e-05 0.3421238914531326 0.0002729742338215899 -5.541544577884489e-05 0.9999999612070971 -0.3330847543771343
