0.23038919269735234 0.9730985663786903 0.0 -12.714861051415383 -0.9730985663786903 0.23038919269735234 0.0 290.21537211871805 0.0 0.0 1.0 1.1011637279296593
0.23042760631593664 0.9730894708337501 0.0 -12.726317477289765 -0.9730894708337501 0.23042760631593664 0.0 290.2192004391412 0.0 0.0 1.0 1.0972645692410872
0.23042443633137188 0.973090221480706 0.0 -12.725372062059527 -0.973090221480706 0.23042443633137188 0.0 290.22012294671816 0.0 0.0 1.0 1.1036393341769206
-0.2831592234124171 0.9590729139103433 0.0 -6.954212164039621 -0.9590729139103433 -0.2831592234124171 0.0 288.9845630286319 0.0 0.0 1.0 0.8065754225459134
-0.2831123718885313 0.9590867452340534 0.0 -6.968329128010725 -0.9590867452340534 -0.2831123718885313 0.0 288.9848618097226 0.0 0.0 1.0 0.8050106313660952
-0.28312107376740997 0.9590841764875432 0.0 -6.96570715715038 -0.9590841764875432 -0.28312107376740997 0.0 288.98646519452893 0.0 0.0 1.0 0.8110674054394944
-0.22483450324689455 0.9743969653840894 0.0 -18.016223156329517 -0.9743969653840894 -0.22483450324689455 0.0 288.9363330665424 0.0 0.0 1.0 0.8400312168889738
-0.22480954536046902 0.9744027238851599 0.0 -18.023623831554353 -0.9744027238851599 -0.22480954536046902 0.0 288.9353711359388 0.0 0.0 1.0 0.8350416906165645
-0.22481873553232098 0.9744006035269315 0.0 -18.020898708333544 -0.9744006035269315 -0.22481873553232098 0.0 288.93768161552447 0.0 0.0 1.0 0.8427615173343799
