1.0 0.0 0.0 0.0 0.0 1.0 0.0 0.0 0.0 0.0 1.0 0.0
0.7990275774356159 0.6012931697113808 -0.0012060496720687423 -0.6333716113764328 -0.60129365386366 0.799028121774059 -4.937112983204651e-05 1.0882487882780902 0.0009339810810903637 0.0007646389083242425 0.9999992715030747 -0.06657430025733817
0.2946798641781069 0.9555898694917525 -0.003432050802045789 -1.422350744370742 -0.9555952323748775 0.2946823649976692 0.0002358427118437497 1.3565479783025327 0.0012367337533703698 0.003210153285409814 0.9999940826852464 -0.22135258300452143
1.0 0.0 0.0 0.0 0.0 1.0 0.0 0.0 0.0 0.0 1.0 0.0
0.7990221528241653 0.6013001930551513 -0.0012950397963828663 -0.637013694390036 -0.601300731759973 0.7990227962035028 -3.364604456385092e-05 1.0840041031349201 0.0010145349462088672 0.0008055923121847304 0.9999991608695826 -0.06722169332189924
0.29467202888277866 0.9555925185840074 -0.003366573982647083 -1.42706010362101 -0.9555976829236961 0.2946744244586196 0.00022794921522768506 1.343586476939315 0.001209869815422579 0.003149920039475354 0.9999943070931827 -0.22672182059447918
1.0 0.0 0.0 0.0 0.0 1.0 0.0 0.0 0.0 0.0 1.0 0.0
0.7990323480075985 0.6012873641410296 -0.0009014220971432852 -0.6328208250084295 -0.6012876722336257 0.7990326193175236 -9.21219051261871e-05 1.088459486267761 0.0006648739218781192 0.0006156223766471497 0.9999995894757944 -0.06635276479251763
0.2946857284766189 0.9555897571890952 -0.002921880813914719 -1.4213920157395046 -0.9555936708415276 0.294687470995763 0.0001751734449033027 1.359208229115227 0.0010284356172847176 0.0027405096985091 0.9999957159542102 -0.21962138428664557
1.0 0.0 0.0 0.0 0.0 1.0 0.0 0.0 0.0 0.0 1.0 0.0
0.7989864763077004 0.6013481084888233 -0.0010310646531666626 -0.62741445605072 -0.6013484741083713 0.798986864372225 -5.6992746628768054e-05 1.0898609630181486 0.0007895346338158749 0.0006655655896928665 0.9999994668286117 -0.06695479212506693
0.2946116031539249 0.9556125268528946 -0.002949882862038551 -1.4165732501003951 -0.9556165446156235 0.29461330158829246 0.0001489434188592997 1.349785419736128 0.0010114069261381309 0.0027750764082327406 0.9999956379939655 -0.22021315701328592
1.0 0.0 0.0 0.0 0.0 1.0 0.0 0.0 0.0 0.0 1.0 0.0
0.7990305583770503 0.601289823958907 -0.0008452118822171017 -0.6351952918499729 -0.6012900966536276 0.7990307952072855 -8.931228504030007e-05 1.085729740544036 0.0006216477542173274 0.0005795807793367968 0.9999996388200297 -0.06734100696557273
0.2946806906302366 0.955591172639511 -0.002966705770786976 -1.4238630762872266 -0.9555952035335737 0.29468249702755855 0.00018146413246367078 1.3570272039046738 0.001047641787614545 0.0027814958289803654 0.9999955828540635 -0.22159048423219113
1.0 0.0 0.0 0.0 0.0 1.0 0.0 0.0 0.0 0.0 1.0 0.0
0.7990307752582944 0.601289414092829 -0.000927733815092421 -0.6373492397931686 -0.6012897284952117 0.7990310734888546 -7.749453530218478e-05 1.0827173148778477 0.0006946915024579609 0.0006197573324135348 0.9999995666521888 -0.06770295554507967
0.2946838819936084 0.9555894496266827 -0.003195849707040901 -1.427035739079611 -0.9555941118179602 0.2946860189231685 0.00020906950555354013 1.3453999197071091 0.0011415568409902654 0.0029923257488004285 0.9999948714041447 -0.22597244783242684
1.0 0.0 0.0 0.0 0.0 1.0 0.0 0.0 0.0 0.0 1.0 0.0
0.7990029758907838 0.6013257033700382 -0.0012817894524541295 -0.6251377697226814 -0.6013262414597066 0.7990035978823633 -4.362317235108332e-05 1.100779859170605 0.0009979226494412667 0.0008056286783132492 0.999999177556071 -0.06328967256623778
0.2946383907741361 0.9556030017404091 -0.00333492829715804 -1.4135916821291286 -0.955608103062703 0.29464065291886277 0.00019750556571928826 1.3673117293853072 0.0011713423623740254 0.0031286917818448418 0.9999944196068318 -0.21353329650474806
1.0 0.0 0.0 0.0 0.0 1.0 0.0 0.0 0.0 0.0 1.0 0.0
0.7989802452327875 0.6013554415907479 -0.0014834409159534432 -0.6186187047161864 -0.6013561197950262 0.7989811117849481 -1.399851054486387e-05 1.1067243228062438 0.0011768231918054446 0.0009032608065509713 0.9999988996029399 -0.0619766055073336
0.2946038513046014 0.9556160236352009 -0.002566353082453093 -1.4069594192230737 -0.9556190990763901 0.29460503978968666 8.950388541869839e-05 1.3657983940997862 0.0008415918990541948 0.002426087831214674 0.99999670290502 -0.21031349960087983
1.0 0.0 0.0 0.0 0.0 1.0 0.0 0.0 0.0 0.0 1.0 0.0
0.798992094378497 0.6013401231167647 -0.0012997886664246514 -0.6216020534940901 -0.6013406682974614 0.798992740480315 -3.621213301959142e-05 1.1020967650214566 0.0010167459001035638 0.000810548993316502 0.9999991546186947 -0.06369936449325332
0.2946195443710039 0.9556098128131528 -0.0030347536692876486 -1.4094059941955757 -0.9556140652133966 0.29462134160244535 0.00015309703188792014 1.371470142947176 0.0010404042234631455 0.002854947913049896 0.9999953834050763 -0.21007494297753415
1.0 0.0 0.0 0.0 0.0 1.0 0.0 0.0 0.0 0.0 1.0 0.0
0.798995782454761 0.6013359336979659 -0.0009134895180545565 -0.6297213040562535 -0.6013362355742484 0.7989960742106426 -7.19817574048318e-05 1.0893625083360858 0.0006865893214599076 0.0006068274686036036 0.9999995801776754 -0.06692321612011977
0.2946279873556339 0.9556069435243194 -0.003117459683185835 -1.4192091918821896 -0.9556114140506508 0.2946299296573689 0.00017287628507439655 1.3501151578945294 0.0010836987055545116 0.00292814586416211 0.9999951257675778 -0.2209610616439819
1.0 0.0 0.0 0.0 0.0 1.0 0.0 0.0 0.0 0.0 1.0 0.0
0.7990303701796688 0.601290230517397 -0.0007254066975573803 -0.6382630697301208 -0.6012904450941144 0.7990305313845545 -0.00010273187603018003 1.080308998812509 0.0005178504255995168 0.0005182660049821755 0.9999997316156064 -0.06815047095036589
0.2946838072206849 0.9555882303285461 -0.0035479317186126744 -1.4283715568549535 -0.9555939496005094 0.2946865104670524 0.00025305266474344164 1.3447263494618202 0.0012873417656154434 0.0033158115612280797 0.9999936740524257 -0.22708659620903365
1.0 0.0 0.0 0.0 0.0 1.0 0.0 0.0 0.0 0.0 1.0 0.0
0.7990254013496182 0.6012958871078756 -0.0012900175325812233 -0.6305234526137915 -0.6012964304360663 0.7990260327175724 -4.224289209425201e-05 1.088907484054395 0.001005357113918671 0.0008094360813508097 0.999999167034805 -0.06666983919000043
0.2946748336678957 0.9555941833050281 -0.0025493599971517776 -1.4186294932525028 -0.9555971878194478 0.2946760919468876 0.00012436427141783638 1.3566908555198849 0.0008700772153042574 0.002399514223023397 0.9999967426432613 -0.21879885048896724
1.0 0.0 0.0 0.0 0.0 1.0 0.0 0.0 0.0 0.0 1.0 0.0
0.7990009886535664 0.6013270529709621 -0.001787594999214497 -0.6270152153959163 -0.6013279848937483 0.7990022867170661 2.0112761152477235e-05 1.0945244723005159 0.001440386839487303 0.0010588607826384126 0.9999984020485211 -0.06505197080362578
0.29463738930622263 0.9556047307549148 -0.0028995485235095556 -1.4155128003521913 -0.9556086121609167 0.2946390313945326 0.00014677458321836083 1.3549900663059848 0.0009945786545263319 0.0027275882604282375 0.9999957855289099 -0.21786121282528745
1.0 0.0 0.0 0.0 0.0 1.0 0.0 0.0 0.0 0.0 1.0 0.0
0.799003665289481 0.6013240929858492 -0.001574181921131494 -0.6338147904814132 -0.6013248283536123 0.7990046625310633 7.688979158195239e-06 1.084186786413561 0.0012624022630744593 0.0009404511509920227 0.9999987609453118 -0.06768097710733141
0.294636837358208 0.9556055759835296 -0.0026678119761357785 -1.422611387512571 -0.9556088679093805 0.29463821054027406 0.0001283065750661079 1.3447346635751911 0.0009086498252750819 0.002511580938820479 0.9999964331519802 -0.22414421722969846
1.0 0.0 0.0 0.0 0.0 1.0 0.0 0.0 0.0 0.0 1.0 0.0
0.7990236307476863 0.6012978766388345 -0.0014495021262670186 -0.6336629370222961 -0.6012985307339631 0.7990244530418643 -1.945062433951121e-05 1.090017262626824 0.0011464920245088757 0.0008871250073001792 0.9999989492820776 -0.0659540556053891
0.2946729935446264 0.9555939509646402 -0.002833329355562288 -1.4223170837725072 -0.9555976416055251 0.29467460361563025 0.00015919148741381776 1.3551019804468747 0.0009870326271805424 0.0026606134179239516 0.99999597344331 -0.22104251592833415
