1.0 0.0 0.0 0.0 0.0 1.0 0.0 0.0 0.0 0.0 1.0 0.0
0.7991861596012585 0.6010835542689889 -0.00020757926511840748 -0.5756535424871849 -0.6010835866558167 0.7991861443832147 -0.00016875683837447344 1.2715941798589094 6.445751232655631e-05 0.0002596406187596976 0.9999999642159886 0.05398509118031697
0.2949734764261476 0.9555054411245308 -1.3656117792521503e-05 -1.365081536458348 -0.9555054411595776 0.2949734762131943 -1.5657125781380804e-05 1.5118027029646575 -1.093227633964282e-05 1.7666931678446015e-05 0.9999999997841826 -0.07976253385975063
1.0 0.0 0.0 0.0 0.0 1.0 0.0 0.0 0.0 0.0 1.0 0.0
0.7991831331098137 0.6010875754206225 -0.0002154709696217078 -0.575777611804865 -0.6010876120871909 0.7991831080637648 -0.00020586611834187983 1.2715315821277446 4.845719326441297e-05 0.0002940416600616406 0.9999999555957002 0.05410380853356467
0.29496936787506506 0.9555067094072678 -1.7119574312149287e-05 -1.365173737859962 -0.9555067090218426 0.2949693670597135 -3.886694981727963e-05 1.5118278333198312 -3.2087881325419755e-05 2.782242772969204e-05 0.9999999990981403 -0.07962045212128954
1.0 0.0 0.0 0.0 0.0 1.0 0.0 0.0 0.0 0.0 1.0 0.0
0.7991867447586424 0.6010827736674239 -0.00021494734444218395 -0.5757460508709187 -0.6010828104322462 0.7991867180808989 -0.00021129589180886752 1.2720886665018405 4.47767420519492e-05 0.00029806602984785893 0.9999999545758417 0.054426418280587474
0.2949757579399675 0.9555047368635577 -7.684115698539143e-06 -1.3652659738298123 -0.9555047366679258 0.29497575768538264 -2.4147292667769415e-05 1.512028991531892 -2.080622467616214e-05 1.4465074903928298e-05 0.9999999996789315 -0.07989551609913903
1.0 0.0 0.0 0.0 0.0 1.0 0.0 0.0 0.0 0.0 1.0 0.0
0.7991882519773542 0.6010807924955475 -0.00013709232240379803 -0.5760244124765004 -0.6010808081293044 0.7991882311709956 -0.00018236336491380696 1.2721424603861138 -5.25452555292119e-08 0.00022814622276897523 0.9999999739746489 0.05383330284509469
0.29498158304851957 0.9555029384290494 -1.7766291682214188e-05 -1.3655554771599876 -0.955502938558956 0.29498158282689757 -1.407613969422961e-05 1.5120416511067951 -8.209063998191069e-06 2.1127945879868733e-05 0.9999999997431106 -0.07998991177147846
1.0 0.0 0.0 0.0 0.0 1.0 0.0 0.0 0.0 0.0 1.0 0.0
0.7991883482789943 0.6010806509245563 -0.000187241032180556 -0.5759652382220413 -0.6010806790743564 0.7991883262470469 -0.00019087680171030937 1.2716175555006055 3.4908494894718866e-05 0.0002650934826573131 0.9999999642534205 0.05396569837838905
0.29499401546700993 0.9554991003484414 -8.483384783691085e-06 -1.3656559994990136 -0.9554990996106694 0.2949940148582885 -4.2906713447912414e-05 1.5119843830673547 -3.8494778361459875e-05 2.0763090212965432e-05 0.9999999990435231 -0.07981899853371444
1.0 0.0 0.0 0.0 0.0 1.0 0.0 0.0 0.0 0.0 1.0 0.0
0.7991869690159256 0.6010824664842137 -0.00023883130314942164 -0.5760009469346947 -0.6010825102331815 0.7991869450928357 -0.0002066033812109936 1.271922466857541 6.668518959424947e-05 0.0003086720492377817 0.9999999501373248 0.05451739054944338
0.2949761166682057 0.9555046261151449 -8.240287993435862e-06 -1.3654489834126728 -0.9555046260007477 0.2949761164581772 -2.0258904284031948e-05 1.5118064450012358 -1.6926788612614108e-05 1.3849526210961754e-05 0.9999999997608373 -0.07991115969323115
1.0 0.0 0.0 0.0 0.0 1.0 0.0 0.0 0.0 0.0 1.0 0.0
0.7991909067562001 0.6010772408837424 -0.00021224935924718527 -0.5758907431659459 -0.6010772770043438 0.7991908788288669 -0.0002150948323439962 1.2716815609631702 4.0339143593940545e-05 0.0002994801010017844 0.9999999543422103 0.05447945119037889
0.2949948542688115 0.9554988413016966 -1.5034612115421478e-05 -1.3655752658094205 -0.9554988413328557 0.29499485399290865 -1.8145912912101996e-05 1.5119122415593438 -1.2903265556043526e-05 1.9718505391247278e-05 0.9999999997223433 -0.07966904065626551
1.0 0.0 0.0 0.0 0.0 1.0 0.0 0.0 0.0 0.0 1.0 0.0
0.7991886072064297 0.6010802981507996 -0.00021280599697017752 -0.5757767992000371 -0.6010803339438536 0.7991885826079149 -0.0002038997223958879 1.2722292229177175 4.7512017158479094e-05 0.00029086783487543587 0.9999999565692547 0.0546720633331369
0.2949692279001109 0.9555067526665524 -1.4164520775228193e-05 -1.364987134017424 -0.9555067526522177 0.2949692275965892 -2.017639491977407e-05 1.5120291445642202 -1.5100583837967278e-05 1.9485710880101486e-05 0.9999999996961398 -0.0798342342671366
1.0 0.0 0.0 0.0 0.0 1.0 0.0 0.0 0.0 0.0 1.0 0.0
0.7991856828209906 0.6010841807986839 -0.00022796386221158604 -0.5753970555215364 -0.6010842223182029 0.7991856516700564 -0.000227694592381437 1.2720103953442337 4.532183024490301e-05 0.00031899573912111547 0.9999999480938238 0.05427086976337625
0.29498600763962557 0.9555015723788872 2.1870294150848802e-05 -1.365160159780702 -0.9555015723183653 0.29498600805021036 -1.8754529310243866e-05 1.5119610233748428 -2.4371413011606138e-05 -1.536477672181503e-05 0.9999999995849792 -0.08049390058248179
1.0 0.0 0.0 0.0 0.0 1.0 0.0 0.0 0.0 0.0 1.0 0.0
0.7991900756622746 0.6010783370234 -0.00023605955275010195 -0.5756168484838167 -0.6010783809742987 0.7991900459502751 -0.00022445336679264555 1.2720704339542355 5.374238835832717e-05 0.00032127119697020743 0.9999999469482853 0.054893742297506876
0.29497290326608266 0.9555056180401579 -1.5247103151891056e-05 -1.364779086324658 -0.9555056180837724 0.29497290300050083 -1.7487255500765405e-05 1.5117620908797207 -1.2211688596026872e-05 1.9726959246351263e-05 0.9999999997308607 -0.0796768755219236
1.0 0.0 0.0 0.0 0.0 1.0 0.0 0.0 0.0 0.0 1.0 0.0
0.7991933947293147 0.6010739285648726 -0.00022409958535642588 -0.5759815121326266 -0.6010739690230927 0.7991933621177076 -0.00023175379277812276 1.2722909008288799 3.979773838523092e-05 0.00031991652761835987 0.9999999480347762 0.05487205089442537
0.29499125767819423 0.9554999517864269 -5.438107652282107e-06 -1.3653950020136998 -0.9554999516423708 0.29499125752016264 -1.9952448039700706e-05 1.5121039715193891 -1.7460368925076688e-05 1.1081909339770693e-05 0.9999999997861633 -0.07982578734528617
1.0 0.0 0.0 0.0 0.0 1.0 0.0 0.0 0.0 0.0 1.0 0.0
0.7991871349498694 0.6010822524933319 -0.00022151334415237417 -0.5759340392155163 -0.6010822919080813 0.7991871039854219 -0.00022622537990698633 1.27245735277371 4.1050547081609935e-05 0.00031394416181214363 0.9999999498769566 0.05494379929918636
0.2949673551100885 0.955507330734011 -1.824621940612053e-05 -1.365067036636468 -0.9555073306098497 0.2949673544869803 -3.0623378354716875e-05 1.5122606457803904 -2.387882344216059e-05 2.6467293316288656e-05 0.9999999993646421 -0.07964871011303232
1.0 0.0 0.0 0.0 0.0 1.0 0.0 0.0 0.0 0.0 1.0 0.0
0.799183471995317 0.6010871284440631 -0.0002052032669069442 -0.5756933944774492 -0.6010871630009651 0.7991834382996025 -0.00023328754162537835 1.2715555094232593 2.3768913899629615e-05 0.0003097845970330433 0.9999999517342698 0.05426175296308855
0.2949683656295163 0.9555070189508174 -3.684221279211892e-06 -1.3652005269368637 -0.9555070186492296 0.29496836543401966 -2.6556393234410957e-05 1.5114990536789445 -2.428809140487016e-05 1.1353595199919609e-05 0.9999999996405922 -0.08020369639138258
1.0 0.0 0.0 0.0 0.0 1.0 0.0 0.0 0.0 0.0 1.0 0.0
0.7991867447586424 0.6010827736674239 -0.00021494734444218395 -0.5757460508709187 -0.6010828104322462 0.7991867180808989 -0.00021129589180886752 1.2720886665018405 4.47767420519492e-05 0.00029806602984785893 0.9999999545758417 0.054426418280587474
0.2949757579399675 0.9555047368635577 -7.684115698539143e-06 -1.3652659738298123 -0.9555047366679258 0.29497575768538264 -2.4147292667769415e-05 1.512028991531892 -2.080622467616214e-05 1.4465074903928298e-05 0.9999999996789315 -0.07989551609913903
1.0 0.0 0.0 0.0 0.0 1.0 0.0 0.0 0.0 0.0 1.0 0.0
0.7991744852200687 0.6010990748548907 -0.00021066996103657877 -0.5748670704604404 -0.6010991104679788 0.7991744574905931 -0.00021421769356283387 1.27095869536568 3.959599440280274e-05 0.00029783084115952464 0.9999999548644727 0.054307228761114545
0.29495716048954906 0.9555104778247979 1.5587477482623422e-05 -1.3649270634812858 -0.9555104776560563 0.29495716076493844 -2.0074394791579827e-05 1.510973011638189 -2.377893266110824e-05 -8.972911568605576e-06 0.9999999996770246 -0.08058660031849829
1.0 0.0 0.0 0.0 0.0 1.0 0.0 0.0 0.0 0.0 1.0 0.0
0.7991875733316617 0.6010816747478315 -0.00020715837409421701 -0.5758944312015206 -0.6010817094797118 0.799187544122597 -0.0002187424045039954 1.2721081224259834 3.407634139915827e-05 0.00029933532107387047 0.9999999546185832 0.05432958767912799
0.2949746254434633 0.9555050864870133 -6.47567559352511e-06 -1.3653486440867635 -0.9555050864398097 0.2949746253338086 -1.4029658484198379e-05 1.511935332756405 -1.1495250061345433e-05 1.0325934224228158e-05 0.9999999998806173 -0.08006881092312623
1.0 0.0 0.0 0.0 0.0 1.0 0.0 0.0 0.0 0.0 1.0 0.0
0.7991859526225165 0.6010838287879136 -0.00020952446900318408 -0.5756678238751594 -0.6010838646417418 0.7991859195705143 -0.0002315762942250173 1.271665802148057 2.8252239843546655e-05 0.00031101429887045283 0.9999999512359574 0.05421488015138931
0.2949746083952264 0.9555050917718031 4.909405049744309e-07 -1.3652845056965592 -0.9555050913810843 0.29497460828922517 -2.8450731200856303e-05 1.5115475078576583 -2.7329633510198295e-05 7.923147142461013e-06 0.9999999995951573 -0.0801494640308803
1.0 0.0 0.0 0.0 0.0 1.0 0.0 0.0 0.0 0.0 1.0 0.0
0.7991879642271131 0.6010811527488159 -0.0002136461485515794 -0.575976661200361 -0.6010811885742302 0.7991879409111781 -0.00019961047410285726 1.2721515108658696 5.076133167005862e-05 0.0002879449693423631 0.9999999572554901 0.05404458261395689
0.29497643012092195 0.9555045292490782 -1.6050372538047503e-05 -1.3653014240081944 -0.9555045290592323 0.2949764295411976 -3.10229204853145e-05 1.5123592028551744 -2.4908059450173306e-05 2.448723398987147e-05 0.999999999389982 -0.07965159042909631
1.0 0.0 0.0 0.0 0.0 1.0 0.0 0.0 0.0 0.0 1.0 0.0
0.7991884077379254 0.6010805665250669 -0.0002036743098063151 -0.5757944047145855 -0.6010805982092656 0.7991883909445777 -0.00017388446922799597 1.2719101178432801 5.82555686573802e-05 0.0002613911280709079 0.9999999641404826 0.05383855202489035
0.2949786017205994 0.9555038589208802 -1.068959628199175e-05 -1.3651770658549118 -0.9555038588546385 0.29497860148152205 -1.954230456672753e-05 1.5121406706586509 -1.5519545264050052e-05 1.5978512172522403e-05 0.9999999997519156 -0.07987065066241966
1.0 0.0 0.0 0.0 0.0 1.0 0.0 0.0 0.0 0.0 1.0 0.0
0.7991832059530929 0.6010874730218917 -0.00023043153753542472 -0.5754883395777597 -0.6010875153300511 0.7991831749178853 -0.0002276895167062688 1.2715723770120224 4.7295691538223245e-05 0.00032047515827407584 0.9999999475293939 0.054971125537094934
0.2949652905427167 0.9555079681498564 -1.3311036025972148e-05 -1.364923327028798 -0.9555079677690035 0.2949652899293054 -3.559310527813577e-05 1.5114429557077074 -3.0083202103790666e-05 2.3217531621758112e-05 0.9999999992779736 -0.07974045338413122
