1.0 0.0 0.0 0.0 0.0 1.0 0.0 0.0 0.0 0.0 1.0 0.0
0.7991846026662673 0.6010856186364846 -0.0002234492209786461 -0.5756417569717858 -0.6010856576582445 0.7991845780864432 -0.00020568507214480228 1.27179035620326 5.4942832557120504e-05 0.00029869246460160066 0.9999999538820474 0.05441961225362263
0.2949678129265613 0.9555071895251357 -1.0153706429701292e-05 -1.3650522533969554 -0.9555071894386067 0.294967812684322 -2.028204823448125e-05 1.511702149800465 -1.638462633013703e-05 1.5684490902424746e-05 0.9999999997427704 -0.07990430904428819
1.0 0.0 0.0 0.0 0.0 1.0 0.0 0.0 0.0 0.0 1.0 0.0
0.7991787554114651 0.6010933903850272 -0.00023007480585182587 -0.5752509159102459 -0.6010934322841938 0.7991787262763252 -0.00022165775130468743 1.2722879722356524 5.0633881052076275e-05 0.00031544062054656856 0.9999999489667114 0.05483161823048471
0.29495666511912655 0.9555106306728336 -1.931337948886749e-05 -1.3644558426766302 -0.9555106306197714 0.2949566645214941 -2.8756936785008927e-05 1.5125406596474598 -2.178094880898777e-05 2.6936189587956023e-05 0.9999999994000159 -0.07972977916815027
1.0 0.0 0.0 0.0 0.0 1.0 0.0 0.0 0.0 0.0 1.0 0.0
0.7991855616079093 0.6010843466620395 -0.00021520994455766798 -0.5756442368744015 -0.6010843835248837 0.7991855348102807 -0.00021173690597421377 1.2718991599980658 4.4720934846055336e-05 0.0002985764149669893 0.9999999544260801 0.054442550209514606
0.2949742614826468 0.955505198844747 -6.589904238402182e-06 -1.3651844972341038 -0.9555051986760231 0.2949742612784689 -2.2052542196031496e-05 1.5118924464398695 -1.912746658143416e-05 1.2801620106658783e-05 0.9999999997351292 -0.0799671453414133
1.0 0.0 0.0 0.0 0.0 1.0 0.0 0.0 0.0 0.0 1.0 0.0
0.7991895586272192 0.6010790312951952 -0.00021798729322781974 -0.5757059846901136 -0.6010790684961578 0.7991895348873039 -0.00020184747993901857 1.2719773263206662 5.2886875774960494e-05 0.0002923419975598629 0.9999999558695664 0.05463367703939109
0.2949812606155893 0.9555030378857198 -2.1835707207841012e-05 -1.3651050801611877 -0.9555030377912501 0.294981259819184 -3.35734840938879e-05 1.5121571180440885 -2.5638441622907545e-05 3.076763323068285e-05 0.9999999991980113 -0.07946399541960741
1.0 0.0 0.0 0.0 0.0 1.0 0.0 0.0 0.0 0.0 1.0 0.0
0.7991814812922239 0.6010897762135381 -0.0002022155444717828 -0.5750421162171051 -0.6010898092247708 0.7991814541687796 -0.00021108956253154118 1.2714913237889913 3.472313498338844e-05 0.00029024857231810285 0.9999999572750341 0.054042884180144246
0.2949797408954399 0.9555035072553092 9.16855449971166e-06 -1.365061611009649 -0.9555035072481766 0.29497974096533636 -7.513780097360661e-06 1.5119104056212542 -9.883981067121908e-06 -6.544173074608127e-06 0.9999999999297404 -0.0803824573495831
1.0 0.0 0.0 0.0 0.0 1.0 0.0 0.0 0.0 0.0 1.0 0.0
0.7991723954994459 0.6011018802002156 -0.00010904788847502204 -0.5752456038273976 -0.6011018889502253 0.7991723696518175 -0.00020660486076279182 1.2715192414130367 -3.7042510824907014e-05 0.00023066179324600497 0.9999999727114942 0.053505586566196195
0.2949675626947071 0.9555072651287819 5.695664477111103e-05 -1.3656702690985867 -0.9555072662989507 0.29496756398835705 -1.5642244173430414e-05 1.5114271678458042 -3.174664071171591e-05 -4.980853330389099e-05 0.9999999982556305 -0.0809392747152437
1.0 0.0 0.0 0.0 0.0 1.0 0.0 0.0 0.0 0.0 1.0 0.0
0.7991887825951188 0.6010800670795192 -0.0002067215792518029 -0.5756269350669481 -0.6010801003982984 0.7991887619846458 -0.00018873955694041097 1.2719227122691334 5.176197745146251e-05 0.000275094764349921 0.9999999608217833 0.054238738887961324
0.29497793492927876 0.9555040648228919 -3.433591215644853e-06 -1.3651669498368868 -0.9555040647548138 0.2949779348596555 -1.3526355972697217e-05 1.5118549190589468 -1.1911654468209146e-05 7.270786915198838e-06 0.9999999999026241 -0.08004232222765612
1.0 0.0 0.0 0.0 0.0 1.0 0.0 0.0 0.0 0.0 1.0 0.0
0.799182793078075 0.6010880240383781 -0.00022495680808354916 -0.5754471233518164 -0.601088063387077 0.7991827692338612 -0.00020350250562460899 1.2712346462663247 5.745868584946217e-05 0.0002978545529601368 0.9999999539905813 0.054858270647185015
0.29497033073077583 0.9555064119152102 -2.7883651162642057e-05 -1.364911312498453 -0.9555064114164351 0.2949703290550651 -5.214627031442445e-05 1.511479344950219 -4.1601245884197304e-05 4.20246100606232e-05 0.999999998251634 -0.07930524757160584
1.0 0.0 0.0 0.0 0.0 1.0 0.0 0.0 0.0 0.0 1.0 0.0
0.7991871714405178 0.6010822088872558 -0.00020775976843731073 -0.5759182768296807 -0.6010822435133718 0.7991871445507637 -0.00021099224699543245 1.272010024920192 3.921525020784538e-05 0.0002935030047962813 0.9999999561590742 0.05438927089241463
0.294982766128014 0.955502573354579 -4.924211891549817e-07 -1.365538603910652 -0.9555025731367147 0.29498276604966833 -2.1512875915462378e-05 1.5119876654745834 -2.0410352533043894e-05 6.81643735821678e-06 0.999999999768477 -0.08000465172857574
1.0 0.0 0.0 0.0 0.0 1.0 0.0 0.0 0.0 0.0 1.0 0.0
0.7991841655037715 0.6010862046176939 -0.00021030058498296917 -0.5750946686464538 -0.6010862402391608 0.7991841368423327 -0.00021728949457981516 1.2717283320692179 3.745917388677419e-05 0.00030006311134601644 0.9999999542794688 0.05428232442878955
0.29497555783270313 0.9555047985878506 1.2525044211499714e-05 -1.3649993317048672 -0.9555047986330694 0.2949755579111364 -4.918540491256808e-06 1.5116911198478054 -8.394270945595976e-06 -1.0516890622049704e-05 0.9999999999094655 -0.08047992727517056
1.0 0.0 0.0 0.0 0.0 1.0 0.0 0.0 0.0 0.0 1.0 0.0
0.7991839363919064 0.6010865079832555 -0.00021385423331454255 -0.5755971579286516 -0.6010865447276522 0.799183907467825 -0.00021861342900716003 1.2716906815352438 3.950327916869201e-05 0.0003032572429204883 0.9999999532372669 0.05439342188423607
0.29497171498158387 0.9555059849829823 -4.746078981875465e-06 -1.3651513553384138 -0.9555059845677929 0.2949717146976425 -3.1360275092835255e-05 1.5117188323946333 -2.856497148654082e-05 1.3785300996837499e-05 0.9999999994970041 -0.08003029556624508
1.0 0.0 0.0 0.0 0.0 1.0 0.0 0.0 0.0 0.0 1.0 0.0
0.7991783408870272 0.6010939744632178 -0.00011541694415626567 -0.5753211173485626 -0.6010939852224471 0.7991783194477903 -0.00018615585299688756 1.2718937720116923 -1.965844208088562e-05 0.00021814815666954822 0.9999999760124634 0.05354203769315602
0.294973988055826 0.9555052831137381 1.7668537517912136e-05 -1.3652526791783313 -0.9555052828505904 0.2949739884262242 -2.4424156519444753e-05 1.5118804521071105 -2.85491695712422e-05 -9.67789008517226e-06 0.9999999995456417 -0.08042970079025952
1.0 0.0 0.0 0.0 0.0 1.0 0.0 0.0 0.0 0.0 1.0 0.0
0.7991871349498694 0.6010822524933319 -0.00022151334415237417 -0.5759340392155163 -0.6010822919080813 0.7991871039854219 -0.00022622537990698633 1.27245735277371 4.1050547081609935e-05 0.00031394416181214363 0.9999999498769566 0.05494379929918636
0.2949673551100885 0.955507330734011 -1.824621940612053e-05 -1.365067036636468 -0.9555073306098497 0.2949673544869803 -3.0623378354716875e-05 1.5122606457803904 -2.387882344216059e-05 2.6467293316288656e-05 0.9999999993646421 -0.07964871011303232
1.0 0.0 0.0 0.0 0.0 1.0 0.0 0.0 0.0 0.0 1.0 0.0
0.79918448003514 0.6010857865578247 -0.00020992647016772938 -0.5757406765608266 -0.6010858218736855 0.7991844528496302 -0.0002122872400707816 1.2720065237104645 4.016712852552212e-05 0.0002958404924278833 0.9999999554325013 0.05444127319352249
0.29496907291060415 0.9555068005464735 -1.1649045899516797e-05 -1.365155421518196 -0.955506800464668 0.29496907262346633 -2.1480842136995993e-05 1.511984246558125 -1.7088982477440823e-05 1.746692666640634e-05 0.9999999997014366 -0.07997018589501886
1.0 0.0 0.0 0.0 0.0 1.0 0.0 0.0 0.0 0.0 1.0 0.0
0.7991905342516399 0.6010777327958655 -0.00022158420406227834 -0.5757819616446689 -0.601077770698564 0.7991905125004257 -0.0001957073093234487 1.2722559873129544 5.945268782681511e-05 0.00028959676849493667 0.9999999562995437 0.05447677263991363
0.2949726187975965 0.9555057059244508 -1.0271570811849971e-05 -1.364948517863521 -0.955505705844966 0.2949726185584716 -1.996177882676394e-05 1.5120274850407718 -1.604376143029934e-05 1.5702722695103973e-05 0.9999999997480112 -0.07985036847691507
1.0 0.0 0.0 0.0 0.0 1.0 0.0 0.0 0.0 0.0 1.0 0.0
0.79918448003514 0.6010857865578247 -0.00020992647016772938 -0.5757406765608266 -0.6010858218736855 0.7991844528496302 -0.0002122872400707816 1.2720065237104645 4.016712852552212e-05 0.0002958404924278833 0.9999999554325013 0.05444127319352249
0.29496907291060415 0.9555068005464735 -1.1649045899516797e-05 -1.365155421518196 -0.955506800464668 0.29496907262346633 -2.1480842136995993e-05 1.511984246558125 -1.7088982477440823e-05 1.746692666640634e-05 0.9999999997014366 -0.07997018589501886
1.0 0.0 0.0 0.0 0.0 1.0 0.0 0.0 0.0 0.0 1.0 0.0
0.7991854234565249 0.6010845337514936 -0.0002054735162751526 -0.5755236029644895 -0.601084566105173 0.7991854058775498 -0.00017726390845707176 1.27147834579441 5.7660841735555226e-05 0.0002651736911201732 0.9999999631790699 0.054221791056248414
0.29497650400059233 0.9555045064823579 -1.3397514822301147e-05 -1.3651473596300736 -0.9555045065027087 0.29497650377488094 -1.654575118932005e-05 1.5117150935171253 -1.1857587742970717e-05 1.7681993630538307e-05 0.9999999997733724 -0.07973688467712087
1.0 0.0 0.0 0.0 0.0 1.0 0.0 0.0 0.0 0.0 1.0 0.0
0.7991861959058374 0.601083511836916 -0.0001899246075135284 -0.575396216803016 -0.6010835404368774 0.7991861757494012 -0.00018413830795266175 1.2720353167595189 4.110261995155119e-05 0.00026132134935353895 0.999999965010863 0.054046007009437735
0.2949880579007336 0.9555009393321946 2.512465235155989e-05 -1.3653438652471817 -0.9555009396216864 0.2949880580292377 -1.488153592923667e-06 1.5120187190825902 -8.833404561755986e-06 -2.3567641391351204e-05 0.9999999996832687 -0.08048612709787373
1.0 0.0 0.0 0.0 0.0 1.0 0.0 0.0 0.0 0.0 1.0 0.0
0.7991841987017198 0.6010861575558287 -0.0002184954446916881 -0.5758323247728576 -0.6010861958950264 0.7991841686418272 -0.0002229276059449139 1.2720083994752311 4.061940224740515e-05 0.00030949481579569966 0.9999999512815103 0.054805289813084745
0.2949646645474733 0.9555081614025085 -1.2711993041297805e-05 -1.3651384415843086 -0.955508161275883 0.2949646641764661 -2.494888566680951e-05 1.5118773543554305 -2.0089275114095205e-05 1.9505452788586105e-05 0.9999999996079791 -0.0798901698226045
1.0 0.0 0.0 0.0 0.0 1.0 0.0 0.0 0.0 0.0 1.0 0.0
0.7991992264469006 0.6010661750760279 -0.00022276927175140019 -0.5757293450497709 -0.6010662135698172 0.7991992035471617 -0.00019988602997616606 1.2724632036943362 5.78922930695951e-05 0.00029364784320581763 0.9999999552097122 0.05450664998819332
0.2949882417149727 0.9555008829142351 1.6429117164427254e-07 -1.36485910618077 -0.9555008828190105 0.2949882416831375 1.4169812509056021e-05 1.512148102128073 1.3490804399283665e-05 -4.336908437027858e-06 0.9999999998995946 -0.08011228605354637
