1.0 0.0 0.0 0.0 0.0 1.0 0.0 0.0 0.0 0.0 1.0 0.0
0.7991867447586424 0.6010827736674239 -0.00021494734444218395 -0.5757460508709187 -0.6010828104322462 0.7991867180808989 -0.00021129589180886752 1.2720886665018405 4.47767420519492e-05 0.00029806602984785893 0.9999999545758417 0.054426418280587474
0.2949757579399675 0.9555047368635577 -7.684115698539143e-06 -1.3652659738298123 -0.9555047366679258 0.29497575768538264 -2.4147292667769415e-05 1.512028991531892 -2.080622467616214e-05 1.4465074903928298e-05 0.9999999996789315 -0.07989551609913903
1.0 0.0 0.0 0.0 0.0 1.0 0.0 0.0 0.0 0.0 1.0 0.0
0.7991813559639596 0.6010899316977686 -0.00023300467450849898 -0.575208574069217 -0.6010899744379835 0.7991813274891872 -0.00022005172959132472 1.2720826025398395 5.394210597486136e-05 0.0003159180134812564 0.9999999486430274 0.05478910020831623
0.2949686447861263 0.9555069326538043 -1.5606243950126988e-05 -1.3647067555229206 -0.9555069324584481 0.2949686442225786 -3.0811381035338244e-05 1.5123537269587288 -2.4837135564526184e-05 2.400026559196122e-05 0.999999999403552 -0.07967257369967673
1.0 0.0 0.0 0.0 0.0 1.0 0.0 0.0 0.0 0.0 1.0 0.0
0.7991887661603128 0.6010800862520101 -0.0002143698513827322 -0.5756451684265613 -0.6010801231257151 0.79918873746389 -0.00021793129479175872 1.2718376465754844 4.0327809406443334e-05 0.0003030216992559147 0.9999999532757577 0.05439912806222835
0.29498551425517966 0.9555017248792851 -1.1502930924497515e-05 -1.3651911549120062 -0.9555017248140372 0.2949855139902994 -2.0329253557582667e-05 1.512102116814134 -1.603143884862624e-05 1.69879056538871e-05 0.9999999997272019 -0.07980455387187196
1.0 0.0 0.0 0.0 0.0 1.0 0.0 0.0 0.0 0.0 1.0 0.0
0.7991854396678101 0.6010845124781333 -0.00020465066225726288 -0.5758829138660815 -0.6010845464296031 0.7991854106656374 -0.00021776756776371243 1.271801327469996 3.2657111256265454e-05 0.00029704901988806187 0.9999999553476954 0.054326738048226186
0.2949802285517842 0.9555033567443584 3.714844056900917e-06 -1.3655110551907406 -0.9555033562685157 0.29498022852405076 -3.065127019503479e-05 1.5118156805045668 -3.0383197108669908e-05 5.491972723152427e-06 0.9999999995233498 -0.0800839582015403
1.0 0.0 0.0 0.0 0.0 1.0 0.0 0.0 0.0 0.0 1.0 0.0
0.7991866176954596 0.6010829387373101 -0.00022551144218457058 -0.57583812110677 -0.6010829792757949 0.7991865878522549 -0.00022320843164629433 1.272106965725909 4.605893995622607e-05 0.00031393628105759436 0.9999999496612916 0.05484058245617035
0.2949718642634771 0.9555059388472815 -1.0977442151895775e-05 -1.3652743285365485 -0.9555059385925229 0.29497186384958324 -2.918090638065738e-05 1.5119238863797602 -2.4644492775816185e-05 1.909655752268823e-05 0.9999999995139852 -0.07975009853757614
1.0 0.0 0.0 0.0 0.0 1.0 0.0 0.0 0.0 0.0 1.0 0.0
0.7991869711332066 0.6010824686245707 -0.000226015759562181 -0.5755649368941675 -0.6010825078289344 0.7991869495948885 -0.00019590634717505772 1.2716889785305296 6.287297466566197e-05 0.0002924199197910969 0.9999999552687887 0.0546347151205393
0.2949632509174273 0.955508597764478 -1.4366047211771899e-05 -1.3647810502831064 -0.9555085973435445 0.29496325022054515 -3.770813326292826e-05 1.5113648068930479 -3.17929895599685e-05 2.4849395193950032e-05 0.9999999991858565 -0.07974541841343635
1.0 0.0 0.0 0.0 0.0 1.0 0.0 0.0 0.0 0.0 1.0 0.0
0.7991924307334607 0.6010752114705948 -0.0002209387299121971 -0.5759411616634598 -0.6010752491116119 0.7991924093089352 -0.00019444380206661425 1.272553830990855 5.969720642184863e-05 0.0002881988169350525 0.9999999566888418 0.054439403905770845
0.29497385373896984 0.955505324659227 -1.2579594461540481e-05 -1.3650191154208873 -0.9555053245320331 0.29497385337255466 -2.484917480320779e-05 1.5122251063093959 -2.0032867385667297e-05 1.9349726342385208e-05 0.9999999996121359 -0.07971311060999237
1.0 0.0 0.0 0.0 0.0 1.0 0.0 0.0 0.0 0.0 1.0 0.0
0.7991898527471455 0.6010786365715555 -0.00022786679611798189 -0.5755682814155314 -0.6010786787480917 0.7991898160030877 -0.0002448497492313056 1.2719446948012552 3.493486942989623e-05 0.0003326473077744941 0.99999994406266 0.054851995210658255
0.2949790092617458 0.9555037331159146 -9.823965409723744e-06 -1.364927611221459 -0.9555037327259777 0.29497900879801053 -3.33956118799469e-05 1.5118104455689432 -2.9011768241958385e-05 1.9237840125192063e-05 0.9999999993941114 -0.07984359468286117
1.0 0.0 0.0 0.0 0.0 1.0 0.0 0.0 0.0 0.0 1.0 0.0
0.7991882613784766 0.6010807619904206 -0.0002010966497949157 -0.5758569263359412 -0.6010807937503361 0.7991882406095692 -0.00018829723078408352 1.2722504336786091 4.7532234781692885e-05 0.00027136027037197866 0.9999999620521444 0.054209455356581004
0.2949726079872242 0.9555057092733554 -9.123443134034816e-06 -1.3652287930719869 -0.9555057092445033 0.29497260783387536 -1.5127517080727483e-05 1.5120970313109758 -1.1763263124098264e-05 1.3179705168212728e-05 0.9999999998439606 -0.07998572513531477
1.0 0.0 0.0 0.0 0.0 1.0 0.0 0.0 0.0 0.0 1.0 0.0
0.7991806591174696 0.6010908630619551 -0.0002200818040698411 -0.5750349615112391 -0.6010909013454432 0.7991806327989415 -0.0002108999892303254 1.2716376944441041 4.911505889785675e-05 0.0003008363623790346 0.9999999535425961 0.05458899263409822
0.29496830564865284 0.9555070374742207 5.908096970300863e-09 -1.3648920528615172 -0.9555070373619218 0.2949683056140807 -1.532971450786656e-05 1.5116287552374796 -1.4649392796087455e-05 4.516134686241131e-06 0.9999999998825002 -0.08013581787692359
1.0 0.0 0.0 0.0 0.0 1.0 0.0 0.0 0.0 0.0 1.0 0.0
0.7991858805964517 0.6010839208272272 -0.0002199505416020792 -0.5757494209051011 -0.6010839588674912 0.799185855486441 -0.00020683952418782835 1.2720165754329198 5.145344957410874e-05 0.0002975119695814338 0.999999954419584 0.05430025948724593
0.2949711934523442 0.9555061459653494 -7.466200192954414e-06 -1.365121458705973 -0.9555061458244416 0.2949711932434037 -2.1172705967183553e-05 1.511973598362582 -1.8028336698458323e-05 1.3379338518081805e-05 0.999999999747986 -0.0799938329899394
1.0 0.0 0.0 0.0 0.0 1.0 0.0 0.0 0.0 0.0 1.0 0.0
0.7991831359760587 0.6010875783362709 -0.00019580936973082478 -0.5759286752452581 -0.601087609625744 0.7991831073704477 -0.00021551826835416728 1.271559665801675 2.694218654149661e-05 0.000289937151557244 0.9999999576052824 0.054142765903068435
0.29497682839365946 0.955504406330126 1.3947432494441685e-05 -1.3656759208973082 -0.9555044059315391 0.29497682868016084 -2.8057283775710046e-05 1.5115757355410757 -3.09230276827871e-05 -5.0505846183731784e-06 0.999999999509129 -0.08028858922173926
1.0 0.0 0.0 0.0 0.0 1.0 0.0 0.0 0.0 0.0 1.0 0.0
0.7991867056776272 0.6010828243719062 -0.00021843358876984554 -0.5754108899695378 -0.6010828629775661 0.7991866732885812 -0.0002303749610839668 1.2714614864901863 3.609478087054588e-05 0.0003154092931275546 0.9999999496070708 0.054509458102581954
0.29497432093605713 0.9555051804925713 -6.3380342392350715e-06 -1.3649874466703853 -0.9555051802619571 0.29497432069965374 -2.4906681133066712e-05 1.5113646584794305 -2.1928905507233405e-05 1.3402855902260988e-05 0.9999999996697433 -0.07997015428090376
1.0 0.0 0.0 0.0 0.0 1.0 0.0 0.0 0.0 0.0 1.0 0.0
0.7991804258306155 0.6010911771006323 -0.00020923903188067243 -0.5752848856204 -0.6010912121872696 0.7991803988088036 -0.0002116389389225939 1.2722343886974592 4.000543402745577e-05 0.0002949094406405444 0.9999999557139927 0.0544129718653813
0.2949673410955792 0.9555073352317697 -2.299527431300091e-06 -1.364983431117711 -0.9555073351191343 0.2949673410216969 -1.625180078585273e-05 1.512204082936492 -1.4850429369589391e-05 6.990965793723595e-06 0.9999999998652955 -0.08019598819943857
1.0 0.0 0.0 0.0 0.0 1.0 0.0 0.0 0.0 0.0 1.0 0.0
0.7991855616079093 0.6010843466620395 -0.00021520994455766798 -0.5756442368744015 -0.6010843835248837 0.7991855348102807 -0.00021173690597421377 1.2718991599980658 4.4720934846055336e-05 0.0002985764149669893 0.9999999544260801 0.054442550209514606
0.2949742614826468 0.955505198844747 -6.589904238402182e-06 -1.3651844972341038 -0.9555051986760231 0.2949742612784689 -2.2052542196031496e-05 1.5118924464398695 -1.912746658143416e-05 1.2801620106658783e-05 0.9999999997351292 -0.0799671453414133
1.0 0.0 0.0 0.0 0.0 1.0 0.0 0.0 0.0 0.0 1.0 0.0
0.7991878117634916 0.6010813575297546 -0.00020774712580492858 -0.5758878837556818 -0.6010813928176391 0.7991877788257834 -0.00023104959892397082 1.2719411851203812 2.7149357451557798e-05 0.0003095249551055691 0.999999951728606 0.05431918802746216
0.2949803958881149 0.9555033049507435 -1.6428552890527536e-05 -1.3652394853403607 -0.955503304642825 0.29498039517866936 -3.5733414988780446e-05 1.512245168458401 -2.929729509508975e-05 2.623819347722109e-05 0.9999999992266129 -0.07976017890634707
1.0 0.0 0.0 0.0 0.0 1.0 0.0 0.0 0.0 0.0 1.0 0.0
0.799188779750611 0.6010800660311229 -0.0002203196557275205 -0.5755931606218265 -0.6010801045329263 0.7991887525303292 -0.00021392452712156964 1.271878104364025 4.749122193087857e-05 0.000303395843484368 0.999999952847772 0.0546843209657224
0.29497395336455995 0.9555052939036687 -1.259152550456062e-05 -1.3649859398624233 -0.955505293241947 0.29497395258878345 -4.336786433782832e-05 1.5117241768662497 -3.772405191288396e-05 2.4823659662292157e-05 0.9999999989803409 -0.07977909736021321
1.0 0.0 0.0 0.0 0.0 1.0 0.0 0.0 0.0 0.0 1.0 0.0
0.7991845208023826 0.6010857302559584 -0.00021585302369696554 -0.5750443335685826 -0.6010857676134309 0.7991844919166246 -0.00021875223328963458 1.2721059239299564 4.101754317990636e-05 0.0003045695791765968 0.9999999527774651 0.05461701392467461
0.29497159189211725 0.955506022981925 -4.679306227571823e-06 -1.364790628204954 -0.9555060229764623 0.2949715918542121 -7.395742833153958e-06 1.5118945082649784 -5.686414414780169e-06 6.652639320511527e-06 0.9999999999617037 -0.08009537123719179
1.0 0.0 0.0 0.0 0.0 1.0 0.0 0.0 0.0 0.0 1.0 0.0
0.7991883872899598 0.6010805876268183 -0.00022090511945614582 -0.5756606090419041 -0.6010806269531399 0.7991883554916078 -0.00022879737733950373 1.2718638659622652 3.901913711913431e-05 0.0003156339947119936 0.9999999494263428 0.054288512021206825
0.29497703993502616 0.9555043411124884 -5.134171906020942e-06 -1.36501352483943 -0.9555043408150945 0.2949770396975652 -2.710669585037755e-05 1.511801930332128 -2.4386102728114237e-05 1.290157644705514e-05 0.9999999996194336 -0.08006989544029902
1.0 0.0 0.0 0.0 0.0 1.0 0.0 0.0 0.0 0.0 1.0 0.0
0.7991786375650496 0.6010935554484642 -0.00020702172585279548 -0.5750695089555737 -0.6010935899546707 0.7991786098930189 -0.00021355296124977492 1.271455140006653 3.708202633051861e-05 0.00029510639701104633 0.9999999557685678 0.05418943658217762
0.2949733802145221 0.955505470921603 1.9245982810292597e-06 -1.3649829575494596 -0.9555054705305154 0.2949733801503648 -2.808781764410657e-05 1.511928792272565 -2.7405768685580465e-05 6.446194327232674e-06 0.999999999603685 -0.08019992496994605
