1.0 0.0 0.0 0.0 0.0 1.0 0.0 0.0 0.0 0.0 1.0 0.0
0.7991927637694631 0.6010747726310555 -0.0002098691327214389 -0.5759980707502308 -0.6010748074570744 0.7991927397600549 -0.00020138336157373343 1.2722383353581392 4.667942890110026e-05 0.00028709117385501405 0.9999999576998433 0.05459210573562734
0.2949875502702394 0.9555010963749779 -3.4318584763645412e-06 -1.3654353019640917 -0.9555010962107694 0.29498755014791206 -1.9943697023452874e-05 1.5120548763721082 -1.8043868847283558e-05 9.162286864490634e-06 0.9999999997952356 -0.07986820930440502
1.0 0.0 0.0 0.0 0.0 1.0 0.0 0.0 0.0 0.0 1.0 0.0
0.7991886335238366 0.60108025509497 -0.00023448085009874025 -0.5761511120198222 -0.601080297334294 0.7991886101402548 -0.00020390832341696504 1.2717941545560816 6.482915763945802e-05 0.00030390303345228804 0.9999999517200623 0.054409792662358236
0.2949809190037872 0.9555031434052614 -1.9140156589722752e-05 -1.3655990963722102 -0.9555031433825207 0.29498091845400876 -2.709523128458471e-05 1.5120111503819391 -2.024359769352307e-05 2.62810560112595e-05 0.9999999994497514 -0.07964449013758518
1.0 0.0 0.0 0.0 0.0 1.0 0.0 0.0 0.0 0.0 1.0 0.0
0.7991830864253627 0.6010876304835551 -0.0002342035361457405 -0.575321582228602 -0.6010876736803654 0.7991830575656093 -0.00022147146777728725 1.272421173288219 5.404773832366561e-05 0.0003177731098829647 0.999999948049545 0.054839245810963444
0.2949702145586698 0.9555064478094715 -2.6790632764344132e-05 -1.364769750256027 -0.9555064475880357 0.29497021326727185 -4.362054848003511e-05 1.5126355769364253 -3.37772766695937e-05 3.8465384885615056e-05 0.999999998689755 -0.07921157388032629
1.0 0.0 0.0 0.0 0.0 1.0 0.0 0.0 0.0 0.0 1.0 0.0
0.7991890604881476 0.6010796952225708 -0.0002135116233879598 -0.5761347329797211 -0.6010797319695812 0.7991890307094801 -0.00022137980516064859 1.2721642669112558 3.75692415262387e-05 0.00030526182785580987 0.9999999527018832 0.054025734051310004
0.29497487548302637 0.9555050091602565 -1.7419305030529745e-05 -1.3651338291301087 -0.9555050089231274 0.29497487478698603 -3.416457062110791e-05 1.51243493247644 -2.7506161044026297e-05 2.6721923173519597e-05 0.9999999992646751 -0.07980964119569678
1.0 0.0 0.0 0.0 0.0 1.0 0.0 0.0 0.0 0.0 1.0 0.0
0.7991858805964517 0.6010839208272272 -0.0002199505416020792 -0.5757494209051011 -0.6010839588674912 0.799185855486441 -0.00020683952418782835 1.2720165754329198 5.145344957410874e-05 0.0002975119695814338 0.999999954419584 0.05430025948724593
0.2949711934523442 0.9555061459653494 -7.466200192954414e-06 -1.365121458705973 -0.9555061458244416 0.2949711932434037 -2.1172705967183553e-05 1.511973598362582 -1.8028336698458323e-05 1.3379338518081805e-05 0.999999999747986 -0.0799938329899394
1.0 0.0 0.0 0.0 0.0 1.0 0.0 0.0 0.0 0.0 1.0 0.0
0.7991887661603128 0.6010800862520101 -0.0002143698513827322 -0.5756451684265613 -0.6010801231257151 0.79918873746389 -0.00021793129479175872 1.2718376465754844 4.0327809406443334e-05 0.0003030216992559147 0.9999999532757577 0.05439912806222835
0.29498551425517966 0.9555017248792851 -1.1502930924497515e-05 -1.3651911549120062 -0.9555017248140372 0.2949855139902994 -2.0329253557582667e-05 1.512102116814134 -1.603143884862624e-05 1.69879056538871e-05 0.9999999997272019 -0.07980455387187196
1.0 0.0 0.0 0.0 0.0 1.0 0.0 0.0 0.0 0.0 1.0 0.0
0.7991909587100369 0.6010771776063502 -0.00019513307522123582 -0.575923826585452 -0.6010772076996534 0.7991909380378857 -0.00018692809583855782 1.272030179580728 4.359037316630288e-05 0.00026668128810687744 0.9999999634904841 0.05415080101174419
0.29498989269359166 0.9555003732025243 4.296529505347532e-06 -1.3655506670342294 -0.9555003731217433 0.29498989272455617 -1.2432387802811567e-05 1.5119627690496742 -1.31465839632539e-05 -4.379068016127651e-07 0.9999999999134876 -0.08009313529772671
1.0 0.0 0.0 0.0 0.0 1.0 0.0 0.0 0.0 0.0 1.0 0.0
0.79918448003514 0.6010857865578247 -0.00020992647016772938 -0.5757406765608266 -0.6010858218736855 0.7991844528496302 -0.0002122872400707816 1.2720065237104645 4.016712852552212e-05 0.0002958404924278833 0.9999999554325013 0.05444127319352249
0.29496907291060415 0.9555068005464735 -1.1649045899516797e-05 -1.365155421518196 -0.955506800464668 0.29496907262346633 -2.1480842136995993e-05 1.511984246558125 -1.7088982477440823e-05 1.746692666640634e-05 0.9999999997014366 -0.07997018589501886
1.0 0.0 0.0 0.0 0.0 1.0 0.0 0.0 0.0 0.0 1.0 0.0
0.7991856816351175 0.6010842046762012 -0.00015861333761777756 -0.5760173435514071 -0.6010842256026461 0.7991856542655636 -0.00020915972413204103 1.272136580533088 1.0388975691075045e-06 0.0002624974319133115 0.9999999655470088 0.05413528974426152
0.29497646497046026 0.9555045183133669 -2.4418665226755844e-05 -1.3655331382730207 -0.9555045185207073 0.29497646446353587 -2.2340653068667087e-05 1.5120895705748474 -1.4143663413673543e-05 2.9922111827735703e-05 0.9999999994523119 -0.07990015123720434
1.0 0.0 0.0 0.0 0.0 1.0 0.0 0.0 0.0 0.0 1.0 0.0
0.7991852103065515 0.601084820400556 -0.00019573273855857284 -0.5761161420889316 -0.6010848516444474 0.7991851819492913 -0.00021465379235841568 1.2717852980090179 2.7401568050308398e-05 0.00028920012030749686 0.9999999578062213 0.05411083700305919
0.29498068748558537 0.9555032149690748 1.3938899347168275e-05 -1.3658750043418841 -0.955503214522931 0.294980687779061 -2.955905238142472e-05 1.5117321360824096 -3.235547569820039e-05 -4.599313540233e-06 0.9999999994659847 -0.08023473699544198
1.0 0.0 0.0 0.0 0.0 1.0 0.0 0.0 0.0 0.0 1.0 0.0
0.7991764568924141 0.6010964581367264 -0.00019688669198817985 -0.5752628968982165 -0.6010964888818661 0.7991764351649157 -0.00019113081764891293 1.2717646027019285 4.24591471049913e-05 0.0002710951489132707 0.9999999623523198 0.053611257366270704
0.2949626744354386 0.9555087758269086 2.766950916839029e-06 -1.364986948115714 -0.9555087757773855 0.2949626744483297 -9.730895056795419e-06 1.5121908780056756 -1.01141028659174e-05 2.2640494741741947e-07 0.9999999999488269 -0.08050216805874721
1.0 0.0 0.0 0.0 0.0 1.0 0.0 0.0 0.0 0.0 1.0 0.0
0.7991821973613765 0.601088818893246 -0.00021730661558311514 -0.5754799042761274 -0.6010888566043641 0.7991821691735017 -0.00021665916865118217 1.2714209078122574 4.343616863053521e-05 0.0003037707355745547 0.9999999529183187 0.05450332928863355
0.2949669549273659 0.9555074544210831 -6.827839199099723e-06 -1.3650808960520813 -0.9555074540689108 0.29496695460297073 -3.018272563570781e-05 1.5113996353599886 -2.6825832404587253e-05 1.5426957922093127e-05 0.9999999995211918 -0.0799658094265212
1.0 0.0 0.0 0.0 0.0 1.0 0.0 0.0 0.0 0.0 1.0 0.0
0.799185115545867 0.601084940758098 -0.00021232939810250529 -0.5756828324423289 -0.6010849766581579 0.7991850893439831 -0.00020929909698096818 1.2717807615580785 4.388395368337514e-05 0.00029489673430666815 0.9999999555550565 0.05435507269268702
0.2949774858900531 0.9555042033607044 -1.334199679437607e-05 -1.365255122052174 -0.9555042031863651 0.2949774854483202 -2.778085064475553e-05 1.5120606414396622 -2.2609130898731307e-05 2.094305949500211e-05 0.9999999995251079 -0.07976446012397664
1.0 0.0 0.0 0.0 0.0 1.0 0.0 0.0 0.0 0.0 1.0 0.0
0.7991821861011184 0.601088839199303 -0.00020201156649832857 -0.5756389353692963 -0.6010888708633413 0.7991821672170215 -0.00018145671192471583 1.2714623647911498 5.2372437181284486e-05 0.0002664438761265215 0.9999999631323935 0.05428024633326661
0.294959519916057 0.9555097495917877 -6.776966757411458e-06 -1.3652115589908522 -0.9555097496025385 0.2949595198671426 -7.364653155724688e-06 1.5112767250391297 -5.038067031734786e-06 8.647732368610659e-06 0.9999999999499173 -0.08007929060180435
1.0 0.0 0.0 0.0 0.0 1.0 0.0 0.0 0.0 0.0 1.0 0.0
0.7991828897318927 0.6010878994611947 -0.00021419876445806946 -0.5752445798179622 -0.6010879359770384 0.7991828631939447 -0.00021071305746304714 1.2720886556196032 4.452691277269534e-05 0.00029715056338449236 0.9999999548594475 0.05440059751709919
0.29497389072425956 0.9555053133216788 2.2434899714608634e-06 -1.3650528694386317 -0.9555053131721079 0.2949738907183677 -1.7156369086324735e-05 1.512077159011202 -1.705477278496073e-05 2.917014352312967e-06 0.9999999998503128 -0.08018010700998862
1.0 0.0 0.0 0.0 0.0 1.0 0.0 0.0 0.0 0.0 1.0 0.0
0.7991758926832507 0.6010972037453064 -0.00021024629000306906 -0.5750242296475054 -0.6010972390359834 0.7991758663631694 -0.0002093943527139789 1.271458036443093 4.215740106641577e-05 0.00029372138319143224 0.9999999559752502 0.05445769496816261
0.2949590891754308 0.9555098825776558 3.0388121264039866e-06 -1.3649525438875276 -0.9555098825124798 0.29495908919082603 -1.1167192321898316e-05 1.5114398444897983 -1.1566687881244904e-05 3.9024985804327937e-07 0.9999999999330298 -0.08036491118128664
1.0 0.0 0.0 0.0 0.0 1.0 0.0 0.0 0.0 0.0 1.0 0.0
0.7991874846526986 0.601081791731742 -0.00020981671108432045 -0.5755079483081325 -0.6010818254984491 0.7991874661808944 -0.00018153460933607963 1.271684400194288 5.856573745282844e-05 0.00027119719953134917 0.9999999615110658 0.05435173083291034
0.2949728184764672 0.9555056443213562 -5.484428235395946e-06 -1.3650913801103854 -0.9555056443130435 0.29497281842345574 -8.788516812319822e-06 1.5115452641429936 -6.779720165354642e-06 7.832775709112482e-06 0.9999999999463415 -0.07997021447256947
1.0 0.0 0.0 0.0 0.0 1.0 0.0 0.0 0.0 0.0 1.0 0.0
0.7991943678715637 0.6010726479639737 -0.00018501877946597455 -0.5762332705691584 -0.6010726750302319 0.7991943492156278 -0.00017752129681801197 1.2721741065727166 4.116276709957689e-05 0.00025308375329865157 0.9999999671271196 0.05387290945855061
0.29500086581918933 0.9554969854045425 -6.98283721292357e-06 -1.3659061707814795 -0.9554969851900069 0.29500086557338245 -2.457159432895214e-05 1.512386991150466 -2.141814128592901e-05 1.3920721506623898e-05 0.9999999996737383 -0.07974659970529169
1.0 0.0 0.0 0.0 0.0 1.0 0.0 0.0 0.0 0.0 1.0 0.0
0.7991866613362909 0.601082880156017 -0.00022699229251227498 -0.5756753248964603 -0.6010829211592986 0.7991866315672157 -0.0002231924134068744 1.2720645046890997 4.725206696502705e-05 0.00031481358997015107 0.9999999493298217 0.05486541052120747
0.2949726036144356 0.9555057105832827 -1.263556122960771e-05 -1.3650572409682713 -0.9555057103919466 0.29497260318658614 -2.7887462681490867e-05 1.51196733277086 -2.2919485457220435e-05 2.0299388384253327e-05 0.9999999995313159 -0.0797554444023148
1.0 0.0 0.0 0.0 0.0 1.0 0.0 0.0 0.0 0.0 1.0 0.0
0.7991813322324671 0.6010899653860723 -0.00022742759348371905 -0.5756675208018418 -0.6010900068941081 0.7991812998895038 -0.000231341663017475 1.2714799081630073 4.2698727575524334e-05 0.0003215883921862156 0.999999947378861 0.05509309068099599
0.29496259255161433 0.9555088006684759 -2.898829082910104e-05 -1.364914784437488 -0.9555088005136143 0.29496259116205664 -4.422668968051825e-05 1.5117477911651545 -3.370852983785878e-05 4.074378604719591e-05 0.9999999986018393 -0.079378371614853
