{
 "cells": [
  {
   "cell_type": "code",
   "execution_count": 1,
   "metadata": {
    "collapsed": true
   },
   "outputs": [],
   "source": [
    "import sys\n",
    "sys.path.append(\"../\")\n",
    "import numpy as np\n",
    "import matplotlib.pyplot as plt\n",
    "import scripts.theodolite_utils as theodo_u\n",
    "import scripts.theodolite_plot_function as theodo_p\n",
    "import scripts.groundtruth_utils as theodo_g\n",
    "from scipy.spatial.transform import Rotation as R\n",
    "from numpy import linalg\n",
    "import importlib\n",
    "theodo_u = importlib.reload(theodo_u)\n",
    "theodo_p = importlib.reload(theodo_p)"
   ]
  },
  {
   "cell_type": "code",
   "execution_count": null,
   "outputs": [],
   "source": [
    "theodo_u = importlib.reload(theodo_u)\n",
    "np.random.seed(10)\n",
    "\n",
    "num_samples_MC_sensor = 10   ## Number sample for uncertainty propagation to the sensor"
   ],
   "metadata": {
    "collapsed": false
   }
  },
  {
   "cell_type": "code",
   "execution_count": null,
   "outputs": [],
   "source": [
    "theodo_g = importlib.reload(theodo_g)\n",
    "theodo_u = importlib.reload(theodo_u)\n",
    "\n",
    "# Compute covariance of all measurements for the dataset selected and model chosen\n",
    "Data_uncertainty_total = []\n",
    "\n",
    "P1 = np.array([3.28, -0.41, -0.03, 1.0])\n",
    "C1 = np.array([[1.8098167474423251e-16, 2.045312300121645e-15, 3.063801387204384e-12],\n",
    "               [2.045312300121645e-15, 1.824803527827509e-12, 2.724552781709242e-09],\n",
    "               [3.063801387204384e-12, 2.724552781709242e-09, 4.09486576064592e-06]])\n",
    "P2 = np.array([4.01, -3.88e-05, -0.33, 1])\n",
    "C2 = np.array([[6.8626358612273644e-16, -9.859519265046416e-16, -1.4257721642435706e-12],\n",
    "               [-9.859519265046416e-16, 2.017399767238251e-12, 2.8049731567599196e-09],\n",
    "               [-1.4257721642435706e-12, 2.8049731567599196e-09, 3.919312566087246e-06]])\n",
    "P3 = np.array([3.01, 0.29, -0.37, 1.0])\n",
    "C3 = np.array([[1.6665677076045173e-16, 6.924811486955276e-18, -9.056358581389611e-13],\n",
    "               [6.924811486955276e-18, 3.9603820338900725e-14, 3.3368162754862885e-10],\n",
    "               [-9.056358581389611e-13, 3.3368162754862885e-10, 3.807330902205233e-06]])\n",
    "\n",
    "T_used = np.array([[-0.0000000,  0.0000000, -1.0000000, 5],\n",
    "                   [0.7071068, -0.7071068, -0.0000000,-2],\n",
    "                   [-0.7071068, -0.7071068, -0.0000000,1],\n",
    "                   [0,0,0,1]])\n",
    "\n",
    "P1_init = T_used@P1\n",
    "P2_init = T_used@P2\n",
    "P3_init = T_used@P3\n",
    "\n",
    "value_cov = 0.02\n",
    "p1_cov_x = value_cov\n",
    "p1_cov_y = value_cov\n",
    "p1_cov_z = value_cov\n",
    "p2_cov_x = value_cov\n",
    "p2_cov_y = value_cov\n",
    "p2_cov_z = value_cov\n",
    "p3_cov_x = value_cov\n",
    "p3_cov_y = value_cov\n",
    "p3_cov_z = value_cov\n",
    "\n",
    "C1_init = np.linalg.diag([np.random.normal(0, p1_cov_x, 1), np.random.normal(0, p1_cov_y, 1), np.random.normal(0, p1_cov_z, 1)])\n",
    "C2_init = np.linalg.diag([np.random.normal(0, p2_cov_x, 1), np.random.normal(0, p2_cov_y, 1), np.random.normal(0, p2_cov_z, 1)])\n",
    "C3_init = np.linalg.diag([np.random.normal(0, p3_cov_x, 1), np.random.normal(0, p3_cov_y, 1), np.random.normal(0, p3_cov_z, 1)])\n",
    "\n",
    "q1_corrected = theodo_g.return_point_from_covariance(C1, P1, num_samples_MC_sensor)\n",
    "q2_corrected = theodo_g.return_point_from_covariance(C2, P2, num_samples_MC_sensor)\n",
    "q3_corrected = theodo_g.return_point_from_covariance(C3, P3, num_samples_MC_sensor)\n",
    "\n",
    "p1_corrected = theodo_g.return_point_from_covariance(C1_init, P1_init, num_samples_MC_sensor)\n",
    "p2_corrected = theodo_g.return_point_from_covariance(C2_init, P2_init, num_samples_MC_sensor)\n",
    "p3_corrected = theodo_g.return_point_from_covariance(C3_init, P3_init, num_samples_MC_sensor)\n",
    "\n",
    "\n",
    "P_sensor = theodo_g.chose_sensor_before_ptp_uncertainty(file_path, Sensor, Gps_reference_chosen, num_samples_MC_sensor)\n",
    "Pose_sensor_MC = []\n",
    "Dist_prism_MC = []\n",
    "for i_mc,j_mc,k_mc in zip(MC_1_sorted,MC_2_sorted,MC_3_sorted):\n",
    "    Pose_sensor = []\n",
    "    Dist_prism_MC.append([i_mc[0],np.linalg.norm(i_mc[1]-j_mc[1]),np.linalg.norm(i_mc[1]-k_mc[1]),np.linalg.norm(k_mc[1]-j_mc[1])])\n",
    "    p1_corrected = theodo_g.return_point_from_covariance(i_mc[2],i_mc[1], num_samples_MC_sensor)\n",
    "    p2_corrected = theodo_g.return_point_from_covariance(j_mc[2],j_mc[1], num_samples_MC_sensor)\n",
    "    p3_corrected = theodo_g.return_point_from_covariance(k_mc[2],k_mc[1], num_samples_MC_sensor)\n",
    "    try:\n",
    "        for i_estimated,j_estimated,k_estimated,i_truth,j_truth,k_truth in zip(p1_corrected,p2_corrected,p3_corrected, P_sensor[0], P_sensor[1],P_sensor[2]):\n",
    "            Q = np.array([i_estimated, j_estimated, k_estimated]).T\n",
    "            Q = np.concatenate((Q, np.array([[1,1,1]])), axis=0)\n",
    "            P = np.array([i_truth, j_truth, k_truth]).T\n",
    "            P = np.concatenate((P, np.array([[1,1,1]])), axis=0)\n",
    "            T = theodo_u.point_to_point_minimization(P, Q)\n",
    "            Pose_sensor.append(T)\n",
    "        mu_T, cov_matrix_T, mu_A, cov_matrix_A = theodo_g.find_noise_list_tf(Pose_sensor)\n",
    "        Pose_sensor_MC.append([i_estimated[0], mu_T, cov_matrix_T, mu_A, cov_matrix_A])\n",
    "    except:\n",
    "        print(\"Exception extraction !\")\n",
    "\n",
    "# if save_MC_sensor:\n",
    "#     if Sensor==\"GNSS\":\n",
    "#         # theodo_u.save_MC_pose_sorted(Pose_sensor_MC, file_path + \"uncertainty/sensor/\"+Sensor+\"_\"+str(Gps_reference_chosen)+\"_\"\n",
    "#         #                                      +str(model_chosen[0])+\"_\"+str(model_chosen[2])+\"_\"+str(model_chosen[4])\n",
    "#         #                                  +\"_\"+str(model_chosen[6])+\"_\"+str(model_chosen[8])+\".csv\")\n",
    "#         #theodo_u.save_MC_dist_sorted(Dist_prism_MC, file_path + \"uncertainty/sensor/\"+Sensor+\"_DIST_\"+str(Gps_reference_chosen)+\"_\"\n",
    "#          #                                    +str(model_chosen[0])+\"_\"+str(model_chosen[2])+\"_\"+str(model_chosen[4])\n",
    "#          #                                +\"_\"+str(model_chosen[6])+\"_\"+str(model_chosen[8])+\".csv\")\n",
    "#     else:\n",
    "#         # theodo_u.save_MC_pose_sorted(Pose_sensor_MC, file_path + \"uncertainty/sensor/\"+Sensor+\"_\"\n",
    "#         #                                      +str(model_chosen[0])+\"_\"+str(model_chosen[2])+\"_\"+str(model_chosen[4])\n",
    "#         #                                  +\"_\"+str(model_chosen[6])+\"_\"+str(model_chosen[8])+\".csv\")\n",
    "#         #theodo_u.save_MC_dist_sorted(Dist_prism_MC, file_path + \"uncertainty/sensor/\"+Sensor+\"_DIST_\"\n",
    "#          #                                    +str(model_chosen[0])+\"_\"+str(model_chosen[2])+\"_\"+str(model_chosen[4])\n",
    "#          #                                +\"_\"+str(model_chosen[6])+\"_\"+str(model_chosen[8])+\".csv\")\n",
    "\n",
    "# print(\"Interpolation finished !\")\n"
   ],
   "metadata": {
    "collapsed": false
   }
  }
 ],
 "metadata": {
  "kernelspec": {
   "display_name": "Python 3",
   "language": "python",
   "name": "python3"
  },
  "language_info": {
   "codemirror_mode": {
    "name": "ipython",
    "version": 2
   },
   "file_extension": ".py",
   "mimetype": "text/x-python",
   "name": "python",
   "nbconvert_exporter": "python",
   "pygments_lexer": "ipython2",
   "version": "2.7.6"
  }
 },
 "nbformat": 4,
 "nbformat_minor": 0
}
