{
 "cells": [
  {
   "cell_type": "code",
   "execution_count": 2,
   "outputs": [],
   "source": [
    "import sys\n",
    "sys.path.append(\"../\")\n",
    "import numpy as np\n",
    "import matplotlib.pyplot as plt\n",
    "import scripts.prediction_utils as predict_u\n",
    "import scripts.theodolite_utils as theodo_u\n",
    "import scripts.theodolite_plot_function as theodo_p\n",
    "import scripts.groundtruth_utils as theodo_g\n",
    "import scripts.theodolite_function as theodo_f\n",
    "import tqdm\n",
    "import torch\n",
    "from numpy import linalg\n",
    "import importlib\n",
    "theodo_u = importlib.reload(theodo_u)\n",
    "theodo_p = importlib.reload(theodo_p)\n",
    "theodo_f = importlib.reload(theodo_f)\n",
    "predict_u = importlib.reload(predict_u)"
   ],
   "metadata": {
    "collapsed": false
   }
  },
  {
   "cell_type": "code",
   "execution_count": 3,
   "outputs": [
    {
     "name": "stderr",
     "output_type": "stream",
     "text": [
      "/home/maxime/repos/RTS_Extrinsic_Calibration/contrib/../scripts/groundtruth_utils.py:419: VisibleDeprecationWarning: Creating an ndarray from ragged nested sequences (which is a list-or-tuple of lists-or-tuples-or ndarrays with different lengths or shapes) is deprecated. If you meant to do this, you must specify 'dtype=object' when creating the ndarray.\n",
      "  min_1 = np.array(min_1)\n",
      "/home/maxime/repos/RTS_Extrinsic_Calibration/contrib/../scripts/groundtruth_utils.py:420: VisibleDeprecationWarning: Creating an ndarray from ragged nested sequences (which is a list-or-tuple of lists-or-tuples-or ndarrays with different lengths or shapes) is deprecated. If you meant to do this, you must specify 'dtype=object' when creating the ndarray.\n",
      "  min_2 = np.array(min_2)\n",
      "/home/maxime/repos/RTS_Extrinsic_Calibration/contrib/../scripts/groundtruth_utils.py:421: VisibleDeprecationWarning: Creating an ndarray from ragged nested sequences (which is a list-or-tuple of lists-or-tuples-or ndarrays with different lengths or shapes) is deprecated. If you meant to do this, you must specify 'dtype=object' when creating the ndarray.\n",
      "  min_3 = np.array(min_3)\n",
      "/home/maxime/repos/RTS_Extrinsic_Calibration/contrib/../scripts/groundtruth_utils.py:450: VisibleDeprecationWarning: Creating an ndarray from ragged nested sequences (which is a list-or-tuple of lists-or-tuples-or ndarrays with different lengths or shapes) is deprecated. If you meant to do this, you must specify 'dtype=object' when creating the ndarray.\n",
      "  T_change = np.array([np.random.normal(0, std_noise[0], 1),np.random.normal(0, std_noise[1], 1),np.random.normal(0, std_noise[2], 1),0]).T\n"
     ]
    },
    {
     "name": "stdout",
     "output_type": "stream",
     "text": [
      "Min median error [m]:  0.00029\n",
      "RTS number  2  taken as main frame\n",
      "[1, 2, 1, 1, 3, 2]\n",
      "Number of data for theodolites: [4945 4681 4737]\n",
      "Bad measures: 558\n",
      "3836 3619 3690\n",
      "47\n",
      "0\n",
      "1\n",
      "2\n",
      "3\n",
      "4\n",
      "5\n",
      "6\n",
      "7\n",
      "Exception interpolation !\n",
      "8\n",
      "Exception interpolation !\n",
      "9\n",
      "Exception interpolation !\n",
      "Exception extraction !\n",
      "Exception interpolation !\n",
      "10\n",
      "Exception interpolation !\n",
      "Exception interpolation !\n",
      "Exception interpolation !\n",
      "11\n",
      "Exception extraction !\n",
      "Exception extraction !\n",
      "12\n",
      "Exception extraction !\n",
      "Exception interpolation !\n",
      "13\n",
      "14\n",
      "Exception extraction !\n",
      "15\n",
      "Exception interpolation !\n",
      "Exception interpolation !\n",
      "16\n",
      "Exception interpolation !\n",
      "Exception interpolation !\n",
      "17\n",
      "18\n",
      "19\n",
      "20\n",
      "21\n",
      "22\n",
      "23\n",
      "24\n",
      "25\n",
      "26\n",
      "27\n",
      "28\n",
      "29\n",
      "30\n",
      "31\n",
      "32\n",
      "33\n",
      "34\n",
      "35\n",
      "36\n",
      "37\n",
      "38\n",
      "39\n",
      "40\n",
      "41\n",
      "42\n",
      "43\n",
      "44\n",
      "Exception extraction !\n",
      "45\n",
      "46\n",
      "Interpolation finished !\n"
     ]
    }
   ],
   "source": [
    "%matplotlib notebook\n",
    "theodo_u = importlib.reload(theodo_u)\n",
    "theodo_p = importlib.reload(theodo_p)\n",
    "predict_u = importlib.reload(predict_u)\n",
    "theodo_g = importlib.reload(theodo_g)\n",
    "\n",
    "## Path of main files\n",
    "path = \"../data/20220224/\"\n",
    "\n",
    "# Reading sensor data\n",
    "# Sensor = \"Robosense_32\"\n",
    "Sensor = \"GNSS\"   # GNSS or Robosense_32\n",
    "# path_sensor_file = path+\"ICP/icp_odom.csv\"\n",
    "\n",
    "# Sensor = \"GNSS\"\n",
    "path_sensor_file = path+\"gps_data/\"+\"gps3.txt\"\n",
    "path_sensor_file_synch_time = path+\"gps_data/delay_synchronization_GNSS_3.txt\"  # If applied to GNSS\n",
    "Gps_reference_chosen = 3    # 1: front, 2: back, 3: middle   # Only for GNSS\n",
    "\n",
    "## Parameters for pre-processing pipeline\n",
    "file = [\n",
    "        \"/home/maxime/data/ICRA_2023/Vaidis2022_dataset/20220224/20220224_inter_prism.bag\"\n",
    "]\n",
    "parameters = [\n",
    "    [1,2,1,1,3,2],  # 1. Apply filtering or not (Module 1), 2-3-4. Parameters tau_r, tau_a, tau_e (Module 1), 5. Parameter tau_s (Module 2), 6 Parameter tau_l (Module 4).\n",
    "]\n",
    "output = [\n",
    "        path\n",
    "]\n",
    "\n",
    "## Read sensor data which we want a ground truth\n",
    "sensor_data = []\n",
    "if Sensor == \"GNSS\":\n",
    "    GNSS_raw_data = theodo_u.read_prediction_data_Linear_csv_file(path_sensor_file)\n",
    "    time_delay = float(theodo_u.read_time_delay(path_sensor_file_synch_time))\n",
    "\n",
    "    for i in GNSS_raw_data:\n",
    "        raw_data = np.array([i[0] + time_delay, i[1], i[2], i[3], 0, 0, 0, 1])\n",
    "        sensor_data.append(raw_data)\n",
    "    sensor_data = np.array(sensor_data)\n",
    "if Sensor == \"Robosense_32\":\n",
    "    sensor_data = theodo_u.read_icp_odom_file(path_sensor_file)\n",
    "    sensor_data = np.array(sensor_data)\n",
    "\n",
    "## Read Extrinsic results for RTS\n",
    "## Estimated extrinsic calibration uncertainty\n",
    "number_test = 200\n",
    "path_file_GCP = \"total_stations/GCP.txt\"\n",
    "Tf_1, Tf_2, Tf_3, std1, std2, std3 = theodo_g.function_noise_resection(path+path_file_GCP, number_test)\n",
    "## Number of rigid transforms to apply the uncertainty\n",
    "num_samples = 1000\n",
    "T_1_corrected = theodo_g.correct_tf(Tf_1, std1, num_samples)\n",
    "T_2_corrected = theodo_g.correct_tf(Tf_2, std2, num_samples)\n",
    "T_3_corrected = theodo_g.correct_tf(Tf_3, std3, num_samples)\n",
    "\n",
    "for param in parameters:\n",
    "    print(param)\n",
    "\n",
    "    if param[0] == 0:\n",
    "        filtering = False\n",
    "    if param[0] == 1:\n",
    "        filtering = True\n",
    "    thresold_d = param[1]  ## tau_r [m/s]\n",
    "    thresold_a = param[2]  ## tau_a [deg/s]\n",
    "    thresold_e = param[3]  ## tau_e [deg/s]\n",
    "    limit_time_interval = param[4]  ## tau_s [s]\n",
    "    size_interval = param[5]    ## tau_l\n",
    "\n",
    "    Mode = \"STEAM\"  ## Interpolation choice: 1. L -> Linear interpolation, 2. SGP -> Gaussian Process with Stheno library, 3. STEAM\n",
    "    limit_search = limit_time_interval\n",
    "    save = False\n",
    "\n",
    "    save_index_1 = []\n",
    "    save_index_2 = []\n",
    "    save_index_3 = []\n",
    "\n",
    "    for fname, opath in zip(file, output):\n",
    "        if not filtering:\n",
    "            path_out = opath + \"raw_prediction/\"\n",
    "        else:\n",
    "            path_out = opath + \"filtered_prediction/\"\n",
    "\n",
    "        if filtering:\n",
    "            t1, t2, t3, tp1, tp2, tp3, d1, d2, d3, a1, a2, a3, e1, e2, e3 = theodo_u.read_rosbag_theodolite_without_tf_raw_data_pre_filtered(\n",
    "                fname)\n",
    "            index_1_f = theodo_u.thresold_raw_data(t1, d1, a1, e1, thresold_d, thresold_a * 3.1415926 / 180,\n",
    "                                                   thresold_e * 3.1415926 / 180, limit_time_interval)\n",
    "            index_2_f = theodo_u.thresold_raw_data(t2, d2, a2, e2, thresold_d, thresold_a * 3.1415926 / 180,\n",
    "                                                   thresold_e * 3.1415926 / 180, limit_time_interval)\n",
    "            index_3_f = theodo_u.thresold_raw_data(t3, d3, a3, e3, thresold_d, thresold_a * 3.1415926 / 180,\n",
    "                                                   thresold_e * 3.1415926 / 180, limit_time_interval)\n",
    "            t1 = t1[index_1_f]\n",
    "            t2 = t2[index_2_f]\n",
    "            t3 = t3[index_3_f]\n",
    "            tp1 = tp1[index_1_f].T\n",
    "            tp2 = tp2[index_2_f].T\n",
    "            tp3 = tp3[index_3_f].T\n",
    "            print(len(t1), len(t2), len(t3))\n",
    "        else:\n",
    "            t1, t2, t3, tp1, tp2, tp3, d1, d2, d3, a1, a2, a3, e1, e2, e3 = theodo_u.read_rosbag_theodolite_without_tf_raw_data(\n",
    "                fname)\n",
    "            print(len(t1), len(t2), len(t3))\n",
    "\n",
    "        list_interval, list_time = theodo_f.split_time_interval_all_data(t1, t2, t3, limit_time_interval)\n",
    "        list_trajectories_split = theodo_f.merge_interval(list_interval, list_time, t1, t2, t3, limit_search)\n",
    "\n",
    "        Prediction_1 = []\n",
    "        Prediction_2 = []\n",
    "        Prediction_3 = []\n",
    "        T_prediction = []\n",
    "        Index_sensor = []\n",
    "\n",
    "        print(len(list_trajectories_split))\n",
    "        nubmer_iteration = 0\n",
    "        for i in list_trajectories_split:\n",
    "            print(nubmer_iteration)\n",
    "            nubmer_iteration = nubmer_iteration +1\n",
    "\n",
    "            index_1 = np.array([i[0, 0], i[1, 0]])\n",
    "            index_2 = np.array([i[0, 1], i[1, 1]])\n",
    "            index_3 = np.array([i[0, 2], i[1, 2]])\n",
    "\n",
    "            save_index_1.append(index_1)\n",
    "            save_index_2.append(index_2)\n",
    "            save_index_3.append(index_3)\n",
    "\n",
    "            begin = np.max([t1[index_1[0]], t2[index_2[0]], t3[index_3[0]]])\n",
    "            end = np.min([t1[index_1[1]], t2[index_2[1]], t3[index_3[1]]])\n",
    "\n",
    "            if abs(end - begin) > size_interval and begin < end:\n",
    "\n",
    "                Number = 0\n",
    "                T_prediction_sensor = []\n",
    "                for value_sensor_data in sensor_data:\n",
    "                    if end >= value_sensor_data[0] >= begin:\n",
    "                        T_prediction_sensor.append(value_sensor_data[0])\n",
    "                        Index_sensor.append(Number)\n",
    "                    Number = Number + 1\n",
    "\n",
    "                # rate = 10  #Hz\n",
    "                # T_prediction_init = torch.from_numpy(np.arange(begin, end, 1/rate))\n",
    "                T_prediction_init = torch.from_numpy(np.array(T_prediction_sensor))\n",
    "\n",
    "                # Linear interpolation\n",
    "                if Mode == \"L\" or Mode == \"All\":\n",
    "\n",
    "                    ## Put trajectories in same frame\n",
    "                    tp1 = Tf_1 @ tp1\n",
    "                    tp2 = Tf_2 @ tp2\n",
    "                    tp3 = Tf_3 @ tp3\n",
    "\n",
    "                    T1, X1, Y1, Z1, T2, X2, Y2, Z2, T3, X3, Y3, Z3 = predict_u.data_training_L(t1, t2, t3,\n",
    "                                                                                      tp1, tp2, tp3,\n",
    "                                                                                      index_1,\n",
    "                                                                                      index_2,\n",
    "                                                                                      index_3)\n",
    "                    mx1, my1, mz1, mx2, my2, mz2, mx3, my3, mz3 = predict_u.linear_interpolation(T1, X1, Y1,\n",
    "                                                                                        Z1, T2, X2,\n",
    "                                                                                        Y2, Z2, T3,\n",
    "                                                                                        X3, Y3, Z3)\n",
    "\n",
    "                    for i in T_prediction_init.numpy():\n",
    "                        T_prediction.append(i)\n",
    "                        P1_L, P2_L, P3_L = predict_u.linear_prediction(i, 0, mx1, my1, mz1, mx2, my2, mz2,\n",
    "                                                                          mx3, my3, mz3)\n",
    "                        Prediction_1.append(P1_L)\n",
    "                        Prediction_2.append(P2_L)\n",
    "                        Prediction_3.append(P3_L)\n",
    "\n",
    "                if Mode == \"STEAM\" or Mode == \"All\":\n",
    "\n",
    "                    MC_1 = []\n",
    "                    MC_2 = []\n",
    "                    MC_3 = []\n",
    "\n",
    "                    num_samples = 1000\n",
    "                    ## Range\n",
    "                    random_noise_range = [0, 0.004/2, 2]   ## Mean, sigma, ppm,  4mm + 2ppm (2 sigma)  ISO17123-3\n",
    "                    ## Angles\n",
    "                    random_noise_angle = [0, 0.000024241/5*4/2]    # Mean, sigma, 5\"=0.000024241 precision datasheet  (2 sigma)  ISO17123-3\n",
    "                    ## Tilt compensator\n",
    "                    random_noise_tilt = [0, 0.000002424/2]    # Mean, sigma, 0.5\"=0.000002424 precision datasheet  (2 sigma)  ISO17123-3\n",
    "\n",
    "                    ## Compute uncertainty\n",
    "                    T1, D1, A1, E1 = predict_u.data_training_L_Raw_data(t1, d1, a1, e1, index_1)\n",
    "                    T2, D2, A2, E2 = predict_u.data_training_L_Raw_data(t2, d2, a2, e2, index_2)\n",
    "                    T3, D3, A3, E3 = predict_u.data_training_L_Raw_data(t3, d3, a3, e3, index_3)\n",
    "\n",
    "                    for i1,j1,k1,l1 in zip(T1,D1,A1,E1):\n",
    "                        mu_raw_data, _,cov_matrix_simulated = theodo_g.MC_raw_data(num_samples, j1, random_noise_range, k1, l1, random_noise_angle, random_noise_tilt)\n",
    "                        MC_1.append([i1,Tf_1@mu_raw_data,cov_matrix_simulated])\n",
    "                    for i2,j2,k2,l2 in zip(T2,D2,A2,E2):\n",
    "                        mu_raw_data, _,cov_matrix_simulated = theodo_g.MC_raw_data(num_samples, j2, random_noise_range, k2, l2, random_noise_angle, random_noise_tilt)\n",
    "                        MC_2.append([i2,Tf_2@mu_raw_data,cov_matrix_simulated])\n",
    "                    for i3,j3,k3,l3 in zip(T3,D3,A3,E3):\n",
    "                        mu_raw_data, _,cov_matrix_simulated = theodo_g.MC_raw_data(num_samples, j3, random_noise_range, k3, l3, random_noise_angle, random_noise_tilt)\n",
    "                        MC_3.append([i3,Tf_3@mu_raw_data,cov_matrix_simulated])\n",
    "\n",
    "                    ## STEAM\n",
    "                    MC_1_interpolated = theodo_g.STEAM_interpolation_with_covariance(T1, T_prediction_sensor, MC_1)\n",
    "                    MC_2_interpolated = theodo_g.STEAM_interpolation_with_covariance(T2, T_prediction_sensor, MC_2)\n",
    "                    MC_3_interpolated = theodo_g.STEAM_interpolation_with_covariance(T3, T_prediction_sensor, MC_3)\n",
    "\n",
    "                    if(len(MC_1_interpolated)>0 and len(MC_2_interpolated)>0 and len(MC_3_interpolated)>0):\n",
    "                        Prediction_1.append(MC_1_interpolated)\n",
    "                        Prediction_2.append(MC_2_interpolated)\n",
    "                        Prediction_3.append(MC_3_interpolated)\n",
    "                        T_prediction.append(T_prediction_sensor)\n",
    "\n",
    "        print(\"Interpolation finished !\")"
   ],
   "metadata": {
    "collapsed": false
   }
  },
  {
   "cell_type": "code",
   "execution_count": 4,
   "outputs": [
    {
     "name": "stdout",
     "output_type": "stream",
     "text": [
      "[[1645734878.1595333, array([10.83765914,  5.84143618,  0.54181818]), array([[ 1.79722933e-06,  1.97589365e-06, -2.52134955e-07],\n",
      "       [ 1.97589365e-06,  2.20466095e-06, -2.78401890e-07],\n",
      "       [-2.52134955e-07, -2.78401890e-07,  5.04613577e-08]])], [1645734878.3595333, array([10.83767106,  5.8414307 ,  0.54181865]), array([[ 9.26967120e-04,  6.49484153e-07, -5.18119212e-09],\n",
      "       [ 6.49484153e-07,  9.28747082e-04, -1.11611396e-07],\n",
      "       [-5.18119211e-09, -1.11611396e-07,  9.27550906e-04]])], [1645734878.5595334, array([10.83764307,  5.84141867,  0.54181471]), array([[ 1.70787794e-06,  1.80988925e-06, -2.38648658e-07],\n",
      "       [ 1.80988925e-06,  2.04493099e-06, -2.61147100e-07],\n",
      "       [-2.38648658e-07, -2.61147100e-07,  9.18062702e-08]])], [1645734878.7595334, array([10.83757968,  5.84140456,  0.54180805]), array([[ 7.16902527e-04,  1.00425882e-06, -9.70283760e-08],\n",
      "       [ 1.00425882e-06,  7.17915100e-04, -1.57904570e-07],\n",
      "       [-9.70283760e-08, -1.57904570e-07,  7.16598125e-04]])], [1645734878.9595335, array([10.83766093,  5.84143422,  0.54181779]), array([[ 1.80910991e-06,  1.92812552e-06, -2.53296931e-07],\n",
      "       [ 1.92812552e-06,  2.17869421e-06, -2.77979190e-07],\n",
      "       [-2.53296931e-07, -2.77979190e-07,  9.38527879e-08]])], [1645734879.1595333, array([10.8380299 ,  5.8415374 ,  0.54185268]), array([[ 7.02098514e-04,  1.07406724e-06, -1.15922116e-07],\n",
      "       [ 1.07406724e-06,  7.03069782e-04, -1.76009725e-07],\n",
      "       [-1.15922116e-07, -1.76009725e-07,  7.01689585e-04]])], [1645734879.3595333, array([10.83850744,  5.84166316,  0.54189901]), array([[ 1.65724807e-06,  1.76769107e-06, -2.36663334e-07],\n",
      "       [ 1.76769107e-06,  2.00082791e-06, -2.61167365e-07],\n",
      "       [-2.36663334e-07, -2.61167365e-07,  8.87857353e-08]])], [1645734879.5595334, array([10.83884905,  5.84174946,  0.54193523]), array([[ 7.00784449e-04,  1.10986574e-06, -1.15889369e-07],\n",
      "       [ 1.10986574e-06,  7.01755971e-04, -1.60718896e-07],\n",
      "       [-1.15889369e-07, -1.60718896e-07,  7.00371210e-04]])], [1645734879.7595334, array([10.83887291,  5.84174908,  0.54193668]), array([[ 1.87530219e-06,  1.99371683e-06, -2.49696643e-07],\n",
      "       [ 1.99371683e-06,  2.23809830e-06, -2.73845224e-07],\n",
      "       [-2.49696643e-07, -2.73845224e-07,  9.04760884e-08]])], [1645734879.9595335, array([10.83853875,  5.84165654,  0.54190222]), array([[ 7.00815076e-04,  1.13721289e-06, -1.20726894e-07],\n",
      "       [ 1.13721289e-06,  7.01830655e-04, -1.75922339e-07],\n",
      "       [-1.20726894e-07, -1.75922339e-07,  7.00379022e-04]])], [1645734880.1595333, array([10.83830652,  5.84159977,  0.5418797 ]), array([[ 1.77101392e-06,  1.87932605e-06, -2.45983896e-07],\n",
      "       [ 1.87932605e-06,  2.11289348e-06, -2.69707664e-07],\n",
      "       [-2.45983896e-07, -2.69707664e-07,  9.17320147e-08]])], [1645734880.3595333, array([10.83857165,  5.84167469,  0.54190564]), array([[ 7.00741977e-04,  1.11716069e-06, -1.17184383e-07],\n",
      "       [ 1.11716069e-06,  7.01764766e-04, -1.75315457e-07],\n",
      "       [-1.17184383e-07, -1.75315457e-07,  7.00326960e-04]])], [1645734880.5595334, array([10.83897059,  5.84177725,  0.54194575]), array([[ 1.80867848e-06,  1.93171627e-06, -2.43098800e-07],\n",
      "       [ 1.93171627e-06,  2.18899647e-06, -2.67914794e-07],\n",
      "       [-2.43098801e-07, -2.67914794e-07,  9.01032435e-08]])], [1645734880.7595334, array([10.83907911,  5.84180131,  0.54195883]), array([[ 7.01381481e-04,  1.12732064e-06, -1.14404051e-07],\n",
      "       [ 1.12732064e-06,  7.02375136e-04, -1.68065920e-07],\n",
      "       [-1.14404051e-07, -1.68065920e-07,  7.00927833e-04]])], [1645734880.9595335, array([10.83898987,  5.84177627,  0.54195032]), array([[ 1.76224974e-06,  1.88514270e-06, -2.31462743e-07],\n",
      "       [ 1.88514270e-06,  2.11512847e-06, -2.54262851e-07],\n",
      "       [-2.31462743e-07, -2.54262851e-07,  7.54400928e-08]])], [1645734881.1595333, array([10.83888391,  5.84174837,  0.54193793]), array([[ 7.00894005e-04,  1.17829117e-06, -1.18041871e-07],\n",
      "       [ 1.17829117e-06,  7.01880566e-04, -1.78173329e-07],\n",
      "       [-1.18041871e-07, -1.78173329e-07,  7.00378308e-04]])], [1645734881.3595333, array([10.83877871,  5.84172024,  0.54192286]), array([[ 1.90862126e-06,  2.06121255e-06, -2.63180088e-07],\n",
      "       [ 2.06121255e-06,  2.32667290e-06, -2.91673683e-07],\n",
      "       [-2.63180088e-07, -2.91673683e-07,  8.07270759e-08]])], [1645734881.5595334, array([10.83865167,  5.84168519,  0.54190485]), array([[ 7.01083901e-04,  1.18473207e-06, -1.27428582e-07],\n",
      "       [ 1.18473207e-06,  7.02063932e-04, -1.88447803e-07],\n",
      "       [-1.27428582e-07, -1.88447803e-07,  7.00561159e-04]])], [1645734881.7595334, array([10.83848186,  5.8416389 ,  0.54188183]), array([[ 1.78430083e-06,  1.90475985e-06, -2.48908368e-07],\n",
      "       [ 1.90475985e-06,  2.12272104e-06, -2.72524323e-07],\n",
      "       [-2.48908368e-07, -2.72524323e-07,  7.65506895e-08]])], [1645734881.9595335, array([10.83826236,  5.84158132,  0.54185394]), array([[ 7.01500383e-04,  1.15944929e-06, -1.24517085e-07],\n",
      "       [ 1.15944929e-06,  7.02475290e-04, -1.84673157e-07],\n",
      "       [-1.24517085e-07, -1.84673157e-07,  7.01002497e-04]])], [1645734882.1595333, array([10.83804039,  5.84152359,  0.54182238]), array([[ 1.82451207e-06,  1.98398166e-06, -2.60741433e-07],\n",
      "       [ 1.98398166e-06,  2.22432954e-06, -2.87963543e-07],\n",
      "       [-2.60741433e-07, -2.87963543e-07,  7.11249302e-08]])], [1645734882.3595333, array([10.8378699 ,  5.84147802,  0.54178646]), array([[ 7.00972861e-04,  1.16032919e-06, -1.21527196e-07],\n",
      "       [ 1.16032919e-06,  7.01956700e-04, -1.83212132e-07],\n",
      "       [-1.21527196e-07, -1.83212132e-07,  7.00478400e-04]])], [1645734882.5595334, array([10.83777824,  5.84145012,  0.54173262]), array([[ 1.77194677e-06,  1.91908554e-06, -2.38376445e-07],\n",
      "       [ 1.91908554e-06,  2.14444791e-06, -2.62522729e-07],\n",
      "       [-2.38376445e-07, -2.62522729e-07,  6.39460556e-08]])], [1645734882.7595334, array([10.83775939,  5.84144118,  0.54165467]), array([[ 7.00726354e-04,  1.10977702e-06, -1.13967654e-07],\n",
      "       [ 1.10977702e-06,  7.01695268e-04, -1.74047529e-07],\n",
      "       [-1.13967654e-07, -1.74047529e-07,  7.00273418e-04]])], [1645734882.9595335, array([10.83770592,  5.84142524,  0.54158098]), array([[ 1.70535012e-06,  1.84038098e-06, -2.39068683e-07],\n",
      "       [ 1.84038098e-06,  2.05320948e-06, -2.62761875e-07],\n",
      "       [-2.39068683e-07, -2.62761875e-07,  6.73237712e-08]])], [1645734883.1595333, array([10.83753796,  5.84138053,  0.54153951]), array([[ 7.01378076e-04,  1.08806969e-06, -1.13584175e-07],\n",
      "       [ 1.08806969e-06,  7.02348450e-04, -1.75421291e-07],\n",
      "       [-1.13584175e-07, -1.75421291e-07,  7.00947648e-04]])], [1645734883.3595333, array([10.83738064,  5.84134227,  0.54152266]), array([[ 1.70591605e-06,  1.85650211e-06, -2.41651812e-07],\n",
      "       [ 1.85650211e-06,  2.07655307e-06, -2.68493450e-07],\n",
      "       [-2.41651812e-07, -2.68493450e-07,  5.86100701e-08]])], [1645734883.5595334, array([10.83737601,  5.84134909,  0.54151375]), array([[ 7.00762964e-04,  1.14559497e-06, -1.21015770e-07],\n",
      "       [ 1.14559497e-06,  7.01743273e-04, -1.83758102e-07],\n",
      "       [-1.21015770e-07, -1.83758102e-07,  7.00276926e-04]])], [1645734883.7595334, array([10.8375333 ,  5.84139634,  0.54152084]), array([[ 1.84760779e-06,  2.00509767e-06, -2.62503585e-07],\n",
      "       [ 2.00509767e-06,  2.22930418e-06, -2.88361969e-07],\n",
      "       [-2.62503585e-07, -2.88361969e-07,  6.41508177e-08]])], [1645734883.9595335, array([10.83781531,  5.84146746,  0.54154653]), array([[ 7.00826844e-04,  1.17665849e-06, -1.26285200e-07],\n",
      "       [ 1.17665849e-06,  7.01807134e-04, -1.87168033e-07],\n",
      "       [-1.26285200e-07, -1.87168033e-07,  7.00313829e-04]])], [1645734884.1595333, array([10.83813248,  5.84154592,  0.54157902]), array([[ 1.78435932e-06,  1.93839357e-06, -2.48810661e-07],\n",
      "       [ 1.93839357e-06,  2.16300314e-06, -2.75294942e-07],\n",
      "       [-2.48810661e-07, -2.75294942e-07,  6.06496589e-08]])], [1645734884.3595333, array([10.83837899,  5.84161269,  0.54160392]), array([[ 7.00773205e-04,  1.16377845e-06, -1.22591966e-07],\n",
      "       [ 1.16377845e-06,  7.01758574e-04, -1.86605742e-07],\n",
      "       [-1.22591966e-07, -1.86605742e-07,  7.00276152e-04]])], [1645734884.5595334, array([10.83843922,  5.84162845,  0.5416086 ]), array([[ 1.80527366e-06,  1.96575992e-06, -2.55498095e-07],\n",
      "       [ 1.96575992e-06,  2.19560871e-06, -2.82343135e-07],\n",
      "       [-2.55498095e-07, -2.82343135e-07,  6.36596553e-08]])], [1645734884.7595334, array([10.83825419,  5.84157066,  0.54159041]), array([[ 7.00590141e-04,  1.16856823e-06, -1.26055106e-07],\n",
      "       [ 1.16856823e-06,  7.01574655e-04, -1.87211657e-07],\n",
      "       [-1.26055106e-07, -1.87211657e-07,  7.00087471e-04]])], [1645734884.9595335, array([10.83800081,  5.8414953 ,  0.54156528]), array([[ 1.80485118e-06,  1.95509833e-06, -2.55779502e-07],\n",
      "       [ 1.95509833e-06,  2.17914990e-06, -2.81528841e-07],\n",
      "       [-2.55779502e-07, -2.81528841e-07,  6.48987401e-08]])], [1645734885.1595333, array([10.83786741,  5.84145783,  0.54155141]), array([[ 7.00734545e-04,  1.18312983e-06, -1.29115379e-07],\n",
      "       [ 1.18312983e-06,  7.01715541e-04, -1.90566674e-07],\n",
      "       [-1.29115379e-07, -1.90566674e-07,  7.00216170e-04]])], [1645734885.3595333, array([10.83784775,  5.84145439,  0.5415457 ]), array([[ 1.83804644e-06,  1.99652678e-06, -2.65132399e-07],\n",
      "       [ 1.99652678e-06,  2.22311468e-06, -2.92599122e-07],\n",
      "       [-2.65132399e-07, -2.92599122e-07,  6.49771163e-08]])], [1645734885.5595334, array([10.83788473,  5.84146759,  0.54154093]), array([[ 6.95649033e-04,  1.20463140e-06, -1.32533498e-07],\n",
      "       [ 1.20463140e-06,  6.96614046e-04, -1.93342421e-07],\n",
      "       [-1.32533498e-07, -1.93342421e-07,  6.95099998e-04]])], [1645734885.7595334, array([10.83791461,  5.84147664,  0.54154459]), array([[ 2.01340272e-06,  2.01936133e-06, -2.64683092e-07],\n",
      "       [ 2.01936133e-06,  2.37462076e-06, -2.90397112e-07],\n",
      "       [-2.64683092e-07, -2.90397112e-07,  2.04206916e-07]])], [1645734885.9595335, array([10.83789507,  5.84146728,  0.54156255]), array([[ 7.06843564e-04,  1.17697249e-06, -1.26401906e-07],\n",
      "       [ 1.17697249e-06,  7.07829935e-04, -1.87976809e-07],\n",
      "       [-1.26401906e-07, -1.87976809e-07,  7.06336337e-04]])], [1645734886.1595333, array([10.83787362,  5.84145792,  0.5415903 ]), array([[ 1.76154078e-06,  1.92034032e-06, -2.47722844e-07],\n",
      "       [ 1.92034032e-06,  2.13634865e-06, -2.74102676e-07],\n",
      "       [-2.47722844e-07, -2.74102676e-07,  5.49557970e-08]])], [1645734886.3595333, array([10.83790456,  5.84146877,  0.54162077]), array([[ 7.01041192e-04,  1.19610388e-06, -1.26641957e-07],\n",
      "       [ 1.19610388e-06,  7.02021324e-04, -1.87565744e-07],\n",
      "       [-1.26641957e-07, -1.87565744e-07,  7.00507115e-04]])], [1645734886.5595334, array([10.83798207,  5.8414968 ,  0.54165139]), array([[ 1.90018226e-06,  2.06340715e-06, -2.68740210e-07],\n",
      "       [ 2.06340715e-06,  2.28818940e-06, -2.95026888e-07],\n",
      "       [-2.68740210e-07, -2.95026888e-07,  5.86089686e-08]])], [1645734886.7595334, array([10.83807252,  5.84152917,  0.54167888]), array([[ 7.00911048e-04,  1.25280369e-06, -1.34287004e-07],\n",
      "       [ 1.25280369e-06,  7.01902066e-04, -1.95328967e-07],\n",
      "       [-1.34287004e-07, -1.95328967e-07,  7.00327178e-04]])], [1645734886.9595335, array([10.8380909 ,  5.84153871,  0.54169433]), array([[ 1.91168050e-06,  2.08051763e-06, -2.66537348e-07],\n",
      "       [ 2.08051763e-06,  2.31153082e-06, -2.93990829e-07],\n",
      "       [-2.66537348e-07, -2.93990829e-07,  5.88902027e-08]])], [1645734887.1595333, array([10.83798753,  5.84151161,  0.54169415]), array([[ 7.00634688e-04,  1.28462962e-06, -1.38868495e-07],\n",
      "       [ 1.28462962e-06,  7.01629769e-04, -2.00744636e-07],\n",
      "       [-1.38868495e-07, -2.00744636e-07,  7.00022469e-04]])], [1645734887.3595333, array([10.83790659,  5.84149188,  0.54169127]), array([[ 1.99065524e-06,  2.15860538e-06, -2.83974107e-07],\n",
      "       [ 2.15860538e-06,  2.38480362e-06, -3.10319802e-07],\n",
      "       [-2.83974107e-07, -3.10319802e-07,  6.21000019e-08]])], [1645734887.5595334, array([10.83797074,  5.84151362,  0.54169709]), array([[ 6.95643024e-04,  1.20960467e-06, -1.31586983e-07],\n",
      "       [ 1.20960467e-06,  6.96614680e-04, -1.91653500e-07],\n",
      "       [-1.31586983e-07, -1.91653500e-07,  6.95092187e-04]])], [1645734887.7595334, array([10.8380196 ,  5.84153067,  0.54169827]), array([[ 1.84425651e-06,  1.86972241e-06, -2.36695135e-07],\n",
      "       [ 1.86972241e-06,  2.20564701e-06, -2.61072616e-07],\n",
      "       [-2.36695135e-07, -2.61072616e-07,  1.80148695e-07]])], [1645734887.9595335, array([10.83787827,  5.84149655,  0.54168231]), array([[ 7.07392160e-04,  1.18140297e-06, -1.18752900e-07],\n",
      "       [ 1.18140297e-06,  7.08388526e-04, -1.79991949e-07],\n",
      "       [-1.18752900e-07, -1.79991949e-07,  7.06883519e-04]])], [1645734888.1595333, array([10.83759566,  5.84142278,  0.54165345]), array([[ 1.90475268e-06,  2.07855502e-06, -2.61575847e-07],\n",
      "       [ 2.07855502e-06,  2.30199286e-06, -2.88159745e-07],\n",
      "       [-2.61575847e-07, -2.88159745e-07,  5.22830203e-08]])], [1645734888.3595333, array([10.83728404,  5.84133702,  0.54162227]), array([[ 7.01037000e-04,  1.20637240e-06, -1.27805880e-07],\n",
      "       [ 1.20637240e-06,  7.02024612e-04, -1.88531058e-07],\n",
      "       [-1.27805880e-07, -1.88531058e-07,  7.00496632e-04]])], [1645734888.5595334, array([10.83708722,  5.84128277,  0.54160264]), array([[ 1.77902130e-06,  1.94460095e-06, -2.53500030e-07],\n",
      "       [ 1.94460095e-06,  2.16293135e-06, -2.78881114e-07],\n",
      "       [-2.53500030e-07, -2.78881114e-07,  5.36765635e-08]])], [1645734888.7595334, array([10.83709942,  5.84128792,  0.5416022 ]), array([[ 7.00803753e-04,  1.20307727e-06, -1.27012678e-07],\n",
      "       [ 1.20307727e-06,  7.01786653e-04, -1.87697818e-07],\n",
      "       [-1.27012678e-07, -1.87697818e-07,  7.00265339e-04]])], [1645734888.9595335, array([10.83718242,  5.84131231,  0.54160909]), array([[ 1.90003029e-06,  2.06392085e-06, -2.65676987e-07],\n",
      "       [ 2.06392085e-06,  2.27684564e-06, -2.90153978e-07],\n",
      "       [-2.65676987e-07, -2.90153978e-07,  5.29147962e-08]])], [1645734889.1595333, array([10.83718624,  5.84131633,  0.54160958]), array([[ 7.00817438e-04,  1.21842598e-06, -1.29916975e-07],\n",
      "       [ 1.21842598e-06,  7.01798349e-04, -1.90443403e-07],\n",
      "       [-1.29916975e-07, -1.90443403e-07,  7.00263367e-04]])], [1645734889.3595333, array([10.83715155,  5.84131231,  0.54160665]), array([[ 1.82385871e-06,  1.99032635e-06, -2.55913377e-07],\n",
      "       [ 1.99032635e-06,  2.20626097e-06, -2.81707735e-07],\n",
      "       [-2.55913377e-07, -2.81707735e-07,  5.36966810e-08]])], [1645734889.5595334, array([10.83715021,  5.84131907,  0.5416062 ]), array([[ 7.00345749e-04,  1.19252113e-06, -1.26856073e-07],\n",
      "       [ 1.19252113e-06,  7.01331212e-04, -1.88250923e-07],\n",
      "       [-1.26856073e-07, -1.88250923e-07,  6.99819341e-04]])], [1645734889.7595334, array([10.83718563,  5.84133874,  0.54161065]), array([[ 1.81844785e-06,  1.99038639e-06, -2.57427046e-07],\n",
      "       [ 1.99038639e-06,  2.21530605e-06, -2.85074664e-07],\n",
      "       [-2.57427046e-07, -2.85074664e-07,  5.45914835e-08]])], [1645734889.9595335, array([10.83723597,  5.84136541,  0.54161903]), array([[ 7.00700812e-04,  1.14688978e-06, -1.24718362e-07],\n",
      "       [ 1.14688978e-06,  7.01670434e-04, -1.86276217e-07],\n",
      "       [-1.24718362e-07, -1.86276217e-07,  7.00213569e-04]])], [1645734890.1595333, array([10.83724637,  5.84137917,  0.5416195 ]), array([[ 1.71748873e-06,  1.85888040e-06, -2.48118213e-07],\n",
      "       [ 1.85888040e-06,  2.04911003e-06, -2.71617654e-07],\n",
      "       [-2.48118213e-07, -2.71617654e-07,  5.60334186e-08]])], [1645734890.3595333, array([10.83719804,  5.84137328,  0.54160765]), array([[ 7.00206105e-04,  1.17595213e-06, -1.22558290e-07],\n",
      "       [ 1.17595213e-06,  7.01164444e-04, -1.83631692e-07],\n",
      "       [-1.22558290e-07, -1.83631692e-07,  6.99683953e-04]])], [1645734890.5595334, array([10.83725308,  5.84139484,  0.54162006]), array([[ 1.92718018e-06,  2.07774481e-06, -2.64708920e-07],\n",
      "       [ 2.07774481e-06,  2.28820730e-06, -2.88655627e-07],\n",
      "       [-2.64708920e-07, -2.88655627e-07,  6.13973691e-08]])], [1645734890.7595334, array([10.83755375,  5.84147964,  0.54168404]), array([[ 7.00273838e-04,  1.20723080e-06, -1.25194752e-07],\n",
      "       [ 1.20723080e-06,  7.01233517e-04, -1.84812371e-07],\n",
      "       [-1.25194752e-07, -1.84812371e-07,  6.99721079e-04]])], [1645734890.9595335, array([10.83797532,  5.84159697,  0.54176704]), array([[ 1.81776286e-06,  1.95205107e-06, -2.45731144e-07],\n",
      "       [ 1.95205107e-06,  2.15817904e-06, -2.67969291e-07],\n",
      "       [-2.45731144e-07, -2.67969291e-07,  6.27521977e-08]])], [1645734891.1595333, array([10.8383401 ,  5.84170682,  0.54182876]), array([[ 7.00779334e-04,  1.16606171e-06, -1.21437500e-07],\n",
      "       [ 1.16606171e-06,  7.01746428e-04, -1.81705033e-07],\n",
      "       [-1.21437500e-07, -1.81705033e-07,  7.00270626e-04]])], [1645734891.3595333, array([10.83853314,  5.84176772,  0.54185732]), array([[ 1.81097540e-06,  1.96365412e-06, -2.55558865e-07],\n",
      "       [ 1.96365412e-06,  2.19160237e-06, -2.81606051e-07],\n",
      "       [-2.55558865e-07, -2.81606051e-07,  6.69672374e-08]])], [1645734891.5595334, array([10.83850572,  5.8417571 ,  0.54185452]), array([[ 7.00499480e-04,  1.07412688e-06, -1.13417121e-07],\n",
      "       [ 1.07412688e-06,  7.01466243e-04, -1.73846056e-07],\n",
      "       [-1.13417121e-07, -1.73846056e-07,  7.00082842e-04]])], [1645734891.7595334, array([10.83841072,  5.84172598,  0.54184022]), array([[ 1.57203842e-06,  1.69697337e-06, -2.18023385e-07],\n",
      "       [ 1.69697337e-06,  1.90318734e-06, -2.40406990e-07],\n",
      "       [-2.18023385e-07, -2.40406990e-07,  6.39687009e-08]])], [1645734891.9595335, array([10.8383935 ,  5.84171985,  0.54183447]), array([[ 7.00651609e-04,  1.06353418e-06, -1.04228726e-07],\n",
      "       [ 1.06353418e-06,  7.01618718e-04, -1.64791570e-07],\n",
      "       [-1.04228726e-07, -1.64791570e-07,  7.00243685e-04]])], [1645734892.1595333, array([10.83836372,  5.84171045,  0.5418284 ]), array([[ 1.78647626e-06,  1.93215738e-06, -2.43723783e-07],\n",
      "       [ 1.93215738e-06,  2.16077517e-06, -2.70237393e-07],\n",
      "       [-2.43723783e-07, -2.70237393e-07,  6.71488660e-08]])], [1645734892.3595333, array([10.83824319,  5.8416764 ,  0.54181425]), array([[ 7.00965182e-04,  1.13005238e-06, -1.12570456e-07],\n",
      "       [ 1.13005238e-06,  7.01950544e-04, -1.74699199e-07],\n",
      "       [-1.12570456e-07, -1.74699199e-07,  7.00503864e-04]])], [1645734892.5595334, array([10.83823922,  5.84167903,  0.54181594]), array([[ 1.75196876e-06,  1.89548231e-06, -2.38707514e-07],\n",
      "       [ 1.89548231e-06,  2.11805360e-06, -2.62456111e-07],\n",
      "       [-2.38707514e-07, -2.62456111e-07,  6.43264845e-08]])], [1645734892.7595334, array([10.83851347,  5.84175903,  0.5418478 ]), array([[ 7.00789322e-04,  1.14486676e-06, -1.16732649e-07],\n",
      "       [ 1.14486676e-06,  7.01787100e-04, -1.78953377e-07],\n",
      "       [-1.16732649e-07, -1.78953377e-07,  7.00322231e-04]])], [1645734892.9595335, array([10.8387566 ,  5.84182327,  0.54186513]), array([[ 1.81479097e-06,  1.96728298e-06, -2.57769870e-07],\n",
      "       [ 1.96728298e-06,  2.20253687e-06, -2.84287993e-07],\n",
      "       [-2.57769870e-07, -2.84287993e-07,  6.94280529e-08]])], [1645734893.1595333, array([10.8386616 ,  5.84179199,  0.54182798]), array([[ 7.00873559e-04,  1.15295170e-06, -1.21616469e-07],\n",
      "       [ 1.15295170e-06,  7.01866247e-04, -1.83482275e-07],\n",
      "       [-1.21616469e-07, -1.83482275e-07,  7.00394131e-04]])], [1645734893.3595333, array([10.83840874,  5.84172217,  0.54176073]), array([[ 1.75932651e-06,  1.90848736e-06, -2.44869629e-07],\n",
      "       [ 1.90848736e-06,  2.13289476e-06, -2.70096131e-07],\n",
      "       [-2.44869629e-07, -2.70096131e-07,  6.49474974e-08]])], [1645734893.5595334, array([10.83824421,  5.84167981,  0.54169915]), array([[ 7.00750733e-04,  1.20210380e-06, -1.26162089e-07],\n",
      "       [ 1.20210380e-06,  7.01732282e-04, -1.87441207e-07],\n",
      "       [-1.26162089e-07, -1.87441207e-07,  7.00213315e-04]])], [1645734893.7595334, array([10.83818527,  5.8416653 ,  0.54165475]), array([[ 1.95211036e-06,  2.10376345e-06, -2.73993323e-07],\n",
      "       [ 2.10376345e-06,  2.33734861e-06, -3.01284953e-07],\n",
      "       [-2.73993323e-07, -3.01284953e-07,  7.14900941e-08]])], [1645734893.9595335, array([10.83819376,  5.84166549,  0.54163009]), array([[ 7.00702250e-04,  1.18463949e-06, -1.26894464e-07],\n",
      "       [ 1.18463949e-06,  7.01669829e-04, -1.87581240e-07],\n",
      "       [-1.26894464e-07, -1.87581240e-07,  7.00175080e-04]])], [1645734894.1595333, array([10.83823812,  5.84167521,  0.54162169]), array([[ 1.73389079e-06,  1.86147053e-06, -2.35804370e-07],\n",
      "       [ 1.86147053e-06,  2.07311424e-06, -2.58960751e-07],\n",
      "       [-2.35804370e-07, -2.58960751e-07,  6.63745025e-08]])], [1645734894.3595333, array([10.83829543,  5.84169246,  0.54162392]), array([[ 7.00701904e-04,  1.13721823e-06, -1.17127326e-07],\n",
      "       [ 1.13721823e-06,  7.01673790e-04, -1.77276400e-07],\n",
      "       [-1.17127326e-07, -1.77276400e-07,  7.00222611e-04]])], [1645734894.5595334, array([10.8383718 ,  5.84171646,  0.54163235]), array([[ 1.80966603e-06,  1.96276750e-06, -2.54782527e-07],\n",
      "       [ 1.96276750e-06,  2.20256675e-06, -2.81467332e-07],\n",
      "       [-2.54782527e-07, -2.81467332e-07,  7.18929683e-08]])], [1645734894.7595334, array([10.83844266,  5.84173657,  0.54163919]), array([[ 7.01070091e-04,  1.15303094e-06, -1.19663831e-07],\n",
      "       [ 1.15303094e-06,  7.02058372e-04, -1.80298092e-07],\n",
      "       [-1.19663831e-07, -1.80298092e-07,  7.00585616e-04]])], [1645734894.9595335, array([10.83833302,  5.84170318,  0.54162618]), array([[ 1.77292573e-06,  1.91977338e-06, -2.40706419e-07],\n",
      "       [ 1.91977338e-06,  2.14822332e-06, -2.65460415e-07],\n",
