1657569037.535274 -13.18732174448599 -12.156294675759685 -0.48496051271974805 0.0015354534508441563 0.0004608955854224678 0.0005862436614825102 0.00046089558536039515 0.001710852654117231 0.0008390915780795615 0.0005862436597168097 0.0008390915760351467 0.0056856472449456335
1657569037.735274 -13.189880355536404 -12.154042855316492 -0.48500680563087334 0.008996720193344809 0.002764560605413079 0.003786199543493145 0.0027645606054375925 0.009876736804464065 0.00505663592410582 0.003786199544362102 0.0050566359250885234 0.03391232821377774
1657569037.9352741 -13.19208167079129 -12.15217406115749 -0.4850604901513468 0.008867910894151846 0.0027926940743579548 0.004071663513026871 0.0027926940743593478 0.009542738642856222 0.005034826613441178 0.004071663513098783 0.005034826613520377 0.033744871726050236
1657569038.1352742 -13.193653690420273 -12.150942937178174 -0.48511416425181586 0.0020753526681221105 0.0006466564326075844 0.0009636288132611973 0.000646656432604469 0.0021753066960120953 0.0010997501630190087 0.0009636288129401754 0.0010997501626791252 0.007574202438551535
1657569038.3352742 -13.194327039623673 -12.1505925705234 -0.48515752764514714 0.000907003953283499 0.00026187152382006426 0.0003883693770414461 0.0002618715238309358 0.0009277114016854672 0.0004133344250873579 0.000388369378610461 0.00041333442669080596 0.0029957041127309895
1657569038.5352743 -13.194096023354378 -12.15108938228953 -0.4851778076345131 0.005860273161415254 0.0015257272138269288 0.002307919154639576 0.0015257272138275429 0.005900337941669954 0.002337615588289401 0.0023079191544907677 0.0023376155881376748 0.017694025990918915
1657569038.7352743 -13.19331531190781 -12.152056954807524 -0.48516739752145394 0.005734342760926842 0.0011909747273946953 0.0018030538164265047 0.0011909747273951027 0.005678271966079455 0.0017023824476155632 0.0018030538163758783 0.001702382447565595 0.01442642453374625
1657569038.9352744 -13.19237049571149 -12.153102517716409 -0.4851229049676611 0.0012416158343140499 0.00018352069465503714 0.00028437226720367127 0.00018352069465169308 0.0012120258332609447 0.00024066636210738314 0.00028437226735037423 0.00024066636224855142 0.0024883887876338724
1657569039.1352744 -13.191647938343069 -12.153845770693373 -0.48504508125534934 0.0003513005206949906 2.7447068191250467e-05 4.3015767997210044e-05 2.7447068195908586e-05 0.00034275053056782504 3.171231085610704e-05 4.3015767861869263e-05 3.171231073447526e-05 0.0005186579368220639
1657569039.3352745 -13.191323816600518 -12.154169904175491 -0.48495033990529374 0.0005419735880234364 1.671505790996298e-05 2.430449481542176e-05 1.6715057908926303e-05 0.0005339382867074334 1.5768752801204395e-05 2.4304494844792058e-05 1.576875282485756e-05 0.0006296631138055113
1657569039.5352745 -13.191283500763802 -12.154293073728232 -0.48486962751627427 0.00026856549217435136 2.8405771507341305e-06 1.712377844899652e-06 2.8405771507457476e-06 0.00026750194033770485 9.59074612516346e-07 1.7123778549386472e-06 9.59074618083415e-07 0.0002747030646739252
1657569039.7352746 -13.191374381978209 -12.15435057008195 -0.4848322877968759 0.0004914889057745101 2.177035894227363e-06 1.023880852895674e-06 2.177035894221505e-06 0.0004910252206224524 1.140303928510032e-06 1.0238808529055964e-06 1.1403039285524145e-06 0.000494956320499554
1657569039.9352746 -13.191426118279733 -12.154337957558266 -0.4848623714478288 0.00026370674288973096 2.2187333078193263e-06 5.848952692970939e-07 2.218733311274996e-06 0.00026377465967734767 6.252514294433922e-07 5.848952751407655e-07 6.252514292460632e-07 0.00026239666751380733
1657569040.1352746 -13.191363605306206 -12.154256428598774 -0.48493942620627983 0.0004886963319538081 2.1853800279528633e-06 -3.860536033928858e-07 2.1853800242052016e-06 0.0004884271890308636 -4.5170486313633155e-08 -3.8605360415296456e-07 -4.517048779460756e-08 0.0004860645149306904
1657569040.3352747 -13.191240095237344 -12.154131852917338 -0.484988486469324 0.0002644160500503807 1.799339785043056e-06 -1.18875948654279e-06 1.7993397906884936e-06 0.00026440402964247195 -5.113168411253438e-07 -1.188759499552981e-06 -5.113168301943267e-07 0.0002656539608376569
1657569040.5352747 -13.19112956026602 -12.154030308412217 -0.4849785415102338 0.0004902644359689837 9.903397969776992e-07 -1.3581837088516666e-06 9.903397975553782e-07 0.0004900501664171433 2.2974062445388952e-07 -1.358183725503771e-06 2.2974063575127001e-07 0.0005077326434622745
1657569040.7352748 -13.191116866049223 -12.154063914071717 -0.4849419435498546 0.00026701761641142644 1.4725543582888477e-06 1.879914017012646e-06 1.472554353817173e-06 0.0002669110814625087 2.4437797696714307e-06 1.8799139856081216e-06 2.443779787585753e-06 0.0002889297585060721
1657569040.9352748 -13.191185802135676 -12.15417333567402 -0.48492798856816416 0.0005099367506174615 1.4842151182705458e-06 8.853815056853676e-06 1.484215120347401e-06 0.0005085133605340435 8.738378970711996e-06 8.853815066318235e-06 8.738378966160241e-06 0.0005640250088018374
1657569041.135275 -13.191192739071042 -12.154070203115456 -0.48499807482468377 0.00030624864825908423 2.9966824958286237e-06 1.0360132269381141e-05 2.9966824907838763e-06 0.0003044269821009476 8.834735694854455e-06 1.036013225292202e-05 8.834735703454653e-06 0.0003464858406039125
1657569041.335275 -13.191084049051026 -12.153658741111318 -0.4851613088838927 0.0007503457966342832 4.536723043317751e-06 2.787676048952608e-05 4.536723045403257e-06 0.0007439494372655005 2.2861193300030483e-05 2.7876760496152735e-05 2.2861193297226516e-05 0.000846462893778568
1657569058.33531 -28.685321932125255 -3.716242589312765 -0.07356471456550727 0.0004372345331019946 1.3040030731078728e-06 -5.068771900890045e-07 1.3040030731053046e-06 0.000434425736432337 -9.565440153357844e-09 -5.068771900891853e-07 -9.56544015332073e-09 0.0004327907998907157
1657569058.53531 -28.687643679553894 -3.7154087094464363 -0.08006043313181709 0.0005898437819273895 1.8104823509611584e-06 -8.387913679789647e-07 1.8104823509629375e-06 0.0005859523389294158 -2.9780080381327734e-07 -8.387913679790401e-07 -2.978008038124325e-07 0.0005838346481478297
1657569058.73531 -28.68907082394231 -3.7137480835561316 -0.0824850289723501 0.0002794515253524546 1.282433532039746e-06 -5.055884011498574e-07 1.2824335320406375e-06 0.00027630865215675905 -3.2346852057285977e-07 -5.055884011501679e-07 -3.234685205726535e-07 0.0002753356157286525
1657569058.9353101 -28.689184489333915 -3.711998692373352 -0.08096885586595684 0.0004968020743288947 1.24821246383461e-06 -8.550743255701082e-07 1.2482124638364607e-06 0.0004934803830477307 -7.217012736381104e-07 -8.550743255704115e-07 -7.217012736380022e-07 0.0004927121162532044
1657569059.1353102 -28.68797888774779 -3.7124116686634054 -0.07957506729826916 0.0002676777125994487 1.0174195591958665e-06 -4.1700434085937984e-07 1.0174195591965473e-06 0.00026438070367469874 -3.984577162138115e-07 -4.1700434085981294e-07 -3.984577162133312e-07 0.000264318386284575
1657569059.3353102 -28.686445740566366 -3.71491367284858 -0.08003617545289295 0.0004893606823526784 8.979804832383535e-07 -4.929733461358365e-07 8.979804832374616e-07 0.00048587137832586415 -5.478397927689535e-07 -4.929733461350178e-07 -5.478397927690698e-07 0.0004863010895733658
1657569059.5353103 -28.686589455671566 -3.71625771430218 -0.08065409003658827 0.00026678510640548817 9.500692754035396e-07 -1.719372906117631e-07 9.500692754031878e-07 0.00026348999651684506 -1.941092555036245e-07 -1.7193729061178088e-07 -1.9410925550359847e-07 0.0002636806758417319
1657569059.7353103 -28.688362263481046 -3.715428171252931 -0.08057467468481104 0.000488881072959136 9.949365906446047e-07 -2.1162906063565582e-07 9.949365906463483e-07 0.00048533123967445664 -2.280635082640928e-07 -2.1162906063611142e-07 -2.2806350826406057e-07 0.0004856992678636042
1657569059.9353104 -28.68919769212885 -3.7147619336446045 -0.08038948739799619 0.00026667961664657915 1.0758590147474692e-06 -8.508517821238048e-08 1.0758590147478989e-06 0.00026329533433018694 -7.17039510957037e-08 -8.508517821236555e-08 -7.170395109570648e-08 0.00026324120617342837
1657569060.1353104 -28.68835068611198 -3.715236076798944 -0.0804152992751651 0.0004878655511429294 8.672658072840766e-07 -7.820667348753342e-08 8.672658072865454e-07 0.0004850140202760429 -6.676375894738315e-08 -7.820667348771834e-08 -6.676375894740548e-08 0.00048502557201377954
1657569060.3353105 -28.68752556521632 -3.7155829661677253 -0.08045764696283568 0.00026625962372216276 9.109254426376075e-07 -3.9991187359442065e-08 9.109254426376511e-07 0.00026344254977021694 -1.85997194606027e-08 -3.999118735945333e-08 -1.8599719460602283e-08 0.0002632581119331155
1657569060.5353105 -28.687570613311138 -3.7152934146722023 -0.08041844633335912 0.00048801399263486545 8.205583816879398e-07 -5.008303764896714e-08 8.2055838168816e-07 0.00048532311859138364 -2.2571498824939513e-08 -5.008303764901111e-08 -2.2571498824928085e-08 0.00048514679854535353
1657569060.7353106 -28.688075762190238 -3.715141853559905 -0.08038367620629966 0.0002659723205553474 9.220283154390012e-07 -4.807371398093519e-08 9.2202831543865e-07 0.0002631124522850869 -1.2401787847254245e-08 -4.8073713980942783e-08 -1.2401787847252017e-08 0.00026286847538929415
1657569060.9353106 -28.688624758856143 -3.715413504804984 -0.08039992923578926 0.00048729404873358584 8.085107366679284e-07 -1.8747548182746394e-08 8.085107366676204e-07 0.00048465946548216114 -5.051513719782098e-09 -1.8747548182913825e-08 -5.0515137198237225e-09 0.0004844159503120217
1657569061.1353106 -28.688859514618663 -3.715629912353046 -0.08043844462793825 0.0002663959789984521 9.129882562248495e-07 -2.0047874801810177e-08 9.129882562247398e-07 0.00026355409571925397 -7.416595467668051e-10 -2.004787480180342e-08 -7.416595467684043e-10 0.0002632920920990644
1657569061.3353107 -28.688728416355477 -3.7155948699750447 -0.08047589210450481 0.00048675248225330605 8.016728437670383e-07 -1.8773591052431106e-08 8.016728437681112e-07 0.0004841803491554892 -8.690391039144285e-09 -1.8773591052389817e-08 -8.690391039113281e-09 0.0004839137093923231
1657569061.5353107 -28.688604520060945 -3.715522353626537 -0.0805066646591819 0.0002670047918489412 9.019171430485648e-07 -2.6545095640990572e-08 9.019171430482724e-07 0.0002642197840002704 -7.701770915621504e-09 -2.6545095640990215e-08 -7.701770915624019e-09 0.00026395172102960983
1657569061.7353108 -28.688663921250907 -3.7155218179760374 -0.08053087169679614 0.0004878884331449605 8.612833708259946e-07 -1.4430262617801276e-08 8.612833708267095e-07 0.00048502495433509546 -3.3462767911933467e-09 -1.443026261740631e-08 -3.3462767911272566e-09 0.0004847466586452629
1657569061.9353108 -28.688774685530344 -3.715551226438031 -0.08055308731861063 0.00026684754442074065 9.804990891418572e-07 -2.0649300464554755e-08 9.804990891416175e-07 0.00026370399071393765 9.415058868946257e-11 -2.0649300464553895e-08 9.415058868898902e-11 0.00026342586536138923
1657569062.135311 -28.688848232847093 -3.7155813592716282 -0.08057351131299462 0.000488187349664991 8.59592331511816e-07 -1.9255989797771832e-09 8.595923315104676e-07 0.00048540073857889117 -4.715793314334042e-09 -1.925598979781255e-09 -4.715793314335093e-09 0.000485116352339502
1657569062.335311 -28.688880978127738 -3.7156057203678903 -0.08058644018772124 0.00026628370786554865 9.647497814380707e-07 -5.513957319675524e-09 9.647497814376176e-07 0.00026328413389621055 -2.401690625430331e-09 -5.513957319657128e-09 -2.401690625425327e-09 0.00026300124965585487
1657569062.535311 -28.688795838931327 -3.715590822172041 -0.08058828250142198 0.0004884705832353325 8.790337858306167e-07 2.127663371835022e-09 8.790337858320142e-07 0.0004855684547655012 -1.8984065145269236e-09 2.1276633718587956e-09 -1.8984065145204298e-09 0.00048527532610150736
1657569062.735311 -28.688415828337096 -3.7154735748542005 -0.08057887427922081 0.00026724018106251895 9.950731169392379e-07 -3.1069967957077366e-09 9.950731169396351e-07 0.0002640752761119872 1.3402099542030206e-09 -3.1069967957027387e-09 1.340209954199213e-09 0.0002637806464408489
1657569062.935311 -28.687818757307564 -3.715289214534691 -0.08056919261561339 0.0004961412387494257 8.490992446599459e-07 2.0437870433165133e-09 8.490992446569836e-07 0.0004934045969586412 -1.247876623373412e-09 2.043787043313079e-09 -1.24787662336035e-09 0.0004931159133341378
1657569063.1353111 -28.687429397118215 -3.715181354695438 -0.08058522330138382 0.00025977623769742384 9.488954633419919e-07 -4.072028569297295e-09 9.488954633419972e-07 0.0002568374959379581 1.608267437869408e-09 -4.072028569271071e-09 1.608267437870121e-09 0.0002565552542885862
1657569063.3353112 -28.687467542707747 -3.7152023143471995 -0.08063095654325601 0.0004938600693581415 8.496904136233638e-07 -2.527568956489739e-08 8.496904136233999e-07 0.0004910147013748167 -1.3381372352684862e-08 -2.527568956488977e-08 -1.3381372352693897e-08 0.0004907496917087171
1657569063.5353112 -28.687827966412968 -3.715294311950775 -0.08067857688330712 0.00025900121922831207 9.576405203980417e-07 -3.88865836514777e-08 9.576405203976436e-07 0.00025590016551663337 -1.482126769935382e-08 -3.8886583651474486e-08 -1.4821267699362227e-08 0.00025565968868537483
1657569063.7353113 -28.687980798885356 -3.715333100876219 -0.08069969755950596 0.000486072836647897 8.40486426631197e-07 -3.588481342500771e-08 8.404864266301384e-07 0.0004832856946079968 -2.053831352113525e-08 -3.5884813425083686e-08 -2.053831352117973e-08 0.0004831834856202472
1657569063.9353113 -28.68692620613002 -3.7151552803866603 -0.08067176052673854 0.00026605392771011184 9.370012173345613e-07 -5.261235100575001e-08 9.370012173349377e-07 0.0002630092973408618 -2.5535301189179366e-08 -5.26123510057578e-08 -2.5535301189167034e-08 0.0002629806179320446
1657569064.1353114 -28.686528138521705 -3.715130223107908 -0.0807335811015135 0.0004882864219345212 7.914250474298233e-07 -1.1824405724050437e-07 7.914250474276291e-07 0.0004852218575133915 -8.62895599230415e-08 -1.182440572405083e-07 -8.628955992314697e-08 0.0004860815541773088
1657569064.3353114 -28.692596484594542 -3.715980318957495 -0.0812254031049425 0.0002682226134263037 1.1101342191058106e-06 -1.5730565190218797e-07 1.1101342191056603e-06 0.0002647289760165982 -1.3808336003020778e-07 -1.5730565190231444e-07 -1.38083360030227e-07 0.00026591388523856745
1657569064.5353115 -28.714619476994333 -3.7129057476374583 -0.08186088267866477 0.0004987385696325141 1.7701535856202323e-06 -1.947181300516157e-07 1.7701535856169708e-06 0.0004954897476876669 -3.057256937975525e-07 -1.947181300515104e-07 -3.057256937975473e-07 0.0004969624741865298
1657569064.7353115 -28.766002786867634 -3.6938401173636013 -0.08148062867853295 0.00026305308916142707 1.6402348012812157e-06 1.1215029306705691e-08 1.6402348012809235e-06 0.00026068187760589233 -4.205072204879422e-08 1.1215029306275794e-08 -4.205072204925566e-08 0.00026110434758963444
1657569064.9353116 -28.852538647435473 -3.6529882048917126 -0.07968237849275481 0.0005109341406481982 4.504406075849152e-06 -4.94370629145927e-08 4.504406075851467e-06 0.0005165965862236791 -4.280010682549083e-07 -4.9437062913864834e-08 -4.2800106825449267e-07 0.0005187249866026283
1657569065.1353116 -28.970075750310475 -3.5944456412414865 -0.07721443160690099 0.0003057735066176364 1.3040057200976998e-05 -6.02193651397841e-07 1.3040057200976707e-05 0.0003244214046561507 -2.4060368452610065e-06 -6.02193651397016e-07 -2.4060368452594242e-06 0.0003304031314960026
1657569065.3353117 -29.109546245982465 -3.523161756301572 -0.07456774252142584 0.0007704482396022444 6.550527759656523e-05 -2.6706090811318298e-06 6.550527759656634e-05 0.0008870384198715293 -1.4482415414621286e-05 -2.670609081139328e-06 -1.4482415414639841e-05 0.0009411332026276625
1657569069.9374795 -33.450950817422246 -1.2661426809725491 -0.15032627347142777 0.0004577223057718816 1.7271182688461067e-05 -1.91837557352566e-06 1.727118268846009e-05 0.0005036398075370034 1.4257093509955087e-06 -1.918375573526234e-06 1.425709350994177e-06 0.000505469533625772
1657569070.1374795 -33.63807793698084 -1.171790488417727 -0.16308582719719986 0.0005765431285848631 1.100890897242e-05 -2.9740534565403085e-06 1.1008908972422493e-05 0.0006015984863009545 1.6006540408352176e-06 -2.974053456540306e-06 1.6006540408358724e-06 0.0006012287185840337
1657569070.3374796 -33.829117769547054 -1.0791905240245665 -0.16182859560692806 0.00029198371542721367 2.6110038000640004e-06 -5.245083172073151e-07 2.6110038000638175e-06 0.0002946435946320349 5.067483965416193e-07 -5.245083172072566e-07 5.067483965416024e-07 0.0002929581894943656
1657569070.5374796 -34.02273332885396 -0.9892395769816542 -0.14829950665659108 0.0004865562180649395 4.456361810878573e-06 3.159933382692984e-07 4.456361810878439e-06 0.0004948539004476369 4.382248471987354e-07 3.1599333826941905e-07 4.382248471989011e-07 0.0004924118044905654
1657569070.7374797 -34.214080262214935 -0.9031351237026956 -0.13540191543167623 0.00027956749819840754 2.0698283269419037e-06 2.054628410432869e-07 2.0698283269419368e-06 0.0002806268138482507 1.2307535413938303e-07 2.0546284104326856e-07 1.2307535413937127e-07 0.00027979720744866115
1657569070.9374797 -34.40433231992946 -0.8197335764764281 -0.12895524923398585 0.0004796983175249504 3.185457886588729e-06 5.618591612209722e-07 3.185457886588242e-06 0.00048481342194021823 -4.353150311226544e-08 5.618591612210052e-07 -4.35315031122114e-08 0.00048493424796684895
1657569071.1374798 -34.602165590173804 -0.7350800552004337 -0.1255969020627523 0.0002783950389622097 1.7650508588391745e-06 1.724543095043635e-07 1.7650508588393358e-06 0.0002786007747492375 -6.545074401449054e-08 1.7245430950436008e-07 -6.54507440144903e-08 0.0002788147226233609
1657569071.3374798 -34.80965342258244 -0.646924473976975 -0.12136487549598839 0.00047969768372639593 3.2895386287132364e-06 2.3132579169972545e-07 3.28953862871298e-06 0.00048578003131253747 -1.9696124944121956e-07 2.3132579169973553e-07 -1.9696124944123467e-07 0.00048647662666303896
1657569071.5374799 -35.019761833096815 -0.5550689067960235 -0.11310112716982766 0.00027747760893203965 1.834235960678389e-06 1.1508225179259044e-07 1.8342359606781974e-06 0.00027812033106611395 -1.9560658648061194e-07 1.1508225179257399e-07 -1.9560658648060307e-07 0.0002783095502309137
1657569071.73748 -35.22821729163707 -0.46109116236534825 -0.10213828820458785 0.0004803832285963061 3.6346621461684734e-06 3.224389786655626e-07 3.6346621461693717e-06 0.0004871250549293535 -3.777951566580668e-07 3.2243897866553075e-07 -3.7779515665807897e-07 0.0004876027771314968
1657569071.93748 -35.4349941581958 -0.3683896141646112 -0.09565968406434586 0.0002763019265780559 1.7996599003403562e-06 2.647165248872613e-08 1.7996599003404184e-06 0.00027732112572949043 -1.1991489393567318e-07 2.6471652488734734e-08 -1.199148939356521e-07 0.000277368089231861
1657569072.13748 -35.64031841457409 -0.2784753744469896 -0.09576170672963046 0.0004802329175679941 3.5248469864209403e-06 1.4971451832557227e-08 3.52484698642167e-06 0.00048635039696687043 -6.835968013592346e-08 1.4971451832671504e-08 -6.835968013583212e-08 0.0004869492643506941
1657569072.33748 -35.84448240427335 -0.1903008424545915 -0.0980732898163749 0.00027657092492961566 1.7856792721178243e-06 -3.653298091816972e-08 1.7856792721179126e-06 0.0002770232981087479 9.429968725841786e-09 -3.6532980918157166e-08 9.429968725877952e-09 0.0002773248448528343
1657569072.53748 -36.048760220211705 -0.10149890390877597 -0.09975020649722692 0.00048087589183160647 3.4837050628022136e-06 -6.771595395577522e-08 3.483705062801425e-06 0.0004866274730848548 4.703618935399224e-08 -6.771595395577645e-08 4.703618935397372e-08 0.0004875678201307444
1657569072.7374802 -36.255609509804586 -0.008335799804774691 -0.10046338027950732 0.00027608660074285904 1.8655772872244975e-06 -2.3169490665464524e-08 1.865577287224602e-06 0.00027648507693555133 1.2474161795849626e-08 -2.316949066546261e-08 1.2474161795852463e-08 0.0002769682145744293
1657569072.9374802 -36.46517960265726 0.08844059567396144 -0.10029952780697164 0.00048112416262120663 3.836058423359472e-06 -2.262780828911771e-08 3.836058423359572e-06 0.0004870161797818294 1.5519721375623007e-08 -2.2627808289067593e-08 1.5519721375647187e-08 0.0004882296612379524
1657569073.1374803 -36.67457642065237 0.18224262738404062 -0.0995931147198943 0.00027585486837897655 1.8194418287199037e-06 -1.6879427816855723e-08 1.8194418287200943e-06 0.00027625294742372524 6.236294170513028e-09 -1.6879427816853728e-08 6.23629417051645e-09 0.00027667741362818104
1657569073.3374803 -36.88224944909116 0.2699428134317834 -0.09889273403904114 0.0004808614061335148 3.5783443553546486e-06 1.2986313388735471e-08 3.578344355354991e-06 0.0004866546149591439 -5.040573452701951e-09 1.2986313388740783e-08 -5.040573452687028e-09 0.00048762657736848674
1657569073.5374804 -37.088863033704236 0.3530293376690196 -0.09897691294933852 0.00027592282842422424 1.7244449027677689e-06 -1.3118737955449873e-08 1.7244449027678335e-06 0.00027623006869092825 -1.30219464588992e-08 -1.3118737955463629e-08 -1.3021946458900263e-08 0.0002765969518777958
1657569073.7374804 -37.29531670355638 0.4343301331608378 -0.09982431887929623 0.0004808456772913592 3.4084870174927905e-06 -3.1877656661480995e-08 3.4084870174919185e-06 0.0004863005501616712 -2.653093158151536e-08 -3.1877656661553225e-08 -2.653093158154085e-08 0.0004872556027401919
1657569073.9374804 -37.502679367884724 0.5177754878085228 -0.10042557514512482 0.0002762354142373601 1.7656257333606486e-06 -2.4527525416831323e-08 1.765625733360667e-06 0.0002763050727520647 -2.0451345049544634e-08 -2.452752541678743e-08 -2.0451345049539837e-08 0.00027675915948328705
1657569074.1374805 -37.71129608416979 0.6034085764889721 -0.10062085695262711 0.0004806047771061677 3.5905667080345224e-06 -5.7789079888531716e-08 3.5905667080341764e-06 0.00048620887312648693 -3.577540750887065e-08 -5.7789079888523874e-08 -3.5775407508904775e-08 0.00048732769639088546
1657569074.3374805 -37.9204818537847 0.6862110615482477 -0.10139239694007492 0.0002760626117678961 1.6924424872161092e-06 -6.940975744027762e-08 1.6924424872161215e-06 0.0002764249246459602 -1.6995950402494756e-08 -6.940975744028176e-08 -1.699595040249688e-08 0.00027684028405117954
1657569074.5374806 -38.128966026138734 0.7635725689861261 -0.10294573481541956 0.0004806407332388778 3.4412306402808053e-06 -9.107616793446255e-08 3.441230640281362e-06 0.00048612179444951643 -9.96763131189028e-09 -9.107616793443485e-08 -9.967631311886993e-09 0.0004871236972354967
1657569074.7374806 -38.335083887608675 0.8360981716829797 -0.10439727767835785 0.00027615620468271333 1.600086341485301e-06 -6.23103497679094e-08 1.600086341485204e-06 0.00027629986596738925 -6.971612847183912e-09 -6.231034976790431e-08 -6.971612847186555e-09 0.00027667794449525265
1657569074.9374807 -38.53939646331975 0.9046102443470105 -0.10542899922896755 0.00048060349662702994 3.203616514108266e-06 -6.439666134470823e-08 3.2036165141083763e-06 0.0004859115544379993 2.447890009068093e-09 -6.439666134465219e-08 2.4478900091041354e-09 0.0004867446838720771
1657569075.1374807 -38.74542181336607 0.9696426350496117 -0.10646554422845883 0.0002757335458144477 1.541533948623814e-06 -3.229978304528908e-08 1.5415339486238593e-06 0.00027613295893143855 -1.5413514113420047e-09 -3.229978304530425e-08 -1.5413514113418596e-09 0.000276438088854357
1657569075.3374808 -38.956232042750266 1.0313269691455218 -0.10723864399051658 0.00048059394632567133 3.1635349096567374e-06 7.215510103609237e-09 3.1635349096575044e-06 0.00048618552593249014 1.5166396246304117e-08 7.215510103611811e-09 1.5166396246279262e-08 0.0004869719145406207
1657569075.5374808 -39.17399473177613 1.089254350046593 -0.10650326724985196 0.0002758207670692072 1.5433508218273688e-06 5.7960736185048516e-08 1.543350821827384e-06 0.0002763633853230444 5.513072145854936e-09 5.796073618504701e-08 5.513072145862285e-09 0.0002766691054190502
1657569075.7374809 -39.3970888760926 1.1435270081473758 -0.1040975044788371 0.00048046314545682344 3.1888770336976634e-06 8.339174849452562e-08 3.18887703369718e-06 0.0004868311447376508 -1.1792147193819652e-08 8.339174849459435e-08 -1.1792147193862637e-08 0.00048763899964513076
1657569075.937481 -39.61919327943859 1.1951216575041057 -0.10131780727926218 0.0002761257907663556 1.5053071943750347e-06 6.231478977726958e-09 1.5053071943750707e-06 0.00027659851443114246 -1.1748925612997723e-08 6.231478977729404e-09 -1.1748925613000102e-08 0.0002769283312594293
1657569076.137481 -39.83735428240535 1.2442110656386423 -0.09933303491827929 0.00048078262564844057 3.106027193432834e-06 7.894814524819185e-08 3.1060271934329e-06 0.0004866642437237374 -3.7693551047175373e-08 7.894814524819767e-08 -3.7693551047161715e-08 0.0004874681543406522
1657569076.337481 -40.05324268250388 1.2900437249366137 -0.09909880036631691 0.0002762895654585119 1.482980394637104e-06 1.6181913880721641e-09 1.4829803946371728e-06 0.000276438450033023 -1.7031172003851367e-08 1.6181913880724055e-09 -1.7031172003852988e-08 0.0002767895372160157
1657569076.537481 -40.26831553794126 1.3335471466621764 -0.10059345704460378 0.00048109269691570377 2.9577328092239034e-06 -3.0857983110534096e-08 2.957732809224401e-06 0.00048677918210313927 -2.586929383561839e-09 -3.0857983110529874e-08 -2.5869293835590004e-09 0.0004876796525622524
1657569076.737481 -40.483347485930544 1.3780874446049067 -0.10264067906796465 0.0002755408863538567 1.440634995753084e-06 -6.2675260278438066e-09 1.4406349957530962e-06 0.0002757960095916832 1.9649884860576683e-08 -6.2675260278313285e-09 1.9649884860576643e-08 0.0002762873636233232
1657569076.9374812 -40.69904069712078 1.4231567812311745 -0.10418166127358988 0.00048056843613490517 3.0514915413851807e-06 -1.8298840209279613e-08 3.0514915413855318e-06 0.00048603807098951716 7.593550610574357e-08 -1.829884020923021e-08 7.593550610574196e-08 0.00048721093058203934
1657569077.1374812 -40.915917804924966 1.4634689564588292 -0.1043399681662851 0.00027612054013718615 1.4328141184274548e-06 4.030547003031101e-08 1.4328141184275041e-06 0.0002763212865094731 6.079680002336117e-08 4.030547003030847e-08 6.079680002335515e-08 0.0002769123463803323
1657569077.3374813 -41.133835511411 1.4990230714310717 -0.10322955738043334 0.0004806404064270439 2.860364131764787e-06 3.886251033618657e-08 2.8603641317647634e-06 0.0004864078864450474 1.0835663436314444e-07 3.886251033623154e-08 1.0835663436315755e-07 0.0004877364739091829
1657569077.5374813 -41.35188356870817 1.5370257877945033 -0.10212888370056308 0.0002760120081803518 1.4299918800080795e-06 -1.0153308937830881e-08 1.429991880007961e-06 0.0002762905039761946 6.462974164825908e-08 -1.0153308937834149e-08 6.462974164825536e-08 0.00027703403859791767
1657569077.7374814 -41.569280803707606 1.5783615808113047 -0.10160007433600765 0.0004809425094094437 2.983150260797619e-06 4.4190419948694767e-08 2.983150260797324e-06 0.0004863587692676884 7.157563845891318e-08 4.419041994873867e-08 7.157563845893912e-08 0.0004878604303216776
1657569077.9374814 -41.78537936877955 1.6157669124052534 -0.10119661098775307 0.00027619202719898013 1.3510892482844161e-06 2.9681886518310727e-08 1.3510892482843816e-06 0.000276198599336323 2.838676687975701e-08 2.9681886518307528e-08 2.8386766879759388e-08 0.0002768834986489882
1657569078.1374815 -42.000347490918664 1.648200930577136 -0.10057364965334367 0.0004808067145001856 2.673330334753883e-06 2.801707356176557e-08 2.673330334753437e-06 0.0004862387854918161 2.4458438283542387e-08 2.801707356175975e-08 2.445843828351608e-08 0.0004874412369269129
1657569078.3374815 -42.21536256676308 1.6834453637697764 -0.09960433689202947 0.0002761285004270153 1.3384932159567093e-06 2.015322619374713e-08 1.3384932159567765e-06 0.0002762066273814342 4.636652188391908e-09 2.015322619374762e-08 4.636652188387018e-09 0.0002767463365458424
1657569078.5374815 -42.43168597134646 1.724939990717118 -0.09809138711414482 0.0004807011769805806 2.852537878997826e-06 5.0210791206940355e-08 2.852537878997764e-06 0.00048643650416876205 1.1704624898616839e-08 5.0210791207001004e-08 1.1704624898612291e-08 0.0004874576765820893
1657569078.7374816 -42.65049180317736 1.770409766959071 -0.095703198922318 0.0002758425279300854 1.4263240875012485e-06 4.4454264564057914e-08 1.426324087501301e-06 0.0002762349637868678 2.4019740588595203e-10 4.445426456403663e-08 2.401974058826214e-10 0.0002767152257698511
1657569078.9374816 -42.87047149567504 1.8196380419524902 -0.09255342999517667 0.0004807497887363525 3.0618779477606902e-06 5.832834462831296e-08 3.0618779477608164e-06 0.00048675971285113936 -8.410454315724809e-09 5.832834462836185e-08 -8.410454315738395e-09 0.00048800896504129585
1657569079.1374817 -43.08711743844794 1.875661914850139 -0.08936735983247476 0.0002758188661564751 1.4482048518193725e-06 -1.2851107743189836e-08 1.448204851819321e-06 0.0002761679991279159 -1.667760498810704e-08 -1.2851107743190362e-08 -1.6677604988107424e-08 0.0002769284932400082
1657569079.3374817 -43.299733916274924 1.9368726236723484 -0.08686802800807476 0.0004811375059028766 3.282796207134271e-06 1.9132073232322257e-08 3.282796207134544e-06 0.00048636682269762965 -8.236120271983496e-08 1.9132073232319703e-08 -8.236120271982096e-08 0.00048820645244094943
1657569079.5374818 -43.51285729819185 1.9956889622518632 -0.08575296610345877 0.00027597830155056064 1.4794594574072757e-06 -2.7304500895009375e-08 1.4794594574072007e-06 0.0002761296011916933 -7.223101346518769e-08 -2.7304500895017782e-08 -7.223101346517535e-08 0.00027699469651723725
1657569079.7374818 -43.72827993694128 2.0505156919805207 -0.08561981814475379 0.000481042805091405 3.15660503382813e-06 -5.4397305580866133e-08 3.1566050338279577e-06 0.0004864067332700807 -1.1246488843516408e-07 -5.4397305580877184e-08 -1.1246488843516916e-07 0.0004879754776216095
1657569079.9374819 -43.943888597965376 2.107415756729377 -0.08475230957711237 0.00027609223276074994 1.5239897100993261e-06 -9.341986473645037e-09 1.5239897100993653e-06 0.0002761649496591305 -6.00731714745909e-08 -9.341986473655241e-09 -6.007317147458573e-08 0.00027686139242177356
1657569080.137482 -44.15991641060641 2.1681033531969574 -0.0826252943452353 0.0004806935789762573 3.193245044106717e-06 2.6942333136460593e-09 3.1932450441068165e-06 0.0004862638983663701 -8.824284289040216e-08 2.6942333136227125e-09 -8.824284289043124e-08 0.0004877522971886577
1657569080.337482 -44.37994130289198 2.228138196159823 -0.08027830909833598 0.0002763573880723432 1.4615197349703346e-06 -3.7208284419421336e-09 1.4615197349702628e-06 0.0002767140783205504 -3.411260987014186e-08 -3.7208284419479404e-09 -3.4112609870148013e-08 0.0002774015998995256
1657569080.537482 -44.60396470893093 2.2870219149521125 -0.07828760272375096 0.0004808953995691318 3.226377465830263e-06 4.7800588912541675e-08 3.226377465830072e-06 0.00048695770167311826 -5.468540766529618e-08 4.78005889125321e-08 -5.468540766530154e-08 0.000488329066221259
1657569080.737482 -44.82712051201597 2.3495992367780634 -0.0765691000680936 0.0002766547687223856 1.5541852350656472e-06 1.233724172231949e-08 1.5541852350657213e-06 0.0002768651183671036 -2.4204339348830424e-08 1.2337241722315172e-08 -2.420433934883194e-08 0.00027748965702448507
1657569080.937482 -45.045774671485724 2.416398999304631 -0.07522227996351578 0.00048099006038087965 3.477745678677983e-06 6.480886213830662e-08 3.477745678678144e-06 0.0004871591372685992 -2.9180202557986417e-08 6.480886213830646e-08 -2.9180202557998716e-08 0.0004884095122840198
1657569081.1374822 -45.25814597978205 2.4820419206904245 -0.07467899830015703 0.0002758988254342226 1.537993780197113e-06 2.2825651500401227e-08 1.5379937801971728e-06 0.00027629697106884603 -4.3015451050195156e-09 2.2825651500409168e-08 -4.301545105019135e-09 0.00027673592331510413
1657569081.3374822 -45.455030120083755 2.5410532209715226 -0.07515938865493539 0.0004804000581508158 3.2930650923475493e-06 8.092350431791196e-08 3.293065092347647e-06 0.0004863404018849533 -1.9741846951823294e-08 8.09235043179454e-08 -1.9741846951829332e-08 0.00048737135351559967
1657569081.5374823 -45.617910220903504 2.5881971616611894 -0.07660563799338724 0.0002759024855693243 1.4542403805906705e-06 8.095298168026317e-08 1.4542403805907088e-06 0.00027619784394865147 -2.009137078605825e-08 8.095298168026253e-08 -2.0091370786059128e-08 0.0002766360660461098
1657569081.7374823 -45.741803383509016 2.6232767343398025 -0.07841089359349926 0.0004801082294635977 1.8916604888884637e-06 4.9419417579941434e-08 1.891660488888979e-06 0.0004818644496513259 -4.155474338307937e-08 4.941941757993379e-08 -4.155474338307774e-08 0.0004824709622570251
1657569081.9374824 -45.83971442192572 2.652277847505644 -0.0794292326831393 0.0002758484699644014 7.238818363815728e-07 2.1051773613212827e-08 7.238818363815654e-07 0.0002739512480322678 -3.31589100666614e-08 2.105177361321252e-08 -3.3158910066662244e-08 0.00027417638731930174
1657569082.1374824 -45.91395360688194 2.6758296209877015 -0.07964643670247451 0.00048046817481508706 1.4740015274353103e-06 1.0850859463967504e-07 1.474001527435255e-06 0.0004802631582594107 -8.221367915981234e-08 1.0850859463969067e-07 -8.22136791598084e-08 0.0004808077480989438
1657569082.3374825 -45.95194942232977 2.68729848939801 -0.08040075661381077 0.0002761589456704637 1.0466534001552338e-06 7.720455565869523e-08 1.0466534001551519e-06 0.0002745543910729923 -5.512582779133466e-08 7.720455565869612e-08 -5.512582779134151e-08 0.00027490900447893404
1657569082.5374825 -45.956739099225636 2.6865835931920237 -0.08199460901252968 0.0004801796432350475 1.0773740230333686e-06 1.2011885185970377e-07 1.0773740230336098e-06 0.00047910617488075054 -5.67403791610965e-08 1.2011885185969557e-07 -5.6740379161103975e-08 0.0004794457230781215
1657569082.7374825 -45.95245689108541 2.6824596158163803 -0.08339717832265497 0.00027565418833572946 3.791942467391005e-07 1.989572341824219e-08 3.7919424673910194e-07 0.00027270783245467015 -7.757436311532151e-09 1.9895723418232456e-08 -7.757436311532115e-09 0.000272759471346239
1657569082.9374826 -45.95213057151907 2.6800466976639186 -0.08413196864108449 0.00048021088277381836 2.898759039631671e-07 -2.6426418863326614e-08 2.898759039631356e-07 0.00047743330275143886 -7.413067985038335e-09 -2.6426418863272675e-08 -7.4130679850390425e-09 0.000477460569289135
1657569083.1374826 -45.95271335035652 2.679013871756557 -0.08446856008608604 0.0002763636248456465 2.0895272791566347e-07 -5.620141820222463e-08 2.0895272791571013e-07 0.0002730687867580889 -1.3110555153826827e-09 -5.620141820222378e-08 -1.31105551538037e-09 0.0002730651527179787
1657569083.3374827 -45.95235311283436 2.678748723281097 -0.08462732938080854 0.0004881546143439126 1.6888965977662106e-07 -1.1913237016108606e-08 1.688896597766205e-07 0.00048512861504213374 -2.944739268028994e-09 -1.1913237016102249e-08 -2.944739268026131e-09 0.00048510810642315663
1657569083.5374827 -45.952086337108895 2.67873957880584 -0.08471060135703622 0.0002690064408669587 1.7323959005215405e-07 -9.980742489265425e-09 1.7323959005219444e-07 0.0002656746396140736 -3.0419055471101057e-09 -9.980742489274777e-09 -3.041905547112308e-09 0.00026564689766124826
1657569083.7374828 -45.95229724732781 2.678710827423363 -0.08477785670031852 0.00048632797466842 1.6921530940238976e-07 -5.039409760669301e-08 1.692153094025551e-07 0.0004830830318115894 5.818995493501374e-09 -5.039409760668627e-08 5.81899549349966e-09 0.0004830722706264648
1657569083.9374828 -45.952281446931636 2.6786905289140726 -0.084841733419724 0.0002689802780789037 1.8429788845307138e-07 -6.133920443269148e-08 1.842978884530816e-07 0.00026539953488612024 7.610110023020783e-09 -6.133920443269111e-08 7.610110023020758e-09 0.00026538975451488345
1657569084.137483 -45.95189197762532 2.6786891918774565 -0.08490679355839423 0.0004864832495310677 1.788587619755278e-07 -1.194167443830617e-08 1.7885876197545212e-07 0.0004832168837533302 6.993710856125357e-10 -1.1941674438298552e-08 6.993710856124028e-10 0.0004832010385229288
1657569084.337483 -45.95179426868596 2.678665619824681 -0.08497186408428739 0.00026788181472598273 1.940060561436736e-07 -6.4431000863311645e-09 1.9400605614370408e-07 0.0002643335489316006 -2.616251871209207e-10 -6.443100086337372e-09 -2.616251871206872e-10 0.0002643152877673321
1657569084.537483 -45.952099965507344 2.678620992201917 -0.08503700953788416 0.00047994191651502864 1.6396910214045604e-07 -1.7554363996736038e-08 1.6396910214050178e-07 0.00047704974966600853 1.4673972399064633e-09 -1.7554363996744306e-08 1.4673972399072931e-09 0.00047703219409115754
1657569084.737483 -45.95213610486639 2.6786182543510018 -0.0851039398253132 0.000273148061762048 1.7517493422222902e-07 -2.269535366273892e-08 1.7517493422225187e-07 0.0002700469402873815 1.6563853763375898e-09 -2.2695353662713303e-08 1.6563853763391267e-09 0.00027002842656745547
1657569084.937483 -45.951740677679254 2.6786708142882225 -0.08516291377997674 0.0004828842516063646 1.7282531057673632e-07 -7.644891275552735e-08 1.7282531057659417e-07 0.00047984800423037425 -4.490349841296965e-09 -7.644891275561285e-08 -4.490349841303105e-09 0.0004798530501587225
1657569085.1374831 -45.9514730548756 2.6787206010198776 -0.08518971820870501 0.00027337717670219904 1.8868138784809179e-07 -8.963828565291813e-08 1.886813878480903e-07 0.00027003245919507337 -5.5285129603786125e-09 -8.963828565292074e-08 -5.528512960375833e-09 0.00027004166301769673
1657569085.3374832 -45.95155588377206 2.678736438742359 -0.0851865261886951 0.0004901202641273367 1.7753706275870943e-07 1.8064728106102394e-08 1.7753706275885708e-07 0.0004869980108624245 4.900406735737124e-09 1.806472810608886e-08 4.900406735729687e-09 0.0004869989264089709
1657569085.5374832 -45.95171137355744 2.6787301877496716 -0.08519071634796568 0.00026662711573040206 1.9181647708041692e-07 3.563706620665265e-08 1.9181647708038828e-07 0.00026321285901480636 6.856650144814206e-09 3.5637066206648125e-08 6.856650144814005e-09 0.0002632133096993837
1657569085.7374833 -45.951598592545466 2.678724729388515 -0.08521539120609192 0.0004874150005040606 1.5292882052537485e-07 -2.0926294519724685e-08 1.5292882052520113e-07 0.0004842905753151017 -1.2625486045685191e-11 -2.092629451973381e-08 -1.2625486044947949e-11 0.00048429673850843203
1657569085.9374833 -45.95085456988953 2.6787524028450207 -0.08523887862728687 0.0002670724992816395 1.6154187766174775e-07 -3.083588038706605e-08 1.615418776616849e-07 0.0002636576342091211 -1.0825391226702898e-09 -3.083588038706954e-08 -1.0825391226723915e-09 0.00026366521148739563
1657569086.1374834 -45.94980371113103 2.6788028524457146 -0.08524688913040934 0.0004867668803536999 1.4159270264600407e-07 -3.098131286879292e-08 1.4159270264601823e-07 0.0004836492103292422 -5.544667388280506e-09 -3.098131286880653e-08 -5.544667388295109e-09 0.00048364364876775606
1657569086.3374834 -45.9496503273545 2.6788089617892377 -0.08523661565820279 0.0002677586468558381 1.524648637709706e-07 -3.448561284557793e-08 1.5246486377104153e-07 0.0002643517803892528 -6.9933554834998885e-09 -3.448561284559125e-08 -6.993355483492108e-09 0.0002643428989193795
1657569086.5374835 -45.95056904990432 2.6787664028253264 -0.08520614581267398 0.00048690150832796043 1.3497961263918102e-07 -5.2419705338026203e-08 1.3497961263912805e-07 0.000483860782845839 -1.3162475025932097e-08 -5.241970533810549e-08 -1.316247502595127e-08 0.00048385164729412616
1657569086.7374835 -45.95132548361027 2.6787574532371607 -0.08515737221389771 0.00026769093287651487 1.4761025185607904e-07 -5.831250518603465e-08 1.4761025185605178e-07 0.0002643748535361606 -1.5158448879278307e-08 -5.831250518603384e-08 -1.5158448879278303e-08 0.00026436312642109694
1657569086.9374835 -45.95153858029058 2.67877797820504 -0.08512540632928306 0.00048710494630106244 1.6701353612915937e-07 -4.135592622384258e-09 1.6701353612927472e-07 0.00048401199608315325 -3.368654185589018e-09 -4.135592622378801e-09 -3.368654185590033e-09 0.00048399667228159074
1657569087.1374836 -45.95205568275029 2.678708006730215 -0.08518302131252643 0.00026756361327193097 1.9048019994656078e-07 6.04326741633012e-09 1.9048019994656692e-07 0.000264166492348677 -1.9063295269523876e-09 6.043267416331543e-09 -1.9063295269609655e-09 0.00026414840604999654
1657569087.3374836 -45.95301595287426 2.678644537038918 -0.08529947170100982 0.00048693072536533204 2.1392551730724905e-07 1.420802786487552e-08 2.1392551730707726e-07 0.0004836135657836258 -8.976384989218522e-09 1.4208027864856396e-08 -8.976384989222612e-09 0.00048361374107196105
1657569087.5374837 -45.95353969925917 2.6789611269185203 -0.08531433023408717 0.0002669260286551713 2.482065777888067e-07 1.9114661872532097e-08 2.4820657778877444e-07 0.0002632941006298535 -1.0273607195397108e-08 1.9114661872520993e-08 -1.0273607195398022e-08 0.00026329662369300864
1657569087.7374837 -45.95361424658198 2.6793295747116153 -0.08533148395491788 0.000478001880637579 2.679721835429371e-07 -3.381155871332984e-08 2.6797218354276237e-07 0.0004749939544172266 -6.73111326126628e-09 -3.381155871338186e-08 -6.731113261281549e-09 0.0004750065152494619
1657569087.9374838 -45.95467817428493 2.678558744049953 -0.08580035604577724 0.0002749085638357799 3.4362845033887284e-07 -4.047991948374763e-08 3.43628450338938e-07 0.00027190448520747235 -4.274599626853764e-09 -4.047991948375117e-08 -4.274599626855245e-09 0.00027192596957508017
1657569088.1374838 -45.966479143611224 2.6785117980999336 -0.0868331542212632 0.0004803323099017894 6.184148355560361e-07 1.4065444709338593e-08 6.184148355561567e-07 0.0004789315584616939 -1.0080992842066694e-08 1.4065444709316621e-08 -1.0080992842073765e-08 0.0004790949974223596
1657569088.337484 -46.00896420945546 2.6850795838580517 -0.08804807091526079 0.00027533232474871965 5.202858752611998e-07 -8.064049394389146e-09 5.20285875261218e-07 0.0002735895637047139 -8.69820795312616e-09 -8.06404939439101e-09 -8.698207953121714e-09 0.0002737631250596562
1657569088.537484 -46.088087704352354 2.7024732696381153 -0.08904613689675354 0.0004825545170516502 5.115830846488578e-07 -2.1032964130672867e-08 5.11583084648894e-07 0.00048114331798988324 -1.866507447702131e-08 -2.1032964130641586e-08 -1.866507447701997e-08 0.0004814921159578803
1657569088.737484 -46.1910198221264 2.732150248286905 -0.08952973340069371 0.000274357084598748 4.3669075308682634e-07 -9.73560882207945e-09 4.3669075308688727e-07 0.0002712879221832085 -2.1619243563117437e-08 -9.73560882207839e-09 -2.1619243563109258e-08 0.0002716274778113042
1657569088.937484 -46.30904491170198 2.771514717779823 -0.0895535834715328 0.0004834043052503356 1.092511017894017e-06 1.1132873275400207e-08 1.092511017893732e-06 0.00048260631062844816 -5.4863950511665735e-08 1.1132873275397424e-08 -5.486395051167185e-08 0.0004832506753760103
1657569089.137484 -46.44047400549835 2.8130804727825067 -0.08957733057012038 0.0002728455257476646 6.288668684575735e-07 2.749396589655895e-09 6.288668684576263e-07 0.00027081399382297786 -2.6788378462577388e-08 2.749396589652484e-09 -2.678837846257525e-08 0.00027101618457690867
1657569089.3374841 -46.585111584358465 2.853290155402814 -0.08964278958799544 0.0004830142679597439 1.4594665996917316e-06 1.280009633763015e-08 1.4594665996913718e-06 0.0004837337733728835 -1.6943973997008132e-08 1.2800096337677984e-08 -1.6943973997010038e-08 0.00048414121668103076
1657569089.5374842 -46.74411989560075 2.894103069122725 -0.08923157839821866 0.00027292069495142 8.893840545743575e-07 1.1952339700798717e-08 8.893840545743616e-07 0.0002715663782600432 -6.026694491473083e-09 1.195233970080565e-08 -6.026694491470664e-09 0.00027182045874354856
1657569089.7374842 -46.919951763965905 2.939570965364026 -0.08814279161039491 0.00048287221679880424 2.1052097674574547e-06 7.478945584788392e-08 2.105209767457611e-06 0.00048594725419747587 -1.1971300114394592e-08 7.478945584789959e-08 -1.1971300114395747e-08 0.0004867532980030283
1657569089.9374843 -47.11641031952477 2.9958577226615244 -0.08665031395809462 0.000272878001848734 1.3956931401462122e-06 5.585596925681189e-08 1.3956931401462207e-06 0.0002729358444488454 -1.547328797897701e-08 5.585596925681549e-08 -1.547328797897589e-08 0.0002735622964621685
1657569090.1374843 -47.32987416390455 3.062224056022345 -0.0850228889843289 0.00048357388903423767 3.2605222113014355e-06 8.162422539227434e-08 3.2605222113014545e-06 0.0004889020846934308 -5.391026664793971e-08 8.1624225392285e-08 -5.391026664792936e-08 0.0004903612097696623
1657569090.3374844 -47.547211787040965 3.1289315256530332 -0.08351484067514582 0.0002731519078248582 1.4028061527379574e-06 1.2580244803301241e-08 1.40280615273799e-06 0.00027327961153985394 -3.1093063124823576e-08 1.2580244803309354e-08 -3.1093063124820287e-08 0.00027392596130293537
1657569090.5374844 -47.761531094637576 3.1926839521607664 -0.08215096288655327 0.0004833812502170175 3.2247224944100375e-06 1.03763790413777e-07 3.2247224944097093e-06 0.0004891677720671477 -3.601763667851229e-08 1.0376379041374009e-07 -3.6017636678501854e-08 0.0004904711672836709
1657569090.7374845 -47.97485016533949 3.2590904551289825 -0.08069334183739392 0.0002731823489194435 1.4880210914517504e-06 6.4411602846635e-08 1.4880210914517783e-06 0.0002734665799115143 -5.685288538800622e-09 6.441160284663329e-08 -5.685288538801552e-09 0.0002740435879663636
1657569090.9374845 -48.18804561705837 3.3296796730278038 -0.07908783700062472 0.0004835165356097487 3.3533159394304846e-06 8.675207228459684e-08 3.353315939430294e-06 0.0004888956116519914 -3.993770118417669e-08 8.675207228458872e-08 -3.993770118417952e-08 0.000490110326858988
1657569091.1374846 -48.39985583592528 3.3998449340335584 -0.07755827227409948 0.0002735576578550581 1.437447026898626e-06 2.1857224554546363e-08 1.4374470268986072e-06 0.0002735220695225713 -1.6033936617602975e-08 2.1857224554545063e-08 -1.603393661760326e-08 0.0002739808504502238
1657569091.3374846 -48.61068163184263 3.466889424862447 -0.0763152485344962 0.0004830987265347111 3.2379577796106714e-06 8.402688188284923e-08 3.237957779610735e-06 0.0004887285449191671 -2.8257669861994465e-08 8.402688188286189e-08 -2.825766986199992e-08 0.0004897757870577491
1657569091.5374846 -48.823370445058146 3.530689172017699 -0.0755464110881108 0.00027304450153393245 1.3607275015238304e-06 3.2115662388809146e-08 1.3607275015238315e-06 0.00027358126536224786 -1.2678917767162788e-08 3.211566238880132e-08 -1.2678917767165394e-08 0.0002739852616492758
1657569091.7374847 -49.03904566288772 3.591214001121665 -0.07499100062091779 0.00048301214704815556 3.1550578183194375e-06 3.7336793754938134e-08 3.155057818319608e-06 0.0004889772340025008 -1.7191952066108613e-08 3.7336793754908885e-08 -1.7191952066103385e-08 0.0004898996713427684
1657569091.9374847 -49.256533660334966 3.648032936740543 -0.07383879463118397 0.00027317454821126935 1.361788595104147e-06 7.539709744979127e-09 1.3617885951041038e-06 0.00027373976846364195 -7.004020723223764e-09 7.539709744979898e-09 -7.004020723220971e-09 0.0002741015630774899
1657569092.1374848 -49.475180799888435 3.7018741309515875 -0.07210526099138191 0.0004832198617492075 3.0218178661242617e-06 9.748388760051206e-08 3.021817866124355e-06 0.0004895591181364976 -2.3927434609429025e-08 9.748388760051109e-08 -2.392743460941569e-08 0.0004903995630233995
1657569092.3374848 -49.6952556492571 3.754867244312451 -0.07090260868854369 0.00027281763975641463 1.3389418363178865e-06 3.2711081214841745e-08 1.3389418363178814e-06 0.00027352235868112717 -1.576975735031071e-08 3.271108121484178e-08 -1.5769757350303254e-08 0.00027388006910027184
1657569092.537485 -49.91616214490312 3.8084092237196665 -0.07073623440239829 0.0004834045110046918 3.1159947345654712e-06 9.638893747700172e-08 3.1159947345655284e-06 0.0004896192879649392 -3.182687799593627e-08 9.63889374770122e-08 -3.182687799592727e-08 0.0004905239173735219
1657569092.737485 -50.13608674164766 3.8628798610429973 -0.07128171568698512 0.0002731225507214318 1.3542589862533774e-06 5.629775955352609e-08 1.354258986253373e-06 0.00027347768915092865 -1.7190328051543072e-08 5.629775955352322e-08 -1.7190328051547053e-08 0.0002739076212695691
1657569092.937485 -50.353429292978845 3.9165360385328234 -0.07235696792839129 0.0004836929857133343 3.1328317832544086e-06 1.7861825250312015e-08 3.132831783254415e-06 0.0004895623373047831 -1.927657570218929e-08 1.7861825250290148e-08 -1.9276575702188518e-08 0.0004906641915212195
1657569093.137485 -50.567025073026535 3.965025880322329 -0.07402933947628952 0.00027286023623013895 1.2384038936819593e-06 -2.233156006822138e-08 1.2384038936819635e-06 0.00027318539209441803 -4.5084947943440875e-09 -2.2331560068225877e-08 -4.508494794343693e-09 0.0002736535289318355
1657569093.337485 -50.77799469782286 4.007729865898945 -0.0763321159593819 0.00048435751516471686 2.8620565997533984e-06 -4.992446184016453e-08 2.8620565997534005e-06 0.0004897589368017944 2.1185445046767737e-08 -4.992446184016189e-08 2.1185445046762572e-08 0.0004907318282234444
1657569093.5374851 -50.99050413379575 4.04874655774449 -0.07915412583280926 0.00027221521685840354 1.2324106886443209e-06 -4.000634102266721e-08 1.2324106886443107e-06 0.00027236141978848765 2.2938464799805036e-08 -4.0006341022670884e-08 2.293846479980007e-08 0.00027275999103338315
1657569093.7374852 -51.20604067785911 4.089366775682367 -0.08172923093348204 0.00048357308496249987 2.8766010684477736e-06 -3.7350668714359075e-08 2.876601068447797e-06 0.0004891248982167491 5.790858436254238e-08 -3.7350668714371343e-08 5.7908584362542104e-08 0.000489997250324499
1657569093.9374852 -51.42231431652476 4.126981751573605 -0.0823782243796716 0.0002726265579260661 1.2127636200785509e-06 1.733490869481812e-08 1.2127636200785316e-06 0.00027284052882279447 3.050560978112172e-08 1.7334908694814532e-08 3.050560978112114e-08 0.0002731865613411369
1657569094.1374853 -51.63852092607668 4.161097807224831 -0.08108686977305969 0.00048354386431815303 2.7664648997361745e-06 4.9428332933435097e-08 2.7664648997361313e-06 0.0004892021661710722 5.096247449419032e-08 4.9428332933460236e-08 5.096247449419642e-08 0.0004900201906876478
1657569094.3374853 -51.856184501819996 4.194237225489844 -0.07991089989073197 0.00027293395553374924 1.1782502406772299e-06 1.1638850014290507e-09 1.1782502406772358e-06 0.00027317601101002235 3.37889379475107e-08 1.1638850014322023e-09 3.37889379475074e-08 0.00027354030055037323
1657569094.5374854 -52.07564886223233 4.226788469037995 -0.0792599940854962 0.000484021195750857 2.8164377908056625e-06 4.996076974994876e-08 2.816437790805614e-06 0.000489894647676594 4.994143806125236e-08 4.996076974996056e-08 4.994143806127417e-08 0.0004907208177850166
1657569094.7374854 -52.29548951310356 4.256331837990317 -0.0773065614814358 0.00027305277715175894 1.1467124116849506e-06 3.335744633224393e-08 1.1467124116849705e-06 0.0002734006462964349 2.9674198290232724e-08 3.335744633223702e-08 2.9674198290238055e-08 0.00027373853198983417
1657569094.9374855 -52.51498291593781 4.282520915438683 -0.0738353541283072 0.0004880252549819274 2.761340167160326e-06 1.0659650906252718e-07 2.761340167160463e-06 0.0004942970206479862 1.675063834234127e-08 1.0659650906253674e-07 1.675063834236637e-08 0.0004950642415365584
1657569095.1374855 -52.73454375509741 4.30802443455116 -0.0708787637863951 0.00026797887261562504 1.1636833354170155e-06 2.5990640999604173e-09 1.1636833354170034e-06 0.0002684970684653723 7.393689470466994e-09 2.5990640999494613e-09 7.393689470472276e-09 0.0002688222547775681
1657569095.3374856 -52.954709957699706 4.334234556455579 -0.06918111760123195 0.00048113656343092644 2.7569147432771806e-06 1.9726939760044512e-08 2.756914743277229e-06 0.0004869446160854113 -1.3675573743823626e-08 1.972693976005732e-08 -1.3675573743817616e-08 0.0004876693568007596
1657569095.5374856 -53.176039447410744 4.360872327602442 -0.06771936520571285 0.0002739429795566603 1.2110515006704782e-06 -3.840027867569056e-08 1.2110515006704782e-06 0.0002741830487240602 -1.057757547901324e-08 -3.8400278675693934e-08 -1.0577575479012265e-08 0.0002744902552470292
1657569095.7374856 -53.398599143918574 4.3872463164143305 -0.06595862390024308 0.0004835848779067856 2.871879953640439e-06 4.618745408439121e-08 2.8718799536403963e-06 0.0004894617388867552 -1.6666390160165057e-08 4.6187454084389986e-08 -1.6666390160160676e-08 0.0004902471352346016
1657569095.9374857 -53.62182940142403 4.412495784407756 -0.06416661716715785 0.00027340674585403155 1.221146041870445e-06 1.109321279184459e-08 1.2211460418704615e-06 0.0002736172693705384 -2.802378615364451e-09 1.1093212791843308e-08 -2.8023786153643244e-09 0.0002739395558789137
1657569096.1374857 -53.84488351672737 4.436419377490732 -0.06246046295603951 0.000483271536800055 2.8670029483761728e-06 6.539975818398632e-08 2.867002948376013e-06 0.0004895211613139331 -2.532249275071171e-08 6.539975818398441e-08 -2.532249275070158e-08 0.0004902907997134741
1657569096.3374858 -54.06665989241957 4.459816988353888 -0.06070483111422733 0.00027290488658860963 1.2385545155567227e-06 3.0073623792794156e-08 1.2385545155567204e-06 0.0002734581351788335 -1.5412832370293185e-08 3.007362379279405e-08 -1.5412832370293972e-08 0.0002737733651126051
1657569096.5374858 -54.28740636970112 4.482944762638844 -0.058901829229523285 0.00048310426981300775 2.724372183226035e-06 8.236984344314691e-08 2.7243721832259983e-06 0.0004893581139110493 -1.9319546072332158e-08 8.236984344314489e-08 -1.9319546072332724e-08 0.0004900803407629414
1657569096.737486 -54.50913636368828 4.505516802558957 -0.05727466637906615 0.0002728594677166884 1.145317639286295e-06 3.7060626461500935e-08 1.145317639286293e-06 0.0002735436697679236 -3.2626232789343537e-09 3.7060626461500816e-08 -3.262623278938774e-09 0.0002738292079822408
1657569096.937486 -54.732988804792136 4.527580619710269 -0.056037230071791844 0.0004832863852240356 2.679082103487551e-06 4.47972931793818e-08 2.679082103487564e-06 0.0004897005397171107 -2.846541354596792e-09 4.479729317941214e-08 -2.8465413545884486e-09 0.0004904102930023808
1657569097.137486 -54.95878085240039 4.5499043367150644 -0.05539118883081172 0.00027295600131635434 1.1064582008232064e-06 -7.6816293923469e-09 1.1064582008232107e-06 0.0002735648968239431 1.2206012751492408e-08 -7.681629392339063e-09 1.2206012751488646e-08 0.000273862443589307
1657569097.337486 -55.184425712455834 4.571433153227153 -0.05534566395661132 0.0004836955293130102 2.58581488037843e-06 -5.3043503225909046e-08 2.5858148803784514e-06 0.0004901286659108969 9.137686253222777e-09 -5.304350322588052e-08 9.13768625322333e-09 0.0004909071923440045
1657569097.537486 -55.405633427702305 4.589143570282014 -0.05567147915532479 0.00027305086039879577 9.50805685445061e-07 -8.928865170301113e-08 9.50805685445054e-07 0.0002733859356593806 9.571157828023391e-09 -8.928865170299229e-08 9.571157828018825e-09 0.0002737033688444934
1657569097.7374861 -55.622364468621555 4.6029081468582325 -0.0561456900335874 0.0004836967925037614 2.0516458029984743e-06 -7.054493659396916e-08 2.0516458029984328e-06 0.0004899549260582828 1.1174481895774154e-08 -7.054493659398297e-08 1.1174481895784713e-08 0.0004903981715930934
1657569097.9374862 -55.84010088535071 4.617305644063 -0.056508871502116795 0.00027268788473637994 8.708094725027357e-07 -6.1602160275807e-08 8.708094725027467e-07 0.0002731367580648059 4.00637069271283e-09 -6.160216027580909e-08 4.006370692708881e-09 0.00027330079734921826
1657569098.1374862 -56.06072214104236 4.6365822309733815 -0.05634713362555051 0.0004832160236891679 1.8495036599642319e-06 4.609973564603044e-08 1.8495036599641832e-06 0.000489998704105093 -1.6491028471426147e-08 4.609973564603995e-08 -1.6491028471451455e-08 0.0004902906390747481
1657569098.3374863 -56.28085630528346 4.665123146569005 -0.055016484489373164 0.0002725413454784957 8.775802963731081e-07 7.018314173846009e-08 8.775802963731238e-07 0.0002731883460298031 -9.609475871027868e-09 7.01831417384688e-08 -9.609475871009534e-09 0.0002733247230198917
1657569098.5374863 -56.496573465652645 4.704667391052998 -0.05304508083804578 0.00048322651633738426 2.0374022426071973e-06 5.288849680609505e-08 2.037402242607225e-06 0.0004899845201223031 7.621247806076492e-09 5.288849680621989e-08 7.621247806121273e-09 0.0004903150909022718
1657569098.7374864 -56.703957005076994 4.75490095027614 -0.05243859508731378 0.00027267874345381543 8.893340772609866e-07 -1.0160237293862566e-08 8.893340772609798e-07 0.0002733845995929594 6.298610561560722e-08 -1.0160237293845848e-08 6.298610561565638e-08 0.0002737362209782612
1657569098.9374864 -56.905167133681644 4.815276614902101 -0.05357233549469749 0.0004846937253251018 2.2950961309124053e-06 -8.166735854435896e-09 2.295096130912494e-06 0.0004907293473209789 1.707744623116771e-07 -8.166735854503875e-09 1.7077446231174357e-07 0.0004924341129174671
1657569099.1374865 -57.10989941251293 4.886876407205205 -0.05459787376987817 0.0002758268004842378 1.5221756488917247e-06 -4.56563303427681e-08 1.5221756488917095e-06 0.00027722830769303877 3.6397057867522284e-08 -4.565633034274707e-08 3.639705786749626e-08 0.0002790439802183919
1657569099.3374865 -57.32089855271125 4.971889605670794 -0.05424662315640711 0.0005027799506808883 5.026326112631422e-06 -2.6675170826252026e-08 5.026326112631523e-06 0.0005139750721727438 -5.950274185888488e-08 -2.6675170826251305e-08 -5.950274185891003e-08 0.0005181477186415556
1657569099.5374866 -57.53105003085463 5.073363621743432 -0.0520908261067112 0.0003155085781533171 5.62066942084376e-06 5.179098629602248e-08 5.620669420843722e-06 0.0003239481068689195 -2.1702832102115613e-07 5.179098629603496e-08 -2.1702832102122874e-07 0.00032912262423243115
1657569099.7374866 -57.735467313642886 5.1909700878059715 -0.04818345477266496 0.000740049376899506 2.911963742782395e-05 1.524557145917015e-07 2.911963742782521e-05 0.0008181057464802154 -1.0891346077102491e-06 1.5245571459179407e-07 -1.0891346077102032e-06 0.0008447465977136039
1657569104.3366606 -57.85557858324284 9.634659661378238 -0.13949473261396764 0.0004675423000599777 -2.9057375739640163e-05 4.264993050188299e-07 -2.9057375739639844e-05 0.00046068889519445736 1.1650590928786395e-06 4.264993050174059e-07 1.16505909288008e-06 0.000496523256960876
1657569104.5366607 -57.743181698998455 9.814696155668981 -0.14440238189571072 0.0006073004900913408 -1.8518562941996608e-05 4.549139587697311e-07 -1.8518562941998085e-05 0.0005996949353405674 6.847204805770856e-07 4.549139587699107e-07 6.847204805769334e-07 0.000622422312834677
1657569104.7366607 -57.626887892805016 9.993489187390916 -0.14865739986559556 0.00028245098844215 -3.2009511038259424e-06 9.845241554528762e-08 -3.2009511038259957e-06 0.00027857978153188683 7.933202401579235e-08 9.845241554525255e-08 7.93320240158398e-08 0.0002825000492534245
1657569104.9366608 -57.50596048264268 10.172431846248214 -0.15192976125699495 0.000502572828750057 -6.553036644156328e-06 2.2223607152712147e-07 -6.553036644156545e-06 0.0004983343284020388 7.400641762486776e-08 2.2223607152718415e-07 7.40064176248169e-08 0.000506349986704316
1657569105.1366608 -57.379754583174176 10.354337192104724 -0.15373780435953788 0.0002700870393947387 -2.729582041309029e-06 1.387656444359569e-07 -2.7295820413089905e-06 0.0002663450091364465 -5.04612887186921e-08 1.3876564443587137e-07 -5.0461288718653626e-08 0.0002696312302251246
1657569105.3366609 -57.24833807790421 10.539205119427434 -0.1541843816889269 0.0004957837671667803 -5.94826031159694e-06 1.2844663360936369e-07 -5.948260311597453e-06 0.0004918074394889249 -2.2093486416069285e-08 1.2844663360927586e-07 -2.2093486416041117e-08 0.000498766168326457
1657569105.536661 -57.1128917238616 10.723373400603517 -0.1542520608432881 0.00026819637136807584 -2.537073223300914e-06 -3.8439084623473025e-08 -2.537073223300932e-06 0.0002645765182740646 8.208997048919884e-08 -3.84390846234318e-08 8.208997048917422e-08 0.0002678716095135365
1657569105.736661 -56.975235331275876 10.905978732238374 -0.15484290541287538 0.0004951058604475997 -5.995477782015572e-06 -3.105201914098458e-07 -5.995477782015314e-06 0.0004910441775677969 4.969208733272324e-07 -3.105201914098919e-07 4.969208733274518e-07 0.0005017994332713143
1657569105.936661 -56.83772923130881 11.090119819419847 -0.15685514989621577 0.0002685327740266165 -2.6091518047022877e-06 -4.4628411512860644e-07 -2.609151804702318e-06 0.000264703373184069 5.899088949505281e-07 -4.4628411512859844e-07 5.899088949506039e-07 0.00027238856709491826
1657569106.136661 -56.69942246708423 11.273904171130297 -0.16032231814705455 0.000495429528628632 -5.942595641386498e-06 -9.528039335010137e-07 -5.94259564138677e-06 0.0004910854158782489 1.3496407965734777e-06 -9.528039335011208e-07 1.3496407965736515e-06 0.0005086563274648639
1657569106.336661 -56.55529671178589 11.448517818310275 -0.16429669697901006 0.00026829036579522643 -2.418536668322259e-06 -7.135513386432789e-07 -2.418536668322336e-06 0.0002648945845917653 9.430084190385772e-07 -7.135513386432674e-07 9.430084190385568e-07 0.00027559278383761804
1657569106.5366611 -56.40679788295269 11.611034756936673 -0.16871658838436954 0.0004945806511422416 -5.686688852776124e-06 -1.671573307237327e-06 -5.686688852776134e-06 0.0004914926525530031 2.157299961634598e-06 -1.671573307237584e-06 2.1572999616348633e-06 0.0005144356071683493
1657569106.7366612 -56.26341698855974 11.767012905575493 -0.17484372984060967 0.00026812973637225455 -2.453479212194169e-06 -1.1846357049367725e-06 -2.4534792121941182e-06 0.0002650247656226091 1.393454119430964e-06 -1.1846357049368193e-06 1.3934541194308833e-06 0.00027680853122736567
1657569106.9366612 -56.125914247458795 11.918600972971506 -0.18236463709238687 0.0004944273099307868 -5.289260214401927e-06 -2.011367360371868e-06 -5.289260214402295e-06 0.0004917110570765936 2.551640383306795e-06 -2.0113673603720902e-06 2.551640383306725e-06 0.0005130535235706961
1657569107.1366613 -55.98369776392296 12.062506519414638 -0.1887334306158575 0.0002678888288126579 -2.275419042045887e-06 -9.899387123036053e-07 -2.2754190420459067e-06 0.00026526745302151653 1.2316318782076523e-06 -9.899387123035612e-07 1.2316318782075466e-06 0.0002762341206278428
1657569107.3366613 -55.84125139447652 12.193274198434962 -0.1927850812541821 0.0004966846093733448 -5.074951279373942e-06 -1.195548029384653e-06 -5.074951279374165e-06 0.0004954383091796112 1.6300860772229175e-06 -1.1955480293846098e-06 1.6300860772229993e-06 0.0005142544504934675
1657569107.5366614 -55.723689860797094 12.303789063900918 -0.19530620959507097 0.00026316075905773655 -1.827576205088971e-06 -2.9231830429405236e-07 -1.827576205088987e-06 0.0002606149617085915 4.3220173761049875e-07 -2.9231830429413945e-07 4.3220173761061924e-07 0.0002666804260478906
1657569107.7366614 -55.64324688754441 12.389104134441176 -0.19687052733819713 0.00048622310782820094 -2.60275522773956e-06 -2.2917930254262368e-07 -2.602755227739686e-06 0.0004834065360849858 4.179668278604486e-07 -2.2917930254267302e-07 4.179668278605256e-07 0.0004889944235127802
1657569107.9366615 -55.593552963696844 12.44742207980708 -0.19747955587870641 0.00026932045639733554 -1.0294722688157398e-06 -1.1636073075247448e-08 -1.0294722688157442e-06 0.0002659821397027395 6.636604358989378e-08 -1.1636073075216697e-08 6.63660435898669e-08 0.0002667087764031207
1657569108.1366615 -55.5675067351015 12.478478668173484 -0.1974924427161762 0.00048669898697573615 -1.078337312302055e-06 1.523201914725481e-07 -1.0783373123024712e-06 0.000483333468260124 -1.7069312047765664e-07 1.5232019147242456e-07 -1.7069312047761513e-07 0.0004848140988731815
1657569108.3366616 -55.558790223079434 12.48405714080984 -0.1977930209192161 0.0002697127994819929 -7.827411244295947e-07 2.5945444071287894e-07 -7.827411244295791e-07 0.00026597279856015735 -2.763310581859286e-07 2.594544407129056e-07 -2.7633105818591946e-07 0.0002686232971736686
1657569108.5366616 -55.56006443570512 12.472805155975296 -0.19862126739633626 0.0004870358527116297 -7.731217168251501e-07 5.273225342248369e-07 -7.73121716824931e-07 0.00048339386944664666 -4.4265515328412255e-07 5.273225342248104e-07 -4.426551532840631e-07 0.0004879604846377114
1657569108.7366617 -55.56266190125944 12.461949662812486 -0.19936615416953082 0.00027006260213542155 -4.836770598413849e-07 2.44057595932044e-07 -4.836770598413756e-07 0.00026662192560125936 -1.6278432197715156e-07 2.440575959320495e-07 -1.6278432197715445e-07 0.00026842354938962104
1657569108.9366617 -55.562601374787256 12.459150363603213 -0.19973597210734237 0.0004943172715882198 -5.121145742980475e-07 1.5458169671356283e-07 -5.121145742984268e-07 0.000491050603066609 -1.306377646840895e-07 1.5458169671354472e-07 -1.306377646840877e-07 0.0004925632177360097
1657569109.1366618 -55.56222900400282 12.458889827642505 -0.19992133914794166 0.00026273998077631943 -4.616808341977872e-07 1.1894889442027635e-08 -4.6168083419777457e-07 0.00025935625190686725 -1.6314889425387383e-08 1.1894889442032175e-08 -1.631488942538793e-08 0.0002595252659662533
1657569109.3366618 -55.56271767734388 12.457856842957407 -0.20004983014279354 0.000491553815159737 -3.680320319305591e-07 3.86346973365701e-08 -3.680320319304065e-07 0.000488695365736118 -2.2957913384929032e-08 3.8634697336524503e-08 -2.2957913384935554e-08 0.0004887664090268246
1657569109.5366619 -55.56309591503385 12.456840130017069 -0.20012490010546632 0.00026148010985664 -3.787222817774663e-07 3.0475080620913345e-08 -3.7872228177750145e-07 0.0002584136343402588 -1.3253390219450717e-08 3.0475080620914047e-08 -1.3253390219450775e-08 0.00025834572034969834
1657569109.736662 -55.56299977929425 12.456334072955134 -0.2001517874183126 0.0004837212436432936 -3.8760151897398207e-07 -3.0831930807246686e-09 -3.876015189739733e-07 0.00048093606238591745 -1.0112136515479137e-08 -3.08319308074121e-09 -1.0112136515480998e-08 0.00048086809729546223
1657569109.936662 -55.56306132863503 12.456069270478439 -0.20015056671380674 0.0002685278035944554 -4.282066918488296e-07 -9.410640846759445e-09 -4.2820669184886885e-07 0.0002654774768184381 -9.690993047980312e-09 -9.410640846751832e-09 -9.690993047981271e-09 0.0002654005431801819
1657569110.136662 -55.563409824442076 12.455886777272376 -0.2001483024797019 0.00048632047271028036 -3.4878337861471166e-07 2.4678851820019092e-08 -3.4878337861506207e-07 0.00048336583665271567 -5.7851133853550145e-09 2.467885182000486e-08 -5.7851133853445184e-09 0.00048333963024479163
1657569110.336662 -55.563441315334586 12.45583785480476 -0.2001774979372397 0.0002695897266500193 -3.7898089948207647e-07 3.0364004098072884e-08 -3.789808994820093e-07 0.00026632056324953866 -5.755963087396745e-09 3.0364004098070257e-08 -5.755963087394993e-09 0.00026629679743010086
1657569110.536662 -55.56318283301868 12.455844075019224 -0.20023516773864558 0.0004948600074075588 -4.330345264195032e-07 -6.22150757405125e-09 -4.330345264192082e-07 0.0004917007660908892 -6.794993121261254e-10 -6.221507574059755e-09 -6.794993121215607e-10 0.0004916592374885547
1657569110.7366621 -55.563522372739655 12.455649984205932 -0.20027431983927674 0.000262511295982701 -5.000319121012402e-07 -1.1313058166780144e-08 -5.00031912101212e-07 0.00025902806934442713 2.8085939725143197e-10 -1.1313058166785221e-08 2.8085939725236736e-10 0.00025898470471195516
1657569110.9366622 -55.56410176527615 12.45551764905983 -0.20030281918631265 0.000493656577527173 -5.887113735849572e-07 8.09167926562381e-08 -5.887113735848149e-07 0.0004905754417870661 1.933181033833451e-09 8.091679265633813e-08 1.9331810337848765e-09 0.0004906637599454651
1657569111.1366622 -55.56291193878754 12.45636956928366 -0.20040061373977386 0.00026203136919282445 -7.411768227752836e-07 1.0961421297549592e-07 -7.411768227753158e-07 0.0002587077445929536 3.3337144768169174e-09 1.0961421297547872e-07 3.3337144768418887e-09 0.00025891998160785655
1657569111.3366623 -55.561456328084184 12.457094111121343 -0.20052019794919332 0.0004950991691516917 -1.745774887515191e-06 1.4291539305669973e-07 -1.745774887515461e-06 0.0004931319236369328 3.497535004971236e-08 1.4291539305680193e-07 3.49753500496078e-08 0.0004942484309011991
1657569111.5366623 -55.56577264919917 12.453976468011946 -0.2004508707085772 0.0002654304692098668 -2.285936155855761e-06 1.945997992261283e-07 -2.285936155855788e-06 0.0002634955775954664 4.768213893859047e-08 1.945997992259e-07 4.768213893892662e-08 0.000265365016542693
1657569111.7366624 -55.569693490521935 12.451044974511106 -0.20043769707860998 0.000514673871873638 -6.772746819249407e-06 5.824545001662704e-07 -6.772746819249551e-06 0.0005170358122774173 2.0244320794198663e-07 5.82454500166349e-07 2.024432079419199e-07 0.0005229775128097864
1657569111.9366624 -55.55078603251428 12.462706868514596 -0.20132833006844525 0.0003046036344210967 -7.2470741245879435e-06 6.250994501263621e-07 -7.247074124588011e-06 0.00030644514261798965 2.400177283023633e-07 6.250994501267073e-07 2.4001772830180665e-07 0.0003133673172617599
1657569112.1366625 -55.503038329153746 12.492924664812676 -0.2033348921085836 0.0007554235817722373 -2.1022253771024248e-05 1.954682018243564e-06 -2.1022253771023377e-05 0.0007693458190654505 7.966297249970708e-07 1.9546820182474233e-06 7.966297249918486e-07 0.0007894611960254238
1657569128.338015 -43.23670129420753 25.300449404598854 -0.5095756515211866 0.0004489628759100808 -1.5715182501255093e-05 9.309571832056319e-07 -1.5715182501255246e-05 0.00047306088012654806 9.086289664094952e-07 9.309571832100477e-07 9.086289663999658e-07 0.0004794936887937875
1657569128.5380151 -43.1228538443727 25.352118982509964 -0.5132286893167992 0.0005840964482537473 -1.068152349506994e-05 8.091291052476391e-07 -1.0681523495070965e-05 0.0005976670473438013 5.731369900128589e-07 8.091291052472203e-07 5.731369900138558e-07 0.000601419161535414
1657569128.7380152 -43.02085342125893 25.397586181403927 -0.5158633111710237 0.0002841435828096 -2.3295700572376705e-06 1.432432337190385e-07 -2.329570057237691e-06 0.00028384329852405653 9.2404711194531e-08 1.432432337190379e-07 9.240471119455895e-08 0.0002839140269395757
1657569128.9380152 -42.940596908232735 25.43257738838729 -0.5174389297993817 0.0004901379215892474 -2.324723483397229e-06 -3.391616492813411e-08 -2.3247234833979713e-06 0.0004902903677069197 7.739089194352561e-08 -3.391616492820239e-08 7.739089194386087e-08 0.0004901546932003629
1657569129.1380153 -42.89354788437714 25.453262653484444 -0.518764224155878 0.00027257495566465693 -2.033657325521652e-06 -1.5846812953493974e-07 -2.0336573255215345e-06 0.00027198440453875196 1.361803777078659e-07 -1.584681295351956e-07 1.361803777086082e-07 0.0002717187339257962
1657569129.3380153 -42.87832470208403 25.460511861928715 -0.5201765183280614 0.000483457574211194 -1.8323136159338038e-06 -1.271707737123079e-07 -1.8323136159352027e-06 0.00048304066528547163 1.0583514960470755e-07 -1.271707737124354e-07 1.0583514960504302e-07 0.0004827673605685902
1657569129.5380154 -42.87691727127729 25.46131743239426 -0.5213542004966664 0.00027129698604307995 -1.3032713102641036e-06 -1.777993338362297e-08 -1.3032713102647312e-06 0.0002692600014015567 4.1649250009882305e-08 -1.7779933383616232e-08 4.164925000984061e-08 0.00026882666798849845
1657569129.7380154 -42.877559349577346 25.46057843959274 -0.5221116137019873 0.0004827242841408943 -1.1908718593223799e-06 -5.812193546053292e-09 -1.1908718593220764e-06 0.0004807074833765618 1.6673919206617744e-08 -5.8121935460580475e-09 1.667391920659135e-08 0.000480266161021341
1657569129.9380155 -42.878070099317554 25.45986556480653 -0.5225080834617001 0.0002713378956862909 -1.2657915417254762e-06 4.013136239925117e-09 -1.2657915417255794e-06 0.00026903931525364773 -2.463008694274943e-09 4.013136239933409e-09 -2.463008694273332e-09 0.00026850589312435674
1657569130.1380155 -42.87789275911614 25.459763298031415 -0.5226674132756534 0.00048256642095364025 -1.1277824385649458e-06 -1.0533882402552969e-11 -1.1277824385645492e-06 0.00048053118270228795 -7.898064762036903e-09 -1.0533882424571748e-11 -7.898064762019163e-09 0.00048003411922686434
1657569130.3380156 -42.87773114623214 25.4598598492444 -0.5227701637394493 0.0002713090918745498 -1.2232492270822579e-06 -2.8145509333913675e-09 -1.2232492270821926e-06 0.000269104154992844 -7.569914646220909e-09 -2.814550933381686e-09 -7.569914646221761e-09 0.00026855436021191786
1657569130.5380156 -42.8778753361834 25.459889310712708 -0.5229012509783194 0.000482939892993167 -1.1598706921572073e-06 8.305789828453742e-09 -1.1598706921582566e-06 0.00048087162110306705 6.888476130562953e-09 8.30578982854622e-09 6.88847613056242e-09 0.0004803586618547406
1657569130.7380157 -42.877976656809345 25.459868031537688 -0.5230173573830819 0.00027110814455076073 -1.2696034901954893e-06 9.719751814380152e-09 -1.2696034901952358e-06 0.0002688499696157538 9.988023372795746e-09 9.719751814371235e-09 9.988023372793827e-09 0.0002682902478327678
1657569130.9380157 -42.87792680634216 25.45984397226211 -0.5230948127768408 0.00048288912540580636 -1.1239147226773267e-06 3.675257658120716e-08 -1.12391472267683e-06 0.00048072039424180144 -8.380230799860457e-09 3.675257658119269e-08 -8.380230799859459e-09 0.0004802670304053476
1657569131.1380157 -42.87798107038485 25.459877406419235 -0.5231473527218209 0.0002711725041319983 -1.2206982130829794e-06 4.262262785901987e-08 -1.2206982130829743e-06 0.00026879993845999717 -1.2006269727868746e-08 4.262262785902556e-08 -1.2006269727867918e-08 0.0002683123281593536
1657569131.3380158 -42.878221394805614 25.459976155277257 -0.5231778109212425 0.0004829420843451025 -1.1483062806593836e-06 3.1343952673918276e-08 -1.1483062806582818e-06 0.00048080984696726695 -1.712435867813915e-08 3.134395267392884e-08 -1.712435867816482e-08 0.00048031363147083304
1657569131.5380158 -42.878473552664666 25.460081263728885 -0.5231714029690335 0.00027108883436342227 -1.2573758540669966e-06 3.0964366109614914e-08 -1.2573758540671361e-06 0.00026878037506699947 -1.9369695757375952e-08 3.0964366109620505e-08 -1.9369695757376862e-08 0.0002682293139171535
1657569131.738016 -42.87861381584948 25.460145574978352 -0.5231458005377944 0.0004828144655767871 -1.1461876934318041e-06 3.2226938214004755e-08 -1.146187693433246e-06 0.00048072660768107875 -1.4899458587722109e-08 3.2226938213907174e-08 -1.4899458587692369e-08 0.00048021921889697557
1657569131.938016 -42.878609617252586 25.460143454671453 -0.5231615160095372 0.0002710981760448182 -1.2501443426764062e-06 3.33274007295511e-08 -1.2501443426765985e-06 0.00026883581471423773 -1.526318380328838e-08 3.3327400729548425e-08 -1.5263183803281205e-08 0.00026828085478415527
1657569132.138016 -42.878543875703606 25.460100722815454 -0.5232284250449918 0.00048277961610627664 -1.1595961623335077e-06 3.074009994876186e-08 -1.1595961623322581e-06 0.0004807034267609171 -1.7692404739231266e-08 3.074009994876091e-08 -1.7692404739252948e-08 0.00048019795498687183
1657569132.338016 -42.878635749419445 25.460105338787347 -0.5232884242788715 0.000271126467796181 -1.2693451067139554e-06 3.053113279453723e-08 -1.2693451067137788e-06 0.0002688683508568984 -1.889005960245726e-08 3.0531132794540164e-08 -1.889005960245697e-08 0.0002683145649566954
1657569132.538016 -42.8788465963654 25.460152656117764 -0.5233193283800791 0.0004826182265127758 -1.2231901167347347e-06 1.3841953032719027e-08 -1.2231901167356781e-06 0.0004804393838655089 -1.5066834940692932e-08 1.3841953032738428e-08 -1.5066834940676776e-08 0.0004798932073212459
1657569132.7380161 -42.87879880461714 25.460117676247066 -0.523349583600134 0.00027145655527939267 -1.344272217858746e-06 1.1504926966180647e-08 -1.3442722178587503e-06 0.00026907148116652623 -1.541471210685925e-08 1.1504926966187503e-08 -1.5414712106863884e-08 0.0002684666485437998
1657569132.9380162 -42.878470588325534 25.459998761472637 -0.5233897983674386 0.00048195155117956883 -1.2242455744834322e-06 5.714835559863041e-08 -1.2242455744859807e-06 0.0004797319864832017 -2.244000658030086e-08 5.7148355598546734e-08 -2.244000658019192e-08 0.0004791982815258284
1657569133.1380162 -42.87832416154643 25.459957996029793 -0.5234253793732278 0.0002721770908912056 -1.3326306036475684e-06 6.605096059180787e-08 -1.3326306036476123e-06 0.00026976274573337956 -2.470940250312224e-08 6.605096059180878e-08 -2.4709402503123425e-08 0.0002691797458674106
1657569133.3380163 -42.87846676869706 25.46002604103209 -0.5234435852658519 0.000482125662096452 -1.1645389633046532e-06 1.4261406430573239e-08 -1.1645389633027266e-06 0.00047997550509477595 -3.7169798345956186e-09 1.426140643057246e-08 -3.716979834602882e-09 0.0004794655993092791
1657569133.5380163 -42.878508545327605 25.460055121954603 -0.5234344383452563 0.0002719871404340006 -1.2605705714723135e-06 6.053973558887486e-09 -1.2605705714722475e-06 0.00026966508071862166 -6.178013395397168e-10 6.053973558894418e-09 -6.1780133954329e-10 0.000269108101761299
1657569133.7380164 -42.87832571508319 25.459992493606045 -0.5234145000504559 0.0004819543049846783 -1.18779750364877e-06 1.7775495673415493e-08 -1.1877975036489503e-06 0.00047986217735670686 -4.459463380998037e-09 1.777549567344338e-08 -4.459463381019256e-09 0.00047931051943899083
1657569133.9380164 -42.878180614278996 25.459920348776016 -0.5234354354750609 0.0002720297398560262 -1.2962220587334375e-06 1.794913942654935e-08 -1.2962220587333227e-06 0.00026976739505453154 -4.480160547303916e-09 1.7949139426543563e-08 -4.480160547299971e-09 0.000269158938215635
1657569134.1380165 -42.8782136448008 25.459895460698505 -0.523503208801002 0.0004813702542086807 -1.0979136528941586e-06 -3.861166346220931e-09 -1.0979136528949709e-06 0.0004793286146676666 1.0207742783368603e-08 -3.861166346316823e-09 1.0207742783407058e-08 0.00047882745886012213
1657569134.3380165 -42.878372317227644 25.45993061732802 -0.5235610653115806 0.0002723887409613795 -1.1823044910700083e-06 -8.182088174407346e-09 -1.1823044910699e-06 0.00027017575878375083 1.3051748177293448e-08 -8.1820881743814e-09 1.3051748177283825e-08 0.0002696383630711885
1657569134.5380166 -42.87856265199594 25.4599929205293 -0.5235759646782872 0.000481477939870055 -1.129658514640109e-06 5.1340473624669326e-08 -1.129658514639371e-06 0.0004793672794013931 -2.373315631215882e-08 5.13404736246453e-08 -2.3733156312125846e-08 0.0004788710454808829
1657569134.7380166 -42.878654236425405 25.459996413400184 -0.5235509465033588 0.00027256589378491403 -1.2380270699237236e-06 6.232106659468007e-08 -1.2380270699238303e-06 0.00027025989077094194 -3.045565596284116e-08 6.232106659468846e-08 -3.04556559628374e-08 0.00026971799544432695
1657569134.9380167 -42.878557552352504 25.459951959764403 -0.5235001753550502 0.0004814619511566337 -1.147516358538451e-06 4.2722673548386616e-08 -1.1475163585395376e-06 0.0004792886793044182 -1.242221506694496e-08 4.272267354840819e-08 -1.2422215066930675e-08 0.000478795328764349
1657569135.1380167 -42.878250142428804 25.459994915514407 -0.5234501184834803 0.00027277923557178263 -1.2559668257724061e-06 4.059572805947806e-08 -1.255966825772607e-06 0.00027041435125334907 -1.0307962118611494e-08 4.059572805948739e-08 -1.0307962118617825e-08 0.0002698759803973749
1657569135.3380167 -42.878106996291876 25.460064545073937 -0.5234300662053056 0.00048174955829361345 -1.2332431424493738e-06 2.1946707662049714e-08 -1.2332431424495197e-06 0.0004796078537015752 -7.3120881375180095e-09 2.1946707662089805e-08 -7.312088137532831e-09 0.0004790950859333986
1657569135.5380168 -42.87895833086721 25.459848759335294 -0.5234705036989822 0.000272743497859489 -1.3725316486277717e-06 1.5447691810835684e-08 -1.3725316486278924e-06 0.00027046289701338524 -7.585262693374813e-09 1.544769181083524e-08 -7.585262693373655e-09 0.00026990518661878577
1657569135.7380168 -42.87959793737179 25.459619926165487 -0.5235141978672052 0.0004820641644576837 -1.464351304932149e-06 -2.218211476111531e-09 -1.4643513049346554e-06 0.00048034448728734416 -2.9813930070625504e-08 -2.2182114761491334e-09 -2.981393007060601e-08 0.00047986778007731387
1657569135.938017 -42.87631140493787 25.460358971164016 -0.523391516103368 0.000272844850170744 -1.7232081087922761e-06 -1.5662870695485155e-08 -1.7232081087924032e-06 0.00027122279737807253 -3.840729073419847e-08 -1.5662870695480503e-08 -3.840729073420079e-08 0.00027075499109113397
1657569136.138017 -42.871832479738075 25.459988695877833 -0.523343708439443 0.0004826363495612176 -2.759435982922391e-06 -1.4053185570854082e-07 -2.759435982923077e-06 0.0004837175425780556 -7.25834964108501e-08 -1.4053185570855853e-07 -7.25834964108574e-08 0.0004838303600020273
1657569136.338017 -42.87677609706864 25.452736032182994 -0.5241653456089946 0.0002743755367402093 -3.2763011208309547e-06 -1.4360509437019868e-07 -3.2763011208309073e-06 0.0002762802861880843 -7.59226346971138e-08 -1.4360509437015265e-07 -7.592263469717274e-08 0.0002765171498230894
1657569136.538017 -42.87539078849561 25.44641218602072 -0.525880604692167 0.0004893422631469553 -6.2750600685938995e-06 -2.7566005764186004e-07 -6.275060068593444e-06 0.0004989159197303857 -1.3908612171301372e-07 -2.756600576417405e-07 -1.3908612171308646e-07 0.0005005292972161295
1657569136.738017 -42.81797275111232 25.466379872616354 -0.5273441243576193 0.00028760525491225875 -5.013317309889275e-06 -9.303470532934633e-08 -5.013317309889258e-06 0.00029446468707115846 -1.0771644701724357e-07 -9.303470532940889e-08 -1.0771644701709126e-07 0.0002954019785843925
1657569136.9380171 -42.68818646380959 25.521954291379647 -0.5277853135563827 0.0005696255399183923 -6.381505483072364e-06 -9.689141209553604e-08 -6.381505483071383e-06 0.0005818404805860964 -1.100912060963039e-07 -9.689141209563362e-08 -1.1009120609632853e-07 0.0005833404457143758
1657569138.3380175 -41.30426911206103 26.162548582901454 -0.5203351841664753 0.0002787852658533068 -3.023149821068053e-06 1.8590848033979023e-08 -3.0231498210681808e-06 0.0002804311301099064 -7.999369073630817e-09 1.8590848033980492e-08 -7.999369073633088e-09 0.000280561535494659
1657569138.5380175 -41.09710526950655 26.24784405217699 -0.5197892191594369 0.0004955994220563428 -5.302650354533657e-06 1.2555246535384373e-08 -5.302650354535235e-06 0.0005028453954288162 4.4263915328991965e-09 1.255524653539323e-08 4.426391532899219e-09 0.000504034477629169
1657569138.7380176 -40.88560416017472 26.322963321699802 -0.5192265849563804 0.00029701761404025355 -3.252414142833838e-06 -2.9395373637296832e-08 -3.2524141428334777e-06 0.00030065820000537623 1.8247123707645527e-08 -2.9395373637297864e-08 1.8247123707644263e-08 0.0003009920670656124
1657569138.9380176 -40.67148117280287 26.383195043155652 -0.5185332616086967 0.000626569889405152 -8.921480364600465e-06 -1.1520684375662033e-07 -8.921480364599052e-06 0.0006507078001453834 5.477509761375914e-08 -1.1520684375656324e-07 5.477509761369683e-08 0.0006542141875111616
1657569139.1380177 -40.455540441983445 26.42490666125924 -0.5175670830317685 0.0006396690687931766 -1.311890123280058e-05 -2.773785867063748e-07 -1.3118901232800531e-05 0.0006763687517817689 1.1310969524017978e-07 -2.773785867062741e-07 1.1310969524000292e-07 0.0006822558605463166
1657569139.3380177 -40.23893055541458 26.446686437643077 -0.5162799135303031 0.007820058636170777 -0.00015479482267340933 -7.49971453940948e-06 -0.00015479482267341036 0.008543139543975337 2.3767288500292687e-06 -7.499714539409344e-06 2.3767288500289896e-06 0.008656449872199636
1657569139.5380177 -40.02263215298291 26.44874612458231 -0.5147499949763842 0.019379439530897716 -0.0004598226317192833 -2.519599634937784e-05 -0.0004598226317192841 0.021739777062693828 8.779109622876667e-06 -2.519599634937772e-05 8.779109622876621e-06 0.022089378118289375
1657569139.7380178 -39.8076111454261 26.431662460820036 -0.5130754968762204 0.02830003717714229 -0.0008862233784177394 -3.938022586527068e-05 -0.0008862233784177402 0.032526536143546454 1.7064155376043267e-05 -3.938022586527074e-05 1.706415537604317e-05 0.03313761188655226
1657569139.9380178 -39.5947812201087 26.39644402533868 -0.5113673905227477 0.029250139105776254 -0.0011518906499404164 -3.5428504977457426e-05 -0.0011518906499404162 0.03405898911062177 2.205945394102093e-05 -3.542850497745742e-05 2.205945394102125e-05 0.034774318407748375
1657569140.138018 -39.38490017278927 26.344515931895383 -0.5097490556517064 0.02162206507673561 -0.0009120700152753732 -1.778952974085567e-05 -0.000912070015275376 0.024929527582000212 2.0493086111493328e-05 -1.778952974085568e-05 2.0493086111492464e-05 0.025479668885321664
1657569140.338018 -39.17847732525684 26.27769295067159 -0.5083560268813111 0.009960035767733182 -0.0003549971003598106 -3.664976765300109e-06 -0.00035499710035981103 0.011057343062658877 1.119626397947675e-05 -3.664976765300512e-06 1.1196263979475687e-05 0.011290894840130938
1657569140.538018 -38.975697882569044 26.19814516983915 -0.507336088259201 0.00143335788248193 -3.204586771562986e-05 -6.934138257989253e-08 -3.204586771563384e-05 0.0015048935835304186 1.3712603465280639e-06 -6.934138257963323e-08 1.3712603465291174e-06 0.001528327765968068
1657569140.738018 -38.776396385788516 26.108134680992308 -0.5068044198559535 0.0003734479741786309 -4.314570210119226e-06 -1.89194161127379e-08 -4.314570210119001e-06 0.00038056946750733296 1.0742719034099176e-07 -1.891941611271915e-08 1.0742719034086303e-07 0.0003830265042408172
1657569140.938018 -38.579439999151944 26.01009598091609 -0.505604499782396 0.0005250015879618624 -4.428917821342053e-06 4.707008171720904e-09 -4.428917821343417e-06 0.0005363293007337165 -1.3032906126540585e-07 4.707008171818602e-09 -1.3032906126542358e-07 0.0005377903495413851
1657569141.1380181 -38.381540578511974 25.91100879069362 -0.5012836318711683 0.0002891008509666591 -2.256398655973074e-06 -1.602150444053965e-08 -2.256398655973085e-06 0.0002918041077269616 -1.524800254390476e-07 -1.602150444054117e-08 -1.5248002543905004e-07 0.00029178752788160285
1657569141.3380182 -38.18195489775599 25.812197246280032 -0.49445710735599013 0.0004773339189895551 -3.2584196891598357e-06 -1.6241902178609694e-07 -3.258419689161328e-06 0.0004853653451606902 -1.765082103174126e-07 -1.624190217860732e-07 -1.7650821031741154e-07 0.00048513968210852504
1657569141.5380182 -37.98327240369673 25.708665288214917 -0.4895417417406656 0.00028260536484808914 -2.197625570298504e-06 -3.2660175352930864e-08 -2.197625570298574e-06 0.00028479213167047375 -2.8222595650151885e-08 -3.266017535292527e-08 -2.8222595650144672e-08 0.0002842108577359123
1657569141.7380183 -37.787989564565656 25.59673276551075 -0.4876871127781474 0.0004738716477834806 -3.1133823848732513e-06 -5.363885140519791e-08 -3.1133823848722565e-06 0.00048205379289016506 -9.821476087527356e-10 -5.3638851405203446e-08 -9.82147608704101e-10 0.00048166010238459957
1657569141.9380183 -37.59752905569534 25.475651325784117 -0.48588796508250787 0.00028277594020899625 -2.0731562623638894e-06 -2.316438340456213e-08 -2.07315626236431e-06 0.00028517927319441326 1.5577067064384453e-08 -2.3164383404561472e-08 1.5577067064380254e-08 0.0002846167346583526
1657569142.1380184 -37.41169128810256 25.347531396794587 -0.48336345043147905 0.0004812046095889758 -2.731991950309436e-06 -3.17464079811411e-08 -2.731991950311758e-06 0.00048980140280339 2.6151380897905553e-08 -3.174640798111509e-08 2.615138089789741e-08 0.000489348107085891
1657569142.3380184 -37.22773258001372 25.21855406490396 -0.4824912736859251 0.0002746164574663967 -2.0489338443414732e-06 5.7972140930176976e-08 -2.048933844341444e-06 0.00027681440531944485 -4.418377360202875e-09 5.7972140930169935e-08 -4.418377360210337e-09 0.00027618831638937305
1657569142.5380185 -37.043115195095844 25.092758191776557 -0.48383171552581206 0.00047123908763688395 -2.7280461020142786e-06 8.238754276899447e-08 -2.7280461020132414e-06 0.000479368680651831 -9.85338380977848e-09 8.238754276906792e-08 -9.853383809854943e-09 0.00047890134973586955
1657569142.7380185 -36.85510719782454 24.972383875580263 -0.4853613198425443 0.0002817974148725578 -2.1552731894331417e-06 3.495359851539463e-08 -2.1552731894331773e-06 0.00028402819730983814 -1.1228657707616725e-08 3.495359851539196e-08 -1.1228657707617994e-08 0.00028346010552192787
1657569142.9380186 -36.66371083583427 24.856888714570257 -0.4854607517196344 0.0004731835349527108 -3.0204452852612823e-06 5.410063459528386e-08 -3.020445285262817e-06 0.000481152607877399 1.767494807950015e-08 5.410063459527298e-08 1.7674948079490357e-08 0.00048092034613533114
1657569143.1380186 -36.47153932750624 24.743395047268315 -0.4831267055965587 0.000281981244148051 -2.168152947229815e-06 5.9710330632883976e-09 -2.1681529472298754e-06 0.00028432555036264075 1.5467960953405665e-08 5.971033063270196e-09 1.5467960953418e-08 0.00028381547256668937
1657569143.3380187 -36.27818874721425 24.630524561663126 -0.4791502463438814 0.00047388897826403505 -3.0984164151211407e-06 -7.073864494060084e-08 -3.098416415122988e-06 0.0004821322778428936 1.4115992985735505e-08 -7.073864494062566e-08 1.4115992985753576e-08 0.0004818289296503702
1657569143.5380187 -36.07908202470243 24.51979468611925 -0.4764975878729414 0.00028379228029116847 -2.3133547625471636e-06 1.573474734850587e-08 -2.3133547625469374e-06 0.00028644371172160797 7.364272231323078e-09 1.5734747348504785e-08 7.364272231319652e-09 0.0002859346214999707
1657569143.7380188 -35.876773854317626 24.414632275157967 -0.4762674933361238 0.00048351178796514284 -3.532183546125778e-06 2.288470856320912e-09 -3.5321835461244474e-06 0.0004935679880121824 8.121918964223097e-09 2.2884708563068724e-09 8.121918964221074e-09 0.0004934755076480328
1657569143.9380188 -35.682587463522495 24.320806193191498 -0.4771294989547166 0.00030647930620396525 -3.1668803412231524e-06 -2.5713395729852074e-08 -3.1668803412230185e-06 0.0003114314716287118 -1.8373731043654907e-08 -2.5713395729850062e-08 -1.8373731043651605e-08 0.000311289965562491
1657569144.1380188 -35.49708687557864 24.238952434064668 -0.4780439890650161 0.0006149305693675659 -8.32759699044369e-06 -8.824520760947365e-08 -8.327596990442075e-06 0.000640212561748321 -5.942345950680717e-08 -8.824520760948841e-08 -5.942345950680936e-08 0.0006421301602729686
1657569144.338019 -35.30605056080583 24.16441210990315 -0.4785574357555179 0.0006664396983557117 -1.5854023772242988e-05 -2.4078308217895945e-07 -1.5854023772242625e-05 0.0007095364188986154 -1.5579049929203537e-07 -2.407830821789722e-07 -1.5579049929204945e-07 0.0007132265077225386
1657569144.538019 -35.101923967119575 24.094846566344398 -0.47852747956642855 0.007903563907736697 -0.00026085477783284277 -6.8017126490343845e-06 -0.0002608547778328441 0.008725910557902934 -3.681185325388081e-06 -6.801712649034375e-06 -3.681185325388148e-06 0.008817047272808637
1657569144.738019 -34.886875656844495 24.030912990542525 -0.47808007693362703 0.019466078771541488 -0.0008291636599350715 -2.3443916217036514e-05 -0.0008291636599350708 0.022180198893081884 -1.2912420486157106e-05 -2.3443916217036446e-05 -1.2912420486157194e-05 0.022464765521449197
1657569144.938019 -34.66377136816326 23.973176361577856 -0.4773715171999913 0.02829987190700439 -0.0014027439428775863 -3.79099712237127e-05 -0.001402743942877586 0.033227558436258825 -2.2696923895891524e-05 -3.7909971223712706e-05 -2.269692389589146e-05 0.03368252154991676
1657569145.138019 -34.435543849195724 23.92184548742918 -0.47658237717347807 0.029122823609040397 -0.0014976054135699874 -3.570478730421431e-05 -0.0014976054135699857 0.03483438493909733 -2.566850085856633e-05 -3.570478730421429e-05 -2.5668500858566202e-05 0.03529629150033444
1657569145.3380191 -34.2051675748478 23.876764788909128 -0.47591721180218993 0.021452785032690852 -0.0009746251269181794 -1.9393023426047146e-05 -0.0009746251269181801 0.025477277868347435 -1.929231938252897e-05 -1.939302342604707e-05 -1.9292319382529207e-05 0.025774571863397856
1657569145.5380192 -33.975633292514715 23.83741956486691 -0.47560229999404297 0.009864728178638298 -0.00031033434031948315 -5.055470104723335e-06 -0.0003103343403194838 0.011245610288541407 -8.15736016173334e-06 -5.055470104723508e-06 -8.157360161733348e-06 0.011344754842245189
1657569145.7380192 -33.74992636181534 23.80295516736303 -0.4758816904696603 0.0014153106117746614 -2.1945963094747457e-05 -2.8732501427351206e-07 -2.194596309474779e-05 0.0015113503007563344 -8.856716477952238e-07 -2.8732501427354864e-07 -8.856716477953434e-07 0.0015175317439579377
1657569145.9380193 -33.53088227053255 23.77234119286666 -0.476974453957144 0.000377947339444533 -3.1831328796250184e-06 -3.2801537420472766e-08 -3.1831328796252666e-06 0.0003878731631446469 -1.1420650809081323e-07 -3.280153742049607e-08 -1.1420650809079371e-07 0.00038808442233513975
1657569146.1380193 -33.31758773379913 23.74305493253962 -0.4782417633106582 0.0005313956573331111 -4.281965695734252e-06 -6.810875240381188e-08 -4.281965695734594e-06 0.000544071204395414 1.0644593745665136e-08 -6.810875240370688e-08 1.064459374561767e-08 0.0005443166715063255
1657569146.3380194 -33.10500826142869 23.707604796601803 -0.47824153283964804 0.00028513132005525844 -2.155105579853465e-06 -4.945907723405966e-08 -2.1551055798534966e-06 0.0002879903788347076 4.672722571623041e-08 -4.945907723407799e-08 4.672722571623667e-08 0.0002875927478368826
1657569146.5380194 -32.8911255388953 23.663862575832447 -0.4768950902146536 0.00048066893599926547 -2.823842087402492e-06 4.2356473075759494e-09 -2.8238420874013474e-06 0.0004888669259596848 -1.2632340545085201e-08 4.2356473075782565e-09 -1.2632340545057699e-08 0.0004884815115764693
1657569146.7380195 -32.67820578786166 23.61666986621166 -0.4759581872404207 0.0002785766318505367 -2.024033734416981e-06 2.8814929764217144e-08 -2.0240337344167425e-06 0.0002807576751098111 -7.998689582709382e-08 2.8814929764221803e-08 -7.998689582709818e-08 0.0002802907101013637
1657569146.9380195 -32.46584622443243 23.57217467227943 -0.475589082152761 0.00047775795483429294 -2.3900281392376043e-06 1.1368592591549615e-07 -2.390028139238833e-06 0.00048578577377590167 -1.944925764725617e-07 1.1368592591546406e-07 -1.9449257647253638e-07 0.0004859475045975799
1657569147.1380196 -32.24990724539861 23.53799438581972 -0.47388398374509394 0.00027972204635597054 -1.9539461578824903e-06 3.2395186592234544e-08 -1.9539461578821557e-06 0.0002821833572797998 -1.8352747001799745e-07 3.239518659219044e-08 -1.835274700179858e-07 0.00028247398213859917
1657569147.3380196 -32.02907942356435 23.51302622750201 -0.4700072934901341 0.000487479157984275 -3.236793867448163e-06 2.7117906372389765e-08 -3.2367938674450306e-06 0.0004973385499082051 -4.7618877875664224e-07 2.711790637204311e-08 -4.761887787565112e-07 0.0005000537108202167
1657569147.5380197 -31.805002174101993 23.485692103685878 -0.4645741539281976 0.00030296319692823967 -3.449306787075701e-06 2.1857750651882796e-08 -3.449306787075899e-06 0.00030954687501401264 -4.0779705513891827e-07 2.1857750651953136e-08 -4.0779705513911896e-07 0.0003125044211655076
1657569147.7380197 -31.57402373449361 23.455287702593502 -0.4584190791535017 0.0006212153960235983 -9.823240005205008e-06 -1.3433053741379934e-07 -9.823240005202385e-06 0.0006600203773777274 -9.482210891444991e-07 -1.343305374138163e-07 -9.482210891446048e-07 0.0006701733937180323
1657569147.9380198 -31.326561179259922 23.436540285426613 -0.45301643612844744 0.0006581577019358682 -2.0843495021384988e-05 -1.6050391662331895e-07 -2.0843495021384398e-05 0.0007287645124136485 -1.7698762564905454e-06 -1.6050391662351043e-07 -1.7698762564896825e-06 0.000746700923219489
1657569148.3380198 -30.78802157025516 23.457607393615167 -0.44761209903264443 0.019580405354215052 -0.0011781714888859634 -1.2855323955675704e-05 -0.0011781714888859675 0.02408988110973088 -0.00016023873155661183 -1.2855323955676275e-05 -0.00016023873155661094 0.025399594972948754
1657569148.53802 -30.51578983377651 23.49313788154765 -0.4481433749208349 0.028446633582865605 -0.0018685296315905447 -2.6519363751279153e-05 -0.0018685296315905456 0.03651888420331673 -0.00032753019185280743 -2.651936375128062e-05 -0.00032753019185280505 0.03877393177004225
1657569148.73802 -30.254075856455444 23.53973674585227 -0.45096163170282877 0.029221337833844205 -0.0018949977099290518 -4.034668866718044e-05 -0.0018949977099290537 0.03862861023877397 -0.00045545634678007213 -4.034668866717851e-05 -0.00045545634678007517 0.04119939854692725
1657569148.93802 -30.011639068288616 23.591445786063506 -0.45594761644402604 0.021503389671304714 -0.0012567130878070427 -4.933477721922719e-05 -0.0012567130878070488 0.028454901324755547 -0.00041880111579749416 -4.933477721922688e-05 -0.0004188011157974978 0.030398807285828795
1657569149.13802 -29.796682539823152 23.641180362615742 -0.4627858001365451 0.009894525060958132 -0.0004700481885635576 -3.923188582254537e-05 -0.0004700481885635615 0.012584393427672338 -0.00019806337104925342 -3.923188582254389e-05 -0.00019806337104925217 0.013363333440316438
1657569149.33802 -29.616934115275093 23.68110312764777 -0.470960925075581 0.0014211951312286702 -4.627482096350798e-05 -8.045031929942534e-06 -4.627482096351e-05 0.001660977605958683 -1.882658470317685e-05 -8.045031929950195e-06 -1.8826584703165814e-05 0.001727403358963754
1657569149.5380201 -29.4798978886938 23.703926631225976 -0.4797644951016617 0.0003781344464664248 -6.098697949207551e-06 -1.573566441639708e-06 -6.098697949207969e-06 0.0004047007977840786 -1.9421004060112715e-06 -1.5735664416396477e-06 -1.942100406011511e-06 0.0004120384547003615
1657569149.7380202 -29.389906920962883 23.71334669653515 -0.4879606301267307 0.0005312677285946301 -4.082733315619929e-06 -6.85302650230004e-07 -4.082733315620537e-06 0.0005458705498094184 -1.3146805846039654e-06 -6.853026502301692e-07 -1.3146805846036986e-06 0.0005495771119021173
1657569149.9380202 -29.344624624198286 23.715432206888355 -0.49370596439248965 0.00028460853907044773 -1.6946457360687985e-06 1.5105946863906878e-08 -1.6946457360692517e-06 0.00028543828372868047 -2.416657054677379e-07 1.5105946863883036e-08 -2.4166570546769814e-07 0.000285266181891417
1657569150.1380203 -29.33245957402912 23.714347291996532 -0.49639478815256394 0.0004801821796342036 -1.4566183270903465e-06 4.084341624240909e-08 -1.4566183270931135e-06 0.0004801716024968311 -1.3377373242153404e-07 4.084341624235999e-08 -1.3377373242149016e-07 0.00047978593611199786
1657569150.3380203 -29.331023502077343 23.71303848959828 -0.49711387378642236 0.00027811867447328473 -1.4864215115477737e-06 1.4565248092008247e-08 -1.4864215115477632e-06 0.00027661099887797675 -2.3828494980429683e-08 1.456524809203473e-08 -2.3828494980444374e-08 0.0002758259872517417
1657569150.5380204 -29.328282194688228 23.713077603977844 -0.49696457669621497 0.0004764500004056672 -1.400998385596161e-06 6.104779683022994e-09 -1.4009983855973482e-06 0.00047499077913928434 -1.403558994561105e-08 6.104779682902198e-09 -1.4035589945567304e-08 0.00047422390502633037
1657569150.7380204 -29.32625359160265 23.713988932663256 -0.496734989432861 0.0002778143765312544 -1.52723067301333e-06 8.272154737690388e-09 -1.5272306730128672e-06 0.00027609934640701004 -1.0096467342350286e-08 8.272154737682239e-09 -1.009646734235131e-08 0.00027522759694074164
1657569150.9380205 -29.32593609017514 23.71507656955762 -0.49673501750679716 0.0004765032368090035 -1.4461621447329763e-06 1.2992694418463194e-08 -1.4461621447317519e-06 0.00047490899046271663 -2.213948328787746e-09 1.2992694418404675e-08 -2.2139483287263755e-09 0.0004740546868321426
1657569151.1380205 -29.3258740796851 23.71561748038545 -0.496715447172868 0.00027759476725138584 -1.5809445625240284e-06 1.4955815232815055e-08 -1.5809445625241229e-06 0.0002758662365160815 -1.8987061687493232e-09 1.4955815232817903e-08 -1.8987061687538702e-09 0.00027491899243903045
1657569151.3380206 -29.325399052089928 23.715494422971787 -0.49659206400549283 0.00047625640901841147 -1.416373417350781e-06 2.305441771924389e-08 -1.416373417355978e-06 0.0004746119882462654 -1.2565429656640906e-08 2.305441771932743e-08 -1.256542965664198e-08 0.00047379441190904066
1657569151.5380206 -29.325061020909153 23.71533123282126 -0.4965304176084752 0.0002776833871570034 -1.532604297136896e-06 2.4946326658549828e-08 -1.5326042971370455e-06 0.00027590988722862544 -1.5144501231488424e-08 2.4946326658552614e-08 -1.514450123149199e-08 0.00027502436051341
1657569151.7380207 -29.32510479410821 23.7154180976747 -0.49658258795331583 0.0004761343040441576 -1.3778039762789851e-06 9.039638040456367e-09 -1.37780397627588e-06 0.00047452141161298934 -4.057016146418571e-09 9.039638040490707e-09 -4.057016146437303e-09 0.0004737308325679316
1657569151.9380207 -29.325274950764474 23.715567383903956 -0.49663679399652355 0.0002776980821694925 -1.4905897085604924e-06 6.761567526744576e-09 -1.4905897085601726e-06 0.00027596694516960317 -2.9286999432972236e-09 6.76156752673707e-09 -2.928699943297295e-09 0.0002751095436463461
1657569152.1380208 -29.325371192258178 23.715640812927994 -0.496644775134247 0.00047606482120109215 -1.3934654117061138e-06 8.366421485091721e-09 -1.3934654117058381e-06 0.0004744616739102279 -3.5363530008768936e-09 8.366421485079186e-09 -3.5363530008582712e-09 0.0004736459592965397
1657569152.3380208 -29.325310934849142 23.71560282007687 -0.4966522644875684 0.00027780513701608267 -1.5146813774383935e-06 8.216688257854797e-09 -1.5146813774391323e-06 0.00027607787801833166 -3.8167892388129465e-09 8.216688257857297e-09 -3.816789238813713e-09 0.00027518716039577157
1657569152.5380208 -29.325132132531277 23.71549672739398 -0.49667950568145325 0.00047606699392086383 -1.3993756216166233e-06 -1.12390318086138e-09 -1.3993756216204136e-06 0.0004744791539902017 -3.6742432504320068e-09 -1.1239031809308364e-09 -3.674243250434786e-09 0.00047366141993792217
1657569152.738021 -29.325015397572376 23.71545431843133 -0.496706505460303 0.000277834641709231 -1.5159342340155944e-06 -2.570369598613818e-09 -1.5159342340152985e-06 0.0002761224095551538 -4.069662983973855e-09 -2.570369598612149e-09 -4.069662983972281e-09 0.0002752363216868456
1657569152.938021 -29.325058996318614 23.71551551952354 -0.49672467958650707 0.0004761346542917149 -1.3386722913521835e-06 2.037735774641931e-08 -1.3386722913491878e-06 0.0004745670157939381 -1.197175640030876e-08 2.0377357746370836e-08 -1.1971756400343142e-08 0.000473803769887032
1657569153.138021 -29.3252386751693 23.71559725722334 -0.49674381682276236 0.0002776847907383843 -1.4450808156826174e-06 2.490322481892491e-08 -1.4450808156827586e-06 0.0002759890929763438 -1.4025267744137965e-08 2.490322481893382e-08 -1.402526774414691e-08 0.0002751672758447771
1657569153.338021 -29.32536704063067 23.715639070373857 -0.49677229511597715 0.00047658383195584654 -1.4391089877273019e-06 1.9591108331637325e-08 -1.4391089877261916e-06 0.00047495800108508085 -1.3630742146804225e-08 1.9591108331669807e-08 -1.363074214682829e-08 0.00047412892820214355
1657569153.538021 -29.32507522970525 23.71561914500047 -0.49681340177654565 0.00027755657378762005 -1.579465103635623e-06 2.0211610855596573e-08 -1.5794651036350172e-06 0.00027578714238860936 -1.4228176195262426e-08 2.021161085560884e-08 -1.422817619526716e-08 0.00027487595169152257
1657569153.7380211 -29.32461247168345 23.71549374456973 -0.49684120327660397 0.000476694854260195 -1.5459647660354055e-06 2.137891865969599e-08 -1.5459647660371758e-06 0.0004750560436741147 -8.822693773519724e-09 2.1378918659601016e-08 -8.822693773489549e-09 0.0004741582853991885
1657569153.9380212 -29.32498781321248 23.715198173035166 -0.4968005622870168 0.0002777696019745287 -1.6916708990643127e-06 2.5789463743898668e-08 -1.691670899063798e-06 0.0002760405375186578 -8.287178198416666e-09 2.5789463743889867e-08 -8.287178198409997e-09 0.00027506362097878096
1657569154.1380212 -29.32547298908711 23.71502908841622 -0.49677845351660993 0.00047708311421086315 -1.5411165524217395e-06 5.946053165875805e-08 -1.5411165524191679e-06 0.0004760521283157827 -9.782239967743159e-09 5.9460531658723605e-08 -9.782239967714312e-09 0.0004752079039154571
1657569154.3380213 -29.323209419459626 23.715693867637697 -0.4970149320513558 0.0002792435554864865 -1.701090578746506e-06 1.0015570747750521e-07 -1.7010905787461583e-06 0.00027867283936462467 -1.2482834444491421e-08 1.0015570747752181e-07 -1.2482834444489107e-08 0.0002777871982198306
1657569154.5380213 -29.32131983120169 23.716304219766926 -0.4972106253619558 0.0004852602248150308 -1.8579599404700709e-06 4.023373362638173e-07 -1.8579599404697261e-06 0.000489494136374698 -2.7111279826727152e-08 4.0233733626370096e-07 -2.7111279826666113e-08 0.0004888127471731476
1657569154.7380214 -29.33018050138239 23.714118567064276 -0.4964841708049308 0.00029881833166470727 -2.3379945300407628e-06 6.947794528596866e-07 -2.3379945300403947e-06 0.00030691594537745996 -5.158072329390751e-08 6.947794528596799e-07 -5.158072329398679e-08 0.0003062835307619683
1657569154.9380214 -29.337761077067942 23.71223268281019 -0.4958629456125601 0.0005991576352173035 -3.777800350277846e-06 2.6727138159963353e-06 -3.7778003502762825e-06 0.0006362600026145408 -1.1527786668909379e-07 2.672713815996261e-06 -1.1527786668834286e-07 0.0006366129760324547
1657569155.1380215 -29.30323537519491 23.720846568286593 -0.4985312673931231 0.000600787741046843 -7.664989145345516e-06 5.4430637078533825e-06 -7.664989145345341e-06 0.00067402681149384 -1.8226514170180373e-07 5.443063707853478e-06 -1.8226514170272445e-07 0.0006750380765210219
1657569155.3380215 -29.20751245931273 23.744322874231973 -0.5055913729132392 0.006484278237696315 -0.00010108386671549748 9.251709905671684e-05 -0.00010108386671549738 0.007765359838708962 -7.402218104084077e-07 9.251709905671679e-05 -7.402218104096118e-07 0.0077958429430712295
1657569155.5380216 -29.06190256963488 23.77941586363948 -0.515638741376727 0.013669577890887815 -0.0002672448664298084 0.0002328756777478501 -0.0002672448664298139 0.016868399605556774 2.821834424313512e-06 0.0002328756777478503 2.8218344243110468e-06 0.01693721347616905
1657569155.7380216 -28.879723172688742 23.82242011046866 -0.5271988102997313 0.015461591603327328 -0.00032561099111492374 0.00026639213896153803 -0.00032561099111492493 0.01906067831380081 7.91367151848554e-06 0.0002663921389615376 7.913671518485612e-06 0.01913439585833928
1657569155.9380217 -28.674327171679778 23.869714668235645 -0.5388996235534553 0.009926267186656033 -0.00019983293165567879 0.0001531724982018165 -0.0001998329316556791 0.01193072851852492 6.833365560058573e-06 0.00015317249820181642 6.833365560059235e-06 0.011978411828859803
1657569156.1380217 -28.459118336788375 23.917833155492087 -0.5494820145924659 0.0019926155890491785 -3.493614631600576e-05 2.428026200267319e-05 -3.493614631600582e-05 0.002291588164610381 1.2730606371460818e-06 2.4280262002673207e-05 1.2730606371472753e-06 0.002301799157997939
1657569156.3380218 -28.247387326047445 23.96363214915822 -0.557841801252744 0.0009593476396550321 -1.4743822336202174e-05 9.192500633485528e-06 -1.4743822336201952e-05 0.0010689368190943082 2.719088146466047e-07 9.192500633485315e-06 2.7190881464624457e-07 0.0010745433084683553
1657569156.5380218 -28.04513607743497 24.00553610335781 -0.5637397305375234 0.008321662042202879 -0.00011809266734132408 7.780860722390532e-05 -0.00011809266734131253 0.009331604015806594 -1.3430088360319151e-06 7.780860722390531e-05 -1.3430088360317518e-06 0.009394649566023133
1657569156.7380219 -27.84864747271486 24.0425522351539 -0.5677296957704798 0.01493945125977758 -0.0002378601217692164 0.00014326142865799877 -0.00023786012176922554 0.016931150517357548 -6.535765718415563e-06 0.0001432614286580024 -6.535765718416365e-06 0.017040426698244564
1657569156.938022 -27.653577677034967 24.073439085804555 -0.570405308388245 0.014665283331196786 -0.00025250548268773417 0.00013877853772673805 -0.00025250548268761393 0.016662939638403828 -8.151337306140962e-06 0.00013877853772673488 -8.151337306137986e-06 0.016759741816741842
1657569157.138022 -27.45565630468672 24.0967119253584 -0.5723776630910028 0.008084452771753245 -0.00012360212924113572 6.501833694814652e-05 -0.00012360212924113388 0.008999188065600417 -6.37324103452138e-06 6.501833694814633e-05 -6.3732410345253135e-06 0.009050432647831268
1657569157.338022 -27.250722366873543 24.110573933934454 -0.5742865077692638 0.0013373002569818974 -1.4027188094667854e-05 6.994984703672729e-06 -1.4027188094666983e-05 0.0014216517348441496 -1.79644508174632e-06 6.994984703669972e-06 -1.7964450817407524e-06 0.001429216757516212
1657569157.538022 -27.034957324803347 24.113076580655523 -0.5767631603934401 0.00035079182258961967 -2.371392077260866e-06 1.0774100818167842e-06 -2.371392077262079e-06 0.00036047229527305934 -5.804069140648465e-07 1.0774100818167832e-06 -5.804069140646595e-07 0.000362000290997942
1657569157.738022 -26.811309048355078 24.10558523840057 -0.579455055842396 0.0005370414998614913 -2.623516116830631e-06 1.4143607714490014e-06 -2.6235161168288937e-06 0.0005522489491498761 -5.93862434755559e-07 1.414360771449327e-06 -5.938624347560323e-07 0.0005540299212209536
1657569157.9380221 -26.590601518009912 24.091244731544993 -0.5812753861987473 0.0002982371326318912 -1.5874413929877387e-06 6.903461999906185e-07 -1.587441392988366e-06 0.0003044261604700204 -3.3282887230340464e-07 6.903461999906304e-07 -3.3282887230344244e-07 0.0003049014647811091
1657569158.1380222 -26.373475615422493 24.0690615357643 -0.5822922632004116 0.0006031963770216963 -7.048448558895488e-07 2.403556648787394e-06 -7.048448558912654e-07 0.0006317149699746976 -7.669319232362331e-07 2.403556648787125e-06 -7.669319232361137e-07 0.0006333712919347768
1657569158.3380222 -26.14747471149475 24.031576502390482 -0.58421844118706 0.0005716689665429934 -3.633263930653956e-07 3.817617373803634e-06 -3.6332639306549275e-07 0.0006130952167811804 -1.1730206823535303e-06 3.81761737380364e-06 -1.1730206823534913e-06 0.0006151086531793448
1657569158.5380223 -25.90913128071265 23.975254893673057 -0.587879628194546 0.006050027131383691 3.4418250446222864e-05 6.376120908733467e-05 3.441825044622301e-05 0.006757492408746764 -1.7875844151834704e-05 6.376120908733454e-05 -1.787584415183518e-05 0.006808870761228827
1657569158.7380223 -25.667091176920227 23.903178319078336 -0.5928343823945903 0.012159196972558083 5.702601524249136e-05 0.00016568169335756195 5.702601524250138e-05 0.014048342697818246 -4.1696614178902494e-05 0.00016568169335756165 -4.169661417890188e-05 0.014176688071457076
1657569158.9380224 -25.43039461653909 23.819781350353523 -0.5984341645083497 0.012818453044616226 2.3029498658012054e-06 0.00019623057528987123 2.3029498657960856e-06 0.015114087152723684 -4.525342513576003e-05 0.00019623057528987038 -4.525342513575955e-05 0.01526340533030489
1657569159.5380225 -24.83490247661746 23.55866490079042 -0.6105695124851812 0.0003616094335899236 -3.4132958561105003e-06 2.144190431909936e-06 -3.4132958561113736e-06 0.0003794401037246734 -5.868076819377983e-07 2.1441904319100758e-06 -5.868076819376823e-07 0.0003804696304468597
1657569159.7380226 -24.6816362558536 23.482178381776247 -0.6125137891427721 0.0005303878570301168 -3.4998784622271032e-06 2.127934803166276e-06 -3.499878462225376e-06 0.0005495135011663991 -1.0889820776648473e-07 2.127934803166216e-06 -1.0889820776659311e-07 0.000549374008170889
1657569159.9380226 -24.513348823004563 23.404918456337587 -0.6179214064161951 0.0002763042783329324 -2.460340740606885e-06 7.746737986847698e-07 -2.4603407406073696e-06 0.00028156726770542926 1.6942055652324994e-07 7.746737986848046e-07 1.6942055652309795e-07 0.0002807942618124653
1657569160.1380227 -24.322097070722425 23.323384427168484 -0.6270353473897086 0.0004780329050178899 -2.791338652486531e-06 1.3079463026477852e-06 -2.791338652485757e-06 0.0004883733110478327 1.5421191252592893e-07 1.3079463026478136e-06 1.5421191252603703e-07 0.00048739877600313463
1657569160.3380227 -24.134241926993692 23.240784555263044 -0.6355167866519585 0.00027859311674966977 -1.9880673328168e-06 5.277258934876336e-07 -1.9880673328169672e-06 0.0002817073326021218 -4.727796354032843e-08 5.277258934876451e-07 -4.7277963540339185e-08 0.0002806169821612358
1657569160.5380228 -23.95981211892344 23.155294274870016 -0.6412375391617362 0.0004841511067920185 -1.918801503192859e-06 9.52146781594335e-07 -1.918801503188409e-06 0.0004924767441222888 -2.401244833052668e-07 9.521467815941737e-07 -2.401244833052532e-07 0.000491760008145085
1657569160.7380228 -23.78541190433618 23.05723467307464 -0.6448485960023782 0.00027039044809092614 -1.5890785612096786e-06 4.133853425507998e-07 -1.5890785612100693e-06 0.00027322609912492474 -3.3531345939144924e-07 4.133853425508433e-07 -3.353134593915404e-07 0.0002728842856337021
1657569160.9380229 -23.60311654431972 22.946852114562546 -0.6453324732586722 0.00047481467064343727 -1.5510500856574337e-06 8.916943956527109e-07 -1.5510500856571677e-06 0.0004831781379602403 -1.0958439807552656e-06 8.916943956526084e-07 -1.0958439807549836e-06 0.0004846326788900552
1657569161.138023 -23.413478565674982 22.838285736036642 -0.6392486214207056 0.00027846107956361685 -1.8400388548660544e-06 3.7526809456489254e-07 -1.8400388548664782e-06 0.0002813682860985571 -9.670366458122646e-07 3.752680945648584e-07 -9.670366458122894e-07 0.00028226007525148
1657569161.338023 -23.220448780606773 22.73486466723934 -0.6277057240346767 0.000484540958174381 -2.3518165877062237e-06 5.850327901638911e-07 -2.351816587702861e-06 0.0004936265785864045 -1.5292952198349776e-06 5.850327901637507e-07 -1.5292952198351616e-06 0.0004953895167931377
1657569161.538023 -23.031620964482123 22.625548471024164 -0.6179331043343048 0.0002705216433322187 -1.9018611186555696e-06 3.204685156958034e-07 -1.9018611186557172e-06 0.00027334900681094866 -6.646820914702471e-07 3.2046851569589556e-07 -6.646820914702651e-07 0.00027343333261733337
1657569161.738023 -22.849801816200657 22.507053779087457 -0.6129138302684422 0.0004744300668112724 -2.029841097523163e-06 6.470371234166022e-07 -2.029841097528457e-06 0.0004831139406180186 -6.428794571219545e-07 6.470371234166453e-07 -6.428794571220884e-07 0.00048376152748006346
1657569161.938023 -22.670987481409156 22.386707605223183 -0.6098600557939774 0.0002773316684625692 -1.8863996837798995e-06 3.0446304254776317e-07 -1.8863996837800029e-06 0.0002802301095977332 -1.3883420222772216e-07 3.0446304254780425e-07 -1.3883420222769175e-07 0.00027969208321112295
1657569162.1380231 -22.49192641427297 22.266939585499397 -0.6067130883554547 0.0004761028911247335 -1.967034128272027e-06 6.654024900603767e-07 -1.967034128271809e-06 0.0004847417123405428 -5.055376197748522e-08 6.654024900604908e-07 -5.0553761977542974e-08 0.0004840968032075461
1657569162.3380232 -22.311030772247772 22.143385180563655 -0.6031009491313849 0.0002774154830046225 -1.8188422545666646e-06 3.1317446120130106e-07 -1.8188422545664103e-06 0.0002804830121745931 -1.9706793263439333e-08 3.131744612013415e-07 -1.9706793263449222e-08 0.0002794604614571658
1657569162.5380232 -22.128433856628746 22.014201973147646 -0.599021434604388 0.00047619798216699496 -2.028486404427359e-06 6.289516173135352e-07 -2.028486404433657e-06 0.00048544602968370043 1.2574380858979565e-08 6.289516173134232e-07 1.2574380859142907e-08 0.00048458257269012064
1657569162.7380233 -21.946081618469083 21.881467848662993 -0.5947784444182735 0.0002773065308921829 -1.8243880781050706e-06 2.7514880954852604e-07 -1.8243880781053552e-06 0.0002804731090230054 -4.855282985698689e-09 2.751488095485266e-07 -4.855282985673923e-09 0.0002795290012158015
1657569162.9380233 -21.76660290405123 21.746361002855892 -0.5908081643420495 0.00047604724669589354 -2.0188010286716797e-06 6.406254723711707e-07 -2.018801028674983e-06 0.0004854901680271356 7.721478351863244e-09 6.406254723710048e-07 7.721478352118659e-09 0.0004846752953304668
1657569163.1380234 -21.593159497461013 21.608657602693178 -0.5877518293352869 0.00027752038255195676 -1.7992870161741872e-06 3.0638320445605604e-07 -1.7992870161742493e-06 0.0002807237835026918 -6.904254134213812e-09 3.0638320445597636e-07 -6.9042541341614816e-09 0.0002797323280280102
1657569163.3380234 -21.424775910634402 21.468017548107795 -0.5858625363026806 0.0004763285370413182 -1.8032601678434017e-06 6.412627042293993e-07 -1.8032601678417036e-06 0.0004854826557313136 3.142904538802594e-08 6.412627042293547e-07 3.142904538804672e-08 0.00048453966643655745
1657569163.5380235 -21.255001875940998 21.32414531724872 -0.5848815703601488 0.0002777550589610043 -1.8207233996302246e-06 3.014318302141798e-07 -1.8207233996312435e-06 0.0002810167180064199 2.4422081576451066e-08 3.0143183021415157e-07 2.442208157647289e-08 0.00027990644584001715
1657569163.7380235 -21.08031336140053 21.177688939456345 -0.5841521006631771 0.0004776026781456649 -1.8027118013125954e-06 7.248500961313011e-07 -1.8027118013204858e-06 0.00048766371248785956 -7.682430448945394e-09 7.248500961311679e-07 -7.68243044879699e-09 0.00048652410085513545
1657569163.9380236 -20.901000602732175 21.03100780344717 -0.5825612678658332 0.0002805454081317139 -1.917106100652509e-06 4.13053481468492e-07 -1.917106100652915e-06 0.000285176361611399 -5.078655784844257e-08 4.1305348146849904e-07 -5.0786557848408864e-08 0.000284010938905413
1657569164.1380236 -20.71928414058965 20.886264196072062 -0.5802312618219194 0.000494050372347102 -2.277716608260994e-06 1.1670358778053918e-06 -2.2777166082639184e-06 0.0005100839187480354 -5.450678281789091e-09 1.1670358778054896e-06 -5.450678282005e-09 0.0005089560301167952
1657569164.3380237 -20.539084025477106 20.74552733084565 -0.5788403432153282 0.0003197134958057436 -2.814702077470168e-06 1.175441351476034e-06 -2.814702077472085e-06 0.00033318811712623714 4.194718664149997e-08 1.1754413514759616e-06 4.19471866416256e-08 0.00033176296215480585
1657569164.5380237 -20.361884770799037 20.608893420830885 -0.5790735132492688 0.0007227703972332999 -6.457884149264683e-06 6.063501762602934e-06 -6.457884149276499e-06 0.0008088022949681727 3.4784545368184533e-07 6.0635017626036845e-06 3.4784545368132266e-07 0.0008077440961966113
1657569188.7385213 1.5171404010219658 17.705169538519915 -0.6361223056057391 0.0007174315772231213 -7.248208372467922e-05 -0.0005550172845105121 -7.248208285060232e-05 0.0010224003258254319 -0.00010462733610887424 -0.0005550172849141936 -0.00010462733417844616 0.0017243296096877013
1657569188.9385214 1.511384983886171 17.70400093525981 -0.6390356509462083 0.0007485603611577279 -8.796654543729286e-05 -0.0004951365011850018 -8.796654542111523e-05 0.0011499908565383223 -0.00011796702925982615 -0.0004951365011959326 -0.00011796702920949582 0.0021849833571034026
1657569189.1385214 1.5087443165709646 17.70348578298121 -0.6411003672643558 0.0003268566643685027 -4.189221734966932e-05 -0.00014263767895494458 -4.189221734914811e-05 0.0005031933879141575 -2.9431849436746135e-05 -0.0001426376789545258 -2.943184943449524e-05 0.0009990032951483522
1657569189.3385215 1.5090721740201551 17.703581761380608 -0.6416721805109965 0.0005060386085298188 -5.276605136729082e-05 -8.955493078180302e-05 -5.276605131268916e-05 0.0007013212777807442 1.2032714281029417e-05 -8.955493087847091e-05 1.2032714698072907e-05 0.0011444441954019773
1657569189.5385215 1.5098108464561215 17.703729155358545 -0.6414930065049983 0.0002790797402082291 -1.5153756888062974e-05 -7.951403987071924e-07 -1.5153756886840411e-05 0.00033862563903595133 2.1619125035171098e-05 -7.951403878600215e-07 2.1619124992563128e-05 0.0004457513888460622
1657569189.7385216 1.5098210842616038 17.703707344940373 -0.6413185883321121 0.00048144743875301794 -1.2704796319796576e-05 1.4435758490884023e-05 -1.2704796299791663e-05 0.0005403674203450924 3.319813178940589e-05 1.443575852619425e-05 3.31981316649269e-05 0.0006231414435745808
1657569189.9385216 1.5098198362781967 17.703746458798484 -0.6412609527358235 0.00027833954741487147 -2.5708415064385886e-06 9.137799581258298e-06 -2.5708415084735103e-06 0.0002993688100113044 1.5132897462094519e-05 9.13779957938147e-06 1.5132897468002902e-05 0.0003157916522960646
1657569190.1385217 1.5100940766370812 17.703890468834185 -0.6412469035852647 0.0004816919978774455 -1.1509818879208605e-06 1.3348969690701173e-05 -1.1509819159301305e-06 0.0005028799607350818 1.9000259157657202e-05 1.3348969667757266e-05 1.900025921745169e-05 0.0005186227477280754
1657569190.3385217 1.510240439782823 17.70389986682557 -0.6412299343783237 0.0002782040446602681 1.442626591386014e-07 6.251376136509731e-06 1.4426267307736289e-07 0.0002883961009054028 8.031485396342679e-06 6.2513761465316034e-06 8.031485372257726e-06 0.00029088884403941843
1657569190.5385218 1.5101368871581853 17.70373794936285 -0.6412347269821493 0.0004803090099892794 8.913873765296371e-07 7.726310504265288e-06 8.913873816049337e-07 0.0004902884348196281 7.567535045832786e-06 7.72631050684241e-06 7.567535037501003e-06 0.0004921615382551791
1657569190.7385218 1.5100678514451435 17.703657837574927 -0.6412353440390608 0.0002793372002351068 2.9477892473322524e-07 2.8701775575144263e-06 2.9477892324947376e-07 0.0002856477988683436 1.0253110411026622e-06 2.8701775572545324e-06 1.0253110434222024e-06 0.0002826221513586261
1657569190.9385219 1.5100585301862228 17.703852318795093 -0.6412162938301978 0.0004947586231843579 1.2764223541958996e-06 3.31544446143809e-06 1.2764223558796143e-06 0.0005004116192083998 -1.9753424320230085e-06 3.3154444603040556e-06 -1.975342434412908e-06 0.000500039408855308
1657569191.138522 1.5097934171530458 17.70440970292949 -0.6412801464951847 0.00031878497789203706 1.0906388827447107e-06 2.865324531892195e-06 1.090638882579161e-06 0.0003236979899842001 -2.766691978226856e-06 2.865324532176456e-06 -2.766691979874565e-06 0.00032731751541518626
1657569191.338522 1.5091946077363765 17.705294208402677 -0.6414831965104936 0.0007333345329154054 6.936711333277995e-06 1.1916692409996058e-05 6.936711336634451e-06 0.0007323907509126805 -4.977134900422856e-06 1.191669240659213e-05 -4.977134903762368e-06 0.000759426433366254
1657569222.7397187 30.78769817467159 9.285794320629185 -0.8153788701468011 0.00047730745313090303 2.6002955211997976e-05 2.196045032301712e-06 2.6002955211997417e-05 0.0005288318788882353 3.1009378989381736e-07 2.1960450322986114e-06 3.1009378988531055e-07 0.0005405409493311942
1657569222.9397187 30.987627008151378 9.2597236951404 -0.8425592562574262 0.0005664419530258757 1.4490136820859384e-05 2.517755382163642e-06 1.4490136820857407e-05 0.000596726103519174 -4.649227368020211e-07 2.517755382163256e-06 -4.6492273680312205e-07 0.0006021601277649304
1657569223.1397188 31.164704189914453 9.232401252371927 -0.8598107253235793 0.0003013411591430495 2.456563842119916e-06 6.312877845018663e-07 2.4565638421200053e-06 0.00030372369485925026 -3.246432018325236e-09 6.312877845019282e-07 -3.2464320185060777e-09 0.00030425040461116054
1657569223.3397188 31.30140284378326 9.20747011864846 -0.8671894169418146 0.000476795533646438 3.490553483798265e-06 3.752766348145118e-07 3.4905534837959946e-06 0.0004798126500342235 1.0187272484602513e-06 3.7527663481340847e-07 1.018727248458842e-06 0.0004810674409250173
1657569223.5397189 31.379814132084665 9.191289436851212 -0.8692301538923085 0.00028910084430651265 2.303340573877339e-06 5.584889475281809e-08 2.303340573877575e-06 0.00028930755464046196 7.983732532619603e-07 5.5848894752617525e-08 7.983732532614746e-07 0.0002899104094933538
1657569223.739719 31.404204607131188 9.186090569174505 -0.8697274726708075 0.0004697983537250018 1.8150866631514506e-06 -8.962826956115494e-08 1.815086663151702e-06 0.0004694375906585678 3.590924929361676e-07 -8.96282695609871e-08 3.59092492936276e-07 0.000469707554179713
1657569223.939719 31.4060058390113 9.187950994836983 -0.8702121206674472 0.0002877436749750749 6.559857979807699e-07 -1.0724837126631361e-07 6.55985797980676e-07 0.0002846813897536281 -4.052635077334358e-08 -1.0724837126625479e-07 -4.052635077342525e-08 0.00028463747380147236
1657569224.139719 31.405028698012483 9.192556129123924 -0.8708771006989492 0.0004687743965637756 4.945182756623378e-07 -6.66404692421652e-08 4.945182756620158e-07 0.00046578256971426056 -6.987546765412955e-08 -6.664046924247873e-08 -6.987546765412259e-08 0.0004657904436490661
1657569224.339719 31.40437065489048 9.196307960697126 -0.8713788647989057 0.000287567612763328 4.7587640028433473e-07 -6.768440838409112e-08 4.758764002842879e-07 0.0002841680332147845 -2.81807012714114e-08 -6.768440838409758e-08 -2.8180701271407088e-08 0.0002841597724554615
1657569224.539719 31.40457187987721 9.197846697724483 -0.8715784753844694 0.0004688289053093972 4.2191201425873796e-07 -6.631217850483624e-08 4.2191201425970093e-07 0.000465757294882179 -3.008323243836863e-08 -6.63121785054886e-08 -3.0083232438402734e-08 0.00046574965417746833
1657569224.7397192 31.404415740914832 9.1985839274504 -0.8716587503883767 0.0002871264954842097 4.627612436632052e-07 -8.949747172234365e-08 4.6276124366327286e-07 0.0002838434424904633 -1.262490138711352e-08 -8.949747172247187e-08 -1.2624901387118017e-08 0.0002837955124276616
1657569224.9397192 31.403640934154648 9.199317133257223 -0.8717413808860548 0.00046857747355216034 4.3883946611852897e-07 -5.945140044332952e-08 4.3883946611907023e-07 0.00046530154614799943 -1.65509906770947e-08 -5.945140044320294e-08 -1.655099067709346e-08 0.00046525019732388673
1657569225.1397192 31.403261545191672 9.19982084065288 -0.8718104521602268 0.0002878030671471779 4.889051848300828e-07 -7.863856576370446e-08 4.889051848303188e-07 0.000284264967113061 -1.061001391327765e-08 -7.863856576374535e-08 -1.0610013913269371e-08 0.0002842049447643723
1657569225.3397193 31.403602923917198 9.200008599098958 -0.8718513019600352 0.0004689392342746105 4.233676776377368e-07 -6.499408627351964e-08 4.2336767763819094e-07 0.0004657802964204989 -1.4838583186550168e-08 -6.499408627372902e-08 -1.483858318658168e-08 0.0004657180801770541
1657569225.5397193 31.404046009930983 9.200075491779074 -0.8718891704821815 0.0002884212505684484 4.6777152913208134e-07 -8.457906281599436e-08 4.6777152913162167e-07 0.00028503993931346897 -1.0674970095894041e-08 -8.457906281594029e-08 -1.0674970095901504e-08 0.0002849740999656605
1657569225.7397194 31.40424932580504 9.200138852867108 -0.8719369426736109 0.0004767527355530905 4.307496427517318e-07 -7.9021928302166e-08 4.3074964275054445e-07 0.00047344570481075177 -1.625135577345539e-08 -7.902192830234835e-08 -1.6251355773423586e-08 0.0004733800718337747
1657569225.9397194 31.404288368614772 9.200182713783777 -0.8719769651251535 0.0002813472332740673 4.802905487484438e-07 -9.938267984540906e-08 4.802905487481594e-07 0.00027778087235066587 -1.3039839676928803e-08 -9.938267984535915e-08 -1.3039839676932141e-08 0.0002777146791820146
1657569226.1397195 31.40425756399971 9.20019554043608 -0.8720030935298174 0.0004738215494981551 4.082446582707024e-07 -5.8739936632561956e-08 4.0824465827034355e-07 0.00047076112258783473 -1.2747812524696969e-08 -5.8739936632513444e-08 -1.2747812524694009e-08 0.0004706983301045007
1657569226.3397195 31.404239679770086 9.200183001232391 -0.8720270274780691 0.000281518367647654 4.5147300969865884e-07 -7.052002891473315e-08 4.514730096985664e-07 0.0002782583797561881 -9.178951286650996e-09 -7.052002891478627e-08 -9.178951286656106e-09 0.0002781972762122527
1657569226.5397196 31.40418858511378 9.200147408032592 -0.8720530505538069 0.00047354635841024737 3.984658758704758e-07 -5.010288622036491e-08 3.984658758712999e-07 0.000470473772225217 -1.5129366865309764e-08 -5.0102886220241985e-08 -1.512936686527206e-08 0.0004704096595211575
1657569226.7397196 31.403898305902494 9.200090195411914 -0.8720774636292954 0.0002820150776012917 4.4716189423504834e-07 -6.369217786157479e-08 4.4716189423523177e-07 0.0002786913663696145 -1.2911937525509185e-08 -6.369217786154355e-08 -1.2911937525491195e-08 0.0002786311273956068
1657569226.9397197 31.403275844309317 9.200013519248905 -0.872087476064685 0.0004744637675625514 4.4827414773836633e-07 -6.649098583196555e-08 4.4827414773743126e-07 0.00047116716918034187 -9.683869243075057e-09 -6.649098583191134e-08 -9.683869243093981e-09 0.00047110834255451625
1657569227.1397197 31.40240768017845 9.199917874052105 -0.8720580635833322 0.000281933202427783 5.062409307267507e-07 -8.067746447782695e-08 5.062409307266995e-07 0.0002783772254331233 -4.448935397612992e-09 -8.06774644778551e-08 -4.448935397617068e-09 0.00027834478877159077
1657569227.3397198 31.402248455598656 9.199914144419411 -0.8720410336519918 0.00047512921081392634 3.7198843271407595e-07 -2.4430074516536032e-08 3.719884327127937e-07 0.0004722240657105698 1.5743546550983646e-08 -2.4430074516705806e-08 1.5743546550900858e-08 0.00047235653709768507
1657569227.5397198 31.404703994304363 9.200201161116976 -0.8721627410874079 0.0002808580120841797 3.6916061101847225e-07 -3.634551450258655e-09 3.6916061101834885e-07 0.0002779355038419561 3.779498236570576e-08 -3.634551450337504e-09 3.7794982365712745e-08 0.00027825835090034484
1657569227.7397199 31.406429580142422 9.200368733853395 -0.8722573830723921 0.0004755200396009329 1.2930160895128818e-08 2.2048048382783686e-07 1.293016089330382e-08 0.00047382328452547995 1.5956089934901642e-07 2.2048048382771817e-07 1.5956089934890453e-07 0.00047529598811312906
1657569227.93972 31.397941725118283 9.199560786251608 -0.8719248813327372 0.0002812893285017344 -1.5013826688396758e-07 3.2034638105107363e-07 -1.5013826688355712e-07 0.00027988253780089904 2.292297202135725e-07 3.20346381051055e-07 2.2922972021355952e-07 0.0002820694311845154
1657569228.13972 31.393735145049398 9.199582422857583 -0.8723163415690619 0.00047599331428651085 -1.4469159646219352e-06 9.852035958063245e-07 -1.446915964622306e-06 0.0004780773641267995 5.393382976316173e-07 9.85203595806567e-07 5.393382976315925e-07 0.00048433124818991974
1657569228.33972 31.438830095145875 9.204095450624 -0.8761034397075221 0.0002815060125667491 -8.913034182695835e-07 7.339833465903271e-07 -8.913034182696748e-07 0.00028143128278585057 2.503929574880215e-07 7.339833465904982e-07 2.5039295748783024e-07 0.00028674942214436774
1657569228.53972 31.555020977876772 9.207876740419154 -0.8844161722013213 0.0004760422111250672 -4.86084579860154e-07 8.825515748505967e-07 -4.860845798606816e-07 0.00047672205117137666 -2.0979960193388362e-07 8.825515748508354e-07 -2.0979960193379363e-07 0.00048143470042425564
1657569228.73972 31.73120698379415 9.196280737604294 -0.8969570911298873 0.00028089246902531385 7.359338585463951e-07 7.142421442161526e-07 7.359338585461958e-07 0.0002814181890250837 -1.8535466234055296e-07 7.142421442161134e-07 -1.8535466234053014e-07 0.000282295838180513
1657569228.9397202 31.94468377285565 9.166329342085985 -0.913261329146635 0.0004756448341224806 1.1452447811637077e-07 1.6977211059651748e-06 1.14524478117026e-07 0.00048273377594454955 3.2496681432892467e-07 1.6977211059652754e-06 3.249668143289852e-07 0.00048395921793021403
1657569229.1397202 32.16218963574457 9.131200041392464 -0.9325362035660645 0.0002812772331950653 1.6109899989771114e-07 5.267237455287982e-07 1.610989998972978e-07 0.00028231197841868997 3.500954858398619e-07 5.267237455288668e-07 3.5009548583985733e-07 0.0002822538100063291
1657569229.3397202 32.37055993510893 9.099267545895874 -0.9514359831584672 0.0004756915821777194 -7.426250338992289e-07 1.4670478657188142e-06 -7.42625033899768e-07 0.00048329255672248064 -1.143469704784589e-08 1.4670478657186069e-06 -1.1434697048013969e-08 0.0004820820889909534
1657569229.5397203 32.58234565247782 9.070486938705606 -0.9632045329267447 0.0002809954753872998 -2.89159151347367e-07 5.132576400009526e-07 -2.8915915134729523e-07 0.00028269042856845394 -5.071022889583153e-07 5.132576400010937e-07 -5.071022889582544e-07 0.00028219716444319694
1657569229.7397203 32.80224244080783 9.041970012355184 -0.966547584610433 0.000475674505416079 -1.3927329155336228e-06 1.2994125576065892e-06 -1.3927329155323612e-06 0.00048288266416056944 -5.281272258950442e-07 1.2994125576065337e-06 -5.281272258948071e-07 0.0004824282454143124
1657569229.9397204 33.02319206848428 9.00901677215714 -0.9673032933029863 0.00028124147328867014 -2.9809189385658105e-07 5.430593369129747e-07 -2.980918938564929e-07 0.0002819958058843028 -2.0917590976385006e-07 5.430593369129129e-07 -2.0917590976383815e-07 0.0002819977362642543
1657569230.1397204 33.240967036110895 8.97071414791044 -0.9690315367823046 0.0004752108352933672 -1.2005260907697522e-06 1.360508234952857e-06 -1.2005260907697132e-06 0.00048203046252665667 -1.0175346639794298e-07 1.3605082349532396e-06 -1.017534663977252e-07 0.00048265777145361263
1657569230.3397205 33.45599444227242 8.930709814659812 -0.9718310277805043 0.0002807006851956963 -2.7541605122752346e-07 5.64566795219782e-07 -2.754160512274834e-07 0.0002816864517834468 3.5505901700880825e-08 5.645667952196766e-07 3.5505901700911855e-08 0.00028209697480091004
1657569230.5397205 33.668824720844505 8.889969702274977 -0.975320723665072 0.0004751895568231951 -1.1696217954310715e-06 1.418950132170187e-06 -1.1696217954321968e-06 0.0004813698097957061 1.4112303579511428e-07 1.4189501321695729e-06 1.4112303579489646e-07 0.0004818176913975009
1657569230.7397206 33.87972278612351 8.845791052561637 -0.9791011443796436 0.00028139448940002145 -2.534825153107141e-07 6.104221578344716e-07 -2.534825153106296e-07 0.0002820300858913129 3.212749614963495e-08 6.104221578345051e-07 3.2127496149678973e-08 0.0002822632922960928
1657569230.9397206 34.090282048011964 8.79750601657262 -0.9827253345622954 0.00047605318633504434 -1.2166485044157971e-06 1.6049787280763107e-06 -1.2166485044161682e-06 0.00048274148609973877 8.057105093301249e-08 1.6049787280762959e-06 8.05710509332868e-08 0.00048362469554017666
1657569231.1397207 34.303855692638805 8.747157781805498 -0.9856606780950764 0.0002840553570798763 -4.6251806967038383e-07 9.108931484383413e-07 -4.625180696704263e-07 0.0002863411999201427 2.6960050793161765e-08 9.10893148438232e-07 2.6960050793009415e-08 0.00028706990646718147
1657569231.3397207 34.520739533768534 8.694693006413113 -0.9877688392040511 0.0004921640285638444 -1.907489932928626e-06 2.578685781752864e-06 -1.9074899329290366e-06 0.0005049149983313156 2.3120941594773967e-07 2.578685781753361e-06 2.3120941594809487e-07 0.0005059881277644447
1657569231.5397208 34.737172059442955 8.637328098880438 -0.9894771537256162 0.0003260254045260759 -1.3588305306207017e-06 2.450364874158021e-06 -1.3588305306209266e-06 0.00033751289395850546 2.4849903405183384e-07 2.450364874157998e-06 2.484990340519529e-07 0.00033836711366645814
1657569231.7397208 34.95116799791185 8.574099810275236 -0.9910411434591737 0.0007336615371479223 -1.1909235810368037e-05 1.3992929658757859e-05 -1.1909235810368296e-05 0.0008164009285781614 1.9721738772820285e-06 1.3992929658758842e-05 1.9721738772819277e-06 0.0008201809994675675
1657569236.3408663 39.58021093293163 6.617809381414422 -1.0069886891682605 0.0004940503552516648 3.490236542437162e-05 -2.08479449555704e-06 3.4902365424371534e-05 0.0005376832741994717 1.1337290716731404e-06 -2.084794495558773e-06 1.1337290716699761e-06 0.000556385740407569
1657569236.5408664 39.785253427881116 6.528970305751983 -1.00635325072192 0.0005855265992517118 2.5226838486418785e-05 -1.4907402639585144e-06 2.5226838486419357e-05 0.0006149727880628883 8.327723539544612e-07 -1.4907402639593512e-06 8.327723539532077e-07 0.000628501327213013
1657569236.7408664 39.96395998255032 6.451691874784285 -1.005421199735342 0.0003384164909620693 8.31087057753093e-06 -5.841547978490543e-07 8.310870577531082e-06 0.0003455506011725688 2.8304494098400696e-07 -5.841547978490525e-07 2.830449409839985e-07 0.0003499694344344217
1657569236.9408665 40.11921342037694 6.384628856350023 -1.0041004678604402 0.0006497971081571007 1.8161196477588977e-05 -1.2229389722218615e-06 1.8161196477589326e-05 0.0006708696609219896 7.573010219082188e-07 -1.2229389722212203e-06 7.573010219093809e-07 0.0006807247168157332
1657569237.1408665 40.27974616257551 6.314501361201189 -1.0020062744510638 0.0006594080872708972 2.6342473210631073e-05 -1.9382358635649406e-06 2.634247321063158e-05 0.0006882985068861245 1.1418568203337902e-06 -1.9382358635647475e-06 1.1418568203341423e-06 0.0007024850673983457
1657569237.3408666 40.46117354009881 6.234051522680898 -0.9989583170842457 0.008052766695793707 0.0004916729023903044 -3.559708845372166e-05 0.0004916729023903047 0.008673743775265646 2.202123509044e-05 -3.559708845372061e-05 2.202123509044119e-05 0.008939096921607274
1657569237.5408666 40.660091797833616 6.144818385644054 -0.9951632766167948 0.020029769212004462 0.00160086053398789 -0.00011474311020338688 0.0016008605339878858 0.022081861579847935 7.152949277701117e-05 -0.00011474311020338789 7.152949277701104e-05 0.02294345884848518
1657569237.7408667 40.87185082224306 6.048948030044172 -0.9908937796327006 0.02932266450678728 0.0027754643929468184 -0.0001955836544895908 0.002775464392946821 0.032925492818851536 0.0001225812643599357 -0.0001955836544895911 0.000122581264359936 0.0344141667047315
1657569237.9408667 41.091819899999074 5.948625003274116 -0.9864633139534279 0.03027181182166632 0.0030433810330569634 -0.0002110324516891612 0.0030433810330569595 0.034268691743970583 0.0001340631289751076 -0.0002110324516891605 0.00013406312897510915 0.03589536480840892
1657569238.1408668 41.315388683615566 5.846077156716971 -0.9822227467611268 0.022221030570617847 0.002039051091443056 -0.00013993080261537702 0.0020390510914430546 0.024923134167575276 9.240949691686032e-05 -0.00013993080261537677 9.240949691686051e-05 0.0260096885747622
1657569238.3408668 41.53796979438887 5.74357707086975 -0.9785544995809283 0.010092586997743803 0.0006706960794469944 -4.581342731885584e-05 0.0006706960794469936 0.01098246209556808 3.3894718562231206e-05 -4.581342731885584e-05 3.389471856223114e-05 0.011340013838328035
1657569238.5408669 41.7549973583048 5.643442668297071 -0.9758645022734783 0.0014126063026336931 4.5801576592301984e-05 -2.9800280949849874e-06 4.5801576592301856e-05 0.0014677164548997346 3.3718332675668837e-06 -2.9800280949852326e-06 3.371833267566346e-06 0.0014925711175715873
1657569238.740867 41.962072431307746 5.547915776692042 -0.9745090627113379 0.00038811879504761906 5.518477034432132e-06 -2.3401545395491342e-07 5.5184770344321885e-06 0.00039261974504531063 7.039274774724839e-07 -2.3401545395502006e-07 7.039274774727396e-07 0.00039582291860927013
1657569238.940867 42.16032713036781 5.4552349265029205 -0.9735760088408766 0.0005286948774471843 6.956852305883611e-06 -2.979456177464737e-07 6.956852305883717e-06 0.0005346814721709891 7.423345825384092e-07 -2.9794561774641764e-07 7.423345825386076e-07 0.0005390053210017907
1657569239.140867 42.357837375841854 5.358856239513776 -0.9711701363321821 0.0002926531072229611 2.3733477248924954e-06 -1.3906732921614247e-07 2.3733477248925043e-06 0.00029251078290968153 3.2398368982455016e-07 -1.3906732921610864e-07 3.23983689824472e-07 0.0002944024585835165
1657569239.340867 42.559778995400045 5.257391534700231 -0.9668870416758139 0.000478189981807332 4.703085240452452e-06 -3.12309653814221e-07 4.703085240452377e-06 0.00048079637377549766 4.395773215213686e-07 -3.1230965381416445e-07 4.395773215213744e-07 0.000484583296889492
1657569239.540867 42.767025118796234 5.15618839638478 -0.9621082512321086 0.000286150927955846 2.010720917572372e-06 -2.3558984093862027e-07 2.010720917572337e-06 0.00028525118750941764 1.4335592533190668e-07 -2.3558984093861376e-07 1.4335592533191764e-07 0.00028729541971861633
1657569239.7408671 42.976297215672204 5.056895309544681 -0.9580398455095274 0.00047447707134587566 4.550417038769825e-06 -4.30106772993701e-07 4.550417038769906e-06 0.0004775556300788829 2.394222622239135e-07 -4.301067729936796e-07 2.3942226222388575e-07 0.0004815584182402707
1657569239.9408672 43.179608903856305 4.9561760431540085 -0.9555969934310267 0.00028550987776296115 1.9063252102888948e-06 -1.853176814110196e-07 1.9063252102888946e-06 0.0002846679973451066 1.0533725101920119e-07 -1.8531768141101853e-07 1.0533725101918885e-07 0.000286841657391151
1657569240.1408672 43.374506402784135 4.854686797678536 -0.955412538399022 0.0004743721366489049 4.302465447477377e-06 -2.111733385384537e-07 4.302465447477402e-06 0.0004764849105658397 3.0102056465529747e-07 -2.111733385385113e-07 3.0102056465515363e-07 0.0004807201122268925
1657569240.3408673 43.56574617985708 4.758175353965292 -0.9578073062121442 0.0002855924081354629 1.8182813901208992e-06 -7.290823726756927e-09 1.8182813901208873e-06 0.0002843610765215189 3.0824352075862084e-07 -7.290823726783781e-09 3.0824352075857494e-07 0.00028655166671342136
1657569240.5408673 43.75341327747205 4.667372207223053 -0.961287812266529 0.00047409296826985407 3.881452937098943e-06 4.7940742037702994e-08 3.881452937099014e-06 0.00047593994405007014 5.253313044104703e-07 4.7940742037649836e-08 5.253313044104118e-07 0.0004797410966251033
1657569240.7408674 43.931013861016474 4.576725593114176 -0.9620838835220832 0.0002844704172264863 1.6139237379994628e-06 -4.7652400775494104e-08 1.613923737999408e-06 0.00028275851915633303 3.157156059674199e-07 -4.765240077547469e-08 3.157156059674408e-07 0.0002846908594193732
1657569240.9408674 44.08679336798217 4.4910431321658395 -0.9592510277914871 0.0004662371985520834 3.6164064628138692e-06 -1.9740988647130496e-07 3.616406462813662e-06 0.00046672006270055704 3.7468502876751555e-07 -1.9740988647109027e-07 3.746850287675565e-07 0.0004703587793953703
1657569241.1408675 44.20319683707569 4.428217135866971 -0.9553284792621061 0.0002924592588232187 1.3505498817757444e-06 -1.550954457671317e-07 1.3505498817757575e-06 0.0002902999881121239 6.943260790747542e-08 -1.5509544576714998e-07 6.94326079074871e-08 0.0002918780198468886
1657569241.3408675 44.27211105829413 4.394937533033938 -0.9525614170643213 0.0004739879765405149 1.3589922970145814e-06 -2.694886898032424e-07 1.3589922970145562e-06 0.00047244606461701146 6.318483777374078e-09 -2.694886898031931e-07 6.318483777358152e-09 0.00047391472956120927
1657569241.5408676 44.297877758430474 4.3830640225089565 -0.9523904020600469 0.00028415509924241736 4.5551225053521e-07 -2.1968044975906403e-07 4.5551225053522333e-07 0.000281629815718349 -6.024872010280325e-09 -2.196804497590833e-07 -6.024872010332577e-09 0.00028206772786817675
1657569241.7408676 44.29471446039575 4.383169757383166 -0.9544768085981995 0.0004640787397858997 4.1641862361228544e-07 -1.9966405729581758e-07 4.164186236123409e-07 0.000461696331188563 -1.2755400978442078e-08 -1.996640572958145e-07 -1.2755400978408165e-08 0.0004620662746058759
1657569241.9408677 44.28788608675673 4.385438786237801 -0.9563497426083092 0.00029115649750815917 4.903337934617208e-08 -8.156839599305965e-08 4.903337934616914e-08 0.0002877782664332145 -9.969423892698779e-09 -8.156839599306974e-08 -9.969423892696033e-09 0.00028788526960727475
1657569242.1408677 44.28870563175476 4.385249809435129 -0.9568609852452002 0.00046548662250881276 4.573296502895456e-08 -6.188980446611815e-08 4.5732965028929744e-08 0.00046280240153567293 -7.562959591035607e-09 -6.188980446615194e-08 -7.562959591050438e-09 0.0004628785176606188
1657569242.3408678 44.29045440470886 4.384537145175496 -0.9567460862787486 0.00029140788857175197 -2.469451692409046e-08 -3.2905417744894194e-08 -2.469451692412333e-08 0.0002884062008368762 -3.659640276564711e-09 -3.29054177448842e-08 -3.65964027656475e-09 0.00028842434505518046
1657569242.5408678 44.289792419479284 4.384410049776387 -0.956554229005851 0.0004730499128854418 -8.677712146685808e-08 -2.915929045564802e-08 -8.67771214668064e-08 0.00047016237883137685 -2.47587914321792e-09 -2.9159290455700407e-08 -2.475879143212174e-09 0.00047015627946841174
1657569242.7408679 44.28892373433906 4.3844178994841725 -0.9564299850971546 0.0002834134644756402 -1.0655704970173233e-07 -3.213321131817017e-08 -1.0655704970171416e-07 0.0002802692140972539 -1.1854611336671113e-09 -3.213321131816057e-08 -1.1854611336665389e-09 0.00028025269673676
1657569242.940868 44.28910557458402 4.384371645672285 -0.9564542786010521 0.0004637872718239847 -7.966520955706776e-08 -6.442349596739674e-08 -7.966520955697208e-08 0.0004605939407585131 4.886945054671004e-09 -6.442349596739468e-08 4.886945054674551e-09 0.00046060391917715433
1657569243.140868 44.289948947432464 4.38453313364556 -0.9566593607763797 0.0002908061867986751 -7.527073503001684e-08 -7.520744905563701e-08 -7.52707350300247e-08 0.00028731854049390327 1.3247967473446417e-08 -7.520744905563273e-08 1.324796747344045e-08 0.0002873515925164211
1657569243.340868 44.29031778354217 4.384663485063111 -0.9567923765429529 0.0004663288037523787 -2.4938698908222878e-08 -4.763233327417063e-08 -2.4938698908236774e-08 0.0004629605764134071 6.031305919592746e-08 -4.7632333274181167e-08 6.031305919591326e-08 0.0004630876295782122
1657569243.540868 44.28840127295998 4.383924757895113 -0.956292948632583 0.00029184631128480984 3.228066119330752e-08 -5.6828825613079005e-08 3.2280661193277e-08 0.0002882037696668511 9.763940855046117e-08 -5.682882561306316e-08 9.7639408550462e-08 0.00028844700374633473
1657569243.740868 44.28694944109869 4.383252239779745 -0.9559284391208205 0.00047419955346544195 4.1304223843583627e-07 -1.0245947398475207e-07 4.1304223843602145e-07 0.0004711107086906054 2.716595773983347e-07 -1.0245947398482475e-07 2.716595773983146e-07 0.00047204541994325604
1657569243.9408681 44.2948226480229 4.385340146184734 -0.9580096792978221 0.0002855047633763503 1.104465919279054e-06 -2.2402581275018045e-07 1.1044659192790877e-06 0.0002827715474330611 3.067539742755044e-07 -2.240258127502026e-07 3.0675397427550676e-07 0.00028413451919588297
1657569244.1408682 44.3340074425935 4.3773925584925815 -0.961382310916284 0.000475264118432723 4.495369045399943e-06 -6.652404401212253e-07 4.495369045399895e-06 0.0004756563407702511 6.163072099045733e-07 -6.652404401212309e-07 6.163072099045942e-07 0.0004793551927485277
1657569244.3408682 44.44122423534878 4.32742950535742 -0.9604669813067385 0.00028625757888207167 4.6488749918012865e-06 -6.354944743340918e-07 4.6488749918012585e-06 0.0002877423212606251 3.849091348905154e-07 -6.354944743340996e-07 3.8490913489050337e-07 0.00029084294071475835
1657569244.5408683 44.61585540499737 4.2295724966663935 -0.9537084116047242 0.00046783050504678193 5.941198674107612e-06 -6.884776118646123e-07 5.941198674108005e-06 0.00047263449026570427 3.4599424226407795e-07 -6.884776118646263e-07 3.4599424226411263e-07 0.0004760519225952803
1657569244.7408683 44.81049896546755 4.113180749096533 -0.9452853036017779 0.00029252876010525794 1.8752712350927664e-06 -2.717421545087105e-07 1.8752712350927745e-06 0.000292128204543972 6.883532049841887e-08 -2.7174215450873514e-07 6.883532049836449e-08 0.00029331929615324955
1657569244.9408684 45.00249998645143 3.997986503713254 -0.9376997611613613 0.0004767848575084744 4.381129104218887e-06 -3.645931638379578e-07 4.381129104218751e-06 0.00048064046710573376 1.0345146868385572e-07 -3.6459316383797334e-07 1.0345146868383723e-07 0.0004836807268997014
1657569245.1408684 45.20321195728013 3.888716656098918 -0.9309339519678952 0.0002847624319562253 1.7440380401541802e-06 -1.8411770326956883e-07 1.7440380401542081e-06 0.00028488567778977 2.162658227800083e-08 -1.8411770326954438e-07 2.162658227797851e-08 0.000286658991367082
1657569245.3408685 45.41356883353155 3.7839117222071033 -0.9253579090824783 0.00047442696643816855 4.0012729764870265e-06 -3.5258485347069e-07 4.001272976487323e-06 0.00047891694125387526 -1.3637681675653997e-08 -3.5258485347062837e-07 -1.3637681675625198e-08 0.00048241014642136045
1657569245.5408685 45.619533446089946 3.676197547290889 -0.9222723789844726 0.00028386530749415455 1.6670073934755109e-06 -1.8883654543856272e-07 1.6670073934754675e-06 0.0002834722991878981 -6.243853994238043e-08 -1.8883654543856682e-07 -6.243853994238031e-08 0.00028530254095976535
1657569245.7408686 45.81830549650779 3.5644295022195163 -0.9215169114206404 0.0004664089813387771 4.039920267248198e-06 -2.3754504988500776e-07 4.039920267248163e-06 0.00046997229420019516 -7.062119017482725e-08 -2.3754504988502576e-07 -7.062119017485592e-08 0.00047317280810704255
1657569245.9408686 46.022191353017334 3.4559936872991117 -0.9211988775266523 0.0002910387746827948 1.741609869080238e-06 -1.4054116198749173e-07 1.7416098690802298e-06 0.00029105492994300217 -7.253086996818262e-09 -1.4054116198749024e-07 -7.253086996825881e-09 0.000292380661125862
1657569246.1408687 46.23443125004674 3.3545035208512135 -0.9205854823146449 0.0004682606920659972 4.247239858831875e-06 -1.4462124776037643e-07 4.247239858831247e-06 0.00047227251880580293 4.5430703074999294e-08 -1.4462124776030017e-07 4.5430703075004886e-08 0.00047469736742289403
1657569246.3408687 46.4463981083386 3.258543847913224 -0.9205184969984956 0.0002913432655757839 1.8222762347596959e-06 -5.248820325404206e-08 1.822276234759691e-06 0.00029108409243877684 2.5775742462457224e-08 -5.248820325404871e-08 2.5775742462455017e-08 0.0002920646090552662
1657569246.7408688 46.8622919516063 3.0771404769425095 -0.9275498646004365 0.0002908843607971292 1.777308011741764e-06 -6.992007872033676e-08 1.7773080117418135e-06 0.0002907307667467638 -7.700759971729221e-08 -6.992007872034003e-08 -7.700759971729577e-08 0.00029159186511645325
1657569246.9408689 47.07443483753312 2.991672473594786 -0.9350068086072469 0.0004693088643952039 3.97284677098315e-06 -1.2523237803657918e-07 3.972846770983497e-06 0.0004733077772962826 -2.3421232340330956e-07 -1.2523237803645284e-07 -2.3421232340338614e-07 0.00047521593632613893
1657569247.140869 47.29590445102132 2.9136500288122877 -0.9395967560016931 0.00029273865039792797 1.6638697824183309e-06 -2.1803002595876693e-07 1.6638697824183188e-06 0.0002929853782932525 -1.5436635530690186e-07 -2.1803002595877773e-07 -1.5436635530690453e-07 0.00029387867149240624
1657569247.340869 47.52513181132784 2.8425220164861202 -0.9407754801477143 0.00048415312543357295 4.095281264132652e-06 -3.6396767965690385e-07 4.095281264132441e-06 0.0004899325357755874 -1.7484348702013418e-07 -3.6396767965688844e-07 -1.7484348702010223e-07 0.0004919635193967743
1657569247.540869 47.75263384745557 2.7721762013319857 -0.9437046037075606 0.00027828923028813224 1.5786937633245055e-06 -1.108553797075948e-07 1.5786937633245055e-06 0.00027847587405546633 -5.675794793726879e-08 -1.1085537970760106e-07 -5.675794793727177e-08 0.0002793463020498643
1657569247.740869 47.972371176698005 2.7001446194469465 -0.9513417210772945 0.00048024050753740885 4.042860036089383e-06 -7.081829276310747e-08 4.042860036089277e-06 0.0004852500701912128 -2.0501478646896316e-08 -7.081829276308618e-08 -2.050147864691906e-08 0.0004870875695163838
1657569247.940869 48.183114721003086 2.628579274546865 -0.9634566082644885 0.0002769355935129519 1.5284877651783202e-06 -2.383356777688983e-08 1.528487765178383e-06 0.0002769901199822574 -5.023389922288259e-08 -2.3833567776889574e-08 -5.023389922288614e-08 0.00027774283451660197
1657569248.1408691 48.38807603894343 2.5598451774788606 -0.9778140615315026 0.0004748741110505846 3.65352355767971e-06 5.884973227390907e-08 3.6535235576795877e-06 0.0004786665780967204 -1.83588392219097e-07 5.884973227379794e-08 -1.8358839221910281e-07 0.0004804885822748711
1657569248.3408692 48.595503810837855 2.4959110822055717 -0.9898549705735161 0.00028201601002343727 1.3990417456453751e-06 -8.21207780826471e-08 1.3990417456454065e-06 0.0002818378331513178 -8.222751788956444e-08 -8.212077808258189e-08 -8.222751788958764e-08 0.0002826581985305125
1657569248.5408692 48.80606112672241 2.436063422931991 -0.997741358266384 0.0004767968925159327 3.5041496039707524e-06 -6.935577970267632e-08 3.5041496039707392e-06 0.00048089206835611825 -7.576804468031043e-08 -6.935577970259559e-08 -7.576804468030112e-08 0.0004828069273446183
1657569248.7408693 49.010691191731155 2.3760795606468896 -1.002909755354235 0.00028458869303506814 1.450723960197609e-06 -8.29414349346466e-08 1.4507239601976084e-06 0.00028432399516257497 1.561341979823223e-08 -8.294143493459931e-08 1.5613419798192257e-08 0.0002852479961845902
1657569248.9408693 49.20916011241875 2.3136934592602185 -1.0068907550086308 0.0004928423444243022 3.933339431595324e-06 -1.4824358202205026e-07 3.933339431595162e-06 0.0004973613910164655 8.17363232491396e-08 -1.4824358202224727e-07 8.173632324908603e-08 0.0004993741979238219
1657569249.1408694 49.41291122418139 2.249206231330704 -1.0108061730543063 0.0002965330474577298 2.280882861875129e-06 -1.703726084703838e-07 2.2808828618750575e-06 0.0002976516057398593 6.247961488300938e-08 -1.7037260847037976e-07 6.247961488301703e-08 0.0002988070634513261
1657569249.3408694 49.62614799105605 2.183368201371702 -1.0146328630468444 0.0006115818027518689 9.947809713335515e-06 -2.9346351889091247e-07 9.947809713335415e-06 0.0006260799738811074 2.0928371968688427e-07 -2.9346351889095154e-07 2.092837196868088e-07 0.000630812252893578
1657569249.5408695 49.842802799221204 2.1171348171142523 -1.017006590412823 0.0005631370278525289 1.2601162887505787e-05 -5.114626062251472e-07 1.2601162887505804e-05 0.0005796408570733433 3.4111898224209714e-07 -5.114626062251483e-07 3.411189822420463e-07 0.0005856749653061576
1657569249.7408695 50.059105549141066 2.051169279315142 -1.017413224092281 0.006078793038737042 0.0001951575423185726 -8.47276325956966e-06 0.00019515754231857202 0.00639176524453057 6.035737576325859e-06 -8.472763259569501e-06 6.035737576326062e-06 0.006483104071971607
1657569249.9408696 50.27522100196657 1.9857830404040757 -1.0165415997471847 0.012311632443226177 0.0005175629796310635 -2.2481766937519084e-05 0.0005175629796310658 0.013145134993793581 1.628639817720634e-05 -2.2481766937519023e-05 1.628639817720678e-05 0.01338634196034625
1657569250.1408696 50.491591138612904 1.9212863252451866 -1.0152321560549487 0.013049437105840587 0.0006367097031090286 -2.526420279082299e-05 0.0006367097031090283 0.014068781900047001 2.0039024689023188e-05 -2.526420279082257e-05 2.003902468902361e-05 0.014363477867236286
1657569250.3408697 50.70866667355128 1.8580193795045734 -1.0144082693252994 0.007531176830449023 0.00033253031203182365 -1.1289978633490388e-05 0.00033253031203182306 0.008057437591578589 1.1118048208016312e-05 -1.1289978633488474e-05 1.1118048208019356e-05 0.008208515535205551
1657569250.5408697 50.92690409430806 1.7963536704749148 -1.0150775714161024 0.0012567492894940795 3.2132240282152326e-05 -8.456908135543541e-07 3.213224028215413e-05 0.0013033988618479037 1.1759462843489242e-06 -8.456908135567563e-07 1.1759462843460896e-06 0.001317626533586015
1657569250.7408698 51.146692150735 1.7366559067359517 -1.0182280991468704 0.0003593362077905927 4.133074425149269e-06 -6.08581204093212e-08 4.1330744251491965e-06 0.00036381103605538835 1.492961664038068e-07 -6.0858120409376e-08 1.4929616640378077e-07 0.0003656722156348444
1657569250.9408698 51.36601561744233 1.6783994379782294 -1.0230172171980059 0.0005156462245442771 5.706485143272174e-06 -1.0999742801107663e-08 5.706485143272352e-06 0.0005224113561041861 1.5841478989204505e-07 -1.0999742801076372e-08 1.5841478989208775e-07 0.0005250915908020832
1657569251.1408699 51.58002467377326 1.6201673138780948 -1.02739805842661 0.00029081786858947375 1.796262150571415e-06 -1.0613136139568295e-08 1.7962621505714599e-06 0.0002910730319547474 5.8380079604486875e-08 -1.0613136139585677e-08 5.838007960445285e-08 0.00029201241166249003
1657569251.34087 51.78852098962759 1.5618992071012976 -1.0311898635899481 0.00047580541984278574 3.791197277083568e-06 -5.691840470367929e-08 3.7911972770836093e-06 0.00047892870041042654 9.472407577511836e-08 -5.691840470352952e-08 9.472407577510768e-08 0.0004808085149802825
1657569251.54087 51.997311508937734 1.5051388486255606 -1.0363739732810546 0.0002867816453402853 1.4713415145400505e-06 -7.962912788640184e-08 1.4713415145399566e-06 0.0002860453615297681 4.1711306732921284e-08 -7.962912788641683e-08 4.171130673291251e-08 0.00028680262932841887
1657569251.74087 52.21068727014912 1.450110894887035 -1.0424065082286302 0.0004721932399858532 3.765394801295462e-06 -1.4190640324820963e-08 3.7653948012957615e-06 0.0004758300397131219 2.6340650067798575e-09 -1.4190640324822645e-08 2.6340650067561687e-09 0.00047758679512426483
1657569251.94087 52.43050386430367 1.395233692556441 -1.045436237328254 0.000286398791317462 1.623688161350165e-06 -1.030832736097035e-07 1.6236881613502108e-06 0.00028647464446441076 1.0244605862493939e-08 -1.0308327360968527e-07 1.0244605862492516e-08 0.0002872836870231879
1657569252.14087 52.65526920630971 1.3391483526300627 -1.0448283017692541 0.0004733303116766374 4.05261686548766e-06 -2.902515714953418e-07 4.052616865488036e-06 0.00047731897617448506 4.834005026654988e-08 -2.902515714955308e-07 4.8340050266575765e-08 0.0004793276618206991
1657569252.3408701 52.8795327105699 1.2808438991339426 -1.0441522475038216 0.00028612063434762126 1.6441204744193112e-06 -1.6617788641630262e-07 1.644120474419314e-06 0.00028575728139049617 2.9294454327640057e-08 -1.6617788641629004e-07 2.9294454327655617e-08 0.00028672929600839287
1657569252.5408702 53.09945408555004 1.2214940080981613 -1.045951666106688 0.0004741348456591351 4.1157426045048894e-06 -2.145434790501366e-07 4.1157426045049614e-06 0.0004776407878463368 1.0567806142035603e-07 -2.1454347905015863e-07 1.056780614203735e-07 0.0004798639350481624
1657569252.7408702 53.31357823640189 1.1647607257853285 -1.0512793648339689 0.0002854373933367089 1.5960724236028662e-06 -8.454759787113019e-08 1.5960724236028866e-06 0.00028487786318962986 5.145818664243083e-08 -8.454759787115454e-08 5.145818664243428e-08 0.000285818926728886
1657569252.9408703 53.52281510570855 1.1112455175623077 -1.059312945194326 0.00047457609303380195 3.7506145641909738e-06 -1.877054900229675e-08 3.750614564191151e-06 0.00047758206180231137 2.5091792917578123e-08 -1.8770549002403507e-08 2.5091792917633895e-08 0.00047960236100138144
1657569253.1408703 53.73089141616851 1.0576396100911307 -1.0671431514598044 0.0002845361223745643 1.4743689950161293e-06 -8.049989609215878e-08 1.4743689950161498e-06 0.0002838332686464604 1.7013827002631236e-08 -8.049989609219425e-08 1.70138270026295e-08 0.0002847511058692263
1657569253.3408704 53.93946911949416 1.0030420263780593 -1.0730380624032532 0.00047433452593389493 3.6612376081329882e-06 -3.755271266422334e-08 3.6612376081331e-06 0.00047713466201100015 -7.183866139314104e-09 -3.755271266412048e-08 -7.183866139323082e-09 0.0004791177577643351
1657569253.5408704 54.147431089063396 0.9498195237309974 -1.076719532918383 0.00028438725299721935 1.419726187487932e-06 -9.367908307820276e-08 1.4197261874878518e-06 0.0002836821145851868 5.386456611536567e-09 -9.367908307818692e-08 5.3864566115373855e-09 0.000284521932067284
1657569253.7408705 54.355185322583 0.898471568967363 -1.0785623207723922 0.0004740357269185898 3.5641116644240207e-06 -1.250458303276074e-07 3.564111664424495e-06 0.00047682960594552164 3.486787893003904e-08 -1.2504583032764909e-07 3.486787893007638e-08 0.0004787134076591819
1657569253.9408705 54.565321165425765 0.8469288537326816 -1.079529978366344 0.00028475844776809525 1.4528391965432606e-06 -9.215439542527691e-08 1.4528391965431594e-06 0.0002840677182860094 2.212350023670693e-08 -9.21543954252908e-08 2.212350023671309e-08 0.0002849195181210226
1657569254.1408706 54.778928163568956 0.7938043175221867 -1.0803546554827073 0.00047444916554133975 3.799387252195421e-06 -1.7150878066804096e-07 3.799387252195146e-06 0.00047760653143552254 5.537215132781128e-08 -1.7150878066809557e-07 5.537215132784378e-08 0.00047959270251080987
1657569254.3408706 54.995042928919375 0.738726022390321 -1.0814820745939768 0.00028437159755715833 1.5989214699680618e-06 -1.0467290689071447e-07 1.5989214699680792e-06 0.00028390466518135804 1.833210582121733e-08 -1.046729068907147e-07 1.8332105821214948e-08 0.00028483111360753347
1657569254.5408707 55.21269859073778 0.6823547893451832 -1.082777924648525 0.00047516633550522886 4.0185407018608615e-06 -1.358721170050898e-07 4.018540701861163e-06 0.0004783980210223931 5.5095168327665946e-08 -1.3587211700509293e-07 5.5095168327662545e-08 0.0004805466434395651
1657569254.7408707 55.43112059851102 0.6265267169356654 -1.0835066399904347 0.0002839394653440903 1.5915423065631993e-06 -6.84145421611029e-08 1.5915423065630472e-06 0.0002834592177162623 2.7337516803654015e-08 -6.84145421611061e-08 2.7337516803653923e-08 0.0002843733489742932
1657569254.9408708 55.64925199953626 0.5723921270844495 -1.0836900796899736 0.0004751321701573791 4.0243547249345565e-06 -1.9195124667147617e-07 4.024354724934845e-06 0.00047830280940952313 7.372030607816576e-08 -1.9195124667143602e-07 7.372030607816918e-08 0.0004804351909621316
1657569255.1408708 55.865787771414894 0.5202101725078271 -1.0844039825650689 0.00028402418697942675 1.5607546353905333e-06 -9.879835255536738e-08 1.5607546353904841e-06 0.0002833872131755285 2.7308336748975725e-08 -9.879835255536234e-08 2.7308336748976734e-08 0.0002842829930619604
1657569255.3408709 56.080838307658595 0.46978037942548867 -1.086106062423811 0.0004750716485898333 3.8387085643729955e-06 -1.3643473296921e-07 3.838708564373084e-06 0.0004781790792806191 5.587103332775195e-08 -1.3643473296918598e-07 5.587103332775911e-08 0.0004802073157512618
1657569255.540871 56.29637581286897 0.42040727298213393 -1.0884923351303883 0.00028396262112057144 1.5050166652604264e-06 -6.82777202419472e-08 1.5050166652604302e-06 0.0002833602394532387 2.495123300531928e-08 -6.827772024194596e-08 2.495123300532035e-08 0.0002842460461362426
1657569255.740871 56.513698900258035 0.37115247836226195 -1.0912024576952237 0.0004749815825209398 3.86820449249758e-06 -8.669602645858247e-08 3.868204492497296e-06 0.00047825568558439055 4.593170644970463e-08 -8.669602645857707e-08 4.5931706449695684e-08 0.0004803388646616466
1657569255.940871 56.733129394781876 0.32074263373638334 -1.0939037789855373 0.0002838792488029429 1.5609953984035367e-06 -5.387503755178504e-08 1.5609953984036531e-06 0.0002834165819467962 3.01561512799192e-08 -5.387503755178487e-08 3.015615127991789e-08 0.0002843892719758932
1657569256.140871 56.954466023017204 0.2697064978089614 -1.096351863317365 0.00047498109945736457 4.041503773240292e-06 -1.4388126483283212e-07 4.041503773240004e-06 0.0004784873960171395 5.287999331631262e-08 -1.4388126483295449e-07 5.28799933163181e-08 0.0004807014311191343
1657569256.340871 57.17694098179348 0.2206528498095213 -1.098419623801773 0.00028383131844331665 1.5897055151818806e-06 -1.096265448008514e-07 1.5897055151819414e-06 0.00028352348271797203 2.751611678148523e-08 -1.0962654480085718e-07 2.7516116781480244e-08 0.0002845015279248588
1657569256.5408711 57.3992297953997 0.17356255120035502 -1.1003474925710222 0.0004749546104213808 3.9360381476338065e-06 -1.4851815530358737e-07 3.936038147633635e-06 0.00047857632683297483 4.5008016005736994e-08 -1.4851815530355674e-07 4.500801600576667e-08 0.00048080101174074015
1657569256.7408712 57.61943488532347 0.12486971681670767 -1.1028413197721487 0.0002840735243490905 1.5194181696375096e-06 -7.856347310112023e-08 1.5194181696375394e-06 0.00028357152405322804 1.5844813841642993e-08 -7.856347310111422e-08 1.584481384164409e-08 0.0002846108295956339
1657569256.9408712 57.83705622331437 0.07433129299079293 -1.1061891294013562 0.0004750015451417524 3.880375001594075e-06 -1.0664251261214363e-07 3.880375001594037e-06 0.0004783196691140565 4.6202922329563634e-08 -1.0664251261212354e-07 4.620292232955204e-08 0.00048057094294139737
1657569257.1408713 58.053412217256074 0.025760580327242762 -1.1101729582131759 0.0002840284025388773 1.4690634241573232e-06 -5.479473227919702e-08 1.4690634241573325e-06 0.0002835332508481308 2.271100786779792e-08 -5.4794732279194887e-08 2.2711007867793542e-08 0.0002844902708315271
1657569257.3408713 58.26899535965552 -0.019994889523687918 -1.114456683954014 0.0004748732935897638 3.6551554985074633e-06 -3.879680777692946e-08 3.655155498507672e-06 0.0004783944584922455 1.6616620517831032e-08 -3.8796807776895543e-08 1.6616620517794417e-08 0.0004803407712429324
1657569257.5408714 58.48311707741331 -0.06636618770366055 -1.1185843597750302 0.00028376595054359534 1.4030573691908226e-06 -3.3545779875204536e-08 1.4030573691907984e-06 0.0002833629220366841 5.466609411253772e-10 -3.354577987520912e-08 5.466609411228585e-10 0.00028418412336330545
1657569257.7408714 58.695736169501856 -0.11526641023179919 -1.1223318648966616 0.00047497887717724624 3.5014216867542656e-06 -5.956397317824033e-08 3.5014216867541644e-06 0.0004783069522052438 3.2752588643776344e-08 -5.956397317826152e-08 3.275258864380481e-08 0.0004801251656007316
1657569257.9408715 58.907681783636136 -0.16695330383502002 -1.1257274676389422 0.0002839164976753915 1.34720867729987e-06 -5.978246378659034e-08 1.347208677299887e-06 0.000283270481623878 3.167605642248847e-08 -5.978246378659325e-08 3.167605642248882e-08 0.0002841197651883112
1657569258.1408715 59.118598864727815 -0.22326858946197814 -1.1287596365618955 0.0004749877302652084 3.5708361921670444e-06 -6.837329559706859e-08 3.570836192166829e-06 0.0004783193371325753 3.0354211868950507e-08 -6.837329559708726e-08 3.035421186896399e-08 0.0004802688464560977
1657569258.3408716 59.32638884973871 -0.2886137413232095 -1.1313020627705064 0.0002837362156671699 1.4617976414047142e-06 -6.123346166917492e-08 1.4617976414046903e-06 0.00028307887200766603 2.0552529454535056e-08 -6.12334616691802e-08 2.0552529454531185e-08 0.00028406632915792544
1657569258.5408716 59.52732043489164 -0.36267642647842663 -1.133145907262254 0.0004753478890198058 3.756193817739593e-06 -1.4920294772744678e-07 3.7561938177396826e-06 0.0004777227851623422 5.1957194242300527e-08 -1.4920294772742703e-07 5.195719424227193e-08 0.0004799680908920846
1657569258.7408717 59.71577418547817 -0.4393468399341364 -1.134007911317044 0.0002839218681354565 1.3296429400403013e-06 -1.128486503654895e-07 1.3296429400403197e-06 0.00028265981823507105 2.507658121529942e-08 -1.1284865036548002e-07 2.5076581215301643e-08 0.0002835433791952452
1657569258.9408717 59.87936869167705 -0.5105102433336384 -1.1340600345940521 0.00047531301879871426 3.3474741400640204e-06 -2.3388444347058972e-07 3.3474741400639357e-06 0.0004767040106563064 9.849816927809521e-08 -2.3388444347064403e-07 9.849816927800248e-08 0.0004787395150557568
1657569259.1408718 59.99778485667751 -0.5658493744050624 -1.1340607823178737 0.0002838195244263314 9.490004049521951e-07 -1.4061551998511776e-07 9.490004049521961e-07 0.00028215216149166095 4.071960008735734e-08 -1.4061551998513844e-07 4.07196000873606e-08 0.00028283714138823665
1657569259.3408718 60.064507263603076 -0.5995687051247384 -1.1344812491961853 0.00047362683446141945 1.0959876875315533e-06 -1.25752210159561e-07 1.0959876875314305e-06 0.00047234776682731835 5.132387124808871e-08 -1.2575221015961269e-07 5.132387124806764e-08 0.00047318731754126755
1657569259.5408719 60.091139112362896 -0.6123352886011948 -1.1353887451846496 0.0002832183457837681 2.2992095997491104e-07 -9.453844906904212e-08 2.2992095997499754e-07 0.0002805800416792945 4.460678110455365e-08 -9.453844906903644e-08 4.4606781104554554e-08 0.00028099690812851877
1657569259.740872 60.09369915585876 -0.6102608561929233 -1.1365811421738687 0.000473536883770522 2.1921004399769143e-07 -6.322087298938384e-08 2.1921004399763653e-07 0.0004708049464381616 3.742492261760521e-08 -6.322087298935209e-08 3.7424922617606167e-08 0.000471217680566119
1657569259.940872 60.09202487793889 -0.6054434861818031 -1.137557838289945 0.0002831090061679341 -2.106807100469382e-07 -3.810229944701899e-08 -2.1068071004692958e-07 0.0002797846438522439 6.167437025851677e-09 -3.810229944702571e-08 6.167437025851741e-09 0.0002798464998218394
1657569260.140872 60.09500967365831 -0.6042227647433689 -1.1380915533702063 0.00047311745721461047 -2.642158747917469e-07 -6.492330850835414e-08 -2.6421587479181713e-07 0.00047001451559941135 1.785501843322916e-08 -6.492330850835173e-08 1.7855018433251548e-08 0.00047002507006359685
1657569260.340872 60.09767023790123 -0.6048312255171091 -1.1383581635258095 0.00028314555000716086 -3.637497561937864e-07 -6.822070864655348e-08 -3.637497561938126e-07 0.000279721873074038 1.601640666478657e-08 -6.822070864655179e-08 1.6016406664781943e-08 0.00027968070926796747
1657569260.540872 60.09764341325449 -0.6057755713321339 -1.1385141467710165 0.0004724295372440404 -2.982869612708346e-07 -6.933601739622619e-08 -2.982869612708515e-07 0.0004696768207654066 1.8135538444920063e-08 -6.933601739619148e-08 1.8135538444880305e-08 0.00046964508580515685
1657569260.7408721 60.09695045980842 -0.6066645082274399 -1.1386516717909025 0.0002828342562925222 -3.166776109942364e-07 -7.486658742048598e-08 -3.1667761099423935e-07 0.00027989603445753504 1.9473913113808606e-08 -7.486658742049532e-08 1.9473913113805284e-08 0.00027986042113590837
1657569260.9408722 60.09674602625716 -0.6073029368354171 -1.1387908493725705 0.0004727511771644994 -3.005811052167823e-07 -4.3289933233262075e-08 -3.005811052167924e-07 0.00046973558128897023 1.1796831927161791e-08 -4.32899332332759e-08 1.1796831927180024e-08 0.00046968420646280773
1657569261.1408722 60.096734650611 -0.6076285927707438 -1.138866915139372 0.000283257233000877 -3.18394910375662e-07 -4.291817356682419e-08 -3.183949103756776e-07 0.00027995062649775727 1.1263104972656918e-08 -4.291817356680879e-08 1.1263104972655216e-08 0.00027989560204316917
1657569261.3408723 60.09671704934947 -0.6076394405525599 -1.1388904565237978 0.0004731128628855276 -2.7963036153967514e-07 -4.67020745807127e-08 -2.796303615396905e-07 0.0004699882336958589 -1.8393182220915212e-09 -4.670207458067099e-08 -1.8393182220865455e-09 0.0004699577678641254
1657569261.5408723 60.09673500071743 -0.6074113542766987 -1.1389692619035994 0.00028305790769923714 -2.8979161923967856e-07 -5.34797282847488e-08 -2.8979161923962567e-07 0.00027968166972242497 -3.267409229748448e-09 -5.347972828476038e-08 -3.267409229756649e-09 0.00027965745293319713
1657569261.7408724 60.0969364784607 -0.6073068822475874 -1.1390460981201875 0.000472818556274406 -2.672915164803984e-07 -9.879108011152045e-08 -2.6729151648003866e-07 0.00046990730689039156 7.033998803614619e-09 -9.879108011160083e-08 7.033998803629865e-09 0.00046991421169395326
1657569261.9408724 60.09754104233001 -0.6079997607801024 -1.1388601609962734 0.00028316073723159545 -2.3545805042750252e-07 -1.168545469302811e-07 -2.35458050427486e-07 0.00028013129854472256 1.0089407903211118e-08 -1.1685454693029416e-07 1.0089407903208569e-08 0.00028016896284429997
1657569262.1408725 60.097350436178814 -0.6085133224683934 -1.1387004034186348 0.00047373026954715375 1.8349275036666561e-07 -9.325369087312818e-08 1.834927503669322e-07 0.0004716316663423845 1.9636771920544027e-08 -9.325369087309599e-08 1.963677192055309e-08 0.0004718501796612261
1657569262.3408725 60.09398534838462 -0.6059999070577969 -1.1395634672390595 0.00028409948109204023 5.102998376440201e-07 -7.440260774088389e-08 5.102998376440336e-07 0.0002826464993104924 2.0929802379258065e-08 -7.440260774087833e-08 2.092980237925267e-08 0.00028304105162680503
1657569262.5408726 60.106482128342435 -0.6073229757726547 -1.1417443879364086 0.0004825388694940065 2.179627685966338e-06 2.291942000484608e-08 2.179627685966557e-06 0.00048571330396761066 3.8268714557583987e-08 2.2919420004805132e-08 3.82687145575621e-08 0.00048699116893136693
1657569262.7408726 60.17998445529412 -0.632009391484957 -1.144457986448971 0.0002758671794924997 1.6339334208272478e-06 1.1487428393823285e-07 1.6339334208272814e-06 0.0002780821570764094 4.025144630466726e-08 1.1487428393822859e-07 4.0251446304665606e-08 0.0002791937357610831
1657569262.9408727 60.32706235448915 -0.6897463322307952 -1.1465374797101753 0.00047307924525279155 2.035741751088366e-06 1.7452078530501973e-07 2.0357417510881022e-06 0.0004766949828134181 1.072470722292935e-07 1.7452078530502934e-07 1.0724707222933202e-07 0.00047819892227373567
1657569263.1408727 60.51674648470707 -0.7752603552767718 -1.146702838610431 0.00028383984916487 9.812803939115611e-07 -2.6165626902550263e-08 9.81280393911576e-07 0.00028293901482533086 1.4725122883610043e-07 -2.6165626902541565e-08 1.4725122883609156e-07 0.00028411537438857677
1657569263.3408728 60.724341797871475 -0.8764879861230751 -1.1452883072555862 0.000481028210629658 3.739868964731867e-06 8.010080032733998e-08 3.7398689647318335e-06 0.0004856587070981429 2.8756757381966924e-07 8.010080032731874e-08 2.8756757381971255e-07 0.0004887938070195927
1657569263.5408728 60.937151849937266 -0.9746326638240908 -1.1446950219403342 0.0002976711697535151 1.661316256776128e-06 5.186957433351733e-08 1.6613162567761657e-06 0.0002986255228998256 1.8734858845874522e-07 5.186957433353086e-08 1.8734858845873929e-07 0.0003003717638101391
1657569263.7408729 61.148840440233485 -1.063726724878653 -1.1458080849510082 0.0005571074361164653 5.9574520841667735e-06 2.6675144848519634e-07 5.95745208416688e-06 0.0005689746204431243 1.54255964685127e-07 2.6675144848513806e-07 1.5425596468514632e-07 0.0005725636338120995
1657569263.940873 61.36002503890534 -1.1543656110882372 -1.1475163734665372 0.0005019808924438131 6.214032022735341e-06 1.7945218995793395e-07 6.2140320227354165e-06 0.0005124765112976085 6.303027378309451e-08 1.794521899579498e-07 6.303027378305767e-08 0.0005158331099503467
1657569264.140873 61.57058649133584 -1.2520731826525222 -1.1492451196029763 0.003903101270793574 7.675501697522802e-05 4.099276759255945e-06 7.675501697522745e-05 0.004069143581916344 -1.0563358491289913e-07 4.099276759255883e-06 -1.0563358491287248e-07 0.004105276156626553
1657569264.340873 61.77892336812673 -1.3549790278163234 -1.1513984801034767 0.004663265460043395 0.0001217435545078392 6.987114454865291e-06 0.00012174355450783756 0.004939422638365924 -7.098081779479553e-07 6.987114454865362e-06 -7.09808177947945e-07 0.004992151822795552
1657569264.540873 61.98345770202699 -1.4605585814568778 -1.1544744864027108 0.0012325152216686645 2.988515137206904e-05 1.8463780399558291e-06 2.9885151372072604e-05 0.0013012784917640753 -1.671673695218953e-07 1.8463780399562003e-06 -1.6716736952241185e-07 0.001313871206615956
1657569264.740873 62.1828100346145 -1.566075727479469 -1.158969339949825 0.0006453298897440234 1.1767719839570585e-05 8.641370175790341e-07 1.1767719839570383e-05 0.0006709185335327825 -8.564373506434181e-08 8.641370175790019e-07 -8.564373506432613e-08 0.0006759366800917291
1657569264.9408731 62.37679536186106 -1.670665438326735 -1.16483436763132 0.004231013192198332 9.113425337421228e-05 7.31926993042481e-06 9.113425337420866e-05 0.004440651782905507 -1.5289485799330473e-06 7.319269930424667e-06 -1.5289485799330881e-06 0.004476822037748784
1657569265.1408732 62.56670205935508 -1.7759212645651472 -1.1715391373259039 0.004404604299245648 0.00010131126446250769 8.50343411110028e-06 0.00010131126446250782 0.004639831575942252 -2.2660287318724267e-06 8.503434111100121e-06 -2.266028731872535e-06 0.0046785631140412575
1657569265.3408732 62.75385126935751 -1.8836727314288757 -1.1784894174611187 0.0009910406224168374 1.5080082880172343e-05 1.2303987664123376e-06 1.5080082880169426e-05 0.001024055319540831 -3.451119146980253e-07 1.2303987664123628e-06 -3.451119146981436e-07 0.001029989403621912
1657569265.5408733 62.93948407607213 -1.9957639557959683 -1.1850536218376158 0.00034214566976804487 2.413881919566615e-06 1.7284196015273907e-07 2.413881919566588e-06 0.0003458854300650979 -5.703453878181792e-08 1.7284196015272694e-07 -5.703453878181977e-08 0.0003469815958974
1657569265.7408733 63.12463918639979 -2.1121340912596835 -1.1907632646160573 0.0005054814926989545 3.807913693088113e-06 3.2425348023242556e-07 3.807913693088107e-06 0.0005122618883332614 -1.253919523225758e-07 3.2425348023241015e-07 -1.2539195232256664e-07 0.0005139953190012627
1657569265.9408734 63.309915500975144 -2.230880838426282 -1.19499273105621 0.0002876916466148425 1.162809462524046e-06 8.30317963607191e-08 1.162809462524052e-06 0.0002882051936097524 -4.9723015266259946e-08 8.303179636071226e-08 -4.972301526625548e-08 0.00028891072752240465
1657569266.1408734 63.49343317343895 -2.351587573941829 -1.1978153159618545 0.0004763482585075378 2.937492254414343e-06 1.5042652552164347e-07 2.937492254415122e-06 0.0004814458894618173 -7.129683675164962e-08 1.5042652552164863e-07 -7.129683675160929e-08 0.000482804252818317
1657569266.3408735 63.67029617402828 -2.475841276501954 -1.2001125855949166 0.0002835706136276653 1.005375638302183e-06 3.8543524639612e-08 1.0053756383022555e-06 0.0002838393756773593 -7.20104807551596e-09 3.854352463962003e-08 -7.201048075516478e-09 0.00028448398283057217
1657569266.5408735 63.84022812403535 -2.6037127632452917 -1.2025993315665493 0.00047417971099748135 2.877753275818707e-06 1.8476301786225003e-07 2.8777532758190455e-06 0.0004784850000867472 -2.2411202595619738e-08 1.847630178622531e-07 -2.2411202595634733e-08 0.00048022037488074017
1657569266.7408736 64.00896455996933 -2.733798742130609 -1.205729435435569 0.00028345863556364267 1.077222548638555e-06 9.252317351226821e-08 1.0772225486385657e-06 0.0002835584423280533 3.3576729075210894e-08 9.252317351226004e-08 3.3576729075205686e-08 0.000284560612788335
1657569266.9408736 64.17807913679569 -2.868065165822332 -1.208862465159336 0.00047416009745692626 2.9106666090694286e-06 3.0579858699751275e-07 2.9106666090696564e-06 0.0004785033751128858 5.8688462277066195e-08 3.0579858699755976e-07 5.8688462277072515e-08 0.0004805699515369748
1657569267.1408737 64.34338230191157 -3.0124690563658487 -1.2099887012652242 0.00028351577208784936 1.1605905981111304e-06 1.391103279219096e-07 1.160590598111051e-06 0.00028354952740324864 8.01062716413734e-08 1.3911032792189772e-07 8.010627164137145e-08 0.0002848488860560819
1657569267.3408737 64.50399668251669 -3.1663756845015874 -1.2087188302605392 0.00047456707929773316 3.2944679319454414e-06 1.4552197767471682e-07 3.2944679319453123e-06 0.0004784600354504544 8.743437792856199e-08 1.455219776747903e-07 8.743437792852545e-08 0.00048148574037552725
1657569267.5408738 64.66407014692359 -3.320990349613208 -1.206851451397171 0.0002839066316166661 1.1112631677192182e-06 1.0858587163052433e-08 1.1112631677192514e-06 0.00028378256406832856 1.784614764509114e-08 1.0858587163051181e-08 1.7846147645074134e-08 0.00028529941811622066
1657569267.7408738 64.82415754592043 -3.4735301114229387 -1.2055517293860813 0.0004747050045834436 3.253011571670607e-06 6.592158904840747e-08 3.2530115716710265e-06 0.00047863194671181813 -4.830973418048804e-08 6.592158904847502e-08 -4.830973418049856e-08 0.0004812848932993828
1657569267.9408739 64.98004773846912 -3.6288822136595984 -1.2050331834921473 0.0002840788198017835 1.195476052276762e-06 -2.1141627425702204e-09 1.1954760522767578e-06 0.00028371382077064475 -4.209357661892265e-08 -2.1141627425669498e-09 -4.209357661892721e-08 0.0002850462659462358
1657569268.140874 65.13145289915803 -3.787943375101218 -1.2052737800106765 0.00047448604657577534 3.233819164510605e-06 1.864158174506683e-07 3.2338191645106274e-06 0.0004784964077753924 -8.040134774892393e-08 1.8641581745066932e-07 -8.040134774892436e-08 0.0004814775525845986
1657569268.340874 65.28372083587672 -3.946154425838286 -1.2061780617312887 0.00028376472357107734 1.100088716450324e-06 9.942965749726787e-08 1.1000887164503388e-06 0.00028380381878814634 2.5873501267938903e-09 9.942965749727736e-08 2.5873501267943212e-09 0.0002854964678074126
1657569268.540874 65.4373629770924 -4.102949481310404 -1.2072155341049726 0.00047484373023417 3.077267763898513e-06 3.440558094919894e-07 3.0772677638983786e-06 0.0004789962209527376 2.3657992388918685e-08 3.440558094920196e-07 2.3657992388916025e-08 0.000482262747058124
1657569268.740874 65.58667247544446 -4.262785318051919 -1.207276726591995 0.00028355246047219354 1.0789345905158253e-06 2.06686272208171e-07 1.078934590515832e-06 0.0002833590564033766 6.821208875180596e-08 2.0668627220816002e-07 6.821208875178038e-08 0.0002853068206136789
1657569268.940874 65.73160721961234 -4.4251154739133876 -1.2063847743516638 0.00047451718105687477 3.05327600168333e-06 3.026602882478471e-07 3.0532760016835905e-06 0.00047833060587972916 1.178005913191289e-07 3.026602882479094e-07 1.178005913191916e-07 0.0004826825348095147
1657569269.1408741 65.87989360909994 -4.583064027554742 -1.206036797795009 0.00028389464030799405 9.553333379507694e-07 1.410889551249895e-07 9.553333379507607e-07 0.0002838294332715035 7.399822993642962e-08 1.4108895512499392e-07 7.399822993640923e-08 0.00028618362906098193
1657569269.3408742 66.03305392363889 -4.736436894665896 -1.206542089348702 0.000474338576244571 2.71983439654171e-06 2.148939482564527e-07 2.7198343965417034e-06 0.0004789141535228624 6.289197647002946e-08 2.1489394825637627e-07 6.289197647005376e-08 0.00048216177828309866
1657569269.5408742 66.1843300109198 -4.893656246364837 -1.2065254681992177 0.0002833800649543715 9.976712739525716e-07 3.272520775859421e-08 9.976712739525202e-07 0.0002836523323239242 2.186450768321833e-08 3.272520775857786e-08 2.1864507683190255e-08 0.00028480421668625183
1657569269.7408743 66.33049718013928 -5.058207197718904 -1.2053273927252506 0.0004743243597579416 2.9534089615713015e-06 2.0485835644462124e-07 2.953408961571412e-06 0.00047904773720348177 -2.5673051746823425e-08 2.04858356444612e-07 -2.5673051746847413e-08 0.000480641031677717
1657569269.9408743 66.47339305722151 -5.227139873329903 -1.203336556571322 0.0002835711844311252 1.036465200966789e-06 6.062364561809447e-08 1.0364652009668495e-06 0.00028395745323068914 -2.44036470424214e-08 6.06236456180938e-08 -2.440364704242283e-08 0.0002844809728004174
1657569270.1408744 66.61495629488981 -5.397283273452938 -1.200709732123264 0.0004759044413340354 3.094946761411642e-06 1.150255347169996e-07 3.0949467614117257e-06 0.0004805314381648312 -1.7758219602038007e-07 1.1502553471708969e-07 -1.775821960202045e-07 0.0004822289507273511
1657569270.3408744 66.75660524275855 -5.565786870613299 -1.1972155409209386 0.00028678259518789075 1.1063501317368754e-06 1.955701273120289e-09 1.1063501317368038e-06 0.00028702938259111293 -1.8233178973528855e-07 1.9557012731394162e-09 -1.823317897352745e-07 0.00028823546457962924
1657569270.5408745 66.89294320677838 -5.727430362994829 -1.1932588231568237 0.0004920080150949596 3.396650276972142e-06 4.075475544391678e-08 3.3966502769724307e-06 0.0004977957854190564 -3.9486456313327403e-07 4.0754755443952124e-08 -3.948645631332572e-07 0.0005006446905616246
1657569270.7408745 67.01041741112779 -5.874050518894039 -1.19006823304265 0.00032770918680666777 2.0386790309617593e-06 6.060387113720907e-08 2.038679030961478e-06 0.000328585760488382 -4.69809306114397e-07 6.060387113733731e-08 -4.698093061143614e-07 0.00033149707774945557
1657569270.9408746 67.10664852217494 -6.005158064571314 -1.1879923701650008 0.0007255585978540032 1.6433326564734757e-05 1.1318572071396753e-06 1.6433326564733897e-05 0.0007511598532906289 -1.8982038613766332e-06 1.131857207139352e-06 -1.8982038613767673e-06 0.0007656223441636389
1657569277.938834 69.36446744095757 -9.149152951028526 -1.1828982468996991 0.0004999261504431282 -1.61797791371923e-05 2.2029579196377796e-06 -1.6179779137192703e-05 0.0004457530303988135 -1.7375012847806113e-06 2.2029579196361605e-06 -1.7375012847803508e-06 0.0005080929314626025
1657569278.138834 69.47137450059196 -9.341005055871372 -1.1800809862801238 0.0006163464204740401 -8.778234685920525e-06 7.932831267681205e-07 -8.778234685920743e-06 0.0005797612074866925 -1.584525644771179e-06 7.932831267686501e-07 -1.5845256447713163e-06 0.0006171132233527811
1657569278.338834 69.56863217588518 -9.536076295294327 -1.1760918807695389 0.00029035331898454405 -1.802350055657975e-06 1.387147690487762e-07 -1.802350055657968e-06 0.0002819421849622262 -3.290106333046897e-07 1.3871476904876437e-07 -3.2901063330466084e-07 0.0002880262507453605
1657569278.538834 69.65643261011193 -9.732238441637044 -1.1712613780493826 0.0005059638760094707 -3.4342753217164086e-06 4.281292261308041e-07 -3.434275321716563e-06 0.0004925932498806216 -4.413456253014039e-07 4.2812922613075807e-07 -4.4134562530135847e-07 0.0005048687873043093
1657569278.7388341 69.73667174738094 -9.926555399507734 -1.167029218568487 0.00027209889943882276 -1.6538627824262137e-06 2.3165106272981277e-07 -1.653862782426144e-06 0.00026558480798128325 -1.8269033510477753e-07 2.3165106272984155e-07 -1.8269033510479166e-07 0.00027012777507929024
1657569278.9388342 69.80956577263404 -10.11918441579798 -1.1639329279420012 0.0004884343478766473 -2.7627816596673295e-06 -2.7955237966568936e-09 -2.7627816596677615e-06 0.00047753233064802824 -2.575412035394549e-07 -2.795523796653007e-09 -2.5754120353941905e-07 0.0004861781394599803
1657569279.1388342 69.87265049497728 -10.314215658786582 -1.161334199953555 0.0002787935105257088 -1.6415757538971162e-06 -2.892487585483843e-08 -1.6415757538970787e-06 0.00027250854955889495 -1.0353769917885924e-07 -2.8924875854839556e-08 -1.0353769917885828e-07 0.0002760014287812416
1657569279.3388343 69.92339756477162 -10.51525300976398 -1.1584265160165224 0.0004977517054276546 -3.0563987648125115e-06 -8.635581624970366e-08 -3.0563987648125954e-06 0.00048679357588821197 -2.3126889227731674e-07 -8.635581624977549e-08 -2.3126889227727045e-07 0.0004954112623329109
1657569279.5388343 69.95943127013142 -10.725147126565622 -1.154294047828504 0.00027323892233907407 -1.966877039873916e-06 -9.70331501902391e-09 -1.9668770398738365e-06 0.00026669853676915115 -8.255022019380354e-09 -9.703315018973601e-09 -8.25502201941475e-09 0.00027040839094399254
1657569279.7388344 69.97961573704733 -10.94488122528265 -1.1468601580595912 0.0004989494835406365 -4.299734140555013e-06 1.4663452826398345e-09 -4.299734140554433e-06 0.0004863854108333745 1.285213905367439e-07 1.466345282649583e-09 1.2852139053677735e-07 0.0004966754475212778
1657569279.9388344 69.9848280456413 -11.17333720070459 -1.1326567506888254 0.0003071943933186411 -3.4965924060940646e-06 4.747158846401162e-07 -3.4965924060939053e-06 0.00029721450813085116 3.0844724433209355e-07 4.74715884640331e-07 3.084472443319343e-07 0.0003039206432201489
1657569280.1388345 69.97785145968231 -11.407035740923117 -1.1127195746589404 0.0006543541275738423 -1.2340032913715292e-05 2.613978923354268e-06 -1.2340032913715113e-05 0.0006229673404507879 1.0893281636151268e-06 2.6139789233542806e-06 1.0893281636152937e-06 0.0006544009830456343
1657569280.3388345 69.96461630706794 -11.63997034078637 -1.0941326752659657 0.000695366090853816 -1.928679160966598e-05 3.8259013043348895e-06 -1.9286791609666175e-05 0.000644316886838876 8.349552491842341e-07 3.825901304334765e-06 8.349552491843022e-07 0.0006947391093498631
1657569280.5388346 69.94854640561356 -11.868916528025961 -1.080704430196699 0.008657940097449548 -0.00030092211601030327 4.773717345139728e-05 -0.00030092211601030305 0.007856818614329214 1.591538821626081e-07 4.7737173451397654e-05 1.5915388216276574e-07 0.00869429810773703
1657569280.7388346 69.9305503707062 -12.094223187383927 -1.0721467186184472 0.02196541886615568 -0.0009041158317919136 0.00010027997116617808 -0.0009041158317919128 0.019440985224104833 -2.0349274124493793e-05 0.00010027997116618064 -2.034927412449419e-05 0.022050575328530154
1657569280.9388347 69.91127640177216 -12.316470789905885 -1.0677537317648427 0.03286093398902727 -0.001536660123271863 9.803984530421322e-05 -0.0015366601232718621 0.028342609937474905 -3.857131601946373e-05 9.803984530421599e-05 -3.8571316019464104e-05 0.03298881818392069
1657569281.1388347 69.89110660034828 -12.536217689692378 -1.0665597659909318 0.03450644101316271 -0.0017123441643677303 3.87982075835522e-05 -0.001712344164367731 0.02924343711943102 -2.8270561374869644e-05 3.8798207583558466e-05 -2.8270561374871104e-05 0.03465004250486228
1657569281.3388348 69.87017416584355 -12.75400459884409 -1.0673476642875894 0.025374907288428224 -0.0011878598118389679 -1.886432955531295e-05 -0.0011878598118389662 0.021592955037460712 -2.4940557040572427e-06 -1.886432955530893e-05 -2.4940557040600214e-06 0.025472481764650213
1657569281.5388348 69.84837766625068 -12.97035715143536 -1.0686540060106957 0.011300007768367993 -0.00041192262887172147 -2.470665137014334e-05 -0.00041192262887172114 0.009950057269406192 8.979505051943343e-06 -2.470665137015178e-05 8.979505051947333e-06 0.011325312935554749
1657569281.7388349 69.82539283162572 -13.18578378899419 -1.0687711278440968 0.0015408722508962372 -3.178572048604906e-05 -3.6666631195797395e-06 -3.17857204860462e-05 0.0014339050217312163 2.20633507573604e-06 -3.666663119576394e-06 2.206335075734303e-06 0.001538247164230402
1657569281.938835 69.80063219128395 -13.40074712642991 -1.0659638709298118 0.0003875304389306569 -4.03962812337484e-06 -5.648166523320946e-07 -4.039628123374838e-06 0.00037371506984921446 3.71731200955416e-07 -5.648166523324934e-07 3.7173120095558823e-07 0.00038587120385175284
1657569282.138835 69.77308045320495 -13.615222876915034 -1.061452236660706 0.0005597514995314228 -5.018023584964667e-06 -4.5431197490090536e-07 -5.0180235849648595e-06 0.0005424588574350969 1.537040103820667e-07 -4.5431197490109775e-07 1.537040103821319e-07 0.000557694709270023
1657569282.338835 69.74232589099844 -13.828719374416648 -1.057487006743376 0.0002793514675927207 -2.033982366976997e-06 -1.4184210518523585e-07 -2.033982366976831e-06 0.0002724452024008563 2.2096975888681823e-08 -1.418421051852172e-07 2.2096975888677386e-08 0.00027671536559429537
1657569282.538835 69.70899780503304 -14.041361455602658 -1.05412617991023 0.0004920006117662959 -3.474104438986414e-06 -1.3336389422357568e-07 -3.474104438986583e-06 0.00048045009583461064 -2.092427688227727e-08 -1.3336389422351348e-07 -2.0924276882266515e-08 0.0004899172403354901
1657569282.738835 69.67524132305762 -14.25428707481234 -1.0488935511718027 0.00028029148862104147 -1.951858183232563e-06 -4.539526623395023e-08 -1.9518581832324673e-06 0.00027374352835393847 1.5268600416621613e-08 -4.539526623397676e-08 1.5268600416639004e-08 0.0002775276970717837
1657569282.9388351 69.64177319476241 -14.468236871452907 -1.041065238559747 0.0004978845218975752 -3.379183573306418e-06 -8.932443219755734e-08 -3.3791835733059557e-06 0.0004866130190357094 9.81305239772306e-08 -8.932443219752212e-08 9.813052397726107e-08 0.0004959636572956734
1657569283.1388352 69.60774363889243 -14.683536645163901 -1.0323390240234498 0.0002722716869417809 -1.9415985437734267e-06 -7.750192838379771e-08 -1.941598543773312e-06 0.00026610268200704404 7.623602362444313e-08 -7.750192838378362e-08 7.623602362444336e-08 0.00026977648058250543
1657569283.3388352 69.57206526936778 -14.901949176050369 -1.0234622656835939 0.0004958497364995119 -3.5335878739815954e-06 9.397231234177601e-09 -3.5335878739816857e-06 0.0004840734729096137 1.41165665142576e-07 9.397231234157339e-09 1.411656651425675e-07 0.0004938025960818827
1657569283.5388353 69.53388886776067 -15.127200301594591 -1.0138953759772453 0.00027191210838373826 -2.091629906075356e-06 -2.810806001945754e-10 -2.091629906075369e-06 0.00026522108711870125 8.514659049952894e-08 -2.810806002127171e-10 8.514659049952784e-08 0.000269229732108622
1657569283.7388353 69.49522276383333 -15.358070685421652 -1.0038587548895122 0.0004886813820174841 -3.748526012698498e-06 7.835633744662823e-08 -3.74852601269855e-06 0.00047644597466730854 1.8579077786283354e-07 7.835633744663871e-08 1.8579077786282883e-07 0.0004869736609870983
1657569283.9388354 69.462027755617 -15.586966217667467 -0.9948672906360015 0.00027889167552810163 -1.9954364859433513e-06 2.0056925271787172e-08 -1.995436485943385e-06 0.0002722935128213922 4.788405930617375e-08 2.0056925271765718e-08 4.788405930619002e-08 0.0002764727957110327
1657569284.1388354 69.43561507347613 -15.810895429261313 -0.9877154206773369 0.0004903114516718351 -3.3630059771940703e-06 -5.078292939965852e-09 -3.3630059771940262e-06 0.0004782171520212517 3.930292797374383e-08 -5.078292939934329e-09 3.930292797373226e-08 0.0004884952801067062
1657569284.3388355 69.4114543361767 -16.03356513659005 -0.9823569954454336 0.0002790053144274231 -1.943194133786059e-06 -5.1685137874575365e-08 -1.9431941337859463e-06 0.0002724435375523185 -7.1092162000700444e-09 -5.1685137874591174e-08 -7.10921620006057e-09 0.00027655198282231457
1657569284.5388355 69.38701224972719 -16.25694054554792 -0.9785925461481049 0.000490552920565843 -3.2836744688690233e-06 -9.837500357695868e-08 -3.283674468869092e-06 0.0004784134505179463 -7.593444149275322e-08 -9.83750035770065e-08 -7.593444149276014e-08 0.0004884644285292394
1657569284.7388356 69.36268797733355 -16.480207344882025 -0.9762062712072085 0.00027992783843844754 -1.971080696040231e-06 -9.815511169371072e-08 -1.971080696040257e-06 0.0002732753930918074 -3.192935972594134e-08 -9.815511169371223e-08 -3.192935972593979e-08 0.0002772680323150173
1657569284.9388356 69.33870135021307 -16.70159741084346 -0.9747265384900546 0.0004980948970988012 -3.2222819557649693e-06 -7.528653668275047e-08 -3.2222819557651002e-06 0.0004859873920055169 -1.5210409964684887e-07 -7.528653668278536e-08 -1.5210409964682913e-07 0.0004960516468451218
1657569285.1388357 69.31462404176138 -16.918558701134437 -0.9733340242693849 0.00027175851199799476 -1.8174982079413106e-06 -4.7774733476793496e-08 -1.8174982079412335e-06 0.0002654030207209547 -4.787355274351628e-08 -4.777473347678067e-08 -4.787355274351155e-08 0.0002691956942728142
1657569285.3388357 69.29000324449633 -17.13312034806513 -0.9717519208343678 0.0004885168711960759 -3.20350635090588e-06 -1.0673962248939974e-07 -3.2035063509062065e-06 0.0004770401368902374 -1.1831271336018943e-07 -1.0673962248938723e-07 -1.1831271336019032e-07 0.0004865013636267818
1657569285.5388358 69.26428350081477 -17.35330290069338 -0.9703076762520723 0.00028026546833306176 -2.050707640514901e-06 -9.961055116726263e-08 -2.050707640514987e-06 0.0002735218225358219 -1.2204008143303528e-08 -9.96105511672538e-08 -1.2204008143310304e-08 0.0002777219868448987
1657569285.7388358 69.23721149105116 -17.580752866668785 -0.968305327616211 0.0005000768123406597 -3.789586621032287e-06 -1.0376335320133371e-07 -3.789586621032717e-06 0.0004869621519779463 -9.303701990606163e-08 -1.0376335320143109e-07 -9.303701990602116e-08 0.0004980471525685426
1657569285.9388359 69.2089044510574 -17.808396214944768 -0.9636309542195223 0.0003012849390252222 -2.63371905571625e-06 -7.4634939642186e-08 -2.633719055716364e-06 0.0002929668767253635 7.726702338658903e-08 -7.463493964217934e-08 7.726702338658634e-08 0.0002984727467308427
1657569286.138836 69.18041588222421 -18.026418160990353 -0.9563178873961388 0.0006280589967744497 -6.427307730160998e-06 1.4847731215488401e-08 -6.427307730161027e-06 0.0006055830506245265 2.958962442743149e-07 1.4847731215474358e-08 2.9589624427431986e-07 0.0006272435087859215
1657569286.338836 69.1539298335513 -18.22246395450609 -0.9491822986718187 0.0005826776198018378 -7.935705372647393e-06 -3.2758208924562893e-08 -7.93570537264736e-06 0.0005559752706004393 3.5043205142145005e-07 -3.275820892450321e-08 3.504320514214405e-07 0.0005799480356323761
1657569286.538836 69.13081860418163 -18.389226636408594 -0.9438568713076411 0.006291515503861394 -8.026469232435239e-05 7.784372386551012e-07 -8.02646923243517e-05 0.006006792795230301 3.195162377102993e-06 7.784372386546835e-07 3.195162377102944e-06 0.006305548781263589
1657569286.738836 69.11144327176687 -18.526313660495674 -0.9402793802437013 0.012747084284479593 -0.0001788594630449261 1.8640335796885342e-06 -0.00017885946304492563 0.012120976167049095 4.799544332968663e-06 1.8640335796884877e-06 4.799544332968569e-06 0.012788913309797716
1657569286.938836 69.09606147781456 -18.633801010064552 -0.9382389580932623 0.013520568504217316 -0.0002052201387806329 2.1277554880512888e-06 -0.00020522013878063622 0.012819291037359282 2.989139339216086e-06 2.127755488051196e-06 2.9891393392162128e-06 0.013573411490060848
1657569287.1388361 69.08486885428373 -18.7117530898466 -0.9374765216335326 0.0078042591347624425 -0.00011511973306926265 1.3229259131883091e-06 -0.00011511973306926266 0.00742369277074262 7.895823277410083e-07 1.3229259131885264e-06 7.895823277410344e-07 0.007833657804055193
1657569287.3388362 69.07799431044545 -18.760223436491156 -0.9376996540318489 0.0013022071794054244 -1.6082875069219966e-05 1.72993581248727e-07 -1.6082875069219915e-05 0.0012521926244389654 9.033642843739662e-08 1.729935812488044e-07 9.033642843739324e-08 0.0013023133421168434
1657569287.5388362 69.07544088127207 -18.779455673194953 -0.9385961890056171 0.00036525460087201276 -3.0589512339495916e-06 2.1427700859841345e-08 -3.058951233949653e-06 0.00035641578311814 2.5600574898678e-08 2.142770085997828e-08 2.560057489863391e-08 0.00036373054012062297
1657569287.7388363 69.07577398155452 -18.77750907552681 -0.9397431760540497 0.0005398552201463445 -2.5470011245445018e-06 2.2263648730801614e-08 -2.5470011245450464e-06 0.0005326946697533628 1.8490973806079835e-08 2.2263648730769884e-08 1.849097380607737e-08 0.0005375426551768018
1657569287.9388363 69.07632287831699 -18.772359592257985 -0.9405551944217593 0.00027521961124198915 -1.3135884220555312e-06 -1.5174873505422483e-08 -1.3135884220555121e-06 0.0002718491436271069 1.1610437887022261e-08 -1.517487350540961e-08 1.161043788702406e-08 0.00027227528298910214
1657569288.1388364 69.07604441039581 -18.772669953638143 -0.9408375579118843 0.0004898372837490891 -1.0441593783737509e-06 -5.423754790422845e-08 -1.0441593783735177e-06 0.0004873141371309279 2.3498747981471303e-08 -5.4237547904169135e-08 2.349874798145943e-08 0.0004874881418375751
1657569288.3388364 69.07583703395173 -18.774046361842675 -0.9409289698477393 0.0002683127024195471 -9.829401506527724e-07 -6.902188401735537e-08 -9.829401506527356e-07 0.00026605216200738187 2.2619128649944964e-08 -6.902188401735835e-08 2.261912864994698e-08 0.00026573317784671694
1657569288.5388365 69.07598750564102 -18.774059840591054 -0.9410170669418592 0.0004862625999390797 -9.610093645770277e-07 -4.921614105716981e-08 -9.610093645768672e-07 0.000483862045268157 2.052743559100398e-08 -4.9216141057185064e-08 2.0527435591027832e-08 0.0004835854765821111
1657569288.7388365 69.07590754499765 -18.774009051424088 -0.9410414455122871 0.00026842195595886315 -1.0593243323409743e-06 -4.709785852758864e-08 -1.0593243323408576e-06 0.0002657941890259389 2.297123956570029e-08 -4.7097858527591945e-08 2.2971239565703075e-08 0.0002654553920139158
1657569288.9388366 69.07562283742222 -18.77416718403045 -0.941024920175543 0.00048615294479053775 -9.767285148808795e-07 -3.262664804328628e-08 -9.767285148811815e-07 0.0004838820954112316 2.6302226350240843e-08 -3.2626648043284176e-08 2.6302226350222407e-08 0.000483571233761992
1657569289.1388366 69.07597004483209 -18.77317964975225 -0.9411204263295996 0.00026820246406111787 -1.1002170797144317e-06 -2.665999106296941e-08 -1.1002170797145567e-06 0.00026573189159946885 3.288872138614194e-08 -2.6659991062977438e-08 3.288872138614064e-08 0.0002654324077482736
1657569289.3388367 69.0765213411017 -18.77229596932537 -0.9412316616424443 0.0004866685940763727 -1.2889967563678183e-06 1.5842774946341273e-08 -1.2889967563676455e-06 0.0004840254427446011 5.086719558087884e-08 1.5842774946371217e-08 5.086719558087396e-08 0.0004843285765783437
1657569289.5388367 69.0752913492024 -18.77611551907599 -0.9409359426376015 0.0002690597236405101 -1.6076358534505703e-06 3.986165237070289e-08 -1.6076358534506048e-06 0.00026596702596459607 7.577962549799442e-08 3.9861652370713814e-08 7.57796254979859e-08 0.00026664932626304185
1657569289.7388368 69.07399295517247 -18.779509656696728 -0.940645043685122 0.0004901761912905258 -3.439117495527655e-06 2.834583620452156e-07 -3.439117495527035e-06 0.00048513913481068924 3.017525800493193e-07 2.8345836204515693e-07 3.017525800493437e-07 0.0004892777928638401
1657569289.9388368 69.07874910332427 -18.765182635251627 -0.9418623550655517 0.00027366487714759806 -4.2155030122977186e-06 3.199678003556851e-07 -4.215503012297721e-06 0.00026770575482326425 3.538863770317465e-07 3.1996780035572534e-07 3.5388637703171867e-07 0.0002730223517594089
1657569290.1388369 69.08401813753896 -18.7549573116852 -0.9440979979148298 0.0005008218343759901 -9.8304292294799e-06 7.035826411212251e-07 -9.830429229480144e-06 0.0004893673806730832 9.147622399128001e-07 7.035826411211847e-07 9.147622399128029e-07 0.0005048337683611725
1657569290.338837 69.07007189548938 -18.822035594552347 -0.9441907727607627 0.0002780687520567246 -7.236754583792885e-06 4.663005782107011e-07 -7.2367545837928025e-06 0.0002694651900322328 5.943565802387234e-07 4.6630057821073536e-07 5.943565802387016e-07 0.0002801527775758377
1657569290.538837 69.03466763277656 -18.989147355681716 -0.9414762176458368 0.0004969398566431251 -7.930562663279698e-06 6.479264717065277e-07 -7.930562663280082e-06 0.0004882104744257978 5.435479313892585e-07 6.479264717064719e-07 5.435479313893174e-07 0.000499977620061044
1657569290.738837 68.99788994248864 -19.208118962124725 -0.938858874825887 0.00027140483473542547 -2.727797207354781e-06 2.0798392683074955e-07 -2.7277972073549196e-06 0.00026693040406206454 2.311004769808821e-08 2.0798392683075092e-07 2.3110047698092257e-08 0.0002702209857395544
1657569290.938837 68.96856227264499 -19.442725161718023 -0.9376999592616965 0.0004957090411797853 -5.537868728160282e-06 2.274961873403194e-07 -5.537868728159746e-06 0.00048595681508336897 5.035107300863137e-08 2.2749618734030216e-07 5.0351073008587345e-08 0.0004960616908185418
1657569291.138837 68.9391900965798 -19.679260958994046 -0.937008271539056 0.0002724069512570111 -2.98213604438351e-06 3.819603046472996e-08 -2.982136044383398e-06 0.00026685991929219856 5.056196844788384e-08 3.8196030464726006e-08 5.056196844788607e-08 0.0002706545608811981
1657569291.3388371 68.90596816118197 -19.910892949493356 -0.9366171364022017 0.0004961450238251888 -5.583550363244003e-06 7.282528846584637e-08 -5.583550363244034e-06 0.00048619040758771467 4.235889013733752e-08 7.282528846584159e-08 4.235889013733314e-08 0.0004957565683726358
1657569291.5388372 68.87044972484293 -20.137584280531247 -0.9378271203694764 0.0002718109180993327 -2.8799430822002178e-06 8.941552528066713e-09 -2.8799430822001466e-06 0.00026638472181661764 -9.732400696537099e-09 8.941552528071588e-09 -9.732400696539828e-09 0.00026977710979531766
1657569291.7388372 68.8337188604337 -20.35877274179097 -0.9416704948790843 0.0004945747734382865 -5.275403685409666e-06 -4.053435844141967e-08 -5.275403685410622e-06 0.00048570137601873547 -1.4373770951009198e-08 -4.053435844142601e-08 -1.4373770951041438e-08 0.0004943246233727922
1657569291.9388373 68.79471818847486 -20.572606915539872 -0.9487043187183929 0.0002713043483143763 -2.753563076549449e-06 -2.50375370466292e-08 -2.7535630765496177e-06 0.0002666188851912109 -3.225899846282378e-09 -2.503753704664327e-08 -3.225899846272442e-09 0.00026969786731337276
1657569292.1388373 68.75092536004738 -20.781483397308502 -0.9574432610295115 0.0004939219486650266 -5.182655241144756e-06 -3.645148220258597e-08 -5.1826552411442075e-06 0.0004857425929328476 -1.2765833029326504e-07 -3.645148220265939e-08 -1.2765833029327782e-07 0.0004934912586574963
1657569292.3388374 68.69700542012492 -20.993074223184752 -0.9637419202599308 0.00027069236873704535 -2.92315862113333e-06 2.5911568113934165e-08 -2.9231586211334614e-06 0.00026607219647140133 5.535229646194183e-09 2.5911568113939585e-08 5.535229646173339e-09 0.0002689638351659182
1657569292.5388374 68.63249435038988 -21.20770516447479 -0.9663943554274331 0.00048645822562910025 -5.491582493833538e-06 5.506771768107044e-08 -5.491582493833574e-06 0.0004785537642609636 1.3832547424378042e-08 5.506771768109337e-08 1.3832547424340714e-08 0.00048654014445251065
1657569292.7388375 68.5629798141258 -21.41598191224514 -0.9680285832483434 0.00027857932576820125 -2.864320784438312e-06 -2.8671194780984976e-08 -2.8643207844383733e-06 0.00027396817039281653 1.4024535546579671e-08 -2.8671194780998452e-08 1.4024535546585278e-08 0.00027704028957284535
1657569292.9388375 68.48980495715844 -21.61498022252448 -0.9700266762940335 0.000496089984872567 -5.34320469354896e-06 -4.14322827962226e-08 -5.343204693548853e-06 0.0004887297944548108 6.422697493960361e-08 -4.143228279621322e-08 6.42269749396206e-08 0.0004960638632241505
1657569293.1388376 68.40716301843202 -21.81028049382156 -0.9717452048821242 0.00027210272179496324 -2.9001883157724443e-06 -6.826388037316863e-08 -2.9001883157724198e-06 0.0002678775296672103 5.6211224926901905e-08 -6.826388037317545e-08 5.621122492690316e-08 0.0002704958319221649
1657569293.3388376 68.31189808199588 -22.00431695067187 -0.9725687406408052 0.0005018527545251603 -5.639701123912078e-06 8.617991580086894e-09 -5.6397011239118804e-06 0.000494764854186812 6.564803306709219e-08 8.617991580109615e-09 6.564803306707275e-08 0.0005018999989109984
1657569293.5388377 68.20461807701578 -22.194771528808875 -0.9721631957905185 0.00026395532324384225 -2.981745607885343e-06 1.3725320361055238e-08 -2.9817456078853363e-06 0.00025981571471688083 4.758491378252767e-08 1.3725320361052533e-08 4.7584913782534764e-08 0.0002622021532024085
1657569293.7388377 68.08529413659058 -22.3783958901468 -0.9705189738933643 0.000491738437587961 -5.745240640755344e-06 1.8179420352843692e-08 -5.745240640755447e-06 0.0004856171612742108 1.519899596965831e-07 1.8179420352883417e-08 1.5198995969654043e-07 0.0004923610435600965
1657569293.9388378 67.95235933927532 -22.55093869720697 -0.9680730414972194 0.00027113562938716244 -3.0675704955477884e-06 -2.4162245374463747e-08 -3.067570495547746e-06 0.0002676205559194879 8.86275045765634e-08 -2.4162245374463912e-08 8.862750457656481e-08 0.00026993850979740736
1657569294.1388378 67.80595555267814 -22.71192901728719 -0.9654496279364462 0.0004999838849279771 -6.0590603300786775e-06 1.1704846265695313e-07 -6.059060330078466e-06 0.0004953814211215225 1.7762420619697678e-07 1.1704846265692917e-07 1.7762420619696606e-07 0.0005015592555320522
1657569294.3388379 67.64812764031997 -22.866211605095565 -0.9636081661005693 0.00026227968678345224 -3.0993168523107e-06 2.1310062814788263e-08 -3.0993168523106835e-06 0.00025927440884581895 6.707472743360596e-08 2.1310062814787154e-08 6.707472743359599e-08 0.0002613531835181093
1657569294.538838 67.48181804255692 -23.017852833489947 -0.9628431419688452 0.0004821121175959581 -6.374529360243089e-06 1.6133140824820988e-07 -6.3745293602423915e-06 0.00047811823704265436 1.2195623441862752e-07 1.6133140824818748e-07 1.2195623441861513e-07 0.0004838804647889611
1657569294.738838 67.31182244935538 -23.169930434823858 -0.9627055353828123 0.00027724567222035335 -3.5357795593279645e-06 1.1285174079812806e-07 -3.5357795593278256e-06 0.00027391052420504833 2.6249177968733783e-08 1.128517407981263e-07 2.6249177968732936e-08 0.0002761983371324701
1657569294.938838 67.14119950308995 -23.323412114444913 -0.96280593731245 0.0004869183707259111 -6.680900835239666e-06 9.671130947980803e-08 -6.6809008352401885e-06 0.0004823117612475196 9.543122809290679e-08 9.671130947980295e-08 9.543122809291117e-08 0.0004886803058288834
1657569295.138838 66.97136066954931 -23.477164716837805 -0.9629800971334078 0.0002785132590860405 -3.584882032615968e-06 3.941784353884233e-08 -3.5848820326160126e-06 0.00027511604354208704 3.1462611747149367e-08 3.941784353884192e-08 3.146261174714713e-08 0.00027759778182285616
1657569295.338838 66.80134120217028 -23.62812981242294 -0.9634164465747047 0.0004951993246999561 -6.481840219536597e-06 8.393551466412456e-08 -6.481840219536062e-06 0.0004900912568942717 1.0361450927126976e-07 8.393551466411536e-08 1.036145092712791e-07 0.0004970751983603504
1657569295.5388381 66.62763932758735 -23.771261605337514 -0.9647822762119025 0.00027088008458827766 -3.2738384029948568e-06 4.189611115323658e-08 -3.2738384029948682e-06 0.0002677292773999294 3.6383930351947114e-08 4.18961111532379e-08 3.638393035194559e-08 0.00027014633519421816
1657569295.7388382 66.4492358415288 -23.90524295839764 -0.9674068907367218 0.000492705678514705 -6.452835382893112e-06 7.606518955930003e-08 -6.452835382892959e-06 0.0004882441043097911 4.851345320987431e-08 7.606518955931207e-08 4.851345320990209e-08 0.0004945763777479925
1657569295.9388382 66.2682068152961 -24.033890599636685 -0.9712202400363483 0.00027080881590355873 -3.417546631452217e-06 4.587218720780808e-08 -3.417546631452197e-06 0.0002677233997777796 5.33634186944624e-09 4.58721872078066e-08 5.336341869444496e-09 0.0002698515783942476
1657569296.1388383 66.08480060656453 -24.15901793353702 -0.9758905513994394 0.0004921272481124193 -6.426309438321069e-06 -2.49543490394644e-08 -6.426309438320528e-06 0.00048824457910525006 3.045124492748716e-08 -2.495434903944563e-08 3.045124492749745e-08 0.00049414767652388
1657569296.3388383 65.89695104341638 -24.279487047459845 -0.9807476176390074 0.00027039525389889354 -3.4106395756544444e-06 -4.0755430599658075e-08 -3.410639575654492e-06 0.0002677495516076722 4.306837553471293e-08 -4.075543059965059e-08 4.306837553471073e-08 0.0002697142132418772
1657569296.5388384 65.70436352665007 -24.39511917541471 -0.9852364644467985 0.0004916278894812466 -6.518105073413049e-06 -2.7416394614311395e-08 -6.518105073412934e-06 0.00048821075554024483 4.439373403904756e-08 -2.7416394614285176e-08 4.439373403904499e-08 0.0004939569852097629
1657569296.7388384 65.50934925681102 -24.507622227850682 -0.9889196872654319 0.00026953916600766 -3.3847939882663834e-06 -2.8009083728933618e-08 -3.384793988266512e-06 0.0002669216392164976 3.9392126866451595e-08 -2.80090837289379e-08 3.939212686645313e-08 0.0002688909368548023
1657569296.9388385 65.3136863115214 -24.618824965432395 -0.9919606189175784 0.00048358620915890205 -6.469182566249217e-06 7.887882388190747e-10 -6.469182566249638e-06 0.00048035914729362535 5.6869026780828627e-08 7.887882388594478e-10 5.686902678080826e-08 0.00048595431662524553
1657569297.1388385 65.11846068783153 -24.730846686718714 -0.9952222856824109 0.0002770649144488531 -3.492817276785529e-06 -3.855285053536769e-08 -3.492817276785431e-06 0.0002744803231208081 1.8907732014695042e-08 -3.855285053537357e-08 1.8907732014701028e-08 0.00027655864163764866
1657569297.3388386 64.92375020484319 -24.843074441220505 -0.9989413064963687 0.0004867680029760181 -6.556409401306922e-06 7.641186081329032e-09 -6.5564094013068726e-06 0.00048318245940982385 4.7413600045758846e-08 7.641186081295316e-09 4.741360004576845e-08 0.0004890760487683062
1657569297.5388386 64.72868442706783 -24.951669110862188 -1.002501467529822 0.00027935124729764525 -3.5542812752468008e-06 -2.1852450910998775e-08 -3.5542812752468186e-06 0.0002767587971003363 3.571378278873788e-08 -2.185245091101685e-08 3.5713782788737104e-08 0.0002788405994664902
1657569297.7388387 64.53500879047468 -25.054014996923375 -1.0058683332748288 0.0005026917157273027 -6.992621503377789e-06 -1.654181752716463e-08 -6.99262150337842e-06 0.0004993871358474623 1.0261364533471504e-07 -1.654181752713822e-08 1.0261364533463636e-07 0.0005055334978649285
1657569297.9388387 64.34767929071673 -25.149433781078866 -1.009821615704681 0.00028962025819720107 -4.4583221935347544e-06 -6.851142183775963e-08 -4.4583221935347155e-06 0.00028703531547976486 9.496635423850176e-08 -6.851142183775914e-08 9.496635423849537e-08 0.000289818484972378
1657569298.1388388 64.1647049651545 -25.239261818969275 -1.0144701816265542 0.0006059980905234381 -1.2861473277556098e-05 6.157359616095121e-08 -1.2861473277555975e-05 0.0006030889941401454 8.19924149230262e-08 6.157359616097339e-08 8.199241492305103e-08 0.0006155433146343629
1657569298.3388388 63.974866280089316 -25.327173068328094 -1.0189568745877684 0.0005918845133567585 -1.9050206489854013e-05 1.143603446610169e-07 -1.905020648985386e-05 0.0005877942859734062 1.676003663274515e-07 1.1436034466105102e-07 1.6760036632741878e-07 0.0006051041627039225
1657569298.5388389 63.773007112827045 -25.415171985358374 -1.0227393493860857 0.006310366436980702 -0.0002731680746612176 3.5490932088644754e-06 -0.0002731680746612173 0.006301751156811991 2.9010783148564904e-06 3.5490932088644716e-06 2.901078314856496e-06 0.006582828531999009
1657569298.738839 63.5627037055992 -25.503193105641152 -1.0257143842791894 0.012863657605535948 -0.0007222126669205621 8.959084474201255e-06 -0.0007222126669205636 0.01284820922573217 7.205840039508926e-06 8.959084474201221e-06 7.205840039508849e-06 0.013597082559514513
1657569298.938839 63.348144319626535 -25.591176715147494 -1.027839738629126 0.013710072950171428 -0.0008709646079807939 8.826083831798823e-06 -0.0008709646079808023 0.013683693154892452 7.167986712181038e-06 8.82608383179897e-06 7.167986712180745e-06 0.014593039812575625
1657569299.138839 63.13355096874296 -25.679185222645884 -1.0291255322723136 0.007898718613489411 -0.0004458012371771791 3.239615230932815e-06 -0.000445801237177179 0.007881742268231235 2.8347091699791627e-06 3.239615230932972e-06 2.8347091699791865e-06 0.008350578517949334
1657569299.338839 62.92317595630504 -25.767373850431632 -1.0296368777450737 0.0013183641101692989 -4.448542673621665e-05 1.2759043141930624e-07 -4.4485426736216816e-05 0.0013146904647567674 1.204492173573566e-07 1.275904314193509e-07 1.2044921735733203e-07 0.001359128312538263
1657569299.538839 62.72118604053958 -25.85580416634074 -1.0294957680115306 0.0003535380593935048 -6.030852958109885e-06 -1.215870512566833e-08 -6.030852958110046e-06 0.00035208423020892507 8.58074350543429e-09 -1.2158705125680117e-08 8.580743505403407e-09 0.0003570712642107502
1657569299.7388391 62.528515541638505 -25.941851960930713 -1.0292280790242174 0.000538787554316142 -8.396365210093304e-06 -4.3629335255173186e-08 -8.39636521009287e-06 0.0005367749059939693 1.510512792820534e-07 -4.362933525515476e-08 1.510512792820503e-07 0.0005440427495246971
1657569299.9388392 62.342641207607464 -26.021157729660263 -1.0299447985149288 0.0002760157021989129 -3.3180176574847686e-06 -5.552775362427002e-08 -3.318017657484489e-06 0.0002743586596558825 8.10415399140535e-08 -5.552775362427139e-08 8.10415399140569e-08 0.00027594018309976416
1657569300.1388392 62.16422502586656 -26.091489234116434 -1.0313243091829025 0.0004923552207359962 -5.496729619237685e-06 -4.067216768760131e-08 -5.496729619237891e-06 0.0004908555385616051 3.5518724154621775e-08 -4.067216768760061e-08 3.5518724154626156e-08 0.000494577363789559
1657569300.3388393 61.998192492351265 -26.15326344817619 -1.0312615045684987 0.0002693603763162778 -2.757766396516266e-06 1.4291573891152534e-09 -2.757766396516383e-06 0.0002676953056932719 -7.314080652499087e-10 1.4291573891155229e-09 -7.314080652595814e-10 0.0002684849138889372
1657569300.5388393 61.845940119694276 -26.208043943507388 -1.0294395807415828 0.00048071773446746176 -4.383151079504008e-06 5.4570432446897564e-08 -4.3831510795027885e-06 0.0004794699579083737 4.0167234420654965e-08 5.4570432446910594e-08 4.0167234420631863e-08 0.00048153100383481695
1657569300.7388394 61.70399679130998 -26.258815941545713 -1.0279689625016903 0.0002767495258976032 -2.630380460647134e-06 2.235769041157817e-08 -2.6303804606470033e-06 0.0002751099141184505 1.699147534299839e-08 2.2357690411581678e-08 1.6991475342996118e-08 0.0002753277314761621
1657569300.9388394 61.570521852555586 -26.306096847561335 -1.0277722809681524 0.0004897566470853989 -3.534818625073365e-06 5.0692326247573165e-08 -3.534818625073426e-06 0.0004888139985082398 2.5892750508595883e-08 5.069232624756921e-08 2.5892750508596396e-08 0.0004902570562453827
1657569301.1388395 61.446438583097944 -26.347374406495284 -1.0281211501851095 0.00026864180187887566 -2.078065724725953e-06 1.499502665763035e-08 -2.07806572472611e-06 0.0002672814899921598 1.4678862724323767e-08 1.4995026657633205e-08 1.4678862724321652e-08 0.0002673341794597781
1657569301.3388395 61.339630980612014 -26.380488582341975 -1.0285686509332068 0.00048730469739858136 -3.0985420466968463e-06 -2.1058650968684737e-08 -3.0985420466949845e-06 0.0004868198674179681 2.8092119760192813e-08 -2.1058650968680637e-08 2.80921197602042e-08 0.0004876615685338041
1657569301.5388396 61.26666049494097 -26.403997168742652 -1.0292242305965436 0.00026818925140974486 -2.0503678881150045e-06 -4.793796001458654e-08 -2.0503678881151205e-06 0.00026692654338667204 2.54171089593742e-08 -4.793796001458444e-08 2.5417108959378295e-08 0.00026671675229846106
1657569301.7388396 61.23232819461537 -26.416551742009293 -1.0302542542657638 0.0004858450699533692 -1.8575882097481826e-06 -4.750601396695176e-08 -1.857588209748212e-06 0.0004847010158880158 4.707343414565307e-08 -4.750601396697188e-08 4.707343414574728e-08 0.0004846704853021342
1657569301.9388397 61.225301173038126 -26.41778691805753 -1.0318578885595122 0.00026702755848748806 -1.5413038785094726e-06 -3.853113080466158e-08 -1.5413038785096778e-06 0.00026533877490200346 5.5015320174988076e-08 -3.85311308046679e-08 5.5015320174989896e-08 0.0002649347355726982
1657569302.1388397 61.231946419899614 -26.41168322214118 -1.0336865108014193 0.0004781953812783626 -1.515334136687768e-06 1.4160480707927145e-08 -1.5153341366882427e-06 0.00047643858653111977 6.817737747040388e-08 1.4160480707906563e-08 6.81773774703613e-08 0.0004762356976808437
1657569302.3388398 61.23751765547774 -26.407767640808604 -1.0347159418682752 0.000274010315361585 -1.4522731072103683e-06 1.20340958880404e-08 -1.4522731072103647e-06 0.00027217758079940376 4.0704631559275464e-08 1.2034095888033229e-08 4.070463155928045e-08 0.00027161902655363057
1657569302.5388398 61.23646001895403 -26.409617327357854 -1.034723976062918 0.00047938714552716574 -1.278799019035788e-06 7.194698534663532e-09 -1.2787990190356703e-06 0.00047772983272877486 2.722930108633088e-08 7.194698534647266e-09 2.7229301086348354e-08 0.00047731680076383445
1657569302.7388399 61.23467164989038 -26.412143420283122 -1.0345317226069235 0.0002742721323686493 -1.3010071869365228e-06 -3.702220387255345e-10 -1.3010071869364527e-06 0.0002725757101370914 3.2614111642423397e-09 -3.7022203873445205e-10 3.261411164239766e-09 0.0002719685492177942
1657569302.93884 61.234570604596094 -26.41268883374823 -1.0345815848375062 0.0004792122111175376 -1.1634241892704224e-06 -4.071872041456967e-08 -1.1634241892702015e-06 0.0004776918659186809 1.3057252057243486e-08 -4.0718720414590704e-08 1.3057252057236767e-08 0.00047715122198353175
1657569303.13884 61.2334306006455 -26.412733075412234 -1.034755898039696 0.0002743703750728255 -1.2573277941235658e-06 -5.0383899884708556e-08 -1.2573277941234655e-06 0.00027278149712670004 1.4174365216424545e-08 -5.03838998847214e-08 1.417436521642787e-08 0.00027217966859135806
1657569303.33884 61.23220290542295 -26.412907795678258 -1.034860287515096 0.0004794772054625151 -1.32514108508039e-06 -5.646211251731407e-09 -1.3251410850801442e-06 0.00047795784035279304 3.8727683114919226e-09 -5.646211251734414e-09 3.872768311496714e-09 0.0004773970370484626
1657569303.53884 61.2366108959767 -26.412199286186222 -1.0346621714794324 0.0002747906138304798 -1.4716558995279042e-06 -1.64560618085657e-09 -1.4716558995276736e-06 0.0002731772185659445 1.0586138376461456e-08 -1.645606180871701e-09 1.0586138376481176e-08 0.00027258485964801914
1657569303.73884 61.24012087638499 -26.41114366656056 -1.0346289195510117 0.00047956785022142655 -1.541754677459392e-06 -1.1597757602799274e-07 -1.5417546774593396e-06 0.00047873147332604484 8.039436460133419e-08 -1.1597757602797075e-07 8.039436460131377e-08 0.00047827636479733554
1657569303.9388402 61.22001265715015 -26.41320475350352 -1.0360846605591851 0.0002748576695633437 -1.9970080880620437e-06 -4.130019503341904e-08 -1.9970080880619484e-06 0.0002742185346338749 1.1204641133468284e-07 -4.1300195033426413e-08 1.1204641133468616e-07 0.00027382963889836884
1657569304.1388402 61.15041471459879 -26.42749065536231 -1.0385459147942941 0.0004810585436948473 -4.2428970226460965e-06 3.2154395261598814e-07 -4.242897022646421e-06 0.00048390874386026556 2.878012391061743e-07 3.2154395261600794e-07 2.878012391061293e-07 0.00048483591599353664
1657569304.3388402 61.00386755254516 -26.469475971244357 -1.0392106030867225 0.0002762497114692862 -5.009077706274315e-06 4.029686225811034e-07 -5.00907770627426e-06 0.00028052656481616033 2.3775783454122847e-07 4.029686225810922e-07 2.377578345412306e-07 0.00028160651992864387
1657569304.5388403 60.789347823342766 -26.538973539007188 -1.0379580936976582 0.0004826158895693873 -7.386437682452771e-06 5.329098516541363e-07 -7.386437682452715e-06 0.0004923513673186738 3.630570505686624e-07 5.329098516542865e-07 3.630570505684789e-07 0.0004945309765928185
1657569304.7388403 60.56145773769376 -26.61364229197006 -1.0383334883445472 0.00027500047179881265 -3.2947374878441045e-06 7.645731134833426e-08 -3.2947374878441794e-06 0.00027716740832078694 1.2749277781220804e-07 7.645731134833956e-08 1.2749277781221524e-07 0.00027736159984980606
1657569304.9388404 60.348098941047105 -26.681085050981757 -1.0416454798288757 0.0004811725233513179 -5.291515187259437e-06 8.159676251285078e-08 -5.291515187260254e-06 0.0004884847047795567 6.141035305424046e-08 8.159676251283151e-08 6.141035305430403e-08 0.0004894729671129668
1657569305.1388404 60.13908372362817 -26.744021869269503 -1.0462060414439442 0.00027474767775915597 -2.898712467780052e-06 -1.5101047150612284e-08 -2.8987124677802007e-06 0.00027672113398026813 2.0709966413517634e-08 -1.510104715060709e-08 2.0709966413507834e-08 0.00027665245872725926
1657569305.3388405 59.9268946350417 -26.806172148534838 -1.0506404271128675 0.00048067006245923645 -4.558768048983024e-06 -8.348126150907464e-08 -4.55876804898361e-06 0.0004873874174248807 2.2228570501972082e-08 -8.348126150904454e-08 2.2228570501947703e-08 0.0004880082452434084
1657569305.5388405 59.71040546456877 -26.87020992410272 -1.0541672336335184 0.0002746071551363973 -2.725213568514098e-06 -3.322085967609595e-08 -2.725213568514101e-06 0.0002765282144559904 4.5452089839005935e-08 -3.322085967609341e-08 4.5452089838998794e-08 0.0002763919048075155
1657569305.7388406 59.49092168448204 -26.934452661682105 -1.0566161151669042 0.00048072851249303123 -4.8485478532230645e-06 6.210491178492537e-09 -4.848547853222834e-06 0.00048772124389851254 7.079452905602045e-09 6.2104911785086525e-09 7.079452905589334e-09 0.000488513823022491
1657569305.9388406 59.27217943373768 -26.991206294994594 -1.0584567452104616 0.00027477122901838476 -2.7399459991345253e-06 8.018088751175489e-09 -2.7399459991346036e-06 0.00027670328447684074 -1.908379449920582e-08 8.018088751185746e-09 -1.9083794499216147e-08 0.0002765095249586135
1657569306.1388407 59.05763224838304 -27.03747804866004 -1.0605583518483204 0.0004804101833821275 -4.417098677843126e-06 1.9021616835946775e-08 -4.417098677843463e-06 0.0004873421965270929 4.490865080926675e-09 1.90216168359376e-08 4.490865080908194e-09 0.00048766299983486126
1657569306.3388407 58.84955186739787 -27.07603539336958 -1.0642483716130435 0.0002750527753587578 -2.6789992118893756e-06 -2.4441851789629856e-08 -2.678999211889114e-06 0.00027684324107270496 1.6040311964406233e-08 -2.444185178964103e-08 1.6040311964398176e-08 0.00027640598302442924
1657569306.5388408 58.64472814530395 -27.11000956766026 -1.0695443644575668 0.000480653211285762 -3.987644573329398e-06 -1.4388445104309967e-07 -3.98764457332911e-06 0.00048721648399689736 -2.7788040058076194e-09 -1.4388445104307974e-07 -2.7788040058665647e-09 0.00048723480332871384
1657569306.7388408 58.43305233971187 -27.141858478095422 -1.074740870170503 0.0002744694046235425 -2.59465367644242e-06 -8.686871110372718e-08 -2.594653676442236e-06 0.0002764681225580947 1.0431421834843112e-08 -8.686871110372098e-08 1.0431421834834743e-08 0.00027598933892208937
1657569306.9388409 58.211157504914524 -27.17155820749396 -1.0779778257786952 0.00048005111332233616 -4.228491798187113e-06 -8.449058594123379e-08 -4.228491798186315e-06 0.0004875202214585806 -3.6387010789312546e-08 -8.449058594122858e-08 -3.638701078928618e-08 0.0004875298055538997
1657569307.138841 57.98497305991994 -27.196131412612182 -1.0772967267518139 0.00027480328523672785 -2.627579529873519e-06 2.3334824130222667e-08 -2.6275795298733886e-06 0.0002770941752774983 -2.1412096845740892e-08 2.3334824130232395e-08 -2.1412096845743923e-08 0.00027654623491707046
1657569307.338841 57.75961996248105 -27.214182240182573 -1.0737419430763178 0.0004802348934778614 -4.2206667784302526e-06 1.6182708275750478e-07 -4.2206667784292344e-06 0.00048806483393179164 -8.2744747924537e-08 1.6182708275759026e-07 -8.27447479246126e-08 0.00048813340714867537
1657569307.538841 57.53811587546577 -27.226073583410425 -1.072116291049887 0.00027494329821110787 -2.5085735310424866e-06 1.5908738541224622e-08 -2.508573531042529e-06 0.0002770965839037979 -8.512434644123546e-08 1.5908738541219457e-08 -8.512434644124462e-08 0.00027677801377849195
1657569307.738841 57.32161804657486 -27.229152528337018 -1.0739762736016365 0.0004804206247013182 -3.7518906332667208e-06 6.597966193618327e-08 -3.7518906332662214e-06 0.0004876690047004766 -1.8805202907692692e-07 6.597966193615426e-08 -1.8805202907692229e-07 0.0004882880172379062
1657569307.938841 57.10914785682475 -27.21659010034423 -1.076652031221195 0.00027576242692835284 -2.2256417403283537e-06 3.722523459987946e-08 -2.225641740328297e-06 0.0002777380391161887 -8.9763554011476e-08 3.722523459988007e-08 -8.976355401147594e-08 0.0002780215065342105
1657569308.1388412 56.897937394642874 -27.190627219951256 -1.078568257384461 0.0004880956005957433 -3.071769388474198e-06 -7.937036755867967e-08 -3.0717693884749423e-06 0.0004956286339850087 -6.532469716290828e-08 -7.937036755868136e-08 -6.53246971628908e-08 0.0004970205912814418
1657569308.3388412 56.68246447652903 -27.16521374251165 -1.079925813571017 0.0002672980866311958 -2.180449304003061e-06 -2.679943076100539e-08 -2.1804493040030705e-06 0.0002694412393528042 -1.7365547424142017e-08 -2.6799430761009643e-08 -1.736554742413628e-08 0.00026977201590445895
1657569308.5388412 56.4608492734494 -27.14401774385568 -1.0805254982982593 0.0004782820057795891 -3.3755555448984517e-06 -6.605881476864588e-08 -3.375555544898206e-06 0.00048623773029827426 -4.620696074346197e-08 -6.605881476857546e-08 -4.6206960743504344e-08 0.0004871134336174319
1657569308.7388413 56.23670149115718 -27.11738097570723 -1.0794487292401287 0.000273976126694416 -2.1991002400809584e-06 -2.646450895422051e-08 -2.1991002400808703e-06 0.00027660548939899266 -2.3814890228282516e-08 -2.64645089542163e-08 -2.3814890228282053e-08 0.0002764682775744229
1657569308.9388413 56.01293111985754 -27.082814345840298 -1.076927586066335 0.0004797502902134727 -3.281859033872329e-06 4.812615203483009e-08 -3.281859033870838e-06 0.0004884038831971767 -5.029907755714643e-08 4.8126152034853155e-08 -5.0299077557132626e-08 0.0004890166321827721
1657569309.1388414 55.79058787706843 -27.04820296160885 -1.0747680914241884 0.00027424761260086037 -2.2004452124657244e-06 -8.204515773886806e-09 -2.200445212465472e-06 0.00027693540514599777 -7.535347384917699e-09 -8.20451577389306e-09 -7.535347384917688e-09 0.0002768797288196711
1657569309.3388414 55.56995839835286 -27.014381146897183 -1.0738915444741888 0.0004801194120251373 -3.5039711403430896e-06 -3.096975045081518e-08 -3.5039711403429566e-06 0.0004885108158783121 6.622899299378452e-08 -3.096975045075918e-08 6.622899299376252e-08 0.0004890285700067808
1657569309.5388415 55.35064390421492 -26.972786043054793 -1.0740775311092363 0.00027443980458300045 -2.347172246291962e-06 -7.482223455474026e-08 -2.347172246292131e-06 0.0002771393439652714 9.180221104396899e-08 -7.482223455474967e-08 9.180221104397823e-08 0.0002769358596986144
1657569309.7388415 55.131499373101995 -26.92298313211514 -1.0748655207214013 0.0004798322487893081 -3.199772116091835e-06 -1.3163950770395912e-07 -3.199772116092323e-06 0.0004882909493685916 1.322652961910092e-07 -1.3163950770393368e-07 1.3226529619097926e-07 0.0004889111020523828
1657569309.9388416 54.91021673805902 -26.875793845239514 -1.075688635204555 0.00027492833666612404 -2.3622734720734227e-06 -8.39156628615045e-08 -2.3622734720734595e-06 0.0002773886437285678 9.478641706396292e-08 -8.39156628615089e-08 9.478641706396556e-08 0.0002772780702233509
1657569310.1388416 54.688438767577004 -26.834355691247293 -1.076451650068544 0.00048039964262951336 -3.590681259485392e-06 -9.28773363748553e-08 -3.5906812594847964e-06 0.0004888348480129468 8.11655931931127e-08 -9.287733637484365e-08 8.11655931930958e-08 0.0004891709436977709
1657569310.3388417 54.47281571843042 -26.791702448566348 -1.0776473418640933 0.00027558785879338806 -2.4075658021668836e-06 -7.568124576483519e-08 -2.4075658021669848e-06 0.00027801407288593284 3.282123935396202e-08 -7.568124576482332e-08 3.282123935394514e-08 0.0002775574522716375
1657569310.5388417 54.264488829677774 -26.746043036955815 -1.0795684765691096 0.00048790311798199845 -3.2652476321703575e-06 -1.4746842203193087e-07 -3.2652476321712875e-06 0.0004959190287920861 2.225994039777711e-08 -1.4746842203193616e-07 2.2259940397757066e-08 0.000495955153633102
1657569310.7388418 54.05697791824762 -26.70300397566549 -1.0822116381073241 0.0002681654958838151 -2.2666817967395896e-06 -1.0346918373905045e-07 -2.2666817967393186e-06 0.0002705079639325226 1.159892324522541e-08 -1.0346918373904642e-07 1.1598923245225437e-08 0.00026998352009080154
1657569310.9388418 53.84524029074473 -26.66314979583306 -1.084913812401148 0.00048589580069722285 -3.3365495580731677e-06 -1.2812569569798765e-07 -3.336549558073166e-06 0.000493843667109018 -2.7349429931207257e-08 -1.2812569569799662e-07 -2.734942993119857e-08 0.000493712491967932
1657569311.1388419 53.62680654243031 -26.620068495941627 -1.0861219794648438 0.00026788757040528216 -2.2468336286893495e-06 -4.66141233052218e-08 -2.246833628689297e-06 0.0002704942743043237 5.896209339708635e-09 -4.661412330521143e-08 5.8962093397080146e-09 0.0002698440457406687
1657569311.338842 53.403121833215415 -26.571131152386215 -1.0852062034091472 0.00048555375142661435 -3.346591528950327e-06 -4.1611857707972676e-08 -3.34659152895075e-06 0.0004947117452931041 2.6269608137219973e-08 -4.1611857707995374e-08 2.6269608137237394e-08 0.0004943627561202087
1657569311.538842 53.180388562118374 -26.51916559775375 -1.082786912272483 0.0002678185356988782 -2.1785680096150837e-06 -4.246619070274017e-08 -2.17856800961495e-06 0.0002706446207265467 3.3024123930492475e-08 -4.2466190702751604e-08 3.3024123930505346e-08 0.0002699509081016037
1657569311.738842 52.9616183836594 -26.46665830997362 -1.0800626566288962 0.00048595690216200136 -3.2675271663977774e-06 1.476341944084486e-08 -3.267527166399041e-06 0.0004950833453979909 2.664050829054053e-08 1.4763419440824587e-08 2.6640508290538874e-08 0.0004945759562451139
1657569311.938842 52.74520599500751 -26.41511325879605 -1.0789231448455918 0.00026755637017226937 -2.2384318739327535e-06 -6.080820112614954e-08 -2.238431873932787e-06 0.0002702775208440296 2.1307975662012583e-08 -6.08082011261514e-08 2.130797566202119e-08 0.00026948998733670267
1657569312.138842 52.53083388877471 -26.36400415472344 -1.0799540974076813 0.00048582032581124396 -3.173575830896505e-06 -9.933762530148117e-08 -3.1735758308978517e-06 0.0004945215677191568 2.532197943362508e-08 -9.93376253015224e-08 2.532197943362334e-08 0.0004940789587472914
1657569312.3388422 52.32012211488951 -26.310469367206693 -1.0821361292917109 0.0002674837938198419 -2.1419883768474575e-06 -9.709625171983913e-08 -2.141988376847208e-06 0.00027006307514187554 5.1494869528361133e-08 -9.709625171983866e-08 5.1494869528359386e-08 0.00026932119346012037
1657569312.5388422 52.11228944805466 -26.254029721593493 -1.0845287636125356 0.0004856645893874688 -2.921832815089731e-06 -2.0335987941882264e-07 -2.9218328150900894e-06 0.0004940753811035696 4.079825095060679e-08 -2.0335987941890237e-07 4.0798250950655086e-08 0.0004935455933777629
1657569312.7388422 51.90318744401143 -26.19756975247579 -1.0864323025707143 0.00026771795916648766 -2.1355643653123177e-06 -1.2929442940435626e-07 -2.1355643653120848e-06 0.0002703688297117324 5.011005671041289e-08 -1.292944294043571e-07 5.0110056710414826e-08 0.00026955938063317065
1657569312.9388423 51.690086042312565 -26.140822729360174 -1.087318102681282 0.0004860166079742192 -2.7367403100033584e-06 -1.1721028173417412e-07 -2.7367403100026435e-06 0.0004949791265294986 1.9999541094269347e-08 -1.1721028173423272e-07 1.999954109431459e-08 0.0004945736515179747
1657569313.1388423 51.472295428851986 -26.079575071631083 -1.0867789194294737 0.0002661273988105826 -1.9121164448202174e-06 -3.979582609249281e-08 -1.9121164448204016e-06 0.00026917014581856106 2.240688370736909e-08 -3.979582609248496e-08 2.2406883707369082e-08 0.0002684952601687375
1657569313.3388424 51.25168228124552 -26.015076536501457 -1.0849519133241035 0.0004790837504468762 -2.491510890374962e-06 -1.2593702574142142e-08 -2.491510890375097e-06 0.0004886690166599287 2.1717482133326616e-08 -1.2593702574170282e-08 2.171748213334054e-08 0.00048821590759707715
1657569313.5388424 51.03317224903697 -25.95630002797201 -1.0826888176747873 0.000273567413834413 -2.009101873656274e-06 8.480216467421458e-11 -2.009101873656421e-06 0.00027654430973558856 2.5363497005127954e-08 8.480216467754616e-11 2.536349700513043e-08 0.00027578281588204343
1657569313.7388425 50.8191801907928 -25.90679840778736 -1.0809286049476545 0.0004885974916321449 -2.783279869817249e-06 1.6305714629552535e-08 -2.7832798698165493e-06 0.0004977467438883402 2.03614164380843e-08 1.6305714629536878e-08 2.036141643809785e-08 0.0004970216283471461
1657569313.9388425 50.60814414483062 -25.863230371677464 -1.0807397013664901 0.00026592735611016604 -2.102797145396889e-06 -1.8992439911111238e-08 -2.1027971453969266e-06 0.00026863412955416033 -1.3717698802728557e-09 -1.8992439911112776e-08 -1.3717698802659e-09 0.00026763605311430096
1657569314.1388426 50.398325488027695 -25.822049750783588 -1.082348436033606 0.0004806282821699736 -2.7419835946459665e-06 -1.0008839258025125e-07 -2.7419835946457277e-06 0.0004889767227738732 1.3295646010788535e-08 -1.0008839258025949e-07 1.329564601078883e-08 0.0004883455043172829
1657569314.3388426 50.18798969433087 -25.780464258285 -1.0849674771084334 0.00027115233425958066 -2.0927152058962107e-06 -7.114019803078043e-08 -2.0927152058960345e-06 0.00027391366895421134 5.0377434585331366e-08 -7.114019803078082e-08 5.037743458534564e-08 0.00027318887723616354
1657569314.5388427 49.9750038905224 -25.740510338016637 -1.087580303684944 0.00048187958260644524 -2.63086397075943e-06 -1.7446928900491532e-07 -2.630863970759739e-06 0.0004903761528746509 9.951872248823071e-08 -1.7446928900479427e-07 9.951872248812448e-08 0.0004901017199164528
1657569314.7388427 49.75709541262741 -25.710499117519316 -1.0889333481930938 0.00027155567171840316 -2.1752508601079838e-06 -6.328280074194007e-08 -2.1752508601081163e-06 0.0002742468615075319 9.423256173966197e-08 -6.328280074194628e-08 9.4232561739668e-08 0.00027372874048426136
1657569314.9388428 49.540671756459474 -25.692256062813808 -1.0887976971785411 0.00048184924184258265 -3.188445987280511e-06 -4.115843286303148e-08 -3.188445987280344e-06 0.0004904187422993248 1.4796450228802144e-07 -4.115843286301483e-08 1.479645022880221e-07 0.0004903904733314664
1657569315.1388428 49.3426760825575 -25.67862334966064 -1.0881966629716378 0.00027173157413384744 -2.1249654579258e-06 -4.100693106803869e-08 -2.1249654579259035e-06 0.00027398740458599904 8.314657732868714e-08 -4.100693106805423e-08 8.314657732868723e-08 0.00027333750472949134
1657569315.3388429 49.17447673318005 -25.6665468387788 -1.0876037594828194 0.00048183456135340527 -2.5257834018376964e-06 -4.7361647786306066e-08 -2.5257834018364534e-06 0.0004874181686695999 9.037295226486566e-08 -4.7361647786285935e-08 9.037295226486102e-08 0.000486822067764885
1657569315.538843 49.039704817290804 -25.65914814323008 -1.0867008041303206 0.0002717889734679666 -1.8888787442605594e-06 -4.96470332344004e-08 -1.8888787442604747e-06 0.000272580574355146 6.835556205643598e-08 -4.9647033234387935e-08 6.835556205643043e-08 0.0002716464300364468
1657569315.738843 48.94506314157308 -25.656864939307876 -1.085951386689503 0.00048174745881472485 -2.0769029856788983e-06 6.625957586760847e-08 -2.0769029856802336e-06 0.00048456776553124407 1.0338400190649905e-07 6.625957586767337e-08 1.0338400190643097e-07 0.0004839184318202177
1657569315.938843 48.90121660814595 -25.65593390722097 -1.0868778815530014 0.0002715516829513229 -1.8616400932204665e-06 6.682190890663536e-08 -1.8616400932203196e-06 0.00027244344923578305 8.58449155611346e-08 6.682190890663834e-08 8.584491556112969e-08 0.0002716340268135528
1657569316.138843 48.89993160332835 -25.65395177229746 -1.0894356033891357 0.0004815998797250353 -1.8184124264956962e-06 7.389712464305826e-08 -1.8184124264947719e-06 0.00048272134947469574 9.210066583575797e-08 7.389712464304903e-08 9.210066583583897e-08 0.00048186191556456333
1657569316.338843 48.90860603246988 -25.651334546967316 -1.0915390036540795 0.0002716239616787402 -1.6190750157815323e-06 -2.999623378001833e-08 -1.6190750157815675e-06 0.00027091256561455416 5.927280222722159e-08 -2.999623378001397e-08 5.927280222720723e-08 0.0002698676218960714
1657569316.5388432 48.91014349899707 -25.64907322280499 -1.0922884482078494 0.0004818359018390859 -1.4333083892845554e-06 -8.98306354752119e-09 -1.4333083892845672e-06 0.00048101881419439197 3.6455166955952495e-08 -8.98306354752221e-09 3.6455166955955784e-08 0.00048008711007151595
1657569316.7388432 48.90960443768562 -25.647740783274422 -1.092479057500755 0.00027233045068649636 -1.5168858635310368e-06 -3.1329404270845474e-08 -1.516885863531151e-06 0.0002711513697231405 3.272849150243875e-08 -3.132940427084057e-08 3.272849150243048e-08 0.00027013229199125986
1657569316.9388433 48.910094382467925 -25.647206820800093 -1.0926409145702807 0.000489373357854456 -1.3805457060825372e-06 -1.5191320182360433e-08 -1.3805457060802724e-06 0.0004882260231188596 2.2164370728030825e-08 -1.5191320182334013e-08 2.2164370728036175e-08 0.0004873436613879004
1657569317.1388433 48.910283881372735 -25.64666228973138 -1.0928108990678342 0.00026443707159725044 -1.5060633904950995e-06 -1.7840351897246482e-08 -1.5060633904949868e-06 0.0002631719539993777 2.4675013970292168e-08 -1.7840351897238915e-08 2.46750139702863e-08 0.0002622139675145432
1657569317.3388433 48.910213668056 -25.64610378258536 -1.092899908963465 0.0004800906262675365 -1.496061364367737e-06 -7.938338339972589e-08 -1.4960613643689364e-06 0.0004788785769999152 5.6242625799799266e-08 -7.938338339975673e-08 5.624262579976369e-08 0.0004779500483131338
1657569317.5388434 48.912027981359 -25.646538190100923 -1.0927127996078012 0.00027238946182319676 -1.6727988430176736e-06 -9.297935596035054e-08 -1.6727988430177424e-06 0.0002710926529244409 7.227271610614107e-08 -9.297935596035576e-08 7.227271610614557e-08 0.00027007996709142745
1657569317.7388434 48.913233279370836 -25.646751380633482 -1.0926326395809938 0.0004895504042486486 -1.5264967035708654e-06 -3.002233922736394e-08 -1.5264967035710954e-06 0.0004888503308298288 1.1750238698997538e-07 -3.002233922748772e-08 1.1750238699000932e-07 0.00048822215730366875
1657569317.9388435 48.904774232503065 -25.642771214777945 -1.0937593016532503 0.00026518890185144294 -1.8232926391488498e-06 4.196237374408152e-09 -1.8232926391487352e-06 0.0002650924763437923 1.1491137406328173e-07 4.196237374408076e-09 1.1491137406328298e-07 0.00026443184328507434
1657569318.1388435 48.864887092510585 -25.635687404849683 -1.095827582698021 0.0004870069992219086 -2.914395287052233e-06 1.9016095471428038e-07 -2.9143952870527028e-06 0.0004911843047840399 2.1111785156594354e-07 1.9016095471419668e-07 2.111178515659855e-07 0.000491218635942107
1657569318.3388436 48.7565322120595 -25.633272404319293 -1.0966929189752017 0.0002651856973327509 -2.940929798816093e-06 1.2758633247745728e-07 -2.9409297988160544e-06 0.0002695983322277568 1.5614179893868163e-07 1.2758633247745913e-07 1.5614179893869608e-07 0.000269427856427654
1657569318.5388436 48.57584930835617 -25.63416335908741 -1.0956726558073087 0.0004787045801340101 -3.369302939722718e-06 1.0332365640661561e-07 -3.3693029397235604e-06 0.0004866961996247541 2.828386556192348e-07 1.033236564066372e-07 2.8283865561922566e-07 0.00048785750675360876
1657569318.7388437 48.363568565889985 -25.624229701617296 -1.0943748214405455 0.000273393723719775 -1.973340125632364e-06 -3.80046316258835e-08 -1.97334012563247e-06 0.000275254957865662 2.0158563570443722e-07 -3.800463162591819e-08 2.0158563570447615e-07 0.0002758031834034425
1657569318.9388437 48.144363357777706 -25.602396441535287 -1.0935629104327125 0.0004801285166542299 -1.8623612133400098e-06 -1.8668219822506534e-07 -1.8623612133407361e-06 0.0004885514152207578 2.791954129528697e-07 -1.8668219822501415e-07 2.7919541295284477e-07 0.0004902770754029088
1657569319.1388438 47.918112497025966 -25.58511938714415 -1.0926136639860196 0.000274116662892305 -1.9790304208462997e-06 -8.495832685305791e-08 -1.9790304208462696e-06 0.0002771513858675452 1.1494917458073427e-07 -8.495832685305211e-08 1.14949174580731e-07 0.000277602151028833
1657569319.3388438 47.68828021878208 -25.57583518828613 -1.0910639300570728 0.00047981695733571763 -2.1354262920435455e-06 -1.9246806280164886e-07 -2.1354262920434007e-06 0.0004893013044331244 7.952140105715173e-08 -1.9246806280155936e-07 7.952140105709701e-08 0.0004910447028008938
1657569319.5388439 47.46490934706189 -25.560152135366195 -1.0888915877113143 0.00027467781383568165 -1.8766037674380862e-06 -1.0065598370644202e-07 -1.8766037674381462e-06 0.00027763151289438844 -2.2386271752080372e-08 -1.0065598370643821e-07 -2.2386271752081652e-08 0.00027821126475149996
1657569319.738844 47.24902464719817 -25.536162020780203 -1.0870305583409972 0.0004802192797162756 -1.664109434298149e-06 -2.7046718600813604e-07 -1.6641094342977158e-06 0.0004890986991487734 -1.91260088887237e-07 -2.704671860080676e-07 -1.912600888872648e-07 0.0004910831469622209
1657569319.938844 47.0295218297872 -25.518783752282474 -1.0875680258733786 0.0002752053035497684 -1.7911333692011349e-06 -1.8636811964034418e-07 -1.791133369200998e-06 0.00027829646773774874 -1.8775446048769394e-07 -1.8636811964035805e-07 -1.8775446048769225e-07 0.0002790308645752459
1657569320.138844 46.80385098309214 -25.509705148283196 -1.0900456447824298 0.0004879632836096678 -2.07393255256177e-06 -3.939118925830752e-07 -2.073932552560754e-06 0.0004973366407265156 -3.950184622628635e-07 -3.9391189258307434e-07 -3.9501846226283144e-07 0.0004992103637736412
1657569320.338844 46.58144542805431 -25.49268094360074 -1.0907864944690844 0.00026823016150216353 -1.6686974979712348e-06 -1.5232736134539883e-07 -1.668697497971045e-06 0.00027102128555602596 -1.9458930169239719e-07 -1.5232736134540362e-07 -1.9458930169239433e-07 0.00027135591978386255
1657569320.538844 46.365864417727124 -25.463917517900327 -1.089088227514322 0.00048606553224766444 -1.4383172506013321e-06 -2.845755162793332e-07 -1.4383172506017296e-06 0.0004950117593484268 -3.0712516824387616e-07 -2.84575516279247e-07 -3.0712516824393656e-07 0.0004959541856357127
1657569320.7388442 46.151714525130856 -25.436682533431817 -1.0882129300923296 0.0002684799508648935 -1.6345694400252777e-06 -1.5189567655274648e-07 -1.6345694400252146e-06 0.0002713948001620988 -1.1141270811218931e-07 -1.5189567655274163e-07 -1.1141270811219292e-07 0.0002710566021967358
1657569320.9388442 45.93525895844915 -25.41510649614786 -1.0891810393129155 0.0004882896115790627 -1.3776990154821912e-06 -3.389918191783163e-07 -1.3776990154821918e-06 0.000497707453418931 -1.017026221147594e-07 -3.389918191782891e-07 -1.0170262211473225e-07 0.0004977818272011641
1657569321.1388443 45.715870388670524 -25.390353317438176 -1.0898320547374147 0.00028139485634809153 -1.513139182927427e-06 -1.7808253922705162e-07 -1.513139182927486e-06 0.0002853285911425653 1.4246937716990847e-08 -1.7808253922705262e-07 1.4246937716977975e-08 0.0002846961948814643
1657569321.3388443 45.4933032710401 -25.359939371559307 -1.0890267026548677 0.0005525232472308506 -1.0163616684437711e-06 -4.388107460147186e-07 -1.0163616684433027e-06 0.0005696155503971789 4.431191915400844e-08 -4.388107460146728e-07 4.431191915400699e-08 0.0005695930944907571
1657569321.5388443 45.26745539679053 -25.33072992398045 -1.0871781141984151 0.00047115313434093836 -2.2140952054741635e-06 -3.9852855659520795e-07 -2.2140952054738615e-06 0.0004875619472388154 1.199752910260523e-07 -3.985285565951951e-07 1.1997529102603892e-07 0.00048681556778699356
1657569321.7388444 45.03937225500877 -25.30591226477049 -1.0848446782051766 0.0036004304431608413 -5.774749105114039e-06 -3.391331317829188e-06 -5.774749105114071e-06 0.0037932716916366065 8.795608022742697e-07 -3.3913313178292034e-06 8.795608022742659e-07 0.0037971150934037728
1657569321.9388444 44.811576249264405 -25.283308887451618 -1.0826665960612845 0.004054120073092032 -7.798742245273645e-06 -4.592265922413139e-06 -7.798742245257658e-06 0.004321842571682226 1.23745674675353e-06 -4.592265922412654e-06 1.2374567467533655e-06 0.004325794259690226
1657569322.1388445 44.58672030241062 -25.260142418103186 -1.0813250336842615 0.0009699022968797647 -3.3766662087217716e-06 -8.573344342198757e-07 -3.376666208721022e-06 0.0010164198178495953 3.455985946961266e-07 -8.573344342198412e-07 3.4559859469602005e-07 0.0010158346604394128
1657569322.3388445 44.36740424103212 -25.233472681824495 -1.0814956914428542 0.00033087979506106696 -1.536765399011907e-06 -2.1021956558557775e-07 -1.536765399012015e-06 0.00033818499781663417 8.298379618847145e-08 -2.1021956558559016e-07 8.298379618848387e-08 0.0003373851817793517
1657569322.5388446 44.152458289791774 -25.202750641708676 -1.0831133619839137 0.0005163461715630599 -1.5569521339299674e-06 -3.7594601504866397e-07 -1.5569521339289861e-06 0.0005288759608448638 4.40170210596992e-08 -3.759460150486811e-07 4.40170210597103e-08 0.0005279622482255935
1657569322.7388446 43.93604451562655 -25.169222638724662 -1.085439382880066 0.0002728027039861837 -1.5150127342027764e-06 -1.4693569091424956e-07 -1.515012734202556e-06 0.00027656488993393235 1.0694374015780986e-08 -1.4693569091427513e-07 1.069437401579437e-08 0.0002754974893628092
1657569322.9388447 43.71592696166461 -25.13386134241102 -1.0875969343863117 0.0004860755017113028 -1.4650166351838704e-06 -4.13334795039754e-07 -1.4650166351829293e-06 0.0004960813699906275 3.2148096904095845e-08 -4.133347950396852e-07 3.214809690404856e-08 0.000494937059523896
1657569323.1388447 43.49499591432799 -25.097341672782836 -1.0884740110067785 0.00026923009881271086 -1.6648004134846712e-06 -1.6269558768993573e-07 -1.6648004134847466e-06 0.00027255000913119134 3.465071221279873e-08 -1.6269558768993886e-07 3.4650712212804823e-08 0.0002713080344899595
1657569323.3388448 43.277332261323785 -25.06098717807822 -1.0880646069103073 0.000483714424753395 -1.48006714139039e-06 -3.368467029798919e-07 -1.480067141391111e-06 0.0004933747260669408 1.6926086390288764e-08 -3.3684670298000765e-07 1.692608639033837e-08 0.0004923352625194647
1657569323.5388448 43.06801654060776 -25.026924892936293 -1.0877024286024137 0.0002681470758247497 -1.622825878983957e-06 -1.6660741301112588e-07 -1.622825878983826e-06 0.0002710620536897055 3.497133389613277e-08 -1.666074130111174e-07 3.4971333896136956e-08 0.0002700075316872802
1657569323.7388449 42.869208978747636 -24.992861384776102 -1.088368551054458 0.0004762982191156017 -1.6877305665885889e-06 -3.184386796485155e-07 -1.687730566587834e-06 0.00048423551346299685 9.212611743992894e-08 -3.1843867964849945e-07 9.212611743990073e-08 0.00048350312781296977
1657569323.938845 42.6791311924695 -24.950769014347184 -1.090413051597811 0.00027518245681930917 -1.7736964558610956e-06 -1.653841625453163e-07 -1.7736964558608548e-06 0.0002778108362516766 1.0707479549682477e-07 -1.6538416254530835e-07 1.0707479549683502e-07 0.00027693725868430515
1657569324.138845 42.49129407344261 -24.90031543988057 -1.0928885669100923 0.0004779371462082539 -1.2328414129400246e-06 -3.978056839007851e-07 -1.2328414129407291e-06 0.00048519271902036225 1.4379005704914722e-07 -3.97805683900844e-07 1.4379005704919312e-07 0.0004850867831075139
1657569324.338845 42.293528641150886 -24.851230386578134 -1.0930887892001944 0.0002753797811472014 -1.551849115530187e-06 -1.4005000969732312e-07 -1.5518491155300405e-06 0.00027828673823361675 1.8746195491756115e-08 -1.400500096973238e-07 1.874619549174092e-08 0.00027768621110302967
1657569324.538845 42.082499191922516 -24.806251739744543 -1.0884698565118252 0.0004786926473244164 -1.4525966338581941e-06 -2.8979704904930637e-07 -1.4525966338577552e-06 0.0004874484764322298 -1.3935291849796764e-07 -2.897970490493169e-07 -1.393529184979735e-07 0.0004868819416270001
1657569324.738845 41.86654469190729 -24.75892804696791 -1.0768979551081796 0.00027618720925049 -1.5902303354445996e-06 -5.708253846968907e-08 -1.590230335444441e-06 0.0002795498448987742 -1.4758264474715962e-07 -5.708253846969802e-08 -1.475826447471409e-07 0.00027845523045538306
1657569324.9388452 41.648753594314634 -24.70751985571771 -1.060114032808195 0.00048661613981158006 -1.2300321196631646e-06 1.0718490643448234e-07 -1.2300321196635491e-06 0.0004968218396114026 -2.705068015733825e-07 1.0718490643421821e-07 -2.705068015731687e-07 0.0004958894408383146
1657569325.1388452 41.42444571431097 -24.65708546193995 -1.0447562555141046 0.0002697936804284602 -1.5496321648567956e-06 -2.101021482991384e-09 -1.5496321648568765e-06 0.0002738130425805237 -1.1668348801165258e-07 -2.1010214830036196e-09 -1.1668348801162829e-07 0.0002726648489028944
1657569325.3388453 41.19221980496535 -24.60865748401017 -1.0335487296686354 0.0004905500857640165 -1.2798207200929055e-06 2.331575219088815e-08 -1.2798207200921811e-06 0.0005025309146774201 -1.6314584360453867e-07 2.3315752190813943e-08 -1.6314584360452253e-07 0.0005015378498354345
1657569325.5388453 40.95560087887211 -24.557612330844265 -1.0243630896915914 0.00028031126822925716 -1.4475783000838645e-06 -4.807796738856425e-08 -1.4475783000841779e-06 0.0002855533960955095 -4.655456595948044e-08 -4.8077967388566744e-08 -4.6554565959481964e-08 0.00028432317668511165
1657569325.7388453 40.71913071897505 -24.502291545050216 -1.0170202472055858 0.000562346904190382 -7.033205943741969e-07 -2.155935699671009e-07 -7.033205943729701e-07 0.00058278107139119 -3.393055291838261e-08 -2.1559356996711892e-07 -3.393055291830447e-08 0.0005816365037903652
1657569325.9388454 40.48815620054526 -24.445324126535848 -1.014587682138822 0.00045583268132673996 -1.6193963844557055e-06 -3.940374254184349e-07 -1.6193963844555025e-06 0.0004735961871819072 7.680549032123163e-08 -3.94037425418441e-07 7.68054903212441e-08 0.000471573181385445
1657569326.1388454 40.264097718876506 -24.388501902400233 -1.017613991556582 0.0035824071706890264 4.176741754566303e-06 -6.056531041935669e-06 4.176741754566462e-06 0.0037813190127086167 1.0342565188890826e-06 -6.056531041935635e-06 1.0342565188889437e-06 0.0037750637380173768
1657569326.3388455 40.04305114162093 -24.332278849892102 -1.0233351444546552 0.004067707828811319 7.551942791656648e-06 -8.338059738235724e-06 7.5519427916524944e-06 0.004345267106658275 1.8491491786832215e-06 -8.338059738235186e-06 1.8491491786829045e-06 0.004336953800584684
1657569326.5388455 39.820685708219926 -24.277111605311287 -1.0285885629543545 0.000990812324810569 -5.759591318891836e-07 -1.1813723199086411e-06 -5.759591318893245e-07 0.001042078320159152 6.129478481349497e-07 -1.181372319908072e-06 6.129478481348748e-07 0.0010383624287210733
1657569326.7388456 39.59279337775141 -24.22348832726504 -1.0301416337515523 0.00031890543127137676 -1.2269907065057122e-06 -8.024367318315885e-08 -1.2269907065058428e-06 0.0003272973963806986 1.8803222859544294e-07 -8.024367318318584e-08 1.8803222859547163e-07 0.0003257023105401332
1657569326.9388456 39.361163098355505 -24.171501115583226 -1.0290017254859878 0.0005069243293967473 -1.084238723069074e-06 -1.2964463636954012e-07 -1.0842387230710876e-06 0.000521369191924922 2.0919444331982996e-07 -1.2964463636956714e-07 2.091944433198083e-07 0.000519765828486433
1657569327.1388457 39.13495763885983 -24.121910269835624 -1.030429082954193 0.00027744307373452564 -1.4754517179381277e-06 -1.2735211720418115e-07 -1.4754517179384098e-06 0.000281833612341895 9.945828524848675e-08 -1.273521172041858e-07 9.945828524846324e-08 0.00028045744093301364
1657569327.3388457 38.918279162682985 -24.075860898658924 -1.0365134864564258 0.0004815696077213313 -1.1753073920211522e-06 -2.9677509994269965e-07 -1.1753073920205144e-06 0.000491906043431301 8.809517104146247e-08 -2.9677509994274375e-07 8.809517104148543e-08 0.0004906411331065369
1657569327.5388458 38.70796633211093 -24.03524066212134 -1.0452167325998367 0.0002748509496625969 -1.5726409769534484e-06 -1.6049666161590182e-07 -1.572640976953455e-06 0.00027849031339000026 3.078795523186167e-08 -1.604966616158948e-07 3.0787955231870227e-08 0.00027714950512664
1657569327.7388458 38.499820567970545 -23.999459975535768 -1.0540725724143827 0.0004873717034063529 -1.2763376627072465e-06 -4.0758564835961684e-07 -1.2763376627061366e-06 0.0004966747419870068 -2.250633186711988e-08 -4.075856483596984e-07 -2.2506331867055502e-08 0.0004955976048158534
1657569327.9388459 38.28877283422422 -23.965238129621476 -1.060309825050583 0.00026764402908957205 -1.6071688452570955e-06 -1.4788311900717488e-07 -1.6071688452569862e-06 0.0002711074507433654 -1.799692975421777e-08 -1.4788311900719227e-07 -1.7996929754223514e-08 0.0002699031720721478
1657569328.138846 38.070977651284934 -23.932782455421158 -1.063064463060307 0.0004862214874552309 -1.3393000332628689e-06 -2.2964553480885365e-07 -1.3393000332634692e-06 0.0004961289706691336 -3.498657056109472e-08 -2.2964553480883152e-07 -3.498657056111128e-08 0.000495232207092284
1657569328.338846 37.844490856033204 -23.907277801612654 -1.0636875462827584 0.0002666200762261874 -1.741964923943561e-06 -9.650500793275697e-08 -1.7419649239437852e-06 0.0002705321963185127 1.8932115810918596e-08 -9.650500793273873e-08 1.8932115810926455e-08 0.00026947065693419574
1657569328.538846 37.61229458540011 -23.88921399470727 -1.0633230361993042 0.00048302756102966003 -1.5569084422072673e-06 -1.0475674262258147e-07 -1.556908442206761e-06 0.000494397909838866 -1.0727292071545849e-07 -1.0475674262266089e-07 -1.0727292071536977e-07 0.0004943647317634428
1657569328.738846 37.38313149487708 -23.87271724682421 -1.0627632244359648 0.00028598725362565284 -1.7696261265536714e-06 -1.3063083823557637e-07 -1.769626126553895e-06 0.000291267747213911 -1.6136562451681054e-07 -1.3063083823554803e-07 -1.6136562451683002e-07 0.00029089952790346883
1657569328.938846 37.15849896446048 -23.857913085533088 -1.0631428262703682 0.0005590934182428043 -1.7092597447638932e-06 -3.4465220076149855e-07 -1.709259744762687e-06 0.000577976347587364 -6.23196856941375e-07 -3.446522007614738e-07 -6.231968569414415e-07 0.0005788028545137893
1657569329.1388462 36.93060226016763 -23.853595714228934 -1.066157418128695 0.0004649129131172186 -3.3032540137399342e-06 -6.09262150673433e-07 -3.30325401373929e-06 0.00048341162720843953 -8.996098046270154e-07 -6.092621506735024e-07 -8.996098046269815e-07 0.00048334971944383404
1657569329.3388462 36.6985755507995 -23.86335493057456 -1.0718822544759692 0.003607334604486574 -1.845871841761891e-05 -7.402248229784537e-06 -1.8458718417614174e-05 0.003819885673406396 -1.1056761374059877e-05 -7.402248229784253e-06 -1.1056761374059859e-05 0.0038342710745854483
1657569329.5388463 36.470852911148334 -23.882980652001244 -1.0784509659685806 0.004089780527164248 -2.061759727095117e-05 -1.0402560424219292e-05 -2.0617597270955573e-05 0.004386619700099552 -1.4901946501790139e-05 -1.0402560424218693e-05 -1.4901946501791025e-05 0.004402167885796712
1657569329.7388463 36.25621113787195 -23.906956701886983 -1.0837625336939776 0.000999764825851699 -4.935232227422743e-06 -2.350014147921779e-06 -4.935232227422489e-06 0.0010552755211535746 -3.494623851294123e-06 -2.3500141479214386e-06 -3.4946238512940087e-06 0.0010560243136947542
1657569329.9388463 36.06306282013873 -23.929221341649413 -1.085731836863078 0.0003173271067109317 -1.6846969885096775e-06 -4.659574302743445e-07 -1.6846969885098622e-06 0.0003253990784981856 -4.3760957203785024e-07 -4.659574302743469e-07 -4.376095720378394e-07 0.0003239372214369197
1657569330.1388464 35.895385546263576 -23.9454937723525 -1.085544145510342 0.0005185896225170211 -1.80456735463893e-06 -3.5862669278423154e-07 -1.8045673546357768e-06 0.0005292003472373723 3.187382245725824e-07 -3.5862669278424916e-07 3.187382245725605e-07 0.000527285777230101
1657569330.3388464 35.75135375743269 -23.951479094958096 -1.087938404082031 0.0002692651550142261 -1.5934633759042942e-06 -1.4985651366631394e-07 -1.5934633759046677e-06 0.000271643374416176 5.554102482104717e-07 -1.4985651366633016e-07 5.554102482104934e-07 0.0002705363060035192
1657569330.5388465 35.63510563626312 -23.948695784744636 -1.0935749426332697 0.0004944214358433783 -9.189458546208365e-07 -3.520773301086526e-07 -9.189458546219568e-07 0.0004992392032273727 8.878287781437477e-07 -3.5207733010868054e-07 8.878287781437539e-07 0.000498848562129824
1657569330.7388465 35.5588203527471 -23.94565152805892 -1.0976620408004798 0.0002755449641643847 -1.3516556716445448e-06 -2.2513738643400574e-07 -1.3516556716448847e-06 0.0002771765484093208 3.748723324882044e-07 -2.2513738643405032e-07 3.748723324882312e-07 0.00027604244427676815
1657569330.9388466 35.52267659969607 -23.946189970533656 -1.098273862406393 0.0005470610205983315 -1.0717114306430996e-06 -1.8070898278654963e-07 -1.0717114306423873e-06 0.0005488007897449511 3.8287944463597345e-07 -1.8070898278655193e-07 3.8287944463594317e-07 0.0005478786626288966
1657569331.1388466 35.5103902990365 -23.94761025684319 -1.0978214542020943 0.0004763462324380763 -2.3833629467571183e-06 -6.690249244936328e-08 -2.3833629467572377e-06 0.0004767658424746226 1.73140181721943e-07 -6.690249244930578e-08 1.7314018172189425e-07 0.0004745429217486682
1657569331.3388467 35.50986615620978 -23.94821966767615 -1.0977900474011777 0.003615464998345921 -2.41866412033034e-06 1.8003662173469638e-07 -2.418664120327611e-06 0.00362174979079094 5.850981504304828e-07 1.800366217345006e-07 5.850981504306194e-07 0.0036186552420365203
1657569331.5388467 35.515815643894435 -23.94808529492264 -1.0980449326836794 0.004078819044370629 -2.326747514629005e-06 2.789164263359249e-07 -2.326747514635973e-06 0.004084717782694999 3.033681715315289e-07 2.7891642633633774e-07 3.0336817153133946e-07 0.004081613821362571
1657569331.7388468 35.523394249455514 -23.94741397153932 -1.0983537132668264 0.0009885476957787694 -2.319497819327442e-06 1.3963627527044919e-08 -2.3194978193274365e-06 0.000989135151273855 4.49391123633601e-08 1.3963627527045425e-08 4.4939112363333425e-08 0.0009868692929806955
1657569331.9388468 35.52785352414075 -23.946441762660427 -1.0984976892758265 0.00032139886293930874 -1.4246081266931787e-06 -2.0583159469266957e-08 -1.424608126693209e-06 0.00032128003855323435 2.6277531383511837e-08 -2.058315946929254e-08 2.6277531383501716e-08 0.0003199739597751561
1657569332.1388469 35.52819206804382 -23.945497928533 -1.098524448479615 0.0005145539700175464 -1.5345152250666568e-06 -2.965095769348495e-08 -1.5345152250644306e-06 0.0005143531435604729 1.5303798366274594e-08 -2.965095769345192e-08 1.5303798366322514e-08 0.0005129817793812252
1657569332.338847 35.52822229739676 -23.94499028647119 -1.0988100741235793 0.0002718185193247463 -1.6427097561249507e-06 -4.608672107717931e-08 -1.6427097561250439e-06 0.00027149327297906365 3.6503811895068903e-08 -4.608672107716521e-08 3.650381189505487e-08 0.00027005917799723345
1657569332.538847 35.5287932631712 -23.945151051651287 -1.0993949866308874 0.0004857845070504878 -1.4673739559184194e-06 -1.3437932553221993e-08 -1.4673739559182174e-06 0.0004860827607337759 1.9859891396249923e-08 -1.3437932553264035e-08 1.9859891396305678e-08 0.0004847664326431489
1657569332.738847 35.526599750897326 -23.945985899240682 -1.0998664312580306 0.00026831277985928917 -1.6094688110556552e-06 -3.135135485532986e-08 -1.6094688110558953e-06 0.00026900001410690887 3.3233864883987553e-08 -3.135135485533019e-08 3.3233864883999035e-08 0.00026757874984983823
1657569332.938847 35.52411228679548 -23.946761776771865 -1.0999813704549033 0.00048276924911236997 -1.5575722123151127e-06 -1.2113147067407198e-07 -1.5575722123130432e-06 0.0004870793058079369 3.6601998646574856e-08 -1.211314706740812e-07 3.660199864660629e-08 0.00048577923557270917
1657569333.138847 35.531160251541074 -23.945810042442606 -1.0997795952778207 0.0002740952338100353 -1.6931519814801808e-06 -2.2292388409313055e-07 -1.6931519814799381e-06 0.00028068098609912716 5.6574338745075535e-08 -2.2292388409312354e-07 5.657433874507704e-08 0.0002792627534286007
1657569333.3388472 35.53627575443439 -23.94402451172702 -1.100009845199613 0.0005076916343142941 -1.0571496174393739e-06 -7.27104104444096e-07 -1.0571496174433653e-06 0.0005315150412779191 7.221130921253137e-08 -7.271041044440978e-07 7.221130921249463e-08 0.0005305143485871603
1657569333.5388472 35.500416526768674 -23.94587385194645 -1.1022587713983416 0.000302355382463225 -1.2483452146214838e-06 -8.644890303950895e-07 -1.2483452146218015e-06 0.000328564400734797 9.638883019430795e-08 -8.644890303950996e-07 9.638883019426205e-08 0.0003272094993629324
1657569333.7388473 35.4135785803336 -23.95300378569383 -1.1068243487184597 0.0007264075622163161 1.0621033161842143e-06 -2.619567067930117e-06 1.062103316182017e-06 0.0008074271975983541 2.115131617331039e-07 -2.6195670679301954e-06 2.1151316173353455e-07 0.0008069557771950399
1657569523.0291276 -47.754144406703894 8.595344323749455 -0.1509755121336102 5.8655324418103736e-05 -4.262538032381563e-08 5.093421212220789e-08 -4.262538032364298e-08 5.658598795340567e-05 -1.4628828006353896e-07 5.093421212237484e-08 -1.462882800637314e-07 5.664213879698688e-05
1657569523.2291276 -47.95971755475027 8.495767659025876 -0.15151185883527749 0.0006647106432759881 2.2355675604447612e-06 6.196238732819132e-07 2.2355675604446045e-06 0.0006754753435318036 -9.723102798449498e-07 6.196238732819882e-07 -9.72310279844863e-07 0.0006760076849811234
1657569523.4291277 -48.161449451497624 8.412367900875093 -0.15745329734410815 5.83080689238198e-05 -9.205157630179381e-08 -2.7620210867302806e-08 -9.205157630167144e-08 5.544945528931675e-05 -5.945738685724323e-10 -2.762021086725392e-08 -5.945738685414508e-10 5.549933119301918e-05
1657569523.6291277 -48.36305293747657 8.346610845217905 -0.16522779182332106 0.0006643961078752133 2.200077540302237e-06 4.908901301409147e-07 2.20007754030236e-06 0.000672179513023466 5.962856174404386e-08 4.90890130140901e-07 5.96285617440252e-08 0.0006734124754018282
1657569523.8291278 -48.566509278967914 8.294931561839512 -0.17089017637253895 5.7891137282362634e-05 -1.0809778344754461e-07 4.835462937879851e-08 -1.080977834474964e-07 5.5026542138770364e-05 3.1897120103824755e-08 4.83546293786268e-08 3.189712010398791e-08 5.517922608170205e-05
1657569524.0291278 -48.773688212456996 8.25314372326652 -0.1711784995444914 0.0006688828622289897 2.515622287993218e-06 7.816715331123628e-07 2.515622287993198e-06 0.0006764525321177421 4.2465970486074284e-07 7.81671533112368e-07 4.246597048606956e-07 0.0006785899515019026
1657569524.229128 -48.98682216848156 8.225929703493454 -0.16831620066200595 6.174658444946317e-05 2.4155135323211394e-09 -1.3677945443474076e-09 2.415513532102094e-09 5.88442473091058e-05 2.229670029545006e-08 -1.3677945443872248e-09 2.2296700295444346e-08 5.904089285059081e-05
1657569525.8291283 -50.76107564499358 8.291952274740297 -0.15063806146461928 6.187604160705386e-05 1.8777546802162113e-08 5.1849597358567163e-08 1.8777546802173337e-08 5.8990036606386416e-05 -1.937101665923523e-08 5.184959735855408e-08 -1.9371016659174133e-08 5.908454229792432e-05
1657569526.0291283 -50.99267750967704 8.31198922064978 -0.14726966192136748 0.0006620607464549619 2.6861706188953407e-06 9.195443874776543e-07 2.6861706188954906e-06 0.0006717826064757663 -2.0878308924121693e-07 9.195443874776543e-07 -2.0878308924121532e-07 0.000672918354335616
1657569526.2291284 -51.22244306177109 8.338150167598242 -0.1443165409576283 6.136810246306655e-05 3.748546782987211e-08 1.1722335593966546e-07 3.748546782987806e-08 5.894267740599416e-05 -1.9328755998739286e-08 1.1722335593965827e-07 -1.9328755998708995e-08 5.904215764733914e-05
1657569526.4291284 -51.441788019125035 8.3753877457723 -0.143297893095841 0.0006617820155651004 2.8970088413156843e-06 7.866846275241361e-07 2.8970088413155754e-06 0.0006700891144830146 -2.3291760338384932e-07 7.866846275241205e-07 -2.3291760338385634e-07 0.0006714581970422198
1657569526.6291285 -51.653764857580114 8.419340852994733 -0.14449747002400276 6.142532301989652e-05 6.846580481005033e-08 3.307579883474687e-08 6.84658048100721e-08 5.8792797048207914e-05 -1.235773210864342e-08 3.307579883466716e-08 -1.2357732108613401e-08 5.888688164122511e-05
1657569526.8291285 -51.86576589112778 8.46266946410672 -0.14758641444947743 0.0006618508477898811 3.0618556056140727e-06 5.494752477301955e-07 3.0618556056140282e-06 0.0006697412708445733 -1.9541977647439255e-07 5.494752477301928e-07 -1.954197764743793e-07 0.0006707189529326454
1657569527.0291286 -52.08068679567291 8.502786201451277 -0.1507257339069256 6.137534878747812e-05 7.544753085517831e-08 3.555654825754645e-08 7.544753085522388e-08 5.8911985673606245e-05 -1.5389508870848287e-08 3.555654825753523e-08 -1.538950887083808e-08 5.8985603165822523e-05
1657569527.2291286 -52.29931699632827 8.538767670412373 -0.15175091239031013 0.0006612636254657936 2.9190182378771876e-06 6.561388540704995e-07 2.9190182378771732e-06 0.0006696915289425651 -1.5280574242233782e-07 6.561388540704961e-07 -1.5280574242232344e-07 0.0006704767769750992
1657569527.4291286 -52.520098702615286 8.57118413102773 -0.15052872913624563 6.132504357478771e-05 4.877661264797906e-08 6.526088194197532e-08 4.8776612647984416e-08 5.883151893080762e-05 -1.7374586346218267e-08 6.526088194195578e-08 -1.7374586346224418e-08 5.8899480721062634e-05
1657569527.6291287 -52.74099795694647 8.600752368327479 -0.14769203664470076 0.0006620291570748818 2.802817508139883e-06 7.663390765721239e-07 2.8028175081398465e-06 0.0006706188774271906 -1.910528596842433e-07 7.663390765721264e-07 -1.9105285968425045e-07 0.0006712910305135196
1657569527.8291287 -52.962183621891434 8.627580815092722 -0.1439380296133544 6.242931646862153e-05 5.0156965989181887e-08 3.926243274318524e-08 5.015696598922662e-08 5.9528545821512645e-05 -2.200720006084789e-08 3.926243274317917e-08 -2.2007200060848197e-08 5.958369553684454e-05
1657569528.0291288 -53.184542100072676 8.651161146572283 -0.1399797983176365 0.0006571820522095659 2.7640795392555764e-06 7.964190145930621e-07 2.7640795392557217e-06 0.0006656002066063465 -1.9795009657688569e-07 7.964190145930513e-07 -1.9795009657688428e-07 0.0006662877931515993
1657569528.2291288 -53.40711495166449 8.670409609533259 -0.13651070765148862 5.8197377313726655e-05 2.5989373491025706e-08 8.165525473853916e-08 2.598937349103923e-08 5.552735254778143e-05 -2.331196341616259e-08 8.165525473857175e-08 -2.331196341616125e-08 5.5581011100334134e-05
1657569528.429129 -53.62866478793323 8.68312162157552 -0.13413501407281658 0.0006641105111801966 2.377956733641675e-06 7.634927821424897e-07 2.3779567336416076e-06 0.0006728515569565585 -1.8084113884218302e-07 7.634927821424902e-07 -1.808411388421771e-07 0.0006740767904419157
1657569528.629129 -53.85065623043218 8.682471701734539 -0.13256334180550908 5.875709347189046e-05 -4.956492611340434e-08 4.628258616163401e-08 -4.9564926113437144e-08 5.602678812290166e-05 -1.7915811117758265e-08 4.628258616171661e-08 -1.7915811117809424e-08 5.619697232480376e-05
1657569528.829129 -54.07476741684133 8.661862794998498 -0.13127457482323232 0.0006637811870664886 1.187480296993763e-06 6.893349333772167e-07 1.187480296993698e-06 0.0006731975980779141 -2.6527397576697035e-07 6.893349333772212e-07 -2.652739757669506e-07 0.0006752592972531754
1657569529.029129 -54.29839724477147 8.630690820989313 -0.12997246610291568 5.858614755263231e-05 -2.97845187695299e-08 7.38201815847336e-08 -2.97845187695955e-08 5.6091372256092795e-05 -2.8600838770071524e-08 7.382018158474193e-08 -2.8600838770070733e-08 5.622195775839839e-05
1657569529.229129 -54.5188599351857 8.602808083716905 -0.12854105143137962 0.0006632734203730873 1.4592786590253355e-06 6.45174481921792e-07 1.4592786590253684e-06 0.0006730359048554448 -2.6077773700936287e-07 6.451744819217901e-07 -2.607777370093685e-07 0.0006740436200252906
1657569529.4291291 -54.740174944769954 8.579053733335806 -0.1278273110443705 5.850569387627753e-05 -2.8834164068475955e-08 5.870402552786873e-08 -2.8834164068451222e-08 5.611855859439099e-05 -1.6112927771763723e-08 5.8704025527807715e-08 -1.6112927771746e-08 5.612475777397052e-05
1657569529.6291292 -54.967957840850914 8.55588505413515 -0.12877524364674794 0.0006632856369422729 2.0242989682400037e-06 6.013379297111845e-07 2.024298968239979e-06 0.0006738659398191051 -1.4928683107795422e-07 6.01337929711185e-07 -1.492868310779496e-07 0.0006741800305798627
1657569529.8291292 -55.20102654115622 8.533172693398889 -0.13006677569036132 5.878465228885725e-05 -1.389383832803637e-08 1.1263803025511364e-08 -1.3893838328011542e-08 5.624262208343899e-05 -8.002715378586742e-09 1.1263803025553989e-08 -8.002715378695733e-09 5.6267536186192554e-05
1657569530.0291293 -55.43496267217541 8.512222167534006 -0.12993492925135133 0.0006638122965123691 2.4196981113137744e-06 7.358932228796069e-07 2.4196981113137896e-06 0.0006741936769044603 -2.032333167438264e-07 7.358932228795942e-07 -2.03233316743829e-07 0.000674645193988339
1657569530.2291293 -55.66133414149597 8.492573047557832 -0.12965208235759554 5.9328271572954424e-05 1.509861838140776e-08 8.90401210613156e-09 1.5098618381397425e-08 5.667831805908436e-05 -6.376098674358583e-09 8.904012106113568e-09 -6.3760986743597365e-09 5.672500930819313e-05
1657569530.4291294 -55.87247307024326 8.473361125183105 -0.13139749634606643 0.0006629582201853383 2.2106412280561868e-06 5.320346604808808e-07 2.210641228056175e-06 0.0006716021126515436 -1.139245700935634e-07 5.320346604808683e-07 -1.1392457009356066e-07 0.0006720528228001611
1657569530.6291294 -56.075927230552054 8.454474137615069 -0.13540061928779365 5.897218068910287e-05 4.928758161030983e-08 6.758191505770919e-08 4.9287581610156266e-08 5.637356062674141e-05 -7.823734674258281e-09 6.758191505761834e-08 -7.823734674194525e-09 5.6403191266548154e-05
1657569530.8291295 -56.28400292153416 8.43605642682524 -0.14085114697139048 0.0006632947845116566 2.2557126589828193e-06 3.873503068831916e-07 2.2557126589828782e-06 0.000671559526593092 -8.692016888812672e-08 3.8735030688319446e-07 -8.692016888813189e-08 0.000671978595307877
1657569531.0291295 -56.49945620062054 8.418294858503096 -0.14502718583823387 5.926471507199651e-05 -1.748623625496364e-08 4.2238435004327095e-08 -1.748623625493757e-08 5.66097890690964e-05 -2.4220096292414665e-08 4.223843500431698e-08 -2.4220096292390687e-08 5.661337988703414e-05
1657569531.2291296 -56.72107681992163 8.401110630008416 -0.14492188733626496 0.0006629500571967848 2.461711507062622e-06 6.432972185437142e-07 2.4617115070626254e-06 0.0006718296715101281 -2.0714133585684012e-07 6.432972185437208e-07 -2.0714133585682673e-07 0.0006723505967352402
1657569531.4291296 -56.946684247383295 8.382272133655489 -0.14113962885432108 5.91892703483941e-05 -7.885765887566164e-08 3.370305618409119e-08 -7.885765887570077e-08 5.6490688855863156e-05 -8.094012346028209e-09 3.3703056184077146e-08 -8.094012346040317e-09 5.651782473922125e-05
1657569531.6291296 -57.17348913295386 8.359322952874761 -0.1356335928087241 0.0006630752363953307 2.3711802510911038e-06 8.03096443693506e-07 2.371180251091078e-06 0.0006725298325912911 -1.6431681820051335e-07 8.03096443693497e-07 -1.643168182005126e-07 0.0006730582375602277
1657569531.8291297 -57.39693588322058 8.334085910188598 -0.13010151027979144 5.897010170628692e-05 7.923653572789797e-09 1.873303723172373e-08 7.923653572812806e-09 5.6503588990020294e-05 -5.278395213601519e-09 1.8733037231707896e-08 -5.278395213580992e-09 5.652115902009722e-05
1657569532.0291297 -57.612939308588125 8.309635713564491 -0.12601089712358568 0.0006610238232993539 2.2972239904829572e-06 6.71569842804577e-07 2.2972239904830047e-06 0.0006696611001381912 -1.2812610618243208e-07 6.715698428045623e-07 -1.2812610618242226e-07 0.0006701189627262284
1657569532.2291298 -57.82467688398662 8.286200763706052 -0.12382623247979287 5.715967954633756e-05 2.7913313446989755e-08 7.141305769090903e-08 2.7913313447006094e-08 5.442747793820785e-05 1.2521674829108405e-08 7.141305769095627e-08 1.2521674829122923e-08 5.4448086882663476e-05
1657569532.4291298 -58.03774870533264 8.262693414778697 -0.12341973905284007 0.0006650778178380328 2.3318282512024764e-06 5.736447996815319e-07 2.331828251202519e-06 0.0006735829361096472 -4.849799318849495e-08 5.736447996815377e-07 -4.849799318847664e-08 0.0006740972566655623
1657569532.62913 -58.254120440060326 8.236968238678445 -0.12283822079381466 5.7631154235424865e-05 1.6403128840848186e-08 9.529622495433458e-08 1.6403128840944053e-08 5.5078633885456864e-05 -1.9070936386248594e-08 9.529622495435706e-08 -1.907093638626908e-08 5.5142712854914056e-05
1657569532.82913 -58.474140971508625 8.207213373867488 -0.11986505254962823 0.0006639563296223305 2.2894499947219604e-06 7.127026070438873e-07 2.2894499947219977e-06 0.000673011594015568 -4.936252914625176e-08 7.127026070438871e-07 -4.9362529146247056e-08 0.0006736402375098587
1657569533.02913 -58.69690488254855 8.176491061225224 -0.11512289497050884 5.780698679419196e-05 -4.295032345718026e-08 3.592749837459666e-08 -4.295032345717744e-08 5.487740073947565e-05 -6.1354321964242335e-09 3.5927498374599085e-08 -6.135432196432847e-09 5.490421373755319e-05
1657569533.22913 -58.92104728090234 8.14891673409697 -0.11015033278921933 0.0006647419540239719 2.5590768533349774e-06 7.259721237214154e-07 2.5590768533349892e-06 0.0006739493597408537 -1.0938962775896499e-07 7.259721237214211e-07 -1.0938962775895374e-07 0.000674738927262815
1657569533.42913 -59.144955158704335 8.122586015246954 -0.10532215255034164 5.724308579616749e-05 1.0506417238326042e-07 4.2234240633964155e-08 1.050641723833147e-07 5.5112601806377806e-05 3.946654880109567e-09 4.223424063393808e-08 3.946654880118627e-09 5.5204070028549374e-05
1657569533.6291301 -59.36710216151722 8.093903262384174 -0.10066105159285205 0.0006638004197415609 2.5177269173807745e-06 6.82006511076419e-07 2.517726917380778e-06 0.0006732750581553958 -1.2657263264578368e-07 6.820065110764455e-07 -1.2657263264578776e-07 0.0006738691195941777
1657569533.8291302 -59.58684495343788 8.06342757481714 -0.09662932018844149 5.7284399248796955e-05 1.1140020817212798e-07 -4.8071668072027806e-08 1.1140020817214814e-07 5.4999648403947064e-05 -8.700490222164455e-10 -4.8071668072041134e-08 -8.700490222092094e-10 5.505725848929464e-05
1657569534.0291302 -59.804444034888355 8.03324546264297 -0.09377761470810586 0.0006641137547082299 2.555796522791859e-06 5.770626895096719e-07 2.5557965227918386e-06 0.0006731577844163463 -1.2741814984224506e-07 5.770626895096718e-07 -1.274181498422498e-07 0.0006737400714280703
1657569534.2291303 -60.02335820205511 8.004724276501374 -0.09183336573502739 5.767783627905398e-05 1.3147781637848717e-07 6.528852734225597e-08 1.314778163785918e-07 5.499838562247401e-05 5.415098632112465e-09 6.528852734225131e-08 5.415098632098435e-09 5.507384478123382e-05
1657569534.4291303 -60.247470888226616 7.978404202583427 -0.09023518399497121 0.0006647004038385981 2.82271890872143e-06 6.429026197937209e-07 2.8227189087213863e-06 0.0006738852626060323 -1.0751927766144955e-07 6.429026197936952e-07 -1.075192776614537e-07 0.0006748270943059072
1657569534.6291304 -60.47470598597183 7.951060235812048 -0.08840634987205938 5.794797496430222e-05 5.3461115686968e-08 7.88779594297568e-08 5.346111568691898e-08 5.5179636203767844e-05 -9.762654078967524e-11 7.887795942974903e-08 -9.762654078107027e-11 5.5282386776679434e-05
1657569534.8291304 -60.70101878433072 7.919081267864025 -0.08592434472945061 0.0006647238473177049 2.5680305271588743e-06 7.028856979537797e-07 2.5680305271589607e-06 0.0006741189722698437 -7.668380103126712e-08 7.028856979537786e-07 -7.6683801031283e-08 0.0006750660429007802
1657569535.0291305 -60.92483924107308 7.885979923482354 -0.08335228914577951 5.8064550446292474e-05 5.591252026008391e-08 5.1811199989285e-08 5.591252026005443e-08 5.5539295649140076e-05 2.7106177517154895e-09 5.1811199989277765e-08 2.710617751687621e-09 5.5535024661358516e-05
1657569535.2291305 -61.145927285856956 7.857033179810888 -0.08150042985007326 0.0006640330886108815 2.6419060463630237e-06 6.251978021716344e-07 2.6419060463630436e-06 0.0006730424775271678 -1.0537795523392207e-07 6.251978021716309e-07 -1.0537795523393515e-07 0.0006738401638560487
1657569535.4291306 -61.365826625917556 7.830745925047805 -0.08035871612619196 5.7968107097030725e-05 9.440208440159496e-08 8.525775305697111e-09 9.440208440158311e-08 5.538319566601721e-05 -5.3556001951843266e-09 8.525775305709205e-09 -5.355600195200165e-09 5.5450096047644284e-05
1657569535.6291306 -61.58669802176778 7.803431156236382 -0.07962830993165496 0.0006641256497907513 2.6747850475172215e-06 5.572159457886398e-07 2.674785047517217e-06 0.0006731539968282632 -1.314658777972078e-07 5.57215945788625e-07 -1.3146587779720073e-07 0.0006737709081838364
1657569535.8291306 -61.80962397409124 7.774231187113055 -0.0790354642654893 5.822152811806875e-05 8.587730314833959e-08 -2.9514269692038622e-08 8.58773031482463e-08 5.5393617934446806e-05 -2.1467519560187003e-08 -2.9514269692044174e-08 -2.146751956018989e-08 5.5423420376999406e-05
1657569536.0291307 -62.03490739442227 7.743751895227177 -0.07834650780181678 0.0006642868247084307 2.707655629435349e-06 5.70020213228105e-07 2.7076556294352934e-06 0.0006735080924712712 -1.3976369010361436e-07 5.7002021322809e-07 -1.3976369010359781e-07 0.0006742054153877037
1657569536.2291307 -62.26030560506344 7.714856716617288 -0.07750903622602982 5.8181669851140285e-05 8.128350649355001e-09 -1.374093553055389e-08 8.128350649431805e-09 5.539504114131108e-05 1.2751441346427042e-08 -1.374093553054641e-08 1.2751441346428225e-08 5.5463142067915084e-05
1657569536.4291308 -62.483004761067804 7.690371884080342 -0.07658914047822143 0.000664342112622817 2.7487210593710706e-06 5.655975894314574e-07 2.7487210593709885e-06 0.0006731161345750661 -1.604862245000101e-07 5.655975894314543e-07 -1.6048622450000513e-07 0.0006741353131642937
1657569536.6291308 -62.702847301814096 7.66687548928862 -0.07604456490989499 5.771983880331605e-05 5.467654192920175e-08 -2.2565309039435127e-08 5.467654192902088e-08 5.5357258209932824e-05 -1.548132490667874e-08 -2.2565309039408085e-08 -1.5481324906671914e-08 5.5439875062514524e-05
1657569536.829131 -62.92097340609184 7.63954546123007 -0.0763592860509042 0.000664207646675806 2.6259377610138738e-06 5.147722581109132e-07 2.625937761013864e-06 0.0006729205760806459 -1.608783741138226e-07 5.147722581109396e-07 -1.6087837411383043e-07 0.0006738965754351315
1657569537.029131 -63.13964398604352 7.610488436923995 -0.07706968323876463 5.8307978899912473e-05 6.013446586288307e-08 -1.02599672746813e-08 6.013446586288888e-08 5.540436193169212e-05 -3.1072341906749774e-09 -1.0259967274711388e-08 -3.107234190690733e-09 5.5474837175415774e-05
1657569537.229131 -63.36109685166437 7.583735263429601 -0.07739187013770385 0.0006648522116952666 2.8000590004489508e-06 5.653277037106096e-07 2.800059000448878e-06 0.0006734871905986269 -1.3022076042521103e-07 5.653277037106235e-07 -1.3022076042521622e-07 0.0006743556904000663
1657569537.429131 -63.58417592412194 7.558232445892597 -0.07693675471974434 5.874293591565593e-05 5.071325013406595e-08 2.530857418133846e-08 5.0713250134003067e-08 5.581412503661889e-05 -2.5224328093824946e-09 2.5308574181349795e-08 -2.5224328093775803e-09 5.585357761282069e-05
1657569537.629131 -63.80649217927713 7.531405868848428 -0.07561311069526902 0.0006638488212942957 2.716983669614363e-06 6.330940404300099e-07 2.7169836696143733e-06 0.0006725336996528194 -1.2091585592705548e-07 6.330940404300136e-07 -1.2091585592706507e-07 0.0006731885308817808
1657569537.8291311 -64.02617622255688 7.503830739462131 -0.07433555063055416 5.8276549663057985e-05 1.170927389024365e-07 3.368287646715952e-08 1.1709273890245e-07 5.559046696251205e-05 -7.982515765167882e-09 3.368287646716562e-08 -7.982515765163013e-09 5.563336416802817e-05
1657569538.0291312 -64.24231301846567 7.477099556283182 -0.074177911077414 0.0006639168082896229 2.709498668160885e-06 5.692049620620063e-07 2.709498668160892e-06 0.0006724480802887491 -1.2999384996700513e-07 5.692049620619923e-07 -1.2999384996699955e-07 0.0006730641339901614
1657569538.2291312 -64.45856605834784 7.451306044712209 -0.07465931400533521 5.8012958176693926e-05 1.1355294057946598e-07 2.0346350549724543e-08 1.1355294057951787e-07 5.554128356045645e-05 -1.0586370674382218e-08 2.0346350549712122e-08 -1.0586370674388864e-08 5.558103033955051e-05
1657569538.4291313 -64.67951935390471 7.425945541343094 -0.07477418909754033 0.0006636491465771681 2.870683856932814e-06 5.803757144865298e-07 2.8706838569328117e-06 0.0006726029179267969 -1.4494245591007262e-07 5.803757144865325e-07 -1.4494245591006108e-07 0.0006733002575501479
1657569538.6291313 -64.90341959249182 7.40037589902313 -0.07399553072955804 5.789008475769503e-05 1.4915309427765505e-07 4.237354347293019e-09 1.4915309427770701e-07 5.529586889898806e-05 -2.114225233994791e-08 4.237354347274744e-09 -2.1142252339943537e-08 5.5415171972752096e-05
1657569538.8291314 -65.12666308292197 7.374080675320231 -0.07212140475265334 0.0006640453307843922 2.857639924464864e-06 6.40205253092641e-07 2.857639924464828e-06 0.0006731336107212259 -1.4271176719501741e-07 6.402052530926324e-07 -1.4271176719499642e-07 0.000673813413830996
1657569539.0291314 -65.34991990074121 7.347611126881474 -0.06988719403835256 5.754558872983509e-05 7.808809552530419e-08 1.8861775476821953e-08 7.80880955252356e-08 5.525053579978984e-05 3.047998682432655e-08 1.88617754768569e-08 3.0479986824340724e-08 5.525066841633747e-05
1657569539.2291315 -65.57518180304211 7.3218944699131905 -0.06825148228053077 0.0006642706328992407 2.9341549624400515e-06 6.711379245027971e-07 2.934154962440084e-06 0.000673632835705079 -1.3936725256301096e-07 6.7113792450281e-07 -1.393672525630133e-07 0.0006743009104761157
1657569539.4291315 -65.80157556349684 7.2974931915348344 -0.06718706746314633 5.794897295276277e-05 8.735646798868713e-08 9.275771328760138e-08 8.735646798866966e-08 5.5244072266705845e-05 -4.180881930609128e-09 9.275771328759797e-08 -4.180881930616309e-09 5.5296866559206594e-05
1657569539.6291316 -66.02737999683184 7.2746181864355135 -0.06639643375174942 0.0006645275456795229 2.9901164409578917e-06 6.743426305673718e-07 2.990116440957915e-06 0.0006736232633561382 -1.6736008142108225e-07 6.743426305673673e-07 -1.6736008142108442e-07 0.0006743794626740628
1657569539.8291316 -66.25255547610476 7.2519120688030405 -0.0661590139097787 5.793106615467629e-05 1.6075824007311614e-07 4.057875570460574e-08 1.6075824007312823e-07 5.531704494253124e-05 -1.3332460420308784e-08 4.057875570460405e-08 -1.3332460420292096e-08 5.537861673327076e-05
1657569540.0291317 -66.47761118887344 7.227895198806807 -0.06688581331406139 0.0006643174200857218 2.967499039997549e-06 5.884968208524458e-07 2.967499039997568e-06 0.0006734614119284539 -1.66041525393979e-07 5.884968208524377e-07 -1.6604152539397275e-07 0.000674245180992929
1657569540.2291317 -66.70190316497042 7.204262247664529 -0.0681547194405925 5.791222653630114e-05 1.8176547997316352e-07 2.4130054413036036e-09 1.8176547997311735e-07 5.529911071926088e-05 -4.720628456188572e-09 2.413005441285801e-09 -4.720628456166205e-09 5.5305388848464604e-05
1657569540.4291317 -66.92450156411803 7.183340341195794 -0.06933776388862983 0.000664508697759651 2.95685353016196e-06 5.68223463617348e-07 2.9568535301619627e-06 0.0006732930325098445 -1.5783479714673688e-07 5.68223463617349e-07 -1.578347971467277e-07 0.0006741378118971143
1657569540.6291318 -67.1454095224894 7.16334115846548 -0.0705573117184612 5.792706652347398e-05 1.2947965305593994e-07 4.63632426803158e-08 1.2947965305593735e-07 5.534699805187321e-05 -1.4904770307555105e-08 4.636324268030998e-08 -1.4904770307535216e-08 5.538973146301948e-05
1657569540.8291318 -67.36512942918137 7.141529319811996 -0.07217899820154211 0.0006643149989145289 2.826263161584555e-06 5.636176336087112e-07 2.826263161584545e-06 0.0006730351474793945 -1.298764857958904e-07 5.636176336086977e-07 -1.2987648579589045e-07 0.0006739164300308942
1657569541.029132 -67.58457693499494 7.119438063582822 -0.07424654503559217 5.772255638832928e-05 2.1460039656185629e-07 2.6026018021124115e-08 2.1460039656190766e-07 5.5340550485845244e-05 3.812004484487683e-10 2.6026018021113355e-08 3.8120044844432186e-10 5.545219722855069e-05
1657569541.229132 -67.80457914619895 7.099579659307539 -0.0765972679536828 0.0006641734216848764 2.841276324910634e-06 5.778922570747913e-07 2.841276324910654e-06 0.0006728400885903138 -7.602745566434575e-08 5.778922570747752e-07 -7.602745566433581e-08 0.0006738533390521396
1657569541.429132 -68.02414228360125 7.079625604861612 -0.07859012701606015 5.808201592308693e-05 1.8828661056561113e-07 1.179937486130525e-07 1.8828661056543543e-07 5.536520211093764e-05 -1.968216425937029e-10 1.1799374861303686e-07 -1.9682164256845514e-10 5.5482283919486535e-05
1657569541.629132 -68.24198484421431 7.05649878824781 -0.07954054993826527 0.0006642293130765223 2.5708645711713558e-06 6.995616025029281e-07 2.570864571171328e-06 0.00067271836935267 -2.7746224847425823e-08 6.995616025029132e-07 -2.7746224847429763e-08 0.0006739882246224785
1657569541.829132 -68.45918594363276 7.034524884258432 -0.07984664661076712 5.7825030776557155e-05 1.621409529872799e-07 1.2644783634338889e-07 1.621409529870933e-07 5.5355545690533106e-05 -1.3102108717782198e-08 1.26447836343382e-07 -1.3102108717760807e-08 5.546480827631271e-05
1657569542.0291321 -68.67754174236713 7.019613093769112 -0.08016551008363446 0.0006643703519435328 2.661200738667587e-06 7.026214835020815e-07 2.6612007386675814e-06 0.0006727918621808463 -4.142219413567754e-08 7.026214835020617e-07 -4.142219413567419e-08 0.0006742634795883409
1657569542.2291322 -68.89760797488137 7.007983664188518 -0.08016480442129693 5.794526996436489e-05 2.7801748395579347e-08 1.6835625921093308e-08 2.7801748395745276e-08 5.532792663826468e-05 3.219965276412954e-09 1.6835625921111622e-08 3.21996527643812e-09 5.5478894800441546e-05
1657569542.4291322 -69.11966770404577 6.993680845171598 -0.07927886618908431 0.0006642893028202155 2.495884310585176e-06 7.350812460332688e-07 2.495884310585111e-06 0.0006732998913024984 -3.292516382691562e-08 7.350812460332917e-07 -3.2925163826916286e-08 0.0006747120443849657
1657569542.6291323 -69.34413489992873 6.98057411366614 -0.07800563867509692 5.7665238691244176e-05 6.923670191983334e-08 2.6960163543915034e-08 6.923670192008455e-08 5.537776978173299e-05 7.269551174813886e-09 2.6960163543898884e-08 7.2695511747897435e-09 5.5499437207464444e-05
1657569542.8291323 -69.57083907999517 6.975379151345542 -0.07717557858630675 0.00066443386331886 2.7849274385448302e-06 7.154085197883506e-07 2.784927438544865e-06 0.000673693407045683 -1.013264008111121e-07 7.154085197883338e-07 -1.0132640081111242e-07 0.0006748947925493153
1657569543.0291324 -69.79635442745135 6.976819989390884 -0.07691703881816075 5.802255791356821e-05 7.658802459762331e-08 7.785968344270534e-08 7.65880245975726e-08 5.5547563946301795e-05 -9.199082728748728e-09 7.785968344272478e-08 -9.199082728799173e-09 5.568272706832848e-05
1657569543.2291324 -70.01698331780536 6.981765257636785 -0.07712779947123596 0.0006639181902350842 2.7046050303070195e-06 6.820990266429718e-07 2.7046050303070526e-06 0.0006725224024636423 -1.145989043502212e-07 6.820990266429648e-07 -1.1459890435021349e-07 0.0006738216818600575
1657569543.4291325 -70.23435022464984 6.99505839668795 -0.07785493494181604 5.7691087114569526e-05 9.86145043048028e-08 7.325461644406989e-08 9.861450430477173e-08 5.520484142243158e-05 -2.2488944097472097e-08 7.32546164441027e-08 -2.2488944097486857e-08 5.5312484224411444e-05
1657569543.6291325 -70.45172589229001 7.023685698545647 -0.07914568279264134 0.0006645513327034256 3.311634999418078e-06 6.113746061304745e-07 3.3116349994180673e-06 0.0006724414664111403 -1.248643637456494e-07 6.11374606130474e-07 -1.2486436374565358e-07 0.0006740084669423505
1657569543.8291326 -70.6709739544014 7.065663250210398 -0.08044862966799204 5.737228189005303e-05 1.59596693063948e-07 5.477568834600259e-08 1.5959669306386117e-07 5.4871045101536774e-05 -2.474822611966769e-08 5.477568834600006e-08 -2.4748226119673454e-08 5.502335817873068e-05
1657569544.0291326 -70.89324835018328 7.1161093496987435 -0.0810779175231617 0.0006651962089328164 3.960722853971477e-06 6.371475669409332e-07 3.96072285397147e-06 0.0006734185000930478 -2.1441550688898116e-07 6.371475669409483e-07 -2.1441550688897822e-07 0.0006748640030321077
1657569544.2291327 -71.116706803801 7.173247183280038 -0.08102656419815148 5.742810864751821e-05 1.9411130144424482e-07 -3.6625314833291887e-09 1.9411130144425212e-07 5.499945995617454e-05 -2.022581459948792e-08 -3.6625314833201956e-09 -2.0225814599505008e-08 5.5087273851071705e-05
1657569544.4291327 -71.33846297817243 7.2357630543631135 -0.08066548144150622 0.0006654747669240416 4.1732117343546795e-06 6.485207395827313e-07 4.173211734354662e-06 0.000673529325189039 -2.8380849484317766e-07 6.485207395827174e-07 -2.838084948431768e-07 0.0006751922540957125
1657569544.6291327 -71.5564570400952 7.298682388449707 -0.08111468517154583 5.7561915071356e-05 1.4789169580852785e-07 7.738324938411687e-08 1.478916958086451e-07 5.519151405471872e-05 -3.283536214961284e-08 7.73832493841175e-08 -3.283536214956761e-08 5.53072466233025e-05
1657569544.8291328 -71.76967042384322 7.356330026554848 -0.08353666744348431 0.0006650056459284757 3.627625897283984e-06 5.744176317128311e-07 3.6276258972839776e-06 0.0006727873914532297 -2.503481953596243e-07 5.744176317128344e-07 -2.5034819535961687e-07 0.0006742147888551395
1657569545.0291328 -71.98044985670388 7.409853700674397 -0.08731633390507121 5.775007893757364e-05 2.1515363998552345e-07 7.649214775596404e-08 2.151536399854888e-07 5.523129822197651e-05 -3.993313453555754e-08 7.649214775594359e-08 -3.993313453552602e-08 5.5344317383065e-05
1657569545.229133 -72.19294073106116 7.46257276782721 -0.09124262614165446 0.0006647395479258154 3.3920110642138773e-06 5.666380372631917e-07 3.392011064213851e-06 0.0006732461705981473 -1.7800597846802351e-07 5.666380372632049e-07 -1.7800597846803143e-07 0.0006743724484316027
1657569545.429133 -72.41364002810843 7.516230998568492 -0.0944841242202827 5.791236500982187e-05 2.008911735746562e-07 -2.9392699406137433e-08 2.0089117357462934e-07 5.541916466526797e-05 5.11320954195037e-10 -2.9392699406165554e-08 5.113209541820703e-10 5.5538269018287636e-05
1657569545.629133 -72.6479370895135 7.572184238921747 -0.09640376673808994 0.0006650603485872745 3.6811589032399103e-06 8.060170744811935e-07 3.6811589032399023e-06 0.0006756300619218336 -2.658953193888749e-07 8.060170744811945e-07 -2.658953193888752e-07 0.0006776046100238091
1657569545.829133 -72.8873348841089 7.63412958957326 -0.0967875467607079 5.810325579030506e-05 1.392383794835746e-07 5.1593955156029796e-08 1.3923837948360043e-07 5.583510776479626e-05 -5.05918516602469e-08 5.1593955156069825e-08 -5.059185166022945e-08 5.610033315587055e-05
1657569546.029133 -73.11969833707876 7.704360314184159 -0.09592818332949715 0.0006653082505522904 3.7648933016467638e-06 8.789633503131674e-07 3.764893301646732e-06 0.0006744340963511926 -7.412175267401015e-07 8.789633503131536e-07 -7.412175267400965e-07 0.0006787883184632245
1657569546.2291331 -73.34557246155094 7.770337578007558 -0.09650864843906343 5.8251312395216536e-05 2.100903950394924e-07 6.367639070632217e-08 2.1009039503949463e-07 5.561005502590088e-05 -8.229228891289007e-08 6.367639070635961e-08 -8.229228891281778e-08 5.5998821735617914e-05
1657569546.4291332 -73.56983283687768 7.817456751656556 -0.10154475098368544 0.0006655656494376601 2.7550773701637187e-06 6.871155091261982e-07 2.755077370163759e-06 0.0006741116251159472 -7.832197576218243e-07 6.87115509126203e-07 -7.832197576218012e-07 0.0006787365742535956
1657569546.6291332 -73.79215390569672 7.85613381400825 -0.10967837239568022 5.829288078785352e-05 1.5808052747910296e-07 5.268020600231301e-08 1.580805274791527e-07 5.549900888236644e-05 -6.667558231935021e-08 5.268020600232556e-08 -6.66755823195205e-08 5.577187775324398e-05
1657569546.8291333 -74.01128199608257 7.904213929830886 -0.1182861383898341 0.0006648286854809618 3.096245869021834e-06 5.323151617159251e-07 3.0962458690217628e-06 0.0006736861379979924 -3.3052377950090153e-07 5.323151617159205e-07 -3.3052377950087067e-07 0.0006756018250393739
1657569547.0291333 -74.23183849590113 7.964508739585474 -0.12697418113135372 5.776839853649315e-05 2.166035850840277e-08 2.1945219982101336e-08 2.166035850848463e-08 5.548960983285731e-05 -4.053188092425192e-08 2.1945219982102084e-08 -4.053188092432318e-08 5.5557443190767705e-05
1657569547.2291334 -74.45912407252042 8.033660801612866 -0.13605445590705278 0.0006655822419215909 4.015231157392749e-06 5.864794251840327e-07 4.015231157392753e-06 0.000675466009469147 -1.504809779415308e-07 5.864794251840261e-07 -1.5048097794152538e-07 0.0006767557718220567
1657569547.4291334 -74.68762325267954 8.104628756090152 -0.14465794299526716 5.8349005849373936e-05 2.2073162488256297e-07 9.311798635603155e-08 2.2073162488260506e-07 5.613601012850798e-05 -3.6015333834322902e-09 9.311798635593708e-08 -3.6015333834936414e-09 5.61407605438306e-05
1657569547.6291335 -74.90851202036313 8.170177197849737 -0.152022968087153 0.000668440011243566 3.7361494275330805e-06 6.699773749367633e-07 3.7361494275331386e-06 0.000677480732317194 3.4694231158532116e-10 6.699773749367698e-07 3.469423115900152e-10 0.000678510860021018
1657569547.8291335 -75.11929327114198 8.231360416236212 -0.1616677672216439 6.24163882350301e-05 2.1295790773872652e-07 4.114409073609752e-08 2.1295790773870744e-07 6.003994657293868e-05 -6.457071427594559e-09 4.114409073613802e-08 -6.457071427585911e-09 6.014065139084405e-05
1657569548.0291336 -75.32087068541558 8.292027386084149 -0.17774487238560618 0.0006573541862634582 3.1764525671114395e-06 2.967774971571494e-07 3.1764525671113835e-06 0.0006649814280538076 5.509749420363152e-08 2.9677749715715247e-07 5.509749420361753e-08 0.0006657541191514435
1657569548.2291336 -75.51957921660575 8.35333945339453 -0.19713815863401626 5.797221696769602e-05 1.1151584501562336e-07 5.428877555810218e-09 1.1151584501560908e-07 5.5664280868308816e-05 1.160767377465456e-08 5.428877555741274e-09 1.1607673774592895e-08 5.570292304856919e-05
1657569548.4291337 -75.72275174572822 8.415361087642179 -0.21423071567625399 0.0006636373881759915 3.1061990922183343e-06 2.56440641908733e-07 3.106199092218306e-06 0.0006712547992492645 -5.889832872807796e-08 2.564406419087327e-07 -5.889832872807474e-08 0.000672125887105333
1657569548.6291337 -75.92934419734401 8.477839317509455 -0.22609917727467616 5.87119187185546e-05 9.320175205874232e-08 4.684942141928264e-08 9.320175205865302e-08 5.5665671635030554e-05 -2.5747203989274718e-08 4.684942141932464e-08 -2.5747203989249035e-08 5.573090008229758e-05
1657569548.8291337 -76.1354371368607 8.540469328422795 -0.23149733584300783 0.0006642350392731881 3.1050689865442183e-06 5.60307516271129e-07 3.1050689865441844e-06 0.000671591100651631 -1.795593575779099e-07 5.6030751627113e-07 -1.7955935757789818e-07 0.0006722617237552132
1657569549.0291338 -76.3402084366872 8.603632788382836 -0.23420095649624217 5.78935703501043e-05 1.1658905917177291e-07 7.12949947118831e-08 1.1658905917184088e-07 5.5322979388314124e-05 -2.063852312952426e-08 7.12949947118845e-08 -2.0638523129527998e-08 5.530413213835421e-05
1657569549.2291338 -76.54452688563592 8.668181570696566 -0.23891292260765826 0.0006649085667365326 3.2292322709778465e-06 6.166135473212026e-07 3.2292322709778287e-06 0.0006726946124270134 -1.8725157085020616e-07 6.166135473211975e-07 -1.8725157085021357e-07 0.0006734389516361568
1657569549.429134 -76.75171461488746 8.735946879631024 -0.2440304765249695 5.770744026134018e-05 9.461009480604236e-08 7.288791125725157e-08 9.461009480599942e-08 5.540404789714981e-05 1.1095642707558216e-08 7.288791125729193e-08 1.1095642707565324e-08 5.54895011142916e-05
1657569549.629134 -76.96513073195945 8.808766200135027 -0.24608210695923918 0.0006689375537719618 3.7781988328873353e-06 8.696302578479547e-07 3.778198832887282e-06 0.0006777599531079757 -2.636088982343446e-07 8.696302578479159e-07 -2.636088982343341e-07 0.0006788847420588514
1657569549.829134 -77.18213770317027 8.885423915432103 -0.24558779179840942 5.9070952442117046e-05 1.67993521019959e-07 1.0888306341783353e-07 1.6799352102001322e-07 5.64898660688765e-05 -2.2701830204860334e-08 1.0888306341782314e-07 -2.270183020488189e-08 5.659166251992366e-05
1657569550.029134 -77.39755934488285 8.963346726471364 -0.24482555987625684 0.000722237230240983 5.0356919128087126e-06 1.0412921139871053e-06 5.035691912808744e-06 0.0007340099832717776 -4.0136878346792306e-07 1.0412921139871192e-06 -4.013687834679117e-07 0.0007353842259203877
1657569550.229134 -77.60508306292066 9.038998477752868 -0.24686745707770807 7.219040949770744e-05 5.42900006966419e-07 1.4124256358393776e-07 5.429000069663251e-07 7.088043021962655e-05 -5.639429938566196e-08 1.4124256358387693e-07 -5.639429938570846e-08 7.101338404497986e-05
1657569550.4291341 -77.79931386789717 9.109138594312986 -0.25443369738571453 0.0017623472760311897 1.9313521372853663e-05 3.0961235052092255e-06 1.931352137285375e-05 0.001812486035889225 -1.7823077452573793e-06 3.0961235052092463e-06 -1.782307745257409e-06 0.001815687908279945
1657569550.6291342 -77.98357443352229 9.175185817619893 -0.26534152382644366 0.004438219031648106 6.27093584361542e-05 7.5694433392497634e-06 6.270935843615391e-05 0.004611993592806699 -4.864062411588981e-06 7.569443339249827e-06 -4.864062411588972e-06 0.004622180327468703
1657569550.8291342 -78.16474369929445 9.2404237531086 -0.275430333964092 0.0029092786046408378 4.307549509437646e-05 5.3125461694581445e-06 4.3075495094376144e-05 0.0030276356065129704 -3.500254394623776e-06 5.312546169458401e-06 -3.5002543946240864e-06 0.0030340081769960796
1657569551.0291343 -78.34966563127632 9.308251158176075 -0.28024723504672366 8.927016519505592e-05 5.528909289657552e-07 1.305997466119389e-07 5.528909289649494e-07 8.804657692939807e-05 -7.266722481154455e-08 1.3059974660953724e-07 -7.266722480852155e-08 8.804085295386064e-05
1657569551.2291343 -78.54357686339158 9.381285884171232 -0.2764334180669311 0.0007440340963372217 5.3347142961933955e-06 1.4594395761328105e-06 5.334714296193425e-06 0.0007567376355105586 -7.640610353951294e-07 1.4594395761328556e-06 -7.640610353950748e-07 0.0007573402849948997
1657569551.4291344 -78.74159444809588 9.456736267732293 -0.267586432045603 6.424778991217562e-05 1.7138273576713766e-07 7.314761807020671e-08 1.7138273576718893e-07 6.186788770764786e-05 -1.2286522745455695e-08 7.31476180702722e-08 -1.2286522745503688e-08 6.189621389117508e-05
1657569551.6291344 -78.93637475334762 9.530549609874237 -0.25886689542562347 0.0006628900285140764 3.3433408514673037e-06 8.371814650276054e-07 3.3433408514672868e-06 0.0006698819417556447 -2.921839850975554e-07 8.37181465027607e-07 -2.921839850975423e-07 0.0006708373432282534
1657569551.8291345 -79.13120308723897 9.604244727286803 -0.2514806312805099 5.8261632562756444e-05 2.0483810243220245e-07 7.218361151242772e-08 2.048381024322497e-07 5.5799516653863916e-05 1.158182060314005e-08 7.21836115124383e-08 1.158182060311659e-08 5.589294103436637e-05
1657569552.0291345 -79.33279767849318 9.681158822089316 -0.2447983105235896 0.0006645647044812794 3.6090657985883695e-06 8.566786175749638e-07 3.609065798588391e-06 0.0006722129672348601 -2.0764918550627788e-07 8.56678617574944e-07 -2.076491855062818e-07 0.00067327196140802
1657569552.2291346 -79.54177637139075 9.761599392282665 -0.23637028094225662 5.8475282934840275e-05 1.5648855392351823e-07 2.7249917895662547e-08 1.56488553923514e-07 5.60515373022949e-05 -1.8387226446395377e-08 2.7249917895643294e-08 -1.838722644638402e-08 5.6090796600018615e-05
1657569552.4291346 -79.7556605850674 9.844915032460525 -0.22407748374392816 0.0006636005726151058 3.968483429795307e-06 1.2266193812073456e-06 3.968483429795321e-06 0.0006719978529429422 -1.462220905049748e-07 1.2266193812073625e-06 -1.462220905049939e-07 0.0006731726065882783
1657569552.6291347 -79.9677093110761 9.93208470218353 -0.21210776567146714 5.736816989835685e-05 2.5782078172425646e-07 1.8271573238757323e-07 2.578207817242257e-07 5.5082966799489545e-05 -1.9320504838263872e-08 1.8271573238760565e-07 -1.9320504838201096e-08 5.517270071010098e-05
1657569552.8291347 -80.17110827655121 10.023952121793307 -0.20618774881426294 0.0006662811229603266 4.113497592585992e-06 9.672297820162582e-07 4.113497592585977e-06 0.0006735717190482991 5.090641844154841e-08 9.672297820162542e-07 5.090641844156067e-08 0.0006756039784403844
1657569553.0291348 -80.36967849305029 10.116115730801633 -0.20512088028114858 5.815534199564184e-05 1.4248007773829129e-07 7.1686270045249e-08 1.4248007773825664e-07 5.558169536237199e-05 -9.7978514839018e-09 7.168627004519783e-08 -9.797851483896423e-09 5.5737209565521625e-05
1657569553.2291348 -80.57084311048129 10.203295993602572 -0.2052414942909088 0.0006652063450525452 4.0386001296035445e-06 6.113636442122646e-07 4.038600129603556e-06 0.0006722382759524322 -2.6682738078102614e-07 6.113636442122706e-07 -2.6682738078103107e-07 0.0006744766451387166
1657569553.4291348 -80.77746685547696 10.28808102328841 -0.20364957760661798 5.790397882428608e-05 1.2626688780826834e-07 4.410635170677703e-09 1.2626688780823883e-07 5.5461488242930504e-05 -3.057545473327621e-08 4.410635170649685e-09 -3.057545473329841e-08 5.5600136376283404e-05
1657569553.629135 -80.99021684501494 10.374381718253261 -0.19832529286206302 0.0006654210038386843 4.314004844944203e-06 8.270409324616011e-07 4.314004844944196e-06 0.0006731312124694082 -5.048298522116618e-07 8.270409324616117e-07 -5.048298522116492e-07 0.0006755749247855398
1657569553.829135 -81.20605283248126 10.45587038509083 -0.19117406418426583 5.782498129371549e-05 1.0709314940083029e-07 8.022446286342957e-08 1.0709314940079531e-07 5.5449633186033855e-05 -2.3785895645698597e-08 8.022446286343921e-08 -2.3785895645711958e-08 5.558930497187771e-05
1657569554.029135 -81.42075422353291 10.524175822369521 -0.18543569935440896 0.000665437415157568 3.594955144872299e-06 8.694405089196557e-07 3.594955144872268e-06 0.000673245556922469 -1.2490913108782087e-07 8.694405089196173e-07 -1.2490913108782543e-07 0.0006756603034449912
1657569554.229135 -81.63279486013771 10.58501362454567 -0.183234602619016 5.78485405346095e-05 1.0385758222127663e-07 3.852048978243883e-08 1.0385758222122977e-07 5.544336820608358e-05 3.174286831526995e-08 3.852048978228708e-08 3.174286831528413e-08 5.555922422455649e-05
1657569554.429135 -81.84262411391074 10.648141068528494 -0.18558812831898286 0.0006689713092966303 3.6593240718901342e-06 7.398115434973497e-07 3.659324071890167e-06 0.0006770414261192987 2.2426988929314903e-07 7.3981154349735e-07 2.2426988929318153e-07 0.0006787065425931309
1657569554.6291351 -82.0544468794783 10.713775251254948 -0.1886418679692788 6.145667807186694e-05 1.3879478447798917e-07 1.0798823689879314e-07 1.38794784477979e-07 5.9148069511818566e-05 -8.818777283088553e-09 1.0798823689881557e-07 -8.818777282971593e-09 5.930770598086705e-05
1657569554.8291352 -82.272542394983 10.778869608362132 -0.18762322480468002 0.0006626461236891644 3.84344757156982e-06 8.992423563462202e-07 3.843447571569845e-06 0.0006712576860610667 -4.222616497420865e-08 8.992423563462207e-07 -4.222616497421054e-08 0.0006724689506432917
1657569555.0291352 -82.4923831460317 10.843133891855052 -0.18438121104053348 6.135488660638471e-05 2.4609990272625497e-07 2.6349659548681723e-08 2.4609990272625545e-07 5.915119757423353e-05 -7.168265104154979e-09 2.6349659548649536e-08 -7.168265104224039e-09 5.9277253629040806e-05
1657569555.2291353 -82.70726799784403 10.907350059948735 -0.1828019530899454 0.0006621029785562965 3.836405323672711e-06 7.312978759829641e-07 3.8364053236726544e-06 0.0006700867064974202 -1.2684781175870184e-07 7.312978759829558e-07 -1.2684781175870607e-07 0.0006715288686512393
1657569555.4291353 -82.91987786841405 10.970735912813756 -0.1830310289173753 6.149884688203963e-05 1.0734677034962504e-07 1.4789256628728634e-07 1.073467703495879e-07 5.9203298622217166e-05 -3.3099257069209636e-08 1.478925662872888e-07 -3.309925706923793e-08 5.926571604196415e-05
1657569555.6291354 -83.13576364527553 11.03240137995548 -0.18381076163964832 0.0006584600660030176 3.7729401703235803e-06 6.793910366708478e-07 3.7729401703235595e-06 0.0006663861239125695 -2.096410403569126e-07 6.793910366708466e-07 -2.0964104035690679e-07 0.0006678490667053517
1657569555.8291354 -83.3542245038923 11.094618509313486 -0.1843742354884392 5.80116752349913e-05 6.576829439526188e-08 3.769647897983048e-08 6.576829439526725e-08 5.554755442262943e-05 -5.881711390554985e-09 3.769647897983864e-08 -5.8817113905338054e-09 5.559682550049739e-05
1657569556.0291355 -83.57242285313548 11.16025464101554 -0.18424836627733307 0.0006650379876276093 4.070168774088924e-06 6.72689686450501e-07 4.070168774089053e-06 0.0006728826912700546 -2.38689407750087e-07 6.726896864504985e-07 -2.3868940775007483e-07 0.0006746090195153785
1657569556.2291355 -83.79013934115065 11.22710813113849 -0.18361745378093647 5.7998277935673556e-05 6.458257329099768e-08 6.755807967057696e-08 6.458257329094593e-08 5.568430215113864e-05 1.738954369963244e-08 6.755807967058321e-08 1.7389543699664387e-08 5.5785716159699464e-05
1657569556.4291356 -84.00771363171805 11.291648534727623 -0.18293841708356395 0.00066890354090439 4.137773592379457e-06 7.283638641671454e-07 4.137773592379439e-06 0.000677001284367862 -2.0871467937010925e-07 7.28363864167127e-07 -2.0871467937010686e-07 0.000678657836215502
1657569556.6291356 -84.22242828675725 11.354374834703542 -0.18287450207954917 5.883291660797946e-05 1.458691316877385e-07 1.3045051335979976e-07 1.4586913168772494e-07 5.652851067455556e-05 -6.582763167760198e-10 1.304505133598484e-07 -6.582763167832285e-10 5.66405068696996e-05
1657569556.8291357 -84.43136681443767 11.41709792154622 -0.18398739019720975 0.0007220705538048942 5.372753778571332e-06 8.562849265998304e-07 5.37275377857127e-06 0.0007327258629917099 -2.513025100600152e-07 8.562849265998282e-07 -2.5130251006001274e-07 0.0007348592159709317
1657569557.0291357 -84.63813078058149 11.479609733525665 -0.18561353255949703 7.181520058164917e-05 4.923998884132243e-07 7.568835969429929e-08 4.923998884132416e-07 7.041550261263125e-05 -4.404552144491357e-08 7.568835969429998e-08 -4.4045521444940106e-08 7.068460792383252e-05
1657569557.2291358 -84.84808035449409 11.541039058332371 -0.18673311826257355 0.001762355833485375 2.3115246014765805e-05 3.478064710425741e-06 2.311524601476589e-05 0.0018139776558203351 -1.2216437753520516e-06 3.478064710425748e-06 -1.2216437753520705e-06 0.001822664587697087
1657569557.4291358 -85.0609568153648 11.601425161733175 -0.18712837372876978 0.004428515883005358 8.096900444476287e-05 1.2078646273387057e-05 8.096900444476269e-05 0.004617515700606322 -4.2905788036937305e-06 1.2078646273386983e-05 -4.290578803693763e-06 0.004647677491071172
1657569557.6291358 -85.27425976300002 11.661211343299232 -0.18686229934746748 0.002884390076713772 5.4929768269082855e-05 7.979892252746074e-06 5.4929768269082557e-05 0.0030098580219532975 -2.917793577284811e-06 7.979892252745828e-06 -2.917793577284635e-06 0.0030307480047126107
1657569557.829136 -85.48545142956235 11.720980606098786 -0.18603297746959666 8.253741094841555e-05 5.392519430088029e-07 1.2343351697443846e-07 5.392519430133731e-07 8.095256316971845e-05 -7.908855167732844e-08 1.2343351697441194e-07 -7.908855167872746e-08 8.122296700189791e-05
1657569558.029136 -85.6929624053024 11.781249357058115 -0.18477586924704262 0.0007473608167353231 6.06288054695015e-06 8.730629540731022e-07 6.0628805469502324e-06 0.0007594137953423641 -3.4702542401703624e-07 8.730629540730906e-07 -3.4702542401701925e-07 0.000761817266636335
1657569558.229136 -85.90155852807543 11.84209273195639 -0.1832076695844932 5.964482186929824e-05 1.5833327224946168e-07 -2.1178406951779946e-08 1.5833327224944493e-07 5.736473707356916e-05 2.852518152744631e-08 -2.1178406951789558e-08 2.852518152746634e-08 5.744077507132878e-05
1657569558.429136 -86.11727918074763 11.903554576275019 -0.18130392395901554 0.0006712693426971097 4.490274892667633e-06 6.699011884340698e-07 4.490274892667668e-06 0.0006794349553675667 -2.6281637637874327e-07 6.69901188434083e-07 -2.6281637637875015e-07 0.0006811094939328499
1657569558.629136 -86.33825733480393 11.965179887753987 -0.17837618175250614 5.8071876667844e-05 2.0870941156961293e-07 1.1281960974140126e-08 2.0870941156963434e-07 5.5876015342725786e-05 -3.964766093638245e-08 1.1281960974148696e-08 -3.964766093637654e-08 5.5982535587660804e-05
1657569558.8291361 -86.55911191825749 12.026325400058335 -0.1738630394290848 0.0006654198443342154 4.342737285605057e-06 7.707999868417556e-07 4.342737285605159e-06 0.0006730976112529917 -3.000365763657972e-07 7.707999868417369e-07 -3.0003657636579377e-07 0.0006746929083712201
1657569559.0291362 -86.77218822793338 12.086309754908914 -0.1697244561577667 5.79943137977446e-05 1.18917313910649e-07 -6.692363007947377e-08 1.189173139106359e-07 5.565854144239878e-05 -9.590630515049133e-09 -6.692363007945039e-08 -9.590630515038894e-09 5.5722839771466476e-05
1657569559.2291362 -86.9710120019687 12.14463997654749 -0.16853218589622157 0.0006651243913261037 3.7962172211402596e-06 5.079632427068665e-07 3.7962172211402135e-06 0.0006713082862375421 -1.8505247217837704e-07 5.079632427068706e-07 -1.8505247217838135e-07 0.0006728532597216008
1657569559.4291363 -87.16276204847833 12.201833283740095 -0.1702040875731841 5.7876132448041636e-05 9.108374503907586e-08 1.6799190751606323e-08 9.108374503910473e-08 5.540931290328277e-05 2.2805882363528973e-08 1.6799190751616957e-08 2.28058823635441e-08 5.559647611747958e-05
1657569559.6291363 -87.35904867377421 12.258992408953441 -0.17339700025568233 0.0006657378653475252 3.8043895737228792e-06 3.7162679006158073e-07 3.804389573722806e-06 0.0006716050528927856 -1.9294855174550483e-07 3.7162679006157263e-07 -1.9294855174551692e-07 0.0006731879908862712
1657569559.8291364 -87.56460596673618 12.318196947943116 -0.17497982064299844 5.865528786891582e-05 3.797263323022322e-08 3.872107133692429e-08 3.797263323021467e-08 5.593903541586239e-05 -5.697818523310652e-08 3.8721071337006947e-08 -5.697818523320542e-08 5.599896851483179e-05
1657569560.0291364 -87.78074574722532 12.381350359307453 -0.17163402394082644 0.0006654720732116457 4.478894370886068e-06 7.39853977787964e-07 4.4788943708861296e-06 0.0006723928838156724 -3.748054332876789e-07 7.398539777879675e-07 -3.748054332876742e-07 0.0006742073630108231
1657569560.2291365 -88.00442227645254 12.446771661600094 -0.16394633895262378 5.8251754670094545e-05 1.5930667660782963e-07 4.956022393816883e-08 1.593066766077849e-07 5.617706038469367e-05 -4.3180385378742676e-08 4.956022393816786e-08 -4.318038537873992e-08 5.628843539742064e-05
1657569560.4291365 -88.23083727842199 12.51157011951547 -0.15411116568794417 0.0006649238546974562 4.772131954946184e-06 9.767708369819145e-07 4.772131954946139e-06 0.0006726811764583354 -4.0103083641387734e-07 9.767708369819117e-07 -4.010308364138731e-07 0.0006745767033166616
1657569560.6291366 -88.45507930765997 12.574239177418772 -0.14495550515091243 5.851524821763359e-05 1.9745332005748234e-07 1.4717420235097923e-07 1.9745332005750479e-07 5.608967908131554e-05 -2.700442013572304e-08 1.4717420235099495e-07 -2.7004420135742955e-08 5.622976848850722e-05
1657569560.8291366 -88.67321534474767 12.634188476614222 -0.1392378225773692 0.0006653622692598159 4.574483239957067e-06 8.022088871390649e-07 4.5744832399571e-06 0.0006724355875169984 -3.163897583324198e-07 8.022088871390648e-07 -3.1638975833243064e-07 0.0006743051416167549
1657569561.0291367 -88.88793146133717 12.693194032588014 -0.1372641556787339 5.863541530667967e-05 1.7926796217822096e-07 4.957227222613539e-08 1.7926796217820055e-07 5.6119873163741075e-05 -2.592648769141484e-08 4.9572272226139946e-08 -2.5926487691434073e-08 5.6209593090539994e-05
1657569561.2291367 -89.10397052106397 12.753417738539088 -0.13830023738535566 0.0006652730774718195 4.545454219223735e-06 5.621537894623471e-07 4.545454219223744e-06 0.000672183214662915 -1.4390983241133545e-07 5.621537894623555e-07 -1.4390983241135665e-07 0.0006741405840554612
1657569561.4291368 -89.32196041191109 12.813341561979062 -0.14006478064794708 5.842211690166492e-05 1.3387278826362267e-07 9.084860888148913e-08 1.3387278826378808e-07 5.5974815255565215e-05 -2.289242782322968e-08 9.084860888140257e-08 -2.2892427823349887e-08 5.609058978621484e-05
1657569561.6291368 -89.54076696380847 12.870868852476345 -0.14017334906139292 0.0006652406351031421 4.439811355425827e-06 6.575825461648506e-07 4.439811355425928e-06 0.0006721808181825781 -1.0669689062255385e-07 6.575825461648533e-07 -1.0669689062257585e-07 0.0006743671838861188
1657569561.8291368 -89.75862043090184 12.929463102807816 -0.13950022327537834 5.825434716672182e-05 3.817228386969895e-08 -2.8275325222876533e-09 3.817228386959918e-08 5.5879743644384344e-05 -1.2409313308251803e-08 -2.8275325223269787e-09 -1.2409313308242302e-08 5.603811195899025e-05
1657569562.029137 -89.97390029472082 12.993466146769993 -0.13987788858153255 0.0006656743962090257 4.530321325043766e-06 6.011789496854297e-07 4.530321325043817e-06 0.0006719948372489291 -1.1625457404142339e-07 6.011789496854479e-07 -1.1625457404140758e-07 0.000674849676687897
1657569562.229137 -90.1875781900141 13.058135657162932 -0.14120480599431273 5.835730023465746e-05 9.31770627595258e-08 2.3085311155506932e-08 9.317706275942291e-08 5.591587438666048e-05 5.3378116355205e-08 2.3085311155475383e-08 5.3378116355273055e-08 5.610207894770589e-05
1657569562.429137 -90.4013528837309 13.116720925217125 -0.14268996597694192 0.0006657661441365529 4.345673049974779e-06 5.750655357481159e-07 4.345673049974816e-06 0.0006721168482436319 -1.4839779321318193e-07 5.750655357481264e-07 -1.4839779321318297e-07 0.0006746784390549912
1657569562.629137 -90.61502429772088 13.172623207208085 -0.14419687420638222 5.8759136775092626e-05 1.4296562841107249e-07 7.913067891899992e-08 1.429656284111886e-07 5.6086251455497956e-05 5.771977688307735e-09 7.913067891897364e-08 5.771977688387644e-09 5.63198703377847e-05
1657569562.829137 -90.82775714454242 13.232159727136144 -0.14577589851309045 0.000665403010093341 4.477676031046924e-06 5.300674653610955e-07 4.477676031046924e-06 0.0006713881706035347 -1.958439539366756e-07 5.300674653611032e-07 -1.958439539366931e-07 0.0006736896958209367
1657569563.0291371 -91.03913111341804 13.294540024468919 -0.1470494314556841 5.855096330772056e-05 1.8869688784490555e-08 -1.5636157036523054e-08 1.8869688784402007e-08 5.6098034495032865e-05 -3.726901784342308e-08 -1.5636157036515702e-08 -3.7269017843406015e-08 5.625410837034961e-05
1657569563.2291372 -91.24901735002749 13.356384809558412 -0.14753528196348395 0.0006651602666484086 4.3519164717012145e-06 4.950971481258669e-07 4.35191647170129e-06 0.000671070563735003 -2.4013485256269504e-07 4.95097148125868e-07 -2.401348525626876e-07 0.0006730945939334687
1657569563.4291372 -91.45826287799741 13.415498868575181 -0.14744357389736515 5.867421505952029e-05 5.073823114809569e-08 -7.101917342677009e-10 5.073823114827114e-08 5.593802130960924e-05 1.9701340919563946e-08 -7.101917342522054e-10 1.9701340919546136e-08 5.604739604568503e-05
1657569563.6291373 -91.66752248101574 13.470801700603772 -0.14718386029076366 0.0006651996200393983 4.118732256833691e-06 5.224011282801007e-07 4.1187322568336026e-06 0.0006710137254141066 -2.2555766382605666e-07 5.224011282800969e-07 -2.2555766382606855e-07 0.0006730102224225874
1657569563.8291373 -91.87358297576469 13.525551452956597 -0.1468928649485216 5.834502248677829e-05 1.5716166385947264e-08 4.8793381265006736e-08 1.5716166385849845e-08 5.5742050433260835e-05 1.2756273109088355e-08 4.879338126503019e-08 1.2756273109146192e-08 5.591681135103992e-05
1657569564.0291374 -92.07278131162262 13.584095793387453 -0.14666837196523064 0.0006649961439066184 4.02813359400598e-06 4.635432540153133e-07 4.028133594005935e-06 0.0006698992837600783 -1.950039853427843e-07 4.6354325401531407e-07 -1.9500398534279263e-07 0.000671942824623201
1657569564.2291374 -92.26856170046204 13.646557559474902 -0.14702267409739556 5.761944139906558e-05 1.2110322335564217e-07 5.388412995375933e-08 1.2110322335564268e-07 5.538874255200038e-05 3.303944769528168e-08 5.388412995381372e-08 3.303944769523273e-08 5.5573200113951964e-05
1657569564.4291375 -92.46792765717892 13.711286881226386 -0.1481211610877817 0.0006658422889979288 4.460896826432277e-06 7.511037342882774e-07 4.460896826432235e-06 0.0006721846792791932 -3.38807751923737e-08 7.511037342882922e-07 -3.3880775192371726e-08 0.0006748069791488919
1657569564.6291375 -92.68257044089961 13.775404526627453 -0.1469355200294848 5.793001155366882e-05 6.442553577928546e-08 7.542278065768673e-08 6.442553577928554e-08 5.570323041040139e-05 9.887845925214658e-09 7.542278065773335e-08 9.887845925082773e-09 5.600347034826438e-05
1657569564.8291376 -92.92141923917725 13.836498127359258 -0.139870689100185 0.0006668902786655521 5.083542557456353e-06 1.5999493275016597e-06 5.0835425574562905e-06 0.0006780767093631457 -2.823376078571691e-07 1.5999493275016657e-06 -2.823376078571425e-07 0.0006830223487711911
1657569565.0291376 -93.16317947634265 13.89959930169741 -0.12875993229050972 5.865959126651793e-05 1.932251574391595e-07 1.4602647710693147e-07 1.9322515743886082e-07 5.6592999636895825e-05 -8.18444120029623e-08 1.4602647710693547e-07 -8.184441200303984e-08 5.710465156999958e-05
1657569565.2291377 -93.38063444556929 13.970476160941258 -0.11784791106289372 0.000666503456120283 4.219101390651609e-06 5.089423499801062e-07 4.219101390651686e-06 0.0006754010607483922 -1.5300879690138442e-06 5.08942349980115e-07 -1.5300879690137942e-06 0.0006829100952752189
1657569565.4291377 -93.58675816035219 14.039480121383765 -0.11218108104897197 5.8405275879440875e-05 8.390052424956244e-08 -6.44386950841003e-08 8.390052424927555e-08 5.6633951480096654e-05 -1.9354746990725298e-07 -6.443869508414137e-08 -1.93547469907224e-07 5.712380190105568e-05
1657569565.6291378 -93.80661477477366 14.09431523369316 -0.1157023767121261 0.0006658765548743496 4.27073240005977e-06 -6.447908944862613e-07 4.270732400059736e-06 0.0006745732352377061 -2.526207188186246e-06 -6.447908944862453e-07 -2.5262071881862146e-06 0.0006812159259898642
1657569565.8291378 -94.03932978924743 14.144810894870476 -0.12234376444914201 5.842071135268629e-05 7.577626093702651e-08 4.593658178303186e-10 7.57762609369681e-08 5.611363046592827e-05 -1.5771131781284907e-07 4.5936581775437295e-10 -1.577113178129598e-07 5.656133842956438e-05
1657569566.0291378 -94.27453083020413 14.206362887204962 -0.12375154991336913 0.0006670651864603006 5.480782443769783e-06 1.9581045893072218e-07 5.480782443769864e-06 0.0006739538726331433 -1.697386288451615e-06 1.9581045893071782e-07 -1.6973862884516308e-06 0.0006794395104747505
1657569566.229138 -94.50588973062146 14.272621504167786 -0.12188241958706234 5.844126464194e-05 1.7560046812829205e-07 1.8717640243257396e-09 1.7560046812823826e-07 5.6174867604283956e-05 -4.4129085887314434e-08 1.8717640244521134e-09 -4.412908588717991e-08 5.650460625634094e-05
1657569566.429138 -94.72956334503213 14.331009575379198 -0.12210651792004028 0.0006660966442317146 5.114476413630231e-06 4.5122846068684326e-07 5.114476413630175e-06 0.0006725456012355781 -4.858205804080091e-07 4.512284606868326e-07 -4.858205804080463e-07 0.000676068303863807
1657569566.629138 -94.9477937482426 14.38412512925052 -0.12608090824673474 5.866616968876782e-05 1.2972900350656958e-07 6.280424391757517e-08 1.297290035064028e-07 5.601441675406719e-05 1.5479450778305207e-08 6.280424391757904e-08 1.547945077832175e-08 5.6233229219524304e-05
1657569566.829138 -95.16476735665229 14.439403230155097 -0.1337715521051967 0.0006660129861984545 4.937140098130559e-06 2.959375127483232e-07 4.937140098130614e-06 0.0006719452583416567 -5.959967076483247e-08 2.959375127483124e-07 -5.959967076483461e-08 0.0006745752394497218
1657569567.029138 -95.38083954213658 14.49678385859379 -0.14301311580467324 5.822169881179369e-05 1.193474288657472e-07 -6.3317369805179e-09 1.193474288658181e-07 5.608840772809178e-05 -1.989900078324688e-08 -6.331736980548274e-09 -1.9899000783284505e-08 5.622573673424612e-05
1657569567.2291381 -95.59540756771672 14.553459104206786 -0.1511473720810689 0.0006657896816177865 4.791344019400748e-06 2.4746940080957474e-07 4.791344019400668e-06 0.0006719244976047623 -1.4191782673232194e-07 2.4746940080956267e-07 -1.4191782673234145e-07 0.0006742825575164409
1657569567.4291382 -95.81185277327792 14.607803231263084 -0.15780681708539177 5.857111375694128e-05 1.3961710439986118e-07 5.1354757212481673e-08 1.3961710440001592e-07 5.620583557734885e-05 -1.735091647442165e-08 5.1354757212460114e-08 -1.7350916474428974e-08 5.644408674778437e-05
1657569567.6291382 -96.03389393312077 14.659246073217284 -0.16340990944582048 0.000665285804593766 4.831687669856349e-06 4.062851705902716e-07 4.831687669856215e-06 0.0006720271877350356 -2.086813349551993e-07 4.062851705902836e-07 -2.086813349551947e-07 0.0006746669200729515
1657569567.8291383 -96.25695546052536 14.711200914588286 -0.16815310669325534 5.808447794999305e-05 5.651593302996351e-08 7.93095468430493e-08 5.6515933030050654e-08 5.612482105147896e-05 -4.774314829359542e-08 7.930954684304666e-08 -4.7743148293564626e-08 5.6341722769283864e-05
1657569568.0291383 -96.47409440966014 14.767517719294794 -0.17220509124637035 0.0006655104563281825 4.709228896623781e-06 4.496987521188694e-07 4.709228896623854e-06 0.0006714041127267594 -3.025541862654004e-07 4.4969875211887825e-07 -3.025541862654184e-07 0.0006743943658267362
1657569568.2291384 -96.68466455753214 14.824164415437366 -0.17647351931638675 5.8363928813516316e-05 6.986661995593357e-08 1.81040789034799e-07 6.986661995584811e-08 5.609152942458738e-05 8.302617995395574e-09 1.8104078903481794e-07 8.302617995464935e-09 5.6300198795255546e-05
1657569568.4291384 -96.89087523126881 14.875632148474754 -0.18188403539932652 0.0006656767335344186 4.460734525207541e-06 3.832419171301582e-07 4.460734525207527e-06 0.0006708918353614638 -2.682082916925211e-07 3.832419171301613e-07 -2.682082916925169e-07 0.0006736757928359496
1657569568.6291385 -97.09721221492849 14.926514966546009 -0.18765257929886703 5.822357464902862e-05 3.736161097982053e-08 1.7477343113344968e-08 3.7361610979874066e-08 5.603350560923318e-05 -5.7744633814967745e-08 1.7477343113328705e-08 -5.7744633814994625e-08 5.6191094626068684e-05
1657569568.8291385 -97.30835921069257 14.98398283494629 -0.19243481221183603 0.000665997854625058 4.845998361788066e-06 3.2884932082975263e-07 4.845998361788154e-06 0.000671106347887883 -2.441803323059597e-07 3.288493208297908e-07 -2.4418033230596905e-07 0.0006740823867244897
1657569569.0291386 -97.52422526339821 15.04565976609398 -0.19571602205724115 5.872117636063117e-05 2.104709292066241e-08 -1.7019220199357606e-07 2.1047092920602533e-08 5.595611097928385e-05 4.1845558807876514e-08 -1.70192201993586e-07 4.184555880791722e-08 5.6219331042920756e-05
1657569569.2291386 -97.74256551902558 15.106181055719674 -0.197381917599134 0.0006663415069630565 4.987499857848586e-06 3.897696229788376e-07 4.987499857848607e-06 0.0006716646277176534 -2.2115077735482502e-07 3.897696229788403e-07 -2.2115077735484003e-07 0.0006744445480126888
1657569569.4291387 -97.95966277555065 15.165296603116888 -0.1979963861870167 5.865622723038386e-05 1.5803907019489243e-07 4.721813011635266e-08 1.580390701950005e-07 5.6085515698880466e-05 -6.209017392113346e-08 4.7218130116350485e-08 -6.209017392115024e-08 5.631109866085715e-05
1657569569.6291387 -98.17198375816658 15.224460621842793 -0.19839863456172618 0.0006659025977577393 4.885839455038997e-06 4.425726568604599e-07 4.8858394550390105e-06 0.0006709874796999686 -2.762639678539149e-07 4.425726568604461e-07 -2.7626396785390975e-07 0.0006736152276765714
1657569569.8291388 -98.38094931444974 15.283048125185424 -0.19952639677425157 5.822373475003267e-05 3.3500769231489835e-08 -6.019263651312773e-08 3.350076923155263e-08 5.604047992876358e-05 -2.7363770007645014e-08 -6.019263651313282e-08 -2.736377000765066e-08 5.614533767308291e-05
1657569570.0291388 -98.58968369923227 15.339925640350843 -0.2021123263496036 0.0006661521880016668 4.717842302628155e-06 3.3179976997757015e-07 4.717842302628082e-06 0.0006713244420133914 -2.1608410204242358e-07 3.3179976997756777e-07 -2.160841020424309e-07 0.000673765225856291
1657569570.2291389 -98.79944251123993 15.396120538778145 -0.2050941870234304 5.8512574189539236e-05 6.00223905107062e-08 7.786031348242443e-08 6.002239051078898e-08 5.6224037521864605e-05 -7.614967186931046e-09 7.786031348242263e-08 -7.614967186943987e-09 5.6334296049773495e-05
1657569570.429139 -99.01058127441075 15.45324562490752 -0.20696931150112258 0.0006699664487991714 4.854646339790585e-06 4.0520919910885466e-07 4.85464633979062e-06 0.0006751251662405038 -2.0592598133135577e-07 4.0520919910885487e-07 -2.0592598133135762e-07 0.0006776571866851852
1657569570.629139 -99.22243276836426 15.511193217042285 -0.20787362427906214 6.246150219920712e-05 1.4885361471875014e-07 -7.105703579265e-08 1.4885361471876656e-07 6.032468733834234e-05 1.2298335125710591e-08 -7.105703579265344e-08 1.2298335125704429e-08 6.0498903541728215e-05
1657569570.829139 -99.43437902899117 15.5692208785452 -0.20848535736041837 0.000663211119080866 4.894345714460886e-06 3.782569872988577e-07 4.894345714460789e-06 0.0006685663318564018 -2.1090770770076832e-07 3.7825698729886184e-07 -2.1090770770076097e-07 0.0006711533458344611
1657569571.029139 -99.64893330462984 15.626753117055205 -0.20884599796269454 6.228127202855445e-05 1.1839529700629201e-07 3.732467637763253e-08 1.18395297006167e-07 6.026275711084369e-05 -5.756394975065036e-08 3.732467637762401e-08 -5.7563949750656584e-08 6.0433800070604523e-05
1657569571.229139 -99.86856541209919 15.683604837484975 -0.20875864158470256 0.0006625404242528979 5.0545862266104216e-06 4.898175264764093e-07 5.054586226610451e-06 0.0006685431713461685 -2.940334675504052e-07 4.898175264763988e-07 -2.9403346755041204e-07 0.0006712996070036484
1657569571.4291391 -100.08692850346064 15.74164599537575 -0.20819380097046136 6.203087408336766e-05 1.6821625386281968e-07 9.896964687849382e-08 1.6821625386273447e-07 6.020287455891667e-05 -7.209652397401787e-08 9.89696468784874e-08 -7.209652397403902e-08 6.041139554596366e-05
1657569571.6291392 -100.29578606873244 15.8030072004668 -0.20739420919580995 0.0006596464837079402 4.774968771393658e-06 3.8953703198847e-07 4.774968771393689e-06 0.0006644876789690056 -3.447587525246141e-07 3.8953703198847613e-07 -3.447587525246301e-07 0.0006673355111525897
1657569571.8291392 -100.49849519768519 15.865687909852882 -0.20783865608856092 5.9087895731573e-05 5.820256080332932e-08 -3.6471849358725824e-08 5.8202560803257564e-08 5.6605269574347204e-05 -5.3022885985803286e-08 -3.6471849358694285e-08 -5.3022885985777133e-08 5.672672338168867e-05
1657569572.0291393 -100.70261488262233 15.926839774836061 -0.2109739969800265 0.0006762524766117566 5.024020363405897e-06 2.6249150694236404e-07 5.024020363405938e-06 0.0006807666263026681 -3.0765088412877787e-07 2.624915069423584e-07 -3.0765088412877956e-07 0.0006835757133713743
1657569572.2291393 -100.91223342415168 15.988245841211919 -0.21456764121786084 6.980021563359819e-05 2.8766441868929155e-07 1.0811705544339378e-07 2.876644186892148e-07 6.741353323769163e-05 -2.984142860616167e-08 1.0811705544336336e-07 -2.984142860617299e-08 6.760958807371732e-05
1657569572.4291394 -101.12923777571669 16.052811447462236 -0.2154245991297134 0.000654262168276649 5.3244040947264155e-06 4.907696192385101e-07 5.324404094726499e-06 0.0006589466896989365 -3.4748710488165354e-07 4.907696192384984e-07 -3.474871048816769e-07 0.0006619681088588044
1657569572.6291394 -101.34987736303619 16.11871827080763 -0.21383985052054255 6.460103012460953e-05 2.222427481517863e-07 4.762891021566941e-09 2.2224274815181986e-07 6.246316758111207e-05 -7.558868660832627e-08 4.762891021580551e-09 -7.558868660831326e-08 6.266270332441098e-05
1657569572.8291395 -101.56887915175443 16.183067695586715 -0.21150286393811896 0.0006570438308428508 5.377449875990085e-06 4.979393641661324e-07 5.3774498759901215e-06 0.0006618331884640909 -2.8302985019677597e-07 4.979393641661371e-07 -2.830298501967813e-07 0.0006651806632786636
1657569573.0291395 -101.78671649560955 16.249142700277318 -0.20992939088389806 6.050018876140278e-05 2.0702631739223102e-07 -3.9515381768378215e-08 2.0702631739227899e-07 5.84099740938375e-05 1.2797839560684152e-08 -3.951538176838911e-08 1.279783956068651e-08 5.872773264776494e-05
1657569573.2291396 -102.00601789769266 16.321259952856693 -0.21029768973250695 0.0006647185404489282 5.776480998209933e-06 5.341816791636708e-07 5.776480998209904e-06 0.0006693493128240857 -1.704258933939246e-07 5.341816791636658e-07 -1.704258933939298e-07 0.0006737350747611191
1657569573.4291396 -102.2278656264595 16.393694448622547 -0.21176703312875095 6.063650530778259e-05 2.394262569144409e-07 9.723136298041766e-08 2.3942625691451325e-07 5.8579456855011717e-05 -6.20699644799148e-08 9.723136298043618e-08 -6.206996447991496e-08 5.879332942107424e-05
1657569573.6291397 -102.4518961617388 16.458375067675867 -0.21305988625424924 0.0006649569845595334 5.470820950190454e-06 6.174189889674139e-07 5.470820950190505e-06 0.0006701765366204609 -1.6873568888765825e-07 6.174189889674227e-07 -1.6873568888765404e-07 0.000674466922319531
1657569573.8291397 -102.67258408468706 16.518787469406146 -0.21509605665932863 6.091635087151233e-05 1.1047797408649665e-08 7.92898639063552e-08 1.1047797408748878e-08 5.8616739717831824e-05 1.9829837165856258e-08 7.928986390638528e-08 1.9829837165851136e-08 5.8822358903952714e-05
1657569574.0291398 -102.88370932946661 16.581222245630634 -0.21941171244624708 0.0006650676630045476 4.903220927969838e-06 4.3531412623263404e-07 4.903220927969828e-06 0.0006690811693998194 -1.0861432395640407e-07 4.353141262326349e-07 -1.0861432395640575e-07 0.0006734615896713263
1657569574.2291398 -103.0874900276145 16.640193958103236 -0.22562961528542116 6.121617934926147e-05 2.1291763651248853e-07 8.997228946017938e-08 2.1291763651227653e-07 5.844891200850018e-05 -4.691489053401449e-08 8.997228946015885e-08 -4.691489053398371e-08 5.882416763048911e-05
1657569574.4291399 -103.28923758916373 16.687810337117046 -0.23260364312981002 0.0006651626075707341 4.475539937292027e-06 2.435933500282622e-07 4.475539937292009e-06 0.0006689041910165974 -2.0784527455882698e-07 2.4359335002826846e-07 -2.078452745588198e-07 0.0006729712995865317
1657569574.62914 -103.49265443991864 16.73148329662105 -0.23914134001244672 6.130163108997234e-05 5.5712443242430824e-08 5.341199877643974e-08 5.5712443242477463e-08 5.8818016585476616e-05 -1.1287305204084936e-08 5.3411998776435486e-08 -1.1287305204081888e-08 5.9150946374066245e-05
1657569574.82914 -103.69977534932626 16.78275311251926 -0.24401035953997735 0.000664396458721904 4.840246794453544e-06 2.868376038760994e-07 4.840246794453545e-06 0.0006682070611859304 -1.4522996361499567e-07 2.868376038760895e-07 -1.4522996361498042e-07 0.0006717680601839534
1657569575.02914 -103.9052222000991 16.839539350205804 -0.24619797461558768 6.098312442535375e-05 1.6901466134634332e-07 -6.583902845057352e-08 1.6901466134639446e-07 5.868658357374285e-05 -3.2801507742903134e-08 -6.583902845054414e-08 -3.2801507742898826e-08 5.8952432296758375e-05
1657569575.22914 -104.10264520435437 16.8956688458244 -0.2451589122772841 0.0006642109812105738 4.770115556875175e-06 2.737629091995634e-07 4.7701155568752455e-06 0.0006680226394735565 -1.1066382840218772e-07 2.7376290919955e-07 -1.1066382840218993e-07 0.0006708103667803541
1657569575.42914 -104.29954368929499 16.953142834869737 -0.24333353572018887 6.089351619071692e-05 1.524967587378299e-07 4.3646521821234226e-08 1.5249675873792437e-07 5.8721308292118216e-05 -3.923721758119454e-08 4.364652182122165e-08 -3.923721758121329e-08 5.890525661805978e-05
1657569575.6291401 -104.50717754985078 17.016971513915443 -0.24343468636126747 0.0006646008222070248 5.50084126791254e-06 3.299721574532957e-07 5.500841267912554e-06 0.000668802624534652 -2.478388826567432e-07 3.2997215745329024e-07 -2.478388826567349e-07 0.000671914866041333
1657569575.8291402 -104.72456923514811 17.08904505265167 -0.24256631930129754 6.076157084492367e-05 1.2543374712733125e-07 5.3896046975210754e-08 1.254337471273428e-07 5.8786008358800356e-05 -1.8339191115425647e-08 5.389604697522938e-08 -1.8339191115421994e-08 5.8932468966758985e-05
1657569576.0291402 -104.9457191332779 17.169261885370258 -0.23666797242961002 0.0006656954135506349 6.188344363016799e-06 6.530557244195931e-07 6.1883443630167905e-06 0.0006695052180342524 -6.758053000335311e-07 6.530557244196028e-07 -6.758053000335238e-07 0.0006733968532178975
1657569576.2291403 -105.16460053980484 17.25259761632143 -0.22880721537282972 6.111277748732546e-05 2.8529294660186114e-07 -3.421823978821471e-08 2.8529294660181667e-07 5.874547106670219e-05 -5.381377278758181e-08 -3.421823978824044e-08 -5.381377278747601e-08 5.905497099696436e-05
1657569576.4291403 -105.37607014097581 17.33275734451163 -0.2242428732360102 0.0006653548438178539 5.873300728719416e-06 5.147381041666568e-07 5.873300728719385e-06 0.0006682797087163166 -4.433179943254002e-07 5.147381041666518e-07 -4.4331799432539316e-07 0.0006723141368522695
1657569576.6291404 -105.58051812493613 17.408360908913608 -0.2236339206561066 6.091726784092676e-05 2.0595606346527214e-07 1.2897081388212632e-07 2.0595606346513558e-07 5.861372731377347e-05 9.08189898609869e-09 1.2897081388214178e-07 9.081898986102713e-09 5.8965691243475425e-05
1657569576.8291404 -105.78113738255965 17.479116818854497 -0.22577768108124274 0.0006648728435351812 5.101458828885461e-06 4.1390195107239623e-07 5.1014588288854005e-06 0.0006678917002743722 -1.5728910942816732e-07 4.13901951072393e-07 -1.5728910942816692e-07 0.00067190640008328
1657569577.0291405 -105.98420738352021 17.540198050080445 -0.22851525505441792 6.079168255328108e-05 9.569267227344396e-08 3.401746668936078e-08 9.569267227316366e-08 5.8535482450053955e-05 -1.2269638826307881e-08 3.401746668933346e-08 -1.226963882629977e-08 5.8941844900058896e-05
1657569577.2291405 -106.19587936676828 17.58660662127008 -0.22958599950308653 0.0006645056458619857 4.477456099566126e-06 3.780892173144716e-07 4.477456099566026e-06 0.0006691765783552007 -2.0387803978145955e-07 3.7808921731447473e-07 -2.0387803978145873e-07 0.0006734362163620259
1657569577.4291406 -106.41340968130466 17.627079525065454 -0.22850415189512951 6.0807732368168866e-05 -5.045962156243411e-08 6.284366125494833e-08 -5.04596215624708e-08 5.8712217493987355e-05 8.201200124993619e-09 6.28436612549658e-08 8.20120012492937e-09 5.897432406625591e-05
1657569577.6291406 -106.63152519629371 17.67381013887644 -0.22557573623225027 0.0006644248476800372 4.971267947371416e-06 4.4262602257202523e-07 4.971267947371373e-06 0.000669153480667531 -3.419980143871229e-07 4.4262602257203026e-07 -3.419980143871069e-07 0.000673034723014563
1657569577.8291407 -106.84995705693343 17.72483479307487 -0.2218166026849172 6.073699836349043e-05 2.4041826847790837e-07 3.901433795199833e-08 2.4041826847784347e-07 5.873178796359465e-05 4.929097611552587e-08 3.901433795198664e-08 4.9290976115486576e-08 5.893852516847804e-05
1657569578.0291407 -107.06969782539913 17.773828871175883 -0.21843748583478304 0.0006607773717172498 5.211914197336966e-06 5.029981940655719e-07 5.211914197337033e-06 0.0006657121289129852 -2.408744726667579e-07 5.029981940655731e-07 -2.4087447266675547e-07 0.000668891269571853
1657569578.2291408 -107.28755181072226 17.821885571198855 -0.21626657675621658 5.737037350740782e-05 9.413749714184732e-08 1.4658388138459505e-07 9.413749714181856e-08 5.5227379451130725e-05 -1.1246392644215516e-10 1.4658388138457745e-07 -1.1246392644092957e-10 5.5410649833995296e-05
1657569578.4291408 -107.49975070563416 17.872671312138664 -0.21587916432494547 0.0006669839741816642 5.2042233579387065e-06 4.280576454782754e-07 5.2042233579386895e-06 0.0006711273662501028 -2.096607973552598e-07 4.280576454782628e-07 -2.0966079735526168e-07 0.0006743360669874511
1657569578.6291409 -107.70991992853209 17.925998694267115 -0.21685489824875864 5.7546739446193635e-05 1.1810900768991174e-07 -2.4233646198174293e-08 1.1810900768996502e-07 5.560685031781699e-05 -3.887268627468128e-08 -2.42336461981614e-08 -3.887268627468814e-08 5.5691994426450255e-05
1657569578.829141 -107.92406280974191 17.979824187846518 -0.21832341949627446 0.0006674370418430836 5.336145485829443e-06 3.231593903999238e-07 5.33614548582954e-06 0.0006719096643583055 -1.911268457002345e-07 3.231593903999294e-07 -1.9112684570023812e-07 0.0006753191371035174
1657569579.029141 -108.14455056037134 18.028982507801803 -0.21876009319546333 5.788932472273931e-05 1.2259463116707424e-07 -5.218174174132866e-08 1.225946311672948e-07 5.5898101112697925e-05 -6.059718057626206e-08 -5.2181741741329116e-08 -6.059718057629835e-08 5.60506758764645e-05
1657569579.229141 -108.371823152718 18.068902453826805 -0.21668054736949727 0.000670826960235034 5.230673816893046e-06 5.234970189913006e-07 5.230673816893034e-06 0.0006767551225837291 -2.467620798194855e-07 5.234970189912957e-07 -2.467620798194792e-07 0.0006804879325273271
1657569579.429141 -108.60318843784476 18.10693856214341 -0.2127650782196155 6.238530327523909e-05 1.4906308114003148e-07 6.080177592319137e-08 1.4906308114003704e-07 6.0087542810475356e-05 -1.7920487515556626e-08 6.080177592319568e-08 -1.792048751555165e-08 6.0386578084632844e-05
1657569579.629141 -108.8348342880456 18.15344834112104 -0.2085398157647526 0.0006601313639077264 5.461414497442291e-06 5.907941524034101e-07 5.461414497442306e-06 0.000665891974918259 -3.871766098043199e-07 5.907941524034214e-07 -3.871766098043256e-07 0.0006695447346386929
1657569579.8291411 -109.0644739738904 18.206166944623035 -0.2055859566946534 5.7801557784332886e-05 8.936026877251441e-08 7.125092243281346e-08 8.936026877249398e-08 5.5852965185328023e-05 -3.2404796903607554e-08 7.125092243279605e-08 -3.240479690364223e-08 5.606374309653189e-05
1657569580.0291412 -109.2904672155783 18.259492629656513 -0.20538800582237088 0.0006668848750979816 5.3504728272495525e-06 4.654675195086937e-07 5.350472827249548e-06 0.0006730328504458716 -2.810421411589401e-07 4.654675195086893e-07 -2.810421411589586e-07 0.0006761393420492293
1657569580.2291412 -109.51070759207848 18.316440709927242 -0.20822940923248362 5.824174370646313e-05 1.8057735065274486e-07 -6.827188115417947e-09 1.8057735065282416e-07 5.6136982224292534e-05 6.857186666030578e-08 -6.827188115410111e-09 6.857186666030879e-08 5.640978799218445e-05
1657569580.4291413 -109.72304664131877 18.382881931433037 -0.21392317794767032 0.000674546335224233 5.246792074596546e-06 2.579585651019749e-07 5.246792074596508e-06 0.0006796694633074167 -1.1094145821696391e-07 2.579585651019729e-07 -1.1094145821695491e-07 0.0006826754059522318
1657569580.6291413 -109.92850439913659 18.45888179311943 -0.221738573666671 6.637642165952975e-05 2.2897791279756005e-07 -1.0492343293867123e-08 2.2897791279744766e-07 6.417299374480085e-05 -3.338935386436095e-08 -1.0492343293863869e-08 -3.3389353864363684e-08 6.445055156366392e-05
1657569580.8291414 -110.12933366816145 18.543005713088796 -0.23066940959006954 0.0006528661649484146 4.924865090402738e-06 1.8500222800554254e-07 4.924865090402769e-06 0.0006572001501891591 -1.1221541608410598e-07 1.8500222800554244e-07 -1.1221541608411535e-07 0.0006598538136302232
1657569581.0291414 -110.32743858624264 18.63517725279471 -0.23902322040678345 5.767820067419879e-05 5.783338512283819e-08 5.319578414408315e-08 5.7833385122827685e-08 5.556603804761107e-05 -2.2573705364730342e-08 5.319578414410175e-08 -2.2573705364761358e-08 5.5699450111292175e-05
1657569581.2291415 -110.52390189072463 18.736762953744275 -0.24507179247776387 0.0006662555686334641 5.224738788723297e-06 3.4933816906911895e-07 5.224738788723303e-06 0.0006709619648762594 -1.7895490200357278e-07 3.4933816906913367e-07 -1.7895490200356923e-07 0.0006738088699558397
1657569581.4291415 -110.71642823638732 18.851904482114723 -0.2491991912467339 5.792968036939878e-05 1.7204624289727723e-07 -6.203608447841842e-08 1.720462428972384e-07 5.584229289057624e-05 -1.7270938566551317e-08 -6.20360844784279e-08 -1.7270938566558944e-08 5.60691119547243e-05
1657569581.6291416 -110.9001173768157 18.985344677075695 -0.25252584085704644 0.0006678695208015244 5.652578627839055e-06 4.780468703743813e-07 5.652578627838995e-06 0.0006716116131219658 -3.0566007279582467e-07 4.78046870374375e-07 -3.0566007279583086e-07 0.0006755478827298051
1657569581.8291416 -111.06530440286201 19.137694622530944 -0.2561453086969812 5.804215242139563e-05 1.6919696362030573e-07 1.2530412609256562e-07 1.6919696362037127e-07 5.596010651493625e-05 -5.3109791669212713e-08 1.2530412609253473e-07 -5.310979166922857e-08 5.633834001971307e-05
1657569582.0291417 -111.20321409417691 19.30701317393756 -0.26096403050301303 0.0006688408590063386 5.414868380834287e-06 5.388763661893258e-07 5.414868380834322e-06 0.0006700726226251165 -3.61702352075319e-07 5.3887636618931e-07 -3.6170235207531714e-07 0.0006760710038776943
1657569582.2291417 -111.32413615182166 19.488483170283867 -0.2668772534610831 5.798915201815771e-05 1.9366083628032263e-07 1.0940586183956097e-07 1.9366083628006564e-07 5.571817085029466e-05 -6.381955249957438e-08 1.0940586183956875e-07 -6.38195524995534e-08 5.621084841227464e-05
1657569582.4291418 -111.44402678957069 19.67781171609068 -0.2734165256092094 0.0006690497275747862 6.263955202124997e-06 3.957636701649974e-07 6.263955202125016e-06 0.0006695402439797203 -3.914112687024695e-07 3.9576367016497567e-07 -3.914112687024565e-07 0.0006756483166132747
1657569582.6291418 -111.56349110818127 19.87067241205864 -0.279752969525971 5.807445685886872e-05 2.2992225473583362e-07 -4.911230026500867e-08 2.2992225473580588e-07 5.571934082569314e-05 6.130478411080266e-09 -4.911230026502234e-08 6.1304784110854705e-09 5.6041907482907024e-05
1657569582.8291419 -111.6783853275133 20.062485950561104 -0.2850904324937622 0.0006700470496525391 6.172480444428786e-06 3.553484670573162e-07 6.172480444428744e-06 0.0006708192335806351 -3.1738881547654497e-07 3.5534846705731995e-07 -3.1738881547654434e-07 0.0006758648424748542
1657569583.029142 -111.78965873573296 20.25341474926168 -0.28994027791597604 5.9323102561921386e-05 2.41446646623008e-07 1.9003690882694847e-08 2.4144664662303137e-07 5.699327593121649e-05 -3.7275236589243966e-08 1.90036908826947e-08 -3.727523658921364e-08 5.7433577373763075e-05
1657569583.229142 -111.90001306861227 20.445252360736458 -0.29514788212610865 0.0006674460499357779 5.989587522348109e-06 3.6391052468821356e-07 5.98958752234807e-06 0.0006689501362090976 -3.2934842287727686e-07 3.6391052468821605e-07 -3.2934842287727834e-07 0.0006737425067077674
1657569583.429142 -112.00816068952092 20.63855185448174 -0.30047839676366994 5.920609907859769e-05 1.9016122212439448e-07 1.290231502699166e-09 1.9016122212431616e-07 5.698065137994366e-05 -2.133182695614427e-08 1.2902315026781261e-09 -2.133182695616323e-08 5.7355138945437826e-05
1657569583.629142 -112.11200888012925 20.83304935382567 -0.3053485135495778 0.0006670651281165313 5.793855682389984e-06 3.533487814082424e-07 5.793855682389866e-06 0.0006686851797903761 -2.878055159601195e-07 3.53348781408246e-07 -2.87805515960122e-07 0.0006731321071232892
1657569583.829142 -112.21262200914593 21.028191995059462 -0.30978424552605016 5.9535202089429255e-05 8.52803369706722e-08 -8.448372921200836e-08 8.528033697060449e-08 5.698178141452185e-05 2.9344856123407975e-08 -8.448372921198679e-08 2.934485612343701e-08 5.723806143917743e-05
1657569584.0291421 -112.31219638369672 21.22345550627147 -0.31401371444138704 0.0006671691483191082 5.648623194341587e-06 3.360343345039209e-07 5.648623194341572e-06 0.0006690916826386914 -2.587251520244051e-07 3.3603433450391904e-07 -2.587251520244126e-07 0.0006732655034689909
1657569584.2291422 -112.41082841653727 21.419258200615758 -0.318045814684285 5.923017220281345e-05 4.5545118578580426e-08 5.329275775613346e-09 4.5545118578533244e-08 5.6988552753374414e-05 -9.504865134115808e-09 5.329275775617877e-09 -9.504865134112554e-09 5.724199771024772e-05
1657569584.4291422 -112.50760220111557 21.61617348655185 -0.32178937610539676 0.0006668814646149927 5.563457391244311e-06 3.8843116175033733e-07 5.563457391244264e-06 0.0006691575619130764 -2.8384044592382417e-07 3.884311617503365e-07 -2.8384044592382623e-07 0.0006732490601402589
1657569584.6291423 -112.59971718890634 21.813851164290778 -0.32516400031622106 5.904700933713007e-05 9.765088792282934e-08 1.8851584569322302e-08 9.765088792266629e-08 5.7092346146454024e-05 -1.3632102827740751e-08 1.8851584569308412e-08 -1.3632102827732051e-08 5.721288301266475e-05
1657569584.8291423 -112.68463495325759 22.011750476114248 -0.32812812964375626 0.0006669505296043936 5.445857217456151e-06 3.7418302067047616e-07 5.4458572174561865e-06 0.0006690560433678961 -3.3139976039253253e-07 3.741830206704735e-07 -3.3139976039253814e-07 0.0006732230486638753
1657569585.0291424 -112.76615439070453 22.211029129488765 -0.33094515085326215 5.914411854410484e-05 4.810898894023328e-09 3.1569812955264485e-08 4.8108988939606965e-09 5.725721038268455e-05 -1.2596716425159207e-07 3.156981295527123e-08 -1.2596716425164257e-07 5.7385588487219317e-05
1657569585.2291424 -112.8494659758691 22.413400454475372 -0.3338212316759899 0.0006666777457313567 5.594616590886026e-06 4.008087633481161e-07 5.594616590886018e-06 0.0006690672564715035 -4.0610252428928305e-07 4.00808763348105e-07 -4.061025242892941e-07 0.0006732679342306521
1657569585.4291425 -112.93233949840304 22.61869289500909 -0.3358139043900726 5.933682313307738e-05 1.268238806896489e-07 1.377569101334057e-07 1.268238806895958e-07 5.714378657169776e-05 -8.638606994341852e-08 1.3775691013340795e-07 -8.638606994346582e-08 5.741389811020418e-05
1657569585.6291425 -113.01002192929619 22.82589668060559 -0.335857563302408 0.0006672548621547103 5.7599817972791345e-06 5.713511211183992e-07 5.759981797279081e-06 0.0006688853742164921 -3.956643343046132e-07 5.713511211184156e-07 -3.95664334304597e-07 0.0006732713192432756
1657569586.8291428 -113.38070594799593 24.06519376371675 -0.34228199088162276 0.0007758856314355094 1.25624223813799e-05 1.009213544031091e-06 1.2562422381379695e-05 0.0007805421355937756 -9.415640086365724e-07 1.0092135440310984e-06 -9.415640086365655e-07 0.000790721901680501
1657569587.829143 -113.70491979810501 25.12357660931439 -0.33553812301793434 0.03150953427555867 0.002721616016076887 0.000202411034520187 0.0027216160160768886 0.033110245443517164 -0.00016409876943786021 0.00020241103452018722 -0.00016409876943785935 0.03518962552574888
1657569588.029143 -113.77662218927122 25.334012683256365 -0.33487678960729256 0.028502109136399827 0.002613579750245644 0.0001962068043783156 0.0026135797502456455 0.02999311037191197 -0.00015806304887909647 0.0001962068043783154 -0.0001580630488790962 0.03200899142731367
1657569588.2291431 -113.8499521625666 25.545223150221258 -0.334383949687178 0.01767169502912605 0.0014449755939529444 0.00010967275877659267 0.00144497559395294 0.018464458459709822 -8.87882929817164e-05 0.0001096727587765917 -8.878829298171741e-05 0.01959769909616846
1657569588.4291432 -113.92432758587121 25.757862960247948 -0.33397358841741875 0.005772869406594929 0.00032051217122432146 2.4707231953120986e-05 0.000320512171224311 0.0059368588981974875 -2.031290686414849e-05 2.4707231953123757e-05 -2.031290686414263e-05 0.006194603574629674
1657569588.6291432 -113.99901761891395 25.97264576907999 -0.33353369427595225 0.0001098574078810006 2.1497829478052033e-06 1.7141220627866215e-07 2.1497829477909172e-06 0.00010828992824490284 -2.0272793402666114e-07 1.7141220627909607e-07 -2.0272793402463366e-07 0.00011019362537097164
1657569589.6291435 -114.3737973745646 27.06122403411309 -0.3339467722140665 0.0035442793079872906 0.000137165697863059 9.78303449149273e-06 0.00013716569786306063 0.003610770192983757 -8.026786477135884e-06 9.78303449149262e-06 -8.026786477135898e-06 0.0037173158193166654
1657569590.8291438 -114.81850635620135 28.282794420062938 -0.35224174072079223 0.0007574798353315903 9.402663613628712e-06 6.334830824345713e-07 9.402663613628807e-06 0.0007600549616025845 -7.377166719672718e-07 6.334830824345943e-07 -7.377166719672559e-07 0.0007676648653891277
1657569591.0291438 -114.8933065901759 28.494303417781538 -0.3496584313560567 6.120967312795029e-05 1.3559901966763935e-07 1.516111915400192e-08 1.3559901966764427e-07 5.899608773065104e-05 -4.510908077826094e-08 1.516111915398576e-08 -4.510908077826674e-08 5.94054553505101e-05
1657569591.2291439 -114.97016652103984 28.708987661618362 -0.34710614901661346 0.0006745540110334559 6.5666015285559285e-06 5.707034120292216e-07 6.566601528555941e-06 0.0006757366026234224 -4.614792213282212e-07 5.707034120292161e-07 -4.6147922132819325e-07 0.0006811651629054882
1657569591.429144 -115.05023149943425 28.9258082501532 -0.34477069197723387 5.933340294019014e-05 8.930403785497139e-08 -1.8400627372181358e-08 8.93040378548446e-08 5.730864313625263e-05 5.590788886143613e-08 -1.8400627372169473e-08 5.590788886145947e-08 5.755221049984725e-05
1657569591.629144 -115.1341508524322 29.1434251472534 -0.34237082606141495 0.0006689756006176722 6.4945267290938116e-06 6.529449765931959e-07 6.494526729093854e-06 0.0006706012032252656 -4.3497380505438536e-07 6.529449765932035e-07 -4.3497380505437737e-07 0.0006758156874743807
1657569593.0291443 -115.69527624736095 30.59729369284633 -0.35199034946191854 0.013218691165004877 0.0007952356354077214 5.8745494445381374e-05 0.0007952356354077219 0.013504587630050814 -4.739098410521317e-05 5.874549444538109e-05 -4.739098410521322e-05 0.014168240371741402
1657569593.2291443 -115.77221773584583 30.806173823163125 -0.3529463120561317 0.0251963907691243 0.001897410131299776 0.00014411897788211653 0.0018974101312997757 0.025869789701380944 -0.00011551199999425004 0.0001441189778821165 -0.00011551199999425015 0.027460898427363788
1657569593.4291444 -115.84760636553071 31.015642594264552 -0.3532631310573155 0.031662500455517655 0.0028098236165521235 0.00021536539229110026 0.002809823616552125 0.03265155699411973 -0.00017060150148406281 0.00021536539229110004 -0.00017060150148406303 0.03501762771558654
1657569593.6291444 -115.92114067522233 31.226301440102006 -0.35311785983261734 0.028554045187863045 0.0026726812542004303 0.0002059767022524996 0.0026726812542004303 0.029490697834500406 -0.00015937359033862676 0.00020597670225249923 -0.00015937359033862676 0.03175504093855035
1657569593.8291445 -115.99249407635313 31.438755189357092 -0.35273170593594133 0.01758804386503539 0.001455051548334142 0.00011327179692177986 0.001455051548334143 0.018094831175040172 -8.378076537448699e-05 0.00011327179692178005 -8.378076537448703e-05 0.01934077154737915
1657569596.229145 -116.71237902661386 33.974676879238366 -0.3745662994701918 5.8957029128101825e-05 -1.8460085893946858e-07 1.1244059979275717e-08 -1.84600858939381e-07 5.669358854623143e-05 -2.469208379547841e-08 1.1244059979267683e-08 -2.4692083795518614e-08 5.6880824102577043e-05
1657569596.429145 -116.77341356739761 34.179321857510764 -0.374807191618252 0.0006726090269323946 5.674374547527023e-06 4.970824801060997e-07 5.6743745475270336e-06 0.0006725877483181983 -3.2873409505914485e-07 4.970824801060935e-07 -3.2873409505915364e-07 0.0006780894245077867
1657569597.2291453 -117.02833735176884 34.992567352416636 -0.3533035892034294 0.0017825019390863453 3.457467985575153e-05 3.047769551746241e-06 3.457467985575166e-05 0.0017856210304698472 -2.778497199237036e-06 3.047769551746248e-06 -2.778497199237016e-06 0.001817908512940415
1657569597.4291453 -117.08759277955599 35.19478989231268 -0.346880120144118 0.004509583704319257 0.00011979367563927608 1.02226926875906e-05 0.00011979367563927627 0.004525335658631525 -9.404134485946261e-06 1.02226926875906e-05 -9.40413448594621e-06 0.0046366165816262685
1657569597.6291454 -117.14293304448591 35.389041715890215 -0.3412172679116165 0.002943044701039189 8.075673562550964e-05 6.946643110449356e-06 8.075673562550911e-05 0.0029528006661936447 -6.375334034492999e-06 6.9466431104494395e-06 -6.375334034492931e-06 0.003028156571667767
1657569601.8291464 -117.39296478824626 36.221395303278285 -0.32450851637561834 6.244030971825395e-05 -4.269556242561724e-07 -9.642909418283039e-08 -4.269556242562872e-07 6.047920057027132e-05 -1.3133103774623779e-08 -9.642909418283154e-08 -1.3133103774620012e-08 6.0470035747888e-05
1657569603.2291467 -117.69344728990103 37.42408515245857 -0.3178768400059206 0.0006660431119580412 4.937825471729297e-06 1.3569225380764058e-07 4.937825471729402e-06 0.0006564062376843699 6.827312005424885e-08 1.3569225380762258e-07 6.827312005425086e-08 0.0006673079281284346
1657569603.4291468 -117.75893059196636 37.64269792574285 -0.31960003095439204 5.9297716580311715e-05 -3.601762740143203e-07 1.4434436924570938e-07 -3.6017627401411366e-07 5.614784964136347e-05 -3.3559729974644235e-09 1.4434436924571253e-07 -3.3559729974648396e-09 5.688775730095536e-05
1657569603.6291468 -117.83420785128617 37.85893559729278 -0.32255227525884667 0.0006742706067342488 4.898174548248817e-06 -9.70982406923728e-09 4.898174548248808e-06 0.0006645738354382872 1.5026778808837648e-07 -9.70982406923291e-09 1.5026778808837474e-07 0.0006751953445542275
1657569603.8291469 -117.92386553522641 38.06732480188241 -0.3262989200816352 5.935449747564795e-05 -1.7008565153420707e-07 -8.436891991155902e-08 -1.7008565153427988e-07 5.6817202355609674e-05 6.001377296111201e-08 -8.436891991156152e-08 6.001377296110942e-08 5.7471949442183753e-05
1657569604.029147 -118.03028896823064 38.26164322324603 -0.3306296500900839 0.000672905088415172 4.722928693528597e-06 -1.1525608952700324e-07 4.722928693528566e-06 0.0006648276736345386 2.2999493592239245e-07 -1.1525608952700416e-07 2.2999493592239013e-07 0.0006745825531109372
1657569604.229147 -118.14713387361928 38.44473177744985 -0.3354942521393392 5.976664371746658e-05 -2.815666620381542e-07 -9.863930526317758e-09 -2.815666620380577e-07 5.680515060519782e-05 1.3391451851839994e-08 -9.863930526285718e-09 1.3391451851851477e-08 5.7555888329084365e-05
1657569604.429147 -118.26732871825791 38.62279252266762 -0.3406777556261513 0.0006724781222045192 4.606765928306915e-06 9.418952596412653e-09 4.606765928306919e-06 0.0006643218470480616 2.6665658475941255e-07 9.418952596398958e-09 2.666565847594142e-07 0.0006739613095724513
1657569604.629147 -118.3948759373066 38.79611917884786 -0.3445156140184532 5.935154167831238e-05 -1.964679805796975e-07 -5.6280488228599934e-08 -1.9646798057944893e-07 5.684986963031205e-05 5.7577708658127495e-08 -5.628048822861633e-08 5.757770865816154e-08 5.735908869978009e-05
1657569604.829147 -118.53663774389103 38.96209427224182 -0.3451641869113967 0.0006725625201987338 4.713679553561563e-06 9.418203608501916e-08 4.713679553561612e-06 0.0006645633368294448 1.192227106012702e-07 9.418203608502508e-08 1.192227106012557e-07 0.0006736419140378297
1657569605.0291471 -118.69034328187587 39.1206178497975 -0.3440006989162239 5.960682933143651e-05 -3.3413161090316667e-07 7.050333172672092e-08 -3.341316109032821e-07 5.689367734339269e-05 1.2552477561873253e-08 7.050333172668916e-08 1.2552477561870804e-08 5.753089997522435e-05
1657569605.2291472 -118.851869169912 39.27288476603236 -0.3432296543059525 0.0006734267519334993 4.7665878886236444e-06 1.0781045865058248e-07 4.766587888623753e-06 0.0006643653636498138 8.460868175796363e-08 1.0781045865058588e-07 8.460868175796385e-08 0.0006743614287162709
1657569605.4291472 -119.02612825747501 39.41858721087522 -0.3423115992728532 5.9667340575973093e-05 -3.423390658900194e-07 -2.9623224377817586e-08 -3.4233906589014383e-07 5.681849297701859e-05 1.1106349548808872e-08 -2.9623224377790368e-08 1.1106349548832468e-08 5.75155553567348e-05
1657569605.6291473 -119.22001176700488 39.555242806211055 -0.33990030271863314 0.0006749808481873465 5.452411340447583e-06 1.0096210217541448e-08 5.452411340447627e-06 0.0006649368692564314 1.988845607471296e-08 1.0096210217541572e-08 1.9888456074713007e-08 0.000675798538148073
1657569605.8291473 -119.42882228252338 39.678329348618234 -0.33665846035410457 5.968833012155966e-05 -1.504538365698588e-07 -2.4323242954354612e-08 -1.5045383656993855e-07 5.668552165336253e-05 1.8694103247059723e-08 -2.4323242954396544e-08 1.8694103247065106e-08 5.7598172925694136e-05
1657569606.0291474 -119.64397328668187 39.78267421218524 -0.33386493965116704 0.0006754431403132955 5.167386653278944e-06 -2.3708668406320008e-08 5.1673866532790165e-06 0.0006649252508585579 9.317293921674152e-08 -2.370866840632186e-08 9.317293921673964e-08 0.000676009916834124
1657569606.2291474 -119.86237684005361 39.85901800204675 -0.3313188230375641 5.982110346444165e-05 -2.2092440952784306e-07 1.4429431033956166e-08 -2.209244095279397e-07 5.704571281588904e-05 3.427163696436789e-08 1.4429431033946584e-08 3.4271636964396635e-08 5.771364342179847e-05
1657569606.4291475 -120.08210369419535 39.89606113335354 -0.32839498228897823 0.0006733690360118811 4.713543189286857e-06 -5.706339564277503e-08 4.713543189286737e-06 0.0006667896923039533 6.241012648646837e-08 -5.706339564279059e-08 6.241012648645826e-08 0.0006771945807912776
1657569607.0291476 -120.72805986719686 39.72890623500674 -0.3199596062141163 5.911357677150647e-05 1.882034113091544e-08 9.18944411223839e-08 1.8820341130921196e-08 5.7514184794091716e-05 3.8938498403786536e-08 9.189444112243221e-08 3.893849840390605e-08 5.985493613933421e-05
1657569607.2291477 -120.9376578349235 39.6474054595392 -0.31764213398751745 0.0006870381562046296 9.412841117907458e-06 5.250746937526082e-07 9.412841117907406e-06 0.0006855268428885493 4.536931170553361e-07 5.250746937526197e-07 4.536931170553416e-07 0.0007124342575892973
1657569607.4291477 -121.15007020006236 39.572902525053344 -0.31499917001219935 6.31850956871135e-05 5.312043039481311e-07 3.739845264928206e-08 5.312043039482254e-07 6.077099244640923e-05 5.740332652726534e-08 3.7398452649241424e-08 5.7403326527246814e-08 6.24220284768888e-05
1657569607.6291478 -121.36661181439511 39.49101843536125 -0.3115680684438375 0.0008913592236832318 3.3986317888449216e-05 3.647527298038209e-07 3.398631788844904e-05 0.0008672175990686321 4.614485720093101e-07 3.647527298039055e-07 4.6144857200940334e-07 0.0009249542143022342
1657569643.5468118 -149.26369282310876 25.743462723268173 -0.0679139912605335 0.0012941592919512505 0.0001803458107531567 6.332460864706672e-06 0.00018034581075315729 0.0016058207435705003 -4.830827753296008e-06 6.3324608647029216e-06 -4.830827753304187e-06 0.0016981868971620128
1657569643.7468119 -149.47271153424163 25.842337691115166 -0.06532470020362964 0.0064790333967742935 0.0006972426682237224 2.798351097815348e-05 0.0006972426682237243 0.007648898567293738 -1.8442425415852147e-05 2.798351097815454e-05 -1.844242541584997e-05 0.00800508509353673
1657569643.946812 -149.6811718743174 25.938232775187917 -0.06329744886259256 0.005643750181258021 0.0003950053030588707 1.8643854291201444e-05 0.0003950053030588711 0.00627702433421828 -1.1089125781729123e-05 1.8643854291201935e-05 -1.1089125781728408e-05 0.0064809222027610745
1657569644.146812 -149.88794152876 26.030576558616897 -0.0619677282593783 0.001102473772164988 3.5071625368850526e-05 2.068920209806092e-06 3.5071625368848574e-05 0.0011532573050155594 -1.2390942086663116e-06 2.068920209806012e-06 -1.2390942086662222e-06 0.0011722668720872173
1657569644.346812 -150.09192655730814 26.118863062516702 -0.06146263754755493 0.0003849842460507376 5.06254464774421e-06 3.129861238379783e-07 5.062544647744147e-06 0.0003913105483777161 -2.1092342767376847e-07 3.129861238378558e-07 -2.1092342767393266e-07 0.00039429925306943225
1657569644.546812 -150.29382266422726 26.204130812636073 -0.061762220264840004 0.0005918009017532586 9.168342458002563e-06 3.606686223307086e-07 9.168342458002861e-06 0.0006054290616257322 -1.211139718477176e-07 3.606686223307194e-07 -1.2111397184767466e-07 0.0006105880126940951
1657569644.746812 -150.49655858545395 26.289225672120164 -0.06267174546639942 0.0005214916800642239 7.740233014285283e-06 3.242037140669515e-07 7.740233014285227e-06 0.0005323849807239068 1.0746584354028991e-07 3.2420371406689075e-07 1.0746584354016708e-07 0.0005370601412374394
1657569644.9468122 -150.7015303803182 26.375014910318804 -0.06386560050210918 0.0037180156048606896 7.765702958985307e-05 2.5442072221795603e-06 7.765702958985283e-05 0.003837338020939326 3.278085467281121e-07 2.544207222179292e-06 3.2780854672771167e-07 0.003880167332654032
1657569645.1468122 -150.90801554517333 26.459813861505637 -0.06478980614061948 0.004081892724783086 0.00010148174066965958 3.154246001994913e-06 0.00010148174066965912 0.004234829825076242 -2.5792362578191694e-08 3.154246001994954e-06 -2.5792362578316708e-08 0.004287190766384511
1657569645.3468122 -151.1151692049003 26.541686559253865 -0.06485927481035753 0.000924390117314681 1.6780183877079323e-05 6.266029433986493e-07 1.678018387707902e-05 0.0009476554678483811 -4.0289763599887745e-08 6.266029433969616e-07 -4.0289763602919295e-08 0.000956047183157587
1657569645.5468123 -151.3221771522805 26.61865899345022 -0.06352704626192697 0.00035582882931534544 3.2549609974670904e-06 1.9437936454036945e-07 3.254960997467087e-06 0.0003598597507890478 -4.31185578167745e-08 1.943793645403602e-07 -4.3118557816821735e-08 0.0003613603221950468
1657569645.7468123 -151.5298921048567 26.689418915277457 -0.06120762836375397 0.0004897474995482433 4.642287619099535e-06 2.823566156108996e-07 4.6422876190995565e-06 0.0004962105537989046 -1.8579662669243162e-07 2.823566156110251e-07 -1.8579662669228892e-07 0.000498506921435981
1657569645.9468124 -151.74147100762627 26.752760799080438 -0.059196423630083726 0.00030234467971230144 1.701107087691489e-06 1.3260774517750615e-07 1.7011070876914807e-06 0.0003043783985778706 -1.6360099708026283e-07 1.326077451775513e-07 -1.6360099708018403e-07 0.0003053469760226829
1657569646.1468124 -151.95824273135926 26.80936428763221 -0.05785974607530971 0.00046300858705397856 3.517729095403465e-06 1.5097632475771179e-07 3.5177290954034536e-06 0.0004689810134068044 -1.9855265959197105e-07 1.5097632475772068e-07 -1.9855265959195435e-07 0.0004705020002562096
1657569646.3468125 -152.17920124627096 26.862401408199883 -0.05646871252198866 0.0002983527675682665 1.5693894534705653e-06 8.074418356194646e-08 1.5693894534705481e-06 0.000300522196903781 -1.1646970919121851e-07 8.074418356193702e-08 -1.1646970919123105e-07 0.00030130437425163463
1657569646.5468125 -152.40287340079942 26.9155928184026 -0.05487527687570035 0.0004616354181794921 3.610655812972136e-06 2.857971030458136e-07 3.6106558129721946e-06 0.0004678095680859466 -4.0777859810165125e-08 2.857971030458241e-07 -4.077785981015961e-08 0.00046987689202017754
1657569646.7468126 -152.62722310947282 26.973484362154302 -0.05376689904385221 0.00029825564304636294 1.7109751418653328e-06 1.6960905272930016e-07 1.7109751418653504e-06 0.00030019849498343754 -2.574185393973678e-08 1.6960905272926273e-07 -2.574185393974524e-08 0.00030177448254351967
1657569646.9468126 -152.85008332129067 27.034524430667382 -0.05359899381549878 0.00046238236383189387 3.884334675555091e-06 2.0328261914162785e-07 3.884334675555183e-06 0.0004678861018638378 -9.851522335250754e-08 2.0328261914163667e-07 -9.851522335250152e-08 0.0004712912101419443
1657569647.1468127 -153.06902430502402 27.09038296487125 -0.05459647887038318 0.0002976752571012368 1.6034935049697584e-06 5.2499454879240487e-08 1.6034935049697669e-06 0.0002992324723216388 -2.8083357136955323e-08 5.249945487926195e-08 -2.808335713695636e-08 0.00030119652422174576
1657569647.3468127 -153.2824666485479 27.139995566548798 -0.05709976008557608 0.0004619926341199264 3.5249001641874425e-06 1.4598873078961637e-07 3.5249001641874455e-06 0.00046729153259630424 1.1263974416475364e-07 1.459887307896103e-07 1.1263974416476718e-07 0.00047053322212636583
1657569647.5468128 -153.49011075942977 27.191533972419084 -0.06154504839268426 0.0002977332827370778 1.6075591777370018e-06 8.097103415761778e-08 1.6075591777369935e-06 0.00029928665046714126 2.0098783740375288e-07 8.097103415760748e-08 2.0098783740375206e-07 0.00030103466230362383
1657569647.7468128 -153.69496240387522 27.247152329136178 -0.06690465690775184 0.00046291982103518434 3.4079019887461518e-06 2.0272543663847666e-07 3.407901988746186e-06 0.0004677068061923415 3.061247426237629e-07 2.0272543663851716e-07 3.061247426237743e-07 0.0004705556595541523
1657569647.9468129 -153.90374170400057 27.301374118877433 -0.07036531243557821 0.0002966914223257516 1.5672441758494185e-06 1.6653764036998348e-07 1.5672441758494142e-06 0.000298355839606043 1.7785939535237082e-07 1.6653764036998311e-07 1.778593953523607e-07 0.00029973001244602154
1657569648.146813 -154.11883122639117 27.35327779931129 -0.07099203456037678 0.00046256599493734493 3.479251326654413e-06 2.5842216827438365e-07 3.4792513266544966e-06 0.00046770886809365875 1.1806711777757362e-07 2.5842216827438185e-07 1.1806711777758582e-07 0.0004704389895154232
1657569648.346813 -154.33711023271758 27.407973508550246 -0.07003411058801069 0.0002968733017267087 1.585865899650303e-06 1.5010016651851674e-07 1.5858658996502951e-06 0.00029846149313101034 2.9029690075707328e-08 1.5010016651852347e-07 2.902969007570361e-08 0.0002999888495532459
1657569648.546813 -154.55607742796653 27.46569321481749 -0.06837706563999697 0.0004631939595750678 3.683070543387333e-06 2.8443130498598725e-07 3.683070543387337e-06 0.00046834180296539415 -1.7220693936865057e-07 2.844313049859854e-07 -1.7220693936863612e-07 0.00047059756597582546
1657569648.746813 -154.77440408440367 27.520422749794754 -0.06634024345046699 0.00029704651626155724 1.482992145315007e-06 1.5610356716345795e-07 1.4829921453150198e-06 0.0002987220442973977 -1.4515799085726013e-07 1.5610356716345899e-07 -1.4515799085726667e-07 0.00029953766319648195
1657569648.946813 -154.99201248933008 27.569970771660977 -0.06442033828173876 0.00046371501195750667 3.615355129443646e-06 3.046236073137357e-07 3.6153551294435788e-06 0.0004691660647534266 -1.2023903568653743e-07 3.046236073137377e-07 -1.2023903568652371e-07 0.0004709143202273541
1657569649.1468132 -155.21031086151737 27.617167452963834 -0.06342334234638793 0.0002960203387757935 1.5593099387156352e-06 1.551006595218541e-07 1.5593099387156324e-06 0.00029784197626153366 -6.876510927782542e-08 1.551006595218534e-07 -6.876510927782213e-08 0.0002985617364101056
1657569649.3468132 -155.4292144883709 27.66405319323161 -0.06346877669468583 0.0004642555353699897 3.7257774557395733e-06 1.6186694261295145e-07 3.7257774557396423e-06 0.0004698542195253926 -2.088440456694524e-07 1.6186694261294134e-07 -2.0884404566946127e-07 0.00047156056604763004
1657569649.5468132 -155.64672974192825 27.71149593093458 -0.063922265515089 0.000295014057156132 1.7392257833898618e-06 4.4579987502482634e-08 1.7392257833898455e-06 0.0002967655261472881 -1.8341687905822257e-07 4.45799875024884e-08 -1.8341687905822165e-07 0.000297633303158421
1657569649.7468133 -155.86343478381343 27.75988283765569 -0.0644262590448992 0.0004634617997828432 3.648560010171566e-06 -6.545169402059178e-09 3.6485600101715793e-06 0.00046923668439215774 -8.247127156492154e-08 -6.545169402082238e-09 -8.247127156491656e-08 0.00047081138488874074
1657569649.9468133 -156.0830401625263 27.809438868085664 -0.06502911695718329 0.00029545759965652566 1.688786764620049e-06 -1.0553158841412883e-07 1.6887867646200509e-06 0.00029758036585103657 -2.982050202986585e-08 -1.0553158841412358e-07 -2.9820502029866256e-08 0.00029829332108600884
1657569650.1468134 -156.30499385480869 27.860921336420226 -0.06560116784487176 0.00046374742350024846 3.7312936868251968e-06 2.5238895980262093e-07 3.7312936868252434e-06 0.00046957330587284277 -8.922979913446276e-08 2.523889598026365e-07 -8.922979913449949e-08 0.0004714659217568863
1657569650.3468134 -156.52335689784914 27.91590516278342 -0.06574785975717543 0.0002956080341988294 1.6284833095648207e-06 2.143957925655145e-07 1.6284833095648184e-06 0.00029735478634394634 -5.4687449453558085e-08 2.1439579256551874e-07 -5.468744945356827e-08 0.0002983800341710057
1657569650.5468135 -156.7367086387278 27.973938469048875 -0.06550142989383208 0.0004637282398058663 3.7129368751712456e-06 1.9142795413279277e-07 3.7129368751712752e-06 0.00046895710157067227 -1.2995618227308136e-07 1.914279541327968e-07 -1.2995618227306614e-07 0.0004711002000701192
1657569650.7468135 -156.94951361359566 28.0323232151233 -0.06543795218536322 0.0002956004876461376 1.6320782168146466e-06 8.194897317399478e-08 1.632078216814666e-06 0.0002972884364718062 -7.72132553249015e-08 8.194897317399696e-08 -7.721325532490114e-08 0.0002983984965739336
1657569650.9468136 -157.1634768678149 28.090309979286832 -0.06586482881781339 0.0004638329170988481 3.6600845169148253e-06 8.761602217343885e-08 3.6600845169147956e-06 0.00046905726884796233 -1.1570997275079e-07 8.761602217343624e-08 -1.1570997275078866e-07 0.0004709450700501415
1657569651.1468136 -157.37655241937793 28.14951705699279 -0.06672232179449955 0.00029556298046240845 1.5962593234573603e-06 -1.593067801061013e-08 1.5962593234573525e-06 0.00029726816326962395 -7.085008665811814e-08 -1.5930678010609924e-08 -7.085008665811756e-08 0.0002981385396987131
1657569651.3468137 -157.58890023452668 28.210228796916134 -0.06769352369423691 0.0004637270775210743 3.7384754851896966e-06 1.167610599674874e-07 3.7384754851897144e-06 0.0004688554496073308 -5.8526759456477356e-08 1.1676105996748631e-07 -5.8526759456470024e-08 0.00047102033209023503
1657569651.5468137 -157.803641240091 28.270910795796738 -0.06819450620828628 0.0002954586750953689 1.7085714773451793e-06 5.844002134061146e-08 1.7085714773451515e-06 0.00029721970244843475 -2.9148294592834828e-08 5.844002134061672e-08 -2.914829459283597e-08 0.00029842668619104053
1657569651.7468138 -158.02113582014803 28.331557235620437 -0.06808538979244508 0.00046378968778373295 3.94152802691243e-06 2.70026783533733e-07 3.941528026912422e-06 0.00046934091456223736 -1.52155046798265e-07 2.700267835337402e-07 -1.5215504679826067e-07 0.0004712372584936445
1657569651.9468138 -158.23821613948667 28.39398048330849 -0.06775904680969261 0.00029546699417047807 1.8500278311902846e-06 1.9123807138225324e-07 1.8500278311902914e-06 0.00029737174728027954 -1.3015237867299357e-07 1.912380713822574e-07 -1.3015237867299325e-07 0.000298220465470423
1657569652.1468139 -158.45347482872342 28.457539224211956 -0.06760808497771705 0.00046398789635565877 3.902130779177775e-06 2.8031856898806606e-07 3.902130779177831e-06 0.00046923467882283796 -1.2928308304625143e-07 2.803185689880717e-07 -1.292830830462369e-07 0.00047134342867025775
1657569652.346814 -158.6679187677764 28.518501859178677 -0.06801255826671607 0.0002956726609672233 1.6836826753193287e-06 1.7604289210079384e-07 1.6836826753193418e-06 0.0002973727385444721 -7.138504010375412e-08 1.7604289210079469e-07 -7.1385040103752e-08 0.00029836394936460045
1657569652.546814 -158.8807592426628 28.576102345485292 -0.06901897667144241 0.00046355590247862253 3.58691570112375e-06 1.7917141053370783e-07 3.5869157011237846e-06 0.00046914787670329026 -8.477923192591123e-08 1.791714105337026e-07 -8.477923192590181e-08 0.00047098623284069953
1657569652.746814 -159.08899954765485 28.63331268966492 -0.07028687916872622 0.0002951813684555051 1.5463964005897926e-06 8.494782393050754e-08 1.546396400589813e-06 0.00029711963740654024 -3.298766965876445e-08 8.494782393050825e-08 -3.29876696587605e-08 0.0002979829751713588
1657569652.946814 -159.2943252147698 28.692618795799547 -0.0717189962574922 0.0004636948516800101 3.450281721844224e-06 1.4372380245823087e-07 3.450281721844196e-06 0.00046863967226163153 -3.531034909158596e-08 1.437238024582324e-07 -3.53103490915959e-08 0.0004705363423743823
1657569653.146814 -159.50418362903307 28.755685038258704 -0.07350207966420459 0.0002954975674390837 1.5982057375287514e-06 9.552624005529593e-08 1.5982057375287694e-06 0.00029713375403677653 1.080490523966842e-08 9.552624005529613e-08 1.0804905239672132e-08 0.00029824858123428415
1657569653.3468142 -159.72119024658778 28.82133910826051 -0.07494857521698477 0.00046422424742285256 3.7842530320509365e-06 1.3699671385819082e-07 3.7842530320509433e-06 0.00046934077451567 -8.492771529593164e-09 1.3699671385820342e-07 -8.492771529614234e-09 0.0004715245425427757
1657569653.5468142 -159.94161557110854 28.88505758113618 -0.07427936976722838 0.0002956080442235627 1.591876436305367e-06 1.142736111188892e-07 1.5918764363053734e-06 0.0002972315237208194 -3.703355561513374e-09 1.1427361111889758e-07 -3.7033555615194303e-09 0.0002983804887858266
1657569653.7468143 -160.16167266568948 28.946405722234566 -0.0715749618914921 0.0004643814701859013 3.7681516709019914e-06 3.320911884193335e-07 3.768151670901927e-06 0.0004697775127212827 4.2154338181430814e-08 3.32091188419319e-07 4.2154338181428664e-08 0.00047193041123835746
1657569653.9468143 -160.37810976794364 29.010044170133014 -0.06920789554869186 0.0002959700572676731 1.606593703049955e-06 1.5271676080413465e-07 1.6065937030499393e-06 0.0002973875507793687 6.160801306892074e-08 1.5271676080414318e-07 6.160801306893629e-08 0.0002984892981131533
1657569654.1468143 -160.59083062906558 29.076501357870907 -0.06846181355980846 0.000464654020865171 3.754018522833167e-06 2.3570708058995255e-07 3.7540185228332323e-06 0.0004695242167473431 -9.424881304402738e-08 2.3570708058994988e-07 -9.424881304402175e-08 0.00047166830980826683
1657569654.3468144 -160.80352685058648 29.14110624179213 -0.06926034027063885 0.00029592931809076673 1.6168149962168393e-06 7.912934998168174e-08 1.6168149962168488e-06 0.0002973272570735634 -7.519202035293274e-08 7.91293499816764e-08 -7.51920203529337e-08 0.000298237507023936
1657569654.5468144 -161.01823526781416 29.20289592034529 -0.07101224794070764 0.0004639624175139432 3.662843897049058e-06 8.081828363345435e-08 3.662843897049077e-06 0.0004692754463888658 -1.1983683449956753e-08 8.081828363345142e-08 -1.1983683449984379e-08 0.0004711322333735516
1657569654.7468145 -161.234697172589 29.265689817909507 -0.07267047609349872 0.00029573337900038355 1.6419553510271119e-06 8.753103094915394e-09 1.6419553510271034e-06 0.000297492977708034 4.2346264625670606e-08 8.753103094917566e-09 4.234626462566787e-08 0.00029832247956648153
1657569654.9468145 -161.45244382651126 29.331220447588677 -0.07381870511177768 0.0004641464761793011 3.877088932464406e-06 1.1758327964963297e-07 3.877088932464444e-06 0.00046972246170192853 -1.7031253930880147e-07 1.1758327964963706e-07 -1.7031253930882138e-07 0.0004717408907466831
1657569655.1468146 -161.67089906949113 29.398417511377765 -0.07481354494540748 0.00029548877426154946 1.769110071409114e-06 4.7469730909784286e-08 1.7691100714091268e-06 0.00029735548691663615 -1.5791300499198157e-07 4.7469730909779e-08 -1.579130049919828e-07 0.0002984139724001003
1657569655.3468146 -161.88921624265893 29.466477239169237 -0.0759426693228595 0.0004642052604608427 3.948891295589293e-06 2.8883825960043807e-07 3.948891295589345e-06 0.0004697735159980634 -1.6939147357908215e-07 2.888382596004233e-07 -1.6939147357907675e-07 0.00047171383557426485
1657569655.5468147 -162.10622230716646 29.53517337317704 -0.07735786637033207 0.0002956898241875188 1.7231269376415534e-06 2.1447620809658987e-07 1.723126937641532e-06 0.0002974817926887672 -1.2394742326205766e-07 2.144762080965885e-07 -1.2394742326205586e-07 0.0002983691223505046
1657569655.7468147 -162.32098442093906 29.603757235699817 -0.07933719296140945 0.00046382181232781466 3.816212516359715e-06 1.5623433471182853e-07 3.816212516359758e-06 0.0004694779013074709 -9.245572683776993e-08 1.562343347118304e-07 -9.245572683776768e-08 0.00047129682989299006
1657569655.9468148 -162.53295627654552 29.670829283629143 -0.08233718194314565 0.00029556989206833985 1.6074349506525893e-06 4.257972635795993e-08 1.6074349506525984e-06 0.00029762850239708257 -3.905663136001228e-08 4.25797263579601e-08 -3.9056631360011345e-08 0.0002983923884931202
1657569656.1468148 -162.74322964750337 29.736833818988302 -0.08631301509314712 0.00046364973989138547 3.715365289537617e-06 1.1101594635542774e-07 3.715365289537633e-06 0.00046919924912459205 -1.2425495356343121e-07 1.1101594635543122e-07 -1.2425495356344326e-07 0.0004710362800790489
1657569656.3468149 -162.95481790763458 29.804447395070436 -0.09058923744093603 0.0002954796742312586 1.711901217043947e-06 6.777701642547557e-08 1.7119012170439607e-06 0.00029753627913170467 -1.1040467587873466e-07 6.777701642547311e-08 -1.1040467587874205e-07 0.0002984480107282452
1657569656.546815 -163.1680772083841 29.874471087436206 -0.09456413363246406 0.00046381391678303874 3.847564445714074e-06 1.1875700970940304e-07 3.847564445714131e-06 0.0004694583637486469 -1.0503931135467818e-07 1.187570097094054e-07 -1.0503931135468146e-07 0.0004710893232033028
1657569656.746815 -163.38000234872135 29.945262654567358 -0.09770128039448234 0.00029552791265331606 1.7039807730281718e-06 8.575510830868693e-08 1.7039807730281631e-06 0.00029755346247855577 -9.226827391028984e-08 8.575510830868603e-08 -9.226827391029022e-08 0.0002981454435388101
1657569656.946815 -163.58886546634093 30.01519353044035 -0.10013814307615916 0.0004638934851726461 3.8040460733633175e-06 1.1018860251665976e-07 3.804046073363287e-06 0.00046894170523515197 -9.596363860777503e-08 1.1018860251665356e-07 -9.596363860778692e-08 0.0004710179567573697
1657569657.146815 -163.79481976671536 30.08285878305263 -0.10273552197417055 0.000295731089348182 1.685865023221553e-06 3.1382773554940664e-08 1.6858650232215655e-06 0.00029725774618272004 -5.2815134065179744e-08 3.138277355493984e-08 -5.28151340651807e-08 0.0002984018315121177
1657569657.346815 -163.99927014099023 30.14852563516453 -0.10577358511075384 0.0004637626299412812 3.5438942711062647e-06 1.2473666976247497e-08 3.543894271106246e-06 0.0004688259212297535 1.2259981380033906e-08 1.2473666976246618e-08 1.2259981380033724e-08 0.0004707646638647046
1657569657.5468152 -164.20498319766182 30.214428018997356 -0.1087322662947419 0.0002954066809678665 1.6257222957606502e-06 -4.295299160636123e-08 1.625722295760661e-06 0.0002971557794824755 4.7268789729706424e-08 -4.295299160636443e-08 4.726878972970721e-08 0.0002982194812094262
1657569657.7468152 -164.41284086385494 30.28208873273219 -0.11091155903438364 0.0004637172395451272 3.6301585164274347e-06 1.6721924144141765e-07 3.630158516427441e-06 0.00046902296512923454 -5.386024851740569e-08 1.672192414414264e-07 -5.386024851740743e-08 0.00047087157349588743
1657569657.9468153 -164.62129961964558 30.352072792431137 -0.11142272092954687 0.0002953908182060663 1.7049780914227681e-06 1.602431624463358e-07 1.7049780914227836e-06 0.0002972221690203626 -4.948666270010403e-08 1.6024316244632751e-07 -4.948666270010445e-08 0.0002982046447776385
1657569658.1468153 -164.82938039386585 30.424104723101113 -0.1104468807987284 0.0004638859909863367 3.680976595752476e-06 3.0558755915719117e-07 3.6809765957525383e-06 0.00046918708602548484 -8.980681199165803e-08 3.0558755915717105e-07 -8.980681199166308e-08 0.00047115989652656633
1657569658.3468153 -165.03696458890963 30.49707280045693 -0.10942823610450574 0.00029545724395695186 1.6300809123458817e-06 2.157869626566331e-07 1.6300809123458699e-06 0.0002972954049958167 -3.248624250576135e-08 2.157869626566328e-07 -3.248624250576456e-08 0.0002983348455923341
1657569658.5468154 -165.2437214387 30.570371223621894 -0.10890881138466539 0.0004643558297273039 3.6626965429540408e-06 1.7095399670600066e-07 3.662696542954054e-06 0.00046964435788384655 -9.356010560983459e-08 1.7095399670600283e-07 -9.356010560984507e-08 0.00047146858211407857
1657569658.7468154 -165.44904240678483 30.644070746415018 -0.10831148241068098 0.00029516808287111677 1.6182342985412514e-06 6.32143132730111e-08 1.618234298541257e-06 0.0002970361766441088 -4.8538858556486707e-08 6.321431327301016e-08 -4.8538858556486e-08 0.00029789114937043133
1657569658.9468155 -165.65382226689033 30.718803864420256 -0.10746880794216233 0.00046390986017635525 3.629966300110791e-06 2.2235507612455198e-07 3.6299663001107166e-06 0.0004694054559892606 -4.1067954883544044e-08 2.2235507612454597e-07 -4.106795488353048e-08 0.00047119080204861873
1657569659.1468155 -165.86078236298036 30.795746955042166 -0.10681983360587925 0.00029502036653348965 1.635947238796741e-06 1.5461895532111306e-07 1.63594723879675e-06 0.0002972858212528123 7.479042141904575e-09 1.5461895532110613e-07 7.479042141907546e-09 0.00029813877049194204
1657569659.3468156 -166.07036153251184 30.87406607879442 -0.1061321026214833 0.0004636910259046769 3.944301297319163e-06 2.614311917714482e-07 3.944301297319157e-06 0.00046921919756542614 -1.2930374156435308e-07 2.6143119177145507e-07 -1.2930374156429241e-07 0.00047129852368265875
1657569659.5468156 -166.2801591167908 30.950406191743678 -0.10437007001370918 0.0002954429159032561 1.8209804776766311e-06 1.9798580234034073e-07 1.8209804776766364e-06 0.00029757388873764 -1.1443199497118752e-07 1.9798580234034655e-07 -1.144319949711927e-07 0.00029862621984101336
1657569659.7468157 -166.4896970339218 31.024859706837486 -0.10172515240301841 0.0004641380736716168 3.930756176444548e-06 1.4247516314179881e-07 3.9307561764445745e-06 0.00046977682610745863 -3.2280588352934704e-08 1.4247516314182497e-07 -3.228058835293734e-08 0.000471562348437252
1657569659.9468157 -166.70107941998288 31.101726602516035 -0.09994234247669108 0.00029545641032549855 1.9011881982990624e-06 -1.2438997239326427e-08 1.90118819829904e-06 0.00029760810988182726 1.547627224084428e-08 -1.2438997239333082e-08 1.5476272240844577e-08 0.000298376591266164
1657569660.1468158 -166.9149816290462 31.18135336802341 -0.09932381119611956 0.00046393712292813044 4.049865180093068e-06 3.373403934915834e-07 4.049865180093046e-06 0.00046974295531732133 -1.8425112346143915e-08 3.373403934916058e-07 -1.8425112346148134e-08 0.00047163816292892266
1657569660.3468158 -167.13014076627962 31.259043014494136 -0.09841018979971052 0.00029549949000119637 1.8052040559494137e-06 2.7961257140386527e-07 1.805204055949407e-06 0.00029778806751750716 -1.5891402017569593e-08 2.796125714038643e-07 -1.5891402017571188e-08 0.0002985266736472118
1657569660.5468159 -167.34545732703413 31.333534025274396 -0.0969087532018761 0.0004639346007852969 3.818927147304953e-06 2.503367927360584e-07 3.818927147304937e-06 0.0004697635667117231 -1.5191655500874405e-08 2.503367927360365e-07 -1.5191655500873105e-08 0.0004716736555393245
1657569660.746816 -167.56019177056794 31.408084344586154 -0.09611112298826194 0.0002958354213050597 1.6568739409705688e-06 9.334036607083512e-08 1.656873940970576e-06 0.000297815980685613 2.5324874538921086e-08 9.334036607083303e-08 2.532487453891848e-08 0.00029873868704936526
1657569660.946816 -167.77351815247178 31.484482486388607 -0.09660597973705853 0.0004637646122901516 3.770209387380067e-06 1.2425292868314075e-07 3.770209387380013e-06 0.00046990332156118857 4.475571907228937e-08 1.2425292868313617e-07 4.4755719072237505e-08 0.00047170353385351263
1657569661.146816 -167.9844474052433 31.562549877691353 -0.09807753007884477 0.00029549335620641866 1.6220930756680084e-06 8.435042404333481e-09 1.6220930756680147e-06 0.0002978608766486479 9.851780077881615e-08 8.435042404334413e-09 9.851780077881934e-08 0.0002987183942348434
1657569661.346816 -168.193065311559 31.641327245930103 -0.10036599341851335 0.0004637976936623394 3.7600596731816546e-06 1.6554120104838443e-07 3.7600596731815784e-06 0.0004692667260162348 -1.1208470250786458e-07 1.6554120104838983e-07 -1.1208470250786366e-07 0.0004714476900706722
1657569661.546816 -168.40073830925832 31.719277338306163 -0.10357135504227144 0.0002957102708461533 1.661590356969682e-06 1.1108968644900487e-07 1.6615903569696904e-06 0.00029753846159745093 -1.1097472915364654e-07 1.1108968644900363e-07 -1.1097472915365257e-07 0.00029880635839065183
1657569661.7468162 -168.60838763946086 31.797509995554904 -0.1072793833678083 0.00046442761260373353 3.64749907748297e-06 1.0986922477196519e-07 3.6474990774829568e-06 0.0004699431792178717 -1.2377069448788246e-07 1.0986922477196843e-07 -1.2377069448790234e-07 0.00047178097399995544
1657569661.9468162 -168.81624386847736 31.880341151493212 -0.11038757570650273 0.0002956691668414999 1.64292507082222e-06 8.507744091344754e-08 1.642925070822214e-06 0.00029759103585607786 -1.0319691184309216e-07 8.50774409134465e-08 -1.0319691184309271e-07 0.000298452189052922
1657569662.1468163 -169.02424710453485 31.967765299627718 -0.11247633498025464 0.00046477337386880986 4.012963663154906e-06 1.1771319647954181e-07 4.0129636631548854e-06 0.00047022902612624674 -1.6408560064865334e-07 1.1771319647954299e-07 -1.6408560064866226e-07 0.00047252272439427705
1657569662.3468163 -169.23207244173614 32.05439920644002 -0.11391934875488931 0.00029740366100630347 1.8354087677837962e-06 5.942538904749734e-08 1.835408767783797e-06 0.00029948841431822853 -1.21031903251186e-07 5.942538904749376e-08 -1.2103190325119084e-07 0.00030058767536415246
1657569662.5468163 -169.43936533500647 32.13842210898442 -0.1152172597279601 0.000480645898814479 4.139312132714038e-06 1.9852778632821985e-07 4.139312132714027e-06 0.00048657012811436924 3.1070010329254216e-08 1.9852778632821614e-07 3.1070010329233636e-08 0.0004885505073217505
1657569662.7468164 -169.64578837714706 32.222572816117925 -0.11696194409573803 0.0002813887140086952 1.7267966337942692e-06 8.507396080704396e-08 1.726796633794274e-06 0.00028334809015447736 1.1115530880215501e-07 8.507396080703917e-08 1.1115530880215173e-07 0.000284072659038072
1657569662.9468164 -169.85096298195842 32.307668551165314 -0.11956741617737848 0.00046851845741374497 3.835097909997662e-06 5.64086810431739e-08 3.835097909997645e-06 0.0004739561948521701 -4.109836155510409e-08 5.640868104317404e-08 -4.109836155510536e-08 0.00047602884772579725
1657569663.1468165 -170.05454248466765 32.39178037116122 -0.12323336286416793 0.0002885190052676083 1.63642849324323e-06 -4.8000412808835333e-08 1.6364284932432308e-06 0.00029033445020258024 -1.2744070314296977e-08 -4.8000412808832806e-08 -1.2744070314297581e-08 0.0002913783728811275
1657569663.3468165 -170.25811818352727 32.47526644071237 -0.12747720756018985 0.0004700303662761261 3.9155192007707155e-06 9.761796184309136e-08 3.9155192007706986e-06 0.0004757271279424048 4.0278298547682124e-09 9.761796184310519e-08 4.027829854775643e-09 0.00047752928606803176
1657569663.5468166 -170.46557593919547 32.56150690487172 -0.13098536101557953 0.00028892365340699497 1.8818861689508897e-06 8.673307017789814e-08 1.8818861689508906e-06 0.00029112783114303045 3.443246053588769e-08 8.673307017789945e-08 3.4432460535886665e-08 0.00029193613855871953
1657569663.7468166 -170.6768550655048 32.65128797604132 -0.13317946870572311 0.00046766958920520224 4.141784770653802e-06 1.964614741432201e-07 4.141784770653841e-06 0.00047404361680951037 -7.436510524436081e-08 1.9646147414321773e-07 -7.436510524435839e-08 0.000476109477335201
1657569663.9468167 -170.88685970857608 32.741990180297385 -0.134396462322293 0.000310828520459245 2.13203934347802e-06 1.386363196629861e-07 2.132039343478018e-06 0.0003138033467970964 -4.47311695274166e-08 1.3863631966298464e-07 -4.473116952742092e-08 0.0003149656072181865
1657569664.1468167 -171.092985692705 32.83227473519411 -0.13540876656685244 0.000550258939303908 6.861994512338709e-06 3.731480493239422e-07 6.861994512338706e-06 0.000560677683815843 -9.6386858371463e-08 3.7314804932396844e-07 -9.638685837141331e-08 0.000564033410399823
1657569664.3468168 -171.2960672911657 32.92268793402673 -0.137449505829371 0.0005015617911318353 6.9472130852158935e-06 3.8720105639132874e-07 6.947213085216042e-06 0.0005114464672650295 -2.1193067746634133e-08 3.8720105639133737e-07 -2.119306774662523e-08 0.0005149262567083026
1657569664.5468168 -171.49726988484952 33.01346428393805 -0.1409198504761789 0.0036771735495622726 7.177457963584725e-05 2.083431145944514e-06 7.177457963584725e-05 0.0037911216998894404 -3.5561392970489235e-07 2.083431145944526e-06 -3.556139297048644e-07 0.0038257653045255563
1657569664.7468169 -171.69793281701638 33.10427135903731 -0.1452197908887672 0.004105325052583792 9.742229015655219e-05 2.6361350841123926e-06 9.74222901565522e-05 0.004262048349945904 -3.9347119646173427e-07 2.636135084112475e-06 -3.934711964617307e-07 0.004309053986552673
1657569664.946817 -171.89942412667162 33.194720276475564 -0.1496253751763994 0.000967359682857619 1.6956785809750395e-05 3.7268319753473235e-07 1.695678580975147e-05 0.0009944542162210789 1.0880813616740302e-07 3.726831975349356e-07 1.0880813616779567e-07 0.0010025926308516117
1657569665.146817 -172.10305625351862 33.28444055884232 -0.153367248731091 0.0003371762229243138 2.950853101628897e-06 1.5178989221172382e-08 2.9508531016288627e-06 0.0003417519152139846 9.553996755796096e-08 1.5178989221161636e-08 9.55399675579428e-08 0.0003431331861955947
1657569665.346817 -172.3077775774491 33.374042810588385 -0.15626767129448818 0.0005061319427647732 4.903369861353621e-06 2.2194733275284866e-07 4.90336986135367e-06 0.0005139275394208285 7.69138717522794e-09 2.2194733275282876e-07 7.691387175215282e-09 0.0005160814991635274
1657569665.546817 -172.5097228751634 33.46509364707389 -0.15862590595087384 0.0002846250657680477 1.753740021666149e-06 1.158028309636937e-07 1.7537400216661493e-06 0.0002869252033424194 1.4359174505168133e-08 1.1580283096369637e-07 1.4359174505171728e-08 0.00028753265570665543
1657569665.746817 -172.7078475837498 33.55771470744954 -0.16085872266468682 0.0004699870189927054 3.925174040185622e-06 1.1209495145771349e-07 3.925174040185607e-06 0.0004756552470676981 -1.848771621467796e-07 1.1209495145772139e-07 -1.84877162146757e-07 0.00047754555690402616
1657569665.9468172 -172.90485482441687 33.65038346413255 -0.16347767795907212 0.0002889326047574069 1.7910126533284984e-06 1.892114688793263e-08 1.791012653328498e-06 0.00029098372329651847 -1.7477282632745688e-07 1.8921146887932623e-08 -1.747728263274619e-07 0.0002918268849589532
1657569666.1468172 -173.10315426259913 33.7437546790783 -0.16642882631751638 0.00046969547978052077 3.8106220984557667e-06 1.3424398327917442e-07 3.8106220984557587e-06 0.0004753041062518971 -1.581851253350224e-07 1.342439832791867e-07 -1.5818512533503108e-07 0.0004771244168359689
1657569666.3468173 -173.30441854272206 33.841230264959684 -0.16895563110580358 0.0002878490735925455 1.749849146418193e-06 1.0125815467760285e-07 1.7498491464182e-06 0.0002899657849175829 -1.2549013043984818e-07 1.0125815467760082e-07 -1.2549013043984781e-07 0.0002907872135348372
1657569666.5468173 -173.5083168796368 33.943397399686546 -0.1706058646880329 0.0004621912825946174 4.016951083304092e-06 2.582251920762819e-07 4.0169510833040945e-06 0.0004676753723415596 -1.0411298259820675e-07 2.5822519207630203e-07 -1.0411298259821674e-07 0.00046960720251928826
1657569666.7468174 -173.71213008586298 34.04710336695972 -0.1713388738478932 0.00029576835763511864 1.8254412738563804e-06 2.1179829170050133e-07 1.8254412738563722e-06 0.00029775043882677814 -5.6613876878260485e-08 2.1179829170050223e-07 -5.661387687825383e-08 0.00029858309303382354
1657569666.9468174 -173.91342790589593 34.15022955888877 -0.17167587404664653 0.0004639306411108785 4.116783676637507e-06 2.1321841733058605e-07 4.116783676637523e-06 0.00046957157219767364 3.5902381140513996e-08 2.1321841733058828e-07 3.5902381140486924e-08 0.00047173638559795607
1657569667.1468174 -174.1104575249391 34.2519845285855 -0.17278214139410702 0.00029539047056952825 1.7771005027083214e-06 8.360326599560014e-08 1.7771005027083275e-06 0.0002975542555218154 1.1265111890494214e-07 8.360326599560174e-08 1.1265111890494962e-07 0.0002986451672174113
1657569667.3468175 -174.30340336843437 34.349657721789995 -0.17510762846430403 0.0004639508983740791 3.773629160854347e-06 9.32163843757229e-08 3.7736291608543772e-06 0.0004690466928333717 4.499111700789569e-08 9.321638437572013e-08 4.4991117007894364e-08 0.0004714586219894324
1657569667.5468175 -174.49490483289094 34.43803518367318 -0.17820276360829063 0.00029573480940966144 1.6045049015394507e-06 6.939966718848386e-09 1.6045049015394208e-06 0.0002976948565022534 2.2418978927473823e-08 6.93996671884033e-09 2.2418978927458163e-08 0.00029904039993379364
1657569667.7468176 -174.68766210295965 34.51979217829544 -0.18108206688159034 0.0004639337974269556 3.323719609834422e-06 -4.9378623003621176e-08 3.3237196098343634e-06 0.0004690861184569615 -2.6665703515716736e-07 -4.9378623003623426e-08 -2.6665703515716254e-07 0.00047163204087076433
1657569667.9468176 -174.88437944935828 34.60706492816608 -0.1821445204902519 0.0002956183107285575 1.6606378624924035e-06 -4.805713440493092e-08 1.6606378624924067e-06 0.0002976105734216251 -2.563576979378501e-07 -4.805713440492313e-08 -2.5635769793784527e-07 0.00029892748631067835
1657569668.1468177 -175.0859002191872 34.703069750770034 -0.18083920867387437 0.00046411136093131084 3.7415760549298017e-06 7.088664318904024e-08 3.7415760549298013e-06 0.00046968476089853705 -1.5652653786481277e-07 7.088664318903992e-08 -1.5652653786482593e-07 0.0004724078815500242
1657569668.3468177 -175.29062615085914 34.799787122238655 -0.17787231678220208 0.00029533701711378056 1.6941255937098242e-06 1.8270949336434478e-08 1.6941255937098282e-06 0.0002976358084938831 -5.179784653901891e-08 1.8270949336437446e-08 -5.179784653901004e-08 0.00029894806222769793
1657569668.5468178 -175.49610928606316 34.894134951500796 -0.17431238720824424 0.0004639248851328219 3.842230412080376e-06 4.198851777095755e-07 3.842230412080358e-06 0.00047007669255128985 -1.830087871384592e-07 4.1988517770957354e-07 -1.8300878713844909e-07 0.00047238251836621565
1657569668.7468178 -175.6990820689486 34.98986783290397 -0.17161219345565848 0.00029529422020196764 1.7423078737755022e-06 2.978673787926369e-07 1.742307873775507e-06 0.00029770978811854526 -1.56012208566596e-07 2.978673787926421e-07 -1.560122085665968e-07 0.0002988165578456156
1657569668.9468179 -175.89846595818292 35.087339226866185 -0.17010059211231587 0.0004641386193422202 3.8061225792385733e-06 3.38925290880495e-07 3.806122579238525e-06 0.00046972774366722944 -7.197259234880337e-08 3.389252908805017e-07 -7.197259234881608e-08 0.000471893484705951
1657569669.146818 -176.09588701748416 35.18240693149491 -0.16886059778232546 0.00029561368135168326 1.6486502162023064e-06 2.0415958766849135e-07 1.6486502162023069e-06 0.0002976942809815631 -4.3694511152439224e-08 2.0415958766848937e-07 -4.369451115243862e-08 0.0002986414038934976
1657569669.346818 -176.29219404880834 35.27433021624089 -0.16789986773714397 0.0004639364414870877 3.5598417349554584e-06 1.7802165876471194e-07 3.559841734955384e-06 0.00046937403873563573 7.622499830432627e-09 1.7802165876469008e-07 7.622499830416719e-09 0.00047152142801327947
1657569669.546818 -176.48706886785604 35.366703767379384 -0.16846530642775928 0.00029534016714670983 1.5668015082306258e-06 5.1109125159804883e-08 1.5668015082306235e-06 0.0002973436878198824 3.062823587087706e-08 5.1109125159809655e-08 3.062823587089818e-08 0.0002985009377924613
1657569669.746818 -176.67875737476678 35.459695891297564 -0.17009904532559317 0.00046384936684297745 3.597435386684499e-06 1.5742205468191415e-07 3.597435386684496e-06 0.0004690868890996028 1.7869188650351067e-07 1.574220546818594e-07 1.7869188650342128e-07 0.0004709442549767326
1657569669.946818 -176.86369303353197 35.54901109668798 -0.17022340322827267 0.00029526198484113915 1.4968689633049736e-06 1.438518932836365e-07 1.4968689633049738e-06 0.0002970413123661129 1.516483410909637e-07 1.4385189328365822e-07 1.516483410909929e-07 0.00029784224994334845
1657569670.1468182 -177.0341991389074 35.630878100148365 -0.1686449395576314 0.00046351358424821625 2.9964045725082154e-06 3.257279778859668e-07 2.996404572508259e-06 0.0004685571827339091 -3.030239351934717e-08 3.257279778859151e-07 -3.030239351942452e-08 0.000470094401558272
1657569670.3468182 -177.17809585385876 35.7025587292688 -0.16811699253264836 0.0002953241569941597 1.0986061531726085e-06 1.9573772567587468e-07 1.098606153172612e-06 0.00029719513245824976 -6.952513859544155e-08 1.9573772567586817e-07 -6.952513859545517e-08 0.000297872500609608
1657569670.5468183 -177.29696797554908 35.76433827203084 -0.16966832154357514 0.00046340376929879083 1.728997403428715e-06 2.1284470222295128e-07 1.7289974034286532e-06 0.00046574551416564663 3.706997186297182e-08 2.1284470222293873e-07 3.7069971862968596e-08 0.00046723071809587834
1657569670.7468183 -177.40930693536188 35.82019660396077 -0.1720479452883194 0.0002948967027748942 5.518509592487394e-07 1.2135454641558333e-07 5.518509592487393e-07 0.0002950770272169476 3.054624074156741e-08 1.2135454641558484e-07 3.0546240741571824e-08 0.0002959300436718664
1657569670.9468184 -177.52264646159313 35.87266112588959 -0.17437488318517672 0.0004625842404725146 9.591281412874239e-07 1.4400872642672198e-07 9.59128141287409e-07 0.0004644620571649857 4.908670021598656e-09 1.440087264267131e-07 4.908670021609541e-09 0.0004650531914154972
1657569671.1468184 -177.629949539465 35.92207098785732 -0.17635977869476943 0.00029469554798787235 1.6840654182129205e-07 1.5511076232598053e-07 1.6840654182129218e-07 0.0002952005313680498 -6.683671131798285e-09 1.5511076232598328e-07 -6.683671131796089e-09 0.00029523631719786014
1657569671.3468184 -177.7284660813163 35.96854024394737 -0.1776851129005605 0.00046240143174288085 8.620171639777645e-07 -7.318897609127433e-09 8.620171639777416e-07 0.0004636696640298362 3.5791839524691098e-09 -7.318897609137279e-09 3.5791839524698944e-09 0.0004641697556316458
1657569671.5468185 -177.821827770196 36.01217057639151 -0.17788529806204229 0.0002952389817403362 3.822808518004705e-07 -8.763774453590176e-09 3.8228085180047676e-07 0.0002954446770958667 -8.163799641458527e-09 -8.76377445359026e-09 -8.163799641457824e-09 0.0002957327955094023
1657569671.7468185 -177.91435615577453 36.055856124672935 -0.17660865788274896 0.00046614385108660286 7.82839737312672e-07 1.5111771424860318e-07 7.828397373126523e-07 0.000466795380379795 -4.179021890202448e-08 1.5111771424859373e-07 -4.1790218902037635e-08 0.0004676586687520662
1657569671.9468186 -178.01057526924382 36.10574077012372 -0.1736213534375583 0.00029225621831084663 3.4690904692295977e-07 1.5992077191150505e-07 3.469090469229489e-07 0.000292095500316882 -5.4781123741405056e-08 1.5992077191151255e-07 -5.4781123741392105e-08 0.0002927426769473423
1657569672.1468186 -178.1096065219545 36.16111655724886 -0.16940367995216288 0.0004657074197652127 1.0287119231443227e-06 -2.6742699985359817e-08 1.0287119231443644e-06 0.00046636669900023195 -8.012635477804701e-08 -2.6742699985375983e-08 -8.012635477800147e-08 0.0004673372826475524
1657569672.3468187 -178.20374446225517 36.212579439205015 -0.1653298983571087 0.00029228625457614397 4.084933413087455e-07 -1.1358994281283047e-07 4.0849334130873967e-07 0.00029241358606127063 3.6619882175438903e-09 -1.1358994281284282e-07 3.661988217534863e-09 0.00029276405767130793
1657569672.5468187 -178.2802151755092 36.25201312652149 -0.16221449933345225 0.0004652992359950151 1.7154923255649368e-06 1.2835239419817374e-07 1.7154923255649336e-06 0.0004686202640580504 -3.333163989387219e-08 1.2835239419821898e-07 -3.333163989381894e-08 0.00046931567895296594
1657569672.7468188 -178.32106378370037 36.273715418207 -0.16012786442244165 0.00029237983954602173 1.5146710449853484e-06 1.3801854576174743e-07 1.5146710449853256e-06 0.000295290766506717 1.0718551346833716e-08 1.3801854576176019e-07 1.0718551346870769e-08 0.00029572841402154994
1657569672.9468188 -178.32736204837997 36.27893974284099 -0.15927347641071823 0.0004649307433956941 1.0774643943705783e-06 -1.3191613130072796e-07 1.0774643943705465e-06 0.0004677372716844328 -6.236129448985385e-08 -1.319161313007322e-07 -6.236129448987414e-08 0.00046829548888894216
1657569673.1468189 -178.32382393527052 36.2771853202059 -0.15994196258542007 0.0002919524692678716 -2.77175175090351e-09 -9.434823230740949e-08 -2.771751750899349e-09 0.0002921445422573132 -8.607645487607938e-08 -9.434823230741241e-08 -8.607645487604613e-08 0.0002922897601784602
1657569673.346819 -178.3235592181106 36.27474346526832 -0.16153302566323297 0.0004650858609377808 7.31502121685411e-08 -1.6017330728738885e-07 7.315021216853743e-08 0.0004650872375238805 -1.1142925071038764e-07 -1.6017330728739072e-07 -1.114292507104078e-07 0.00046489106340014163
1657569673.546819 -178.32354139403566 36.273312155228844 -0.16245574891210127 0.00029271786699143135 2.4562723778306524e-08 -9.610630893182615e-08 2.456272377829981e-08 0.0002922166133253338 -1.0290970174534778e-07 -9.610630893182998e-08 -1.0290970174535358e-07 0.0002919229386012223
1657569673.746819 -178.32238585704445 36.27319774791051 -0.1622833376475231 0.00047243079113710296 -1.5645609488720066e-07 -4.8562477524142504e-08 -1.5645609488722887e-07 0.00047177033647668407 -6.588150814650624e-08 -4.8562477524151616e-08 -6.588150814648008e-08 0.0004717536970834555
1657569673.946819 -178.32193582416326 36.27333632569344 -0.16208103943207613 0.000284870030178356 -1.7828995017682503e-07 -9.166251446116365e-09 -1.7828995017682344e-07 0.00028404048294787033 -4.385841289297743e-08 -9.166251446118022e-09 -4.385841289297589e-08 0.00028405549466937937
1657569674.146819 -178.32268906039016 36.27319417934549 -0.16229403694043334 0.0004628288949669782 -4.2277898991105394e-08 -6.323440449029117e-08 -4.2277898991104375e-08 0.00046204763649947063 -4.9483173693466416e-08 -6.323440449029419e-08 -4.948317369346776e-08 0.00046226507091898104
1657569674.3468192 -178.32322788207085 36.273021285538334 -0.16248128368395098 0.0002916611728431758 -3.04878087709016e-08 -5.717075097289736e-08 -3.0487808770901374e-08 0.0002907984546511206 -4.345809471509972e-08 -5.7170750972895084e-08 -4.3458094715098316e-08 0.0002910518541482962
1657569674.5468192 -178.32296426165064 36.27294462370493 -0.16246709906752257 0.0004646147625509599 -1.8450966162244618e-07 9.705877397288794e-08 -1.8450966162244583e-07 0.00046406539006059433 5.5829767237307146e-08 9.70587739728943e-08 5.5829767237313e-08 0.0004640159623907858
1657569674.7468193 -178.32248059592538 36.27286903149486 -0.16246857710587215 0.000291690295464136 -2.108597302632669e-07 1.2682558002418053e-07 -2.1085973026326467e-07 0.00029112300590008767 7.304602704505269e-08 1.2682558002417963e-07 7.304602704505188e-08 0.00029103455046764946
1657569674.9468193 -178.32217123913347 36.27279064614836 -0.16256873055737245 0.000464535317424381 3.116540686728513e-08 3.185999987155833e-08 3.116540686728454e-08 0.00046369699223888805 6.9588859434435064e-09 3.1859999871556945e-08 6.9588859434440995e-09 0.0004637728952038326
1657569675.1468194 -178.32210505603152 36.272835868651036 -0.1626562954941031 0.0002920602655005317 6.341251320047648e-08 1.8797529380874452e-08 6.341251320047618e-08 0.0002911276625939869 -4.818461703304066e-09 1.8797529380872176e-08 -4.81846170330212e-09 0.0002912339849966457
1657569675.3468194 -178.32220783544597 36.27301891096944 -0.16267534832806166 0.0004641450942603385 2.335039626479732e-08 -8.066748058474439e-08 2.335039626480274e-08 0.00046357609348316597 -1.0682247347557193e-07 -8.066748058474055e-08 -1.0682247347553782e-07 0.0004636900253782681
1657569675.5468194 -178.3222558577942 36.27320880351806 -0.16265471482307967 0.000291939613776169 1.1987106105719525e-08 -9.489591391775183e-08 1.1987106105716512e-08 0.0002913630925310409 -1.2478848836851478e-07 -9.489591391775443e-08 -1.2478848836851422e-07 0.00029148999340651696
1657569675.7468195 -178.3221795444851 36.27331914819008 -0.16265464159888268 0.0004643990231510301 -1.7171275857301675e-07 8.70238155647714e-08 -1.7171275857296672e-07 0.00046361565579600947 5.7728239033226984e-09 8.702381556478418e-08 5.772823903329726e-09 0.0004637242831803672
1657569675.9468195 -178.32211075286554 36.27332866701633 -0.1627650090328921 0.0002921020796072528 -2.1441185269557747e-07 1.1328101240868491e-07 -2.144118526955811e-07 0.00029124601304758867 2.5919238479961653e-08 1.1328101240868572e-07 2.5919238479962443e-08 0.0002913479796841562
1657569676.1468196 -178.32212329088821 36.27327761338477 -0.1629909786459866 0.0004643495738619666 -1.9503639115003282e-07 -5.548061722934804e-08 -1.9503639115006204e-07 0.000463954190528908 8.181220813206501e-08 -5.548061722935172e-08 8.181220813204569e-08 0.00046370326767554095
1657569676.3468196 -178.32220300755046 36.2732753501576 -0.16323076540291329 0.0002919242271380878 -2.0991102399888553e-07 -7.96433893382935e-08 -2.0991102399888476e-07 0.0002915441959897412 9.125151303026855e-08 -7.964338933829312e-08 9.125151303026998e-08 0.00029123773598865735
1657569676.5468197 -178.3222712710634 36.2733227124908 -0.16339284276648278 0.0004646518849235495 -1.8536995872365988e-07 -1.8538171357648745e-08 -1.853699587236598e-07 0.0004638507783562704 -6.381216458509132e-08 -1.853817135764943e-08 -6.381216458509115e-08 0.00046390623512186527
1657569676.7468197 -178.32217987551022 36.273286733620616 -0.16340940693326264 0.0002921108678683585 -1.983127772658987e-07 -1.3628684215006753e-08 -1.983127772658948e-07 0.0002911991430259557 -9.04035238510293e-08 -1.3628684215007345e-08 -9.040352385102974e-08 0.0002912969226143562
1657569676.9468198 -178.32198226088627 36.273193461003665 -0.16329511428548157 0.00046446366997302414 -1.394709990441907e-07 -4.3332404545131324e-08 -1.3947099904420886e-07 0.0004638531347696965 -7.891357700013285e-08 -4.3332404545133964e-08 -7.891357700011381e-08 0.00046362204668070706
1657569677.1468198 -178.3219824757552 36.27326499480408 -0.1631636118538728 0.0002921532813824433 -1.4607236483300053e-07 -4.7906860654255384e-08 -1.4607236483299865e-07 0.00029152927003330784 -8.185824637554911e-08 -4.790686065425503e-08 -8.185824637554734e-08 0.0002912465015794859
1657569677.3468199 -178.32222119806292 36.273481167754134 -0.16309939725939265 0.0004644368389468648 -1.7095811947681933e-07 1.892653569694142e-08 -1.709581194768475e-07 0.0004637493557107255 8.129383734871269e-09 1.892653569694518e-08 8.129383734871641e-09 0.0004637033453206909
1657569677.54682 -178.32239323122178 36.27352106720257 -0.16314150979098904 0.0002920848229141839 -1.867260310297879e-07 2.491622731790704e-08 -1.8672603102979008e-07 0.00029133993454179464 1.968381701436114e-08 2.4916227317904547e-08 1.9683817014360998e-08 0.0002913186483026173
1657569677.74682 -178.3223551439408 36.2733300014439 -0.16324915872098544 0.00046486865819166253 -5.73119777739561e-08 -1.0995404698572833e-07 -5.731197777395509e-08 0.0004642673683497394 -2.4006374326036097e-08 -1.0995404698572174e-07 -2.4006374326032428e-08 0.00046413642275233534
1657569677.94682 -178.3221992772143 36.27319540184192 -0.16328768919752903 0.00029167873292614173 -5.1910929713422944e-08 -1.3150645546819674e-07 -5.191092971342237e-08 0.00029104031172137024 -2.2487037357625807e-08 -1.315064554681979e-07 -2.2487037357629298e-08 0.00029089817897653676
1657569678.14682 -178.32209462761384 36.27322784990929 -0.16320008172276418 0.0004644367270461021 -1.8683431405993332e-07 2.4401470713450494e-08 -1.8683431405992972e-07 0.00046363523505304235 1.8817237955156962e-07 2.4401470713444104e-08 1.881723795515583e-07 0.000463752113353309
1657569678.34682 -178.32227278810277 36.27329385808649 -0.16303447335266683 0.00029194096116794366 -2.2057647250724978e-07 4.6579240063392105e-08 -2.205764725072523e-07 0.00029105588528117267 2.2723918781684793e-07 4.6579240063391344e-08 2.2723918781685036e-07 0.000291211366435705
1657569678.5468202 -178.32265670094924 36.273315439208396 -0.16286330941731478 0.0004646360067557962 -1.450850545256893e-07 -2.1767775377997298e-08 -1.4508505452566885e-07 0.0004638358320305822 7.780087765317826e-08 -2.1767775378001083e-08 7.780087765317465e-08 0.0004637662124233098
1657569678.7468202 -178.32279720284194 36.27330990267126 -0.1627769187308936 0.0002920830482923416 -1.4701166297279144e-07 -3.143180965750955e-08 -1.4701166297279456e-07 0.00029123411361141246 6.26661586690033e-08 -3.143180965750965e-08 6.266615866900354e-08 0.0002911356411196731
1657569678.9468203 -178.3226801803341 36.27331094344752 -0.1627751292352665 0.00046448791555276996 -6.066558239213271e-08 -1.658240650681425e-08 -6.066558239213187e-08 0.0004638239761215533 2.6012210141952662e-08 -1.6582406506815834e-08 2.6012210141951663e-08 0.0004638230434834872
1657569679.1468203 -178.32284418349258 36.27335118663524 -0.16274796446927325 0.00029216568825871027 -5.81248064681147e-08 -1.6065429680600777e-08 -5.8124806468111485e-08 0.0002914788501864304 2.3996796988237887e-08 -1.606542968060129e-08 2.399679698823849e-08 0.00029149033758045306
1657569679.3468204 -178.32332192039414 36.27339027871299 -0.16265263609180616 0.00046465585441601576 -1.0771753877134754e-07 -5.379479797992251e-09 -1.0771753877134483e-07 0.00046417518502807716 8.69348252351228e-08 -5.379479797991408e-09 8.693482523514162e-08 0.0004640807038333558
1657569679.5468204 -178.32348852897297 36.2733150710811 -0.16253663653905903 0.0002915899203018682 -1.290755556589408e-07 -7.469941933387913e-09 -1.2907555565894837e-07 0.00029109867291336196 9.721794728141583e-08 -7.4699419333898e-09 9.721794728141816e-08 0.00029099337744914385
1657569679.7468204 -178.32314627244193 36.273128719365815 -0.1624717043507775 0.0004641075396035832 -2.0803643273134667e-07 -1.0159919114673843e-07 -2.0803643273137335e-07 0.0004636257970065684 -2.54393125843037e-08 -1.0159919114673377e-07 -2.5439312584306945e-08 0.00046372625943663333
1657569679.9468205 -178.32267664802907 36.27296935010286 -0.1625501445694898 0.0002918994602276599 -2.3364630006305359e-07 -1.1722781032881489e-07 -2.3364630006305348e-07 0.0002913791608074405 -4.253951074570408e-08 -1.1722781032881472e-07 -4.253951074570431e-08 0.00029151602913827146
1657569680.1468205 -178.32236538762018 36.27290632762894 -0.16272484523614564 0.0004643060418603711 -8.258368006024614e-08 1.9840934312331654e-08 -8.258368006023067e-08 0.00046371780562198204 1.4826416608655332e-08 1.984093431232782e-08 1.4826416608655493e-08 0.0004637751909636009
1657569680.3468206 -178.3223290293717 36.27291680520516 -0.1627790914511536 0.0002919666836239802 -7.186087158807342e-08 3.804040320623645e-08 -7.186087158807881e-08 0.0002913164432302638 1.9600970271079698e-08 3.804040320624032e-08 1.960097027107939e-08 0.00029136769155056465
1657569680.5468206 -178.32251902882973 36.27295715562223 -0.16265465026120215 0.0004645157243360023 -9.20062732114149e-08 -2.9420972021195302e-08 -9.20062732114184e-08 0.0004638032628337552 -4.244643181086099e-08 -2.942097202118665e-08 -4.2446431810858887e-08 0.0004637292809401708
1657569680.7468207 -178.32269630489182 36.27297028447971 -0.16250043611031326 0.0002922140808684858 -1.0372048313581915e-07 -3.940331005383614e-08 -1.0372048313581483e-07 0.0002914394983876692 -5.551885771885711e-08 -3.940331005383558e-08 -5.551885771885904e-08 0.0002913409813012437
1657569680.9468207 -178.32267997051346 36.27292468027087 -0.1624231966876337 0.0004646378204520194 -7.88658536515236e-08 -2.8220269558761776e-09 -7.886585365150338e-08 0.00046403001377727136 -6.518123002396494e-08 -2.822026955881028e-09 -6.518123002396658e-08 0.000463831822585506
1657569681.1468208 -178.32238515164912 36.27282062826351 -0.16245953402034635 0.00029203438318357974 -8.601966421979029e-08 -1.233999670040519e-10 -8.601966421979036e-08 0.00029139672042261547 -7.020758322417374e-08 -1.2339996700440574e-10 -7.020758322417318e-08 0.00029118257498697586
1657569681.3468208 -178.32201824502422 36.272723082170735 -0.16256554771645582 0.00046449733352166604 -1.3299152771011402e-07 -4.161316568473413e-08 -1.3299152771013478e-07 0.0004638164640578827 7.3999345391433396e-09 -4.161316568473741e-08 7.3999345391393815e-09 0.00046389292994688586
1657569681.5468209 -178.32212313198505 36.27276368657388 -0.16260769719894902 0.0002919458855643102 -1.5179293087848333e-07 -5.031933623729683e-08 -1.5179293087848685e-07 0.0002911923589529065 2.161988598578893e-08 -5.031933623729514e-08 2.1619885985786924e-08 0.0002913130152527444
1657569681.746821 -178.32265015336674 36.272915042634004 -0.16257122536513563 0.00046490333895965057 -1.0393834171501031e-07 -4.167894050455597e-08 -1.0393834171499917e-07 0.00046388808756774556 8.731000529383234e-08 -4.167894050455677e-08 8.731000529383092e-08 0.00046386559375632416
1657569681.946821 -178.32280425439123 36.272968070429265 -0.16258868425652404 0.00029236806607291113 -1.1204625359570473e-07 -4.394084966856617e-08 -1.1204625359570717e-07 0.0002912392663595535 1.0750167002317765e-07 -4.39408496685662e-08 1.0750167002317142e-07 0.00029120353241033557
1657569682.146821 -178.32245117276912 36.272909864788396 -0.16264959654985386 0.0004647911450308291 -1.176666623519861e-07 -2.563846643718675e-08 -1.1766666235198329e-07 0.00046391984486329757 1.811640376666488e-07 -2.5638466437186084e-08 1.8116403766669153e-07 0.0004640166353764007
1657569682.346821 -178.32232164928442 36.27296212628143 -0.16256321724861675 0.00029212308437104534 -1.2746662267849162e-07 -2.2216530047762178e-08 -1.274666226784995e-07 0.0002912310423575621 2.0488504782980198e-07 -2.2216530047764382e-08 2.0488504782981135e-07 0.00029134216836423183
1657569682.546821 -178.32262333280497 36.27316834154939 -0.16231921304019803 0.00046457479533678134 7.302991030739434e-09 5.086989768412254e-08 7.302991030696218e-09 0.0004641233423637586 1.414496669098829e-07 5.086989768413238e-08 1.414496669098616e-07 0.00046391574849333775
1657569682.7468212 -178.32285352399862 36.273349860924576 -0.16213731343351614 0.00029193327896417665 1.6721878473841824e-08 6.20717280487513e-08 1.6721878473842466e-08 0.00029150486545426955 1.4159718805233072e-07 6.20717280487516e-08 1.4159718805233098e-07 0.0002912564961133298
1657569682.9468212 -178.3228008591146 36.27340614991185 -0.16207795505989236 0.00046509387043531245 -1.7897571002806263e-07 -2.0269339687308623e-08 -1.789757100280444e-07 0.0004646400049201677 7.886752348636136e-08 -2.0269339687308262e-08 7.886752348636796e-08 0.0004648540060506753
1657569683.1468213 -178.32267040192573 36.27334390757537 -0.16199233490790924 0.0002911558818314647 -2.1842708029633964e-07 -2.851281403770457e-08 -2.1842708029633805e-07 0.000290656394113903 7.263528049371124e-08 -2.8512814037701945e-08 7.263528049371165e-08 0.00029094037554022273
1657569683.3468213 -178.32260771680728 36.27323484223422 -0.16188048570278768 0.0004655544751445178 -1.0744221914317778e-07 7.403200562342475e-08 -1.0744221914317472e-07 0.000464842240031674 -1.5558118683831034e-08 7.403200562342459e-08 -1.5558118683833816e-08 0.00046480369387930575
1657569683.5468214 -178.32265025593344 36.273221673017254 -0.16193750787228953 0.00029254987475999894 -1.0446037179628716e-07 9.562486208554224e-08 -1.0446037179628537e-07 0.0002917537004533096 -2.5760607290372432e-08 9.562486208554338e-08 -2.576060729036743e-08 0.0002916659133245952
1657569683.7468214 -178.32275273336313 36.273297891953376 -0.16219836785571046 0.0004705048636304605 -9.600371724184323e-08 1.3044933152568632e-07 -9.600371724184159e-08 0.00046995855772803214 1.1340899189613905e-07 1.3044933152569405e-07 1.1340899189613857e-07 0.000469752805324501
1657569683.9468215 -178.32277676204993 36.273271296752036 -0.16248741230557168 0.0003054459780576597 -1.1052514372173377e-07 1.5165396633092333e-07 -1.1052514372173176e-07 0.00030485559645271337 1.428460747007152e-07 1.5165396633092524e-07 1.4284607470071593e-07 0.0003046085670920404
1657569684.1468215 -178.32268028544266 36.27310468439641 -0.16271130142329548 0.0005409095076442181 -1.5261801040943008e-07 3.008428137740618e-08 -1.5261801040943686e-07 0.0005402388774511926 -4.118932281888662e-08 3.008428137740574e-08 -4.118932281890486e-08 0.0005402369936522828
1657569684.3468215 -178.32254895527421 36.27296332729278 -0.16289446638827387 0.000504136954433602 -2.918461474894327e-07 1.8266061738504418e-08 -2.9184614748943047e-07 0.0005029054806525621 -1.277397011402694e-07 1.8266061738499356e-08 -1.2773970114026961e-07 0.0005029727109631894
1657569684.5468216 -178.32243972847513 36.272923898551134 -0.16304490957587267 0.003639157261420927 -2.9659836673863687e-07 -2.2581544117093428e-08 -2.965983667386299e-07 0.0036379168571005773 -6.705477209737321e-08 -2.258154411709969e-08 -6.705477209736707e-08 0.0036378511548248883
1657569684.7468216 -178.3223625215296 36.27293789280612 -0.16314159432042236 0.00402579156159501 -2.6679413222685345e-07 -1.4784835413557819e-07 -2.6679413222684027e-07 0.004024757220531334 -1.1908049241935669e-08 -1.4784835413562448e-07 -1.1908049241935321e-08 0.004024486036959123
1657569684.9468217 -178.32232388067928 36.27294892423144 -0.16316188084452016 0.0009300177886344604 -2.339843215595535e-07 -2.2783665478184232e-07 -2.3398432155955392e-07 0.0009291885695982063 -2.0236769172278528e-08 -2.2783665478184272e-07 -2.023676917227848e-08 0.0009287881081472776
1657569685.1468217 -178.32233035397425 36.27290267634383 -0.16308463645128413 0.00034714208126308035 -1.4607316760481563e-07 -1.334290092460181e-07 -1.460731676048231e-07 0.0003466329659011338 -9.422288965836656e-09 -1.3342900924601635e-07 -9.4222889658376e-09 0.0003464105136840305
1657569685.3468218 -178.32240128649227 36.272819722432914 -0.16293508959215405 0.000493663731523734 -2.6656039726720733e-07 2.3517325894495048e-08 -2.665603972672724e-07 0.0004927713858846273 4.150560148150366e-08 2.3517325894497473e-08 4.150560148149216e-08 0.0004930462555018047
1657569685.5468218 -178.32256813856182 36.272811126808385 -0.16279446721739932 0.0002955171107119915 -2.795066055944582e-07 4.0688688835342696e-08 -2.7950660559445663e-07 0.000294573869376918 4.696387831071922e-08 4.0688688835342425e-08 4.696387831072013e-08 0.0002948926428325999
1657569685.7468219 -178.32271203922497 36.27291325596162 -0.16270755146873173 0.0004673226560898093 -5.18157899752362e-08 5.301364240765675e-08 -5.1815789975239604e-08 0.0004667697350825103 1.6566633027763957e-08 5.3013642407651843e-08 1.6566633027763372e-08 0.00046674111285291176
1657569685.946822 -178.3225370377524 36.273063469187086 -0.16266869651556132 0.0002914394658845813 -3.0077027932330274e-08 6.04528311589369e-08 -3.007702793232964e-08 0.00029089809601798885 1.2369128246122525e-08 6.045283115893532e-08 1.2369128246122182e-08 0.00029080750620911593
1657569686.146822 -178.32211388290756 36.27319468866174 -0.16265292383825716 0.00046613894209942815 -1.3425794246123754e-07 8.125906671773783e-08 -1.3425794246127568e-07 0.0004657530793285737 -1.6432048484083885e-08 8.125906671774431e-08 -1.643204848408338e-08 0.00046532605008410896
1657569686.346822 -178.32196981903536 36.27324167318985 -0.16261757423332843 0.00029047981755351334 -1.5187445861366938e-07 8.335309687091751e-08 -1.5187445861367047e-07 0.0002900731012357198 -2.318367396033917e-08 8.335309687091721e-08 -2.3183673960340345e-08 0.00028957501006783733
1657569686.546822 -178.32221812823897 36.273179831710074 -0.16255261433946674 0.00046584639458569426 4.796278903892281e-08 -9.95322472752309e-08 4.79627890389148e-08 0.0004651786845957696 -4.353696221232599e-08 -9.953224727523903e-08 -4.353696221231549e-08 0.0004650903925259401
1657569686.746822 -178.32243023189787 36.27303765672498 -0.16248867049183202 0.00029075506082571867 7.251632437695915e-08 -1.2400454448326863e-07 7.251632437696106e-08 0.0002899912104136655 -4.825962608565603e-08 -1.2400454448325931e-07 -4.82596260856559e-08 0.0002899484478462277
1657569686.9468222 -178.32243760922304 36.272894261969135 -0.16248215198710061 0.00046578106908303 -8.589121368559808e-08 1.413585898759966e-07 -8.589121368559662e-08 0.0004650014729163574 6.687759209316121e-09 1.4135858987599976e-07 6.6877592093142665e-09 0.00046488393184014067
1657569687.1468222 -178.32243354414072 36.272883174569046 -0.16261614277084263 0.00029095526374269134 -1.179012556758051e-07 1.8380816280130403e-07 -1.1790125567580245e-07 0.00029010990568781997 1.2845052837590836e-08 1.83808162801302e-07 1.2845052837593047e-08 0.0002899772748510532
1657569687.3468223 -178.32251273215456 36.27299630685418 -0.16286329949009662 0.0004658283250873171 -1.9143883555272662e-07 3.859948977282817e-08 -1.9143883555269748e-07 0.0004651294849537388 -4.146566752733094e-08 3.85994897728284e-08 -4.146566752733304e-08 0.0004650909634088127
1657569687.5468223 -178.32262027905173 36.273049350347634 -0.1630596177703383 0.00029059840205901107 -2.161801359474337e-07 2.0562791941947806e-08 -2.1618013594743307e-07 0.0002898740295899134 -5.1839789475827947e-08 2.0562791941947128e-08 -5.183978947582924e-08 0.0002898421550958498
1657569687.7468224 -178.3226963345586 36.27300917788399 -0.16312072692395957 0.0004655777109139841 -1.3527368974358532e-07 -2.775308429235972e-08 -1.35273689743589e-07 0.00046520988603296934 -4.103940933957317e-08 -2.775308429235196e-08 -4.1039409339576973e-08 0.0004650922781019993
1657569687.9468224 -178.32268654391729 36.2730399656973 -0.16307243788096312 0.0002905293666298044 -1.392265950939317e-07 -3.544797007090033e-08 -1.3922659509393883e-07 0.00029017071355212984 -3.8468220489763584e-08 -3.544797007089845e-08 -3.846822048976108e-08 0.00029003808021012327
1657569688.1468225 -178.32258690144113 36.273155818252356 -0.16298399998546145 0.00046575568926436964 -2.2313534909849393e-07 3.737865831438528e-08 -2.2313534909850357e-07 0.00046513198455914095 8.040951215883373e-08 3.737865831437783e-08 8.040951215883596e-08 0.0004651587356428164
1657569688.3468225 -178.3224560725669 36.27317397405668 -0.16296859251735318 0.00029080076971821974 -2.5023503075273395e-07 4.808894166440091e-08 -2.502350307527398e-07 0.000290094944207005 1.0116929304802296e-07 4.8088941664400996e-08 1.0116929304802264e-07 0.0002901414977777676
1657569688.5468225 -178.32232116366504 36.27305149622547 -0.1630658767302566 0.00046585476096333377 -1.9929484677718294e-07 -5.098035301282126e-09 -1.992948467772131e-07 0.000465380237597509 4.564416272675786e-09 -5.098035301283813e-09 4.564416272674463e-09 0.00046528213377265693
1657569688.7468226 -178.3221665976105 36.27293089009355 -0.16321822133818303 0.00029058651902068083 -2.0227944832087367e-07 -6.740027044856906e-09 -2.0227944832087145e-07 0.0002900910090061513 -8.568185657933312e-09 -6.740027044856081e-09 -8.568185657933023e-09 0.0002899712690444882
1657569688.9468226 -178.32209039496001 36.272864429419855 -0.16329244073858357 0.00046568737817330664 -5.092876493055635e-08 1.4517215650665592e-07 -5.092876493055723e-08 0.0004649633496811323 -2.993648286272435e-08 1.4517215650664872e-07 -2.9936482862721604e-08 0.0004649486709119089
1657569689.1468227 -178.32232723637262 36.272781457570716 -0.16307810264297876 0.0002907863227073073 -2.8705028552344795e-08 1.7119834866114393e-07 -2.8705028552344666e-08 0.00028997301358831695 -3.48393668956561e-08 1.7119834866114144e-07 -3.483936689565561e-08 0.00028997956286032925
1657569689.3468227 -178.3227842508886 36.27267434944616 -0.1626616091338236 0.00046581964300759944 2.4917500940658925e-08 -2.605000338982363e-09 2.4917500940663607e-08 0.00046513814061770637 -2.1247187798899518e-08 -2.6050003389788487e-09 -2.124718779889493e-08 0.00046529736441511233
1657569689.5468228 -178.32296224650847 36.27261597045864 -0.16249277268825577 0.0002905429108657203 3.321481250690507e-08 -3.292015806175872e-08 3.321481250690593e-08 0.0002898202938913407 -2.066180701294667e-08 -3.29201580617645e-08 -2.066180701294829e-08 0.000290016784437159
1657569689.7468228 -178.32278206705703 36.27263957940306 -0.16265621245625522 0.00046588011206785446 -6.396026273203145e-08 -1.3456075249921968e-07 -6.396026273202033e-08 0.00046518588220199837 -2.0300235143440346e-08 -1.3456075249924933e-07 -2.030023514344137e-08 0.0004652856599891863
1657569689.946823 -178.3227101720103 36.27273222738345 -0.1627630821424298 0.00029059359179957377 -8.447180535399412e-08 -1.568432207555458e-07 -8.447180535398859e-08 0.0002898521985143395 -2.0586217676216315e-08 -1.5684322075554513e-07 -2.0586217676216587e-08 0.0002899552000048428
1657569690.146823 -178.3229213957022 36.27285594809614 -0.1627066994365715 0.00046585773462800667 -1.7563403409140877e-07 2.306917871278862e-08 -1.756340340913966e-07 0.0004653587291693603 6.935410068412907e-09 2.3069178712789726e-08 6.935410068416122e-09 0.0004654543828397729
1657569690.346823 -178.32318141576812 36.27293624881276 -0.16276136448029566 0.00029054906720564396 -1.894413322616195e-07 4.3977704078943984e-08 -1.894413322616197e-07 0.00029005288992913034 9.303939733643005e-09 4.3977704078945214e-08 9.303939733645106e-09 0.00029016360404937337
1657569690.546823 -178.32305260822832 36.27287492548333 -0.16298358016112025 0.0004661642580642479 -4.184514457479496e-08 -1.0130650443000575e-07 -4.184514457478293e-08 0.0004658885111565464 -6.413644221693998e-08 -1.0130650443000102e-07 -6.413644221693795e-08 0.0004658495939165346
1657569690.746823 -178.32193299889337 36.272557607491144 -0.16313377123816492 0.0002916585709753743 7.595287298457445e-08 -1.1507735953207816e-07 7.595287298456778e-08 0.0002914596531678271 -8.713174011918332e-08 -1.1507735953207831e-07 -8.713174011918164e-08 0.0002914752665321767
1657569690.9468231 -178.32119958847025 36.27243712076408 -0.1630892009003959 0.00047217785294728854 7.928745366271486e-07 8.762537326015416e-08 7.928745366271362e-07 0.00047230991667663485 -1.2732558038056957e-07 8.762537326014397e-08 -1.2732558038057714e-07 0.0004727699616262712
1657569691.1468232 -178.3244462652319 36.27366431575168 -0.1628926818050387 0.00030580473248099916 1.647799659817935e-06 1.674866744446328e-07 1.6477996598179391e-06 0.00030657419000313643 -1.8054071799164612e-07 1.6748667444463587e-07 -1.8054071799164485e-07 0.0003076281668082758
1657569691.3468232 -178.32710037734512 36.27465988686803 -0.1627156394761988 0.0005461409025293668 6.819313524490862e-06 2.942435013220357e-07 6.81931352449089e-06 0.0005518028951509894 -3.0078121785438826e-07 2.942435013220346e-07 -3.0078121785438656e-07 0.0005566692193609194
1657569691.5468233 -178.31487360206182 36.27023602391556 -0.16290375886887948 0.000512063602887998 1.3849110001312769e-05 5.643448904265995e-07 1.3849110001312752e-05 0.0005244404290622247 -5.725821104471722e-07 5.64344890426577e-07 -5.725821104472433e-07 0.0005341900480600352
1657569691.7468233 -178.29051242952374 36.26088958259776 -0.16363823050415954 0.0037476037519774685 0.00015135105254225026 7.526284855846397e-06 0.00015135105254225 0.0038998277580413825 -6.47787575759832e-06 7.526284855846397e-06 -6.477875757598319e-06 0.004001355782474096
1657569691.9468234 -178.2784184568477 36.25527354123013 -0.1647997070591123 0.0041870029975124646 0.00020728372313016618 1.0086251124846139e-05 0.00020728372313016626 0.004416269382920938 -8.61646248117535e-06 1.0086251124846175e-05 -8.616462481175301e-06 0.004550485978998614
1657569692.1468234 -178.3040310033687 36.26338804082852 -0.16615642905219802 0.0009802408907988976 5.608549309477477e-05 2.6574119299183744e-06 5.608549309477465e-05 0.0010488591730402213 -2.2559464851608607e-06 2.6574119299183566e-06 -2.2559464851608594e-06 0.0010842716761708783
1657569692.3468235 -178.39170810945788 36.2960391044048 -0.1673528202258072 0.0003740266590446995 1.686570521515004e-05 7.801576933373582e-07 1.6865705215150035e-05 0.0003964651646526812 -6.717463793026035e-07 7.801576933373734e-07 -6.717463793025581e-07 0.0004068311217705481
1657569692.5468235 -178.54177186991743 36.35732453451564 -0.167865075081387 0.0005820182034072799 1.4082586015678945e-05 7.481693760306687e-07 1.4082586015679093e-05 0.0006016784868269801 -5.803018587982812e-07 7.48169376030684e-07 -5.803018587982648e-07 0.0006101219050199251
1657569692.7468235 -178.7254585283182 36.44142438754898 -0.16718116107167869 0.0005239456366446046 8.442641286199426e-06 5.719728946217983e-07 8.442641286199524e-06 0.0005325535467281586 -3.506632501915564e-07 5.71972894621776e-07 -3.5066325019154854e-07 0.0005389092478630894
1657569692.9468236 -178.9225566880391 36.54131295303369 -0.16528073416134473 0.003745817086449963 9.360691506748637e-05 3.7354538759005092e-06 9.36069150674867e-05 0.0038298186996449813 -2.347339345608469e-06 3.7354538759006185e-06 -2.347339345608403e-06 0.00390586411489614
1657569693.1468236 -179.12562613767136 36.65006061811214 -0.1627060747437925 0.004126010813371093 0.00012626728988102717 5.289382638246384e-06 0.00012626728988102717 0.004246515762862948 -3.043151590877037e-06 5.289382638246366e-06 -3.043151590876913e-06 0.004349369105736864
1657569693.3468237 -179.32840729561627 36.760322666295785 -0.1601091027288159 0.0009398308319998253 2.0694238282694705e-05 1.0897699347109824e-06 2.0694238282694037e-05 0.0009605090356637583 -6.322730608571321e-07 1.0897699347110273e-06 -6.322730608570323e-07 0.0009798124836386845
1657569693.5468237 -179.5251874176718 36.86452893881471 -0.1581697624330388 0.0003524540159838951 3.6863188600700657e-06 2.471115915312447e-07 3.6863188600700674e-06 0.00035614832638431625 -1.3291837657248224e-07 2.471115915312369e-07 -1.329183765724895e-07 0.00036011141254264315
1657569693.7468238 -179.71564812117893 36.96128094889646 -0.15729215999218213 0.000495592062177947 5.175927985972074e-06 1.5241268446606275e-07 5.175927985971924e-06 0.0005016900201596245 4.125073251862389e-08 1.5241268446599713e-07 4.125073251849546e-08 0.0005051995576349991
1657569707.7474968 -176.65364231533349 47.79755392211997 -0.2749818745306291 0.0012163514543516681 -1.857041954432372e-05 -8.166816282508236e-06 -1.857041954433718e-05 0.0012616659852686723 -8.264409415869938e-06 -8.166816282509025e-06 -8.264409415870825e-06 0.0013845265629197022
1657569707.947497 -176.4531882714965 47.76789187856467 -0.2809957485026811 0.0003881236332052133 -2.8169993622921348e-06 -1.5721882529862971e-06 -2.816999362292144e-06 0.00039005925200751826 -1.7875447720470862e-06 -1.5721882529862575e-06 -1.7875447720471018e-06 0.00041913961018858945
1657569708.147497 -176.26164256444983 47.71205800637021 -0.28869942645952335 0.0005112065944688411 -3.7810292435310945e-07 -1.1557549058345528e-06 -3.781029243530613e-07 0.0005168330306511584 -1.2415466465144354e-06 -1.1557549058345003e-06 -1.241546646514392e-06 0.0005415944905774774
1657569708.347497 -176.0669038195447 47.658490107069746 -0.2957766835818662 0.0003021846488710704 1.371813801104399e-07 -4.005801041240709e-07 1.3718138011040952e-07 0.0003044952934055445 -1.8880890916746582e-07 -4.0058010412408674e-07 -1.8880890916746423e-07 0.00031168997191672617
1657569708.547497 -175.8622830782775 47.615650374948125 -0.30025194365068997 0.0004667650737717856 1.342300247511715e-06 -2.928953815248672e-07 1.3423002475116077e-06 0.0004733882158603842 1.2541288765991943e-07 -2.928953815248555e-07 1.2541288765989767e-07 0.00047786953860328715
1657569708.747497 -175.65096044503642 47.57026284547845 -0.3001827411187781 0.00029543338725072064 7.683444582026849e-07 -2.1188767015023312e-07 7.683444582026696e-07 0.00029839918005602876 1.1643780281492891e-07 -2.1188767015023801e-07 1.1643780281492821e-07 0.0002992640475861696
1657569708.9474971 -175.43696846942697 47.515382497873475 -0.2956737731607545 0.0004624269276550662 1.5595903968071059e-06 -5.632493338119748e-07 1.5595903968071427e-06 0.00047115213216788 1.6563337416172743e-08 -5.632493338119419e-07 1.6563337416175e-08 0.0004716695278767982
1657569709.1474972 -175.22352787939383 47.45401140148338 -0.28928362835853344 0.00029613336040948326 6.991653916541499e-07 -3.7022727556064885e-07 6.99165391654156e-07 0.0003000734033885619 -1.0529392129174097e-07 -3.7022727556065377e-07 -1.0529392129174076e-07 0.000300099534624716
1657569709.3474972 -175.0117774762044 47.388743200341935 -0.2829788195782234 0.0004700822772209528 1.4138225438797984e-06 -5.289419132185037e-07 1.4138225438797808e-06 0.00047902472445933967 -8.717353425434344e-09 -5.289419132185088e-07 -8.717353425474739e-09 0.000479163398315467
1657569709.5474973 -174.8004625699378 47.321083863196826 -0.27796442273418076 0.0002877862965206729 4.778482714840758e-07 -2.168475108405041e-07 4.778482714840677e-07 0.0002912714829988419 -4.7489107519171395e-08 -2.1684751084050508e-07 -4.74891075191685e-08 0.0002913143912710521
1657569709.7474973 -174.59029832123568 47.25051138402879 -0.2744721863329535 0.0004601160567167056 1.2276008222800398e-06 -4.1759230828448653e-07 1.2276008222800557e-06 0.00046920828852522036 1.0112582145312762e-07 -4.175923082844845e-07 1.0112582145313e-07 0.00046930230390360074
1657569709.9474974 -174.38459594875283 47.174512841649 -0.27183596860820813 0.00029504303937243575 5.668362728966891e-07 -1.980291127792079e-07 5.668362728966877e-07 0.00029892722419827203 7.84165849782763e-08 -1.9802911277921045e-07 7.841658497827298e-08 0.0002989689485308763
1657569710.1474974 -174.18438425655071 47.09137052860236 -0.26972767630733485 0.0004627224782889067 1.2924962151362305e-06 -1.5782628072841563e-07 1.2924962151361839e-06 0.0004713712276999159 -8.665169001015323e-08 -1.578262807284331e-07 -8.665169001014599e-08 0.0004714994872143515
1657569710.3474975 -173.987601900033 47.00036644457719 -0.2683955859026834 0.00029715389456179 5.937902975732989e-07 4.663022789983989e-08 5.937902975733009e-07 0.00030082744192553044 -1.4391032742401367e-07 4.6630227899840235e-08 -1.43910327424014e-07 0.0003009027817448681
1657569710.5474975 -173.7923994649775 46.90297901642053 -0.26759918456243215 0.00047581186303581423 1.5350287180967645e-06 -1.9998960480983666e-07 1.535028718096743e-06 0.0004850000348453327 -3.855874664152764e-08 -1.9998960480983552e-07 -3.855874664152227e-08 0.00048544961186498906
1657569710.7474976 -173.59726105874014 46.80344118209142 -0.2664996157671617 0.00030240707111005673 6.488212324004148e-07 -8.004966228759248e-08 6.488212324004132e-07 0.00030682336762073915 -5.1859201596578066e-08 -8.004966228758997e-08 -5.1859201596571746e-08 0.00030717185846892373
1657569710.9474976 -173.40277423977935 46.70266357371102 -0.26494498551733775 0.0005448942690236411 2.461367803737507e-06 -4.440269548999536e-07 2.4613678037375167e-06 0.0005602176769567933 -5.1037931293397944e-08 -4.440269548999592e-07 -5.103793129338333e-08 0.0005607530550085761
1657569711.1474977 -173.21212260977634 46.59767259201216 -0.2636316398196953 0.0004989385310158434 2.6283625772869326e-06 -4.2688015721741706e-07 2.6283625772869292e-06 0.0005142566818575766 -1.3272077371032258e-07 -4.2688015721742257e-07 -1.327207737103163e-07 0.000514899622774139
1657569712.747498 -171.75939726088356 45.54296797205685 -0.24730932340794604 0.004041719234037683 5.852625098553174e-05 -8.012508099363387e-06 5.85262509855315e-05 0.004277709443224753 2.2557666351217752e-06 -8.01250809936336e-06 2.2557666351217744e-06 0.00429200540967508
1657569712.947498 -171.5800212671553 45.404614532774424 -0.2465293242452124 0.0009232829834348272 9.904042287088341e-06 -1.3943075257713622e-06 9.904042287088484e-06 0.0009620991837933018 4.986194034937591e-07 -1.3943075257718554e-06 4.986194034937744e-07 0.0009650765346918464
1657569713.1474981 -171.3974899257495 45.26922320476411 -0.24760125591178603 0.00035203761343449523 1.837172908078377e-06 -2.660097927625677e-07 1.8371729080783947e-06 0.00035951096625944746 1.2472557154066993e-07 -2.6600979276255276e-07 1.2472557154068438e-07 0.00036021811223095694
1657569713.3474982 -171.21050812055407 45.13599465288479 -0.24933228810825547 0.0004898304114577244 2.6515593501501365e-06 -2.4604042885978796e-07 2.6515593501501305e-06 0.0005012814383849349 4.0358714113575914e-08 -2.4604042885978727e-07 4.0358714113584814e-08 0.0005019686243813711
1657569713.5474982 -171.0170504988686 45.004279731958505 -0.24871034044356516 0.0002997481583048369 9.374647170565998e-07 -1.0819182937193902e-07 9.374647170566052e-07 0.0003040412560802634 -4.041912747464778e-08 -1.0819182937194652e-07 -4.04191274746453e-08 0.0003043600129392562
1657569713.7474983 -170.82015048266817 44.87485050454658 -0.24562137858914437 0.00046351706804282885 2.1043272263240792e-06 -4.09110847970297e-07 2.1043272263241423e-06 0.00047359864870501954 -2.12625960993425e-08 -4.091108479702933e-07 -2.1262596099358738e-08 0.0004739636338930643
1657569713.9474983 -170.62861575317737 44.750488259968016 -0.24345761777604105 0.0002960126696950473 7.821285573929412e-07 -1.3836708091682212e-07 7.821285573929508e-07 0.00030003771307249673 -3.904154527863014e-08 -1.3836708091682003e-07 -3.9041545278626773e-08 0.00030024810876309416
1657569714.1474984 -170.44457069255392 44.634560724137835 -0.2440302332473204 0.0004622355715131162 1.9257645197816386e-06 -1.0940807259175191e-07 1.92576451978171e-06 0.0004705760088432 1.5198596017032396e-07 -1.0940807259174733e-07 1.5198596017033307e-07 0.0004713907349654837
1657569714.3474984 -170.26117470895505 44.53188684944514 -0.2470581341036442 0.00029693716055883553 6.876110196821696e-07 9.391690098669231e-08 6.876110196821543e-07 0.00030045064425987994 1.744510693178537e-07 9.39169009866939e-08 1.744510693178553e-07 0.0003009981802630691
1657569714.5474985 -170.07160870933143 44.43988201316138 -0.2514878789253729 0.00046674412805104015 1.8157683634041475e-06 -1.5707048836429793e-07 1.8157683634040378e-06 0.0004753990118969582 1.203571359379092e-07 -1.5707048836429845e-07 1.2035713593789262e-07 0.0004765971372483678
1657569714.7474985 -169.86865320683273 44.34790716084344 -0.25543410811493134 0.0003103227907557882 9.209406451245723e-07 -2.1879296255060565e-07 9.209406451245999e-07 0.00031597084781570756 5.0262241626668794e-08 -2.187929625506115e-07 5.026224162666638e-08 0.00031706035670229783
1657569714.9474986 -169.64867457002467 44.25552803430635 -0.25769507942511793 0.0005379124672655515 2.722850995398588e-06 -6.999702197975107e-07 2.7228509953985765e-06 0.0005574745631679586 -1.684713760488098e-07 -6.99970219797436e-07 -1.6847137604883485e-07 0.0005598791303209397
1657569715.1474986 -169.41354095686864 44.175370910974095 -0.25781709075000536 0.000515451080361373 1.6080866499848588e-06 -1.307525428430772e-06 1.6080866499849048e-06 0.0005401227403498424 -4.3945124020148064e-07 -1.3075254284308028e-06 -4.394512402014336e-07 0.0005434036647280214
1657569715.3474987 -169.17282426997932 44.11387803765463 -0.25630316405936554 0.0036840377650420378 1.8004678048164052e-05 -1.4182646314047682e-05 1.8004678048164256e-05 0.003956503018870733 -4.326909518313364e-06 -1.4182646314047517e-05 -4.326909518313401e-06 0.003990862401625359
1657569715.5474987 -168.9440041289945 44.06865103295197 -0.2546796628544922 0.004078541118845695 3.861544543751024e-05 -2.030857746825127e-05 3.8615445437510094e-05 0.0044644465218647835 -6.126221839375506e-06 -2.0308577468250843e-05 -6.1262218393754906e-06 0.004514341241160031
1657569715.7474988 -168.7448124543834 44.034979195735254 -0.2546505128405058 0.0009424103354716074 1.0935874340896357e-05 -5.4205303153353556e-06 1.0935874340897006e-05 0.0010252399878666917 -1.4783505879598015e-06 -5.420530315335024e-06 -1.4783505879597086e-06 0.0010385502649719307
1657569715.9474988 -168.5914543503371 44.00663384930029 -0.25789366856395296 0.00037680362900642295 4.512462730124667e-06 -2.0871234813471144e-06 4.512462730124651e-06 0.00040503800266856614 -2.1497501957928e-07 -2.0871234813471156e-06 -2.1497501957933628e-07 0.00040958003489123963
1657569716.747499 -167.70938681513616 43.85200849241273 -0.26511026228388 0.004101188148232728 0.000263309066034639 -1.9717405117333473e-05 0.0002633090660346394 0.004849685755329013 7.892368358807586e-06 -1.971740511733369e-05 7.892368358806861e-06 0.0050438786126945166
1657569717.5474992 -166.83021636609718 43.9473330015552 -0.253621830423965 0.0002992244951773356 1.6864509943693514e-06 -2.2062645720327133e-07 1.6864509943693108e-06 0.00030664806477729434 2.527655233027182e-08 -2.2062645720328047e-07 2.5276552330238305e-08 0.00030883505729691746
1657569729.547502 -154.16949076289347 48.62293548773134 -0.2003593915365097 0.00029299508631338704 2.0979709930074333e-08 -1.2867351024044555e-07 2.097970993007117e-08 0.0002965987837934457 1.8952309855378037e-08 -1.2867351024044748e-07 1.895230985537235e-08 0.00029649904577542873
1657569729.747502 -153.94907002130594 48.68787132029369 -0.19759841667780526 0.0004638362483134648 5.035571722378829e-07 -2.6742650966843594e-07 5.035571722378609e-07 0.00047336878543550293 7.785614672552146e-08 -2.674265096684282e-07 7.785614672550159e-08 0.00047330412056180497
1657569729.9475021 -153.72711858186304 48.753579614987096 -0.19552299234904566 0.0002930959857501153 -2.4340491020103115e-08 -1.772856841400122e-07 -2.4340491020105885e-08 0.00029695612541953616 7.886373072687007e-08 -1.772856841400106e-07 7.886373072687637e-08 0.00029684715722832914
1657569730.1475022 -153.50527824352943 48.818318115744134 -0.1944781636758029 0.0004643237567403515 4.558345165693586e-07 -1.7169195937128901e-07 4.5583451656939815e-07 0.00047420861507759524 -4.6119997076912995e-08 -1.7169195937128518e-07 -4.611999707691556e-08 0.0004741945432955829
1657569730.3475022 -153.28487078757598 48.880142829932545 -0.19432860896044765 0.0002945199150216404 7.689543616414742e-08 -7.467417488367516e-08 7.689543616415576e-08 0.00029844140025206477 -7.082109769914237e-08 -7.467417488367638e-08 -7.082109769914024e-08 0.0002984094669929763
1657569730.5475023 -153.06767886557998 48.93753833307292 -0.1951598336926263 0.0004718844286670914 5.560597045355831e-07 -1.1734547355623701e-07 5.560597045356892e-07 0.000482703622687037 2.639772994993748e-09 -1.1734547355624828e-07 2.6397729950109416e-09 0.0004827973342913108
1657569730.7475023 -152.85564959970347 48.98893296791971 -0.1973864063800053 0.0003145664446662848 7.671060443598246e-07 -7.592994133953492e-08 7.671060443598169e-07 0.0003216390430683456 -5.485327057464501e-09 -7.592994133954256e-08 -5.485327057533108e-09 0.00032215123352017223
1657569730.9475024 -152.64265189256002 49.03353858460145 -0.2007468637185085 0.0005788151436849329 4.403625520712279e-06 -8.640748689827798e-08 4.4036255207121005e-06 0.0006083395870222051 -2.168612146970866e-09 -8.640748689829426e-08 -2.1686121469440808e-09 0.0006106960223118154
1657569731.1475024 -152.4126940799077 49.07025088378017 -0.20410196825302818 0.0006258030712523563 9.093431114927512e-06 -1.8081651890424652e-07 9.093431114927519e-06 0.0006770924380108904 -5.367945963766859e-08 -1.8081651890420865e-07 -5.3679459637705197e-08 0.0006821213037150096
1657569732.5475028 -150.85983102632426 49.061812184440996 -0.2113396110838386 0.0005041947838217958 3.7223010261167875e-07 -2.348453304472438e-07 3.7223010261170977e-07 0.0005226732566245923 -3.16412738409741e-07 -2.3484533044725702e-07 -3.16412738409841e-07 0.0005311307789902473
1657569732.7475028 -150.6864321815713 49.033144760912855 -0.211170757572167 0.00030108173095069437 1.1002455918013737e-07 -1.0268635906630127e-07 1.1002455918013824e-07 0.00030752037009231084 -1.3183633498574543e-07 -1.0268635906629563e-07 -1.318363349859719e-07 0.00031099421017941026
1657569732.9475029 -150.4781198425266 48.99622427438646 -0.211066244895257 0.00046613813327657554 6.592450938654872e-07 -6.965899990613741e-08 6.592450938654467e-07 0.0004757663644323544 -1.8373612601686012e-07 -6.965899990614118e-08 -1.8373612601690416e-07 0.0004781499651328339
1657569733.147503 -150.26580580053349 48.94756787777794 -0.21151250221344212 0.0002946257463941802 2.9967462317675277e-07 6.299476111164429e-08 2.9967462317678983e-07 0.0002974616430356144 -4.6301460910751616e-08 6.299476111161958e-08 -4.630146091064544e-08 0.0002980867681470961
1657569733.347503 -150.07559378006653 48.89111041041129 -0.21186837153853588 0.00046313664368143975 1.0685472238444693e-06 -7.598291758811441e-09 1.06854722384436e-06 0.0004704733280833745 -2.7793756829998935e-07 -7.598291758834424e-09 -2.7793756830006204e-07 0.00047071590677630787
1657569733.547503 -149.92372014395565 48.838742059279674 -0.2101100490067021 0.00029444392266237757 9.760140688149379e-08 -8.221123266367301e-08 9.76014068814797e-08 0.0002963291466321799 -1.4248040164981238e-07 -8.221123266368879e-08 -1.4248040164982977e-07 0.00029614018610543057
1657569733.747503 -149.8226555264205 48.80021913585105 -0.2065735409855203 0.00046355566066735236 9.023001573428698e-07 -3.372052549290056e-07 9.023001573428417e-07 0.00046910123946254835 -1.715960737841163e-08 -3.372052549290058e-07 -1.7159607378309558e-08 0.00046944049045740484
1657569733.947503 -149.78063218405293 48.781680697370476 -0.2043358377978918 0.00029384093088744023 6.351569189407008e-07 -3.2600351148444367e-07 6.351569189406862e-07 0.00029878540554324263 8.985143062621205e-09 -3.2600351148445463e-07 8.985143062593386e-09 0.0002996918989941285
1657569734.1475031 -149.7842907683825 48.78064716616947 -0.2045443415252762 0.0004631761882569112 7.966727144666187e-07 -2.9826745794609273e-07 7.96672714466589e-07 0.00046896422295164596 6.341634915780813e-08 -2.9826745794610036e-07 6.341634915779684e-08 0.00046951652298518566
1657569734.3475032 -149.7950567584067 48.78334497964888 -0.20563740009642487 0.00029335438136712485 2.516237600239366e-08 -1.3549649776748908e-07 2.516237600236481e-08 0.00029428134481770854 2.2591810960581387e-08 -1.354964977674966e-07 2.259181096056636e-08 0.00029431428919310214
1657569734.5475032 -149.79507237019567 48.78241758062446 -0.2064878541103948 0.00046300513183878653 -1.981434829079479e-07 -7.847598620961004e-08 -1.9814348290804336e-07 0.0004632613153243713 -5.799319718000683e-08 -7.847598620962732e-08 -5.799319718002196e-08 0.00046312897039032467
1657569734.7475033 -149.79314073000427 48.78095649117365 -0.20693320102139762 0.0002937172771778328 -3.9087712163132124e-07 -7.162430625456218e-08 -3.9087712163133394e-07 0.0002926331781993152 -7.300191159042559e-08 -7.16243062545646e-08 -7.300191159042044e-08 0.00029238613953672186
1657569734.9475033 -149.7937783815997 48.780777438414844 -0.20703419137410592 0.00046309390624391295 -3.5452152950906555e-07 -5.408241470228425e-08 -3.5452152950907116e-07 0.0004623942516090492 3.0177762719486804e-09 -5.4082414702292004e-08 3.017776271945873e-09 0.0004621241127873866
1657569735.1475034 -149.7943970678415 48.78091720025136 -0.20699762523557227 0.000293414509888786 -3.9569280819267807e-07 -5.803700151749526e-08 -3.956928081926681e-07 0.00029248285927483195 1.5386362972272836e-08 -5.803700151749641e-08 1.5386362972274824e-08 0.0002922018570322237
1657569735.3475034 -149.7938828291901 48.780805693828114 -0.20697596181590036 0.000464687990526467 -4.355344413306735e-07 2.212595464210631e-08 -4.355344413306936e-07 0.0004635390092412481 3.3448854182611036e-08 2.2125954642105218e-08 3.344885418261189e-08 0.00046339751797153415
1657569735.5475035 -149.7934203160038 48.780674870489804 -0.2070547044144031 0.0002923707321150399 -4.6820108040766163e-07 3.20816032531303e-08 -4.6820108040767756e-07 0.00029105572926379234 3.886378166430619e-08 3.208160325312767e-08 3.886378166430539e-08 0.00029093714312819474
1657569735.7475035 -149.79353254562417 48.78065425309264 -0.2072287916873134 0.00046440079345614954 -4.135713479597063e-07 -6.59178429185228e-08 -4.135713479596118e-07 0.0004632209236626944 3.760528645479549e-09 -6.591784291851163e-08 3.760528645480987e-09 0.00046306175249914884
1657569735.9475036 -149.79376453563472 48.78064999972409 -0.20738336470788324 0.00029203485638925545 -4.317973684955907e-07 -8.337027306672304e-08 -4.3179736849560144e-07 0.00029075992155438605 1.4387541600453714e-09 -8.337027306672499e-08 1.4387541600437956e-09 0.0002905974625775956
1657569736.1475036 -149.79388441893062 48.78061831377059 -0.20744403066958916 0.0004641907851907389 -3.457229592098522e-07 -7.842000078749288e-08 -3.457229592098832e-07 0.00046295308112580865 4.9801089601263005e-08 -7.842000078750627e-08 4.9801089601278437e-08 0.0004628669811176165
1657569736.3475037 -149.79400411504608 48.78060435030627 -0.20739939221439593 0.0002920430088387883 -3.5619159357609556e-07 -7.85577418280761e-08 -3.5619159357609355e-07 0.0002907016120862993 6.207267191572105e-08 -7.855774182807486e-08 6.207267191572528e-08 0.0002906245462141242
1657569736.5475037 -149.79408925936102 48.78061421711627 -0.20734980367659817 0.00046403216369266496 -3.067090579671576e-07 6.797181401156009e-08 -3.0670905796714083e-07 0.00046273031136390537 9.692677309491315e-08 6.79718140115556e-08 9.692677309491634e-08 0.0004626231234566389
1657569736.7475038 -149.79391055732358 48.78059672275175 -0.2075206194758236 0.0002924033643654364 -3.254514886496963e-07 9.316277111812284e-08 -3.254514886496871e-07 0.0002909909187503369 1.067868215451947e-07 9.316277111811991e-08 1.067868215451942e-07 0.0002908776430854467
1657569736.9475038 -149.79363015043506 48.78057133911136 -0.2078621075534691 0.00046392048380019765 -4.032769975138838e-07 7.183082253458358e-08 -4.032769975139302e-07 0.00046245787594806223 9.50146669857597e-09 7.183082253457609e-08 9.501466698576167e-09 0.0004624132136346261
1657569737.1475039 -149.79389253259524 48.780652515435115 -0.20798482307948493 0.00029192902227195746 -4.42760865870835e-07 6.45947663677369e-08 -4.427608658708245e-07 0.00029034276349329974 -4.6811190426795605e-09 6.459476636773826e-08 -4.681119042678992e-09 0.0002903042274670935
1657569737.347504 -149.79480599059858 48.780867869532536 -0.20782508140702144 0.0004577367869471252 -3.9668817060867197e-07 -1.6855505896674087e-07 -3.966881706086305e-07 0.00045636070691996175 -3.590187050403407e-08 -1.6855505896670104e-07 -3.590187050402993e-08 0.00045625835415955186
1657569737.547504 -149.79578255151546 48.781123590493706 -0.20773991671832906 0.00029770054800418904 -4.1998237557059275e-07 -2.1098489437958658e-07 -4.199823755706043e-07 0.00029623574396244563 -3.932477554782547e-08 -2.1098489437958836e-07 -3.932477554782454e-08 0.0002961241838646953
1657569737.747504 -149.7963057798056 48.78129680751269 -0.2078296970541654 0.0004593986563526161 -3.5944878292324085e-07 -8.941046586276024e-08 -3.5944878292328654e-07 0.0004578981551934279 7.868119979715235e-08 -8.941046586277299e-08 7.868119979713411e-08 0.0004579301451861765
1657569737.947504 -149.79601833680238 48.781246755254145 -0.20785501526107503 0.0002977018672769111 -3.8172441497927504e-07 -7.605378126490454e-08 -3.8172441497926816e-07 0.0002960961801281665 9.664754426254273e-08 -7.605378126490642e-08 9.664754426254262e-08 0.0002961489987908275
1657569738.147504 -149.7952319530605 48.78102985496122 -0.20774654029162792 0.00045904945704652964 -4.1161380725465644e-07 3.907772324848612e-08 -4.116138072546708e-07 0.00045780517312903366 1.1550169627470378e-09 3.907772324848393e-08 1.155016962745902e-09 0.0004578234986759468
1657569738.3475041 -149.79503736648593 48.780932989538385 -0.20766416824308065 0.00029766558451831365 -4.3998407669732857e-07 5.733593400379091e-08 -4.399840766973341e-07 0.0002963809916579141 -1.1600099929451274e-08 5.733593400379129e-08 -1.1600099929453392e-08 0.0002963928381636364
1657569738.5475042 -149.7956055839684 48.78102573293401 -0.20767427584133802 0.0004591199677392063 -2.255326669632362e-07 8.948557089165784e-09 -2.2553266696322513e-07 0.0004581202919997726 -2.73373801966697e-08 8.948557089165771e-09 -2.7337380196661927e-08 0.0004580509674879158
1657569738.7475042 -149.79594614689046 48.78110923015983 -0.20771434731112368 0.00029849721764561924 -2.181617193455976e-07 7.852681399694188e-12 -2.1816171934559352e-07 0.0002974395564392624 -2.6099636399484513e-08 7.852681404715791e-12 -2.6099636399491577e-08 0.00029736089968407636
1657569738.9475043 -149.79576200066754 48.781126983930115 -0.2077460230713363 0.00046689670302211395 -2.7075301688673353e-07 -9.430428733623778e-08 -2.707530168867614e-07 0.00046556916075240074 1.1631824307704751e-07 -9.430428733623738e-08 1.1631824307704595e-07 0.00046567005172783583
1657569739.1475043 -149.79567469567309 48.781201390949114 -0.2077689662783599 0.0002914849655076174 -3.0707263609459853e-07 -1.0971194450289228e-07 -3.070726360946059e-07 0.00029001796176039403 1.392603673825986e-07 -1.0971194450289117e-07 1.392603673825941e-07 0.0002901484417919446
1657569739.3475044 -149.79577210933388 48.78132074781538 -0.20780543587743736 0.0004650821853481284 -4.2312966167176186e-07 2.5241660254358468e-08 -4.231296616716384e-07 0.00046377381741108826 -2.5843966211188156e-08 2.524166025436142e-08 -2.584396621119335e-08 0.00046380127522334863
1657569739.5475044 -149.79542725602175 48.78130951061267 -0.20790310477860707 0.00029133750609003015 -4.741605781264452e-07 4.675325241421167e-08 -4.741605781264438e-07 0.0002899500825071054 -5.304904353645423e-08 4.675325241421367e-08 -5.304904353645996e-08 0.0002899713202041697
1657569739.7475045 -149.79463943468494 48.78115381218212 -0.2080623450969553 0.00046471037635919366 -3.2488117818951364e-07 8.084532016442126e-08 -3.248811781895084e-07 0.0004635385060480674 -1.0886423588726014e-07 8.084532016442542e-08 -1.0886423588723229e-07 0.00046368260904365344
1657569739.9475045 -149.79422600660467 48.781034500703164 -0.20822117755922312 0.00029122043812856286 -3.3343978970195095e-07 8.898936086591528e-08 -3.334397897019503e-07 0.0002899818739692386 -1.2161353453675374e-07 8.898936086591579e-08 -1.2161353453675326e-07 0.0002901472035551701
1657569740.1475046 -149.7944285610267 48.78102786737814 -0.20832941308036318 0.00046459475219809144 -2.5844562779877293e-07 6.319305332482726e-09 -2.584456277986632e-07 0.00046340262800095676 2.7746533812471906e-08 6.319305332482821e-09 2.7746533812473586e-08 0.0004633292216868072
1657569740.3475046 -149.79471620969497 48.78108267226692 -0.20835915835675495 0.0002916965904385539 -2.8262972222899677e-07 -6.167817765605998e-09 -2.826297222289932e-07 0.00029040701614031344 4.7402668767620185e-08 -6.167817765604627e-09 4.7402668767618855e-08 0.0002902945651668286
1657569740.5475047 -149.79478556002863 48.781139603490786 -0.20829842525528616 0.0004648931871918805 -5.002453624939954e-07 -4.596147831463629e-08 -5.002453624938349e-07 0.00046348085210168885 -4.727211788430541e-08 -4.596147831463412e-08 -4.727211788431401e-08 0.0004632881472369309
1657569740.7475047 -149.7946769554294 48.78113214780582 -0.20815327733709144 0.00029189037099389386 -5.681150791919445e-07 -5.718803512871583e-08 -5.681150791919398e-07 0.0002903646246979609 -5.729016275528043e-08 -5.718803512871566e-08 -5.729016275528001e-08 0.00029014881630143915
1657569740.9475048 -149.79452629845466 48.78105444271178 -0.20797498207526124 0.00046460287795108477 -2.680081230626481e-07 -7.518674283472585e-08 -2.680081230626811e-07 0.0004634029216497963 9.179056730453486e-08 -7.518674283472596e-08 9.1790567304509e-08 0.00046331175702322313
1657569741.1475048 -149.79455632030667 48.780973931234726 -0.2078667981348417 0.00029166370053579057 -2.5931768205334934e-07 -7.860150604944499e-08 -2.593176820533455e-07 0.00029041607121274994 1.1415548936152776e-07 -7.8601506049445e-08 1.1415548936152939e-07 0.00029033550678623496
1657569741.3475049 -149.79473908639073 48.78094466256881 -0.20785354955314142 0.0004649970502411657 -3.4435031428362386e-07 4.319924362823374e-08 -3.443503142836485e-07 0.0004638961376023327 -4.8266395398107206e-08 4.3199243628234136e-08 -4.8266395398104155e-08 0.00046369344603792615
1657569741.547505 -149.79473883054158 48.78100471765351 -0.20786245564069683 0.0002914349451853261 -3.932763379277533e-07 6.050019191825875e-08 -3.9327633792776497e-07 0.0002902789513750798 -7.188852627654387e-08 6.050019191825723e-08 -7.188852627654402e-08 0.0002900452013592457
1657569741.747505 -149.79457574617646 48.781113926270464 -0.20790298858200174 0.00046485764774542804 -4.808309712757584e-07 -2.4842372218879618e-08 -4.808309712757544e-07 0.0004639256556117897 -2.7387749212624634e-09 -2.4842372218891668e-08 -2.7387749212627897e-09 0.0004636257588602362
1657569741.947505 -149.79471903618048 48.78112695809725 -0.20808666452018681 0.0002913964819621472 -5.339255238811361e-07 -3.450995075722313e-08 -5.339255238811376e-07 0.0002904185632487349 7.4075889258903525e-09 -3.450995075722161e-08 7.40758892589107e-09 0.0002900952745518704
1657569742.147505 -149.7951753283639 48.78102349218051 -0.20832600782594896 0.0004649069639666481 -3.97149753515574e-07 4.0514612158361026e-08 -3.971497535155544e-07 0.00046368669867575694 3.2877677902398645e-08 4.051461215835573e-08 3.2877677902377343e-08 0.0004635774096028465
1657569742.347505 -149.79535963280017 48.78096038788614 -0.20828986773691816 0.00029151383450203917 -4.218575631418931e-07 5.47605977756305e-08 -4.2185756314189697e-07 0.00029018291774751925 3.697261767326911e-08 5.4760597775629106e-08 3.69726176732695e-08 0.00029009659859417645
1657569742.5475051 -149.79509440717868 48.78098361948694 -0.2079416681340389 0.00046478479656631984 -4.844910979557852e-07 3.344369149411231e-08 -4.844910979558022e-07 0.0004639590229800644 -4.471539513957182e-08 3.344369149411125e-08 -4.471539513955259e-08 0.00046376733568212193
1657569742.7475052 -149.79474678431623 48.78097420540777 -0.20762178700359227 0.000291327995985247 -5.324980593783901e-07 2.880653757982972e-08 -5.324980593784005e-07 0.00029049748895083313 -5.7007998755949704e-08 2.8806537579831113e-08 -5.700799875594974e-08 0.0002902904089449273
1657569742.9475052 -149.79461641789678 48.78090566783027 -0.20751142510316586 0.0004662051207148007 -4.1103581916069007e-07 -1.1228823476061619e-07 -4.110358191606006e-07 0.00046504140521901163 4.87274310702618e-09 -1.1228823476058673e-07 4.872743107026097e-09 0.0004650490240204173
1657569743.1475053 -149.79487213236771 48.780881522454074 -0.20756445605465235 0.00028901439916013375 -4.2817292426306717e-07 -1.3658656396762432e-07 -4.28172924263063e-07 0.0002877115007042539 1.1474854826079073e-08 -1.3658656396762331e-07 1.1474854826079316e-08 0.00028775627132224984
1657569743.3475053 -149.79538433507216 48.780926096499854 -0.20767955547277558 0.0004580473733233145 -2.53962045598493e-07 -2.2853062453369504e-08 -2.539620455985694e-07 0.0004565794230597931 -6.594656032268146e-08 -2.285306245337062e-08 -6.594656032268385e-08 0.0004566272022769302
1657569743.5475054 -149.79566904768836 48.780966568166825 -0.2077088284836936 0.00029692983271803843 -2.636205105913509e-07 -1.0160184428616651e-08 -2.636205105913649e-07 0.0002953313041382987 -8.320323341285519e-08 -1.016018442861512e-08 -8.320323341284832e-08 0.0002953891156864247
1657569743.7475054 -149.7955736220177 48.780987275666625 -0.20760656218379195 0.0004599122258432957 -3.679150371665836e-07 -3.0000971933582475e-08 -3.679150371665089e-07 0.0004586751153428573 -1.1447287191856539e-07 -3.000097193358841e-08 -1.1447287191854354e-07 0.00045865478366551054
1657569743.9475055 -149.79537630483077 48.78103567086402 -0.20745380687159481 0.00029662077758784144 -4.16868772936869e-07 -3.1152590121722886e-08 -4.1686877293688487e-07 0.00029534225292165 -1.2800518068650795e-07 -3.115259012172276e-08 -1.2800518068649768e-07 0.00029530962430470873
1657569744.1475055 -149.79522863405197 48.78111508750377 -0.20733739597444248 0.00045987075673965897 -4.1545865747241663e-07 3.468362006312405e-08 -4.154586574723989e-07 0.00045863292670426855 -1.2719027220579488e-07 3.468362006313146e-08 -1.271902722058089e-07 0.000458491180098787
1657569744.3475056 -149.79509460728713 48.78117710230192 -0.20734026995354368 0.0002969800172635848 -4.530954736723578e-07 4.6895900411662406e-08 -4.530954736723657e-07 0.0002956667679288146 -1.3262596545498369e-07 4.6895900411661546e-08 -1.3262596545498554e-07 0.0002954998748875977
1657569744.5475056 -149.794974161441 48.781197948496406 -0.20746282807155103 0.00045997259373441537 -3.9554621894316326e-07 4.986260039900851e-08 -3.9554621894317236e-07 0.00045884041021431696 -2.2086781290775208e-08 4.9862600398997874e-08 -2.2086781290775854e-08 0.00045862397071011306
1657569744.7475057 -149.79492367255696 48.781185829229905 -0.20760531545384223 0.000296760670982934 -4.241692559415833e-07 5.4059778697986645e-08 -4.2416925594158524e-07 0.0002955774691196968 -5.452800589616535e-09 5.405977869798614e-08 -5.452800589617523e-09 0.0002953391540690897
1657569744.9475057 -149.79492869984367 48.78114541386025 -0.20769350178855356 0.00045957695833503953 -4.2126090758215654e-07 1.677861573503669e-08 -4.2126090758224066e-07 0.0004585724727780023 7.014590868553026e-08 1.6778615735036098e-08 7.014590868549795e-08 0.00045831798757618546
1657569745.1475058 -149.7948885879606 48.781077496484265 -0.20769356495142854 0.0002965791310092016 -4.51624254277528e-07 1.5098678254025735e-08 -4.516242542775304e-07 0.00029552017507488045 8.119889935010523e-08 1.509867825402665e-08 8.119889935010197e-08 0.0002952491456053075
1657569745.3475058 -149.79485876500354 48.7810035208945 -0.20762007744030164 0.00045964915413949464 -2.9936811962659407e-07 3.2865662331513697e-08 -2.993681196265568e-07 0.0004584354581220534 -5.1202188107555964e-08 3.286566233150954e-08 -5.120218810755213e-08 0.0004582605592253175
1657569745.5475059 -149.79508365442294 48.780965892699044 -0.2075427385654281 0.0002971294794431847 -3.0837882095009115e-07 3.506463376558434e-08 -3.083788209500936e-07 0.0002958087653810038 -7.237179571002913e-08 3.506463376558616e-08 -7.237179571002684e-08 0.00029563451387580695
1657569745.747506 -149.79550984809794 48.78098434618129 -0.2075176733348786 0.00045971274505007137 -3.3729926066104066e-07 -3.788023662606331e-08 -3.372992606610746e-07 0.00045856533316560635 -5.8052993607941286e-08 -3.7880236626052356e-08 -5.8052993607937316e-08 0.00045834447491248733
1657569745.947506 -149.79571593576895 48.78105545093333 -0.2075799318774374 0.0002970654990336542 -3.688500022131931e-07 -5.201036973637352e-08 -3.688500022131864e-07 0.0002958520818753306 -5.635441515745379e-08 -5.201036973637182e-08 -5.635441515745176e-08 0.00029561837120186025
1657569746.147506 -149.79563959615004 48.78114818463414 -0.2077159648816984 0.00045987677790311347 -3.1519173418760916e-07 -9.673134622923632e-08 -3.151917341875909e-07 0.00045865936027447485 5.68696413266655e-08 -9.67313462292508e-08 5.686964132666362e-08 0.0004586393595614784
1657569746.347506 -149.79567610217595 48.78119372963826 -0.20785391033548845 0.00029669756454379274 -3.4141993175192995e-07 -1.0414325777632387e-07 -3.414199317519197e-07 0.0002953981502978799 7.660074668168968e-08 -1.0414325777632237e-07 7.660074668169261e-08 0.0002953956668245474
1657569746.547506 -149.79595041211914 48.78119401382074 -0.20793771730036958 0.00045957215153084554 -4.5703778053952993e-07 3.4773776435694484e-08 -4.5703778053963735e-07 0.0004585725571744774 5.371955936787366e-08 3.477377643570204e-08 5.371955936787721e-08 0.0004583230325551894
1657569746.7475061 -149.7962253163393 48.781242607568664 -0.20793797209638018 0.0002969395773986979 -5.053817521267217e-07 5.396157191695665e-08 -5.053817521267198e-07 0.0002959093617646999 5.485552288768516e-08 5.3961571916956367e-08 5.485552288768497e-08 0.00029561472276282
1657569746.9475062 -149.79630161357719 48.78132467851935 -0.2079089890437343 0.00045955241476214803 -3.8203217469689576e-07 -2.892768467924918e-08 -3.8203217469696347e-07 0.0004586348034146119 4.1715102489569856e-08 -2.8927684679254836e-08 4.1715102489568857e-08 0.0004585411806472823
1657569747.1475062 -149.79606468516312 48.78129139739796 -0.20799926535923433 0.00029765348839167437 -3.917745708495209e-07 -4.093672675064641e-08 -3.917745708495271e-07 0.000296682296163398 4.574760351255188e-08 -4.0936726750645816e-08 4.574760351254688e-08 0.0002966023620097435
1657569747.3475063 -149.79581885244252 48.78121348136665 -0.20813917081248842 0.0004671652186487778 -2.597353088080264e-07 -2.3514904187441567e-08 -2.597353088080937e-07 0.0004662185304444024 9.544388163160944e-08 -2.3514904187445782e-08 9.544388163161861e-08 0.00046603531075092733
1657569747.5475063 -149.79633038080408 48.78141585058856 -0.20800173021887639 0.0002898302536604638 -2.355293255254568e-07 -3.481286383526743e-08 -2.3552932552546656e-07 0.00028889684049719313 1.112450056947204e-07 -3.481286383526895e-08 1.1124500569471453e-07 0.0002887045149538768
1657569747.7475064 -149.79681074274717 48.7814471094406 -0.2078742056491477 0.00045837734351407276 -9.535573419989232e-08 -9.827725496060454e-08 -9.535573419998417e-08 0.00045816353120317003 7.281969079718366e-08 -9.827725496060583e-08 7.281969079716761e-08 0.00045823889878950937
1657569747.9475064 -149.79400031609 48.779717542499135 -0.20878492368516252 0.0002980260326995516 4.1889414613501564e-07 -1.826709595596724e-07 4.1889414613503057e-07 0.0002991353895156115 9.717615557897619e-08 -1.8267095955967728e-07 9.71761555789875e-08 0.0002994936721073249
1657569748.1475065 -149.76734711155186 48.76931813097794 -0.21024186404596718 0.0004691104242697708 3.006747797384953e-06 -4.673828585061652e-07 3.006747797385017e-06 0.00047621377655852946 3.31345758489167e-07 -4.6738285850614664e-07 3.313457584892096e-07 0.000477864246935376
1657569748.3475065 -149.67633343320145 48.73701655578571 -0.20989598511925264 0.0002917169958073617 3.0844371153913645e-06 -3.189394883505432e-07 3.0844371153913586e-06 0.0002988214985283945 3.2183325271887073e-07 -3.189394883505447e-07 3.218332527188678e-07 0.0003005032443866454
1657569748.5475066 -149.51281116768186 48.67927172094546 -0.2069256601681868 0.00046787485762332095 3.1254599014510447e-06 -2.728085230919755e-07 3.1254599014510316e-06 0.00047523303383369635 6.165276803401677e-08 -2.728085230919853e-07 6.16527680339789e-08 0.00047644165340391504
1657569748.7475066 -149.31005394034966 48.60531095094483 -0.20255167562443563 0.00029024858599956924 9.899979095397853e-07 -3.841493809480848e-08 9.899979095397853e-07 0.00029197299572239266 -3.7260433538553494e-08 -3.8414938094808157e-08 -3.7260433538548034e-08 0.0002923007331999047
1657569748.9475067 -149.09433274646187 48.521385853508306 -0.1980585196740063 0.0004678381421485164 3.14491678537297e-06 -1.9738072713361103e-07 3.144916785372973e-06 0.000474477296928262 -7.608219771790226e-09 -1.9738072713359605e-07 -7.608219771772877e-09 0.00047602032437545083
1657569749.1475067 -148.87990653199083 48.42879087910834 -0.19469961795901533 0.0002919712470313544 1.3286926055676462e-06 -6.258617079463813e-08 1.3286926055676343e-06 0.00029406993713720317 -6.697575011810805e-08 -6.258617079465599e-08 -6.697575011809484e-08 0.0002951493514862652
1657569749.3475068 -148.67301337877333 48.33109437386163 -0.19317820207148517 0.00047342883262074565 3.591901816832153e-06 -1.8714006228785703e-07 3.5919018168321706e-06 0.00048007336976909877 1.8340580018907136e-08 -1.8714006228785314e-07 1.834058001890033e-08 0.0004821948899902139
1657569749.5475068 -148.47083897614112 48.234618952438936 -0.19363785262787156 0.000304893278160363 1.5141655716550362e-06 -9.360919590918933e-08 1.5141655716550385e-06 0.0003076528017655581 2.5437505088604242e-08 -9.360919590917878e-08 2.5437505088579827e-08 0.00030857059784177086
1657569749.7475069 -148.271079874839 48.141667584385736 -0.19571585304092073 0.0005441556567509142 5.878615487053055e-06 5.4488653626018736e-08 5.878615487053074e-06 0.0005550379338389976 6.31097215969093e-10 5.448865362599889e-08 6.310972159872133e-10 0.0005578038915223206
1657569749.947507 -148.07264333380368 48.04986798799108 -0.19851894366087014 0.0005044910423222863 6.012498225761795e-06 1.1895497408346593e-07 6.012498225761755e-06 0.000515274927918074 -3.308482083790279e-08 1.1895497408345745e-07 -3.3084820837927135e-08 0.0005180223516959997
1657569750.147507 -147.87435480161565 47.95793008129912 -0.20139109189763232 0.003662679250453919 6.329621583755363e-05 -1.0588721038065743e-07 6.329621583755353e-05 0.0037887795507097473 -4.627888277631758e-07 -1.0588721038065693e-07 -4.6278882776318146e-07 0.003817247234438775
1657569750.347507 -147.67467554919747 47.86659986072273 -0.20387460801331958 0.004062374759506705 8.552870250032608e-05 -5.003220829442709e-07 8.55287025003255e-05 0.004235333235649782 -6.725384629140893e-07 -5.003220829442806e-07 -6.725384629142077e-07 0.0042737251141150056
1657569750.547507 -147.47202959233095 47.77678375269872 -0.20550962557836913 0.0009387540719232581 1.4301203122865749e-05 -2.351427840709854e-07 1.4301203122864646e-05 0.0009674823551702557 -1.2619347060571547e-07 -2.3514278407082727e-07 -1.2619347060557658e-07 0.000974336878917736
1657569750.747507 -147.26496850944656 47.68932925774814 -0.2058713561505651 0.0003457207193940143 2.5154886520400683e-06 -1.3233184208158341e-07 2.515488652040059e-06 0.00035080493446568715 -5.91459465122522e-09 -1.3233184208158805e-07 -5.914594651285943e-09 0.000352220571126066
1657569750.9475071 -147.05595436906393 47.60354175827925 -0.20525003725564747 0.0004887336899602427 3.945771877212184e-06 -1.52420524643275e-07 3.945771877212185e-06 0.0004969242058671731 2.4535328919823676e-08 -1.5242052464327354e-07 2.4535328919835664e-08 0.0004990858205389946
1657569751.1475072 -146.85187100868254 47.51737511098987 -0.20454354065933836 0.0003017942058721443 1.4109760755448502e-06 -1.2095329845659795e-08 1.4109760755448504e-06 0.0003041559929772493 6.258638345440673e-08 -1.2095329845660444e-08 6.258638345441367e-08 0.00030514793880133785
1657569751.3475072 -146.65372500633467 47.4308376525566 -0.2044827491347214 0.000473023972226202 3.1080175169952728e-06 -8.0883006198665e-08 3.1080175169952495e-06 0.0004793883198527456 5.632216680602813e-08 -8.08830061986634e-08 5.632216680601865e-08 0.00048094640474344096
1657569751.5475073 -146.4552108196463 47.346156362989596 -0.2055866841244223 0.0002911432828636811 1.217855888292266e-06 1.6321194301622206e-08 1.2178558882922942e-06 0.0002933476003009671 4.370993054043934e-08 1.632119430162175e-08 4.370993054042688e-08 0.0002939670144674334
1657569751.7475073 -146.2535303313321 47.26226377949987 -0.20743366241681363 0.00047439478881383884 3.018435330898119e-06 4.4648647127410956e-08 3.018435330898112e-06 0.0004808719364200087 1.6384560940928892e-07 4.4648647127392447e-08 1.6384560940931492e-07 0.00048260610939879727
1657569751.9475074 -146.05085161622029 47.173877227879494 -0.20850646225055605 0.0003035603713514776 1.4334391164939188e-06 6.884038083679846e-08 1.433439116493938e-06 0.0003060615384600997 1.5452704378896594e-07 6.88403808367946e-08 1.5452704378895866e-07 0.00030711600017353406
1657569752.1475074 -145.84909072085733 47.0803323911271 -0.20833933604524302 0.000545367985918001 5.5885254788966185e-06 -2.0466856698146404e-07 5.588525478896759e-06 0.0005564501231650851 1.5283268541191453e-07 -2.0466856698145637e-07 1.5283268541189113e-07 0.0005591976950243612
1657569752.3475075 -145.64946439222695 46.986763342313935 -0.2077828589033096 0.0005019006494917498 5.439302199759634e-06 -2.964934187265833e-07 5.439302199759667e-06 0.0005125626482489759 1.4066790056084196e-07 -2.9649341872658083e-07 1.4066790056084307e-07 0.0005151648054984488
1657569752.5475075 -145.45198962854485 46.89565012834538 -0.2073255722758068 0.0036584080593196123 6.021315237706577e-05 -1.963798257044425e-06 6.021315237706564e-05 0.003784737608968294 9.156023352161608e-07 -1.9637982570444397e-06 9.156023352161555e-07 0.003810028352313089
1657569752.7475076 -145.25524487649363 46.80576273347915 -0.2069178772485074 0.0040635905973890624 8.194906648537212e-05 -2.650586678784855e-06 8.194906648537166e-05 0.004236521485201291 1.1127576924054664e-06 -2.650586678784826e-06 1.1127576924054952e-06 0.004269959633580483
1657569752.9475076 -145.05776236457905 46.7155508624925 -0.20646868408984817 0.0009422835141383845 1.3984042453767124e-05 -5.124785047085251e-07 1.3984042453766358e-05 0.0009710563645148513 1.9016420179720115e-07 -5.124785047086386e-07 1.9016420179721195e-07 0.0009769012202454986
1657569753.1475077 -144.85816930847446 46.62337513351065 -0.20587175943585106 0.0003455671409306391 2.5630263934462498e-06 -1.191909303683428e-07 2.5630263934462354e-06 0.00035044069524337604 3.8399881929129496e-08 -1.1919093036834744e-07 3.839988192912938e-08 0.0003516088213680857
1657569753.3475077 -144.65670298206484 46.52788231986073 -0.20495474355817694 0.0004977988224745515 3.976260684581558e-06 -8.973572784034066e-08 3.976260684581295e-06 0.0005057127132392977 4.436741193604046e-08 -8.973572784033231e-08 4.436741193604899e-08 0.0005074584040411479
1657569753.5475078 -144.45567540955957 46.42793479155811 -0.20349531775939447 0.0002936390461083478 1.2875397177199513e-06 1.2172282773222194e-09 1.2875397177199277e-06 0.0002957928446221878 1.1836074632969148e-08 1.2172282773230693e-09 1.1836074632967159e-08 0.0002965499658018697
1657569753.7475078 -144.25589797890046 46.32575715863421 -0.2017302294784212 0.00047147502729072367 3.3353496527598527e-06 -1.9605449663781355e-07 3.3353496527599353e-06 0.0004772255431499385 7.113782617795384e-08 -1.9605449663779187e-07 7.113782617795315e-08 0.00047917790878657096
1657569753.9475079 -144.05612689854274 46.22757396427697 -0.20049515479933988 0.00029002738041811687 1.1537296777490004e-06 -1.355997379778112e-07 1.153729677749011e-06 0.0002916005648245878 2.441750866271553e-08 -1.3559973797781033e-07 2.4417508662716688e-08 0.00029255357922870556
1657569754.147508 -143.85585774125803 46.133332452284776 -0.2000923279998579 0.0004693392668753743 3.1639339777563164e-06 -2.663744318943168e-07 3.163933977756327e-06 0.00047524313580517215 3.732765706616604e-08 -2.6637443189431465e-07 3.7327657066166635e-08 0.0004773360970276766
1657569754.347508 -143.65561304888809 46.03520815447855 -0.20019782475524012 0.00028930916397427396 1.2978228664353883e-06 -2.0889748811357562e-07 1.2978228664353817e-06 0.0002910510785335054 4.774363097610435e-10 -2.0889748811357427e-07 4.774363097581408e-10 0.00029218894508310984
1657569754.547508 -143.4563353008777 45.93219098880926 -0.20059061166568132 0.00046870435837188866 3.4726544354641357e-06 -1.439668166267285e-07 3.4726544354641467e-06 0.00047479067941114594 7.45688805306054e-08 -1.4396681662672037e-07 7.456888053059656e-08 0.0004766308679706311
1657569754.747508 -143.25938458879202 45.832087209895015 -0.20124030812115015 0.0002895199592969948 1.3591512439219275e-06 -7.667155997630267e-08 1.3591512439219205e-06 0.0002915733578105198 7.707707991400439e-08 -7.667155997630157e-08 7.707707991400299e-08 0.0002921861390588721
1657569754.947508 -143.06514639570474 45.73695587716771 -0.20212878638262693 0.00046841772715277847 3.021980114047949e-06 -7.04962958479533e-08 3.0219801140479926e-06 0.0004742775440544393 6.329116998794036e-08 -7.049629584794971e-08 6.329116998794793e-08 0.00047586252334342477
1657569755.1475081 -142.8727046862811 45.64118909536061 -0.20323218860980657 0.000289534036657473 1.1303394627801493e-06 -1.9682273069309283e-08 1.1303394627801476e-06 0.0002913983099969835 4.9192389712091867e-08 -1.9682273069309793e-08 4.9192389712089603e-08 0.00029211059837773077
1657569755.3475082 -142.67984681290363 45.54204238189607 -0.20445943541046976 0.00046880296019971937 3.015879458476797e-06 -1.8251238505980453e-07 3.015879458476866e-06 0.0004741957389276278 -4.2067086882103456e-08 -1.8251238505983105e-07 -4.206708688208045e-08 0.0004758658307771469
1657569755.5475082 -142.48295637974576 45.44080709367315 -0.2055993742782201 0.0002900866846363791 1.1946489377787372e-06 -1.8245356749668937e-07 1.1946489377787436e-06 0.0002916413176451045 -6.391251876360899e-08 -1.8245356749669048e-07 -6.391251876361083e-08 0.0002925251041187485
1657569755.7475083 -142.28140198128375 45.33793882639122 -0.20615879061670478 0.0004703142107889149 3.2635153131561435e-06 -1.2522083325812713e-07 3.2635153131560672e-06 0.0004763710830896229 2.1212999651060664e-08 -1.2522083325813237e-07 2.1212999651061478e-08 0.00047776086053452475
1657569755.9475083 -142.07840751178068 45.23257782582227 -0.20529846346834732 0.0002886575418767229 1.274363605066078e-06 -9.29887766616382e-08 1.2743636050661118e-06 0.00029041661333281985 9.728013145293117e-09 -9.298877666163624e-08 9.72801314529629e-09 0.0002909521987145107
1657569756.1475084 -141.877399568378 45.125402775158754 -0.203380568823203 0.00047088975598086254 3.299799249428223e-06 -2.2603693744523036e-07 3.2997992494282186e-06 0.0004771817428993507 7.171896502923516e-08 -2.260369374452208e-07 7.171896502923901e-08 0.00047863674784786876
1657569756.3475084 -141.68166775982812 45.01902340019795 -0.2022802003747338 0.00028690687116683867 1.0604661223039787e-06 -1.0813230470335037e-07 1.0604661223039821e-06 0.00028874931825704624 2.124831664845302e-08 -1.0813230470334893e-07 2.124831664845315e-08 0.00028934072551767287
1657569756.5475085 -141.49049462216385 44.9156914118424 -0.20301945462334856 0.00046318565445009646 3.023771241226374e-06 -3.068659194588236e-08 3.0237712412263458e-06 0.00046877951359375304 1.180188774339774e-07 -3.0686591945910426e-08 1.180188774339556e-07 0.00047028555029161753
1657569756.7475085 -141.29824616820505 44.81691373225683 -0.20554065682731978 0.00029605626140345753 1.1428374086920946e-06 6.540197346664055e-08 1.1428374086920997e-06 0.00029791962952906105 1.3162202759724159e-07 6.540197346664452e-08 1.3162202759724394e-07 0.00029868167940175737
1657569756.9475086 -141.1024210149312 44.72000711008974 -0.20892798395016499 0.00048090332730067926 3.0128395087697877e-06 -9.363726337936346e-08 3.012839508769791e-06 0.0004871813246839717 1.261128331155247e-07 -9.363726337937127e-08 1.2611283311549952e-07 0.0004888748599465246
1657569757.1475086 -140.90482984161363 44.617320993430475 -0.21130878782291176 0.00028133048715518695 1.1803830774850956e-06 -1.365635450711515e-07 1.1803830774850935e-06 0.00028311034811203127 9.663480397349003e-08 -1.3656354507115706e-07 9.663480397348593e-08 0.00028394509817882295
1657569757.3475087 -140.70782290438825 44.50723465563839 -0.21194316209477587 0.00047783566562068733 3.3137949826856005e-06 -3.1554094052605043e-08 3.313794982685632e-06 0.00048433142118298303 1.2409629126389524e-08 -3.155409405260432e-08 1.2409629126384864e-08 0.00048596043351060704
1657569757.5475087 -140.51413280086288 44.39569334021037 -0.21152781127741946 0.00027904950864590677 1.1485041414745608e-06 3.681273934086854e-08 1.1485041414745718e-06 0.00028095593905154924 -4.796461535768734e-08 3.681273934086558e-08 -4.796461535768975e-08 0.00028152171997503875
1657569757.7475088 -140.32515159424258 44.28462591458391 -0.21118935430880492 0.0004696815552100147 3.260081489625714e-06 -1.70866912137312e-07 3.260081489625669e-06 0.0004758210988835813 -3.737101375684631e-08 -1.7086691213730403e-07 -3.7371013756860214e-08 0.000477243727537183
1657569757.9475088 -140.1406382098029 44.17015414939454 -0.21245901110643736 0.00028604308142010946 1.3174344079787898e-06 -9.802227038431498e-08 1.3174344079788047e-06 0.0002880905899509721 -6.875459929427086e-08 -9.80222703843071e-08 -6.875459929427065e-08 0.00028867854748490924
1657569758.1475089 -139.9579787709796 44.05124418553269 -0.21528347709976028 0.00047297612711620537 3.3008398976396628e-06 -1.044038808896392e-07 3.300839897639727e-06 0.00047837076492267743 -1.6295573462281788e-07 -1.0440388088965337e-07 -1.6295573462285407e-07 0.0004802424134474933
1657569758.347509 -139.7717558753193 43.93081665895817 -0.21768911451866474 0.0002842448901232598 1.2494077382535656e-06 -8.327000227454568e-08 1.2494077382535686e-06 0.00028578414438719916 -1.1835887854007607e-07 -8.327000227454766e-08 -1.1835887854007958e-07 0.0002867034717560578
1657569758.547509 -139.5818819943165 43.80979044010682 -0.21878261470236787 0.0004650304120583373 3.2372421143298247e-06 -5.832490701723979e-08 3.2372421143297493e-06 0.0004706763872480756 -3.238650254136233e-08 -5.8324907017231815e-08 -3.2386502541356026e-08 0.0004724853666839295
1657569758.747509 -139.39498956060388 43.68662868248987 -0.2191184782097208 0.00029163270856808377 1.2171748085433162e-06 2.8520917081924865e-09 1.2171748085433139e-06 0.00029316298245541457 1.4726954132812438e-09 2.8520917081938244e-09 1.472695413283098e-09 0.0002940258429045047
1657569758.947509 -139.2131752818351 43.56255107112733 -0.2193875647989685 0.0004667966394971561 3.3728595349922685e-06 -4.631949392935465e-08 3.3728595349922672e-06 0.00047225975257345775 5.613358790259713e-10 -4.6319493929357913e-08 5.613358790200047e-10 0.00047409985433204
1657569759.147509 -139.0323355769936 43.44221576490144 -0.2203243985462781 0.0002915244463978345 1.3265913403183784e-06 6.868271620203989e-09 1.3265913403183714e-06 0.0002932791980981987 -1.9175348793694776e-08 6.868271620204124e-09 -1.9175348793692338e-08 0.00029400997555149714
1657569759.3475091 -138.8498411501158 43.32510067912272 -0.2218717756345479 0.000466823028821286 3.1677032675372724e-06 -3.6478248850955944e-08 3.167703267537333e-06 0.00047213076066605306 7.420433856392828e-08 -3.647824885094994e-08 7.4204338563932e-08 0.00047373827789929014
1657569759.5475092 -138.66531051816352 43.20433776400437 -0.22302858870678283 0.0002918914655446833 1.3629324580298565e-06 -2.562016085073047e-08 1.3629324580298612e-06 0.00029340875609491513 6.350099385105983e-08 -2.562016085073204e-08 6.350099385105631e-08 0.00029411304505672054
1657569759.7475092 -138.47900707952664 43.07763987345509 -0.2231659028954767 0.0004667856161242765 3.2679157943549974e-06 -9.768614466538719e-08 3.2679157943550826e-06 0.00047252288097000773 -3.396018847720171e-08 -9.768614466539536e-08 -3.3960188477216504e-08 0.0004741089341958932
1657569759.9475093 -138.29182116256405 42.948778309352114 -0.22220553710187796 0.0002917177449878265 1.2154313836972835e-06 -7.05388899534517e-08 1.2154313836972871e-06 0.0002935169566731852 -6.030673727240313e-08 -7.05388899534549e-08 -6.030673727240532e-08 0.0002941780413982324
1657569760.1475093 -138.10491794402026 42.8204816162463 -0.2208217599113617 0.000465914202369582 3.4022983483330203e-06 -2.43470358853751e-07 3.402298348333036e-06 0.00047191165116691676 4.271063207997669e-08 -2.434703588537246e-07 4.2710632079980014e-08 0.0004734309030043498
1657569760.3475094 -137.91972931189062 42.6936729786898 -0.22059459248974272 0.0002923001475566474 1.3210913102567668e-06 -1.584551972743703e-07 1.3210913102568007e-06 0.0002941809012087411 9.167781190245513e-09 -1.5845519727437028e-07 9.167781190242772e-09 0.00029484932509612024
1657569760.5475094 -137.736544631359 42.566893029248355 -0.22198487054869742 0.0004656224668047635 3.1519373211009566e-06 -1.6666275141077592e-07 3.1519373211010134e-06 0.00047118757106183787 -2.5694839414085516e-09 -1.6666275141080374e-07 -2.5694839414266767e-09 0.00047276686687442604
1657569760.7475095 -137.55424099954354 42.43593777920835 -0.22413024351126634 0.00029345489923018967 1.205343922753417e-06 -1.245850041794782e-07 1.205343922753381e-06 0.00029497514304628895 -4.173980369832492e-08 -1.245850041794812e-07 -4.173980369832591e-08 0.0002957863115896388
1657569760.9475095 -137.37176329660113 42.299651720197495 -0.22623599569982164 0.00046613130089675716 3.4762662762505194e-06 -1.3924975972350143e-07 3.4762662762504555e-06 0.0004718136523577758 -1.4840274060657881e-08 -1.392497597235113e-07 -1.4840274060666353e-08 0.0004734581464461803
1657569761.1475096 -137.18827820181426 42.160789220174244 -0.22772398542311187 0.0002943140316268684 1.4028950359338498e-06 -1.3146273583054665e-07 1.4028950359338865e-06 0.00029612578081065496 -1.6648408910073178e-08 -1.314627358305439e-07 -1.6648408910071087e-08 0.00029680511093581617
1657569761.3475096 -137.00500080045677 42.020949512635596 -0.22889613697791727 0.00047092247094464773 3.8121243098609606e-06 -1.7205560078769013e-07 3.812124309860869e-06 0.0004769483145621877 -1.696478387028139e-08 -1.720556007876817e-07 -1.6964783870280187e-08 0.00047887364520403375
1657569761.5475097 -136.82543060639165 41.88023655770124 -0.2310885546905872 0.0003092441104827421 1.7649101402018738e-06 -1.114679450072199e-07 1.7649101402018814e-06 0.0003114883384857015 -4.008824422564015e-08 -1.1146794500721311e-07 -4.008824422563817e-08 0.0003125332233836577
1657569761.7475097 -136.64943376925478 41.7396893785556 -0.23462779690648716 0.0005470792876132304 6.626597433834501e-06 -1.1934579076706633e-07 6.6265974338344415e-06 0.000557517628037568 -7.015834366201493e-08 -1.1934579076705784e-07 -7.015834366200831e-08 0.0005609151323768645
1657569761.9475098 -136.47206612552668 41.6018523147576 -0.23859826873010714 0.0005249253693168528 6.967781192280295e-06 -2.0804780198284084e-07 6.967781192280247e-06 0.0005360994604005746 -7.966674541348764e-08 -2.0804780198283428e-07 -7.966674541349615e-08 0.0005396533597864955
1657569762.1475098 -136.29076323116695 41.46795752575071 -0.24243474855452096 0.003935876131390352 7.928135900909986e-05 -1.048596162076714e-06 7.928135900909989e-05 0.004083653711253968 -3.323981002768016e-08 -1.0485961620767116e-06 -3.323981002772529e-08 0.004119899616262182
1657569762.3475099 -136.10589942671322 41.33793251324868 -0.24605722493854404 0.00465244071000035 0.0001271635533711994 -1.6377233207301266e-06 0.00012716355337120017 0.004890735551456634 3.1091706079122524e-07 -1.6377233207299835e-06 3.1091706079117833e-07 0.0049473325999726675
1657569762.54751 -135.91812507343778 41.21149620896117 -0.24942455471540365 0.001200623543300451 3.157135299096391e-05 -5.097742574797008e-07 3.157135299096381e-05 0.0012584355542461262 5.987507403049692e-08 -5.097742574794419e-07 5.987507403067494e-08 0.001272645689560734
1657569762.74751 -135.72822343668975 41.08815175692658 -0.25252218933929155 0.0006755368122871723 1.3724436114900294e-05 -3.6324673409851675e-07 1.3724436114900223e-05 0.0007009001396787697 -2.1185751215068635e-08 -3.6324673409857985e-07 -2.1185751215119755e-08 0.0007071585362645952
1657569762.94751 -135.53693119477427 40.96680303905426 -0.25561778617648956 0.004268957554473153 0.00010279655029890436 -2.5626872122768974e-06 0.00010279655029890422 0.004474406153490071 -1.5716808209093044e-07 -2.562687212276795e-06 -1.571680820908964e-07 0.004519215508859677
1657569763.14751 -135.3449850118885 40.84551994287815 -0.2593002971072697 0.004395397958559105 0.00011489765379687224 -3.1481987942111093e-06 0.00011489765379687255 0.004627305624294426 -4.989080152203873e-07 -3.1481987942111135e-06 -4.989080152202962e-07 0.004677963665424576
1657569763.34751 -135.15317193344484 40.722212207486685 -0.26419568908479385 0.0009652056367535123 1.6966436817687686e-05 -4.775748351079119e-07 1.6966436817682492e-05 0.0009978794573318396 -2.9559641247328366e-07 -4.775748351081187e-07 -2.955964124733477e-07 0.0010061148709817427
1657569763.5475101 -134.96231627432266 40.59488665165283 -0.27090693943286936 0.00035558968870651853 3.064064502021044e-06 -3.507114664431467e-08 3.064064502021006e-06 0.0003605773418902886 -1.417178582660431e-07 -3.507114664430402e-08 -1.417178582660367e-07 0.0003623278987509229
1657569763.7475102 -134.77388780957125 40.46603194648623 -0.27884312494828173 0.0005021790410746249 4.821415356115046e-06 -1.5211951298053204e-08 4.821415356114914e-06 0.0005102931535003426 -1.0068973112794533e-07 -1.521195129806784e-08 -1.00689731127968e-07 0.0005126949338952642
1657569763.9475102 -134.59067057008068 40.34252234511562 -0.2861253615886718 0.00031247773740987657 1.834441834354851e-06 -1.4118691751711009e-08 1.8344418343548633e-06 0.00031505948174320546 8.884135585513866e-09 -1.4118691751714912e-08 8.884135585508724e-09 0.0003159531948516946
1657569764.1475103 -134.41265108427868 40.22564321932067 -0.2922007653939603 0.0005441848601173524 5.66877587089106e-06 1.079090568878857e-08 5.668775870890975e-06 0.0005543318562481666 -1.3195523893983502e-07 1.0790905688791547e-08 -1.3195523893982542e-07 0.0005568538018404994
1657569764.3475103 -134.23616790696263 40.109687342367444 -0.29805196348168866 0.0005109597921682043 5.766879899964276e-06 1.7030695467116774e-08 5.766879899964284e-06 0.0005207772621413324 -1.7531375527846797e-07 1.70306954671038e-08 -1.7531375527849098e-07 0.0005232883222205232
1657569764.5475104 -134.05895689013602 39.991346985317136 -0.3040275788993909 0.0036741773032063153 6.348249711055759e-05 2.5029312922638445e-07 6.348249711055731e-05 0.0037897166959557703 -4.387475567664089e-07 2.5029312922636693e-07 -4.387475567663918e-07 0.0038176257440841886
1657569764.7475104 -133.88081581453807 39.87073293783522 -0.30947342303261277 0.004061932225893166 8.56576041632608e-05 3.655646843331091e-07 8.565760416326038e-05 0.004218204714869536 -2.6786629112567456e-07 3.655646843331025e-07 -2.67866291125759e-07 0.00425572783477584
1657569764.9475105 -133.7016454673575 39.748207820834736 -0.3136396673789571 0.0009319824114889244 1.3979049572092605e-05 -7.052532493676804e-08 1.3979049572089768e-05 0.000956692248079897 7.561236140802797e-08 -7.052532493710704e-08 7.561236140745207e-08 0.0009628878841207666
1657569765.1475105 -133.521313202598 39.62422123339492 -0.3157943692396851 0.00035057498207031004 2.5065599627030023e-06 -1.211019800387232e-07 2.506559962702924e-06 0.00035451596518298265 8.946588336488004e-08 -1.2110198003871274e-07 8.946588336489257e-08 0.00035569969510262705
1657569765.3475106 -133.33963735759176 39.500407511826616 -0.31617017026111327 0.0004937031448472902 4.019320204929117e-06 -1.8185563249348454e-07 4.0193202049292636e-06 0.0005003940260358658 1.0563441529555215e-07 -1.818556324934658e-07 1.0563441529552892e-07 0.0005022912884418638
1657569765.5475106 -133.15631723584252 39.379852362048744 -0.3158748994534043 0.0002977567681809838 1.2408055071960795e-06 -1.3987302337575877e-07 1.2408055071960657e-06 0.0002995280214197791 6.374958289049736e-08 -1.3987302337575713e-07 6.374958289049985e-08 0.00030017942399794453
1657569765.7475107 -132.97177106319242 39.26223754006312 -0.31544406116338414 0.0004670314092768777 3.204144587758272e-06 -1.194623458961919e-07 3.2041445877583626e-06 0.0004723708158363531 1.3428376788720914e-07 -1.194623458961923e-07 1.3428376788720207e-07 0.0004738765481271977
1657569765.9475107 -132.78724444538247 39.14300073135134 -0.3147721739194232 0.0002941310749973489 1.3168645794916747e-06 -3.038390967831038e-08 1.3168645794916518e-06 0.00029553629404541985 1.0359825513442943e-07 -3.0383909678311214e-08 1.0359825513442544e-07 0.00029621226875002914
1657569766.1475108 -132.60265513721157 39.0191578113891 -0.3138604730510553 0.0004652595169101011 3.352826992181846e-06 -1.9974112875309922e-07 3.3528269921818736e-06 0.00047041171467653915 9.03206192475517e-08 -1.9974112875310412e-07 9.03206192475621e-08 0.00047196999356663514
1657569766.3475108 -132.41637389560904 38.88986420242078 -0.3129824016655737 0.0002939724847493602 1.4367790900393944e-06 -1.3559265819971435e-07 1.4367790900393933e-06 0.0002953891019857596 4.751440714071147e-08 -1.3559265819971244e-07 4.751440714071277e-08 0.0002961675164871621
1657569766.5475109 -132.2273733515985 38.75718441228279 -0.31229770501845683 0.0004654250173985646 3.7895797674393756e-06 -8.717919796657753e-08 3.7895797674393904e-06 0.00047091737128650155 3.394538503108584e-08 -8.71791979665727e-08 3.3945385031074235e-08 0.000472783403296721
1657569766.747511 -132.03561491399435 38.62649724283449 -0.3119046165719297 0.00029389320026372464 1.5131871979997566e-06 -1.7655185639561754e-09 1.5131871979997477e-06 0.0002955973917895368 -6.6321549638008815e-09 -1.765518563955993e-09 -6.632154963800902e-09 0.0002963868119507378
1657569766.947511 -131.8454596768462 38.50008516406133 -0.31221421990665565 0.0004653837146608019 3.4590866988679698e-06 -1.2969733184793936e-07 3.459086698867913e-06 0.0004713516289883141 1.1227045986595715e-08 -1.2969733184793671e-07 1.1227045986603269e-08 0.0004732325272395194
1657569767.147511 -131.66627399755683 38.37626647421337 -0.3141240944394413 0.0002935516608810255 1.2325940866078927e-06 -2.123226623119722e-08 1.2325940866078935e-06 0.00029512892693695864 -1.6742745380096775e-08 -2.1232266231196617e-08 -1.6742745380098473e-08 0.000295967655010138
1657569767.347511 -131.49822053564648 38.25321213973688 -0.3180960855672155 0.00046537914143300043 3.180149627824242e-06 5.5567039766363647e-08 3.180149627824306e-06 0.0004699257384251541 -3.0608539388334955e-08 5.55670397663766e-08 -3.06085393883577e-08 0.0004714613623557651
1657569767.547511 -131.32993021343293 38.129100975926754 -0.32397765249784 0.0002935321059669435 1.2745658497289393e-06 5.125776690153411e-08 1.274565849728959e-06 0.000294776435625587 -4.699074987290874e-08 5.125776690153218e-08 -4.699074987291744e-08 0.000295293299154352
1657569767.7475111 -131.1546508061164 38.0043413798606 -0.32996206482715107 0.00046520584951794286 3.2048785650356047e-06 7.499535865573713e-08 3.2048785650354908e-06 0.0004698173469564523 -9.837783473499287e-08 7.499535865576892e-08 -9.837783473496428e-08 0.000471408332510366
1657569767.9475112 -130.9722185632203 37.88222195225015 -0.33218612304325373 0.00029361326753429086 1.1789378598277721e-06 -9.367809871931377e-08 1.1789378598277304e-06 0.00029502849837216745 -5.763500827661793e-08 -9.367809871931032e-08 -5.7635008276648996e-08 0.000295857331586393
1657569768.1475112 -130.7875909124155 37.76235991956517 -0.3301713208059158 0.00046518214116652277 3.1302353338523776e-06 -1.3337054560453845e-07 3.1302353338522785e-06 0.00047066056542487047 -9.889897308767312e-08 -1.3337054560456596e-07 -9.889897308772485e-08 0.000472749940056932
1657569768.3475113 -130.61107127298368 37.639815368695125 -0.3275942559740089 0.0002936141389438838 1.1925763992715942e-06 4.083930820074083e-08 1.1925763992715982e-06 0.0002951251753223614 1.504799987522802e-08 4.0839308200737694e-08 1.5047999875234608e-08 0.0002964237548008654
1657569768.5475113 -130.44166912124746 37.51427143212272 -0.32668278370632386 0.00046548746048514405 2.905487555199313e-06 -1.175184445376628e-07 2.9054875551992304e-06 0.0004699154131385262 2.4539584795709262e-08 -1.1751844453765966e-07 2.4539584795690326e-08 0.0004726369133442574
1657569768.7475114 -130.26451445425812 37.39112708132447 -0.3274704252140761 0.0002938377345465608 1.0200196946867485e-06 -2.95019097850533e-08 1.020019694686718e-06 0.00029524550369143646 9.730144877726234e-08 -2.9501909785046797e-08 9.730144877726617e-08 0.0002964946164150837
1657569768.9475114 -130.07609269532853 37.27136925059409 -0.32821958188955264 0.00046497180308011316 3.1580198165196238e-06 9.770824468557063e-08 3.158019816519658e-06 0.00047074242988467925 2.1011981058122996e-07 9.770824468557885e-08 2.1011981058125154e-07 0.0004729872530282863
1657569769.1475115 -129.8876188962104 37.1503068889093 -0.32545480203706484 0.00029343099012555426 1.3153905895975754e-06 -4.624166521907644e-09 1.3153905895975697e-06 0.00029526016243342694 1.608363558339674e-07 -4.624166521913791e-09 1.608363558339521e-07 0.00029619204706315646
1657569769.3475115 -129.70446488514963 37.027000647605306 -0.3194186378707028 0.00046516060918899206 3.309192325764628e-06 -9.48888215438469e-08 3.3091923257647365e-06 0.0004704256277106547 2.914406730122895e-07 -9.488882154384708e-08 2.9144067301223727e-07 0.00047231542972125387
1657569769.5475116 -129.52380320523525 36.905226627853544 -0.31483697235112756 0.00029370246972303506 1.2943035437907742e-06 -2.44956727152022e-08 1.2943035437907746e-06 0.0002951559674633452 1.2383217705395073e-07 -2.4495672715195807e-08 1.2383217705396248e-07 0.00029602942589650525
1657569769.7475116 -129.34255165549052 36.78392881694266 -0.3134691213738892 0.00046608346238961537 3.332629608911201e-06 -5.749575296673406e-08 3.3326296089110842e-06 0.00047098686592258717 1.0447253426974928e-07 -5.749575296675262e-08 1.0447253426974267e-07 0.0004728124194067947
1657569769.9475117 -129.1581823551723 36.65572564179683 -0.3133511122136475 0.0002932245634242269 1.4710593486385001e-06 -3.60883516038801e-08 1.4710593486384641e-06 0.0002944877469794457 2.2801463119681913e-08 -3.6088351603877126e-08 2.2801463119680894e-08 0.0002954288831704562
1657569770.1475117 -128.9723137442584 36.51864927144212 -0.3125736774236164 0.00046623717554770776 3.792416858424766e-06 -5.120531294559532e-09 3.7924168584247123e-06 0.00047139334749833823 -2.2902040055788545e-09 -5.1205312945782475e-09 -2.2902040055963883e-09 0.00047336329321047465
1657569770.3475118 -128.79155754412608 36.37777687946465 -0.3096367235345004 0.0002931915822321967 1.4710931785634995e-06 -3.6371377260611934e-08 1.471093178563476e-06 0.0002943411807537208 7.855506564134399e-09 -3.637137726061527e-08 7.85550656413039e-09 0.00029520040052727125
1657569770.5475118 -128.61914384754235 36.23612843495943 -0.3057809104194234 0.00046651325069664486 3.938771912144248e-06 -1.8138748432548744e-07 3.93877191214421e-06 0.00047071768948551425 -1.4200434325952299e-07 -1.8138748432548177e-07 -1.4200434325952262e-07 0.0004731028523901405
1657569770.7475119 -128.45335833194804 36.094016933628986 -0.3054632758830699 0.0002932288283120306 1.4553856411121653e-06 -1.2864695206852765e-07 1.4553856411121412e-06 0.0002941768405483624 -2.5551916508128053e-07 -1.2864695206852225e-07 -2.555191650812817e-07 0.00029560553367901054
1657569770.947512 -128.2867642699308 35.95575205272686 -0.308930437587643 0.000466989939792674 3.5423314794296366e-06 -2.056153015575201e-07 3.5423314794295057e-06 0.0004702680949912222 -4.921385651685494e-07 -2.0561530155751747e-07 -4.921385651685317e-07 0.00047417297033371656
1657569771.147512 -128.105108730383 35.831515979867866 -0.31112067044128716 0.00029341527061551827 1.1285567775915976e-06 -1.70024655266492e-07 1.1285567775915923e-06 0.0002944600966637055 -2.1415814201263248e-07 -1.70024655266516e-07 -2.1415814201262375e-07 0.0002966793901280413
1657569771.347512 -127.90624693572349 35.72187238692893 -0.3096827375346129 0.0004661510610259224 3.0127332764420677e-06 2.3521789125308062e-08 3.0127332764420754e-06 0.0004712939219179456 -1.8295066423726336e-07 2.3521789125305315e-08 -1.829506642372741e-07 0.00047459394918979603
1657569771.547512 -127.70209270183389 35.6153611218064 -0.3060770782329323 0.0002934445829408529 1.141091350793715e-06 1.018933825125223e-07 1.141091350793723e-06 0.00029468754393690877 -1.9660965804284748e-08 1.0189338251251667e-07 -1.966096580430672e-08 0.00029586430000500317
1657569771.747512 -127.50126813585956 35.507564927667005 -0.30249107662053304 0.000465638253147063 3.3427994258977884e-06 -1.353552218734768e-07 3.3427994258977164e-06 0.0004714680671330939 1.3464032035000126e-07 -1.3535522187345978e-07 1.3464032035001642e-07 0.00047328289076527193
1657569771.9475121 -127.30778515328757 35.40345838334846 -0.30158808361682804 0.00029306226943502623 1.2361572634663837e-06 -7.603012738160372e-08 1.2361572634663471e-06 0.0002945769414373557 6.423435689157212e-08 -7.603012738159657e-08 6.42343568915819e-08 0.0002952894644499516
1657569772.1475122 -127.11965767194958 35.30391574785836 -0.30391810738293445 0.0004656665454553735 3.061402930543284e-06 1.1484699716869627e-07 3.0614029305431966e-06 0.00047054241690461403 -3.4679375674770586e-08 1.1484699716868916e-07 -3.4679375674789366e-08 0.0004719906495322485
1657569772.3475122 -126.92805079737728 35.20377585185165 -0.30759329092370313 0.00029337394736943554 1.1998332139458533e-06 1.0940271769115606e-07 1.1998332139459488e-06 0.00029458070076082373 -4.947573693027402e-08 1.0940271769115249e-07 -4.9475736930275356e-08 0.00029523830211859736
1657569772.5475123 -126.72898249724227 35.1005884795317 -0.3105309087560417 0.00046676737274643543 3.2714779827385267e-06 1.369924503035162e-07 3.2714779827383306e-06 0.00047175972868348273 -3.8310539334934814e-08 1.3699245030350994e-07 -3.8310539334975405e-08 0.00047333600321224653
1657569772.7475123 -126.52522428844087 34.99534179230125 -0.3105387823077631 0.0002927036458445352 1.2791881226616169e-06 -1.956201085129865e-09 1.2791881226616137e-06 0.00029382042286152144 2.6648580475604157e-08 -1.9562010851308998e-09 2.664858047560467e-08 0.00029455924425747114
1657569772.9475124 -126.32029652844167 34.8893194231219 -0.30782610837359986 0.00046670478694233093 3.740059354356213e-06 -8.99346255835612e-08 3.7400593543562834e-06 0.0004720824560042848 -1.4484430988037446e-08 -8.993462558354663e-08 -1.4484430988017021e-08 0.00047382764175713866
1657569773.1475124 -126.11808625935151 34.78372814077293 -0.30544682211482416 0.00029264482514578774 1.5359460692743306e-06 -4.789207952568957e-08 1.535946069274312e-06 0.0002938737930241452 -2.8440551509627612e-08 -4.789207952568064e-08 -2.8440551509612465e-08 0.0002946956449853238
1657569773.3475125 -125.91846239209451 34.67960928222323 -0.30503776617673894 0.00046721127368104054 3.6182095195401574e-06 2.146107262252146e-08 3.618209519540087e-06 0.0004723512810174184 -1.9746615889108718e-08 2.1461072622525428e-08 -1.9746615889100125e-08 0.00047424199686083783
1657569773.5475125 -125.71645170287738 34.57772287149176 -0.306393007557852 0.00029329966012705676 1.4295977913416607e-06 6.308735594368108e-08 1.4295977913416477e-06 0.0002946946994253084 -1.4043471370601915e-08 6.30873559436775e-08 -1.4043471370593678e-08 0.00029556445975482276
1657569773.7475126 -125.51097788395641 34.47771417324427 -0.30860613748436166 0.00047220831366917104 3.713413569004769e-06 7.683714917022673e-08 3.713413569004917e-06 0.00047798663930434385 3.4458521871718055e-08 7.683714917023028e-08 3.445852187172982e-08 0.0004797868349762006
1657569773.9475126 -125.30607994074775 34.37785541791799 -0.3101516440181725 0.00030649174063826425 1.6917608188005971e-06 -7.384112481323507e-09 1.6917608188006338e-06 0.00030843057539978245 6.275722250438747e-08 -7.384112481325774e-09 6.2757222504385e-08 0.0003093071304914126
1657569774.1475127 -125.10382593165264 34.27783049139206 -0.31087313495080654 0.0005434565074844512 6.258893908140269e-06 8.159337349771366e-08 6.258893908140223e-06 0.0005535311023673963 -2.0771688973551776e-08 8.159337349768391e-08 -2.0771688973541244e-08 0.0005564871754513035
1657569774.3475127 -124.90353461828643 34.179025575211504 -0.31226662361002566 0.0005080389839922452 6.2843538864539065e-06 9.930414136846543e-08 6.284353886453891e-06 0.000517436928429797 -7.947064801841658e-08 9.930414136845206e-08 -7.947064801842841e-08 0.0005204859932264949
1657569774.5475128 -124.7043261308247 34.08182301248371 -0.31489962589506115 0.0036721507430941148 6.928407999967046e-05 2.1025649828180464e-06 6.928407999967049e-05 0.0037907010447587367 -5.070834801317301e-07 2.1025649828179465e-06 -5.070834801317503e-07 0.0038224245260166036
1657569774.7475128 -124.50529970754327 33.98516350179474 -0.3180831361457807 0.004069161190711425 9.436115827219735e-05 2.9655700101231403e-06 9.436115827219684e-05 0.004229572380739761 -5.39350016822755e-07 2.9655700101233867e-06 -5.393500168223422e-07 0.004273238288883496
1657569774.9475129 -124.30556302276221 33.88786649326043 -0.3209949381060714 0.0009370558962778155 1.5883556083336147e-05 6.631602661794735e-07 1.5883556083336764e-05 0.000962125706756865 6.884718707700192e-08 6.631602661796876e-07 6.884718707767985e-08 0.0009699003293287274
1657569775.147513 -124.10425367706195 33.788793119933175 -0.32278920758260043 0.0003490756194957399 2.927312023953715e-06 1.8696217061757065e-07 2.9273120239536774e-06 0.0003528241103570375 7.169986990404631e-08 1.8696217061756956e-07 7.169986990403473e-08 0.0003544644131933418
1657569775.347513 -123.90132312845644 33.689007083209304 -0.3235132204346291 0.0004952466664986539 4.56449549127613e-06 1.2665566535507295e-07 4.564495491276342e-06 0.000501801226631552 -2.8546085520556698e-08 1.2665566535508436e-07 -2.854608552059401e-08 0.000504291119072318
1657569775.547513 -123.69783732180315 33.592004480471225 -0.3240069584746914 0.00029655154602246063 1.4825768402462258e-06 6.836834519353709e-08 1.4825768402462266e-06 0.0002980009989388132 -4.865446838810619e-08 6.836834519353832e-08 -4.865446838809322e-08 0.0002990291275249541
1657569775.747513 -123.49528451133718 33.49788809720455 -0.3247828671528391 0.00046859615005460323 3.4034928119444176e-06 -1.4740271397988435e-08 3.4034928119447483e-06 0.00047373122193781683 7.095566348698681e-08 -1.4740271397983445e-08 7.095566348700888e-08 0.0004756431544268478
1657569775.947513 -123.29546774812978 33.402552684436486 -0.32595099310210346 0.0002927982759726333 1.1874378206384604e-06 -5.6397467013445396e-08 1.1874378206384556e-06 0.00029393183463935697 8.453133433209401e-08 -5.6397467013445105e-08 8.453133433209769e-08 0.0002947894424198799
1657569776.1475132 -123.09810375894003 33.30574161686338 -0.32750934006603605 0.00046705054406847413 3.4609186259414355e-06 6.549687104491602e-08 3.460918625941433e-06 0.00047139588504538127 -1.0245260601185876e-08 6.549687104490631e-08 -1.0245260601192148e-08 0.00047339933787459977
1657569776.3475132 -122.90038586727846 33.21206026902671 -0.3293610032115887 0.00029264934515379245 1.3464991939404311e-06 4.8368816116099195e-08 1.346499193940435e-06 0.0002934852092193704 -1.6202081929506743e-08 4.8368816116106176e-08 -1.6202081929503137e-08 0.00029435788403767583
1657569776.5475132 -122.70014390294935 33.1214582779377 -0.3312272263822536 0.00046669314369404225 3.433545709499218e-06 1.5151873814906983e-07 3.433545709499063e-06 0.00047132450046415386 -5.9235059441153476e-08 1.5151873814908942e-07 -5.923505944113994e-08 0.0004732689937057954
1657569776.7475133 -122.49618086292016 33.02796078573743 -0.33259812763969837 0.000292299627708723 1.4581458978682401e-06 9.197931893602578e-08 1.4581458978682516e-06 0.00029335598644613455 -5.2461540167636994e-08 9.197931893601943e-08 -5.246154016764177e-08 0.0002943117302967934
1657569776.9475133 -122.28973473074572 32.93051023996803 -0.3331611031297052 0.0004669410342630263 3.5979603176032916e-06 -7.638520434784021e-09 3.5979603176032696e-06 0.00047148114528202084 3.277409181725956e-09 -7.638520434779169e-09 3.277409181733859e-09 0.0004734343255239815
1657569777.1475134 -122.08499916771312 32.834391756851495 -0.3328577753748896 0.00029283686418985134 1.264617329898176e-06 -5.6417650988019256e-08 1.2646173298981884e-06 0.00029349446396801363 2.6301081140061753e-08 -5.6417650988022015e-08 2.630108114005604e-08 0.00029427544313132654
1657569777.3475134 -121.883936095711 32.742146140239086 -0.3323973829424802 0.0004665860406580786 3.48676301388689e-06 1.1483484513091277e-07 3.4867630138868454e-06 0.0004714559863097862 -4.319767149966585e-08 1.1483484513090149e-07 -4.319767149966237e-08 0.0004731076213193062
1657569777.5475135 -121.68546535928148 32.65242975767697 -0.33339550694941844 0.0002920779145561004 1.3409623740428246e-06 1.533018748784341e-07 1.3409623740428546e-06 0.0002932864622444874 -4.719332263632275e-08 1.5330187487843553e-07 -4.719332263631664e-08 0.0002939310057007356
1657569777.7475135 -121.48757072867224 32.56288076588266 -0.3359536849359248 0.00046648225953491027 3.399322833684079e-06 1.2408113679562551e-07 3.3993228336839727e-06 0.0004709239206567686 -9.215122037822149e-08 1.2408113679563118e-07 -9.215122037821512e-08 0.00047265428898611876
1657569777.9475136 -121.28738804956562 32.470230488747404 -0.33831276379602965 0.00029255294336147874 1.4174383672904443e-06 4.031799163304649e-08 1.4174383672904592e-06 0.00029342800132134574 -7.794723135550658e-08 4.031799163304594e-08 -7.794723135551121e-08 0.0002943144296866508
1657569778.1475136 -121.08405539298681 32.37501982599921 -0.3394508297006298 0.00046651157949579073 3.5201815755986917e-06 3.512001023038306e-08 3.5201815755985884e-06 0.0004712291125033121 -5.00674908471166e-08 3.5120010230392633e-08 -5.0067490847105215e-08 0.00047306863106718304
1657569778.3475137 -120.87927134037898 32.28237467254941 -0.3393578852582901 0.0002925683623869931 1.295687844919833e-06 -3.6022519104100706e-08 1.2956878449198849e-06 0.0002937589304155505 -3.499057948159207e-08 -3.602251910409807e-08 -3.499057948159397e-08 0.0002944814073812802
1657569778.5475137 -120.67408693658105 32.19313595867386 -0.3386658602606171 0.000466582082238555 3.3995979684242202e-06 1.1199397440754326e-08 3.3995979684242808e-06 0.0004713041366062273 -4.6057065938439096e-08 1.1199397440754599e-08 -4.605706593843154e-08 0.0004731995427487473
1657569778.7475138 -120.46857231997805 32.10262832143846 -0.3386816552883517 0.00029285273259444184 1.2843042332058694e-06 9.596189374366562e-09 1.2843042332058865e-06 0.00029369264968714807 -3.308794902040678e-08 9.596189374368007e-09 -3.3087949020402786e-08 0.0002945915771122625
1657569778.9475138 -120.264081012079 32.010861094994944 -0.3397872430042768 0.0004657827491054272 3.4931938802631313e-06 7.162672213611376e-08 3.493193880263207e-06 0.00047060942197249024 -7.928693573194346e-08 7.16267221361176e-08 -7.928693573193897e-08 0.00047237868174821455
1657569779.1475139 -120.06359219931643 31.923678571190102 -0.34126222650130983 0.000293399333963659 1.2951474869579703e-06 4.4968450467593865e-08 1.2951474869579775e-06 0.00029450150500646386 -5.532432163286733e-08 4.4968450467593984e-08 -5.53243216328698e-08 0.00029514477360679874
1657569779.347514 -119.86574871661811 31.841463969441318 -0.342826545248813 0.0004663765381325812 3.1638568095411526e-06 1.755519710312344e-07 3.163856809541132e-06 0.00047130038039712994 -1.0087829280127891e-07 1.7555197103123377e-07 -1.0087829280125546e-07 0.0004728899819206496
1657569779.547514 -119.66403041647678 31.757254572135373 -0.3447926870249395 0.0002947132807599026 1.3360741493352613e-06 1.326301337947293e-07 1.3360741493352736e-06 0.000296091751368745 -6.596559093475833e-08 1.3263013379473454e-07 -6.596559093475535e-08 0.0002968631762072176
1657569779.747514 -119.45832103372864 31.6678660160724 -0.3465895382149461 0.0004746905650771336 3.942498180845865e-06 2.2387290392125673e-07 3.9424981808456545e-06 0.00048089406883534676 -5.149382238850512e-08 2.2387290392125424e-07 -5.1493822388508285e-08 0.00048274168345897314
1657569779.947514 -119.25674666404824 31.574880019716602 -0.34652550355742506 0.00031637068798747434 2.8200105407681384e-06 1.4126532322942909e-07 2.820010540768137e-06 0.00031930018660993075 3.8951261199919834e-09 1.4126532322946903e-07 3.895126120108444e-09 0.0003209338435740574
1657569780.147514 -119.05928043356418 31.477268357747345 -0.3446530307469205 0.0005952383136142898 1.1863868218380875e-05 3.4512789359792156e-07 1.1863868218380829e-05 0.0006125846580523958 -9.169139244618292e-08 3.4512789359792103e-07 -9.169139244601383e-08 0.0006190854809165776
1657569780.3475142 -118.85576028197268 31.369682895201922 -0.3432088640647543 0.0006155529951929004 1.9445466216385987e-05 7.069368522447003e-07 1.9445466216385973e-05 0.0006417664150595177 -1.6072303222498456e-07 7.069368522448589e-07 -1.6072303222457415e-07 0.000653085850257146
1657569780.5475142 -118.64429155061346 31.251318082402708 -0.3433193133820162 0.006295006677054242 0.00030828889976630886 1.0674750616738383e-05 0.00030828889976631065 0.006736712016674187 -3.016507127841971e-06 1.0674750616738661e-05 -3.016507127841862e-06 0.0069166512173095
1657569780.7475142 -118.43412845448547 31.1274821304576 -0.34466176118730185 0.01264738328587225 0.0007810600427066986 2.876768086561732e-05 0.0007810600427066979 0.013827622228132141 -6.543756638767175e-06 2.8767680865617027e-05 -6.543756638767981e-06 0.01428244677706534
1657569780.9475143 -118.23508281999946 31.004131389787602 -0.34673577490021906 0.013355917914939482 0.0009165970423990457 3.7267444601669575e-05 0.0009165970423990464 0.01483869564780771 -3.3292739766846267e-06 3.72674446016704e-05 -3.3292739766834053e-06 0.01538956363588039
1657569781.1475143 -118.05675996625571 30.887555116205565 -0.34892247533276266 0.007688630069016039 0.0004895463877216582 2.524062464150098e-05 0.0004895463877216595 0.008538982822870415 3.0266044596090363e-06 2.5240624641501964e-05 3.0266044596097584e-06 0.008872149027005042
1657569781.3475144 -117.90852644598378 30.784405743772925 -0.3505054797542685 0.00126328738008319 5.688261428591981e-05 4.20564377236368e-06 5.688261428592227e-05 0.001367103251597192 1.2630971109215224e-06 4.205643772360417e-06 1.2630971109184532e-06 0.001418347239767097
1657569783.547515 -116.40939595706394 29.035829860361375 -0.3412616934863467 0.00041632908901228426 5.724540365764107e-06 -5.405289995939595e-08 5.72454036576441e-06 0.00043273128652445477 4.910105340250385e-07 -5.405289995940513e-08 4.910105340251146e-07 0.0004421357371879033
1657569783.747515 -116.32981690414277 28.834252495767007 -0.34051700893552755 0.0006230825547849357 1.1407284429593186e-05 -2.1217445201449274e-07 1.1407284429592869e-05 0.0006356875834606578 5.453447604856839e-07 -2.1217445201446097e-07 5.453447604855529e-07 0.0006503177699782048
1657569784.5475152 -116.05878416720098 28.000178514972294 -0.33147397904421905 0.0009445980095529529 1.9760088099283908e-05 -5.945232655827208e-07 1.9760088099284006e-05 0.0009487207330688172 5.355340130472275e-07 -5.945232655825947e-07 5.355340130472363e-07 0.0009664810720317236
1657569785.9475155 -115.63132956199108 26.45874005882215 -0.31644443164840047 0.0005144987856142014 8.905771935743227e-06 -2.2556688003605177e-07 8.9057719357432e-06 0.0005163577280093063 2.780945322467459e-07 -2.2556688003603907e-07 2.780945322467465e-07 0.000523933512195554
1657569786.3475156 -115.49330431497343 26.03483019781711 -0.3167809866201646 0.004115211376139243 0.0001212456006225593 -2.4955981006161396e-06 0.00012124560062255894 0.004179097325660398 2.1822971448620628e-06 -2.4955981006161654e-06 2.1822971448620873e-06 0.004272944412946594
1657569786.5475156 -115.41734913441847 25.830014509407516 -0.31804519462297914 0.0009417409483920356 2.0456565831639598e-05 -3.7158908888490504e-07 2.0456565831634475e-05 0.0009494054409828738 3.980866234110152e-07 -3.7158908888502437e-07 3.9808662341116e-07 0.0009657601019181957
1657569786.7475157 -115.33659034925917 25.62813208615594 -0.3199622427847853 0.0003526221870773196 3.7671533235733904e-06 -1.8107287234455544e-08 3.7671533235734336e-06 0.00035293190956273217 8.020693340408228e-08 -1.8107287234454806e-08 8.020693340407566e-08 0.0003561384020451525
1657569786.9475157 -115.25309522072733 25.426328155926637 -0.32207012750704805 0.0004965223685777016 5.578510699153597e-06 -2.0775188370993495e-08 5.578510699153501e-06 0.0004984268814329393 1.100967405928121e-07 -2.0775188370979387e-08 1.1009674059280324e-07 0.0005029091189051767
1657569787.1475158 -115.17134395836021 25.2200171982803 -0.3233345838855781 0.0002998395238081866 2.1610521905944023e-06 1.4616850481447316e-08 2.1610521905944184e-06 0.00029928453592370264 6.059541641268566e-08 1.461685048144667e-08 6.059541641268627e-08 0.0003012467193798761
1657569787.5475159 -115.0085955241061 24.78965082232802 -0.3232493742280295 0.00030948131986406347 2.578611311938671e-06 -7.336699307979813e-08 2.5786113119386275e-06 0.0003093082619591191 3.7046993442010566e-08 -7.336699307979975e-08 3.704699344200899e-08 0.0003114123456875009
1657569787.747516 -114.92291789193511 24.570350767533956 -0.32318292904438845 0.0005451833211549626 8.71441656319733e-06 -2.153511089232271e-07 8.714416563197322e-06 0.0005497702566017986 2.0160848197039105e-07 -2.1535110892327738e-07 2.0160848197039134e-07 0.0005564624046508253
1657569787.947516 -114.84110797411084 24.354525307097056 -0.323713219898514 0.000514389670249091 8.936968357865869e-06 -1.4691906594393568e-07 8.936968357865925e-06 0.0005178286265377772 2.099016724558606e-07 -1.4691906594393613e-07 2.099016724558502e-07 0.0005249620621061124
1657569788.547516 -114.61965794945479 23.72604116390062 -0.32974111456163113 0.0009413724781547128 2.0718639971587846e-05 -2.5209715168698573e-07 2.0718639971591333e-05 0.0009509398477303982 4.928071327937377e-07 -2.520971516874787e-07 4.928071327932608e-07 0.0009681123163220122
1657569788.7475162 -114.54169877120525 23.513058015448824 -0.3329517959913573 0.0003523938526605762 3.979723224661988e-06 2.195997040088326e-08 3.979723224661952e-06 0.00035330516062454355 1.6713489226160737e-07 2.195997040088497e-08 1.6713489226161383e-07 0.0003569153082750062
1657569788.9475162 -114.46157002191734 23.298823305147103 -0.3358041346135644 0.0004971482065184445 6.039461349601043e-06 7.075432125206769e-08 6.039461349600864e-06 0.00049895736961962 2.3970432016895947e-07 7.075432125209122e-08 2.3970432016897906e-07 0.0005043837459078723
1657569789.5475163 -114.24553538076113 22.703981492457334 -0.3363115754807417 0.0002896433565935474 1.8408348252879745e-06 2.364788886152567e-07 1.8408348252879014e-06 0.00028843145513143966 3.0914653617322615e-07 2.364788886152413e-07 3.091465361732245e-07 0.0002908905095067853
1657569789.7475164 -114.15984267738155 22.50950002523119 -0.3393602057275073 0.0004773937870831451 5.013236710012051e-06 2.2645375276823164e-07 5.013236710012062e-06 0.0004780673965035029 5.252580093374533e-07 2.264537527682636e-07 5.252580093374982e-07 0.00048354455710686723
1657569789.9475164 -114.07530586753745 22.305803105435793 -0.33970758138733864 0.0003260890374603474 4.010826075765805e-06 -1.307046186715295e-08 4.010826075765819e-06 0.0003252599046345699 4.1002966545649335e-07 -1.3070461867091297e-08 4.100296654565599e-07 0.0003297396756569432
1657569790.1475165 -113.9962900036558 22.093008540314408 -0.33595956106744396 0.0006340096579085328 1.837123818048011e-05 -6.161136470619958e-07 1.8371238180480293e-05 0.000640447717691745 9.959319219683418e-07 -6.161136470619831e-07 9.959319219684044e-07 0.0006571595839633643
1657569790.3475165 -113.91734788131296 21.879862737944894 -0.3311456835340628 0.0007760123410193098 3.5698982314407675e-05 -1.3643288010239238e-06 3.569898231440842e-05 0.0007904295114381112 1.2628566150024747e-06 -1.36432880102376e-06 1.2628566150026028e-06 0.0008222454878678656
1657569790.5475166 -113.83482567641458 21.67168248659199 -0.32707760235523836 0.00971365672214041 0.0006311589636504468 -2.2755127079107235e-05 0.000631158963650448 0.01008314667866775 1.7567825511467262e-05 -2.275512707910702e-05 1.7567825511467713e-05 0.010633301762930383
1657569790.7475166 -113.74719216293424 21.46914649767374 -0.3238088338865096 0.02668618205180114 0.002151230138190214 -7.258625427799892e-05 0.0021512301381902176 0.02804809696560056 4.7828108243519484e-05 -7.25862542779992e-05 4.7828108243519146e-05 0.029907446251249043
1657569790.9475167 -113.6530708506301 21.272734438511417 -0.32124922218890184 0.045283329951429814 0.004389067147053343 -0.000146517629601601 0.004389067147053351 0.048048687243716415 7.907799508140454e-05 -0.0001465176296016017 7.907799508140341e-05 0.05181884531245466
1657569791.1475167 -113.55123165659143 21.082986127536426 -0.31924656117351624 0.058126036776003066 0.00654379087820599 -0.00023063511378316746 0.006543790878205993 0.062015246819305724 9.614874617885121e-05 -0.00023063511378316714 9.61487461788516e-05 0.06767340704604467
1657569791.3475168 -113.44059210461691 20.900506701865375 -0.3175885641777428 0.059842953309960235 0.0073356763718252765 -0.0002888418181456744 0.007335676371825272 0.0638254503267919 8.314695027563479e-05 -0.00028884181814567455 8.314695027563523e-05 0.0703518782542009
1657569791.5475168 -113.32021891695726 20.72596796233141 -0.316004608483515 0.049316171740400594 0.005947884138830966 -0.000274633731098219 0.005947884138830963 0.05220630810734406 4.058004299014648e-05 -0.0002746337310982214 4.0580042990147596e-05 0.05779070074351847
1657569791.7475169 -113.18933065691154 20.56010734029328 -0.3141674197472364 0.030783234289867154 0.0031543937622752045 -0.00017757569396015515 0.0031543937622752023 0.03212493085457369 8.091750144154899e-07 -0.00017757569396015642 8.0917501441241e-07 0.03532539314566576
1657569791.947517 -113.04729883217978 20.403721550511673 -0.3116948320117001 0.012333452051233424 0.0008604824287770942 -6.09734025837797e-05 0.0008604824287771002 0.012635467318816903 -7.768335333495371e-06 -6.097340258377884e-05 -7.768335333495856e-06 0.013603148429063159
1657569792.147517 -112.89365025080872 20.25765979981479 -0.3081518249764929 0.001559437811383987 4.992357729281559e-05 -4.619011672222966e-06 4.992357729281265e-05 0.0015681847353137802 -1.1866591296147283e-06 -4.619011672215383e-06 -1.1866591296052697e-06 0.0016343062601380709
1657569792.347517 -112.72827506650609 20.122658055858803 -0.30314503884836513 0.00040462529759030205 5.099045576709445e-06 -6.088459610584838e-07 5.09904557670918e-06 0.00040526836438053955 -2.4604743020818344e-07 -6.088459610585138e-07 -2.4604743020817254e-07 0.00041286972522797496
1657569792.547517 -112.55458537030836 19.99608122683433 -0.29787049881271915 0.0005363455894727857 6.185520574799143e-06 -7.260757762719953e-07 6.1855205747993626e-06 0.0005397191742339397 -2.386384295050697e-07 -7.260757762719634e-07 -2.386384295050866e-07 0.0005467502752087282
1657569792.747517 -112.37760884012549 19.872143852603365 -0.29451491940227215 0.0002945915181890106 1.8585136953010748e-06 -2.1702713524389018e-07 1.8585136953011891e-06 0.00029462312564519416 -1.0719052882725962e-07 -2.170271352438949e-07 -1.0719052882726339e-07 0.00029655098484592966
1657569792.9475172 -112.19805590155995 19.747211209547377 -0.2927558938901691 0.0004793999981218756 4.063706479905195e-06 -2.390666994299095e-07 4.063706479905214e-06 0.0004823898769952616 -4.2424525893417155e-08 -2.390666994299126e-07 -4.2424525893426214e-08 0.0004850027511581368
1657569793.1475172 -112.01255205054814 19.619848379510838 -0.2892785949656138 0.00028607876030269764 1.6118296324145243e-06 -1.2543235414341747e-07 1.6118296324145617e-06 0.0002858608220822605 4.024842119421847e-09 -1.2543235414341927e-07 4.0248421194116035e-09 0.0002869833386456566
1657569793.3475173 -111.82120714332966 19.491676346733623 -0.28280831087786906 0.0004752832213874688 4.552236079991e-06 -2.551447398312337e-07 4.552236079990998e-06 0.00047841629696067817 1.6181875505991097e-07 -2.5514473983123814e-07 1.6181875505991658e-07 0.0004812263640473622
1657569793.5475173 -111.62938828319238 19.366968548290206 -0.27483201945473984 0.00028633940364402845 1.8067525950573637e-06 -8.35188916145098e-08 1.8067525950573993e-06 0.00028629482262444733 8.591027167090311e-08 -8.351889161451386e-08 8.591027167090034e-08 0.0002875247372323265
1657569793.7475173 -111.43996746900609 19.247959691608013 -0.2674939525334066 0.00047984989139346666 4.703614273325458e-06 -3.5808209290594934e-07 4.703614273325484e-06 0.00048285917300329564 1.7774540563630343e-07 -3.5808209290597115e-07 1.7774540563629284e-07 0.00048578291964310367
1657569793.9475174 -111.25234255694707 19.133891844780525 -0.26356328621479275 0.00029947341774791566 2.193355003447886e-06 -1.6684412705276485e-07 2.1933550034478805e-06 0.00029964716069354874 4.538578085258315e-08 -1.6684412705277105e-07 4.538578085258667e-08 0.00030109859771589807
1657569794.1475174 -111.06519243560413 19.023912705334446 -0.2629783114025247 0.0005519190018312753 7.242524403970685e-06 -1.6293785375881348e-07 7.242524403970628e-06 0.0005578465110163441 1.665037109365982e-07 -1.629378537588224e-07 1.6650371093657134e-07 0.0005623037430637935
1657569794.3475175 -110.87677838336445 18.91698701826164 -0.26225870124422174 0.0004938772123249243 7.093953708712855e-06 -1.7526215675785124e-07 7.093953708712853e-06 0.0004986422335942881 2.4480224760698537e-07 -1.7526215675785145e-07 2.4480224760697213e-07 0.0005031600778049305
1657569794.5475175 -110.68602768778004 18.812814778175635 -0.259453991181792 0.0036624961715866306 7.773748849379604e-05 -3.218779441857063e-06 7.77374884937961e-05 0.0037409067074620633 2.11419564263717e-06 -3.2187794418570447e-06 2.114195642637129e-06 0.0037879686682867637
1657569794.7475176 -110.49295108696522 18.711699861227782 -0.25466842239667475 0.004084368440747644 0.00010654590113575069 -4.531380243191458e-06 0.00010654590113575009 0.004190250516558881 2.7607352768575837e-06 -4.5313802431913515e-06 2.760735276857461e-06 0.00425541652868734
1657569794.9475176 -110.29765820633848 18.613927043200093 -0.24820406084615423 0.000944192897160703 1.82923017661464e-05 -7.837806816602223e-07 1.8292301766145824e-05 0.0009591351829887286 5.141592883636562e-07 -7.837806816599832e-07 5.14159288363858e-07 0.0009706833690852169
1657569795.1475177 -110.10019316375892 18.519745501299365 -0.2404557242071142 0.00034850026474466934 3.4128404198805313e-06 -2.1202463609676716e-07 3.412840419880503e-06 0.0003501265029514734 1.4871621407975858e-07 -2.1202463609677709e-07 1.4871621407975043e-07 0.00035233208225433877
1657569795.3475177 -109.89887516568244 18.427724397761665 -0.2318932128354659 0.0004988892078191082 5.15505635788161e-06 -3.860231622304175e-07 5.1550563578816876e-06 0.0005028105599938506 2.2444088234645494e-07 -3.8602316223040275e-07 2.2444088234642857e-07 0.0005059733128322658
1657569795.5475178 -109.69036743355808 18.333564003758227 -0.22320443665947784 0.0002964825661085396 1.9465929696762935e-06 -1.7380463781728456e-07 1.9465929696762914e-06 0.00029673334727760254 1.1505409965247225e-07 -1.7380463781728438e-07 1.1505409965247359e-07 0.00029805113237766555
1657569795.7475178 -109.47469753931807 18.233561886379032 -0.21469002007506982 0.00047690111199882477 5.046882237975389e-06 -3.9544513582334847e-07 5.046882237975248e-06 0.0004806819678595086 3.12981595020623e-07 -3.95445135823342e-07 3.1298159502059714e-07 0.0004839145445843821
1657569795.9475179 -109.25659304602198 18.12439763872861 -0.20640665237612857 0.00030629534100345 2.6809404663117624e-06 -1.58852643027545e-07 2.680940466311825e-06 0.00030660877170492413 2.0720221869621008e-07 -1.5885264302755142e-07 2.0720221869621098e-07 0.0003086271483528081
1657569796.147518 -109.0414195974566 18.007882028252972 -0.19972003881729478 0.0005480870222666865 9.17924775341234e-06 -6.332513388345376e-07 9.179247753412532e-06 0.0005544102769324534 4.90040382402907e-07 -6.332513388345561e-07 4.900403824028904e-07 0.0005605379666690003
1657569796.347518 -108.83501799879164 17.891497900683788 -0.19776496554509862 0.0005082363823769905 9.118311711256314e-06 -5.697881704267662e-07 9.118311711256446e-06 0.0005131341581821239 2.8591863748187206e-07 -5.69788170426785e-07 2.859186374818885e-07 0.0005192281407851006
1657569796.547518 -108.63810324752009 17.779143770386746 -0.20093982294550808 0.003699121841863259 9.131075978467203e-05 -4.485351907464701e-06 9.131075978467176e-05 0.0037731743007617044 1.1690744107625836e-06 -4.485351907464659e-06 1.1690744107625311e-06 0.003829958611420702
1657569796.747518 -108.44493478993084 17.669824439079974 -0.20639843730638557 0.004111333506122666 0.00012294290509359373 -6.421088210072842e-06 0.00012294290509359305 0.0042122535206395965 4.699297497504591e-07 -6.421088210072804e-06 4.6992974975005717e-07 0.004288692290343182
1657569796.947518 -108.24932275868933 17.56224446749886 -0.21093085322593313 0.0009475089715534517 2.155476815260958e-05 -1.755188469865595e-06 2.1554768152612753e-05 0.0009630808169110692 -1.3510138957801787e-07 -1.7551884698650298e-06 -1.351013895768083e-07 0.0009762873200599732
1657569797.1475182 -108.04524781939048 17.455096102176423 -0.21128249307226768 0.0003491707977421232 4.237474141609565e-06 -5.442816955525658e-07 4.237474141609536e-06 0.0003513540047235427 -1.5986509226367062e-08 -5.442816955525105e-07 -1.5986509226297423e-08 0.0003538609993006027
1657569797.3475182 -107.832765410497 17.347178151741225 -0.20825210529019983 0.0004992466553298821 6.370782751098554e-06 -5.543913382180425e-07 6.37078275109854e-06 0.000503189606315455 1.281865501026237e-07 -5.543913382180802e-07 1.2818655010256705e-07 0.000507034113153196
1657569797.5475183 -107.61897542902793 17.238133992577247 -0.20641976173466026 0.00029607739653628455 2.3541054703193723e-06 -9.037504040254181e-08 2.3541054703193846e-06 0.0002958479063073468 5.9465283032062345e-08 -9.037504040256415e-08 5.946528303203248e-08 0.0002974800406397923
1657569797.7475183 -107.41017431291752 17.127431587616673 -0.20760999265239016 0.0004718542678809294 5.022446270164471e-06 -3.23609737518953e-07 5.022446270164642e-06 0.00047457585213125773 2.7242555102255937e-07 -3.236097375189782e-07 2.724255510225467e-07 0.00047814082065085684
1657569797.9475183 -107.21123345645402 17.014158005775354 -0.21025063731189939 0.0002920099340241477 1.8866638367034371e-06 -1.384806172097942e-07 1.8866638367034183e-06 0.0002913565440256277 1.2830660727437935e-07 -1.3848061720977038e-07 1.2830660727439732e-07 0.00029329575036617675
1657569798.1475184 -107.02576383043431 16.904224520068176 -0.21343465179393623 0.00047017017988810605 4.4841162453107285e-06 -2.526493426008289e-07 4.484116245310893e-06 0.0004709172541737084 2.4339101964345144e-07 -2.5264934260084406e-07 2.4339101964342846e-07 0.0004753984002509165
1657569798.3475184 -106.85576542277067 16.811615164815155 -0.21732550686611202 0.00029198972841767843 1.6117518690119482e-06 -1.1862305154557736e-07 1.6117518690119391e-06 0.00029058426825175255 1.011180479404214e-07 -1.186230515455771e-07 1.0111804794042123e-07 0.0002928209781873967
1657569798.5475185 -106.69700353266894 16.736438006267704 -0.22164559507725912 0.0004701163046732306 3.149840703820379e-06 -1.953023124247313e-07 3.149840703820341e-06 0.0004705544270565796 1.4297916916350807e-07 -1.9530231242476622e-07 1.4297916916349515e-07 0.000473822891757913
1657569798.7475185 -106.5372674807191 16.661849492910505 -0.22550567901049068 0.00029033549242817903 1.2683450186884964e-06 -1.2497844624896932e-07 1.268345018688541e-06 0.0002892117309289226 3.366051356875537e-08 -1.2497844624896474e-07 3.3660513568755016e-08 0.0002907028354521608
1657569798.9475186 -106.36995077487681 16.581011385486132 -0.22859526081963452 0.00047082883884261794 2.946910072186742e-06 -1.49503563257014e-07 2.9469100721868375e-06 0.00047161191932271386 1.3764858438323052e-07 -1.49503563257021e-07 1.3764858438323634e-07 0.00047392946011883387
1657569799.1475186 -106.19629882590272 16.500566007297298 -0.2311976757179261 0.00029038589805720357 1.201760605388045e-06 -5.953005367613766e-08 1.2017606053880557e-06 0.0002894011328332113 6.566883604030588e-08 -5.953005367614164e-08 6.566883604031295e-08 0.00029035887277670876
1657569799.3475187 -106.01921148849186 16.422721560298612 -0.23344669743398005 0.00047623608778558305 3.225748711471595e-06 -2.1455403960878409e-07 3.225748711471578e-06 0.00047801340843848177 1.7135744467098942e-07 -2.1455403960876307e-07 1.7135744467099071e-07 0.0004803041733759583
1657569799.5475187 -105.84290079058103 16.34307092969678 -0.23521143480165616 0.0003027274698572173 1.642601707332728e-06 -9.949413224638584e-08 1.6426017073327852e-06 0.000302276062456466 1.0814420539692816e-07 -9.949413224638025e-08 1.0814420539693102e-07 0.00030356617271782926
1657569799.7475188 -105.66731066815343 16.259627742779756 -0.23697806260438103 0.0005482167502811236 5.843675616632927e-06 -2.242566915195945e-07 5.843675616633116e-06 0.0005527889893138692 2.985269830754279e-07 -2.242566915196652e-07 2.98526983075423e-07 0.0005565736313199409
1657569799.9475188 -105.48713648808231 16.17371736872727 -0.23994895161111007 0.0005003535973344929 6.332563542596264e-06 -1.0919704924445409e-07 6.332563542596282e-06 0.0005041950467280462 2.9636705971869017e-07 -1.091970492444645e-07 2.9636705971870695e-07 0.0005082402665160076
1657569800.1475189 -105.2998810536683 16.08596143629906 -0.24410072511778064 0.003673508868513687 7.198109222719806e-05 -2.0439077553164506e-06 7.198109222719803e-05 0.0037492714800665687 2.9381557594329857e-06 -2.0439077553164256e-06 2.938155759433011e-06 0.0037917629111463174
1657569800.347519 -105.1070190681708 15.995757762498643 -0.24776930179691242 0.004092953080376716 9.938213573580784e-05 -3.1151823879685072e-06 9.93821357358083e-05 0.00419774074033309 4.0088834316304614e-06 -3.1151823879684403e-06 4.008883431630413e-06 0.004255903840967564
1657569800.547519 -104.91031937959377 15.902344702052739 -0.24909835635535643 0.0009506906066740261 1.7060785664741205e-05 -5.690302352463752e-07 1.7060785664743166e-05 0.0009655924851426886 8.98050076714473e-07 -5.690302352467453e-07 8.980500767131385e-07 0.0009755544580431377
1657569800.747519 -104.71158605307383 15.804940134862242 -0.2462479600727486 0.00034557248262485023 3.2791605766860565e-06 -2.1454262566625458e-07 3.2791605766860264e-06 0.000346819438487027 2.7540436443472647e-07 -2.1454262566625159e-07 2.7540436443477475e-07 0.0003487721982498455
1657569800.947519 -104.512220422843 15.704014722916442 -0.24005748892462833 0.0005012751402942063 5.511921349184557e-06 -3.5566684209026437e-07 5.511921349184613e-06 0.0005044854298057012 3.605047367815147e-07 -3.5566684209021397e-07 3.605047367814972e-07 0.000507749449522117
1657569801.147519 -104.31324473515059 15.60116273754382 -0.23410841728038417 0.00029420849121373306 2.0733585132212184e-06 -5.983661329004717e-08 2.073358513221263e-06 0.0002939216714247289 1.196265619260432e-07 -5.983661329005268e-08 1.1962656192605227e-07 0.00029520496113453045
1657569801.3475192 -104.1144278969229 15.498970534200517 -0.22988988399888874 0.00048234415678336266 4.636492272612203e-06 -3.9400468644500836e-07 4.6364922726122595e-06 0.00048446153904223543 2.538063114572666e-07 -3.9400468644503996e-07 2.5380631145724885e-07 0.00048764608256843966
1657569801.5475192 -103.91409996877216 15.401290956676597 -0.22637704085642354 0.0002828102943914083 1.720171749635587e-06 -1.1868790391755551e-07 1.720171749635624e-06 0.0002821372065317189 1.06447677392445e-07 -1.1868790391755513e-07 1.0644767739244422e-07 0.0002835376616101928
1657569801.7475193 -103.71684483023118 15.309664379623921 -0.22310925704704915 0.0004775803018387236 4.0779804702050195e-06 -4.1443769257913923e-07 4.0779804702049085e-06 0.0004801524634232304 1.7365595551929062e-07 -4.1443769257913854e-07 1.736559555193106e-07 0.0004829632567736026
1657569801.9475193 -103.53512240302719 15.222818155375217 -0.22064571975819955 0.00028112242430002363 1.2828236638940733e-06 -1.6852912241132887e-07 1.2828236638940801e-06 0.0002803086972370392 3.3114447142941046e-08 -1.68529122411332e-07 3.3114447142939174e-08 0.00028139512590088606
1657569802.1475194 -103.37748935560069 15.143151359285888 -0.21898654719687685 0.0004684940268255892 3.061140749922216e-06 -3.021227272244494e-07 3.0611407499222513e-06 0.00046944265612482763 7.636180545404685e-08 -3.021227272244085e-07 7.636180545405396e-08 0.00047161467712511485
1657569802.3475194 -103.24705155896534 15.077554175746766 -0.217403543406181 0.00028801757804108397 9.576084952536908e-07 -1.4570413884702383e-07 9.57608495253682e-07 0.00028660340336590233 -8.493914992060412e-09 -1.4570413884702002e-07 -8.493914992056706e-09 0.00028738812096400034
1657569802.5475194 -103.14832787787111 15.029941460500279 -0.21570501709096365 0.00046962088741200853 1.415375954962568e-06 -1.7652050847441295e-07 1.415375954962496e-06 0.0004691094142506013 5.086005228123965e-08 -1.7652050847442115e-07 5.086005228125414e-08 0.0004701633121617952
1657569802.7475195 -103.08783700472613 15.000101865079115 -0.21439229913852773 0.00028804007166584913 3.1627237818053873e-07 -8.274024190257366e-08 3.162723781805356e-07 0.00028620669795030796 1.265328947555791e-08 -8.274024190257843e-08 1.2653289475553579e-08 0.0002865560756534116
1657569802.9475195 -103.0631701169498 14.986499919645292 -0.21386616775992454 0.0004690055131509445 2.691948690778139e-07 3.4137392830321155e-08 2.691948690778039e-07 0.000467056150981362 6.41053849871154e-08 3.413739283030643e-08 6.410538498709437e-08 0.00046737514845044884
1657569803.1475196 -103.06068901028102 14.98593682634751 -0.2143238169642405 0.00028791278814402886 -4.640974549455434e-08 7.51134168826727e-08 -4.6409745494554643e-08 0.00028521345926514835 6.195860959326735e-08 7.511341688267278e-08 6.195860959326836e-08 0.000285358035090581
1657569803.3475196 -103.06707612440309 14.992637398705005 -0.21541344663266385 0.00046836301834289796 -3.7533436444882055e-10 -3.2972109909688904e-09 -3.753343644358278e-10 0.00046624582296644223 2.287777685443495e-08 -3.297210990978092e-09 2.2877776854445177e-08 0.0004664865085971714
1657569803.5475197 -103.0705951678043 14.997874326202735 -0.21612465944229606 0.00028751927428927865 -1.33580232431794e-07 3.1565744226160077e-09 -1.335802324318115e-07 0.0002852602178523748 -4.794150363025316e-09 3.156574422614812e-09 -4.7941503630251885e-09 0.000285391574874281
1657569803.7475197 -103.0678044919504 14.998322573684318 -0.21615564935677775 0.000468559899252011 -1.8392763907246236e-07 -1.0907004788901717e-08 -1.8392763907250972e-07 0.0004665832635399875 -2.1738560669867456e-08 -1.090700478889957e-08 -2.1738560669877167e-08 0.0004666455214028431
1657569803.9475198 -103.06526266579282 14.997781537092882 -0.21615607167015216 0.0002882596311409571 -2.7149498840811254e-07 -2.710154061405601e-09 -2.7149498840811767e-07 0.0002860937993110378 -3.693200663870442e-08 -2.7101540614074003e-09 -3.6932006638706264e-08 0.00028610289196374635
1657569804.1475198 -103.06576515003562 14.998249589201643 -0.2163827515848333 0.0004762487310634383 -2.4363842026858204e-07 -2.822404532310363e-08 -2.43638420268641e-07 0.00047408993271809934 -2.2090262540725983e-08 -2.8224045323101124e-08 -2.209026254073239e-08 0.00047404503126009144
1657569804.3475199 -103.06671708691489 14.998798931732496 -0.2165193699915832 0.0002801725439624883 -2.6471886485471714e-07 -2.7041693753733227e-08 -2.647188648547328e-07 0.0002778083746209951 -2.302800692801147e-08 -2.704169375373485e-08 -2.302800692801072e-08 0.00027775357241115943
1657569804.54752 -103.06686081360763 14.998879052224362 -0.21646886716404326 0.0004663183552559406 -2.357821303024879e-07 6.659650444209708e-08 -2.3578213030254535e-07 0.00046416450245222976 -8.578585824090696e-09 6.659650444209384e-08 -8.578585824087063e-09 0.00046414123699334346
1657569804.74752 -103.06702345721051 14.998712888037394 -0.21646014870922625 0.00028722944359002686 -2.467923711103551e-07 8.223542397787714e-08 -2.4679237111036784e-07 0.0002848925944962864 -5.221602980399785e-09 8.223542397787331e-08 -5.221602980398548e-09 0.0002848846849349697
1657569804.94752 -103.06716972153343 14.998636649082416 -0.21659680163187256 0.0004687241108609514 -2.885689152018402e-07 -6.430443782554252e-08 -2.8856891520201617e-07 0.00046626973917879245 3.7438767983647325e-09 -6.430443782558049e-08 3.743876798367119e-09 0.00046622982245177506
1657569805.14752 -103.06609190132549 14.999003397648691 -0.2167949500180693 0.00028767509652127224 -3.1280787270239536e-07 -8.591573182568281e-08 -3.12807872702394e-07 0.00028499490941083576 1.3160540098485429e-08 -8.591573182567982e-08 1.3160540098485284e-08 0.0002850144627759771
1657569805.34752 -103.06526952890484 14.999259282579478 -0.21686730370719184 0.0004686782310013241 -3.20344795004207e-07 -4.82775326015899e-08 -3.203447950042418e-07 0.0004663239972874223 7.475154756300859e-08 -4.827753260160139e-08 7.475154756300232e-08 0.00046688700556334067
1657569805.5475202 -103.06936482943571 14.997922584038513 -0.21653864843497736 0.0002878194103174065 -3.3444615471335167e-07 -3.715217430800442e-08 -3.3444615471336353e-07 0.0002852218526174379 1.1607754860948665e-07 -3.715217430800589e-08 1.1607754860948508e-07 0.0002861441842381412
1657569805.7475202 -103.07205703525744 14.996736881469682 -0.21640689152057485 0.0004695493581340404 -2.5208133291705095e-07 1.0551277097635593e-07 -2.520813329171145e-07 0.0004666411452025932 2.911932291553325e-07 1.055127709763659e-07 2.9119322915532796e-07 0.00046938991969960083
1657569805.9475203 -103.05282935204785 15.00049610210056 -0.21809208588380893 0.00028953697242413244 5.82281706627833e-07 5.741069775132182e-08 5.822817066278856e-07 0.0002864159064651455 3.125668969526124e-07 5.741069775134299e-08 3.1256689695262764e-07 0.0002898467378781784
1657569806.1475203 -102.98904001323726 14.994886347924336 -0.22113294556140925 0.00047296803217839156 4.0315718939229255e-06 -2.2372971927367287e-07 4.031571893923054e-06 0.00047157988658456636 4.827248983868277e-07 -2.2372971927365193e-07 4.827248983868357e-07 0.00047868115156732727
1657569806.3475204 -102.85830820329885 14.9424738655023 -0.222272982487653 0.00029173853175609157 4.8635617280299185e-06 -2.536130908733606e-07 4.863561728029947e-06 0.0002929376247059849 2.1568826584143282e-07 -2.536130908733609e-07 2.1568826584142424e-07 0.0002982719296144218
1657569806.5475204 -102.66759565934889 14.840064219828115 -0.21990750792702077 0.000473058291230887 6.3095120957763775e-06 -2.408741738841063e-07 6.30951209577645e-06 0.00047868017679916536 1.6153852030581908e-07 -2.408741738841405e-07 1.615385203058768e-07 0.00048563232911112345
1657569806.7475204 -102.45755964621164 14.730624141454012 -0.21531173009604207 0.00028865429551759824 1.6351968176857613e-06 -1.2302183817375255e-07 1.6351968176857454e-06 0.0002894069781609122 3.3990094889875255e-11 -1.2302183817375247e-07 3.399009488149689e-11 0.00029166938401659526
1657569806.9475205 -102.25131154805771 14.636315235110386 -0.21047930664483 0.0004698151303474556 3.004303871443761e-06 -1.561363297102267e-07 3.0043038714438338e-06 0.00047635271703024544 -2.7097899905630696e-08 -1.5613632971023413e-07 -2.7097899905632056e-08 0.000478123239601842
1657569807.1475205 -102.04822714153424 14.549127749904306 -0.20779497475331932 0.0002883600709082416 1.0026348351661031e-06 -2.978567026440678e-08 1.002634835166142e-06 0.00028982430459579997 2.9801832011920454e-08 -2.978567026441083e-08 2.9801832011928405e-08 0.0002902063119781992
1657569807.3475206 -101.84696962384304 14.461349238749092 -0.20785871693798535 0.00046922284282767824 1.9727100039286612e-06 -9.512274348587954e-08 1.9727100039286515e-06 0.00047588756219045595 1.0482826018059216e-09 -9.512274348593892e-08 1.0482826018024365e-09 0.0004764764315711719
1657569807.5475206 -101.64689592316975 14.368470638656529 -0.20932089219053945 0.0002880095988222395 7.441732050563764e-07 -1.0153207260137137e-07 7.441732050563599e-07 0.0002894694748771646 -1.480761252939846e-08 -1.0153207260136909e-07 -1.480761252939352e-08 0.00028979760705005606
1657569807.7475207 -101.44728280495342 14.270440966011744 -0.21101961701082833 0.0004696854982449368 2.0139116913871775e-06 7.460287633213406e-08 2.0139116913872318e-06 0.00047604614155257336 -3.987933616942831e-08 7.460287633213317e-08 -3.987933616943424e-08 0.00047680149117650285
1657569807.9475207 -101.24718693633378 14.172367077890991 -0.2122266364345949 0.00028803201135246034 6.263895632851628e-07 2.3935889289117654e-08 6.2638956328518e-07 0.0002892289695926547 -2.117673563774909e-08 2.393588928912319e-08 -2.1176735637747557e-08 0.0002895811097195269
1657569808.1475208 -101.04705998950612 14.076290578435628 -0.21289274943109943 0.00046905929016332227 2.0475762825201594e-06 -3.454194436919093e-08 2.047576282520199e-06 0.00047579120160851177 -1.3906355851132383e-09 -3.454194436917992e-08 -1.390635585099516e-09 0.0004763729522469423
1657569808.3475208 -100.8489784373067 13.980337406033474 -0.21369154828014747 0.0002874826655602973 7.56547936706002e-07 -8.338497367756925e-08 7.565479367060043e-07 0.0002889845066517299 2.3702508529080296e-08 -8.33849736775695e-08 2.37025085290776e-08 0.00028919253839874715
1657569808.5475209 -100.65347741648695 13.884511071994181 -0.21491516771476726 0.0004665925520738854 2.0784064071400306e-06 1.3323227760128817e-08 2.078406407140029e-06 0.00047291914145451724 -8.205146977275694e-09 1.3323227760123907e-08 -8.205146977277554e-09 0.00047353171420807437
1657569808.747521 -100.45893406844458 13.791500982571181 -0.21631237822478472 0.0002900349785492147 8.557717016345311e-07 -2.2535225944632426e-08 8.557717016345182e-07 0.0002913378189576708 6.7504728496417e-09 -2.253522594463197e-08 6.750472849640816e-09 0.00029165786450671005
1657569808.947521 -100.264852180392 13.700138743908214 -0.21760422620773415 0.00046703726721901537 1.87138303645395e-06 9.95438980010773e-08 1.871383036453904e-06 0.00047341754887997664 -3.382227569486003e-10 9.954389800107317e-08 -3.382227569396244e-10 0.00047410149738377587
1657569809.147521 -100.07215570447721 13.60456831994283 -0.2184543309762191 0.00028972177631701024 8.260937363589512e-07 5.57098428636259e-08 8.26093736358962e-07 0.0002912486115987997 1.576075492404536e-08 5.57098428636253e-08 1.5760754924049764e-08 0.0002916292608134549
1657569809.347521 -99.87983030720122 13.503946343295429 -0.2184950548647707 0.00046694200373019863 2.116221814184034e-06 7.983474215779582e-08 2.1162218141840153e-06 0.0004733428092779298 -3.387348909492178e-09 7.983474215779654e-08 -3.3873489094809018e-09 0.0004741057517133463
1657569809.547521 -99.6843140017216 13.404029874860836 -0.21728623353732412 0.0002897260892857519 8.547319386261659e-07 2.4376120769781714e-08 8.547319386261879e-07 0.00029145533401864085 1.983117695031635e-08 2.437612076977134e-08 1.98311769503203e-08 0.00029175779650381903
1657569809.7475212 -99.48490100502954 13.307131257752836 -0.21491016102484906 0.00046723225461992436 2.0581106435883127e-06 6.796156468718588e-08 2.05811064358832e-06 0.00047361699092079133 -2.421375065479793e-08 6.796156468721358e-08 -2.4213750654806748e-08 0.0004742910910931872
1657569809.9475212 -99.28434239440435 13.211254338257552 -0.21206249235346358 0.00029028921759027544 8.067885944551325e-07 7.462248058082226e-08 8.067885944551316e-07 0.00029152056282754024 -1.4964285147842804e-08 7.46224805808204e-08 -1.4964285147844246e-08 0.00029183492941198383
1657569810.1475213 -99.08431486766214 13.116509536089902 -0.20912640070702668 0.0004671651364406943 2.0778984169372845e-06 -3.40159808767645e-08 2.0778984169373027e-06 0.00047364698966410716 2.7940476054181164e-08 -3.401598087676251e-08 2.7940476054182445e-08 0.0004742769725183479
1657569810.3475213 -98.88474661831707 13.026276013679045 -0.20611231644132738 0.0002901396892657971 7.566095565926376e-07 -3.7861300634899574e-08 7.566095565926149e-07 0.00029147399499695824 3.620934885588801e-08 -3.7861300634896914e-08 3.620934885588996e-08 0.00029177178885636
1657569810.5475214 -98.68539675468757 12.942312189171547 -0.20322317801058554 0.0004669491446823939 1.8077467855813342e-06 3.2103782992174866e-08 1.8077467855812927e-06 0.0004734984857632543 7.129194037259361e-09 3.210378299217015e-08 7.129194037256992e-09 0.00047397839910714475
1657569810.7475214 -98.48570132604297 12.864425292729889 -0.20097353654101632 0.00028991627727701584 6.417984664269099e-07 6.141236691779614e-08 6.417984664269299e-07 0.00029147191870396703 1.856725594900233e-09 6.141236691779616e-08 1.8567255948983506e-09 0.00029170415219258427
1657569810.9475214 -98.28459485924071 12.790573363852044 -0.19930399126837736 0.0004682235740307988 1.4757550638624825e-06 3.247672512413893e-08 1.4757550638624827e-06 0.00047443537250644647 -8.31661785094185e-09 3.2476725124135877e-08 -8.316617850938298e-09 0.00047478654760050654
1657569811.1475215 -98.08033647439323 12.716835839472163 -0.19746698811293192 0.00028963772413170255 5.141187015315935e-07 8.889342573194368e-09 5.14118701531589e-07 0.00029082780173690615 -1.3036656341410087e-08 8.88934257319425e-09 -1.3036656341410333e-08 0.00029097752775299684
1657569811.3475215 -97.87311050595939 12.642667317656835 -0.19502040021079128 0.00046858505127569 1.691214659748458e-06 -2.7247702485825767e-08 1.691214659748531e-06 0.000475397284019895 1.028955207333999e-08 -2.7247702485830568e-08 1.0289552073342202e-08 0.0004757496735644979
1657569811.5475216 -97.66562377124073 12.571760103541754 -0.19195152337769034 0.0002884050175919902 6.202823776732535e-07 -4.7870640669403584e-08 6.202823776732612e-07 0.00028995010743004904 1.6078975036062438e-08 -4.787064066940414e-08 1.6078975036062447e-08 0.0002900787790267357
1657569811.7475216 -97.45922075995529 12.506204578033122 -0.18864432146992982 0.00046820311331635065 1.5371701261297897e-06 4.493312423847567e-09 1.537170126129657e-06 0.00047481553511831437 -1.3393483802206407e-08 4.493312423853219e-09 -1.3393483802209757e-08 0.0004751852820448664
1657569811.9475217 -97.25317854587246 12.445964674828097 -0.18591749851097072 0.00028864173390199697 4.693515852837805e-07 2.049655950553447e-08 4.693515852837666e-07 0.00029008454102843665 -2.1386699074921366e-08 2.0496559505527266e-08 -2.1386699074917164e-08 0.00029028084909509054
1657569812.1475217 -97.04518423986593 12.391348973767238 -0.18356900212994157 0.00046833830564686497 1.2382624100605983e-06 -1.0891147127172733e-07 1.2382624100605828e-06 0.000474842518479232 -1.0478825419939936e-08 -1.089114712717291e-07 -1.0478825419937365e-08 0.000475296893701587
1657569812.3475218 -96.83123782926906 12.343262273322582 -0.18015916872448942 0.00028880463138870996 3.322058498485708e-07 -1.5119501560350833e-07 3.322058498485587e-07 0.0002901980596800188 -1.3650397190713689e-08 -1.511950156035039e-07 -1.3650397190714748e-08 0.0002906513891134703
1657569812.5475218 -96.6126458225606 12.298946217573416 -0.17563441427985535 0.0004682854352902541 9.441639517462227e-07 -1.9861278322202598e-07 9.441639517462521e-07 0.00047549778780384236 -1.0057413858155611e-07 -1.9861278322203639e-07 -1.0057413858155766e-07 0.00047637497466018026
1657569812.7475219 -96.3971795869901 12.250868948787296 -0.1717481237812235 0.0002889196678621776 3.1918421870531304e-07 -1.1410991559632134e-07 3.191842187052951e-07 0.00029046636045914676 -6.155335241116867e-08 -1.141099155963215e-07 -6.155335241118082e-08 0.0002912036044335903
1657569812.947522 -96.18436330832314 12.199040120441435 -0.16909631605231362 0.00046887634547215974 1.147022774245622e-06 -8.846760017582281e-08 1.147022774245554e-06 0.000475860379475373 -8.759434810566674e-08 -8.846760017582226e-08 -8.759434810568191e-08 0.0004772809551094958
1657569813.147522 -95.9634166367193 12.152753341394252 -0.1667411585137905 0.000288609550218352 3.155724709070939e-07 -5.1418690616508225e-08 3.155724709070762e-07 0.00029050757771437744 -1.1826363753910247e-08 -5.1418690616508086e-08 -1.1826363753905645e-08 0.0002914588618594319
1657569813.347522 -95.73236391123265 12.112717960098822 -0.1637143276253006 0.0004691320903514235 1.1220298052428395e-06 -2.2502612467792463e-08 1.12202980524279e-06 0.0004770975047750221 6.695033043808749e-08 -2.2502612467776395e-08 6.695033043807495e-08 0.00047890971705100344
1657569813.547522 -95.50075137626587 12.068290805487274 -0.1592031576931338 0.0002882962355494813 5.630566989835164e-07 -1.373270780530986e-08 5.630566989835342e-07 0.00028998758853130763 9.389826864821916e-08 -1.3732707805317172e-08 9.389826864821738e-08 0.0002911918112954176
1657569813.747522 -95.27610111137065 12.019400734401865 -0.15417006174727813 0.0004691454267271341 1.7010313352630424e-06 -1.9884773880649386e-07 1.7010313352630994e-06 0.00047683742024318425 1.8973935947401915e-07 -1.988477388064756e-07 1.8973935947401566e-07 0.0004788449857227423
1657569813.9475222 -95.06247822774002 11.979480277013097 -0.15170103478922106 0.00028821471710131454 6.356595165732973e-07 -1.0560323223105118e-07 6.356595165733048e-07 0.0002899048498714002 6.876535838668684e-08 -1.0560323223104984e-07 6.876535838667482e-08 0.0002911090635386422
1657569814.1475222 -94.85523781408156 11.949593422127302 -0.15277573233081312 0.00046915037257175653 1.358812265533748e-06 -9.793857009057966e-10 1.3588122655337887e-06 0.0004757224099340609 -1.784457315363746e-08 -9.79385700924516e-10 -1.7844573153645055e-08 0.0004775753892398926
1657569814.3475223 -94.6391090563524 11.915021392181336 -0.15577657518670296 0.000288343627506494 6.276158271173311e-07 5.930978774711476e-09 6.276158271173391e-07 0.0002900583124801792 -1.4595585724939988e-07 5.930978774718759e-09 -1.4595585724939056e-07 0.0002911049000986104
1657569814.5475223 -94.40967165053979 11.873068989817696 -0.15823510231051113 0.00046906071569761243 1.7172666732465984e-06 1.334045271584334e-07 1.7172666732465562e-06 0.00047690933162720787 -4.6317594072203586e-07 1.3340452715841343e-07 -4.631759407220305e-07 0.0004785596367437476
1657569814.7475224 -94.17703934877865 11.836688945805822 -0.1567163322772663 0.0002881405699799009 5.589207074699065e-07 -4.400333732762713e-08 5.589207074699072e-07 0.00029009277390728487 -3.7369010936604304e-07 -4.4003337327650964e-08 -3.7369010936606803e-07 0.0002909888867789145
1657569814.9475224 -93.94820911298396 11.808122952042485 -0.15164983921336692 0.0004688660327096464 1.1468706128995262e-06 -2.0475923115273577e-07 1.1468706128996118e-06 0.00047704379306017576 -5.153019388324265e-07 -2.0475923115273876e-07 -5.153019388324193e-07 0.0004785292628580377
1657569815.1475224 -93.72471811246547 11.775547286560938 -0.1481714952988371 0.0002880531428135644 4.0581277178347376e-07 -9.458560876026867e-08 4.058127717834778e-07 0.0002901380116851319 -2.668341578951392e-07 -9.458560876027681e-08 -2.668341578951371e-07 0.0002910393818921505
1657569815.3475225 -93.50290346147975 11.737035316065302 -0.14806646810608595 0.0004692852862856907 1.2221019735344498e-06 -3.5914072068912585e-08 1.2221019735343386e-06 0.00047674986804800755 -2.7755184433250666e-07 -3.591407206893061e-08 -2.7755184433252614e-07 0.00047806814318453015
1657569815.5475225 -93.27348313629886 11.703827408765653 -0.14877859345264213 0.00028816720718822055 2.7511203699341904e-07 1.7996607998719336e-08 2.7511203699341544e-07 0.00029017387311169705 -7.107759073159333e-08 1.7996607998710534e-08 -7.107759073157412e-08 0.00029073167601643306
1657569815.7475226 -93.03722163661861 11.679321776787909 -0.14893705400174576 0.0004686169569671952 1.096460660355108e-06 -1.4561576091584493e-08 1.0964606603552465e-06 0.00047745213889764367 -2.5841437002697896e-08 -1.4561576091571447e-08 -2.5841437002701095e-08 0.0004781937680729067
1657569815.9475226 -92.80736420937792 11.656348099129564 -0.14904185911195963 0.0002877375993005004 4.095078814414296e-07 -1.010266338270397e-08 4.0950788144144245e-07 0.0002898674268865078 2.713257074211562e-08 -1.0102663382706325e-08 2.7132570742102106e-08 0.0002900873048711991
1657569816.1475227 -92.58881093510283 11.630890423364757 -0.15010625521275284 0.0004685826356041357 1.2382314215726697e-06 7.196892903823186e-08 1.238231421572684e-06 0.0004762472529414364 5.696399097924201e-09 7.19689290382201e-08 5.6963990978992094e-09 0.0004764773110354153
1657569816.3475227 -92.37512970042066 11.603975998122563 -0.15356800511633592 0.000287929373475215 4.6730845660881735e-07 5.560018809756368e-08 4.6730845660883927e-07 0.0002900643296865645 -3.351894635982966e-08 5.560018809755062e-08 -3.3518946359828384e-08 0.0002901844248065228
1657569816.5475228 -92.15859941403095 11.578273092922064 -0.1587056859971316 0.00046905103856442087 1.312486523908634e-06 1.1058607111016575e-07 1.3124865239086083e-06 0.00047690915764825624 -1.449719988875671e-07 1.1058607111017401e-07 -1.4497199888756872e-07 0.00047725518680880426
1657569816.7475228 -91.93131150390502 11.55837134066527 -0.16207476224096412 0.0002892418011132179 3.428130023227831e-07 -3.2464984631655644e-08 3.428130023227529e-07 0.00029237206033214726 -1.1678239512937786e-07 -3.246498463165746e-08 -1.1678239512940298e-07 0.00029265238061282496
1657569816.9475229 -91.70444033212146 11.544572747318572 -0.1628385606949757 0.0004744427023391991 1.276509171307166e-06 -2.1190296495435302e-07 1.2765091713071345e-06 0.00048793233215006305 -1.612720054919804e-07 -2.1190296495431593e-07 -1.6127200549198755e-07 0.0004887942584456843
1657569817.147523 -91.51154565587775 11.531561380798976 -0.1634775539743914 0.00030186590883749356 5.732737173612845e-07 -1.9455863819008475e-07 5.732737173612454e-07 0.00031114485484439147 -9.164314053876469e-08 -1.9455863819009185e-07 -9.164314053876429e-08 0.00031196723458978446
1657569817.347523 -91.34475891156148 11.518639588568371 -0.16492187193222496 0.0005408202224110494 2.092907457883198e-06 -2.4923170113754464e-07 2.0929074578830985e-06 0.000571374907655144 -1.5501048808839708e-07 -2.4923170113751844e-07 -1.5501048808841352e-07 0.0005729362382327188
1657569817.547523 -91.14407737187146 11.51407022367944 -0.16575646880689454 0.000524306792215531 3.2538756645047458e-06 -2.953896773642123e-07 3.2538756645047674e-06 0.000571721541862022 -1.552886094372011e-07 -2.953896773642185e-07 -1.5528860943721418e-07 0.0005739989487078938
1657569817.747523 -90.8876927472469 11.524062320963072 -0.16519953236237597 0.003916765915861951 5.554619542933014e-05 -2.898738899415473e-06 5.554619542933014e-05 0.0044995739066143224 -1.141758957431287e-06 -2.8987388994154862e-06 -1.141758957431249e-06 0.004526327753769079
1657569817.947523 -90.60457053976016 11.549260347617134 -0.16361125633181925 0.004630267401071789 0.00010982483061829985 -2.2043996567889735e-06 0.00010982483061829986 0.005446284032276952 -9.94294849054013e-07 -2.2043996567889867e-06 -9.94294849054034e-07 0.005488901190853107
1657569818.7475233 -89.71250446611435 11.74901337319065 -0.15728435443241576 0.0043722436306906165 7.857160353696645e-05 -6.130027044521482e-07 7.857160353696692e-05 0.0048141951423176 5.096185678757215e-07 -6.130027044523724e-07 5.096185678759533e-07 0.004873117423790328
1657569818.9475234 -89.53449820786615 11.809349427334602 -0.15583490010272896 0.0009681225467983028 1.404833134504644e-05 -1.8838257810364838e-07 1.4048331345039353e-05 0.0010379402025259578 1.0667727426507369e-07 -1.883825781035238e-07 1.0667727426464001e-07 0.001052331633406572
1657569819.1475234 -89.33046382687591 11.872452257238931 -0.15381173833309192 0.00035037482287101246 3.098509296049798e-06 -8.5818939755849e-08 3.0985092960497114e-06 0.0003633108002644329 2.978187394946302e-08 -8.581893975581524e-08 2.9781873949548555e-08 0.0003667639149118082
1657569819.3475235 -89.09947015951647 11.939645229935664 -0.1512619812165187 0.0004976562980990702 2.644514606293271e-06 -1.7212683653575918e-08 2.644514606293229e-06 0.0005121180932695613 -3.767412722659753e-08 -1.7212683653570187e-08 -3.767412722658252e-08 0.000514327734098109
1657569819.5475235 -88.86747594306927 12.00980815344761 -0.14879619752945 0.0002946233055520007 5.372030396976637e-07 3.1133180583634456e-08 5.372030396976852e-07 0.0002973404699220368 -3.703909096732829e-08 3.1133180583632583e-08 -3.703909096734692e-08 0.0002977748938549834
1657569819.7475235 -88.64763378311109 12.081605292825301 -0.14740247703926296 0.0004682537515905649 1.0468744594159767e-06 2.070135796271177e-08 1.0468744594158094e-06 0.00047705596311491377 -2.7032815949919328e-08 2.070135796270751e-08 -2.703281594991825e-08 0.0004773971688530846
1657569819.9475236 -88.43511179790214 12.154323080757402 -0.14859139454242445 0.0002909891231569151 2.66715562423024e-07 5.1518745390854434e-08 2.667155624230236e-07 0.00029300990607245827 6.74316661816512e-10 5.151874539085435e-08 6.743166618256469e-10 0.00029310250463037937
1657569820.1475236 -88.22597879582908 12.22757059742196 -0.1522532443710809 0.0004661638138558122 8.106292889363391e-07 1.5255929851326783e-07 8.106292889363271e-07 0.00047367384360820193 -4.146040445925228e-09 1.5255929851325486e-07 -4.146040445914343e-09 0.00047379009106672656
1657569820.3475237 -88.01868075124656 12.300982424783697 -0.15631745889538906 0.0002905567564124751 2.458606101489613e-07 6.97467203063365e-08 2.4586061014896286e-07 0.00029232523539383964 8.96874605534952e-09 6.97467203063369e-08 8.968746055348542e-09 0.000292404637088134
1657569820.5475237 -87.8111617387094 12.375632733753006 -0.15980577764036297 0.0004659085992300982 8.426938448149192e-07 1.3407556209534744e-07 8.426938448149184e-07 0.0004732668186362093 -1.2102482492338367e-08 1.340755620953725e-07 -1.2102482492353418e-08 0.00047335008887725076
1657569820.7475238 -87.60055653346387 12.454131597049404 -0.16307132166579436 0.00029052676621317433 2.416769202615255e-07 2.5680185440870536e-08 2.4167692026152373e-07 0.0002925395676261095 -7.481397486936954e-09 2.5680185440868683e-08 -7.481397486936507e-09 0.0002925567419212791
1657569820.9475238 -87.38644457382306 12.537577138038662 -0.16569048580302817 0.00046605222018657086 8.533033003538339e-07 1.3111875983746925e-07 8.533033003538805e-07 0.00047404631814927645 -2.449243510416791e-09 1.3111875983746775e-07 -2.4492435103824087e-09 0.00047411149275734197
1657569821.1475239 -87.17137335698675 12.624878650880323 -0.16609162041642228 0.0002904802531053606 2.4260501884101187e-07 2.233007213052953e-08 2.426050188410167e-07 0.00029259344264359854 4.66872224177908e-09 2.233007213054438e-08 4.6687222417794885e-09 0.00029261144830291245
1657569821.347524 -86.9575744192841 12.713834315514573 -0.16460102730706094 0.00046593007967875365 8.122730542509222e-07 -2.090001324272474e-08 8.122730542508754e-07 0.00047428441151271664 -2.3228955636616845e-08 -2.090001324271953e-08 -2.3228955636621292e-08 0.0004744115369422265
1657569821.547524 -86.74649899753999 12.800968109699372 -0.1638983260853033 0.00029049178140967534 2.734602956275369e-07 2.1092733937320704e-08 2.734602956275318e-07 0.00029264173781460163 -6.824873492237829e-09 2.1092733937319695e-08 -6.8248734922303505e-09 0.0002927494451389632
1657569821.747524 -86.53832918999757 12.886084970152353 -0.1652813247130359 0.00046630167026589066 7.902327244683261e-07 2.2186297486974663e-08 7.902327244683683e-07 0.00047395784170424976 3.6150529907822313e-09 2.218629748697614e-08 3.6150529907701078e-09 0.00047411113784647305
1657569821.947524 -86.33164899594779 12.972830439524317 -0.16827801586606375 0.0002916744994415831 1.7076374442388878e-07 2.448795148242631e-08 1.7076374442389486e-07 0.0002934568096008056 2.3291641211752532e-08 2.4487951482427124e-08 2.3291641211752154e-08 0.00029351064686503384
1657569822.147524 -86.12605746544189 13.0620583665164 -0.17205845145124432 0.0004732454202839035 7.121072975168753e-07 1.374023398646291e-07 7.121072975168597e-07 0.00048113296187623627 -2.657066410822182e-10 1.374023398646311e-07 -2.6570664108873086e-10 0.0004812410200330347
1657569822.3475242 -85.92235359160024 13.150827262164333 -0.1755139442569364 0.00028456383859027637 1.5783889641558929e-07 5.6948878010823516e-08 1.5783889641554876e-07 0.00028643870105371706 -2.2630539665341646e-09 5.694887801081644e-08 -2.2630539665375304e-09 0.00028646666029947973
1657569822.5475242 -85.71905039868149 13.239129420200772 -0.1783583692378334 0.00047080628876660675 6.789257961684483e-07 9.186350649472374e-08 6.789257961685196e-07 0.00047850734811747406 8.355244249852383e-09 9.186350649477659e-08 8.35524424984362e-09 0.0004786328204600079
1657569822.7475243 -85.51170539949533 13.330617438091256 -0.1812470229362457 0.0002840355629008382 1.4942050849985954e-07 2.0441282248402372e-08 1.4942050849983524e-07 0.00028598116468846185 9.774176909787518e-09 2.0441282248405483e-08 9.77417690978575e-09 0.00028604823390847685
1657569822.9475243 -85.3008827179632 13.424486275844076 -0.18426494399578724 0.0004630346760512408 5.894529547812291e-07 1.3643815053916425e-07 5.894529547810132e-07 0.0004710179833548253 2.4228394365779783e-08 1.3643815053916316e-07 2.4228394365784197e-08 0.0004711707321688655
1657569823.1475244 -85.09342589691735 13.5139607139263 -0.18668088888532572 0.00029160649309544585 1.330340710190365e-07 7.51097837797943e-08 1.3303407101905437e-07 0.0002933479055567275 2.2673186292495555e-08 7.510978377979023e-08 2.267318629249716e-08 0.0002934319060861184
1657569823.3475244 -84.89173422313495 13.596852804270927 -0.18881122553920615 0.00046511062191023416 6.81507284369585e-07 1.3530242969531526e-07 6.815072843695286e-07 0.00047236373245337476 4.999001932623127e-10 1.3530242969533424e-07 4.999001932718713e-10 0.0004725072927721391
1657569823.5475245 -84.69200716555342 13.676788289068009 -0.19223474761029521 0.00029147244493691395 1.910286348489134e-07 1.0632311282729224e-07 1.910286348489073e-07 0.00029315898715752257 -1.6896773002871937e-08 1.063231128272828e-07 -1.6896773002873357e-08 0.00029324226787839274
1657569823.7475245 -84.49031404516349 13.755724162854122 -0.19690087045005827 0.0004654782830631794 8.635935711173688e-07 1.5632736902945465e-07 8.635935711174515e-07 0.00047216932869510774 2.90882373931357e-08 1.56327369029425e-07 2.9088237393124205e-08 0.00047245608867301387
1657569823.9475245 -84.28316663293441 13.833165499058115 -0.20064517755506803 0.0002928910304424557 3.144093907703066e-07 4.446199247083551e-08 3.144093907702958e-07 0.00029433315050189933 2.053352209965258e-08 4.446199247083269e-08 2.053352209965119e-08 0.0002946484464229786
1657569824.1475246 -84.0724449954892 13.910784229673153 -0.20242483876860196 0.0004738128137963191 1.1453319879686859e-06 1.0582761633922936e-07 1.145331987968649e-06 0.00048103728376975294 1.0480271707650093e-08 1.0582761633924839e-07 1.0480271707656659e-08 0.0004817935478778451
1657569824.3475246 -83.866478316349 13.993171590662756 -0.20264094189609283 0.00028431208616687143 2.4540635521417195e-07 4.390106253185398e-08 2.4540635521415776e-07 0.00028554190988641474 -3.329494659029515e-08 4.3901062531861044e-08 -3.329494659031004e-08 0.00028606077740411724
1657569824.5475247 -83.6675155260451 14.079558979931992 -0.2022699195033233 0.00046469108368603866 6.581090245058887e-07 -8.8574275356214e-09 6.581090245058758e-07 0.00047160390086127145 -8.558934716949593e-08 -8.857427535619787e-09 -8.558934716950129e-08 0.00047229177838262984
1657569824.7475247 -83.4697265827966 14.16264468548216 -0.20281851190601058 0.000290066323323621 2.1942188292574387e-07 -2.0665206518999602e-08 2.1942188292577643e-07 0.0002916585429744629 -5.772127580797468e-08 -2.0665206519007275e-08 -5.772127580797947e-08 0.0002919264577277034
1657569824.9475248 -83.26921785823941 14.240626805483922 -0.20443152420998456 0.0004659853274413221 7.029505126990504e-07 -2.246181404627686e-09 7.029505126990288e-07 0.00047299271903460723 -7.497546275878985e-08 -2.2461814046337283e-09 -7.497546275878828e-08 0.00047330409271287304
1657569825.1475248 -83.06503358126899 14.318747192527077 -0.20558639083379154 0.00028987805354919506 1.621415580860375e-07 -7.039595660136882e-08 1.621415580860446e-07 0.00029176790015001433 -3.291089408966083e-08 -7.039595660137329e-08 -3.291089408966143e-08 0.0002918568158225432
1657569825.347525 -82.85839794209797 14.399529159941544 -0.20541424310207337 0.0004662516265036642 7.332359217155587e-07 -3.1109307066569775e-08 7.332359217154578e-07 0.0004735334497807166 -3.6289251006574004e-09 -3.110930706654928e-08 -3.6289251006557026e-09 0.0004736830824240452
1657569825.547525 -82.6529189187897 14.481631468408333 -0.20396131120226377 0.00029015814900855316 1.3577163041038062e-07 -8.017933621099548e-08 1.357716304104066e-07 0.00029182966809605706 -6.478142692743815e-10 -8.017933621099122e-08 -6.478142692757989e-10 0.0002919418327874525
1657569825.747525 -82.44906311422879 14.563367104158594 -0.20185976642559517 0.0004665775007831795 6.656412678456664e-07 1.507219553896501e-08 6.656412678457477e-07 0.00047366142751176926 -2.749771787978835e-08 1.5072195538968037e-08 -2.7497717879774663e-08 0.00047386683714171313
1657569825.947525 -82.24327619780682 14.64303853329697 -0.2003689789666874 0.0002901630991148932 1.4835284912910782e-07 3.7664472125217414e-08 1.4835284912908183e-07 0.00029168593180068953 -2.7298091958455413e-08 3.766447212522199e-08 -2.729809195845919e-08 0.000291876173457527
1657569826.147525 -82.03566485421509 14.721442111995865 -0.19979404440592444 0.0004660966467750636 7.622214314163113e-07 2.66945252220841e-08 7.622214314164168e-07 0.0004731700808648665 -7.66688001893098e-08 2.6694525222073076e-08 -7.666880018932199e-08 0.0004736806858109495
1657569826.3475251 -81.83100088429033 14.802342301291615 -0.1992999283389079 0.000290755979202512 9.456287340931763e-08 -2.2788700704975935e-09 9.456287340929716e-08 0.00029218977515926874 -5.52752057837013e-08 -2.278870070495162e-09 -5.52752057837037e-08 0.00029259938232897013
1657569826.5475252 -81.62997846731203 14.88486227607548 -0.19866705777158822 0.00046639346044122123 4.9661190477059e-07 8.821509621832114e-08 4.966119047705796e-07 0.0004732721983495884 -5.839304058074012e-08 8.821509621830894e-08 -5.839304058073655e-08 0.0004741343266678408
1657569826.7475252 -81.4279395788933 14.962439121963486 -0.19851495611798614 0.0002915309392813212 5.7566843012113684e-08 7.346951060988331e-08 5.7566843012076964e-08 0.0002930031102790374 -3.021021008617095e-08 7.34695106098837e-08 -3.021021008617083e-08 0.0002936191507686826
1657569826.9475253 -81.22304631729659 15.035491937534122 -0.19889358731683376 0.00047364455737428763 7.191245525667922e-07 8.12373081867268e-08 7.191245525668494e-07 0.0004805108342336751 -2.2353620215767926e-08 8.123730818673415e-08 -2.235362021576057e-08 0.00048158225649933136
1657569827.1475253 -81.01720349390808 15.113279871067128 -0.19907495809899203 0.00028487897821557383 7.513589552381226e-09 2.25324712570004e-08 7.513589552375596e-09 0.00028631255953023534 2.0087064375051208e-08 2.253247125700144e-08 2.008706437505459e-08 0.00028682307035024767
1657569827.3475254 -80.81127148358804 15.197811249183017 -0.19853911562072493 0.0004714817052864966 4.771407616466595e-07 1.0463109849809639e-07 4.771407616468279e-07 0.00047890993033551286 4.215781156353963e-08 1.0463109849809662e-07 4.215781156353985e-08 0.00047954982888721
1657569827.5475254 -80.60454147471346 15.281619052599378 -0.19705616675287035 0.00028362500646563106 3.5676377543673344e-08 5.568073121423457e-08 3.567637754368617e-08 0.0002852597044358457 4.155286558447409e-08 5.568073121423553e-08 4.1552865584483e-08 0.0002854705213396801
1657569827.7475255 -80.39697533142666 15.361460831061882 -0.19500976817436413 0.00046448833540353816 6.335162842809246e-07 3.940005899505186e-08 6.335162842809468e-07 0.0004718334933263702 4.802376552332357e-08 3.9400058995052386e-08 4.80237655233202e-08 0.0004720092362019288
1657569827.9475255 -80.18937706349273 15.440038626473005 -0.19350438841716505 0.0002900529779445054 1.1649107471911837e-07 4.121143867083266e-08 1.1649107471913813e-07 0.00029180547152494503 2.7671067439316766e-08 4.1211438670832497e-08 2.767106743931428e-08 0.0002918266755702665
1657569828.1475255 -79.98221131237395 15.51936488877049 -0.1929796739045036 0.000466375671848429 6.056509906844441e-07 6.025818147744528e-08 6.056509906843413e-07 0.00047370163035798747 1.293847820366008e-08 6.02581814774561e-08 1.2938478203655331e-08 0.0004737836431893929
1657569828.3475256 -79.77538875710952 15.600127996660797 -0.1930479103636672 0.00028999936132346603 3.980765810723054e-08 3.990125736461738e-08 3.980765810721619e-08 0.00029170611739904814 1.5458813274544454e-08 3.9901257364617734e-08 1.5458813274541883e-08 0.0002917558407769004
1657569828.5475256 -79.56800911268724 15.68152383814977 -0.19327936962326295 0.00046624842467872307 5.083039919663115e-07 8.003348613453557e-08 5.083039919662279e-07 0.00047358946289924314 -1.161561195661761e-08 8.003348613453726e-08 -1.1615611956605465e-08 0.00047368170759923224
1657569828.7475257 -79.35821653674931 15.76114883399891 -0.1932533754822961 0.0002904371894474947 3.086122801273819e-08 2.8772185384289796e-08 3.086122801276772e-08 0.00029215493210259447 -1.4567940997395109e-08 2.877218538428692e-08 -1.456794099738839e-08 0.0002921916390138893
1657569828.9475257 -79.14591614644293 15.83945176364283 -0.1927625508653999 0.0004664325603669956 6.982642635750148e-07 7.1448355660467e-08 6.982642635750221e-07 0.00047384790225798063 -2.801088012190723e-08 7.144835566048294e-08 -2.8010880121903437e-08 0.0004740893347512212
1657569829.1475258 -78.93319079235998 15.92049174660808 -0.1918390459976699 0.0002905082566266878 5.162358959694906e-08 4.1844526358634765e-08 5.16235895969492e-08 0.00029217753344977954 -2.9666831231631988e-08 4.184452635863503e-08 -2.9666831231632875e-08 0.00029227413278892604
1657569829.3475258 -78.7217572029373 16.005341182828715 -0.1908599126003623 0.00046610696449802765 5.02699471295598e-07 -2.97494661144172e-08 5.026994712955496e-07 0.000474174832133213 4.998557662156059e-09 -2.9749466114374803e-08 4.998557662149252e-09 0.00047429962700898365
1657569829.547526 -78.51264155612081 16.091321176534287 -0.19060662931221636 0.00028984604381845404 -3.236515829442618e-08 -3.58076571228595e-08 -3.236515829444961e-08 0.00029203970030700256 1.6949558457633592e-08 -3.580765712286135e-08 1.6949558457633413e-08 0.00029207215391476894
1657569829.747526 -78.30496992698528 16.177244395395828 -0.19138859769666386 0.0004661158216174611 3.4730420663898996e-07 2.1734405233430522e-08 3.4730420663879636e-07 0.00047401365193177654 -9.519801979696427e-09 2.173440523345177e-08 -9.519801979692675e-09 0.00047402227885377535
1657569829.947526 -78.0955511225264 16.263950002398918 -0.19295250491553564 0.00029003088673178125 -7.164060681427457e-08 7.136570218991142e-09 -7.16406068142867e-08 0.00029209592285660426 -8.888462613905055e-09 7.136570218984184e-09 -8.888462613905588e-09 0.00029206588284972696
1657569830.147526 -77.88441628642202 16.350325490722575 -0.1949798834568227 0.0004660677850389497 3.302648939242481e-07 1.7821152240779683e-07 3.30264893924428e-07 0.00047382174333816525 -1.4980672639533676e-08 1.7821152240777492e-07 -1.4980672639537233e-08 0.00047386231528810235
1657569830.347526 -77.67553734615649 16.43261662207117 -0.1970939740618984 0.0002907253184653235 -6.102613627741631e-08 1.512194174567051e-07 -6.102613627736529e-08 0.00029232886516655153 -1.1517540020785866e-08 1.5121941745670746e-07 -1.1517540020792887e-08 0.0002923447437528879
1657569830.5475261 -77.46942921515021 16.511069452241063 -0.19931517436432475 0.0004659931950992775 4.162853889423231e-07 1.7203107196804066e-07 4.1628538894258883e-07 0.00047350145581902617 3.100818786324732e-08 1.7203107196804418e-07 3.100818786320927e-08 0.00047358047488584335
1657569830.7475262 -77.26190447711538 16.590831783248863 -0.2021018384160073 0.0002902763705411641 -7.617200038009967e-08 1.2742066119629626e-07 -7.617200038013048e-08 0.0002922482647071742 3.0877515334636547e-08 1.2742066119630746e-07 3.0877515334629724e-08 0.0002922293017159464
1657569830.9475262 -77.05141708064443 16.673777313711064 -0.20516134508252085 0.0004658599858134853 2.5664887396245506e-07 1.8876127066135084e-07 2.566488739622762e-07 0.00047363399846596474 1.0335786252544556e-08 1.8876127066127365e-07 1.0335786252553552e-08 0.00047359333265130225
1657569831.1475263 -76.83999786696086 16.757393768556216 -0.20720439276339378 0.00029061350649904594 -1.6978928117354625e-07 1.1098664673376241e-07 -1.697892811735561e-07 0.0002925517913350273 -6.5911924551219555e-09 1.1098664673375882e-07 -6.591192455118213e-09 0.00029250008538402316
1657569831.3475263 -76.62857933351782 16.83882417690921 -0.2083307594529462 0.00046636370040476757 3.4515455211909494e-07 1.302797877665224e-08 3.4515455211890557e-07 0.00047429100403758705 -5.128937118257176e-08 1.302797877665161e-08 -5.128937118258393e-08 0.00047438929275032905
1657569831.5475264 -76.41637989364592 16.91508685249364 -0.21034619087003914 0.0002900578917766973 6.192589692332415e-10 -3.480730969923808e-09 6.192589692192599e-10 0.00029199450072113465 -4.141773018429381e-08 -3.4807309699256507e-09 -4.141773018429977e-08 0.00029212850245930914
1657569831.7475264 -76.20444972130144 16.98672121118098 -0.21383144594624104 0.00046619363051653373 5.67840534599258e-07 8.817738199753112e-08 5.678405345992652e-07 0.0004738761237209223 -6.886924551523034e-08 8.817738199753264e-08 -6.886924551523263e-08 0.0004742256416051241
1657569831.9475265 -75.99597031978426 17.058487658835304 -0.2177580735107284 0.00028987771423572445 -2.0815912767479597e-08 4.838171249705449e-08 -2.0815912767432736e-08 0.00029173631596466645 -3.109411885277159e-08 4.838171249706735e-08 -3.109411885276982e-08 0.00029192863910530237
1657569832.1475265 -75.79099745806361 17.13152132243155 -0.22160100140660166 0.0004663291904197688 3.142107926037472e-07 6.639736260486222e-08 3.1421079260373234e-07 0.000473228389595167 -4.0145293270096014e-08 6.639736260486007e-08 -4.014529327006191e-08 0.0004735183779564011
1657569832.3475266 -75.58562750628687 17.20239471753922 -0.2254935015211772 0.0002904450611052644 -1.2872006751611492e-07 -6.837638506764864e-09 -1.287200675160543e-07 0.00029181716387529727 -2.0453522039319768e-08 -6.837638506763267e-09 -2.0453522039323553e-08 0.0002919413987532018
1657569832.5475266 -75.37767447103786 17.270629442991474 -0.2292139137223043 0.00046629566285389225 4.3330651548339166e-07 7.165214109105749e-08 4.333065154833022e-07 0.0004733696918437938 -1.4329475135100539e-08 7.165214109102301e-08 -1.4329475135108538e-08 0.00047353966181467043
1657569832.7475266 -75.16729013115626 17.339758020049672 -0.23196340372535956 0.00029047416040285326 -6.22547527870586e-08 -1.2311339784457383e-08 -6.22547527871092e-08 0.0002922145694334468 8.74161124609933e-09 -1.2311339784457939e-08 8.741611246100369e-09 0.0002922500795804182
1657569832.9475267 -74.95516614465535 17.41087658335809 -0.2334057427540181 0.00046844835791984063 4.0742963771658e-07 2.5076337465463895e-08 4.0742963771611786e-07 0.00047604315760402477 1.554943148363159e-08 2.507633746547961e-08 1.5549431483605892e-08 0.0004761062359799344
1657569833.1475267 -74.74249127947336 17.4819556397417 -0.23374216832576175 0.00028833291332219205 -8.709382890697336e-08 -1.0026594672560147e-08 -8.70938289069306e-08 0.00029013434247705995 2.7981463611491597e-08 -1.0026594672564083e-08 2.798146361148905e-08 0.0002901178178718461
1657569833.3475268 -74.53111099342397 17.55232752840108 -0.23371562548154182 0.0004681163073742403 3.6646187734984615e-07 7.367145080924501e-08 3.664618773497502e-07 0.00047577164764933677 2.888486327640478e-08 7.367145080919128e-08 2.8884863276424255e-08 0.0004758925312649998
1657569833.5475268 -74.32349074665507 17.623329430972163 -0.23466809098038663 0.0002881220688444492 -1.3487448467307684e-07 1.0809908981104437e-07 -1.3487448467309992e-07 0.0002899027353102012 1.94857190680591e-08 1.0809908981104516e-07 1.9485719068058283e-08 0.0002899872630334297
1657569833.747527 -74.11887054039393 17.694774526912003 -0.23672711887182168 0.00046904083853098206 2.215465175362119e-07 8.946534450279569e-08 2.215465175364442e-07 0.0004761715580491883 3.907988916570844e-08 8.946534450278262e-08 3.9079889165707746e-08 0.00047635678769293095
1657569833.947527 -73.91244815357653 17.76452093086363 -0.23850921961796911 0.00028864545360566304 -1.3471040335201273e-07 3.820003923084477e-08 -1.3471040335204532e-07 0.0002902071722558594 1.716172257378567e-08 3.820003923084217e-08 1.7161722573792307e-08 0.00029033451963855213
1657569834.147527 -73.70292997844821 17.832479505359135 -0.23930453057368997 0.0004769094373915326 2.9679563808957624e-07 1.0509495829892615e-07 2.967956380893885e-07 0.00048459547793822105 -5.557129352451511e-09 1.0509495829892541e-07 -5.557129352448943e-09 0.00048470753822808213
1657569834.347527 -73.49353149118716 17.901163568234082 -0.2393185607118236 0.00027956105934177954 -1.965995432355402e-07 7.180054452863041e-08 -1.9659954323552157e-07 0.00028128312001873997 -2.089674338833902e-08 7.180054452862468e-08 -2.0896743388336326e-08 0.0002812650461140391
1657569834.547527 -73.28560222872729 17.970675142479692 -0.23898451102645782 0.0004670633017174261 1.9138682746537719e-07 5.6140488281405496e-08 1.9138682746480144e-07 0.0004743655035154504 -1.8603044216369476e-08 5.614048828142724e-08 -1.8603044216365883e-08 0.00047440795285960875
1657569834.7475271 -73.07771663773084 18.03794179378182 -0.2388990072241383 0.0002868482801928515 -1.6010548713212963e-07 4.70487813635442e-08 -1.6010548713213546e-07 0.00028848460589737783 -1.2282685143531007e-08 4.7048781363545045e-08 -1.2282685143531823e-08 0.0002884391965240067
1657569834.9475272 -72.8691217441738 18.102002051448977 -0.23917588250234303 0.0004689622154321734 2.81444630827034e-07 6.149506688635662e-08 2.814446308269502e-07 0.00047608208481102665 -2.7413218263306642e-08 6.14950668863513e-08 -2.7413218263312605e-08 0.0004760988458803527
1657569835.1475272 -72.65997492694656 18.164781300044506 -0.23933070634642667 0.00028707187438193466 -1.666395117785639e-07 2.7610161023801022e-08 -1.666395117785024e-07 0.0002886285076930605 -2.214959322416248e-08 2.7610161023804907e-08 -2.2149593224165207e-08 0.0002885874433965835
1657569835.3475273 -72.44946069680394 18.228290304592015 -0.23900051854901155 0.00046914489931540216 3.516922952454303e-07 1.6348741448150776e-08 3.516922952458117e-07 0.0004764151986445973 -4.692237366280087e-09 1.6348741448153936e-08 -4.692237366278795e-09 0.00047639725711177505
1657569835.5475273 -72.2355194527933 18.294514946368558 -0.23799012799607994 0.0002870682658321218 -1.4464870584312585e-07 -2.7512995089157485e-08 -1.4464870584312582e-07 0.0002887995345062702 5.488334768401297e-10 -2.751299508915574e-08 5.488334768370637e-10 0.00028873498818270886
1657569835.7475274 -72.01929943672927 18.363266000593867 -0.23626365686508097 0.00046911522746477264 2.3156132528730643e-07 4.4660961793798375e-09 2.3156132528741427e-07 0.00047693749956358937 -1.5599552740757444e-08 4.466096179377956e-09 -1.5599552740742154e-08 0.0004769091359178552
1657569835.9475274 -71.8059093554977 18.431868075522733 -0.23396948007596013 0.00028711342307863693 -2.1649783506107358e-07 2.0878303655504925e-09 -2.1649783506109283e-07 0.0002887969238425455 -1.917006070917978e-08 2.087830365547834e-09 -1.9170060709180937e-08 0.0002887280701165359
1657569836.1475275 -71.59676633805904 18.49919808267395 -0.23169976909850448 0.0004692931560510671 1.2229882760742174e-07 -7.616860029026728e-08 1.222988276076174e-07 0.00047681705231309546 -7.12888146753688e-09 -7.616860029027625e-08 -7.128881467552708e-09 0.0004767445363817205
1657569836.3475275 -71.38828590194603 18.566292552582592 -0.23059644279938823 0.00028672434589901074 -2.7133535612291145e-07 -5.8781037149681724e-08 -2.713353561228845e-07 0.0002884900529673405 -9.955110996262415e-09 -5.878103714968118e-08 -9.955110996260751e-09 0.00028838608166855935
1657569836.5475276 -71.17814873224376 18.63404201778767 -0.23078042438780735 0.00046880519010109213 3.292985378913692e-10 6.215011503451912e-08 3.2929853757967185e-10 0.0004763787850590598 -3.617038335441666e-08 6.215011503450438e-08 -3.6170383354397644e-08 0.0004762818948222335
1657569836.7475276 -70.96593031182618 18.70293656079907 -0.23111625292656382 0.00028691914174451934 -3.7759791462396703e-07 3.831944736724461e-08 -3.775979146239891e-07 0.0002888174034771823 -3.459087173384542e-08 3.8319447367243755e-08 -3.4590871733846426e-08 0.0002887017710927521
1657569836.9475276 -70.75237946008268 18.772344684783487 -0.2308301685002619 0.00046915632982330997 2.9246284953024904e-08 5.069179727243519e-08 2.9246284953055592e-08 0.0004767157784714882 3.170195906775406e-09 5.069179727244087e-08 3.170195906777542e-09 0.0004766771146430422
1657569837.1475277 -70.53941928424925 18.840275131409097 -0.22966802000461112 0.0002872869876649357 -2.966689804540238e-07 1.1238636334984413e-08 -2.966689804539361e-07 0.00028879228596418577 1.5075813992869732e-08 1.1238636334993704e-08 1.5075813992871357e-08 0.000288734574336187
1657569837.3475277 -70.3281564162556 18.906552674863622 -0.22805866988494314 0.00046964839270335906 -5.329755732089549e-08 2.169848059586024e-08 -5.3297557321155195e-08 0.00047677144854357795 3.2211073937870914e-08 2.1698480595863913e-08 3.22110739378932e-08 0.0004767132663259813
1657569837.5475278 -70.11836182046444 18.973252170104725 -0.22720162966390667 0.0002874972133406635 -4.257784412870905e-07 4.1786788049628555e-08 -4.2577844128715894e-07 0.0002887621014943433 2.582679940116806e-08 4.178678804964267e-08 2.5826799401164243e-08 0.00028867318974200415
1657569837.7475278 -69.90747643371718 19.04088004442222 -0.227304493656476 0.00046973020194895584 6.003237095398897e-08 8.420918632725103e-08 6.003237095392121e-08 0.0004772189996152111 2.6872962903999206e-09 8.420918632714408e-08 2.687296290407082e-09 0.0004772776169669402
1657569837.947528 -69.69013171597098 19.10777337957411 -0.22733358130186948 0.00028782886322033273 -1.6158799419020629e-07 7.134881092406151e-08 -1.6158799419026627e-07 0.0002898229272007981 -1.7198710538086998e-08 7.134881092406157e-08 -1.719871053808456e-08 0.0002898542256420186
1657569838.147528 -69.46513290954876 19.17345010518913 -0.2267904565824449 0.0004745727791660236 1.8801483978010957e-07 1.3770857358549542e-08 1.8801483978002084e-07 0.00048356986418603154 -2.2788598697059213e-08 1.377085735857115e-08 -2.278859869707525e-08 0.00048359562199147495
1657569838.347528 -69.23656967578825 19.238986325852817 -0.22594782816349926 0.0003008512491062403 -2.188882161738571e-07 8.31612639885639e-09 -2.1888821617390495e-07 0.00030392097365688705 -3.244310655284741e-08 8.316126398858632e-09 -3.244310655285462e-08 0.00030387244811881013
1657569838.547528 -69.00892879711955 19.304240512663476 -0.22550338738608858 0.000545124146295009 6.586608962589174e-07 -3.6911878354515536e-08 6.586608962585833e-07 0.0005620153573826286 -1.561086549133354e-08 -3.6911878354538704e-08 -1.5610865491316766e-08 0.0005619869165329114
1657569838.747528 -68.78660158587539 19.36749594809613 -0.22664367921074063 0.0004951026455821798 3.2593918626912347e-07 2.6624581488955073e-08 3.259391862690707e-07 0.0005100996471594675 -1.9120248662226046e-08 2.6624581488949826e-08 -1.9120248662221963e-08 0.0005099905976785903
1657569838.9475281 -68.57101075705896 19.428016888084837 -0.22980862506488975 0.0036303028572633855 9.171694325773184e-06 1.4760140390016902e-06 9.171694325772603e-06 0.003812381566832732 -1.0648949475211196e-07 1.476014039001678e-06 -1.0648949475212247e-07 0.0038124950851659172
1657569839.1475282 -68.35975080283188 19.486413601544033 -0.23456384857423762 0.004037690735200287 1.1862781926022851e-05 2.1662071834434764e-06 1.1862781926023673e-05 0.004284763910230509 -1.6503862801125688e-07 2.166207183443563e-06 -1.6503862801127832e-07 0.004284975983881708
1657569839.3475282 -68.15015319992148 19.543358321317662 -0.24036106226929557 0.0009440964347193756 1.2347979217171093e-06 2.540452118877753e-07 1.2347979217165227e-06 0.0009844116901513852 -2.688737185585479e-08 2.5404521188788066e-07 -2.6887371855892624e-08 0.0009843000419082733
1657569839.5475283 -67.93955757761691 19.59948595191953 -0.24659496967625655 0.00034129012801622783 -1.1100390333888229e-07 2.4987552224329004e-08 -1.1100390333878507e-07 0.00034733816028917596 -1.1292425832294627e-09 2.4987552224332482e-08 -1.129242583233408e-09 0.00034725035624454646
1657569839.7475283 -67.72575882928938 19.65488214743686 -0.2525733626139312 0.0004990325898680645 7.193829689304292e-09 1.3522012800122616e-07 7.1938296894978065e-09 0.0005090704455163012 -6.5866488648323636e-09 1.3522012800124877e-07 -6.586648864849613e-09 0.000508988228053585
1657569839.9475284 -67.5070880909049 19.708902881106344 -0.25714493880230177 0.00028904407237995844 -3.996176621854341e-07 2.3143746980725736e-08 -3.9961766218541765e-07 0.0002911126294830959 3.145286653596597e-09 2.3143746980723632e-08 3.1452866535945524e-09 0.0002910391791263387
1657569840.1475284 -67.28511724480444 19.762120327600584 -0.26008332824144603 0.00046503600243586894 1.075417459762302e-07 6.946117862572849e-08 1.0754174597603404e-07 0.00047316036886899495 1.5242335127124365e-08 6.94611786257519e-08 1.524233512712061e-08 0.00047330849320896827
1657569840.3475285 -67.0651754173702 19.816669507060187 -0.262229565913468 0.00029271984055746493 -2.8431062803796575e-07 4.649742556316997e-08 -2.843106280379081e-07 0.0002947850041061102 -8.331739848398387e-09 4.6497425563167685e-08 -8.331739848396517e-09 0.000294955131834265
1657569840.5475285 -66.84850483951277 19.871378312863 -0.26428861960446237 0.0004726818703166581 -4.057569835010055e-08 1.5650224461773213e-08 -4.0575698350015516e-08 0.0004805802575718618 -3.022811292110719e-08 1.5650224461787857e-08 -3.0228112921123317e-08 0.0004810604161046115
1657569840.7475286 -66.63101170161377 19.921034981692678 -0.2666827148462786 0.00028546602576990466 -3.0198083410031376e-07 2.3836476418148484e-08 -3.0198083410042234e-07 0.0002873325034609008 -3.056843985060219e-08 2.3836476418154112e-08 -3.056843985060875e-08 0.00028774503285778345
1657569840.9475286 -66.411328890724 19.96678309808781 -0.26955778546864767 0.0004709195999516066 -8.717680031894016e-08 -4.731870033813902e-08 -8.717680031885621e-08 0.0004785364753584597 -8.306231854045797e-09 -4.7318700338021956e-08 -8.306231854068922e-09 0.00047948312954991957
1657569841.1475286 -66.19173503310151 20.01778797870875 -0.27277434186814886 0.0002858265203100492 -6.347633762717363e-07 -6.740955630975379e-08 -6.347633762715942e-07 0.0002874710188183406 2.0689964794999274e-08 -6.740955630975162e-08 2.0689964794988093e-08 0.0002880464184407456
1657569841.3475287 -65.97759952216305 20.075062471851574 -0.2760682889477118 0.00047135153957963955 -8.252682155966052e-07 7.015090227783776e-08 -8.252682155971646e-07 0.00048046181054961853 2.0408286061990862e-08 7.015090227785999e-08 2.040828606199338e-08 0.00048124308322236543
1657569841.5475287 -65.77729105032294 20.129164174334072 -0.27903662434182464 0.00028365715526693753 -8.603040276141074e-07 9.093449094449496e-08 -8.60304027614163e-07 0.00028809120558039546 1.641366604093221e-08 9.093449094450136e-08 1.6413666040926207e-08 0.0002885697881800316
1657569841.7475288 -65.57661518414025 20.180282205272707 -0.2820124350882556 0.00046265941775498715 -1.0071137535191457e-06 1.082250673282652e-07 -1.0071137535189814e-06 0.00047819142935566066 1.0162258250328545e-07 1.082250673282644e-07 1.0162258250332346e-07 0.0004794251390160992
1657569841.9475288 -65.33370362916257 20.239656730828855 -0.2861897809882672 0.00029172298090306224 -9.942952378800706e-07 1.236046822684229e-07 -9.942952378800178e-07 0.00030471723080165364 1.0212488628970386e-07 1.236046822684348e-07 1.0212488628955446e-07 0.0003059846107599037
1657569842.147529 -65.0610035980781 20.302131239075297 -0.29114910498690466 0.00046764714239354055 -2.011362189607947e-06 4.690560751344269e-07 -2.0113621896078366e-06 0.0004991268239956402 1.0575818112044178e-07 4.6905607513446235e-07 1.057581811205189e-07 0.0005018801391504424
1657569842.347529 -64.83895296834973 20.343900633715638 -0.29444321478897173 0.0002890945397289968 -1.3352616711841625e-06 3.573248735111572e-07 -1.3352616711841692e-06 0.00030359558388450355 3.643431546473307e-08 3.5732487351115216e-07 3.6434315464826084e-08 0.00030614018705771545
1657569842.547529 -64.67991357655167 20.358449578145677 -0.2958434344697302 0.00046732997200771607 -1.6081769834109995e-07 4.6065776094136936e-07 -1.608176983413187e-07 0.0004864710085215348 3.191661769934139e-08 4.606577609413738e-07 3.191661769952485e-08 0.0004892189693390341
1657569842.747529 -64.5060339143155 20.355756426726384 -0.29774079327599234 0.0002893499755343075 3.1582317716420926e-07 2.659254825616557e-07 3.158231771643546e-07 0.0002958117090314822 -2.9402054074668192e-08 2.659254825616581e-07 -2.9402054074529276e-08 0.0002972488456732609
1657569842.947529 -64.2868789727688 20.340130750023032 -0.3003417789550822 0.00046737585187818433 9.722665593343594e-07 2.864075495739615e-07 9.72266559333892e-07 0.0004778703284344128 -2.0545894314708686e-08 2.864075495739776e-07 -2.0545894314661275e-08 0.0004788676347724719
1657569843.1475291 -64.05789215886679 20.31202183993863 -0.3010938009571564 0.00028928119288963624 2.7081702558846764e-08 3.727407034963752e-08 2.7081702558907634e-08 0.0002913179340634179 2.509192637580574e-08 3.727407034963386e-08 2.5091926375847352e-08 0.0002914280840383921
1657569843.3475292 -63.8383187290846 20.274115755125614 -0.29980711629572043 0.0004689479230686467 1.3615973354587003e-06 1.0802079403252567e-07 1.3615973354586548e-06 0.00047633131745949584 1.385884677825536e-08 1.0802079403255083e-07 1.3858846778176533e-08 0.00047668136882158635
1657569843.5475292 -63.6219519177226 20.23046336641592 -0.29930733010991684 0.0002882946505581086 2.582458171557788e-07 9.419025805656773e-08 2.5824581715573473e-07 0.0002898027495276357 -2.7874244726414665e-08 9.419025805656376e-08 -2.7874244726462532e-08 0.00028989597723436036
1657569843.7475293 -63.405230643591736 20.18449828239902 -0.3005693078330802 0.000468768001822383 1.4356645744188734e-06 4.1409723390180525e-08 1.435664574418305e-06 0.00047564419623299546 -3.5629122269503404e-08 4.140972339013889e-08 -3.562912226951517e-08 0.0004759952500971845
1657569843.9475293 -63.189768371172754 20.139818321925887 -0.30216413911262974 0.00028764456674526187 1.991275860002526e-07 -5.19964221841958e-09 1.9912758600023086e-07 0.0002891043972664556 -1.3834685144402102e-08 -5.199642218396707e-09 -1.3834685144412086e-08 0.00028921119845183693
1657569844.1475294 -62.97665712299533 20.096881490348736 -0.30339557976212234 0.00046834345759732627 1.0162336428639702e-06 1.0986335108450089e-07 1.0162336428641364e-06 0.0004751058701024506 -3.273547757984977e-08 1.0986335108444715e-07 -3.2735477579820666e-08 0.0004752713024654531
1657569844.3475294 -62.765862822183784 20.052770243105186 -0.3046588302215533 0.00028788598241142596 1.7364557188153984e-08 9.686487283761798e-08 1.736455718811849e-08 0.0002892857566884398 -1.8248343129493202e-08 9.686487283761651e-08 -1.8248343129492967e-08 0.00028924568394949175
1657569844.5475295 -62.55688632030971 20.006166173586656 -0.3061226287257694 0.0004687878559869993 7.528639912138311e-07 6.134624263467757e-08 7.528639912132394e-07 0.0004751869698608153 -8.235715139366755e-09 6.134624263466756e-08 -8.235715139368773e-09 0.0004752967590479221
1657569844.7475295 -62.34859822457415 19.957990435164326 -0.3075432461339391 0.00028781948600124937 -1.3065059889667847e-07 1.77375858013213e-08 -1.3065059889666762e-07 0.00028896770791672535 4.191624542615221e-09 1.7737585801321103e-08 4.191624542615413e-09 0.00028893444441822403
1657569844.9475296 -62.14032310122489 19.907748299835188 -0.3085269864126552 0.00046874663825957857 6.625052744652346e-07 8.211840030188601e-08 6.625052744654712e-07 0.00047514995505329124 6.326138372085263e-09 8.211840030181773e-08 6.326138372097661e-09 0.0004751624947036576
1657569845.1475296 -61.93209465551398 19.852827400850348 -0.3084791175800176 0.00028782777917761543 -5.4008693685886936e-08 4.2498344582907016e-08 -5.400869368599e-08 0.0002889842961641947 1.3996977770935523e-08 4.249834458290984e-08 1.3996977770937238e-08 0.0002889153829841655
1657569845.3475296 -61.72445816745448 19.79061696942995 -0.3071775531620894 0.00046893466598041953 8.04058994010894e-07 1.8427833988972861e-09 8.040589940103998e-07 0.00047543878907362297 7.78104441773169e-09 1.842783398931708e-09 7.781044417732926e-09 0.0004754985405393468
1657569845.5475297 -61.51859278739252 19.718332612135157 -0.30484151149184735 0.0002876992580002156 1.0409979056261848e-07 6.062260939359597e-11 1.0409979056256268e-07 0.00028884402925535765 8.906867283881556e-09 6.06226093932677e-11 8.906867283882403e-09 0.0002888478499803887
1657569845.7475297 -61.315376899210236 19.635116294142392 -0.3020530212120144 0.0004688155885729437 1.3057539755269136e-06 -6.503185723686656e-08 1.3057539755266055e-06 0.0004752505174610203 2.4629977171259344e-08 -6.503185723687577e-08 2.46299771712603e-08 0.0004755094785622216
1657569845.9475298 -61.1151892919367 19.542219488902756 -0.29981547375447554 0.0002879547706703354 3.2582037212528995e-07 -2.594010702650848e-08 3.2582037212530075e-07 0.00028902540823107204 9.098591950216699e-09 -2.5940107026507215e-08 9.098591950218583e-09 0.0002891251910569271
1657569846.1475298 -60.918890598483664 19.44246803591626 -0.29826266262489887 0.0004693672445440919 1.6734518473421228e-06 -1.227405438694082e-08 1.673451847341869e-06 0.0004756125931417553 1.554656270963045e-08 -1.2274054386953618e-08 1.5546562709648133e-08 0.0004760307798771972
1657569846.34753 -60.72769964980148 19.34059494345154 -0.2965042069809622 0.0002875786673318133 3.081619202016446e-07 2.4424990855722015e-09 3.0816192020169205e-07 0.0002886742966303732 3.259329538921979e-08 2.442499085564261e-09 3.259329538922256e-08 0.0002887803920318732
1657569846.54753 -60.5380999028364 19.23899175578916 -0.294493921426037 0.0004690670896902069 1.438992373893671e-06 4.099610760016806e-08 1.4389923738934058e-06 0.0004750666094578342 8.868689128761333e-08 4.099610760015025e-08 8.868689128761338e-08 0.0004757192045860098
1657569846.74753 -60.34076614385641 19.13715773522981 -0.2933074072386693 0.0002881874133926225 1.7485527709746402e-07 6.315128437997451e-08 1.7485527709748345e-07 0.0002894321012041798 9.98294276931456e-08 6.315128437999696e-08 9.982942769314098e-08 0.0002899337437085984
1657569846.94753 -60.1349660880624 19.031064040291064 -0.2925688744848312 0.00046973916201418006 1.2855757498442494e-06 8.283699925229628e-08 1.2855757498451062e-06 0.0004767042027729609 1.9013940950690764e-07 8.283699925230958e-08 1.9013940950685873e-07 0.0004777327250825922
1657569847.14753 -59.931054653411344 18.91328364458613 -0.2900935951418516 0.00028937513312273113 3.356906736715828e-07 2.6824800893867817e-08 3.356906736714842e-07 0.0002904419993749579 1.2039705129158277e-07 2.6824800893868207e-08 1.2039705129157763e-07 0.0002909781794747277
1657569847.3475301 -59.7358313069183 18.784190709805443 -0.2861528735520514 0.00047748083087758615 2.221774283216251e-06 -9.337875786615782e-08 2.221774283215702e-06 0.000484776074481891 1.8189090144349852e-07 -9.33787578661967e-08 1.8189090144345217e-07 0.00048576510755342773
1657569847.5475302 -59.55035524423784 18.653614803938684 -0.28414493245854344 0.00028170351425387186 5.616961869992911e-07 -4.028229802963894e-10 5.616961869992648e-07 0.0002828520846995582 2.8191983391616392e-08 -4.0282298030004183e-10 2.8191983391609073e-08 0.00028309164948750655
1657569847.7475302 -59.37272234234136 18.526939526703917 -0.2855382313675193 0.00047608712500001857 2.116230148487545e-06 4.975640548100318e-08 2.1162301484880793e-06 0.00048221207572545546 1.1240246534316886e-08 4.975640548108983e-08 1.1240246534342182e-08 0.0004828505702469135
1657569847.9475303 -59.197686043497654 18.403575924982068 -0.2892690188276542 0.00028096281690247177 4.948351031526986e-07 6.945772379292152e-08 4.948351031525054e-07 0.00028183618873179277 9.54791642101815e-09 6.945772379291239e-08 9.547916421029087e-09 0.0002820076382070148
1657569848.1475303 -59.02118255976712 18.28101144194244 -0.29359935690173156 0.0004766680890101758 1.8973749477928615e-06 1.714699324858952e-07 1.8973749477925294e-06 0.00048280652725288806 -1.6166077018835417e-08 1.7146993248587483e-07 -1.6166077018825643e-08 0.0004833063666690615
1657569848.3475304 -58.8405902035165 18.15551344546613 -0.2960734190783118 0.00027954188508840845 4.942353941740474e-07 5.8930674268379883e-08 4.942353941741948e-07 0.0002807362295669137 8.080631382019296e-10 5.89306742683826e-08 8.080631382006251e-10 0.0002808622216145981
1657569848.5475304 -58.65678612466759 18.02647589150614 -0.29591972060695826 0.00047642609861919675 1.978909839202405e-06 1.4469325957874767e-08 1.9789098392025997e-06 0.0004829113135781837 -3.173977303297016e-09 1.4469325957877205e-08 -3.1739773033030077e-09 0.00048348558468745624
1657569848.7475305 -58.474664040426774 17.897637222341316 -0.2943696196309495 0.00027997864092766316 4.337149750216914e-07 3.0102357837900998e-09 4.337149750215719e-07 0.0002808608284147212 -6.139378233456279e-10 3.0102357837856102e-09 -6.13937823344413e-10 0.0002810544091489576
1657569848.9475305 -58.295915096052056 17.770900313044002 -0.2926530877750346 0.0004764769330425982 1.9120284313216933e-06 -2.885240610270081e-08 1.9120284313206854e-06 0.00048272555888636463 1.943442194203616e-08 -2.8852406102682273e-08 1.9434421942037598e-08 0.0004832590403039218
1657569849.1475306 -58.117735403805035 17.645649773995128 -0.291767350043428 0.000279891811676322 4.132639313724268e-07 1.2903298538617834e-08 4.1326393137239613e-07 0.0002808024483959353 1.0684569446969536e-08 1.2903298538615523e-08 1.0684569446966241e-08 0.0002809402087745365
1657569849.3475306 -57.93923114934544 17.520707517684464 -0.29158348624010727 0.00047694514113686266 1.8526919501486705e-06 -2.947997277625739e-08 1.8526919501487378e-06 0.0004828907567441302 3.30094514155563e-08 -2.947997277626183e-08 3.300945141552299e-08 0.00048346701101154905
1657569849.5475307 -57.76215182995571 17.39459320258512 -0.2906205717316709 0.00027973378149820534 4.1701525012744875e-07 -5.6294273504901714e-08 4.170152501274898e-07 0.00028034567207351206 2.5486522929820325e-08 -5.629427350490935e-08 2.5486522929816086e-08 0.0002805543764910384
1657569849.7475307 -57.58667850370156 17.267584206913238 -0.28838682682619005 0.0004768661766466509 2.0036104535506086e-06 -5.3095120935502735e-09 2.0036104535509647e-06 0.0004825582465025724 3.642357337549531e-08 -5.309512093515877e-09 3.642357337546613e-08 0.00048323191191075707
1657569849.9475307 -57.410745436853475 17.142267671128213 -0.28569700965620676 0.00027967232392529524 4.7265656460709125e-07 2.4153832949374173e-08 4.7265656460703826e-07 0.0002802849853541368 1.4728712882981065e-08 2.41538329493741e-08 1.4728712882981504e-08 0.000280488549805064
1657569850.1475308 -57.23336758115196 17.01969013364925 -0.2830044108743896 0.0004766694269496613 1.9355616992614746e-06 -8.147731327395484e-08 1.9355616992620273e-06 0.00048234144490303705 3.450382296759457e-08 -8.147731327394423e-08 3.450382296763121e-08 0.0004829152132183527
1657569850.3475308 -57.054978500624436 16.898882729038153 -0.28018776845460525 0.0002797331548385328 4.5538100788669685e-07 -6.964544473144852e-08 4.553810078865956e-07 0.0002803445195742206 2.82141975610099e-08 -6.964544473144084e-08 2.8214197561002147e-08 0.0002804949235890175
1657569850.547531 -56.875624136223216 16.778935891851226 -0.2768322777447788 0.00047635101134561804 1.7936311475070126e-06 -1.0812333034447325e-07 1.7936311475072034e-06 0.0004820914813853733 3.974524351103038e-08 -1.0812333034443404e-07 3.974524351103156e-08 0.0004825879417283562
1657569850.747531 -56.69477826551768 16.659131592289565 -0.2722189868460272 0.00027902333238527256 3.7469086211581384e-07 -8.649261143785962e-08 3.746908621157106e-07 0.00027967241436003854 3.6233465781934035e-08 -8.649261143785812e-08 3.6233465781938105e-08 0.0002798015173986001
1657569850.947531 -56.51286470578668 16.537968118394726 -0.2665008076227941 0.0004689772046401295 1.847366850420706e-06 -1.2243939780577835e-07 1.8473668504200637e-06 0.0004747309804555105 2.3099388716809363e-08 -1.224393978057668e-07 2.3099388716807695e-08 0.0004752992344069268
1657569851.147531 -56.331648126409426 16.412770280812857 -0.2609510445538057 0.00028609223575280893 5.610254948277327e-07 -3.0500305594407074e-08 5.610254948277653e-07 0.0002868566488290572 1.1155252901533848e-08 -3.050030559440866e-08 1.1155252901535948e-08 0.000287110693201043
1657569851.347531 -56.151986653143645 16.282482339527707 -0.25584643539209523 0.0004722541889343171 2.2696120695924922e-06 -1.0076303051158016e-07 2.2696120695925456e-06 0.00047810472038137416 4.9458851224652e-08 -1.0076303051155298e-07 4.945885122466724e-08 0.0004788430056432555
1657569851.5475311 -55.9735654357593 16.147985443006206 -0.2502249696599229 0.00028387040736620655 7.238667028126116e-07 -3.7199761072781474e-08 7.238667028125557e-07 0.00028471808252091024 4.455404490658308e-08 -3.71997610727788e-08 4.455404490658923e-08 0.00028504103718198116
1657569851.7475312 -55.79509004371942 16.011159874546898 -0.2439721214210225 0.0004652605270261175 2.563949304579229e-06 -1.3915039479849854e-07 2.5639493045789837e-06 0.00047068142297953137 6.557090593712701e-08 -1.3915039479850627e-07 6.557090593713541e-08 0.00047166069448848126
1657569851.9475312 -55.61408719651345 15.87502008880528 -0.2381773805483484 0.0002906399673918661 8.565856295103606e-07 -5.097770037692079e-08 8.565856295103886e-07 0.0002914417148490044 1.9844913215807255e-08 -5.0977700376919476e-08 1.9844913215816767e-08 0.00029183121635650193
1657569852.1475313 -55.430162249399054 15.740631364210154 -0.23341192501112643 0.0004669277276960814 2.616626152599242e-06 -1.7338239263624806e-07 2.6166261525993432e-06 0.0004727369530278653 5.184773655808459e-08 -1.733823926362261e-07 5.1847736558081134e-08 0.0004737339256497165
1657569852.3475313 -55.245308090437426 15.606821626598348 -0.22957375989376091 0.0002906724905458406 8.77921766711886e-07 -1.0608048623016679e-07 8.779217667119728e-07 0.00029162031784014627 2.1824077090351597e-08 -1.0608048623017603e-07 2.1824077090352735e-08 0.000292024503802591
1657569852.5475314 -55.060911929046725 15.473962875539568 -0.2261549232873755 0.0004671203279260578 2.657162708966642e-06 -1.0717288115634958e-07 2.657162708965398e-06 0.0004729213948636774 2.89708521855293e-08 -1.0717288115631965e-07 2.8970852185499134e-08 0.0004738771124560697
1657569852.7475314 -54.87738123257296 15.34457654804978 -0.22224735623865294 0.00029072848397543305 8.311531834395454e-07 -5.4628280050399064e-08 8.311531834395673e-07 0.0002915252226641226 2.263253046870947e-08 -5.462828005040108e-08 2.2632530468712703e-08 0.000291859260913697
1657569852.9475315 -54.6968549673479 15.220555006576708 -0.2180450282220901 0.00046777290500427663 2.3820548107095034e-06 -1.5618174312476296e-07 2.382054810708878e-06 0.0004729632916691215 3.8026265073017695e-08 -1.5618174312475872e-07 3.802626507303475e-08 0.0004737841159172011
1657569853.1475315 -54.52351971567783 15.102746368989862 -0.2150742199422951 0.00029161965783085903 6.859655285853712e-07 -5.486561646241969e-08 6.859655285854353e-07 0.00029182146524693006 1.7640884692243094e-08 -5.486561646242391e-08 1.764088469224676e-08 0.0002921212991267077
1657569853.3475316 -54.35844834600009 14.989660303325502 -0.2137521456268237 0.00047525412576633033 2.104513652635295e-06 -5.6586416726890305e-08 2.1045136526352416e-06 0.0004794946301511107 4.048929167211211e-08 -5.65864167269121e-08 4.0489291672135437e-08 0.00048029831790654244
1657569853.5475316 -54.19886131720528 14.877041347208433 -0.21307131440606103 0.0002841354674338554 5.679471261976808e-07 1.6853626502645355e-09 5.679471261977375e-07 0.00028385885334025583 1.717880825310656e-08 1.685362650260193e-09 1.7178808253112757e-08 0.0002842136364309359
1657569853.7475317 -54.048155593685244 14.767575161870086 -0.21227112502772277 0.0004729849403725862 2.0691863230754123e-06 -2.8271897394298142e-08 2.069186323075836e-06 0.0004759604619046686 -1.4671432218486139e-09 -2.8271897394299856e-08 -1.4671432218237838e-09 0.0004769000502742456
1657569853.9475317 -53.91781965438207 14.672555767216199 -0.2109358515070384 0.0002835570285178731 3.964034907123733e-07 -1.0423969103992926e-08 3.964034907124005e-07 0.00028232397557568595 -9.45126890813433e-09 -1.042396910399206e-08 -9.451268908135461e-09 0.00028263549365776895
1657569854.1475317 -53.81526922561546 14.59831130210224 -0.20906209572863085 0.0004649610972797694 1.0085025717023697e-06 -4.982559893117914e-08 1.0085025717027325e-06 0.00046537381707808417 2.5263926823842777e-08 -4.982559893118194e-08 2.5263926823844553e-08 0.00046587124857027664
1657569854.3475318 -53.741978159303926 14.544327854261901 -0.20708487911557658 0.00029105556178535887 5.5890832306946e-09 -2.291774308334162e-08 5.5890832306622086e-09 0.00028900242166140497 2.5414276301229153e-08 -2.291774308334985e-08 2.541427630123524e-08 0.00028912358221207826
1657569854.5475318 -53.69940357046007 14.511827387932117 -0.20575754705182808 0.0004743633526541656 3.70897265590687e-07 -1.2896425760889977e-07 3.708972655902857e-07 0.0004729909828696951 6.758712596420622e-08 -1.2896425760887248e-07 6.758712596420718e-08 0.00047332395288176074
1657569854.747532 -53.68910214759741 14.504428858678764 -0.20614088595979585 0.00028322744312314353 1.8033031981932017e-07 -1.4784775054376805e-07 1.8033031981916534e-07 0.00028126595630096414 6.812442448852048e-08 -1.4784775054376533e-07 6.81244244885278e-08 0.00028152803931407133
1657569854.947532 -53.70024397397233 14.514969862825557 -0.20793553662606507 0.0004646175281003815 5.241713842538002e-07 -1.6709780002840924e-07 5.241713842536427e-07 0.0004635276569297643 9.566704693729323e-08 -1.6709780002843185e-07 9.566704693729418e-08 0.00046391614419521375
1657569855.147532 -53.706661619626416 14.523079862614162 -0.20918132086910293 0.00029021161976912476 -6.642528324369819e-08 -8.379701250935969e-08 -6.642528324376029e-08 0.000287953997863036 4.5173947405315924e-08 -8.379701250935922e-08 4.517394740532527e-08 0.0002880593404562454
1657569855.347532 -53.70021852886206 14.521622860003363 -0.20923331202244225 0.00046622760446153827 -7.43461560248543e-08 -9.163328596814935e-08 -7.434615602529225e-08 0.0004644324784494165 3.1836210053045096e-08 -9.163328596815845e-08 3.183621005305166e-08 0.0004645152428353456
1657569855.547532 -53.696370152758 14.520439751350416 -0.2091389325574585 0.0002909853612268569 -3.944100823366031e-07 -4.20717093248447e-08 -3.9441008233668403e-07 0.00028840623605592606 1.0768273612986938e-08 -4.2071709324848594e-08 1.076827361298098e-08 0.0002883648201381475
1657569855.7475321 -53.700508679553494 14.52332220026405 -0.2093588526541203 0.00047412806073743454 -3.6307701501440657e-07 -3.7461530409259504e-08 -3.630770150145149e-07 0.00047164925994322714 3.3442038128202197e-09 -3.7461530409259576e-08 3.3442038128204298e-09 0.000471609018989867
1657569855.9475322 -53.70370743246467 14.525534928189094 -0.20953148375754874 0.00028388022770065436 -4.874516824298971e-07 -2.109178216914607e-08 -4.874516824298669e-07 0.0002809357563002385 -7.555015276697034e-11 -2.109178216914723e-08 -7.555015276661065e-11 0.0002808514154100956
1657569856.1475322 -53.702487665335234 14.525281327770701 -0.20951126717671822 0.00047273114606422365 -4.4676990404408276e-07 -1.0980895150899901e-08 -4.4676990404377286e-07 0.00046994037799684955 9.668685343569328e-09 -1.0980895150890609e-08 9.668685343567435e-09 0.00046987558113068277
1657569856.3475323 -53.701364683872775 14.524975913320205 -0.2094729956369615 0.00028323717978811044 -5.086851597969098e-07 -4.639368745427963e-09 -5.086851597968927e-07 0.00028015586869244803 1.147077847510203e-08 -4.639368745429588e-09 1.1470778475102472e-08 0.00028007622382457577
1657569856.5475323 -53.701950812289304 14.525386110600346 -0.20949735062429106 0.00047199955863727437 -4.255726251383505e-07 1.730811236433867e-08 -4.2557262513821493e-07 0.0004693416997753991 7.071902186346805e-09 1.7308112364313937e-08 7.071902186326859e-09 0.0004692952476894993
1657569856.7475324 -53.701599345154065 14.524979846146847 -0.20952622351586034 0.0002834214927756843 -4.520667238323941e-07 2.1799764438504488e-08 -4.5206672383236887e-07 0.0002805956155628123 7.41337214581859e-09 2.1799764438508154e-08 7.413372145824498e-09 0.00028055075459421645
1657569856.9475324 -53.700921382466134 14.524420323906787 -0.20953972883230793 0.0004726417794530547 -3.391279303789428e-07 -3.0568639506599515e-08 -3.391279303789114e-07 0.00047023920220197094 1.6641132123587966e-08 -3.0568639506577386e-08 1.664113212358654e-08 0.00047026372088468
1657569857.1475325 -53.70465846374957 14.527064905254871 -0.20958539368295614 0.0002844278846611554 -3.3270083048094864e-07 -3.227407855143661e-08 -3.327008304810136e-07 0.00028195005181430165 2.1690097688194502e-08 -3.227407855143616e-08 2.169009768818325e-08 0.0002819978075916663
1657569857.3475325 -53.704619123742766 14.528202648172627 -0.20994432181954367 0.0004779157464163011 1.0929878557151378e-07 8.339594120315398e-08 1.0929878557070807e-07 0.0004764549791178084 2.8229548371868216e-08 8.339594120314664e-08 2.822954837188369e-08 0.00047671906366310697
1657569857.5475326 -53.676171165611365 14.512873461107837 -0.21113096135665818 0.00029766274096963615 3.031922820228421e-07 7.456452060708379e-08 3.031922820228458e-07 0.0002958972126061779 5.3014186905031186e-08 7.456452060708119e-08 5.301418690503941e-08 0.00029639022957401193
1657569857.7475326 -53.60454136155156 14.46933091921899 -0.21267690212554505 0.0005501174144961839 3.343613260515722e-06 -1.5057583705767604e-07 3.343613260515891e-06 0.0005526733583907611 1.9682407678382703e-07 -1.505758370576921e-07 1.9682407678386848e-07 0.0005552594294042265
1657569857.9475327 -53.48895796065675 14.390838674913253 -0.2128928526961074 0.0004931667443815158 7.542369855649016e-06 -4.7614348345904856e-07 7.542369855649027e-06 0.0004989373131669008 3.311717905328624e-07 -4.7614348345903723e-07 3.3117179053286933e-07 0.0005044517515943983
1657569858.1475327 -53.33521343760924 14.27932797597249 -0.21098772075793118 0.0036692906588994788 0.00010117395758738026 -4.899396902369456e-06 0.00010117395758737923 0.0037993166297812264 3.344190570061758e-06 -4.899396902369567e-06 3.344190570061697e-06 0.0038645553464538344
1657569858.3475327 -53.15613434878527 14.147338089391859 -0.2074577477237249 0.004084615609909164 0.00012265343307478395 -5.065511085832914e-06 0.00012265343307478555 0.004250698610365718 3.4460518764386515e-06 -5.065511085832848e-06 3.446051876438573e-06 0.004328288494463659
1657569858.5475328 -52.96484446955885 14.008270126109496 -0.2029922863505622 0.0009428217827085672 1.856942106040522e-05 -6.384441957680609e-07 1.8569421060405192e-05 0.0009643859810646262 4.7253353283442344e-07 -6.384441957680547e-07 4.7253353283443324e-07 0.0009777340955600578
1657569858.7475328 -52.7741649858601 13.875346605430662 -0.1983697478584848 0.0003496026795088413 3.1763777178781705e-06 -1.0065339382785385e-07 3.1763777178783263e-06 0.00035170661871271764 4.7031016177390865e-08 -1.0065339382785561e-07 4.703101617738588e-08 0.0003547205428258469
1657569858.947533 -52.590150603694845 13.749780979306609 -0.1942327133371323 0.000506129746439575 5.014683244674226e-06 -2.2687714833877928e-07 5.014683244673871e-06 0.0005114802409411506 2.2026780694059203e-08 -2.2687714833877205e-07 2.2026780694072583e-08 0.0005154998604106348
1657569859.147533 -52.409934060386554 13.618696536648553 -0.19127066050707367 0.0002892102434402595 1.6658589965458955e-06 -6.960875921763184e-08 1.6658589965460463e-06 0.0002891773289504293 -3.2807365273660177e-08 -6.96087592176232e-08 -3.2807365273663485e-08 0.0002908002086253377
1657569859.347533 -52.230995190720904 13.477996156842895 -0.18952621048685553 0.00047690617594436073 4.021922366875215e-06 -1.0722374203051555e-07 4.021922366875641e-06 0.0004804155179101492 -1.0546036487954292e-08 -1.0722374203054612e-07 -1.0546036487962192e-08 0.00048307012866710897
1657569859.547533 -52.05200476947205 13.335434345518662 -0.1882806289616969 0.0002847007485334221 1.413039940279353e-06 -2.7348212884871745e-08 1.4130399402793609e-06 0.0002843944662865088 4.806010397423381e-09 -2.7348212884871493e-08 4.806010397420314e-09 0.00028532466071697494
1657569859.747533 -51.872177836495325 13.196636567093266 -0.1872360129027047 0.0004741356321528396 4.012709706288747e-06 -8.859601791041796e-08 4.012709706288693e-06 0.0004773049864944129 3.343702231056709e-08 -8.859601791041586e-08 3.3437022310580714e-08 0.0004795624727779591
1657569859.9475331 -51.69091630884031 13.063966974151768 -0.18668363650356623 0.00028404743428356256 1.4185258072658466e-06 -4.58500466449262e-08 1.418525807265928e-06 0.0002835158364913438 1.5393245811934006e-08 -4.5850046644917246e-08 1.539324581193311e-08 0.0002844323514528993
1657569860.1475332 -51.508445750464965 12.937010201221758 -0.18663519973866494 0.00046560346378931526 3.5817688807328727e-06 -9.933087004965542e-08 3.581768880732945e-06 0.00046878492113665803 4.5827956656904555e-08 -9.933087004961874e-08 4.582795665687543e-08 0.00047083596274389786
1657569860.3475332 -51.32539474389142 12.812655100237759 -0.18669505465008718 0.00029276152283598365 1.3406685928212725e-06 -7.102914914235995e-08 1.3406685928212206e-06 0.00029239297878335226 2.7312904898562256e-08 -7.102914914236103e-08 2.7312904898562766e-08 0.00029333143259736914
1657569860.5475333 -51.140911623057946 12.690222298951385 -0.18679870316283775 0.00047552490626531584 3.656440301563963e-06 -9.5929024715208e-08 3.6564403015642783e-06 0.00047895960438138857 5.131231612201156e-08 -9.592902471519827e-08 5.131231612201767e-08 0.00048099948877978674
1657569860.7475333 -50.95215075121585 12.572525251415044 -0.18725368611140789 0.00028529742694123985 1.3100884629314083e-06 -5.309754420334425e-08 1.3100884629314061e-06 0.0002851272519469779 2.6416322569815743e-08 -5.3097544203344616e-08 2.641632256981517e-08 0.0002859657368466831
1657569860.9475334 -50.75771333144528 12.459999647619965 -0.18799621544023112 0.00047366846397702597 3.614237897873623e-06 -8.841737350917664e-08 3.6142378978735135e-06 0.00047734487867134124 4.9085736589897695e-08 -8.841737350917421e-08 4.9085736589890575e-08 0.00047921294708402955
1657569861.1475334 -50.557843626946195 12.350069344415678 -0.1884492229495389 0.00028548949426725 1.3502263354868173e-06 -5.5611103081117093e-08 1.3502263354867245e-06 0.00028517071967863457 2.8018308713377834e-08 -5.561110308111807e-08 2.801830871337865e-08 0.00028596043465042425
1657569861.3475335 -50.35529717044168 12.24194788463623 -0.18835430496901076 0.00047370827952679433 3.7316347245859483e-06 -1.0697412047142295e-07 3.7316347245861e-06 0.0004776647293907498 5.93835316341827e-08 -1.069741204714244e-07 5.9383531634188116e-08 0.0004795209068941885
1657569861.5475335 -50.155738171768846 12.137304218206616 -0.18786215088249839 0.0002843888403330276 1.297336549792725e-06 -1.8262382802283996e-08 1.2973365497927027e-06 0.0002839241030640961 3.432903042346037e-08 -1.826238280229009e-08 3.4329030423459007e-08 0.00028472645650983483
1657569861.7475336 -49.960214375731205 12.037496502729516 -0.18788369505135694 0.00046608351071541826 3.492268043197575e-06 -8.46565203157e-08 3.492268043198083e-06 0.0004693000266945776 7.900535344567313e-08 -8.465652031564146e-08 7.900535344567166e-08 0.0004710705346925187
1657569861.9475336 -49.76362630646024 11.943636583846338 -0.19022105008278034 0.00029126954127252624 1.3078567752729725e-06 9.904355093934974e-09 1.3078567752730894e-06 0.000290881174368479 2.3163822238159097e-08 9.904355093933222e-09 2.31638222381511e-08 0.00029161667150455673
1657569862.1475337 -49.56224469716062 11.85608446870177 -0.194720203634103 0.0004674027171808357 3.408715323835217e-06 4.444619756905745e-09 3.408715323835363e-06 0.00047105545730931185 3.3765838467652694e-08 4.4446197568838705e-09 3.376583846765409e-08 0.00047274250785354075
1657569862.3475337 -49.35433163916402 11.77449545076902 -0.19878082711636252 0.0002911858068816798 1.2891328656967957e-06 -2.1356145236683775e-08 1.289132865696882e-06 0.00029137334285100826 1.8372092777787792e-08 -2.1356145236685466e-08 1.837209277778688e-08 0.0002921144631106221
1657569862.5475338 -49.14035040871817 11.700168452989281 -0.20097006173064588 0.000468087829691233 3.415189221129653e-06 -8.132143657384198e-08 3.415189221130082e-06 0.00047245412610307685 1.6125735378885285e-08 -8.132143657384556e-08 1.6125735378881014e-08 0.0004741271606931608
1657569862.7475338 -48.923339620244036 11.636365587454849 -0.20136113779494988 0.00029181040029144294 1.211235218365487e-06 -7.717275462400472e-08 1.2112352183656737e-06 0.0002920978887247821 -2.0977302930758144e-08 -7.71727546240112e-08 -2.0977302930761496e-08 0.00029286903368847434
1657569862.9475338 -48.706598549900306 11.581723664377344 -0.20099310117496663 0.0004758614724781145 3.1200269034369534e-06 -2.603881567552593e-07 3.1200269034376823e-06 0.00048060161559380433 -1.2528694418297053e-08 -2.603881567551957e-07 -1.2528694418273963e-08 0.0004822983310191984
1657569863.147534 -48.49319578387732 11.528891055816032 -0.2019354400690162 0.00028469118696091 1.1219114490162329e-06 -1.2980483625134732e-07 1.1219114490163263e-06 0.0002846038810297009 -1.8871383685294193e-08 -1.298048362513208e-07 -1.887138368529446e-08 0.00028541259123885114
1657569863.347534 -48.282489317568064 11.474900828374354 -0.20476039895647224 0.0004736835130792336 3.0839420073290014e-06 -1.666500455170543e-07 3.083942007328637e-06 0.0004781113204606378 7.529885900912786e-09 -1.6665004551702852e-07 7.529885900933722e-09 0.00047963112189796877
1657569863.547534 -48.06967776762413 11.4221471637497 -0.20811586660047923 0.00028410206568785175 1.1732651618790167e-06 -1.0099649957319984e-07 1.1732651618789538e-06 0.00028427927711345064 2.462707569927468e-08 -1.0099649957320608e-07 2.4627075699276848e-08 0.00028493557199322123
1657569863.747534 -47.85289567840996 11.371131125291356 -0.21090662146664696 0.00047372018209570485 3.2609250228139537e-06 -5.0079117449889714e-08 3.2609250228133692e-06 0.000477971082366133 4.551695662413087e-08 -5.007911744992374e-08 4.551695662414971e-08 0.0004795745131164891
1657569863.947534 -47.63427300177713 11.319111823859398 -0.2124888362748517 0.0002845615901819139 1.2527207465701554e-06 -1.83844785505519e-08 1.252720746570137e-06 0.00028437846328427206 4.127548953560366e-08 -1.8384478550554073e-08 4.127548953560717e-08 0.0002851434126617358
1657569864.1475341 -47.41544964714058 11.266334628518878 -0.21295118495488932 0.000473687058930502 3.527237076110458e-06 -1.231301788273849e-07 3.527237076110449e-06 0.00047799773739084866 8.066276647195753e-08 -1.2313017882739883e-07 8.066276647194829e-08 0.0004797120662708717
1657569864.3475342 -47.19721685389259 11.216809835253505 -0.2131621846467483 0.00028449241165115675 1.3010615196291053e-06 -4.6387714518646876e-08 1.3010615196290858e-06 0.0002846072678840501 3.005791924859459e-08 -4.638771451864144e-08 3.005791924859475e-08 0.0002852922575840005
1657569864.5475342 -46.97932255230427 11.172283624813183 -0.21360861622085506 0.00047440722316584755 3.3678991967030077e-06 -1.3554033350067334e-07 3.3678991967030797e-06 0.0004787692898959986 6.487720400375147e-08 -1.3554033350071296e-07 6.487720400375485e-08 0.00048032050290402746
1657569864.7475343 -46.760205383398464 11.131366117215235 -0.21428167367768497 0.00028505054833777435 1.2202080006932384e-06 -4.899525596707587e-08 1.2202080006932433e-06 0.0002851845271594509 2.5367110735128437e-08 -4.899525596707105e-08 2.5367110735127656e-08 0.0002858253862031869
1657569864.9475343 -46.53977485986314 11.092336248525385 -0.21510143854079525 0.0004790054148330695 3.5190291472468047e-06 -1.6680545631842502e-07 3.5190291472463067e-06 0.0004840578770442478 6.173242391520829e-08 -1.6680545631839032e-07 6.173242391522753e-08 0.00048563465107133447
1657569865.1475344 -46.319878396673296 11.053177048653335 -0.21596747901607982 0.00029783533529950863 1.6070973575530984e-06 -1.0653916695810122e-07 1.607097357553003e-06 0.0002986907676713407 3.349316349097846e-08 -1.0653916695809882e-07 3.3493163490980586e-08 0.0002995094406258062
1657569865.3475344 -46.100657854293914 11.013462992981284 -0.21683364200194566 0.0005510008913768725 6.117578527349728e-06 -2.626205213165993e-07 6.117578527349804e-06 0.0005608322742440536 9.698112892853916e-08 -2.626205213166366e-07 9.698112892854678e-08 0.0005635298583247805
1657569865.5475345 -45.880041369854915 10.974630941434391 -0.21770216124648253 0.0004909269684134998 6.044574814464097e-06 -3.032159902125327e-07 6.044574814464073e-06 0.0004992272074523102 9.379496054302013e-08 -3.032159902125314e-07 9.379496054301666e-08 0.0005019532658806667
1657569865.7475345 -45.65732737911433 10.937896663210264 -0.2184866153356279 0.0036497735916680893 6.80387022936143e-05 -2.6618579073029496e-06 6.80387022936157e-05 0.0037783406594209213 9.587377692531277e-07 -2.6618579073029534e-06 9.587377692531006e-07 0.003807608885777305
1657569865.9475346 -45.4337051150551 10.904017959276041 -0.21898422683261154 0.004081420723635103 9.378899443607731e-05 -3.7089727368617736e-06 9.378899443607811e-05 0.004257188863853035 1.3051923673250387e-06 -3.7089727368616965e-06 1.305192367325001e-06 0.004298047005032016
1657569866.1475346 -45.21049557613223 10.873695686577461 -0.2189747578168224 0.0009586210627374587 1.6094206880965154e-05 -6.506248352349352e-07 1.6094206880964734e-05 0.0009847413855894607 1.805774373396706e-07 -6.506248352349599e-07 1.8057743733983085e-07 0.0009921891134065375
1657569866.3475347 -44.98901149283343 10.847526098825815 -0.21825318718136386 0.00033991236394607683 2.6632762362524118e-06 -1.3199691275715273e-07 2.663276236252387e-06 0.000342598886674672 1.0911851899006565e-09 -1.319969127571622e-07 1.0911851899030589e-09 0.000344037109910581
1657569866.5475347 -44.76976763273088 10.823647977885953 -0.2174326492399244 0.0005028890349056206 4.238329891289265e-06 -2.6934642639814224e-07 4.238329891289403e-06 0.0005090681113841467 3.9175344787614905e-09 -2.69346426398137e-07 3.917534478747598e-09 0.0005113749610317595
1657569866.7475348 -44.55223211222689 10.797275832202414 -0.21810467479771545 0.00028826279905594507 1.3526511972422816e-06 -1.1574289773573618e-07 1.3526511972423133e-06 0.00028858422847302515 -2.688007738805035e-08 -1.1574289773574064e-07 -2.688007738804939e-08 0.00028965450184492345
1657569866.9475348 -44.336228297097406 10.769340779408445 -0.2203087750483675 0.0004757329555618484 3.315441217084372e-06 -1.6609117345311807e-07 3.3154412170845538e-06 0.00047962916686412855 -3.159987035271076e-08 -1.6609117345310685e-07 -3.159987035270308e-08 0.00048185514570846916
1657569867.1475348 -44.12215277616986 10.747724884100778 -0.22206370715297197 0.00028477060178597045 1.1349684859354876e-06 -9.639372416817714e-08 1.1349684859355359e-06 0.00028455862861230763 3.1233090496556676e-09 -9.639372416818713e-08 3.1233090496541096e-09 0.00028560115629090965
1657569867.347535 -43.90813111631324 10.732975302369569 -0.22225170277774078 0.00047275636422845036 2.9985772409105735e-06 -1.1148781266769165e-07 2.9985772409103516e-06 0.0004768085526722323 4.624437318291188e-08 -1.1148781266770886e-07 4.624437318291329e-08 0.0004787831567816794
1657569867.547535 -43.68933424710827 10.716034135297308 -0.22099463292299196 0.0002851244588267909 1.2532290539726837e-06 -6.673115197310169e-08 1.2532290539727224e-06 0.0002851341907023785 4.4543305287247426e-08 -6.673115197309864e-08 4.4543305287246473e-08 0.0002860749851614033
1657569867.747535 -43.46446056057727 10.693718277368767 -0.2185060148113997 0.0004728582719281642 3.343803341802154e-06 -2.462805365914615e-07 3.3438033418023687e-06 0.00047742650493494534 8.396907654342865e-08 -2.462805365914625e-07 8.396907654345899e-08 0.00047920055773356207
1657569867.947535 -43.23695577005668 10.67052738763018 -0.21495254272211325 0.00028504965155316933 1.2922001939149602e-06 -1.3907248363617314e-07 1.2922001939149064e-06 0.00028528172763906106 2.1090192791003846e-08 -1.3907248363618188e-07 2.1090192790997215e-08 0.0002860334220115147
1657569868.147535 -43.00939535168666 10.648049441074614 -0.21116178198578234 0.0004728940948623261 3.4595240824381845e-06 -3.2416844122039107e-07 3.4595240824386563e-06 0.0004775671451985507 7.386783265390144e-08 -3.241684412203668e-07 7.386783265393345e-08 0.000479303349690084
1657569868.3475351 -42.782873821266996 10.623587223179689 -0.2088959239249215 0.0002853066991352962 1.2978329905935078e-06 -1.3285582739618726e-07 1.2978329905935568e-06 0.00028533845925302916 1.0083089835296337e-08 -1.3285582739619184e-07 1.008308983529626e-08 0.0002861658581633331
1657569868.5475352 -42.55833310710125 10.597691656045187 -0.2085175010879752 0.0004725957762203868 3.503881640973344e-06 -2.4644489177782753e-07 3.5038816409726957e-06 0.00047679844170434244 5.4942581983214266e-08 -2.4644489177787687e-07 5.494258198320965e-08 0.0004787352751584558
1657569868.7475352 -42.336607962884074 10.57520265438205 -0.2086759060914442 0.0002859446766867392 1.2577533543296786e-06 -1.0656250261065741e-07 1.2577533543295774e-06 0.00028575015556097885 2.9139369024287077e-08 -1.0656250261066387e-07 2.913936902428429e-08 0.0002866573580988515
1657569868.9475353 -42.11742165047899 10.556337007436083 -0.20875120652325568 0.00047295096835871437 3.1994009246692884e-06 -1.6671287732219854e-07 3.1994009246692096e-06 0.0004769846402874574 6.567735682445983e-08 -1.6671287732223568e-07 6.567735682449129e-08 0.0004788808813325958
1657569869.1475353 -41.899043145794984 10.535490190238976 -0.20921792701380013 0.0002857070773099539 1.18605316322916e-06 -6.356325469825294e-08 1.1860531632291281e-06 0.00028545335470220974 3.525543084240408e-08 -6.356325469825012e-08 3.5255430842399715e-08 0.0002864134658324947
1657569869.3475354 -41.67912354771582 10.512389263993585 -0.2099650388244451 0.00047331630972064317 3.2023630290468228e-06 -2.0377869253093275e-07 3.202363029046406e-06 0.00047734220805535806 9.075716350140592e-08 -2.037786925309561e-07 9.075716350143992e-08 0.0004794442857372671
1657569869.5475354 -41.45474397262916 10.493716507741654 -0.20997786140821875 0.0002852172791622535 1.1515279692491681e-06 -1.2183927957740562e-07 1.1515279692492153e-06 0.0002852713349938502 6.084191989625614e-08 -1.2183927957741017e-07 6.084191989626487e-08 0.00028630178719395285
1657569869.7475355 -41.22534856664869 10.479699044606335 -0.20888796795972928 0.00047317080016262 3.314842475243109e-06 -2.501668904738627e-07 3.3148424752425094e-06 0.00047805235855809833 1.5495695234740015e-07 -2.5016689047388906e-07 1.5495695234740446e-07 0.000480172321616348
1657569869.9475355 -40.993339922807685 10.46213395533039 -0.20726946809287336 0.000285194334162176 1.3565102565802635e-06 -1.4376104635978462e-07 1.356510256580313e-06 0.0002853364162059894 1.0584268512944266e-07 -1.4376104635979166e-07 1.0584268512945874e-07 0.00028638443220123735
1657569870.1475356 -40.76148174957426 10.43931700175565 -0.20583280117759656 0.0004735268155271121 3.6708577123608278e-06 -3.2240460681681574e-07 3.6708577123607918e-06 0.00047839609427712166 2.023089772620056e-07 -3.2240460681684624e-07 2.0230897726202605e-07 0.0004804646959235241
1657569870.3475356 -40.53270806923211 10.418101740685463 -0.20534993794050962 0.00028484294793054 1.3457451911833096e-06 -1.3557078222312303e-07 1.3457451911832221e-06 0.0002850683664071631 7.639510477763755e-08 -1.3557078222312287e-07 7.639510477762777e-08 0.000285889113392667
1657569870.5475357 -40.307480104157094 10.401249867885637 -0.2062705180989074 0.00047334893022001696 3.4339504563787003e-06 -2.1957234935232134e-07 3.4339504563786796e-06 0.00047801309319789727 9.026954673722199e-08 -2.1957234935236015e-07 9.026954673724597e-08 0.00047966917006679523
1657569870.7475357 -40.08313606438672 10.385931445838219 -0.20877951305946496 0.00028478124886006115 1.2596610567034348e-06 -6.710162895313476e-08 1.2596610567033363e-06 0.00028489037405171413 1.362212628977696e-08 -6.71016289531275e-08 1.3622126289790426e-08 0.0002855642987607761
1657569870.9475358 -39.85903902594667 10.370935600033516 -0.21227622315430927 0.00047338858736064085 3.281512860946611e-06 -1.5410998725909573e-07 3.2815128609467765e-06 0.0004779135001807556 2.777312618870596e-08 -1.5410998725900658e-07 2.7773126188706073e-08 0.00047938558056950244
1657569871.1475358 -39.63730421043525 10.357507945734 -0.2151836857205593 0.0002835771010501791 1.1426405912656463e-06 -8.406080507292888e-08 1.1426405912656986e-06 0.0002835137000930107 5.668354587326178e-09 -8.406080507293166e-08 5.668354587326619e-09 0.00028411518171524527
1657569871.3475358 -39.41810373898341 10.345492310888238 -0.2172057311006888 0.0004650892729238146 3.0677957228829328e-06 -1.5745816634741467e-07 3.0677957228825978e-06 0.00046949311768196614 3.0794553931112e-08 -1.5745816634739182e-07 3.0794553931073305e-08 0.0004708444540003494
1657569871.547536 -39.1989112546589 10.332814906991352 -0.21961855690384463 0.0002907325929018061 1.2324559897475023e-06 -6.966795337119946e-08 1.232455989747409e-06 0.0002910438638631111 8.35612293878461e-09 -6.966795337121384e-08 8.356122938784525e-09 0.0002916781674946992
1657569871.747536 -38.97703431486162 10.319402477398842 -0.22236513761832574 0.00046764313398705816 3.0533309169296796e-06 -2.239552630302635e-07 3.053330916929972e-06 0.00047196386375473955 4.4946067098984445e-08 -2.2395526303030257e-07 4.4946067098946904e-08 0.00047341195095556654
1657569871.947536 -38.74987887028053 10.307619330726903 -0.22358165496802793 0.00029238438276629264 1.1837927556157143e-06 -1.7230240522594343e-07 1.1837927556156893e-06 0.0002926214388897377 4.237229044760426e-08 -1.7230240522594095e-07 4.2372290447604255e-08 0.0002933419746810713
1657569872.147536 -38.518197512826575 10.296625712431705 -0.22277802049357404 0.00047319674777912063 3.450076566085748e-06 -3.2495492715017676e-07 3.4500765660855123e-06 0.0004786379933980119 1.4901628455075534e-07 -3.2495492715009094e-07 1.490162845507096e-07 0.000480376529077532
1657569872.347536 -38.286822361021954 10.28153105218604 -0.22130713483920994 0.00030644372058178325 1.6423035396063527e-06 -1.7082545206107756e-07 1.6423035396064472e-06 0.00030730557693384246 1.3829504879508373e-07 -1.7082545206107975e-07 1.382950487950869e-07 0.0003083320952145833
1657569872.5475361 -38.059307633455006 10.26236386762512 -0.22049134605428036 0.000553814092422433 6.133704978261097e-06 -5.613742423587035e-07 6.133704978261564e-06 0.000564090544134196 4.121439929941611e-07 -5.61374242358505e-07 4.121439929941603e-07 0.0005671009588235216
1657569872.7475362 -37.83723006333994 10.245410280586219 -0.22150294647723998 0.0004915319990193508 5.614210323082693e-06 -4.7211688214610846e-07 5.614210323082744e-06 0.0004997779973223619 4.031106955808671e-07 -4.721168821461262e-07 4.0311069558085024e-07 0.0005024995537007606
1657569872.9475362 -37.620276965763125 10.23357159503834 -0.2245067146448342 0.003651118747474392 6.0311751251457045e-05 -3.0510131700429876e-06 6.031175125145552e-05 0.0037747965897466534 3.1513849185778265e-06 -3.0510131700431176e-06 3.1513849185777825e-06 0.0038010369373709923
1657569873.1475363 -37.40582774068994 10.225355632488293 -0.2285818242608385 0.004083174729599235 8.238702554967178e-05 -4.07191530607501e-06 8.23870255496744e-05 0.004253100862898815 3.620709712775741e-06 -4.0719153060747805e-06 3.620709712775885e-06 0.004288039558395414
1657569873.3475363 -37.19110351162054 10.218856531885182 -0.2326771753180581 0.0009629516687688288 1.4401401043828356e-05 -8.890578085779589e-07 1.4401401043829977e-05 0.0009892174554459953 7.300074477304327e-07 -8.890578085778846e-07 7.300074477313962e-07 0.0009955758613945068
1657569873.5475364 -36.97338293327018 10.212057738740146 -0.23570010678444053 0.0003374469793257551 2.4213641509931067e-06 -2.2109493636346328e-07 2.4213641509931427e-06 0.00034038706188998727 1.679826345726226e-07 -2.2109493636346138e-07 1.6798263457263056e-07 0.00034157580439554447
1657569873.7475364 -36.75244056686161 10.205475425903701 -0.23732549871115366 0.0005050490788974536 3.922615185708744e-06 -2.995937866018059e-07 3.922615185708276e-06 0.0005111954775915028 1.834503929355626e-07 -2.9959378660180936e-07 1.8345039293555005e-07 0.0005129916565283953
1657569873.9475365 -36.5311382065486 10.202448382560128 -0.23779643243234008 0.00028635589944419536 1.14529702981969e-06 -1.1864484120221613e-07 1.145297029819487e-06 0.00028655140133255954 5.711666432093305e-08 -1.1864484120222678e-07 5.7116664320938666e-08 0.00028719162684669473
1657569874.1475365 -36.30957366144982 10.20297716500331 -0.23770944327652282 0.0004772277755811091 2.983243596747884e-06 -2.764951240771933e-07 2.983243596749264e-06 0.0004819524783081554 1.0432808774597628e-07 -2.7649512407720553e-07 1.0432808774594505e-07 0.0004833206343472359
1657569874.3475366 -36.084092170658245 10.202755201067752 -0.23813664112269087 0.0002821176984730653 1.0796051619390072e-06 -1.1908822950841832e-07 1.0796051619387526e-06 0.00028209827148077395 3.942635276939975e-08 -1.1908822950839404e-07 3.942635276938611e-08 0.00028270216588467933
1657569874.5475366 -35.85439026993823 10.200736096568942 -0.23918608776089703 0.00046833288979685085 3.1256653276129585e-06 -3.158844789933651e-07 3.1256653276135433e-06 0.0004733169846899157 9.066847273956549e-08 -3.158844789934109e-07 9.066847273957753e-08 0.0004746837048691553
1657569874.7475367 -35.624671326359746 10.200056353712059 -0.2398015080132194 0.0002881679496351951 1.111447468339999e-06 -1.6201616969499434e-07 1.1114474683402145e-06 0.00028848430195363466 3.595256486429181e-08 -1.6201616969500236e-07 3.595256486431302e-08 0.00028903517474298087
1657569874.9475367 -35.398189977410524 10.201910038347492 -0.2400921812658876 0.00047046849786690513 3.0213037663529727e-06 -3.5293965219625885e-07 3.0213037663528376e-06 0.00047563789097472314 1.0361838436886122e-07 -3.5293965219603624e-07 1.0361838436885763e-07 0.00047681865481365295
1657569875.1475368 -35.17648876349898 10.204638466258299 -0.24176748015643518 0.00028768510224781317 1.0865472051351872e-06 -1.6629617802744072e-07 1.0865472051350902e-06 0.0002879546845198294 5.414248430742297e-08 -1.662961780274476e-07 5.414248430741346e-08 0.0002884517280024029
1657569875.3475368 -34.957405658905046 10.206123282777934 -0.24521178408104977 0.0004711078312366036 2.84723519526782e-06 -2.2949952279153373e-07 2.847235195267667e-06 0.00047581217363812844 1.0411535964344525e-07 -2.2949952279148159e-07 1.0411535964346496e-07 0.0004769612489528387
1657569875.5475368 -34.734293635919386 10.203696013794394 -0.24915222204912982 0.00028733175978009126 1.1304806273800926e-06 -1.2763747639184448e-07 1.130480627379961e-06 0.0002875555306060176 6.515659606257563e-08 -1.2763747639183577e-07 6.515659606257626e-08 0.0002881488433179538
1657569875.747537 -34.5030569731207 10.197576832330217 -0.252515031039587 0.0004722525006310215 3.249300658374496e-06 -3.079792206534486e-07 3.2493006583743585e-06 0.000477421886591785 1.4459798729092362e-07 -3.0797922065342627e-07 1.445979872909024e-07 0.0004789216612553401
1657569875.947537 -34.26316645736257 10.191365377264944 -0.25458630250934255 0.0002862234917490474 1.2858271043643437e-06 -1.9712322551816264e-07 1.2858271043644329e-06 0.00028686862498950385 8.912799218572402e-08 -1.97123225518153e-07 8.912799218572725e-08 0.0002876113353508465
1657569876.147537 -34.01797455114003 10.185059490150605 -0.25558857398472556 0.00047198900608095196 3.636379582058129e-06 -4.5648195460712173e-07 3.636379582058704e-06 0.0004782547085489608 2.507237159176716e-07 -4.564819546071212e-07 2.507237159176882e-07 0.00047996771044550454
1657569876.347537 -33.775391728037135 10.17408942831348 -0.25696631581560564 0.00028625894140847104 1.3716131501342062e-06 -1.9202552604192977e-07 1.37161315013426e-06 0.0002868678931339902 1.8879747222725694e-07 -1.9202552604193872e-07 1.8879747222725715e-07 0.00028769162718533044
1657569876.547537 -33.54335749696374 10.159115527040136 -0.2609483276019965 0.0004722210052049692 3.7132386663801545e-06 -4.6818154565334414e-07 3.7132386663797305e-06 0.0004775228285214514 4.2892864708319127e-07 -4.6818154565334065e-07 4.2892864708321197e-07 0.00047934431305100974
1657569876.7475371 -33.329148439854094 10.147636235073676 -0.2707360951860012 0.0002861416850758575 1.203597693589066e-06 -1.209460395735698e-07 1.2035976935890744e-06 0.00028622094762975224 1.8981976421292098e-07 -1.2094603957354275e-07 1.898197642129476e-07 0.00028688329611096364
1657569876.9475372 -33.1321850404654 10.142068776105491 -0.28618258863951396 0.0004717634833460936 2.652332999677255e-06 -3.798012924873346e-08 2.6523329996777034e-06 0.0004752397751948581 1.1938244276093887e-07 -3.7980129248724215e-08 1.1938244276094948e-07 0.000476483516039187
1657569877.1475372 -32.94189646488598 10.138551659806875 -0.3030784109140222 0.00028592638349657915 8.126226022397551e-07 -5.792392838913548e-08 8.126226022396411e-07 0.0002855988056579657 5.097739085550033e-11 -5.7923928389135995e-08 5.097739086190208e-11 0.0002860648175561606
1657569877.3475373 -32.74733580182357 10.135685637414483 -0.31652892441708047 0.0004726955548289847 2.264186121953441e-06 -5.334966261704018e-08 2.2641861219544107e-06 0.00047582904906405717 -1.0109732410202187e-07 -5.3349662616975446e-08 -1.0109732410207879e-07 0.00047673027925217154
1657569877.5475373 -32.53799583421662 10.135808366617052 -0.32064978226740937 0.00028536837335577255 8.504128357850325e-07 -2.250953907037508e-07 8.50412835785137e-07 0.0002854829641456899 -1.5274992733388555e-08 -2.2509539070374671e-07 -1.527499273339557e-08 0.00028573801486421333
1657569877.7475374 -32.30872858964503 10.140131434875151 -0.31438852554407815 0.00047265458257500194 2.7802247917369508e-06 -6.333599554874296e-07 2.7802247917380583e-06 0.0004781682947085271 1.817289413098311e-07 -6.333599554874426e-07 1.8172894130981805e-07 0.0004790312803661342
1657569877.9475374 -32.06104491408853 10.148085041710477 -0.3027282865802486 0.00028520985512990013 1.1145298171322171e-06 -4.029008611323787e-07 1.1145298171320636e-06 0.00028635471910652796 1.2940127657489508e-07 -4.029008611323929e-07 1.294012765748923e-07 0.00028685800783510244
1657569878.1475375 -31.803563319658323 10.157029330472048 -0.29108042741504014 0.00047231100466561143 3.343522165630788e-06 -1.0954039953336555e-06 3.343522165629917e-06 0.0004805083871793289 2.9312850918002613e-07 -1.0954039953336964e-06 2.9312850917998727e-07 0.0004818948490955367
1657569878.3475375 -31.55308069547371 10.16179808757158 -0.28528081798224497 0.0002854421596088757 1.1300579189413139e-06 -3.8101704005499363e-07 1.1300579189410187e-06 0.00028665894775813566 1.394526412650387e-07 -3.810170400549999e-07 1.3945264126502263e-07 0.000287428398414139
1657569878.5475376 -31.319248977370098 10.161699133670671 -0.2883247044097878 0.00047250922695410896 3.2629015957455644e-06 -5.387471393514483e-07 3.2629015957468384e-06 0.00047880364000974814 5.462159788960809e-07 -5.38747139351573e-07 5.462159788960445e-07 0.0004803567314369912
1657569878.7475376 -31.10169950214565 10.161430863304814 -0.30037048721830956 0.0002857930396701819 1.2121759171503441e-06 -1.2440101717531397e-07 1.2121759171504782e-06 0.0002863798544246394 5.356985691305477e-07 -1.2440101717530619e-07 5.356985691305358e-07 0.00028690289882261227
1657569878.9475377 -30.89396558798643 10.160925013763778 -0.31746590623468474 0.0004726394234673315 3.1673028325083983e-06 8.392906920614622e-08 3.1673028325086766e-06 0.0004775738419867834 1.2343335659515391e-06 8.392906920625221e-08 1.2343335659516213e-06 0.00047900659491703504
1657569879.1475377 -30.6828155638578 10.154158357273857 -0.3308950927232675 0.00028591039138314004 1.2421340776101869e-06 1.628194796009099e-08 1.242134077610276e-06 0.0002862685355729719 1.0531422734869968e-06 1.6281947960089766e-08 1.0531422734869868e-06 0.00028760189248939214
1657569879.3475378 -30.46400183658199 10.143191500302807 -0.3371756829763395 0.0004740793734760882 3.126922096820676e-06 -8.766675399708296e-08 3.1269220968184085e-06 0.00047779205984774665 1.6025684228450824e-06 -8.766675399743427e-08 1.6025684228448808e-06 0.00048217683935894987
1657569879.5475378 -30.244957979503962 10.140647078301846 -0.33920737156306896 0.0002860096354651583 7.851143604915843e-07 -6.47953423538463e-08 7.851143604913601e-07 0.0002853298841075756 6.817814525350639e-07 -6.47953423538228e-08 6.817814525350359e-07 0.0002887777275259163
1657569879.7475379 -30.029840553640984 10.147441518686282 -0.34014033004526567 0.00047466437617915913 2.3843944894014485e-06 -4.3280320107206967e-07 2.3843944894003618e-06 0.0004790253968330748 7.801316081467797e-07 -4.3280320107235327e-07 7.801316081467218e-07 0.00048585653862709015
1657569879.947538 -29.817321519768424 10.149978616699128 -0.34261326707018275 0.00028850102424937994 8.673401164841509e-07 -3.0508586140146906e-07 8.673401164841329e-07 0.0002895001435620094 2.2731974917601518e-07 -3.050858614015254e-07 2.2731974917613483e-07 0.0002936426695736765
1657569880.147538 -29.60618950652273 10.14588817252774 -0.34654476990856764 0.0004910875887637273 3.513298866764176e-06 -8.39752517418296e-07 3.513298866763359e-06 0.0005007652520034479 2.795529477708916e-07 -8.397525174185298e-07 2.795529477709082e-07 0.0005072956317967652
1657569880.347538 -29.396083410982378 10.1480571789813 -0.3486704851391708 0.00032997924890480605 2.786249951181291e-06 -8.175461928377039e-07 2.7862499511812643e-06 0.0003398326263395976 1.450233172737802e-07 -8.175461928376813e-07 1.4502331727373566e-07 0.00034371806546836317
1657569880.547538 -29.18690024132589 10.161799765708654 -0.3476838835009372 0.0007351083766709026 2.256246833248039e-05 -3.911956944540293e-06 2.256246833247916e-05 0.0008033633256366904 1.006797807023484e-06 -3.911956944540008e-06 1.0067978070236846e-06 0.000816605912169855
1657569999.9530232 21.892803619323058 8.731757427129862 -0.8905748741259719 0.0005308224365776146 -4.380866251125241e-05 -1.3688059341808687e-05 -4.380866251121927e-05 0.0005775010554131311 -5.946040226951201e-06 -1.3688059341841706e-05 -5.9460402268588265e-06 0.0006083723356142031
1657570000.1530232 22.09933372166251 8.7759513262118 -0.898423332890271 0.0005578417353903624 -5.230507008567449e-05 -1.080101758782429e-05 -5.230507008566879e-05 0.0006348268706999914 -1.299239514925557e-05 -1.080101758786469e-05 -1.299239514916813e-05 0.0006549431449635276
1657570000.3530233 22.305675764598604 8.826950894715422 -0.9058032262548118 0.00034330482347477936 -3.2275395856724474e-05 -7.147638717252735e-06 -3.227539585666855e-05 0.00039303070501789063 -7.296316712422615e-06 -7.147638717409639e-06 -7.296316712092789e-06 0.0004017608666493876
1657570000.5530233 22.50855411503133 8.882948402091296 -0.9106329658528142 0.0004603345280283903 -1.4311156553189272e-05 -4.972970214427402e-06 -1.431115655316675e-05 0.00047305128509936864 9.528840572116588e-08 -4.972970214437106e-06 9.528840575599358e-08 0.0004776269733476881
1657570000.7530234 22.700845367359122 8.937178196891745 -0.9117730318387471 0.0003324302819841824 -3.017961365375917e-05 -6.235796748714373e-06 -3.0179613653736485e-05 0.00036628245534986274 -3.602958048988603e-06 -6.235796748802832e-06 -3.602958048830918e-06 0.0003733577254066919
1657570000.9530234 22.88278298541627 8.986029845598646 -0.9105932737866868 0.00045282039196276844 -1.1690186781145497e-05 -3.3477580413356335e-06 -1.1690186781150471e-05 0.000464431039052121 -5.75879564191316e-07 -3.3477580413513528e-06 -5.758795641618413e-07 0.00046963693663759344
1657570001.1530235 23.063309114047396 9.030581640479898 -0.9097241204693662 0.000327071039997116 -2.3812197116873796e-05 -4.325867487973909e-06 -2.3812197116869944e-05 0.0003506980325691846 -2.399887610470184e-06 -4.325867488006284e-06 -2.3998876104118213e-06 0.0003624599361790732
1657570001.3530235 23.249912889682342 9.07488987231905 -0.9093122569582378 0.00045090675718730173 -1.2047647642365848e-05 -2.2598837332440343e-06 -1.204764764235238e-05 0.0004690825499768832 -2.4325949176772057e-06 -2.259883733245058e-06 -2.432594917672853e-06 0.0004723728161149453
1657570001.5530236 23.44805131119205 9.124259908022484 -0.90500800486706 0.0003237222026289903 -2.1675635944170857e-05 -3.597494825647674e-06 -2.1675635944172402e-05 0.00035665842820418905 -3.884641777501043e-06 -3.597494825623877e-06 -3.884641777549386e-06 0.00036259479891702953
1657570001.7530236 23.659471746916925 9.180984529535994 -0.8931529196657508 0.00045380443868476227 -1.2436505003730583e-05 -6.853429212151161e-06 -1.2436505003730413e-05 0.00046880013610627074 -5.803138776491518e-06 -6.853429212157401e-06 -5.803138776482196e-06 0.0004848188533853268
1657570001.9530237 23.88143928351962 9.244654563136589 -0.8722464243552115 0.0003284865670843487 -2.1787493408515746e-05 -1.2353362771132494e-05 -2.178749340853984e-05 0.00035590263582364873 -1.4782959422079858e-05 -1.2353362771079322e-05 -1.4782959422183015e-05 0.0003919932892448006
1657570002.1530237 24.11008624451256 9.30677241926055 -0.8443490536638508 0.0004549828054262846 -1.294657094290367e-05 3.9661414965039347e-07 -1.2946570942883774e-05 0.0004675218112143926 -9.88254798781809e-06 3.9661414965537085e-07 -9.882547987821943e-06 0.0005008300165765005
1657570002.3530238 24.340243566700952 9.351889387233065 -0.8201452431487933 0.00032471036621812297 -2.0289073307886818e-05 -4.177445302922916e-07 -2.028907330788881e-05 0.00035265567145745285 -1.9295298381620217e-06 -4.177445302928847e-07 -1.9295298381581876e-06 0.00038630812373359393
1657570002.5530238 24.568077642585585 9.382013213239787 -0.8081961582017375 0.00045739581740657703 -1.280743712050333e-05 -1.9014030890002122e-05 -1.2807437120502195e-05 0.00046542742299267797 7.4908150733965015e-06 -1.9014030890004325e-05 7.490815073376001e-06 0.000509561826859308
1657570002.7530239 24.792616631278808 9.415233349301078 -0.8051535873129848 0.0003320215262793594 -2.4584861700484073e-05 -1.7894074541828837e-05 -2.4584861700482904e-05 0.0003496230734394429 8.567117527855889e-06 -1.7894074541835505e-05 8.567117527866323e-06 0.000371936257128537
1657570002.953024 25.01478358338516 9.457338416142138 -0.8042187008654745 0.00045218731514179997 -1.2221478043130399e-05 -3.5919722945537594e-06 -1.2221478043127097e-05 0.0004669425113845627 2.8716552006300774e-06 -3.5919722945504865e-06 2.871655200623641e-06 0.0004697701926395631
1657570003.153024 25.23718450028592 9.500536032439287 -0.8033828434726705 0.0003198932597853893 -1.4181116940509112e-05 -2.072534920741976e-06 -1.4181116940504621e-05 0.00034163035590458764 -2.0689856877787963e-06 -2.072534920758062e-06 -2.068985687748112e-06 0.000345273890483891
1657570003.353024 25.460028915651215 9.541185060642878 -0.8029072773827294 0.0004519900014951923 -1.048415026179968e-05 -5.431464020112795e-06 -1.0484150261799329e-05 0.0004622635423347245 7.667331713058891e-07 -5.431464020111755e-06 7.667331713049096e-07 0.0004682550589651125
1657570003.553024 25.680636729195953 9.581091208064555 -0.8015271182529559 0.00032205253064388774 -1.3753252382447405e-05 -5.901167407405188e-06 -1.3753252382447757e-05 0.000336543789310264 -1.5155706304812199e-06 -5.90116740740141e-06 -1.5155706304827382e-06 0.0003474669301845442
1657570003.753024 25.89810282494652 9.621593007748015 -0.7990074505455305 0.00045122437228216355 -9.186824480047099e-06 -1.759001848997465e-06 -9.1868244800512e-06 0.00046107844521439814 -1.072831617123363e-06 -1.7590018489963457e-06 -1.0728316171203502e-06 0.0004655876824126867
1657570003.9530241 26.113556893050504 9.664408839948564 -0.7969627157980764 0.00032481812177670183 -1.4767256794125685e-05 -1.982619600723401e-06 -1.4767256794127018e-05 0.0003423197466057202 -2.2101496859115345e-06 -1.9826196007284507e-06 -2.2101496859020553e-06 0.000347980256589731
1657570004.1530242 26.32813096253835 9.709510537464983 -0.7951273488068457 0.00046660286235509357 -8.466859232345869e-06 -2.980907909180134e-06 -8.46685923233691e-06 0.000476288721631528 -1.684200562772149e-06 -2.9809079091834643e-06 -1.68420056276406e-06 0.00048386427992772144
1657570004.3530242 26.542991171106298 9.754060947931237 -0.7923669454326745 0.0003722252988402774 -1.5462478142860244e-05 -5.292922066696331e-06 -1.5462478142854607e-05 0.00039034396289278756 -2.501442436679052e-06 -5.292922066714009e-06 -2.5014424366458445e-06 0.0004026165552294726
1657570004.5530243 26.758627943981097 9.796630157331661 -0.789013505164986 0.0007051803750814061 -4.1138061758824344e-05 -9.892795563858314e-06 -4.113806175882777e-05 0.0007571575669391235 -4.8517853273430955e-06 -9.89279556386142e-06 -4.851785327341672e-06 0.0007790467701002592
1657570020.3526351 41.02377285074687 0.7564179265575111 -0.8839620022727418 0.0005173161231000452 3.03141436759623e-05 -2.01114381417857e-06 3.0314143675961687e-05 0.0005407786227106927 1.4874783010238267e-06 -2.0111438141784123e-06 1.4874783010237924e-06 0.0005614961364289233
1657570020.5526352 41.20265429138697 0.6405582663442585 -0.8815533700842303 0.0005440856492459936 1.5006096566390721e-05 -9.554396508365438e-07 1.500609656639125e-05 0.0005557879970829836 6.793712894121178e-07 -9.554396508371341e-07 6.793712894119755e-07 0.0005658351619808141
1657570020.7526352 41.3773240883807 0.5201237007499564 -0.8774260010947595 0.0003242744967686888 3.2302172933553053e-06 -2.5809033767825015e-07 3.230217293355309e-06 0.00032517180215361845 2.025801140001441e-07 -2.580903376782815e-07 2.0258011400012207e-07 0.00032773247511446954
1657570020.9526353 41.55105867867577 0.39344363379571484 -0.8713342887656771 0.00045866439945414615 5.549657808650721e-06 -4.5417617522105305e-07 5.549657808649859e-06 0.0004603855875148144 3.841527680369639e-07 -4.541761752210549e-07 3.841527680369216e-07 0.0004648338935790824
1657570021.1526353 41.73341531730228 0.25944969323084505 -0.8635655626142763 0.00031214175603676135 2.8423692627673557e-06 -3.1029666963871034e-07 2.8423692627672126e-06 0.00031130523811225274 2.293039997327365e-07 -3.1029666963871187e-07 2.293039997327205e-07 0.00031366202873215173
1657570021.3526354 41.92353920126573 0.12139473374274047 -0.8548978303462912 0.00045242416576855865 5.137245771571711e-06 -5.161572866200584e-07 5.137245771571905e-06 0.00045284250991483514 4.079452737337784e-07 -5.16157286620414e-07 4.0794527373371127e-07 0.00045685578034467835
1657570021.5526354 42.108392248166645 -0.012105127633970085 -0.8468670185514672 0.00031183140619589576 2.2221077672208636e-06 -1.7003666298735374e-07 2.2221077672207548e-06 0.0003102011516659999 2.149951651033648e-07 -1.7003666298733095e-07 2.149951651033555e-07 0.0003119976449651884
1657570021.7526355 42.28486666681129 -0.13835910818595412 -0.841768954502797 0.00045244144795750425 4.597013903489019e-06 -8.943671422246049e-08 4.597013903489415e-06 0.00045278827088207494 4.778185943236521e-07 -8.943671422233887e-08 4.778185943238531e-07 0.0004558784522214296
1657570021.9526355 42.46242085303214 -0.26172094835479526 -0.8427483412154687 0.0003110962485989921 2.3255715546378202e-06 2.8121152559320384e-07 2.325571554637782e-06 0.0003099702704841818 4.5917581338886384e-07 2.8121152559313105e-07 4.591758133888101e-07 0.00031108390514301135
1657570022.1526356 42.641926429572905 -0.38370174684981234 -0.8474208193203152 0.0004516474759481192 4.7988901697668724e-06 6.639276825692492e-07 4.798890169766852e-06 0.0004526863827503499 7.406807844827134e-07 6.63927682569362e-07 7.406807844828437e-07 0.0004548860075962107
1657570022.3526356 42.81368925401779 -0.5019641308529303 -0.8470443820974605 0.00031168065607836286 2.2900141761097122e-06 5.250534931406169e-07 2.290014176110102e-06 0.0003106948734190022 6.797815072872767e-07 5.250534931406794e-07 6.797815072871811e-07 0.00031158256667266124
1657570022.5526357 42.979322056596956 -0.616744457053566 -0.8401855449588455 0.00045160942786633183 4.380384431844317e-06 5.636432734057138e-07 4.38038443184451e-06 0.0004526758793457261 1.1314526042507598e-06 5.636432734057314e-07 1.1314526042505084e-06 0.00045481719705168204
1657570022.7526357 43.15440496550699 -0.731473221764268 -0.8337866579384549 0.0003109465394748551 2.2860992039407116e-06 3.7771797103669725e-07 2.286099203940757e-06 0.0003104074178491865 8.46291071452781e-07 3.7771797103667337e-07 8.462910714527267e-07 0.0003115387234207775
1657570022.9526358 43.34445995022276 -0.8498518970715274 -0.828108294844824 0.00045130527168767024 4.720026367765132e-06 3.004802927358072e-07 4.720026367764596e-06 0.0004529100957463392 1.2446569139729406e-06 3.0048029273601975e-07 1.2446569139730323e-06 0.0004551063945257145
1657570023.1526358 43.54212349427365 -0.9756906234835689 -0.8153382408058572 0.0003117442202648388 2.5964619681453963e-06 -5.513132768827668e-08 2.596461968145337e-06 0.00031101834311034676 8.117434234953528e-07 -5.5131327688296605e-08 8.117434234953723e-07 0.0003118514992199352
1657570023.3526359 43.74139321579356 -1.1085897087390835 -0.7961933465591658 0.00045144317548123105 5.3845500076235896e-06 -5.997795582440425e-07 5.384550007623212e-06 0.0004528059906743947 9.160815125335022e-07 -5.997795582442015e-07 9.160815125335038e-07 0.000455044345011153
1657570023.552636 43.938857678533495 -1.2432856038425528 -0.7818647594483542 0.0003125349322386979 2.466911797635654e-06 -3.4203319074307747e-07 2.4669117976354314e-06 0.00031141082111089106 2.100929159526462e-07 -3.420331907430961e-07 2.100929159526379e-07 0.00031257372433312946
1657570023.752636 44.133184122174406 -1.3754751815652042 -0.7764029384461002 0.0004503107564052573 4.8745919693241424e-06 -5.673072729324441e-07 4.874591969324265e-06 0.00045109168760253994 2.4523935661794615e-07 -5.673072729325465e-07 2.4523935661779416e-07 0.00045427861794235827
1657570023.952636 44.325330698488216 -1.5024770277089028 -0.7753786447533701 0.0003126878279730223 2.025608538471014e-06 -2.3668241168811354e-07 2.0256085384712514e-06 0.00031142362076778057 7.009356080440134e-08 -2.3668241168808566e-07 7.009356080440356e-08 0.000313070929785465
1657570024.152636 44.51415024748662 -1.6233457411387446 -0.7761601064143444 0.00044979591114065973 4.231388257648745e-06 -3.4996553861821887e-07 4.231388257650122e-06 0.00045052446408448894 1.2695822842525524e-07 -3.499655386180431e-07 1.2695822842523854e-07 0.0004536954775225208
1657570024.352636 44.696237173989424 -1.738907615782784 -0.7788563570007976 0.0003124792940633488 1.8066853301970613e-06 -1.8875388165686372e-07 1.8066853301970077e-06 0.0003112231357955507 5.9158310135290735e-08 -1.8875388165686266e-07 5.91583101352859e-08 0.0003127470930925354
1657570024.5526361 44.87489550315959 -1.8520471019111384 -0.782438172870667 0.0004495308693009879 3.8514306109535795e-06 -2.534828962772194e-07 3.8514306109513425e-06 0.00045005595399288316 1.1464658190491497e-07 -2.534828962772101e-07 1.1464658190487919e-07 0.0004529200261601512
1657570024.7526362 45.06126764362171 -1.9678482003898536 -0.784143052075565 0.00031250823664399327 1.8994168297527026e-06 -2.1123757084039248e-07 1.8994168297529334e-06 0.00031138617547722946 1.1742733907780442e-07 -2.11237570840369e-07 1.1742733907781376e-07 0.00031291487475451163
1657570024.9526362 45.25848894829066 -2.0878952211075523 -0.7822275872436738 0.00044999908059328424 4.213210489056549e-06 -3.7273793346956437e-07 4.2132104890555645e-06 0.0004509903979610622 2.462133023056419e-07 -3.727379334694643e-07 2.462133023056536e-07 0.00045399674268709766
1657570025.1526363 45.45971702840228 -2.209617474904952 -0.7760954615193094 0.00031251472143425566 1.9304341106982635e-06 -2.823893124944273e-07 1.930434110698126e-06 0.00031142101207600565 1.689324665158197e-07 -2.8238931249441665e-07 1.6893246651582063e-07 0.0003128559944603525
1657570025.3526363 45.65946581891616 -2.331011023081336 -0.7682677335536907 0.0004499678124629468 4.486549696395143e-06 -6.38929684813701e-07 4.486549696396308e-06 0.00045132018729861673 3.4300757076163373e-07 -6.389296848136861e-07 3.430075707616977e-07 0.0004542350804063476
1657570025.5526364 45.85458786664592 -2.451165321196346 -0.7647232224114499 0.00031252823008418414 1.9823896279075903e-06 -3.04690323592393e-07 1.982389627907491e-06 0.00031156640680740183 1.1252588407911989e-07 -3.046903235923546e-07 1.125258840791535e-07 0.0003129669470819075
1657570025.7526364 46.04527870173667 -2.5700900108769074 -0.7666378859520173 0.0004498624979740746 4.224108003482416e-06 -4.214199131150547e-07 4.224108003482641e-06 0.0004507482813465216 1.9420033860254802e-07 -4.214199131151511e-07 1.942003386024296e-07 0.00045369744954742145
1657570025.9526365 46.235401437596764 -2.6890216458140555 -0.7696714819594781 0.0003124484068574588 1.8776367880190105e-06 -2.3302398912202115e-07 1.8776367880190625e-06 0.00031127473055834933 1.08606871716155e-07 -2.3302398912199895e-07 1.0860687171618139e-07 0.00031278882288009305
1657570026.1526365 46.4268333203532 -2.808927815460343 -0.77153426072368 0.00044977635551243474 4.094868266893777e-06 -3.3901360010438686e-07 4.094868266894572e-06 0.00045035920981182373 1.9088103468333874e-07 -3.3901360010433884e-07 1.9088103468344165e-07 0.0004534292830169106
1657570026.3526366 46.618843083700746 -2.9303445173983316 -0.7726269047691016 0.00031282231363086215 1.8174017636214836e-06 -2.0899060705963096e-07 1.8174017636212469e-06 0.00031140797379469926 1.1630186389417047e-07 -2.0899060705963318e-07 1.1630186389418032e-07 0.0003129800510580465
1657570026.5526366 46.810667086192794 -3.0527933043001703 -0.7735845225335639 0.00044995141533809657 4.165268828078601e-06 -3.5894675905093894e-07 4.165268828078667e-06 0.0004504615302328036 2.3038604584425816e-07 -3.5894675905093994e-07 2.3038604584426944e-07 0.00045361349278994097
1657570026.7526367 47.00166317268583 -3.17464065291014 -0.7750179656849306 0.0003127748170106087 1.7811618531441072e-06 -1.935361639866417e-07 1.7811618531443012e-06 0.0003113510990262354 1.1500461709754793e-07 -1.9353616398664767e-07 1.1500461709755288e-07 0.00031287772111169703
1657570026.9526367 47.1902485148299 -3.29415758362072 -0.7770867642364756 0.00044972592663802813 4.023089156417901e-06 -3.215212986120503e-07 4.023089156418252e-06 0.00045026030629369734 2.11651487588716e-07 -3.215212986120308e-07 2.1165148758871978e-07 0.00045333099937436494
1657570027.1526368 47.37384980291643 -3.409632229892309 -0.779403157134324 0.00031266057657682766 1.6375545393757183e-06 -1.7088312505086106e-07 1.6375545393758844e-06 0.00031122164114738614 1.0865284095420606e-07 -1.7088312505085002e-07 1.0865284095419812e-07 0.00031270863003161973
1657570027.3526368 47.552683945394584 -3.5224199981807804 -0.7817606287597015 0.0004496085054348727 3.6182783529419993e-06 -2.7981978952425633e-07 3.618278352941682e-06 0.0004499366649914987 1.774625556990084e-07 -2.798197895242239e-07 1.7746255569899306e-07 0.00045280592128784676
1657570027.5526369 47.73035237486855 -3.6373648678268107 -0.7841152898953045 0.0003123342236533651 1.5655622602745333e-06 -1.7127715292074745e-07 1.5655622602744349e-06 0.0003109145804633885 1.0125428097353824e-07 -1.7127715292074551e-07 1.0125428097354004e-07 0.0003124470787692942
1657570027.752637 47.91067078608839 -3.7555115570078432 -0.7859641717856896 0.0004499535395942619 3.578057596208985e-06 -2.968281964620387e-07 3.5780575962093226e-06 0.00044992934748842145 1.7955535657383924e-07 -2.968281964620081e-07 1.795553565737981e-07 0.00045304826530915323
1657570027.952637 48.097338215878075 -3.8732613951706196 -0.786157981186976 0.00031261916593460144 1.5191704342392928e-06 -2.0316958678851675e-07 1.5191704342391787e-06 0.0003111236487953223 1.2093560862909526e-07 -2.0316958678852964e-07 1.2093560862908745e-07 0.00031272240360199935
1657570028.152637 48.28920500436088 -3.9899409763468157 -0.784218062321533 0.00044964794418098363 3.865143359185611e-06 -3.489688300225822e-07 3.86514335918608e-06 0.00045048254938466134 2.5625201302055456e-07 -3.4896883002254804e-07 2.562520130205426e-07 0.00045364437256373183
1657570028.352637 48.47961159101949 -4.1084996290963005 -0.7804670982080605 0.00031253726069701844 1.6792521871157217e-06 -1.965873991302544e-07 1.679252187115743e-06 0.0003112919581747686 1.638261116209764e-07 -1.965873991303011e-07 1.6382611162098924e-07 0.00031290029379022903
1657570028.552637 48.66614708773135 -4.229302548464392 -0.775738140234634 0.0004499021065687539 3.945757290824943e-06 -4.852750228501641e-07 3.945757290825883e-06 0.00045055224094535346 3.4187925219250785e-07 -4.852750228502528e-07 3.4187925219255566e-07 0.00045366322487587767
1657570028.7526371 48.85168107402897 -4.349599529044364 -0.7714143514471341 0.0003122114253080442 1.6867448564815033e-06 -2.8989718332910403e-07 1.6867448564813224e-06 0.00031103953099604904 1.7159012486795232e-07 -2.898971833291022e-07 1.715901248679519e-07 0.00031252501526879867
1657570028.9526372 49.037856683490425 -4.468003204290462 -0.7681032018960078 0.00044996332252833537 3.8533659161535856e-06 -4.206595597084399e-07 3.853365916153529e-06 0.00045036325777719153 2.851581848665679e-07 -4.206595597085064e-07 2.8515818486657037e-07 0.0004533199522557366
1657570029.1526372 49.22455536882253 -4.584915512318457 -0.7656156759847691 0.000312374965379256 1.6350399285329415e-06 -2.2222386966851656e-07 1.635039928532974e-06 0.0003109523919127137 1.5209819382099037e-07 -2.222238696685338e-07 1.5209819382098864e-07 0.00031241109416580733
1657570029.3526373 49.411861531436145 -4.701993445239028 -0.763454673014422 0.0004495755105529721 3.827363411855736e-06 -3.9650034933202313e-07 3.8273634118559585e-06 0.0004502570668860151 2.677085698587734e-07 -3.965003493319554e-07 2.677085698587718e-07 0.0004531891972050299
1657570029.5526373 49.60023349892207 -4.822160552968744 -0.7609072300070141 0.0003124393445611851 1.6976945105214503e-06 -2.517177873546749e-07 1.6976945105213471e-06 0.00031125472733204654 1.6802301384264433e-07 -2.517177873546745e-07 1.6802301384264734e-07 0.0003127970249374743
1657570029.7526374 49.790269275464354 -4.945629268317188 -0.757787761180342 0.00044998116968355243 4.0348540419126676e-06 -4.100305879215118e-07 4.034854041912917e-06 0.00045051034146257544 2.836563425739737e-07 -4.100305879214877e-07 2.8365634257396716e-07 0.00045369940434013094
1657570029.9526374 49.98263162979408 -5.069418261685107 -0.754572597048423 0.0003126054613457753 1.7485206251511664e-06 -2.2935442838703666e-07 1.74852062515144e-06 0.00031134850099417375 1.461552040835886e-07 -2.2935442838701287e-07 1.4615520408358066e-07 0.0003129349433685892
1657570030.1526375 50.17626930375956 -5.191971395895192 -0.7518119878103409 0.00044998913051626715 4.175297924334707e-06 -4.1649895019378886e-07 4.175297924333267e-06 0.0004507081032825228 2.6538181768546913e-07 -4.164989501937742e-07 2.6538181768545695e-07 0.00045392500024950884
1657570030.3526375 50.36819266596609 -5.3135346185127865 -0.7501479395073657 0.0003125804276142392 1.7658551993783771e-06 -2.079577522466818e-07 1.7658551993781578e-06 0.00031129765064154724 1.2084270647214208e-07 -2.0795775224666183e-07 1.2084270647213165e-07 0.00031287297645905615
1657570030.5526376 50.55678442094639 -5.433510095926836 -0.7498306260851273 0.0004498245581860153 3.986004978890514e-06 -4.0250250713720753e-07 3.986004978889716e-06 0.00045043754630250165 2.3549461734847295e-07 -4.025025071372005e-07 2.3549461734847477e-07 0.0004535061142019008
1657570030.7526376 50.74217962866551 -5.550266547591913 -0.750698772136029 0.00031251441471422646 1.6034904743462685e-06 -2.3082073765059761e-07 1.6034904743461709e-06 0.00031118962083925904 1.1791721555478757e-07 -2.308207376505884e-07 1.1791721555478343e-07 0.0003126311478329854
1657570030.9526377 50.924797716625704 -5.66431648143235 -0.7523726916780663 0.00045005843129570285 3.591560025524935e-06 -2.907143737489986e-07 3.5915600255245935e-06 0.0004502263980283258 1.7775394827802418e-07 -2.9071437374898197e-07 1.777539482780219e-07 0.00045305652506250164
1657570031.1526377 51.10531082981772 -5.778760583849242 -0.7541986244842965 0.0003127070205478517 1.4650581257299844e-06 -1.7609511100793352e-07 1.4650581257300892e-06 0.0003109765082136816 9.651917249571421e-08 -1.7609511100794384e-07 9.6519172495724e-08 0.0003123922935008183
1657570031.3526378 51.28601013147845 -5.895585401385296 -0.7555151595887476 0.00044989049762484096 3.6439572173568307e-06 -2.778967174978818e-07 3.6439572173564928e-06 0.0004502759331014829 1.7710087262438529e-07 -2.778967174979358e-07 1.771008726243866e-07 0.0004531376060063306
1657570031.5526378 51.47092425256431 -6.015335763144357 -0.7555560893123134 0.00031204486232295077 1.6384878851508859e-06 -1.909156027714034e-07 1.6384878851507645e-06 0.00031085213185625126 1.1817922389824505e-07 -1.9091560277139889e-07 1.1817922389824418e-07 0.00031231829219724677
1657570031.7526379 51.660624385810316 -6.137269726983061 -0.7539234466032764 0.0004496353246103936 3.974431076708057e-06 -3.4277369331398844e-07 3.974431076709854e-06 0.00045049896644980785 2.4093707871084326e-07 -3.427736933139947e-07 2.409370787108825e-07 0.000453520460685905
1657570031.952638 51.851524671053845 -6.259263029746312 -0.7505881653568046 0.0003122358329043204 1.7122490377936862e-06 -2.0470353533184762e-07 1.7122490377936417e-06 0.00031128646525798337 1.404239725972075e-07 -2.0470353533184825e-07 1.4042397259719652e-07 0.0003127741688979207
1657570032.152638 52.041306150007124 -6.380998450103103 -0.7462693439821332 0.00044993106129987017 4.050755118230562e-06 -4.740002058238177e-07 4.050755118229965e-06 0.00045104050532739917 2.930488148560932e-07 -4.7400020582387124e-07 2.9304881485612016e-07 0.00045410200474011505
1657570032.352638 52.229440263161884 -6.504383923694178 -0.7425312308771137 0.0003131844369001651 1.7765297940927403e-06 -2.632283837702247e-07 1.7765297940926522e-06 0.00031231882598854136 1.557282921082599e-07 -2.632283837702281e-07 1.5572829210826294e-07 0.00031389256611224575
1657570032.552638 52.41662319573714 -6.629880624219605 -0.7399477264511888 0.0004586248441622202 4.104096481619212e-06 -4.2449736692975503e-07 4.104096481620093e-06 0.0004593063525756027 2.8992276696292735e-07 -4.244973669297321e-07 2.899227669629253e-07 0.00046253746057881
1657570032.752638 52.60483048586677 -6.756180668740317 -0.7380293389886182 0.0003056478825699576 1.6283871177673349e-06 -2.004223287141613e-07 1.6283871177672745e-06 0.0003043893036173488 1.4657468291393244e-07 -2.004223287141751e-07 1.465746829139398e-07 0.00030589575708835103
1657570032.9526381 52.79518228145813 -6.882778926322161 -0.7365194277809991 0.00045658955265684827 4.145784356274887e-06 -4.4062577681558825e-07 4.145784356275412e-06 0.00045725940102895896 3.0182566666133426e-07 -4.406257768155592e-07 3.018256666613103e-07 0.00046047296383827543
1657570033.1526382 52.987767703336935 -7.010204769444412 -0.7355816188357821 0.00030469980075793605 1.7129773099109845e-06 -2.475204573721885e-07 1.7129773099110935e-06 0.00030346835518516393 1.6694406575398414e-07 -2.4752045737219697e-07 1.6694406575398173e-07 0.0003050011194870552
1657570033.3526382 53.18381880458645 -7.139840265376181 -0.7351603206747738 0.0004486767058736381 4.369079096809724e-06 -4.2699706592724315e-07 4.369079096810173e-06 0.0004497278533829068 2.7754882722256116e-07 -4.269970659271562e-07 2.7754882722256937e-07 0.0004530478989181745
1657570033.5526383 53.38587118062916 -7.273884757155994 -0.7349683702014297 0.0003135248338142581 2.0752742023996484e-06 -2.5263448777582594e-07 2.0752742023994955e-06 0.0003127057126422134 1.5772226374340761e-07 -2.526344877758134e-07 1.5772226374340092e-07 0.0003144695901908117
1657570033.7526383 53.59123688905321 -7.410858729975671 -0.7349244242480693 0.0004594348983193412 5.018938741413237e-06 -5.362329050426325e-07 5.018938741413168e-06 0.0004608893037071192 3.498992929806225e-07 -5.36232905042718e-07 3.4989929298060713e-07 0.00046465214719730493
1657570033.9526384 53.79112546028636 -7.544973315469644 -0.7352456473615523 0.0003075127079679989 1.9216760019054382e-06 -2.6445924437381526e-07 1.921676001905487e-06 0.00030650337057925746 1.812864453020651e-07 -2.6445924437379965e-07 1.8128644530208803e-07 0.00030814438919156244
1657570034.1526384 53.98219527273466 -7.67302672797624 -0.7374474056207118 0.0004685819187095401 4.583182147957683e-06 -3.705619306149175e-07 4.583182147958431e-06 0.00046972549314141696 3.570439000422786e-07 -3.7056193061493646e-07 3.570439000423023e-07 0.0004731692239428127
1657570034.3526385 54.16799854493293 -7.795333383851992 -0.7446534607264625 0.0002951524712514594 1.5565608296345818e-06 -6.458506523874276e-08 1.556560829634441e-06 0.00029391007499194715 1.5363419096103293e-07 -6.458506523874467e-08 1.536341909610308e-07 0.00029532470361144696
1657570034.5526385 54.350732597489916 -7.914407784955952 -0.7570217924426913 0.0004562004648517112 3.8677380731782324e-06 -1.0672308213360779e-07 3.867738073177534e-06 0.00045719618434937826 1.7347711903212772e-07 -1.0672308213366874e-07 1.734771190321433e-07 0.0004602042412566602
1657570034.7526386 54.53051256919145 -8.035158900639495 -0.770968162348967 0.0003014662849230994 1.5077761366586257e-06 -1.0187169148328114e-07 1.5077761366587212e-06 0.0003003747494307802 6.584979598275144e-08 -1.0187169148327443e-07 6.584979598275703e-08 0.0003018509700309781
1657570034.9526386 54.70918379699988 -8.15951319593373 -0.7833192470403264 0.00045011932484992183 3.6743248843692464e-06 -1.2327798502204538e-07 3.674324884369352e-06 0.0004507210008177405 1.2334207186337259e-08 -1.2327798502202783e-07 1.2334207186397901e-08 0.00045373890925002165
1657570035.1526387 54.890615778242335 -8.285802841627978 -0.7913508828792009 0.000309387977787083 1.5193306850002306e-06 -1.6882056193367335e-07 1.5193306850001307e-06 0.0003083168411063318 3.41816668925771e-08 -1.6882056193367488e-07 3.4181666892579855e-08 0.0003097435896113583
1657570035.3526387 55.07413951543739 -8.412547334068327 -0.7949434275726016 0.0004518443710706484 3.9037066754978455e-06 -3.998598384753481e-07 3.903706675497999e-06 0.0004528058862305627 1.8043138509725238e-07 -3.998598384752889e-07 1.8043138509725323e-07 0.0004558968381644174
1657570035.5526388 55.253748037240854 -8.538761860402447 -0.7966467857700628 0.00030947716528660646 1.53941144948618e-06 -2.2166573060896337e-07 1.5394114494861244e-06 0.0003085066070339644 1.2345057752113915e-07 -2.2166573060894924e-07 1.2345057752113799e-07 0.0003099861316614627
1657570035.7526388 55.428573662613914 -8.66413038996974 -0.7984345392020769 0.00045192681360948535 3.6144132717649004e-06 -3.6194946320393355e-07 3.6144132717653345e-06 0.00045237246404711235 2.9205948713808344e-07 -3.6194946320393996e-07 2.9205948713811023e-07 0.0004553830473007666
1657570035.9526389 55.6041183343429 -8.789210161266622 -0.8013558901040724 0.0003101019492533387 1.4495218954341001e-06 -1.6782891290302954e-07 1.4495218954341543e-06 0.0003088306967231673 1.780364398562784e-07 -1.6782891290301863e-07 1.7803643985627352e-07 0.0003103302118735427
1657570036.152639 55.78285867963622 -8.91586300525721 -0.8050911074370549 0.0004525011607210881 3.7191494878072827e-06 -2.885800395778597e-07 3.7191494878074225e-06 0.00045306082245064657 2.847676280810828e-07 -2.88580039577847e-07 2.8476762808111e-07 0.00045623199771687654
1657570036.352639 55.963281274344915 -9.047218412810356 -0.8078296735501599 0.0003095786094059137 1.5603711705843584e-06 -1.8950209818047788e-07 1.5603711705840652e-06 0.00030832533214813617 1.8047201287812392e-07 -1.8950209818048338e-07 1.8047201287811524e-07 0.00031005945228366647
1657570036.552639 56.14396900630968 -9.18145377471752 -0.8089138170478715 0.00045262126526543364 3.944516272725629e-06 -4.200186059662956e-07 3.944516272725703e-06 0.0004529871672445532 3.0760526054379245e-07 -4.2001860596639254e-07 3.076052605438416e-07 0.0004566893252213492
1657570036.752639 56.32395809050221 -9.311019688667287 -0.8091540547489303 0.0003097391324667687 1.499471203737019e-06 -2.7736550595114473e-07 1.4994712037370068e-06 0.000308455473782242 1.3293946917256513e-07 -2.7736550595114574e-07 1.3293946917255967e-07 0.000310318023310012
1657570036.952639 56.502649169348125 -9.435449736842651 -0.8095244367818035 0.0004521522211249985 3.6955465445463654e-06 -4.213500454343856e-07 3.695546544546333e-06 0.00045280713399012184 1.9994848587947804e-07 -4.2135004543440905e-07 1.999484858795256e-07 0.00045625745537141495
1657570037.1526392 56.6799220437237 -9.56281550759503 -0.8110216543657753 0.0003098631784729028 1.5023314580830554e-06 -2.198806945960737e-07 1.5023314580831697e-06 0.0003086413853302486 6.725398311266825e-08 -2.1988069459607184e-07 6.72539831126717e-08 0.00031041387662362617
1657570037.3526392 56.856002710502594 -9.694751883400109 -0.8134046286369948 0.000452643221348171 3.738408639078508e-06 -3.801006128708555e-07 3.738408639078483e-06 0.00045322393852854356 1.404769361098808e-07 -3.801006128708684e-07 1.4047693610985983e-07 0.00045663702188201337
1657570037.5526392 57.031490430291434 -9.824967072245249 -0.8150865065560072 0.0003091723630682688 1.4294149451723906e-06 -2.2347949288368544e-07 1.4294149451722547e-06 0.00030814921049810855 8.599520941314266e-08 -2.2347949288368075e-07 8.59952094131488e-08 0.0003096977124509749
1657570037.7526393 57.207570347305925 -9.952423498460867 -0.8155711315213527 0.0004524133865365585 3.605532602530521e-06 -3.6955668812974145e-07 3.605532602530331e-06 0.000452889583446099 1.9373268308923573e-07 -3.695566881297292e-07 1.9373268308923393e-07 0.00045590244985733416
1657570037.9526393 57.38605927799954 -10.082742776053925 -0.8156403073487781 0.0003097983246137973 1.4611431697524682e-06 -2.112505645454692e-07 1.4611431697524216e-06 0.0003084946467483868 1.2113859414541864e-07 -2.1125056454548495e-07 1.211385941454179e-07 0.0003099459560472767
1657570038.1526394 57.5668309842185 -10.217750893199174 -0.8156495557746946 0.0004523603538076234 3.90809596951389e-06 -3.880706234614211e-07 3.90809596951459e-06 0.00045308417440340684 2.366336158410352e-07 -3.880706234612954e-07 2.3663361584102982e-07 0.00045613207127983614
1657570038.3526394 57.747434794469775 -10.354394423220516 -0.8154012712275135 0.0003098149330503646 1.5589049680216235e-06 -2.2020921516640234e-07 1.5589049680217402e-06 0.0003086888921864467 1.2765486700297436e-07 -2.2020921516640626e-07 1.2765486700297622e-07 0.00031010005901224816
1657570038.5526395 57.926426205796616 -10.490413935245353 -0.8149929312635341 0.00045259647304937445 3.866515794633419e-06 -3.523504389927461e-07 3.866515794633929e-06 0.0004532734321411625 2.3822944265149407e-07 -3.523504389927357e-07 2.3822944265147885e-07 0.00045633540326999047
1657570038.7526395 58.10374880354574 -10.624935615553845 -0.8149324344210969 0.00030977613487788235 1.462547381804419e-06 -1.6343614554865858e-07 1.462547381804406e-06 0.0003086250932723692 1.0713140727371248e-07 -1.6343614554865022e-07 1.0713140727370361e-07 0.0003100315878671536
1657570038.9526396 58.2804302338858 -10.758797963899033 -0.8155239637456406 0.0004523281770855039 3.7939904287731145e-06 -3.343643336800447e-07 3.793990428773893e-06 0.00045308657429605044 2.3517030667047666e-07 -3.3436433368002397e-07 2.35170306670461e-07 0.00045606621794794277
1657570039.1526396 58.458640362356704 -10.894733431194371 -0.8168384845339389 0.0003097708168755125 1.5450808723192502e-06 -1.7037365163470542e-07 1.5450808723191405e-06 0.00030871845397934444 1.254508726350428e-07 -1.70373651634707e-07 1.2545087263504034e-07 0.00031016614274406745
1657570039.3526397 58.63815960103297 -11.0334939462346 -0.8185800164393608 0.0004526796344352628 3.935580648627763e-06 -3.384140973400732e-07 3.935580648627631e-06 0.00045354061651299235 2.300466161176297e-07 -3.3841409734008744e-07 2.3004661611763298e-07 0.0004565795019737147
1657570039.5526397 58.81589557586188 -11.173395423678091 -0.8200680235038316 0.0003095570954092121 1.5083574934963328e-06 -1.887267253449323e-07 1.5083574934963288e-06 0.0003084505099141487 1.2735682736870442e-07 -1.8872672534494062e-07 1.273568273687135e-07 0.0003098413546924908
1657570039.7526398 58.98992235898968 -11.312828124931459 -0.8215322418059449 0.0004524375631855406 3.8765032156482584e-06 -2.9626692483979225e-07 3.876503215647341e-06 0.0004531638751435385 2.1200029718529358e-07 -2.962669248398513e-07 2.1200029718529906e-07 0.0004562392175151961
1657570039.9526398 59.15998172093064 -11.450564808978978 -0.8242601157497905 0.0003095201813508454 1.4820392558432625e-06 -1.2084234171766352e-07 1.4820392558433843e-06 0.00030844806270443893 8.207545265942757e-08 -1.2084234171766003e-07 8.207545265942179e-08 0.00030986765716685193
1657570040.1526399 59.328211889468996 -11.587491383308947 -0.8283543777422577 0.00045232111019033623 3.7477276179703464e-06 -2.3837339577082237e-07 3.747727617968478e-06 0.00045284998511770796 1.6034810977759356e-07 -2.3837339577082517e-07 1.603481097775981e-07 0.0004558823865391612
1657570040.35264 59.499466074429066 -11.726830081179383 -0.8324389402591917 0.00030949733344612623 1.5689371893313784e-06 -1.3933119643814843e-07 1.5689371893313138e-06 0.00030844984842392663 8.484657361687351e-08 -1.3933119643815322e-07 8.484657361688088e-08 0.0003099461438523372
1657570040.55264 59.675081463611505 -11.868748101358893 -0.8353688335618698 0.0004524139888852938 3.9627714873788e-06 -2.3718412648146798e-07 3.962771487378863e-06 0.00045323637439079775 1.6500992071787498e-07 -2.3718412648141612e-07 1.6500992071788223e-07 0.0004564081321618394
1657570040.75264 59.85216549033137 -12.009589196882494 -0.8363191918889537 0.00030946328919030094 1.561049748013697e-06 -1.3877240374964184e-07 1.5610497480137107e-06 0.0003085791688670887 8.407309017524912e-08 -1.3877240374964075e-07 8.407309017524157e-08 0.00031003438253627663
1657570040.95264 60.02823677427028 -12.147928098183788 -0.8360452184211702 0.0004525409199497098 3.836629950920331e-06 -3.8868604358389365e-07 3.83662995092111e-06 0.0004535921095694578 2.071447420861662e-07 -3.886860435838926e-07 2.0714474208619564e-07 0.00045651237148054246
1657570041.15264 60.20169225515361 -12.285246830051006 -0.837054392354448 0.0003093500797364289 1.4262255438697936e-06 -1.732080351969084e-07 1.4262255438698541e-06 0.000308434690117733 9.173139228956394e-08 -1.7320803519690672e-07 9.173139228957295e-08 0.0003097402883516023
1657570041.3526402 60.37232510102223 -12.422615685461864 -0.8401744467002159 0.0004524098949582084 3.6703602178310342e-06 -2.4450092249756776e-07 3.670360217830974e-06 0.0004531765425178999 1.6590369603602657e-07 -2.4450092249752535e-07 1.6590369603603094e-07 0.0004560274926852972
1657570041.5526402 60.54148917611375 -12.560505141482222 -0.8442210226051763 0.00030945513631464803 1.393948741832286e-06 -1.116147756153954e-07 1.3939487418322173e-06 0.0003083822823185474 6.50947211360156e-08 -1.116147756154042e-07 6.50947211360157e-08 0.0003097068733379377
1657570041.7526402 60.71049095856058 -12.698565313279328 -0.8478571627674747 0.00045260692459861554 3.5352105039519487e-06 -2.8878108689979383e-07 3.5352105039509e-06 0.0004531124438469021 1.208793708209499e-07 -2.8878108689983337e-07 1.208793708208758e-07 0.0004560150778295539
1657570041.9526403 60.88041386207804 -12.83560172605919 -0.8496983765203951 0.0003096516706857578 1.263190718882236e-06 -2.3100852804519046e-07 1.2631907188821846e-06 0.0003084227720207076 5.0390848105429836e-08 -2.3100852804519253e-07 5.03908481054453e-08 0.00030977528536088605
1657570042.1526403 61.05027043938233 -12.971593811207422 -0.8498314132418086 0.0004520227173243992 3.559940014964791e-06 -4.25816214463847e-07 3.559940014964936e-06 0.0004530907369707847 1.066277279216601e-07 -4.258162144637491e-07 1.06627727921646e-07 0.0004560498431444494
1657570042.3526404 61.21677683277361 -13.108014141190525 -0.8499675683835088 0.0003092949228904244 1.3530661488759687e-06 -2.590697319113455e-07 1.3530661488758277e-06 0.0003085428626582758 2.7755814618062654e-08 -2.590697319113264e-07 2.775581461808897e-08 0.0003100550995382538
1657570042.5526404 61.38128365824171 -13.24618219361788 -0.850514158740527 0.00045218393069887446 3.5530065399719223e-06 -4.5918531428207724e-07 3.553006539972387e-06 0.0004532201122620747 1.0192536253410811e-07 -4.591853142820984e-07 1.0192536253409014e-07 0.0004565547850865558
1657570042.7526405 61.55058674951881 -13.387330630889359 -0.850305286108126 0.0003090390209607886 1.4893548111802954e-06 -2.9684201284816977e-07 1.4893548111805308e-06 0.0003084441591034013 7.931821543244883e-08 -2.9684201284820116e-07 7.931821543240936e-08 0.00031032394089877365
1657570042.9526405 61.72612325960055 -13.533125737809629 -0.8487957971065775 0.0004527758481156163 3.843589628058619e-06 -5.24492625889759e-07 3.8435896280582445e-06 0.0004538395505333425 2.2097879412648097e-07 -5.244926258898463e-07 2.2097879412632343e-07 0.0004577756871382027
1657570043.1526406 61.90263502197407 -13.685616988187641 -0.8463369453641072 0.0003096717874371879 1.5668444593335302e-06 -3.345834396479148e-07 1.5668444593335158e-06 0.00030863159000544356 1.3927864964254562e-07 -3.3458343964792393e-07 1.392786496425558e-07 0.00031090507383397875
1657570043.3526406 62.076927493164185 -13.84224874287008 -0.8435442527790064 0.0004533169934657342 4.221690205298269e-06 -5.663958435683157e-07 4.221690205297724e-06 0.0004541887498930942 2.3513364850234198e-07 -5.663958435683459e-07 2.3513364850216543e-07 0.0004589029839941522
1657570043.5526407 62.248740288714885 -13.995281433493261 -0.8414458386807924 0.00031082654304827984 1.570346775642944e-06 -3.392886484277632e-07 1.5703467756428806e-06 0.00030992053464245323 4.690182999828001e-08 -3.392886484278123e-07 4.690182999823315e-08 0.0003123017649705648
1657570043.7526407 62.41705681876946 -14.14251033819921 -0.8410393293252518 0.00045836083727605187 4.197201980792703e-06 -6.795441922312462e-07 4.19720198079235e-06 0.00045960137336226663 -2.0328832685579768e-08 -6.795441922309123e-07 -2.0328832685541943e-08 0.0004638298430180873
1657570043.9526408 62.5799687911271 -14.288515904650126 -0.8433967936075706 0.0003248601988989234 2.1065734659447226e-06 -4.7619768665850926e-07 2.1065734659446714e-06 0.0003243554730442759 -1.3349161468294757e-07 -4.761976866584978e-07 -1.3349161468291101e-07 0.00032663343771278307
1657570044.1526408 62.73949253198777 -14.436540552852893 -0.8478344397244479 0.0005293204488518637 7.45055984629354e-06 -8.230414723758743e-07 7.450559846293939e-06 0.0005329115095236 -1.340940810725065e-07 -8.230414723753067e-07 -1.3409408107214218e-07 0.0005389115288339504
1657570044.3526409 62.902318162734936 -14.587805790156704 -0.8517624986931632 0.0005466923344415815 8.816337015606948e-06 -1.0915007040194263e-06 8.816337015606992e-06 0.0005503057133742327 -5.710935597040491e-08 -1.091500704019461e-06 -5.7109355970410896e-08 0.0005572479033615738
1657570044.552641 63.07101177101409 -14.742289808960694 -0.8540279387433933 0.0037529286158346376 9.699855628139609e-05 -9.421522843611417e-06 9.699855628139604e-05 0.003820124075627105 1.3625557680074682e-06 -9.421522843612364e-06 1.3625557680071315e-06 0.0038900170585875996
1657570044.752641 63.243036952157425 -14.8984889139731 -0.8552227057841331 0.004093570447330144 0.0001289244883236476 -1.1018109840843894e-05 0.00012892448832364672 0.004184089499449822 3.632351699088803e-06 -1.101810984084386e-05 3.6323516990884213e-06 0.004275560468896035
1657570044.952641 63.41550203692867 -15.054875619741022 -0.8561289448611309 0.0009041837908721365 2.0779568025046794e-05 -1.7633086576913232e-06 2.0779568025042067e-05 0.0009167052120276977 6.900289903557409e-07 -1.7633086577042256e-06 6.900289903401488e-07 0.0009317115531450179
1657570045.152641 63.58549648261611 -15.210027191202316 -0.8575982173003607 0.00037490015443094276 5.1865680049296695e-06 -4.1981979382346775e-07 5.186568004929775e-06 0.00037716734799101174 2.2647916354743221e-07 -4.198197938236763e-07 2.2647916354712593e-07 0.00038104840129564606
1657570045.352641 63.752058890604815 -15.363419038498572 -0.8599876154349894 0.0005014808227789937 9.1087478901347e-06 -6.955506796735023e-07 9.108747890134571e-06 0.000506586523144282 4.4410020251319953e-07 -6.955506796732505e-07 4.441002025133431e-07 0.0005132697203395233
1657570045.5526412 63.91644299741124 -15.515755837375028 -0.8634289195182496 0.00036833349526102727 8.259289088425541e-06 -5.577382306961903e-07 8.259289088425909e-06 0.00037237676115194854 3.605447006617875e-07 -5.577382306962412e-07 3.6054470066172e-07 0.0003785610915268469
1657570045.7526412 64.07962805824747 -15.667680169738187 -0.8678116451594543 0.0007225066566381543 4.145794579223089e-05 -2.383534795081631e-06 4.145794579223448e-05 0.0007511816501553836 1.6074312019326615e-06 -2.3835347950789585e-06 1.6074312019369091e-06 0.0007803861428188503
1657570049.5525155 67.00345665599673 -18.7159842545853 -0.9034857670484481 0.0005328306402397109 3.354338179595809e-05 1.4842246464835882e-07 3.354338179595689e-05 0.0005270200961237035 -1.456907751322476e-07 1.48422464648441e-07 -1.4569077513212246e-07 0.000563217396826305
1657570049.7525156 67.15145398679076 -18.883449924620663 -0.9079322247124123 0.0005531334729293677 1.6274388757650322e-05 -4.0985611270053154e-08 1.6274388757650807e-05 0.0005490956412729082 -2.5440898241784952e-08 -4.098561127011205e-08 -2.5440898241848384e-08 0.0005669554617378763
1657570049.9525156 67.29739167290684 -19.051331559712157 -0.9123021033950948 0.0003250747014332789 2.8973975322302713e-06 -9.304604730483966e-08 2.89739753223049e-06 0.0003226723800516041 1.1040156027532124e-08 -9.304604730473545e-08 1.1040156027675701e-08 0.0003265088589667128
1657570050.1525156 67.44282910109261 -19.220051231968164 -0.9165227164157388 0.000458135700786418 5.222465818710686e-06 -2.9663111627053367e-08 5.222465818711063e-06 0.00045537116674898077 -1.2284945881483314e-08 -2.966311162699097e-08 -1.2284945881519604e-08 0.00046186382483182856
1657570050.3525157 67.59281484167057 -19.390033026321245 -0.9203821700555171 0.0003172125779528358 2.1214854422654168e-06 -3.1728773504931384e-08 2.121485442265338e-06 0.00031479622038776885 3.201889098194652e-08 -3.1728773504950224e-08 3.2018890981930794e-08 0.0003178768597005032
1657570050.5525157 67.7476948508337 -19.56002792918346 -0.9234579013442163 0.0004656530457534971 4.689139935628221e-06 7.70161573439331e-08 4.689139935627673e-06 0.0004628820780071192 9.710269849644762e-09 7.70161573437066e-08 9.710269849447192e-09 0.0004686526881612741
1657570050.7525158 67.90218472855358 -19.726749336746476 -0.9251610021138601 0.00032147838260301734 1.995449306422919e-06 3.725837952185529e-08 1.995449306422971e-06 0.00031884812919538035 9.10613314324507e-09 3.725837952199635e-08 9.106133143368858e-09 0.00032163806506134304
1657570050.9525158 68.05182460833875 -19.887539419986666 -0.9259910463055491 0.0005257503644310013 7.229459580562354e-06 -1.1721419852821606e-07 7.2294595805632645e-06 0.0005229997053733759 2.60406593693741e-08 -1.1721419852896332e-07 2.6040659368707753e-08 0.0005310831029946899
1657570051.152516 68.19351796160319 -20.04063962443794 -0.9277938644997494 0.0005561835573347401 7.441677372467108e-06 -1.3589121794770184e-07 7.4416773724672165e-06 0.0005519586515026602 -5.200706558892877e-08 -1.3589121794792707e-07 -5.200706558914987e-08 0.0005607253506895197
1657570051.352516 68.32460759593693 -20.183628521809812 -0.9312406133012078 0.003768278920127469 7.473624502552306e-05 -6.566960539425415e-08 7.473624502552276e-05 0.0037536750752523466 -1.1677666076768572e-06 -6.566960539475331e-08 -1.1677666076775003e-06 0.0038337061974592734
1657570051.552516 68.44273915317548 -20.313358668131592 -0.9356880830874463 0.004089752085685735 9.567316186064036e-05 3.373819343607494e-07 9.56731618606419e-05 0.004071437294571518 -1.5568163030604242e-06 3.373819343606187e-07 -1.5568163030601286e-06 0.004174403438256637
1657570051.752516 68.54560822870505 -20.42661421410993 -0.9403531773354293 0.0008934344282702436 1.512369607760796e-05 -6.166630185918348e-10 1.5123696077608089e-05 0.0008874270895071522 -2.4901687990282605e-07 -6.166630185090251e-10 -2.4901687990279106e-07 0.0009047030473491246
1657570051.952516 68.6311313555113 -20.520354873475846 -0.9444120799193741 0.0003738707241753537 2.5004604457831887e-06 -2.1745018188817838e-08 2.5004604457836414e-06 0.00037131048637217286 -5.4634108648266614e-08 -2.1745018188891444e-08 -5.463410864832617e-08 0.00037462924431195036
1657570052.1525161 68.70276582572524 -20.598208646795026 -0.9478193195302121 0.00047439498482176027 1.779656144243027e-06 -8.307071551230087e-09 1.779656144243219e-06 0.0004717141714794054 -4.020611954234211e-08 -8.307071551291113e-09 -4.020611954234816e-08 0.00047426626505462526
1657570052.3525162 68.77031010604641 -20.671534871227873 -0.9513412347209741 0.0003170872990063436 -1.193294402176491e-07 -2.4908190203981377e-08 -1.1932944021771384e-07 0.0003146468353961069 7.292246515355086e-09 -2.4908190203989523e-08 7.2922465153575255e-09 0.0003151915388230837
1657570052.5525162 68.83899817982834 -20.74690370997056 -0.9550960775205496 0.00044841525496182744 1.0442651081538308e-07 6.828128800807578e-08 1.0442651081412137e-07 0.00044603739056998313 -2.735004081290308e-08 6.828128800805981e-08 -2.7350040812874762e-08 0.0004468210340926428
1657570052.7525163 68.90831285327239 -20.824747191288967 -0.9583766821475481 0.0003128429659646931 -5.250373239728303e-07 5.469434282985728e-08 -5.250373239726565e-07 0.0003104214724559903 -1.140952364442232e-08 5.469434282987094e-08 -1.1409523644416379e-08 0.00031061387778786177
1657570052.9525163 68.97973990220619 -20.90571329873869 -0.9609677651925466 0.00044639375433784035 1.8193684788957539e-07 -2.1853607986754306e-08 1.8193684788996415e-07 0.0004441175719650702 2.2797112264529595e-08 -2.18536079867821e-08 2.279711226453713e-08 0.00044510127034327125
1657570053.1525164 69.05726290085427 -20.991005542055838 -0.9632573408746222 0.000312744122450482 -3.190694002533759e-07 -5.1816716255656026e-08 -3.190694002532043e-07 0.00031047191569443406 3.564180079393269e-08 -5.1816716255651665e-08 3.564180079393407e-08 0.00031096859434211205
1657570053.3525164 69.13742367566103 -21.07733524983645 -0.9652148070658852 0.00044663492635237 4.100112815710483e-07 -2.0037816023359426e-08 4.100112815712138e-07 0.0004444456737465341 4.4405284716167056e-08 -2.0037816023291184e-08 4.440528471619497e-08 0.000445737559763701
1657570053.5525165 69.20791154871881 -21.155974782046908 -0.9663086018828473 0.0003129146016415253 -4.3505178402103885e-07 -2.184567124391918e-08 -4.350517840211011e-07 0.0003104530971257479 6.186237689759835e-08 -2.1845671243916713e-08 6.186237689759191e-08 0.0003109499983699349
1657570053.7525165 69.25834077342212 -21.21551270675082 -0.9667127939066131 0.00044831376636798246 5.86086043000033e-07 -6.486334564223381e-08 5.860860430002022e-07 0.00044545268332739753 1.7154211806903352e-07 -6.48633456422562e-08 1.715421180690463e-07 0.0004473346922984177
1657570053.9525166 69.28154978518221 -21.242356005017854 -0.9674285477068831 0.0003127756106705181 3.524171742613873e-07 -9.86897540809521e-08 3.524171742612844e-07 0.0003098347146518469 1.6146373303852428e-07 -9.868975408090155e-08 1.6146373303856812e-07 0.00031131217818727803
1657570054.1525166 69.28253869248525 -21.240156753063975 -0.9686724535438941 0.00044742589530879053 2.7179506932420143e-07 -7.866171169193951e-08 2.7179506932463093e-07 0.00044463852148917283 1.402155140792235e-07 -7.866171169196542e-08 1.402155140792162e-07 0.000445912453253013
1657570054.3525167 69.27996743006247 -21.23277361541658 -0.9697251422037771 0.0003116872694515813 -7.072776466563821e-07 -5.337486142609757e-08 -7.072776466563566e-07 0.00030917221801476225 6.350522312227073e-08 -5.33748614261109e-08 6.350522312226033e-08 0.0003091929851577099
1657570054.5525167 69.28209056113833 -21.231635525185823 -0.9702825729150747 0.00044624164706798383 -7.247112596780107e-07 -2.5515781993192924e-08 -7.247112596784096e-07 0.00044408940977922883 2.2327023580288153e-08 -2.5515781993190757e-08 2.2327023580287733e-08 0.0004439631369188875
1657570054.7525167 69.28417382386309 -21.23209577096608 -0.9705827739304037 0.00031081182150454346 -9.594394971801644e-07 -1.3735214969778062e-08 -9.594394971801998e-07 0.0003085991258012577 3.2840187939971607e-09 -1.3735214969776955e-08 3.2840187939986053e-09 0.00030824173802392464
1657570054.9525168 69.28409666186921 -21.23158725559562 -0.9707791496342296 0.00044607937622495505 -1.006021128762584e-06 -2.2438984647311924e-08 -1.006021128762745e-06 0.0004438110874219272 -5.2290604831492815e-09 -2.2438984647311818e-08 -5.229060483163302e-09 0.00044341622519211433
1657570055.1525168 69.28364430356841 -21.231106534681157 -0.9708874897607959 0.0003123497775554113 -1.1002448158936044e-06 -2.3460954991719842e-08 -1.100244815893599e-06 0.00030991773964741156 -7.322073466826469e-09 -2.3460954991719727e-08 -7.3220734668262876e-09 0.0003094720944725066
1657570055.352517 69.28366737863219 -21.231093135432122 -0.9709376183853177 0.00045390271741144666 -1.0756920083646847e-06 -1.85757144764161e-08 -1.0756920083644613e-06 0.0004516763595428602 -1.3842869957823252e-09 -1.857571447640301e-08 -1.3842869957810303e-09 0.00045123565573798266
1657570055.552517 69.28366595784352 -21.231083759967326 -0.9709857548248702 0.0003048696284193135 -1.1401856752966347e-06 -2.2546075300618504e-08 -1.1401856752965432e-06 0.00030252671562084433 7.000348327725032e-10 -2.254607530058655e-08 7.000348327713783e-10 0.0003020600530868132
1657570055.752517 69.28343457030539 -21.23088914321846 -0.9710535278310316 0.0004516758804956148 -1.0131210549890378e-06 -8.260338703719698e-08 -1.0131210549902436e-06 0.00044967419343244997 2.594400632368361e-08 -8.260338703721305e-08 2.594400632363352e-08 0.0004492658629999395
1657570055.952517 69.2832085175925 -21.23071282665308 -0.9711191279237584 0.0003033259158047423 -1.0654477969237944e-06 -9.506136558165283e-08 -1.0654477969237804e-06 0.0003012222142073766 3.0510992134324713e-08 -9.506136558165769e-08 3.051099213432476e-08 0.0003007954675126329
1657570056.152517 69.2831659906048 -21.2306996534285 -0.9711715682910261 0.0004439676050021177 -1.0960002456747987e-06 -5.4047914689847886e-08 -1.0960002456750572e-06 0.00044176474901554596 1.134829899375247e-08 -5.404791468982299e-08 1.1348298993719235e-08 0.00044132031145992955
1657570056.3525171 69.28337665769233 -21.23088614065953 -0.9712155670618373 0.00031123331221989247 -1.1639427845490372e-06 -5.4189269801922003e-08 -1.16394278454903e-06 0.0003088657849657961 1.056531185296178e-08 -5.4189269801924326e-08 1.056531185296181e-08 0.00030839695790673235
1657570056.5525172 69.28359802086189 -21.2310200759989 -0.9712410281471051 0.0004468229744302823 -9.954724793879943e-07 -5.9183416442626915e-08 -9.95472479388497e-07 0.0004445915339406486 1.294282566625021e-08 -5.918341644267967e-08 1.2942825666224916e-08 0.0004442072568135361
1657570056.7525172 69.28326174671749 -21.230551593543158 -0.971222775820458 0.0003117307966059235 -1.0222601697215386e-06 -6.171645400122353e-08 -1.0222601697214857e-06 0.000309356694778205 1.571340075507747e-08 -6.171645400120794e-08 1.5713400755083314e-08 0.0003089793252458915
1657570056.9525173 69.28284585825358 -21.230113688543845 -0.9712159296789036 0.00045188700930237066 -9.180059646957947e-07 -1.395994588369066e-08 -9.180059646953804e-07 0.00044953303953585257 5.5316907983626174e-08 -1.395994588377355e-08 5.531690798373215e-08 0.0004492840787297215
1657570057.1525173 69.28397657520777 -21.231631634078074 -0.9713579046112012 0.00032661799230270053 -8.566719714986584e-07 1.2041859096837677e-09 -8.566719714985759e-07 0.0003239856065657346 5.593313591134814e-08 1.2041859096899908e-09 5.593313591135279e-08 0.00032388293917654334
1657570057.3525174 69.28501042749545 -21.23285886231351 -0.971480609404927 0.0005216242944697204 2.6097591428764434e-07 7.907448633242148e-08 2.609759142876378e-07 0.0005194986743296127 -7.861788284328343e-08 7.907448633243695e-08 -7.861788284324064e-08 0.0005203893810242126
1657570057.5525174 69.28059643683459 -21.226783325827014 -0.9710862374940213 0.0005490126697011484 1.2101308407294177e-06 2.1175776423827455e-07 1.2101308407294291e-06 0.0005453861933644908 -2.052335455913428e-07 2.1175776423832974e-07 -2.052335455912825e-07 0.0005476782638078068
1657570057.7525175 69.27217702904304 -21.214809358206697 -0.970339535122275 0.0037158760329390485 2.6418470046707588e-05 2.503217144162466e-06 2.6418470046708554e-05 0.003711081850540606 -2.1042560650351215e-06 2.5032171441626265e-06 -2.1042560650348563e-06 0.0037390663168489074
1657570057.9525175 69.26945721095534 -21.208653570298818 -0.9701697052197386 0.004025424878361658 3.559196128285557e-05 3.7092545863220237e-06 3.559196128285854e-05 0.004021348188020627 -2.9488391735454576e-06 3.7092545863219873e-06 -2.9488391735453907e-06 0.004057970408213606
1657570058.1525176 69.28260441573886 -21.220642086739748 -0.9714985603799442 0.0008867248358195999 7.716932534934503e-06 1.0573684243875096e-06 7.71693253493456e-06 0.0008834672029640947 -7.764854471764129e-07 1.0573684243874503e-06 -7.764854471764651e-07 0.0008919614964524779
1657570058.3525176 69.32174775014977 -21.263081615956196 -0.9751281175266118 0.00037243929934878465 2.079450508526661e-06 3.561575542776263e-07 2.0794505085266565e-06 0.00037049776307251816 -2.0790454149176953e-07 3.561575542777545e-07 -2.0790454149166457e-07 0.0003730121363622414
1657570058.5525177 69.39563774452587 -21.34768847582247 -0.9801872855386656 0.00047592820757311573 1.739847979528591e-06 1.5877913767336837e-07 1.7398479795287295e-06 0.00047328655879724644 5.044720780728953e-08 1.5877913767333517e-07 5.044720780733541e-08 0.00047574486258614786
1657570058.7525177 69.51094547601231 -21.484755172097028 -0.9839226321481995 0.0003187642747000526 2.355812129571775e-06 -4.8649403471640055e-08 2.3558121295717166e-06 0.00031571151595191025 1.8579484922714037e-07 -4.864940347181077e-08 1.857948492269745e-07 0.00031910046477468586
1657570058.9525177 69.65869396672977 -21.662708190113097 -0.9858604704685554 0.0004539820048495683 5.240147134139084e-06 -3.320775188795589e-08 5.240147134138538e-06 0.000451028541568215 1.6523877792875696e-07 -3.320775188811093e-08 1.6523877792863713e-07 0.0004573629647898873
1657570059.1525178 69.81204170473809 -21.844849697879308 -0.988558046535283 0.0003146869657255588 1.7787832881374848e-06 2.3579410271384314e-08 1.778783288137481e-06 0.00031216182910567873 2.2555439977002477e-08 2.3579410271322087e-08 2.255543997697317e-08 0.00031475867617390484
1657570059.3525178 69.95764480705475 -22.013506820258147 -0.9933383408336353 0.0004512033567145604 4.226814507151819e-06 5.732746250847e-08 4.226814507151728e-06 0.00044879270612824035 -8.314109818480668e-08 5.7327462508448046e-08 -8.31410981848069e-08 0.0004537942845070383
1657570059.552518 70.09974564880143 -22.17479897978974 -0.9998631768324246 0.00031399693112474754 1.5079905614223058e-06 1.7961906620116565e-08 1.5079905614222315e-06 0.0003116534215320306 -4.861982525069827e-08 1.796190662012645e-08 -4.8619825250699215e-08 0.00031385334638453955
1657570059.752518 70.24257838512376 -22.334571009132524 -1.0066945143381034 0.0004507634465768186 3.669972171483024e-06 1.8806407652686349e-07 3.6699721714826563e-06 0.00044858165640629096 -1.55266343243989e-07 1.880640765268056e-07 -1.5526634324403258e-07 0.00045284704450585114
1657570059.952518 70.38937312980364 -22.496369292360587 -1.011292516552406 0.0003133839278263176 1.4388362949708434e-06 7.518104884772421e-08 1.4388362949709713e-06 0.00031117528726623127 -1.9511581648471512e-08 7.51810488477445e-08 -1.9511581648438074e-08 0.00031328614710455165
1657570060.152518 70.54087801044312 -22.65913039231948 -1.0131791351061892 0.0004506599332406206 3.846920849837651e-06 8.281413062971155e-08 3.846920849837421e-06 0.0004483934783922825 -9.135285033703087e-09 8.281413062971272e-08 -9.135285033746559e-09 0.0004532198405909822
1657570060.352518 70.69515266710506 -22.81654393438459 -1.014272437475473 0.0003136687534560223 1.3730176655438988e-06 -4.662382131196252e-09 1.3730176655438615e-06 0.0003113784195892213 1.609102328026622e-08 -4.662382131199412e-09 1.6091023280268683e-08 0.0003140092390556175
1657570060.5525181 70.84996904015637 -22.968854934498374 -1.0156215273890283 0.0004505206610895743 3.7123473742063246e-06 1.1375552919626863e-07 3.7123473742062806e-06 0.0004485784959986942 -8.775622144403506e-08 1.1375552919623328e-07 -8.775622144403806e-08 0.00045448788078628326
1657570060.7525182 71.00370861269403 -23.123818331617542 -1.017174278431727 0.0003134160936192425 1.3801271378624015e-06 5.99593862215447e-08 1.3801271378622804e-06 0.00031134626053807695 -9.592351624380905e-08 5.995938622153649e-08 -9.59235162438092e-08 0.000315497626637141
1657570060.9525182 71.16081227083806 -23.279314524080267 -1.0188997944631235 0.000451077129058023 3.4430358939619643e-06 1.3967711392002326e-07 3.443035893961922e-06 0.00044879999444346377 -1.4153938059350393e-07 1.3967711392004446e-07 -1.415393805935615e-07 0.0004567430666071774
1657570061.1525183 71.33225983003838 -23.420869325343467 -1.0208920668876815 0.0003133648007064593 1.0754911984209044e-06 1.037900801972213e-07 1.0754911984207763e-06 0.00031192565004841273 -5.390411103261969e-08 1.0379008019720481e-07 -5.390411103259563e-08 0.00031643355776648894
1657570061.3525183 71.51769874320752 -23.54587015920167 -1.0228459192732606 0.000449991611327188 3.5547013150379016e-06 1.8115408460019198e-07 3.5547013150384598e-06 0.0004498052933257017 -4.7495367388062405e-08 1.8115408460017123e-07 -4.749536738805408e-08 0.00045643653231054813
1657570061.5525184 71.7045767436108 -23.666749205883345 -1.0241523340222949 0.000313087045117296 1.3637357153036448e-06 9.602897066449314e-08 1.3637357153036535e-06 0.0003119010012644344 8.635354514187142e-09 9.602897066447333e-08 8.635354514188061e-09 0.00031466479017627476
1657570061.7525184 71.8885382235315 -23.79005594121193 -1.025075382743483 0.0004496231519027375 3.7374523687095885e-06 1.2050482410750283e-07 3.7374523687099244e-06 0.0004494774859814155 7.531719350061512e-09 1.205048241074787e-07 7.53171935004712e-09 0.00045350731847662123
1657570061.9525185 72.07467947922376 -23.91443065503193 -1.0268561024676026 0.00031324167523884 1.450280657988908e-06 4.26023040894865e-08 1.4502806579890045e-06 0.0003120801583693878 -4.5326462171574154e-10 4.260230408948377e-08 -4.53264621709675e-10 0.0003137892151153616
1657570062.1525185 72.26397077184713 -24.0370423885306 -1.0295493219710214 0.0004503200345672357 3.822546429229279e-06 1.1155094872441201e-07 3.822546429229252e-06 0.0004495239554633478 -7.095955311306306e-08 1.1155094872445051e-07 -7.095955311303882e-08 0.00045334073553552365
1657570062.3525186 72.45173774753128 -24.15459667899585 -1.0318443556020334 0.0003136516594005151 1.2686069353372318e-06 1.9082039668700653e-08 1.2686069353371124e-06 0.00031196085225983553 -1.6560165937767014e-08 1.90820396686917e-08 -1.6560165937790473e-08 0.00031360354041335233
1657570062.5525186 72.63715893158826 -24.267160727582734 -1.0334509686313007 0.00044976210920698 3.6669908694552713e-06 7.618934000996055e-08 3.666990869455294e-06 0.00044924764592108426 -1.0706570344914978e-07 7.618934000996568e-08 -1.0706570344913292e-07 0.0004528473885927704
1657570062.7525187 72.82421169017928 -24.378922123474076 -1.0353280993215979 0.00031315568055686934 1.418262334992889e-06 1.9168179517898404e-08 1.4182623349929054e-06 0.0003117924781012447 -6.05984083480159e-08 1.9168179517912284e-08 -6.059840834801365e-08 0.00031354413518008015
1657570062.9525187 73.01487914821611 -24.492961062913718 -1.0375062905409769 0.00044966478624948957 3.846328158270388e-06 7.785798401899236e-08 3.8463281582710215e-06 0.00044936503728676137 -3.9361292161934e-08 7.785798401896319e-08 -3.936129216191856e-08 0.00045306432745556276
1657570063.1525187 73.20823877028033 -24.61107511053485 -1.038867735230166 0.0003130976508770733 1.5859536395339166e-06 -1.5151591186695143e-09 1.585953639533967e-06 0.0003118714343723314 2.7670637940261427e-08 -1.5151591186721098e-09 2.7670637940268534e-08 0.0003137451368454189
1657570063.3525188 73.40362956616664 -24.73206336117887 -1.039101133048685 0.0004503677602653329 4.018116636929114e-06 9.031543189048077e-08 4.0181166369291785e-06 0.0004494845915623155 -3.0093335871831254e-08 9.031543189044695e-08 -3.009333587179541e-08 0.0004536506377796179
1657570063.5525188 73.6007415031678 -24.851570284296596 -1.0388990245316632 0.0003149670129352672 1.4948269797645563e-06 4.4311413965006354e-08 1.49482697976454e-06 0.00031338786201176436 -3.6375098050123726e-09 4.4311413965009716e-08 -3.6375098050208127e-09 0.000315314607275861
1657570063.752519 73.79850422569733 -24.96824800091704 -1.0387831188984047 0.00045743960981548985 4.284452698878612e-06 3.529663686926444e-08 4.284452698878899e-06 0.0004570761186913179 -4.3245676788781385e-09 3.529663686927407e-08 -4.324567678908506e-09 0.0004613798633848798
1657570063.952519 73.99506941441093 -25.084420952628534 -1.0391079816140674 0.0003075020935266991 1.5902552445042492e-06 1.194636908578508e-08 1.5902552445040978e-06 0.00030634293127548753 1.596857083526537e-08 1.1946369085779543e-08 1.5968570835264918e-08 0.00030827594672104905
1657570064.152519 74.19099859455284 -25.200139226931963 -1.0403602374544587 0.00045612008322217515 4.09380675767472e-06 4.7440716431638557e-08 4.093806757675189e-06 0.0004554482681626528 -1.4050916390366085e-08 4.744071643169467e-08 -1.4050916390365931e-08 0.0004597078936835399
1657570064.352519 74.38963407326793 -25.312553894468547 -1.0432622030926808 0.00030759699480056087 1.43300149210167e-06 3.058812690671507e-08 1.4330014921016787e-06 0.0003062063270327844 6.799446630232726e-10 3.058812690670814e-08 6.799446630108e-10 0.0003080854689758364
1657570064.552519 74.59017784979054 -25.421509750124986 -1.0476387158597587 0.00045592068594122424 4.076883291972049e-06 1.8178853323792178e-07 4.076883291971761e-06 0.0004556249660477651 -6.698520039367622e-08 1.8178853323794854e-07 -6.698520039369657e-08 0.00045982346522999303
1657570064.7525191 74.78690620287632 -25.530175700512075 -1.0523218232665494 0.000307310639972831 1.3746475624875995e-06 9.803482381113619e-08 1.3746475624874646e-06 0.0003059042220219695 -2.454978402792315e-08 9.803482381114663e-08 -2.454978402791119e-08 0.0003077779696271994
1657570064.9525192 74.9784633626512 -25.63818070340676 -1.0570811892794916 0.0004555305804761151 3.810899212670369e-06 1.3013863725416473e-07 3.8108992126704375e-06 0.00045495154850716193 -3.0468552117571696e-08 1.3013863725406428e-07 -3.04685521175114e-08 0.0004591298755901523
1657570065.1525192 75.16892345867828 -25.740897660886134 -1.0627408998066121 0.00030714131008962876 1.2819875012924945e-06 3.605550536988939e-08 1.2819875012925148e-06 0.00030584698385400697 9.397651919468906e-09 3.605550536988759e-08 9.397651919470198e-09 0.00030768179192242875
1657570065.3525193 75.3607394551893 -25.83847779764188 -1.069021092596076 0.0004550718859449244 3.6996145247052526e-06 2.1745967640367476e-07 3.6996145247054267e-06 0.0004548846978337584 -7.354004907877449e-08 2.1745967640363585e-07 -7.354004907879217e-08 0.00045863252370284357
1657570065.5525193 75.5541566003211 -25.936903448532693 -1.07420587872411 0.0003070299137880123 1.408017770109337e-06 8.504033843801966e-08 1.408017770109427e-06 0.00030586965710541474 -1.4300670850169233e-08 8.504033843800773e-08 -1.4300670850172446e-08 0.00030758441984916516
1657570065.7525194 75.74896810759854 -26.038006684306083 -1.0774511726657363 0.00045615255380832264 3.7263273794011977e-06 6.351384963003038e-08 3.7263273794015196e-06 0.0004558834461783459 -5.610882174203114e-08 6.351384963009512e-08 -5.610882174205198e-08 0.00045945617863907214
1657570065.9525194 75.94452064448227 -26.138416527266155 -1.078891175192682 0.0003051085681646783 1.2807688436013009e-06 -3.302404252797876e-08 1.2807688436013305e-06 0.00030394340950718515 4.637568862786245e-09 -3.302404252798085e-08 4.6375688627887365e-09 0.0003053962870926761
1657570066.1525195 76.14119412480801 -26.236591538424904 -1.0792043633436075 0.0004477229946435453 3.6829252481406795e-06 1.456958302827093e-08 3.6829252481404415e-06 0.00044761170241064044 -1.4581209313973912e-08 1.4569583028241859e-08 -1.4581209314032385e-08 0.00045103776031993066
1657570066.3525195 76.34061653226756 -26.333539322461224 -1.0795848973425208 0.0003127949039021709 1.4306225388273207e-06 4.563479161517116e-09 1.4306225388273205e-06 0.00031177916339373825 9.668349719681186e-09 4.563479161510407e-09 9.66834971966427e-09 0.0003133668651565583
1657570066.5525196 76.54254415591485 -26.430410114545488 -1.080230274859158 0.00045029544853864316 3.6526479032067372e-06 1.1776808451805878e-07 3.6526479032064272e-06 0.00045018982036780676 -3.267910369116921e-08 1.1776808451803095e-07 -3.267910369116093e-08 0.00045363820998198034
1657570066.7525196 76.74448399105918 -26.528323873388 -1.0802250052984648 0.00031421235448023447 1.2612605924441323e-06 8.692193799900908e-08 1.2612605924439908e-06 0.00031295968744683684 -8.881939441891226e-09 8.692193799901476e-08 -8.881939441888369e-09 0.0003145341310089245
1657570066.9525197 76.94584905978499 -26.626316957878224 -1.0794699084629713 0.00045766353303194077 3.917224678604673e-06 3.461281743794775e-08 3.917224678603978e-06 0.0004577835866049584 -6.268498325122428e-10 3.461281743793003e-08 -6.268498325358775e-10 0.0004614923303754715
1657570067.1525197 77.14834748478842 -26.721097776704894 -1.0789072558715562 0.00030561947864431453 1.3396738751926846e-06 4.895848112892549e-09 1.3396738751927017e-06 0.00030476323036360205 -6.085388346738805e-09 4.895848112918063e-09 -6.085388346723332e-09 0.00030629473631580106
1657570067.3525198 77.35129955190716 -26.812048622346396 -1.078929649538662 0.0004489698012932617 3.69387646431878e-06 -1.877713219031148e-08 3.6938764643185937e-06 0.0004491380450763769 -2.085007338952442e-08 -1.87771321902503e-08 -2.0850073389547238e-08 0.0004525358599391178
1657570067.5525198 77.55115411989125 -26.90186905351878 -1.0793045331814508 0.000313376874528438 1.305569200632158e-06 -5.598337602381075e-08 1.3055692006321387e-06 0.00031221618920764633 -1.634257215248893e-08 -5.598337602380795e-08 -1.6342572152485964e-08 0.00031371520858084113
1657570067.7525198 77.74753048124155 -26.99233147114052 -1.0800507338751888 0.00045786300506999887 3.6903844125718265e-06 3.0619595541402726e-08 3.6903844125713805e-06 0.00045831916574963824 -3.642578950466859e-08 3.061959554141677e-08 -3.6425789504659206e-08 0.00046156233486373255
1657570067.95252 77.94391253808573 -27.083982968980923 -1.0815258075029812 0.00030562300966971917 1.3209212629625697e-06 7.387073493462554e-09 1.3209212629626656e-06 0.00030496349637732596 -2.0310168797300584e-08 7.387073493461755e-09 -2.0310168797300657e-08 0.0003063372728026385
1657570068.15252 78.14357058192914 -27.17622931782556 -1.0833779764091027 0.0004562246080223547 3.7080586013863683e-06 1.0936318172480455e-07 3.708058601386709e-06 0.00045655497575136845 -6.667305217112233e-08 1.0936318172477355e-07 -6.667305217113514e-08 0.0004599186276738714
1657570068.35252 78.34913612327553 -27.267249125086757 -1.084374351497443 0.00030562297848903765 1.3433042831241567e-06 6.2095369525587e-08 1.3433042831241266e-06 0.0003049410984095159 -4.2417864606439994e-09 6.209536952558465e-08 -4.241786460643897e-09 0.00030640897220493904
1657570068.55252 78.55950803011517 -27.35711821583272 -1.0837936133940194 0.0004550899820409928 3.9932779573752525e-06 6.320912140314232e-08 3.993277957375162e-06 0.00045600578226443763 -1.5387924826903693e-08 6.320912140314276e-08 -1.538792482693659e-08 0.0004595146714287148
1657570068.75252 78.7692865531293 -27.448166635406732 -1.0815918857285278 0.0003053810771708578 1.437221202595351e-06 2.4070118203355357e-08 1.4372212025953081e-06 0.00030479127272383863 2.4006258179961695e-08 2.4070118203351307e-08 2.400625817995589e-08 0.00030630033816415663
1657570068.9525201 78.97613917814057 -27.540212745047455 -1.0788977812919267 0.000447758755649818 3.941446574745335e-06 3.230143874786615e-08 3.9414465747452965e-06 0.00044835315099747106 9.08832711915197e-08 3.2301438747846395e-08 9.0883271191499e-08 0.00045182769277833467
1657570069.1525202 79.18164001712707 -27.630112225368023 -1.0781691057980616 0.00031396985691226623 1.5153482676580237e-06 6.165262415553033e-08 1.5153482676579923e-06 0.0003132928035698108 3.817664614472951e-08 6.165262415552757e-08 3.817664614472561e-08 0.0003148346590070309
1657570069.3525202 79.38676155652355 -27.717533965221328 -1.0799259852571315 0.0004568732590823224 3.868890354247392e-06 7.7943325185627e-08 3.868890354247546e-06 0.0004575277004034953 1.9578490007087928e-08 7.794332518563864e-08 1.9578490007132668e-08 0.00046091772197961875
1657570069.5525203 79.59152755673874 -27.80556463067315 -1.0825032884557266 0.0003071271466555624 1.3614276869674843e-06 2.1637114535774568e-08 1.3614276869674328e-06 0.00030635261981471374 1.3949468572087608e-08 2.163711453577173e-08 1.3949468572071274e-08 0.0003078177353140883
1657570069.7525203 79.79601706018698 -27.894654654577277 -1.0849223896103146 0.0004550065087272092 3.883847870580462e-06 3.164181954886215e-08 3.8838478705803855e-06 0.0004557090520415149 -2.7303034868610136e-08 3.164181954885299e-08 -2.7303034868609157e-08 0.00045913269160425456
1657570069.9525204 80.00039110362867 -27.981939658118776 -1.0871233530293498 0.0003056274788737853 1.3765218431003334e-06 -2.9657500399635322e-08 1.3765218431003431e-06 0.0003050403104440687 3.888382779351422e-10 -2.9657500399640752e-08 3.8883827793414725e-10 0.00030648191708277565
1657570070.1525204 80.2037114087665 -28.066399405334025 -1.0892447581697502 0.00044781015688126165 3.647407483736727e-06 7.356953762319597e-08 3.6474074837360625e-06 0.00044839541568790893 -4.507388831747046e-08 7.356953762318619e-08 -4.507388831747016e-08 0.00045155452134412126
1657570070.3525205 80.40385340622414 -28.149368605850604 -1.0915273598360251 0.0003138720389271717 1.337430767177646e-06 4.223675181688127e-08 1.3374307671776832e-06 0.0003130550099205154 -1.7781432648748984e-08 4.223675181688242e-08 -1.7781432648749675e-08 0.0003144517195655994
1657570070.5525205 80.60179959153493 -28.231602565109448 -1.0938700162628594 0.0004573901090694752 3.5980032110588912e-06 8.293101883473843e-08 3.5980032110589095e-06 0.0004580191087341166 -5.993005805322375e-08 8.293101883474025e-08 -5.993005805323219e-08 0.000461046139222606
1657570070.7525206 80.80220105212602 -28.313043213223857 -1.0956995021949905 0.00030618100242501726 1.3187298517310036e-06 3.272513560419317e-08 1.3187298517309633e-06 0.00030549489185681807 -1.8498395180827192e-08 3.2725135604200165e-08 -1.8498395180833515e-08 0.0003067762321122827
1657570070.9525206 81.00742614891708 -28.394281648080618 -1.0965200923700185 0.0004555349911092493 3.6057281165410715e-06 5.985191596861936e-08 3.605728116541082e-06 0.0004565055063809072 -5.948923522638135e-09 5.985191596859571e-08 -5.948923522616979e-09 0.00045946808862329814
1657570071.1525207 81.2168177672717 -28.476696775203127 -1.0959215321675946 0.00030492512362365965 1.2769116973235945e-06 9.694492263971878e-09 1.2769116973235113e-06 0.0003043951888296717 3.0228906055946826e-08 9.694492263973515e-09 3.022890605594747e-08 0.000305645522031467
1657570071.3525207 81.42834359737547 -28.560245806027815 -1.0942105866199416 0.00044718626445767025 3.755058954576362e-06 1.4997972084158673e-08 3.7550589545760055e-06 0.00044842101162413265 -1.562384229051427e-08 1.499797208415879e-08 -1.562384229047535e-08 0.0004514165261079039
1657570071.5525208 81.63857759088606 -28.64323556039749 -1.0925268269260076 0.0003126930540311257 1.3880727933988098e-06 2.759083916258415e-08 1.3880727933988498e-06 0.0003123485742645607 -3.3530822273176365e-08 2.7590839162586903e-08 -3.353082227317593e-08 0.0003136329989259176
1657570071.7525208 81.8463149828291 -28.72524109433165 -1.091543800898356 0.0004488752920372401 3.8331685835452614e-06 -5.0252937259056374e-08 3.833168583545561e-06 0.0004501605739616878 4.092103058566524e-08 -5.025293725897694e-08 4.092103058563994e-08 0.0004532330946157529
1657570071.9525208 82.05300944201147 -28.807472267115454 -1.0914154842033663 0.00031264051420810545 1.51394309222622e-06 -4.6050077219206555e-08 1.5139430922261756e-06 0.000312326442649649 3.79223121261483e-08 -4.605007721921034e-08 3.792231212615319e-08 0.00031373832764126073
1657570072.152521 82.25902526814342 -28.889987047840133 -1.0919939471723905 0.00044905825398487063 3.7405490987480966e-06 -2.215706562232845e-08 3.740549098747956e-06 0.0004501546129714488 5.465104863494763e-09 -2.2157065622294085e-08 5.4651048634923224e-09 0.0004531864070230555
1657570072.352521 82.46330472307686 -28.971419462660776 -1.092869299554136 0.00031289530582422927 1.3983037520354783e-06 -3.146993576570065e-08 1.3983037520353756e-06 0.000312440643330724 1.198188087408115e-08 -3.1469935765698884e-08 1.1981880874081612e-08 0.00031376892036462774
1657570072.552521 82.6661433617098 -29.051432273529382 -1.0938132125627305 0.00045015623386233456 3.523952969981726e-06 3.4594816849161436e-08 3.523952969981669e-06 0.00045113567259560695 -2.2318993649243982e-08 3.459481684915821e-08 -2.23189936492409e-08 0.00045399878642411176
1657570072.752521 82.86955219244619 -29.13094448168558 -1.0948076065182288 0.00031331211735666876 1.3184831088364439e-06 1.9260781838190614e-08 1.3184831088364333e-06 0.00031279124204569407 -8.655775664756646e-09 1.9260781838189896e-08 -8.655775664756127e-09 0.0003140701583046301
1657570072.952521 83.0755350911261 -29.21102581428116 -1.0955804745363464 0.0004576924229228933 3.672626332886977e-06 4.0763906169543236e-08 3.672626332886945e-06 0.0004590561046405773 -3.0037125931912375e-08 4.076390616953784e-08 -3.0037125931915624e-08 0.0004619684374088399
1657570073.1525211 83.28588007604833 -29.292732975204938 -1.0955198731273184 0.0003058773916747711 1.3273461022002646e-06 5.3484888451608375e-09 1.3273461022002214e-06 0.0003056023909477427 -8.747357808037365e-09 5.348488845162149e-09 -8.747357808034899e-09 0.00030684946796842854
1657570073.3525212 83.49874772916556 -29.375197049586063 -1.0944780519716566 0.00045609757616618175 3.828619663319291e-06 -4.835614018238777e-08 3.828619663319237e-06 0.00045736483533777305 -1.9978259212498658e-08 -4.8356140182429335e-08 -1.9978259212516356e-08 0.00046044039612078223
1657570073.5525212 83.70812520889162 -29.455276777243185 -1.092879685361082 0.00030750437456424567 1.2114754115918306e-06 -4.1596344706685723e-08 1.211475411591884e-06 0.00030687448357865407 -3.9718327163512736e-08 -4.159634470668015e-08 -3.9718327163502704e-08 0.0003081004650332923
1657570073.7525213 83.91280427582248 -29.53239657107006 -1.0916855194200938 0.0004637092677886899 3.819232881267885e-06 -2.0930105463951537e-08 3.81923288126791e-06 0.00046513058339186825 -1.524036972026617e-08 -2.0930105463928525e-08 -1.524036972025752e-08 0.0004680648259354563
1657570073.9525213 84.1176348352119 -29.609078180026394 -1.0924739834281194 0.0002994921388668183 1.3343992614051935e-06 2.127926307309938e-08 1.334399261405088e-06 0.00029912240289018587 -4.350195416256489e-08 2.1279263073099154e-08 -4.350195416256076e-08 0.00030030091427348665
1657570074.1525214 84.32642160614922 -29.685965579893633 -1.0949231974978377 0.0004614589073718112 3.700495567435059e-06 2.550741886594434e-09 3.7004955674356795e-06 0.00046313356772068845 -9.580356262333913e-08 2.5507418866062374e-09 -9.580356262334612e-08 0.0004660608079090277
1657570074.3525214 84.5411614575705 -29.761220756327514 -1.096453302988092 0.0002987191725051869 1.217816579076386e-06 -3.790281233470457e-08 1.2178165790764057e-06 0.0002986253321560474 -4.089559251927141e-08 -3.7902812334702195e-08 -4.089559251924196e-08 0.0002998765161892523
1657570074.5525215 84.75994070973162 -29.83526385155941 -1.0961207267085686 0.0004558689090851322 3.858178015212741e-06 -6.699367622195424e-08 3.8581780152123725e-06 0.0004581570957321 -6.593548788008452e-09 -6.699367622198326e-08 -6.593548788011628e-09 0.00046124199532782264
1657570074.7525215 84.97636765251131 -29.911369747785404 -1.0950726830856594 0.0003027338454051501 1.3336224936896203e-06 -4.2527188965334844e-08 1.3336224936897245e-06 0.0003026930280794255 3.608101830078077e-08 -4.2527188965322006e-08 3.60810183007989e-08 0.00030406541616329356
1657570074.9525216 85.18898863100164 -29.989463549214886 -1.0945814646513032 0.00045007603649062795 3.7185238968430844e-06 6.408650722005435e-08 3.718523896843073e-06 0.00045205044830177554 8.783953541913271e-08 6.408650722005991e-08 8.783953541915538e-08 0.0004550352140584591
1657570075.1525216 85.40247540745597 -30.065503287552836 -1.0959419775440906 0.0003095349583054728 1.3471177789468504e-06 1.198811692474551e-07 1.347117778946943e-06 0.00030967498789677905 4.3848299603824936e-08 1.19881169247445e-07 4.3848299603807406e-08 0.0003108880035652629
1657570075.3525217 85.6183371933251 -30.13847886283807 -1.0989738667382343 0.0004513912613968143 3.7752952071822355e-06 8.006107584037262e-08 3.7752952071823325e-06 0.00045358614001568976 4.417743645814547e-08 8.006107584036575e-08 4.417743645813255e-08 0.0004563989429707453
1657570075.5525217 85.83395757075078 -30.211112861964676 -1.1018495586985375 0.00030978257129809177 1.3848062198423714e-06 1.6065779809109756e-08 1.3848062198424186e-06 0.0003098637442986534 2.9750354820976274e-08 1.6065779809118074e-08 2.975035482098042e-08 0.00031104093749522067
1657570075.7525218 86.04741473926454 -30.2839439481971 -1.1041008925983222 0.00045159929325092475 3.6794591679393903e-06 4.1018749937813254e-08 3.67945916793941e-06 0.00045368717612284285 1.9582662604463638e-08 4.1018749937813764e-08 1.958266260446021e-08 0.00045638549557551976
1657570075.9525218 86.25788057149185 -30.354834399882126 -1.1069141389532668 0.00030980342188715346 1.2613883411714834e-06 3.2160917884322e-08 1.2613883411714368e-06 0.00030975701968129936 7.380823784547929e-10 3.216091788432171e-08 7.380823784533748e-10 0.00031086774038123797
1657570076.1525218 86.46526867092568 -30.423838936947938 -1.1108235316769195 0.0004509376787493357 3.4532785691337847e-06 2.0249896110244087e-08 3.4532785691343467e-06 0.00045299885596763393 -2.740806643736768e-08 2.024989611024499e-08 -2.7408066437358164e-08 0.00045551762202385295
1657570076.352522 86.67028131299361 -30.493841896736647 -1.1154448760385995 0.00030995697126374056 1.2488974394401312e-06 -1.5866049053257875e-08 1.2488974394401661e-06 0.00030990356293863314 -2.2853402989286432e-08 -1.5866049053257908e-08 -2.2853402989293565e-08 0.0003110090335764797
1657570076.552522 86.87423208776421 -30.565979380915778 -1.1201427947663136 0.0004510699253335576 3.272354266161771e-06 2.4042193151917592e-08 3.2723542661615585e-06 0.00045286022852106554 -3.379001583318163e-09 2.4042193151934606e-08 -3.3790015833409875e-09 0.0004553013756622506
1657570076.752522 87.07904458704472 -30.639271410779127 -1.1239746203667265 0.0003100568216491984 1.1355502538294585e-06 -3.0881929284980184e-08 1.1355502538294319e-06 0.0003099209272032953 4.09158993247137e-08 -3.088192928497918e-08 4.0915899324711064e-08 0.0003109587983764285
1657570076.952522 87.28549463460864 -30.713174277315517 -1.1263990483283979 0.00045124625988136093 3.341361459397195e-06 -4.229037314398237e-09 3.341361459396756e-06 0.0004529572199572594 1.2848359633733104e-08 -4.229037314408795e-09 1.2848359633736129e-08 0.00045539274051391445
1657570077.152522 87.49295918673535 -30.787778552598915 -1.1272580272250823 0.00031037044547280944 1.1775054341820007e-06 -3.727784824922153e-08 1.1775054341819583e-06 0.00031011311452684937 3.131857314501544e-08 -3.727784824922015e-08 3.1318573145017914e-08 0.0003111388272980232
1657570077.3525221 87.7007839174389 -30.863183944804643 -1.1268820123682752 0.0004510759701555896 3.5051532720441743e-06 -1.2512944767731909e-07 3.5051532720438664e-06 0.00045311494956007647 6.8520040130937e-08 -1.2512944767733645e-07 6.852004013096894e-08 0.000455587969677269
1657570077.5525222 87.90843220744209 -30.93938200305823 -1.1261174265607687 0.00030998738055305945 1.3008289975622225e-06 -9.853177534559935e-08 1.3008289975621812e-06 0.0003100630231526877 5.34335718049548e-08 -9.853177534561142e-08 5.343357180495448e-08 0.00031110764967216137
1657570077.7525222 88.1163958636817 -31.01581016781993 -1.1256147521815205 0.0004508764624666631 3.459235954894607e-06 -1.206637538017067e-07 3.459235954894379e-06 0.0004531933419319366 1.1630938481234945e-07 -1.2066375380168553e-07 1.163093848123525e-07 0.0004556795393270639
1657570077.9525223 88.32639211425715 -31.09118626763352 -1.1258181574554647 0.0003098972167127586 1.243839603902959e-06 -6.804055714313721e-08 1.243839603903e-06 0.0003103330880816562 9.137647422829044e-08 -6.80405571431375e-08 9.137647422829544e-08 0.0003113654202601136
1657570078.1525223 88.53923776613637 -31.16530905752114 -1.1264339336386702 0.00045090284731841453 3.5166193809044566e-06 -6.560250849115233e-08 3.5166193809045972e-06 0.0004534107882449242 7.485833926720649e-08 -6.56025084911314e-08 7.485833926720923e-08 0.0004558560197649979
1657570078.3525224 88.75460216156355 -31.239115993021727 -1.1264017514196856 0.00031023281964741924 1.2508020391247102e-06 -5.1347144573387124e-08 1.2508020391247322e-06 0.00031059244180753467 5.8742157361949835e-08 -5.1347144573384166e-08 5.8742157361957604e-08 0.0003115926839439507
1657570078.5525224 88.97047226074565 -31.311994092151224 -1.1257540420729342 0.0004507274365803745 3.5952450725194878e-06 -1.1080675342230004e-07 3.5952450725194984e-06 0.0004533882501025422 9.893896238044226e-08 -1.1080675342231636e-07 9.893896238043076e-08 0.0004558709408255397
1657570078.7525225 89.1830634740862 -31.381556235126876 -1.1258799484078437 0.00031250263794534335 1.269866692934625e-06 -4.879850491745755e-08 1.2698666929346708e-06 0.0003127402799778949 5.1068938485895294e-08 -4.879850491745293e-08 5.106893848590463e-08 0.00031389517575510634
1657570078.9525225 89.3930518034391 -31.449947105157285 -1.127427855582854 0.0004627161325215321 3.6078510754146725e-06 -5.5698172843287006e-08 3.6078510754151807e-06 0.00046547131508919775 4.5711511663581e-08 -5.569817284328241e-08 4.571151166358798e-08 0.00046827868184549535
1657570079.1525226 89.60634564616463 -31.524684954618582 -1.1301483463341917 0.00029994579633900426 1.319696841792861e-06 -3.699408816357295e-08 1.3196968417929293e-06 0.00030010152099843807 -1.2932386214586184e-08 -3.699408816356981e-08 -1.293238621458198e-08 0.00030161272103829736
1657570079.3525226 89.82451572345401 -31.605491201015994 -1.1332380417279513 0.0004523213767053227 3.799743937203712e-06 -5.926440744676878e-08 3.7997439372037125e-06 0.00045475503747953965 -8.640818918366963e-08 -5.926440744678146e-08 -8.64081891836862e-08 0.00045819499699111053
1657570079.5525227 90.0435596766007 -31.682588869097625 -1.1353613238616427 0.0003074059434986588 1.277749674791795e-06 -6.37793558783469e-08 1.2777496747917855e-06 0.0003076718241839174 -1.0683313494755919e-07 -6.377935587836576e-08 -1.0683313494757687e-07 0.0003093110693555849
1657570079.7525227 90.26032206519383 -31.75439666473398 -1.1368435452493855 0.00045420601283243837 3.670260678404009e-06 -2.4517463204204464e-07 3.6702606784041314e-06 0.0004571177157458159 -5.7265274507507756e-08 -2.4517463204204157e-07 -5.7265274507491735e-08 0.00046049267858530254
1657570079.9525228 90.47317758197133 -31.829421443274274 -1.1398877200522985 0.00030838223222866 1.322827206208802e-06 -1.672119954366123e-07 1.3228272062087456e-06 0.0003086593946381571 -4.368837708502991e-08 -1.6721199543660486e-07 -4.3688377085032736e-08 0.0003103730375168675
1657570080.1525228 90.68329017783536 -31.908787053658674 -1.1448579252280935 0.00046282909081767526 3.626439167083798e-06 -7.096889805421312e-08 3.626439167083819e-06 0.0004656145102874436 -8.360700741414149e-08 -7.096889805425392e-08 -8.36070074141469e-08 0.0004689540035758472
1657570080.3525229 90.8950259266966 -31.98436536786149 -1.1499741169557591 0.0003030824876011229 1.1388195686769691e-06 5.113334810136441e-10 1.1388195686769706e-06 0.00030367303470364845 -2.8224219759615443e-08 5.113334810067798e-10 -2.8224219759612456e-08 0.0003049765762643384
1657570080.552523 91.11039870021358 -32.054146408912835 -1.1544875730661084 0.0004800031875705167 3.842136557915525e-06 -8.892378377615225e-08 3.842136557915811e-06 0.00048347378339483766 6.242961001575382e-08 -8.89237837761424e-08 6.242961001578202e-08 0.00048626340656468634
1657570080.752523 91.32841469348867 -32.123885074888754 -1.1589095730618182 0.000282470075470458 1.135446316220908e-06 -5.626159565196918e-08 1.135446316220949e-06 0.00028283762401450205 7.808587671718137e-08 -5.626159565196925e-08 7.808587671717765e-08 0.0002837158731919712
1657570080.952523 91.5479186371113 -32.19592735706061 -1.16386141204651 0.00045858872046030275 3.7280681825095686e-06 -7.644565859939114e-08 3.7280681825096076e-06 0.0004621304639049377 8.386939852840713e-08 -7.644565859938977e-08 8.386939852841954e-08 0.00046446917547732225
1657570081.152523 91.76773511158356 -32.2679072944375 -1.170010477678645 0.0002959144016810543 1.2429204317977217e-06 -3.431457191751114e-08 1.2429204317976896e-06 0.00029657802233606895 5.175536088698382e-08 -3.431457191751276e-08 5.1755360886981064e-08 0.000297413668666961
1657570081.352523 91.98669746340558 -32.33862528601559 -1.1771717068194096 0.0004540442932545918 3.546059797701486e-06 -1.021239280666572e-07 3.54605979770113e-06 0.00045761196885412477 8.376708815037216e-08 -1.0212392806664681e-07 8.376708815035965e-08 0.000459752114379316
1657570081.5525231 92.2036419090418 -32.40886330477724 -1.1841206575072463 0.0003040287406039195 1.1752399012923276e-06 -1.14183054564698e-07 1.1752399012923812e-06 0.0003046529002846587 7.452967418245928e-08 -1.1418305456469779e-07 7.452967418245729e-08 0.0003054939735034715
1657570081.7525232 92.41867272020332 -32.48014154883833 -1.1905821749822352 0.0004556797046308037 3.533367403571748e-06 -1.0406506332061578e-07 3.533367403572088e-06 0.0004593867967385855 1.7274496772026528e-08 -1.0406506332057937e-07 1.7274496772029774e-08 0.0004615317805466019
1657570081.9525232 92.63334423372496 -32.55489845833788 -1.1974029656660372 0.000304234955852737 1.2914642326542805e-06 -8.169525843650942e-08 1.291464232654306e-06 0.0003051158876894749 -3.674308960068127e-09 -8.169525843651037e-08 -3.674308960069447e-09 0.00030608455650079735
1657570082.1525233 92.84957332645817 -32.63252987676803 -1.2047188463655978 0.0004559137208281064 3.667402012504909e-06 -1.7547140595679387e-07 3.6674020125046825e-06 0.00045967195014278713 1.0258516178425625e-08 -1.754714059568316e-07 1.0258516178464557e-08 0.00046227756630919
1657570082.3525233 93.06948106533525 -32.709053664248174 -1.211760194903751 0.00030418706608975984 1.3390685354149154e-06 -1.6680461605333396e-07 1.3390685354149622e-06 0.00030522761210073515 2.539195162599065e-09 -1.6680461605333203e-07 2.5391951625907843e-09 0.0003065913890055501
1657570082.5525234 93.29061699546895 -32.78538788477358 -1.2185549082408513 0.00045600287153954973 3.576877820179686e-06 -1.891286638299126e-07 3.576877820179529e-06 0.00046022560974734775 -1.5041967225871132e-08 -1.8912866382990099e-07 -1.5041967225849807e-08 0.0004631535435517543
1657570082.7525234 93.50498194796918 -32.86835567746068 -1.2259959183734053 0.00030437624838379625 1.1759311385448248e-06 -9.179532033956377e-08 1.1759311385447747e-06 0.00030502942540423697 -2.1888821470539638e-08 -9.179532033955815e-08 -2.1888821470538122e-08 0.00030658568689754997
1657570082.9525235 93.70801211474905 -32.95671319882465 -1.234556402136511 0.00045637418002460796 3.4728380351679993e-06 -1.1220881258101136e-07 3.4728380351682093e-06 0.00045895686642605623 -4.8545157101362695e-08 -1.122088125810073e-07 -4.8545157101364316e-08 0.00046240601748390826
1657570083.1525235 93.89991020704173 -33.03979355345673 -1.2443031765465 0.00030348730396945775 1.0172117349310878e-06 -5.356714013467239e-08 1.0172117349311168e-06 0.00030333541147615627 -6.277475540354602e-08 -5.356714013467462e-08 -6.277475540353402e-08 0.00030489566652567516
1657570083.3525236 94.08318141537889 -33.11608777684391 -1.25520545985751 0.00044784398965888535 2.569318252581667e-06 -2.3486036964230607e-08 2.569318252581553e-06 0.0004497515818581791 -1.1429672072600164e-07 -2.3486036964202146e-08 -1.1429672072599343e-07 0.0004523101348866894
1657570083.5525236 94.26269584221644 -33.19520428046935 -1.2668523757959347 0.00031184597061451275 7.652313741620305e-07 -5.854247866451287e-08 7.652313741620232e-07 0.00031167329218015783 -1.1879219548448996e-07 -5.854247866450743e-08 -1.187921954845e-07 0.0003128728633003596
1657570083.7525237 94.44289151368602 -33.27991195039188 -1.2776880236216057 0.0004575188699994474 2.569949931029974e-06 -3.9834762255078264e-08 2.5699499310302794e-06 0.0004592010140615581 -3.003074086668311e-07 -3.983476225509964e-08 -3.003074086668331e-07 0.0004617435921719964
1657570083.9525237 94.62775336698031 -33.3640950847357 -1.2847523307011153 0.00030349814036315423 8.305339777552168e-07 -1.386160096201203e-07 8.305339777551537e-07 0.0003033572827555504 -1.8614985538188513e-07 -1.3861600962015865e-07 -1.8614985538188823e-07 0.0003046562235423737
1657570084.1525238 94.82091103119772 -33.448497488180514 -1.287237333191938 0.0004476285390927872 2.9588105457956917e-06 -1.7595734508044507e-07 2.9588105457957154e-06 0.00044993453737830313 -1.7545784427959316e-07 -1.759573450804573e-07 -1.7545784427958652e-07 0.0004526438975809851
1657570084.3525238 95.02557389900808 -33.54209160362907 -1.2865557133486445 0.0003114290925265737 1.4317744881368833e-06 -1.5129522460041782e-07 1.431774488136831e-06 0.00031178284272828763 -7.200392069262088e-08 -1.5129522460035416e-07 -7.200392069257077e-08 0.00031341563942450764
1657570084.5525239 95.23935128770502 -33.64366513206027 -1.2833091468303277 0.00045064893980003125 3.957056960808578e-06 -3.190962227503393e-07 3.957056960808768e-06 0.0004537208126740068 -5.987083834761185e-08 -3.1909622275028204e-07 -5.987083834758835e-08 0.00045705345225065003
1657570084.752524 95.4534883847525 -33.73928094822917 -1.2773122679560516 0.0003107078535833025 1.3332676136323598e-06 -2.2689805617794345e-07 1.3332676136323208e-06 0.000311587259370812 -4.7995066986856284e-08 -2.268980561779401e-07 -4.7995066986840866e-08 0.00031281831134377376
1657570084.952524 95.66172189504482 -33.822574035622566 -1.2705383752642623 0.0004504860099019609 3.4830785766511536e-06 -4.5548232472744027e-07 3.483078576651171e-06 0.0004541364722505606 1.366810711470605e-07 -4.5548232472741163e-07 1.3668107114710455e-07 0.0004562938752906926
1657570085.152524 95.86168031533609 -33.89652413497761 -1.2674427060491171 0.00031143986542620373 1.1155296702309296e-06 -1.7472976405002825e-07 1.1155296702309264e-06 0.0003123673325244062 1.262376632002345e-07 -1.747297640500386e-07 1.2623766320021198e-07 0.0003131111973901421
1657570085.352524 96.05535709110215 -33.96554033366714 -1.2691575359090215 0.0004549218525733314 2.8774101727501987e-06 -1.3710822195189358e-07 2.8774101727504655e-06 0.00045859917819007003 1.0127529547035333e-07 -1.3710822195189713e-07 1.0127529547035948e-07 0.0004602363639345038
1657570085.552524 96.24963132307198 -34.03475925471139 -1.2730786058191856 0.0003254395266142411 1.2693863404417945e-06 -5.886595023805605e-08 1.269386340441876e-06 0.00032689136916110766 1.7882435364485617e-08 -5.886595023804705e-08 1.7882435364494577e-08 0.0003277325408025122
1657570085.7525241 96.44817740881827 -34.10547167840735 -1.2768715997675166 0.0005246732607540806 5.383199624250897e-06 -3.8890663198893265e-08 5.383199624251031e-06 0.000532077271779486 -4.09586790738705e-08 -3.889066319887356e-08 -4.095867907386868e-08 0.0005349502128687561
1657570085.9525242 96.65042722459273 -34.17464290581183 -1.2787574788143885 0.0005468907358027193 6.00102181839862e-06 -1.9780560949090276e-07 6.001021818398626e-06 0.0005553790414776888 -1.0798670110471702e-08 -1.978056094908973e-07 -1.079867011043648e-08 0.0005584686105781394
1657570086.1525242 96.85583532746699 -34.24094222437605 -1.2780288236205404 0.0037179528003885172 6.923602360288581e-05 -3.243527113042284e-06 6.923602360288614e-05 0.0038248093949323652 9.369149176159923e-07 -3.243527113042288e-06 9.369149176159847e-07 0.003859261377852534
1657570086.3525243 97.0641858297697 -34.30547410634329 -1.2749883147825767 0.004033963725955262 9.251767197166974e-05 -4.274263582389075e-06 9.251767197166983e-05 0.00417684123768058 1.5372739337859293e-06 -4.274263582389058e-06 1.5372739337859634e-06 0.004222763893440376
1657570086.5525243 97.27526069310136 -34.369606233697894 -1.270059364587771 0.0008863898471634588 1.403427344110432e-05 -5.607484479813705e-07 1.4034273441104652e-05 0.0009072091674976261 1.7511469918393075e-07 -5.607484479813972e-07 1.7511469918396995e-07 0.0009143019584826349
1657570086.7525244 97.4887942240697 -34.4347635216369 -1.263755788016639 0.00037045078476892306 2.724340527916341e-06 -1.3895997020943225e-07 2.7243405279162737e-06 0.00037415673067727205 3.71677955357087e-08 -1.3895997020943442e-07 3.716779553569254e-08 0.0003755474093548999
1657570086.9525244 97.7033491762218 -34.50176353690002 -1.2570385692541726 0.0004762317493207524 3.915002257384015e-06 -3.4969520031983897e-07 3.915002257384268e-06 0.00048175120031494306 1.1911981744342825e-07 -3.4969520031984474e-07 1.1911981744348572e-07 0.00048371276655058355
1657570087.1525245 97.91591751272092 -34.571501743841495 -1.2516031015160392 0.0003153916402197118 1.2254837119149813e-06 -1.462917298996847e-07 1.225483711915009e-06 0.0003166070582572113 2.1736279237696784e-08 -1.4629172989969451e-07 2.1736279237696768e-08 0.0003172884749345541
1657570087.3525245 98.12569652497424 -34.64379120835006 -1.2481442037654622 0.0004512248882679601 3.1171544411490856e-06 -2.482360527074664e-07 3.1171544411494795e-06 0.0004553374603760842 1.553842811658442e-07 -2.482360527074545e-07 1.5538428116586797e-07 0.00045694986341162557
1657570087.5525246 98.33456727130596 -34.71737921242143 -1.246336761759333 0.0003110149193840369 1.0990092688985335e-06 -1.2552623723061033e-07 1.0990092688984971e-06 0.00031214202849297817 1.0988961749993437e-07 -1.2552623723061403e-07 1.0988961749992986e-07 0.00031273088600997366
1657570087.7525246 98.54409238418718 -34.79116218951493 -1.2455211954547152 0.0004488952387511564 3.1841881338270065e-06 -4.872236554938073e-08 3.1841881338270713e-06 0.0004529225679799407 5.4480811839797856e-08 -4.872236554936022e-08 5.448081183980921e-08 0.0004546418909208087
1657570087.9525247 98.75524193968644 -34.86429223049633 -1.2447790520959534 0.0003110275316595402 1.240451370245178e-06 1.1932883535318863e-08 1.2404513702450994e-06 0.00031222725585969513 2.2360181892570267e-08 1.1932883535319104e-08 2.2360181892570727e-08 0.0003129776822114652
1657570088.1525247 98.96736232528941 -34.93706983131699 -1.243710217922368 0.0004492351130886737 3.165957641802634e-06 -3.8193848667014764e-08 3.165957641802926e-06 0.0004535002412415034 3.834976219807559e-08 -3.8193848667035503e-08 3.8349762198070045e-08 0.0004551804146486331
1657570088.3525248 99.17800151486132 -35.011024363190366 -1.24248032363019 0.00031188662305946935 1.1966975614241184e-06 3.46658450950316e-08 1.1966975614241158e-06 0.0003130763999539538 9.605094948234923e-09 3.466584509503184e-08 9.605094948231758e-09 0.000313786725153214
1657570088.5525248 99.38667736724112 -35.086158405677196 -1.2414254167294356 0.000456770930053038 3.1967837476638837e-06 -1.1700530844669929e-07 3.1967837476642357e-06 0.0004611449951671777 3.8306240863414336e-08 -1.1700530844670673e-07 3.8306240863419385e-08 0.0004629126941535773
1657570088.7525249 99.59535532979784 -35.160702174737246 -1.2410493327222192 0.00030322047344977 1.1088847427134199e-06 -4.9314038900482526e-08 1.1088847427134396e-06 0.00030448400750393995 8.574997661259443e-10 -4.931403890048202e-08 8.574997661229977e-10 0.0003051899757599997
1657570088.952525 99.80524183883212 -35.23487042839922 -1.241433961841643 0.0004474340150167778 2.9076602467131375e-06 -1.3553035770074736e-07 2.907660246713218e-06 0.000451623711720112 7.559913158136886e-08 -1.3553035770074826e-07 7.559913158134153e-08 0.00045317515597413253
1657570089.152525 100.0164795758891 -35.311235641521904 -1.2421147133548378 0.00031061138832078137 1.0305584691828187e-06 -7.906050557257173e-08 1.0305584691829148e-06 0.0003117948459976342 5.239484778242741e-08 -7.906050557257041e-08 5.239484778242839e-08 0.00031240675719277825
1657570089.352525 100.22919785674316 -35.389915891224994 -1.2426183003449898 0.00044909927000151036 3.144010563502745e-06 -1.2094877579749418e-07 3.144010563503208e-06 0.00045323401289265564 4.2175173987465456e-08 -1.2094877579750395e-07 4.217517398744516e-08 0.00045493521252509
1657570089.552525 100.44360235831977 -35.468012046043825 -1.2425076704713944 0.00031109645430945265 1.1708794298199574e-06 -7.999813992621091e-08 1.1708794298198651e-06 0.0003122187032007713 2.9936578991388355e-08 -7.999813992621793e-08 2.9936578991391624e-08 0.0003129074966900781
1657570089.752525 100.65906199718026 -35.54451177985354 -1.241953652394307 0.00044879782669379384 3.1899283701696916e-06 -2.3671627849808424e-07 3.189928370169726e-06 0.0004536743709422819 1.0547552116338607e-07 -2.3671627849807678e-07 1.0547552116339929e-07 0.00045523585607780865
1657570089.9525251 100.87394368486108 -35.62069809696916 -1.2417908783641503 0.00031069574220559033 1.1543660947638735e-06 -1.3836328026485462e-07 1.1543660947639402e-06 0.0003123497872067599 7.15698283130578e-08 -1.3836328026485266e-07 7.156982831305294e-08 0.0003129147277580437
1657570090.1525252 101.08547765553693 -35.69616168435059 -1.242643768057541 0.00044891653134748006 3.0572558207500445e-06 -2.1849662148139498e-07 3.0572558207504574e-06 0.0004538248988554203 1.1129206151256101e-07 -2.184966214813891e-07 1.1129206151256731e-07 0.00045529525324369835
1657570090.3525252 101.28979209429892 -35.76847525112106 -1.244892887834843 0.00031036537004377145 1.0354946824433557e-06 -9.838627428412448e-08 1.0354946824433644e-06 0.0003119156933868986 5.627521039709888e-08 -9.838627428413009e-08 5.627521039709834e-08 0.0003124373904320249
1657570090.5525253 101.48814961352363 -35.838612846748994 -1.2485556838790188 0.00044841034848518293 2.7552036570637595e-06 -6.703426604075052e-08 2.7552036570638438e-06 0.00045266035355902306 3.8102521473309845e-08 -6.703426604075567e-08 3.81025214733072e-08 0.00045402345220058244
1657570090.7525253 101.68768967216839 -35.91169727999992 -1.2532412777934192 0.00031089592419060783 1.0864207804038967e-06 2.0716588366388304e-08 1.0864207804039046e-06 0.00031213988994240266 -5.085107549463262e-09 2.0716588366401066e-08 -5.085107549444402e-09 0.0003127402372755284
1657570090.9525254 101.88851906025465 -35.987804253946074 -1.2581463676616496 0.0004485697431288762 2.7072386162290826e-06 1.40816936422633e-08 2.70723861622887e-06 0.00045268985543952205 -6.242495778520715e-08 1.4081693642270096e-08 -6.24249577851933e-08 0.0004540306537574642
1657570091.1525254 102.08215917834518 -36.060900895823345 -1.2619360081136002 0.00031091359611964004 7.564892262854765e-07 2.1771757830085462e-08 7.564892262854863e-07 0.0003117784868762051 -6.129536063749181e-08 2.1771757830086948e-08 -6.129536063749099e-08 0.00031219296734000284
1657570091.3525255 102.26299274057311 -36.128804769614476 -1.2641580353281423 0.0004479021648840686 2.1485864308541016e-06 -1.3045112237623928e-07 2.1485864308538572e-06 0.00045158987980891183 -1.585105472427845e-08 -1.3045112237625116e-07 -1.585105472429483e-08 0.0004526471113690245
1657570091.5525255 102.42949764755093 -36.194336438441454 -1.2652805003994088 0.0003104244110068399 5.607994434917204e-07 -8.281406865442304e-08 5.607994434917578e-07 0.0003113459273101903 -1.6966332438481618e-08 -8.281406865441658e-08 -1.696633243847821e-08 0.0003116731563980796
1657570091.7525256 102.58595294044883 -36.25914274405482 -1.2657907313611203 0.0004480575266629817 1.4040456790026826e-06 -9.831393062812942e-08 1.4040456790023855e-06 0.00045054234988571785 -3.278325451315129e-10 -9.831393062812865e-08 -3.278325451110239e-10 0.0004513049884330782
1657570091.9525256 102.74293200479356 -36.32329892215771 -1.2661088352605607 0.0003106444704987159 1.6671007474810878e-07 -3.4460463151194234e-08 1.667100747480994e-07 0.00031104231481164836 -1.1566874831134757e-08 -3.4460463151198165e-08 -1.1566874831131717e-08 0.0003111818558574148
1657570092.1525257 102.90169462255557 -36.38612099490745 -1.2666661731523305 0.0004485515453945718 1.2413142854944876e-06 -2.1075721861296583e-07 1.2413142854940562e-06 0.0004508790458009585 1.2419565171524268e-07 -2.1075721861293012e-07 1.241956517152135e-07 0.00045151744863621495
1657570092.3525257 103.05229837561446 -36.44594888760385 -1.2679077467041442 0.0003116255353576175 3.853838941964947e-08 -1.30341023028529e-07 3.853838941965376e-08 0.0003117066520378137 1.1362738215780757e-07 -1.30341023028533e-07 1.1362738215780859e-07 0.0003118035405615403
1657570092.5525258 103.19124159398939 -36.50236118135455 -1.2696672412438927 0.00045260511556752644 1.0920400742342652e-06 -9.827861098122728e-08 1.092040074234298e-06 0.0004547212932838779 8.727637532912682e-08 -9.827861098125253e-08 8.727637532914131e-08 0.00045513847990438647
1657570092.7525258 103.32320556760556 -36.556557649862846 -1.2710760003925599 0.0003255429082491248 1.4248373556778772e-07 -3.8767757800764784e-08 1.4248373556782769e-07 0.0003258880200315657 6.952297726252456e-08 -3.8767757800762904e-08 6.952297726252496e-08 0.0003258782940513439
1657570092.9525259 103.44731846576225 -36.60745467462202 -1.2718781213608874 0.0005219596911834113 1.5370437131977309e-06 -2.0275379485681518e-07 1.5370437131974948e-06 0.0005250761343666409 1.0422750555604792e-07 -2.0275379485677278e-07 1.0422750555604757e-07 0.000525682403322079
1657570093.152526 103.55574229076682 -36.65114241132096 -1.2725623548467573 0.0005461824659197826 9.262665121359123e-07 -2.671534388712993e-07 9.262665121359605e-07 0.0005483480453661639 1.311863256909234e-07 -2.6715343887132134e-07 1.3118632569092047e-07 0.0005486769052078208
1657570093.352526 103.64449886452233 -36.68581977201149 -1.2733165305278418 0.0037024698922312697 1.4504924141327701e-05 -1.1905374333761909e-06 1.4504924141327923e-05 0.0037317688383335865 5.877963252158624e-07 -1.190537433376178e-06 5.877963252158767e-07 0.003737862603075176
1657570093.552526 103.71460323506756 -36.7124973411543 -1.273887619762501 0.004022059859052866 1.5623375347771215e-05 -1.2371237396057904e-06 1.5623375347770717e-05 0.004056033310272453 5.698459035099478e-07 -1.2371237396057482e-06 5.698459035098822e-07 0.004062181721237073
1657570093.752526 103.76734766448818 -36.73235074408356 -1.2739952312623875 0.0009000575607166966 1.4973468520494745e-06 -2.00582532892713e-07 1.4973468520494586e-06 0.0009038269831233094 2.8726209445066116e-08 -2.0058253289271893e-07 2.872620944505245e-08 0.0009043443713442591
1657570093.952526 103.80400551732254 -36.746524198469864 -1.2733796818702208 0.0003608001064229608 -2.900290854772141e-07 -3.36424985490435e-08 -2.9002908547725243e-07 0.00036032045486076295 -2.1502852118368315e-08 -3.364249854904238e-08 -2.150285211837222e-08 0.00036016880812741244
1657570094.1525261 103.82553886866708 -36.75539967315818 -1.2723408658359419 0.0004804518776065764 -5.857038788976329e-07 -7.690301581095004e-08 -5.857038788977126e-07 0.0004794987826528578 2.432170030420038e-08 -7.69030158109807e-08 2.4321700304194623e-08 0.00047915453393095297
1657570094.3525262 103.83263989155303 -36.75861717848344 -1.2717839007290226 0.0003060209608217258 -7.682323006868815e-07 -8.240396593112316e-08 -7.68232300686829e-07 0.0003045900522223835 2.255472669524098e-08 -8.240396593110595e-08 2.2554726695245634e-08 0.00030418031743647015
1657570094.5525262 103.83002932954103 -36.75772653372238 -1.2719669058332423 0.0004478434322925628 -8.603066619314914e-07 -1.1339726199551017e-07 -8.603066619314946e-07 0.00044620990852246384 4.669602173793869e-08 -1.1339726199547912e-07 4.669602173794478e-08 0.0004458645678340098
1657570094.7525263 103.82705914154519 -36.75667056163469 -1.2723115550298199 0.000309522794874782 -9.78373831618932e-07 -1.0791862413380562e-07 -9.783738316189478e-07 0.0003076115381433959 4.624375710889243e-08 -1.0791862413380742e-07 4.624375710889146e-08 0.00030724408286663123
1657570094.9525263 103.82749319933596 -36.757106542282656 -1.2725060951373852 0.00044774299130777767 -8.503015429440039e-07 -9.120666235408898e-08 -8.503015429438134e-07 0.00044592575349831047 4.722671246474558e-08 -9.120666235410159e-08 4.7226712464743954e-08 0.00044564102917817494
1657570095.1525264 103.82828347653658 -36.75765389986718 -1.272650965692773 0.0003095149072803727 -8.994270346923839e-07 -8.757025749820247e-08 -8.994270346923931e-07 0.0003075467422998099 4.771755574191999e-08 -8.757025749820355e-08 4.7717555741922403e-08 0.00030725449933212325
1657570095.3525264 103.82807840693319 -36.75765848981469 -1.2727939720225387 0.00044798840881476234 -8.651459981185212e-07 1.5525474845201854e-10 -8.651459981184426e-07 0.00044636496271978235 2.832259154851894e-08 1.552547484439335e-10 2.8322591548517027e-08 0.00044594429368065335
1657570095.5525265 103.82794956025232 -36.75759694922354 -1.2728786836938437 0.00031097626207587004 -9.133566256376641e-07 8.11933666057457e-09 -9.133566256376887e-07 0.00030925934073632174 2.622656248849e-08 8.119336660569001e-09 2.6226562488491272e-08 0.00030880825509907174
1657570095.7525265 103.8282524429682 -36.75768464590417 -1.2728927670880192 0.000455047224920687 -8.045296233503849e-07 -6.494304376962699e-08 -8.045296233502484e-07 0.00045339308396189854 1.5683199594795376e-09 -6.494304376966703e-08 1.5683199594936956e-09 0.0004530001086975425
1657570095.9525266 103.82835307843033 -36.7577253943283 -1.2728887165687985 0.0003344155867620425 -9.014519320783958e-07 -8.497646177800431e-08 -9.014519320784173e-07 0.00033251192199552 -2.372737908159291e-09 -8.497646177800583e-08 -2.3727379081592913e-09 0.00033208155378400744
1657570096.1525266 103.8280393711698 -36.75763233275808 -1.2728839635374076 0.0005689251425212498 -6.341076211446433e-07 -4.2364497755796684e-08 -6.341076211447891e-07 0.0005677017461807824 -4.6237846469120365e-10 -4.236449775578458e-08 -4.6237846469952876e-10 0.0005673641631851312
1657570096.3525267 103.82765674759786 -36.75749023984212 -1.2728467678499067 0.0006534008217744954 -1.2647567179275106e-06 -8.226366181982019e-08 -1.2647567179275394e-06 0.0006509830671982691 -6.880028586383202e-10 -8.226366181982135e-08 -6.880028586376462e-10 0.0006503170119985438
1657570096.5525267 103.82740437372334 -36.757357333856646 -1.27277147896621 0.006231145905640008 -1.7933619321314494e-06 6.683089060348312e-08 -1.7933619321314706e-06 0.006227625027538517 -7.980892390145747e-08 6.683089060348629e-08 -7.980892390143694e-08 0.006226422055141517
1657570096.7525268 103.82726812542656 -36.75724192832855 -1.2726890911951874 0.01224674091590824 -1.910747806961451e-06 5.411796575177994e-07 -1.910747806960774e-06 0.012242987426524595 -2.68294158291456e-07 5.411796575177725e-07 -2.6829415829142457e-07 0.012241051327872607
1657570096.9525268 103.82722142699309 -36.757148564254706 -1.2726329746607445 0.01274500168012903 -1.9747005084975112e-06 6.553910952633853e-07 -1.974700508498841e-06 0.012741175339022593 -2.9522345417474226e-07 6.553910952635015e-07 -2.9522345417478107e-07 0.01273932563379737
1657570097.1525269 103.82723795355336 -36.75708099207941 -1.2726367023068974 0.007248967605444627 -2.009108429243358e-06 2.554162608599495e-07 -2.009108429243374e-06 0.0072451189613005115 -9.505844774992872e-08 2.5541626085994854e-07 -9.505844774993573e-08 0.007244100346526656
1657570097.352527 103.82729169104726 -36.7570421996634 -1.2727340695607245 0.0011619747359962044 -1.5450195054945099e-06 7.195342496433168e-08 -1.5450195054945107e-06 0.0011590172697522976 -1.3303346960208433e-09 7.195342496433188e-08 -1.3303346960215904e-09 0.0011584247697405295
1657570097.552527 103.82735502110741 -36.75703259068209 -1.2729580371645552 0.0003831634930205752 -7.472991615067931e-07 3.42762881225196e-08 -7.472991615068316e-07 0.0003817205428276243 1.8177562588341144e-09 3.4276288122515985e-08 1.8177562588037875e-09 0.00038143158045454646
1657570097.752527 103.82733343382975 -36.7569893994878 -1.2733055002581792 0.0004904770979217925 -8.660658004317478e-07 6.282752361729743e-09 -8.660658004322631e-07 0.0004888137863358105 3.66824414713391e-08 6.2827523617226435e-09 3.6682441471339685e-08 0.0004885077970217115
1657570097.952527 103.82706910348128 -36.75678691457435 -1.2737198651034072 0.0003110755127879248 -8.570038931846479e-07 -7.938766757135144e-09 -8.570038931846504e-07 0.0003094337702185659 4.094527960814039e-08 -7.93876675713633e-09 4.0945279608142683e-08 0.0003091250278380707
1657570098.152527 103.827005773036 -36.756732280578326 -1.2738272696803234 0.00045459535480494017 -8.080756392908783e-07 -9.595709936876174e-08 -8.080756392909577e-07 0.00045311857504485583 5.119703319182866e-09 -9.595709936876874e-08 5.119703319200918e-09 0.0004527408183975506
1657570098.3525271 103.82821389875106 -36.75759727018609 -1.2729352092789463 0.0003058063183454602 -7.378301783796538e-07 -1.9419869177667283e-07 -7.378301783796522e-07 0.00030465182668877887 2.29296608381591e-08 -1.941986917766703e-07 2.29296608381684e-08 0.00030428140540616225
1657570098.5525272 103.82872643360311 -36.75811481554615 -1.2723113425358166 0.00045228904000206 3.462334907293918e-08 -5.838751404350526e-07 3.4623349073063924e-08 0.00045388842333799216 1.54577475021818e-07 -5.838751404350755e-07 1.5457747502182568e-07 0.0004538297587790585
1657570098.7525272 103.82385261954144 -36.75499126545838 -1.2754680044104332 0.0003065101280447525 7.798493171784761e-07 -9.492411652112621e-07 7.798493171784828e-07 0.00031129797016482845 2.0123417423287772e-07 -9.492411652112661e-07 2.012341742328771e-07 0.00031161127993114824
1657570098.9525273 103.83954880120915 -36.75974465096452 -1.2812892277286547 0.000460682726947665 3.753434902109267e-06 -2.283230114109564e-06 3.753434902109256e-06 0.0004775102949846312 2.9529258931801123e-07 -2.283230114109616e-06 2.952925893180259e-07 0.0004793357593913531
1657570099.1525273 103.93714922124909 -36.8006847751007 -1.2828842049415692 0.00029902372790953244 3.369423566823513e-06 -1.8691456973200951e-06 3.369423566823506e-06 0.0003155448092201993 1.429560363860655e-07 -1.8691456973200905e-06 1.4295603638614358e-07 0.0003172580082163529
1657570099.3525274 104.12262023035201 -36.88262617148486 -1.2789776479888182 0.0004514949762064882 3.2327880968119897e-06 -1.9151648389116044e-06 3.2327880968119986e-06 0.0004686034270242122 -1.3216793822874708e-08 -1.915164838911597e-06 -1.3216793822905904e-08 0.00047017013240569167
1657570099.5525274 104.33269693608263 -36.98177379391458 -1.2761438379992645 0.00030588764291573114 4.324569809517108e-07 -6.675980333761735e-07 4.3245698095168164e-07 0.0003102436864211516 -2.5655897857217294e-07 -6.675980333761776e-07 -2.5655897857224007e-07 0.0003106375822678119
1657570099.7525275 104.5355538781785 -37.081519201903355 -1.2764696900351287 0.00046103540015940316 1.995620805592754e-06 -6.123690631854656e-07 1.9956208055926084e-06 0.0004700206058477427 -3.224772667474312e-07 -6.123690631854269e-07 -3.224772667473494e-07 0.00047098815539828515
1657570099.9525275 104.74220825921704 -37.174500907023116 -1.2759314457206439 0.00029753437369562996 3.4780479293758876e-07 -3.279909726000106e-07 3.478047929375198e-07 0.0003008167221986913 -1.3016699281829598e-07 -3.2799097260001537e-07 -1.3016699281828288e-07 0.0003009277356016977
1657570100.1525276 104.95610067112916 -37.25734611680357 -1.2735058676977926 0.00045118759955505315 1.8474390075256778e-06 -3.459450021929644e-07 1.847439007525401e-06 0.00045868402984449786 -1.7764489676026257e-07 -3.4594500219295937e-07 -1.776448967602828e-07 0.00045937870516893006
1657570100.3525276 105.16954921421113 -37.32995127215283 -1.2724838702509522 0.0003047949803366345 3.3794242243570027e-07 -2.2090485550013572e-07 3.3794242243556824e-07 0.00030748812358481276 -1.1143431783245823e-07 -2.209048555001271e-07 -1.1143431783250758e-07 0.00030771777469221955
1657570100.5525277 105.38283663455081 -37.39195519403579 -1.2733783541002275 0.0004527609481118864 1.405101147882005e-06 -2.76611215765774e-07 1.405101147881586e-06 0.00046007133434561943 -2.7625622954001357e-07 -2.766112157657777e-07 -2.762562295400594e-07 0.0004607524803305699
1657570100.7525277 105.60663713772854 -37.44059906639555 -1.2732950203460751 0.0003053441426522279 6.753951315663022e-08 -2.737819759200862e-07 6.753951315664088e-08 0.0003084485589225713 -3.134647099441102e-07 -2.7378197592009454e-07 -3.134647099441343e-07 0.00030902798958366026
1657570100.9525278 105.84167565840511 -37.478057846833835 -1.272083023308749 0.00045296491006152336 1.5287656745373548e-06 -4.370432925311303e-07 1.5287656745372458e-06 0.00046137127841809617 -6.433318211855937e-07 -4.3704329253112495e-07 -6.433318211856678e-07 0.000463814180737466
1657570101.1525278 106.07719429605237 -37.5122906109612 -1.2733314507424656 0.0003053788931222418 3.054437132584914e-07 -2.5763891879270284e-07 3.054437132584623e-07 0.00030824852794143764 -6.648855866790729e-07 -2.57638918792685e-07 -6.648855866790524e-07 0.00031120798695833627
1657570101.3525279 106.30763636119556 -37.53487914675227 -1.277624646930814 0.0004549687511698633 1.5759012879166243e-06 -4.168755618358365e-07 1.5759012879168659e-06 0.00046106424447756245 -9.651304830967867e-07 -4.1687556183585826e-07 -9.651304830968561e-07 0.0004665929448336154
1657570101.552528 106.5321683121429 -37.516703132414214 -1.2814516939621776 0.0003068713558092429 -3.443457797740106e-07 -3.588399848580095e-07 -3.4434577977398924e-07 0.000308373413169228 -5.68367503840685e-07 -3.5883998485799085e-07 -5.683675038406802e-07 0.00031243348416256993
1657570101.752528 106.75272490439643 -37.456189831653624 -1.2828054221174465 0.0004538932290674008 -4.172310625925643e-08 -3.7091456176824025e-07 -4.1723106259026166e-08 0.00046127684503458684 -4.4947815903440104e-07 -3.7091456176822945e-07 -4.494781590343772e-07 0.0004658081761742257
1657570101.952528 106.9794597099073 -37.383933589027606 -1.2827296401879127 0.00030500644318694236 -3.4830519886245723e-07 -1.4534250019706983e-07 -3.4830519886238264e-07 0.00030837284941695117 -5.40783616656124e-08 -1.453425001970725e-07 -5.407836166560114e-08 0.0003093429201420421
1657570102.152528 107.21035492883694 -37.319138249589265 -1.2828239572061608 0.0004528275264873655 3.046387769794879e-08 -3.727076978935419e-07 3.0463877697989226e-08 0.000462594741329531 1.9039023268484736e-09 -3.7270769789353105e-07 1.903902326856808e-09 0.00046338412685449084
1657570102.352528 107.42617658481747 -37.267813693758974 -1.2846602497512616 0.0003054700947291626 -8.167691212957943e-07 -1.9130555430892634e-07 -8.167691212958189e-07 0.0003083972568717452 1.6752678106604527e-08 -1.913055543089318e-07 1.6752678106610953e-08 0.0003105664020846566
1657570102.5525281 107.61861465231486 -37.21578746130846 -1.2889279152644815 0.00045514765456384755 -3.933079809925109e-07 -3.1132936147487524e-07 -3.933079809925199e-07 0.00045998218424200864 3.129632268794342e-07 -3.113293614748869e-07 3.129632268794547e-07 0.0004656973891038635
1657570102.7525282 107.79161250559596 -37.12549585445963 -1.2948993865150438 0.00030776133344957664 -1.425298636165362e-06 -2.574990329035711e-07 -1.4252986361654186e-06 0.0003084166511853256 5.525649144401919e-07 -2.5749903290349813e-07 5.525649144401397e-07 0.0003133748105023646
1657570102.9525282 107.95312779457493 -36.98977263794117 -1.299566528099122 0.0004618818865823591 -1.6571600093860112e-06 4.6435649806195084e-08 -1.657160009386072e-06 0.0004673182181371078 8.588748626115528e-07 4.6435649806126024e-08 8.588748626115702e-07 0.00047347108886345885
1657570103.1525283 108.12008191703724 -36.837486142953566 -1.2985464123561703 0.0002976338157511106 -1.107296398287358e-06 4.9377030084785745e-09 -1.1072963982873392e-06 0.00030030529967028344 3.67928061374861e-07 4.937703008481542e-09 3.679280613748525e-07 0.00030210680946962085
1657570103.3525283 108.29783062730348 -36.685169474303585 -1.2919979735611617 0.0004498539342444166 -1.4089620184221947e-06 -3.912002413880031e-07 -1.4089620184222676e-06 0.00045853065849813326 2.67117364881907e-07 -3.912002413880321e-07 2.6711736488196236e-07 0.0004589233913156523
1657570103.5525284 108.47552148492318 -36.53458871943667 -1.2849085765011012 0.00030519299151236237 -1.1144348617633245e-06 -2.027239701281471e-07 -1.1144348617633078e-06 0.0003086899374928985 2.1369878926955776e-08 -2.027239701281543e-07 2.136987892694259e-08 0.00030840951521737174
1657570103.7525284 108.64554134014661 -36.384348951905956 -1.2798651466357251 0.000451860394870208 -1.127761368483873e-06 -2.2794298789109631e-07 -1.1277613684840593e-06 0.00046048421845656186 -2.3399580113762533e-08 -2.2794298789107686e-07 -2.3399580113776416e-08 0.0004602903213128796
1657570103.9525285 108.80634738938937 -36.23087041220346 -1.2766062177900714 0.0003066064482806261 -1.0626682745808354e-06 -4.4970801131800436e-08 -1.0626682745808638e-06 0.00030979489991672047 -9.02664736499598e-09 -4.4970801131804056e-08 -9.026647364995494e-09 0.00030964896112426095
1657570104.1525285 108.96109733802929 -36.07416120969475 -1.274616348030475 0.00046042404130896793 -1.2414206724967843e-06 -1.2176578331801753e-07 -1.24142067249646e-06 0.000468424027737629 5.001950468004212e-08 -1.2176578331803465e-07 5.0019504680050415e-08 0.000468591207957313
1657570104.3525286 109.11869882706935 -35.91880167387699 -1.2736964536633293 0.0002991110828983258 -9.956305224971001e-07 -6.934179431473484e-08 -9.956305224971188e-07 0.00030178281482689644 3.890832817611197e-08 -6.934179431473383e-08 3.890832817611073e-08 0.00030179105081370154
1657570104.5525286 109.28032887281293 -35.766737563886856 -1.2733944890047475 0.0004584367974673933 -6.562591387557971e-07 -7.424632994694009e-08 -6.56259138755751e-07 0.0004666497940560123 7.489282393970356e-10 -7.424632994693419e-08 7.489282394019821e-10 0.0004666181701327895
1657570104.7525287 109.43805754500355 -35.61720416628436 -1.2728303968031867 0.00029837376892742065 -8.153392541670672e-07 -5.526426419809546e-08 -8.153392541670235e-07 0.00030128770336972067 -1.2227990529850914e-09 -5.52642641980933e-08 -1.2227990529862455e-09 0.00030104441169777037
1657570104.9525287 109.59018185825721 -35.46656284236128 -1.2716098745982327 0.0004581062535159927 -5.567896218068832e-07 -6.392602619822e-08 -5.567896218068585e-07 0.0004660604569302683 1.1524597572519463e-08 -6.392602619819774e-08 1.1524597572506712e-08 0.0004659498369103748
1657570105.1525288 109.74312592625378 -35.30783468753236 -1.270000548560538 0.00029874955435523046 -7.97712269949341e-07 -4.1776909145742545e-08 -7.977122699493377e-07 0.0003018745433804213 1.7260709386077103e-08 -4.17769091457386e-08 1.726070938606394e-08 0.00030172388701765567
1657570105.3525288 109.89731704692109 -35.141835254823256 -1.2678389230799745 0.00045530788735165007 -6.827682614264487e-07 3.32014770525302e-08 -6.827682614262052e-07 0.00046465050737540134 -2.880310952650014e-08 3.320147705253754e-08 -2.8803109526492004e-08 0.0004643299836811504
1657570105.5525289 110.04585917423678 -34.97908561039078 -1.2644872570351957 0.00032080486137180266 -8.625857897220689e-07 5.776695428261523e-08 -8.625857897220473e-07 0.0003251695781459252 -3.5376190549481655e-08 5.77669542826214e-08 -3.537619054948548e-08 0.0003247721882327377
1657570105.752529 110.18655486419776 -34.82201056429458 -1.2602126284052886 0.0005354794976987807 -5.719794732709178e-07 -3.736170588891276e-08 -5.719794732708818e-07 0.0005502191522492566 3.307291520698714e-08 -3.736170588886446e-08 3.307291520695851e-08 0.0005498527086766086
1657570105.952529 110.32321754448924 -34.662597714139984 -1.2563406487800732 0.0005213014741353571 -1.1806846204644359e-06 4.522949017635103e-08 -1.1806846204643764e-06 0.0005369180925285326 4.9276094715466e-08 4.5229490176365235e-08 4.92760947154544e-08 0.0005362398596615581
1657570106.152529 110.45868552843287 -34.49649067458146 -1.2531351470952135 0.003677145271344244 -3.3679330290864637e-06 -6.674001787257638e-09 -3.3679330290868398e-06 0.0038547536334013963 9.610177801295667e-07 -6.674001787288731e-09 9.610177801295566e-07 0.0038542023383082887
1657570106.352529 110.59456725466318 -34.32466838679575 -1.2496760799605138 0.004050405240220032 -2.9624250128620977e-06 -5.187017186950277e-07 -2.9624250128612e-06 0.004293128422132295 1.6791453191753537e-06 -5.187017186948858e-07 1.6791453191754543e-06 0.004293441690646909
1657570106.552529 110.73258595303245 -34.148517159179356 -1.2449536981320466 0.0009266280741620747 -1.0507885289354908e-06 -2.4567765338275023e-07 -1.0507885289355126e-06 0.0009666891483988454 5.073900546422872e-07 -2.456776533831741e-07 5.07390054642496e-07 0.0009669010065668066
1657570106.7525291 110.87451187295235 -33.96945195636211 -1.2379664026792554 0.00037571456945316976 -5.879442104588089e-07 -1.5797065916378802e-07 -5.879442104588581e-07 0.00038459871416193656 1.4521793148883548e-07 -1.5797065916377698e-07 1.4521793148885565e-07 0.00038459240370426523
1657570106.9525292 111.01990690097603 -33.78798789753627 -1.2292651730936215 0.0005686704887134336 -5.16914093225605e-07 -3.9170958280659175e-07 -5.16914093225621e-07 0.0005899788973263825 1.0592180862978893e-07 -3.9170958280657513e-07 1.0592180862976731e-07 0.0005897843481167363
1657570107.1525292 111.1667450509459 -33.60429832609743 -1.221210559080176 0.0005305946024459509 -9.503213597802538e-07 -3.160940563777269e-07 -9.503213597802714e-07 0.0005508828904824337 4.043622364801456e-08 -3.160940563776932e-07 4.0436223648011545e-08 0.0005504713811259786
1657570107.3525293 111.31371212266497 -33.41893652809932 -1.215034152357701 0.003695988502549948 -4.0639393470466064e-07 -2.3638500934605518e-06 -4.0639393470641887e-07 0.0039123773364957894 2.4031899879681855e-07 -2.3638500934604857e-06 2.4031899879682643e-07 0.003911944889620555
1657570107.5525293 111.4607205720548 -33.232978693243524 -1.2108517609866298 0.004033207509582267 -5.513224047903432e-07 -3.4294380093294753e-06 -5.513224047902967e-07 0.00431876533030548 2.5996611655799996e-07 -3.429438009329546e-06 2.5996611655811187e-07 0.0043187072277375916
1657570107.7525294 111.60782349519062 -33.04757259701476 -1.2086744992443426 0.0009123961789701258 -1.162906966301282e-06 -7.195076863870125e-07 -1.1629069663010486e-06 0.0009569076645413233 8.734522391290844e-08 -7.195076863869479e-07 8.734522391291858e-08 0.000956766834032739
1657570107.9525294 111.7550120431305 -32.86387570175759 -1.2084029723870913 0.0003555350967737356 -6.934956157186989e-07 -1.1799473169919028e-07 -6.934956157186839e-07 0.000363287066596509 3.969305888341096e-08 -1.1799473169919982e-07 3.9693058883420856e-08 0.00036321012588385427
1657570108.1525295 111.90046472835932 -32.683040275530686 -1.209642749493046 0.0004859827893476859 -7.991051862740435e-07 -1.0712120856250704e-08 -7.991051862738449e-07 0.000497553050423161 2.2117147498804262e-08 -1.0712120856255571e-08 2.2117147498766552e-08 0.0004975335806127634
1657570108.3525295 112.0410577055468 -32.506623570918315 -1.2119071497899345 0.00030300397597576086 -8.07405679270454e-07 1.5653338430217884e-08 -8.07405679270415e-07 0.00030614849736806656 3.3000146809576414e-08 1.5653338430215607e-08 3.30001468095757e-08 0.0003061394007583268
1657570108.5525296 112.17833459739279 -32.33578340170593 -1.2148759216749732 0.00045984059693025527 -7.997921602207531e-07 2.6965886512441617e-08 -7.997921602208816e-07 0.00046793596678493206 1.3222442387115545e-07 2.6965886512436416e-08 1.3222442387113888e-07 0.0004683285647403182
1657570108.7525296 112.31978337211312 -32.17122816990071 -1.218512478334325 0.0002988763308489246 -7.567178320293394e-07 -4.234085161579598e-08 -7.567178320293679e-07 0.00030145782418318485 1.5944697879572465e-07 -4.234085161580202e-08 1.5944697879571597e-07 0.00030197829309298646
1657570108.9525297 112.46668308753395 -32.00881518450951 -1.2222470828074712 0.0004543748856922809 -7.052707458491821e-07 -1.6101228603008985e-08 -7.052707458491465e-07 0.00046214290537886755 2.594208875512819e-07 -1.610122860302574e-08 2.594208875512502e-07 0.0004636859661028874
1657570109.1525297 112.61315086255848 -31.838793182849983 -1.2247858121079747 0.00030194404516735576 -9.602953416951403e-07 -4.470216921524453e-08 -9.602953416951422e-07 0.0003050382433085827 1.7989640492067552e-07 -4.470216921523786e-08 1.798964049207069e-07 0.0003059456856779676
1657570109.3525298 112.75820076602616 -31.65971331033545 -1.2255395781315244 0.00045523031219407955 -1.2380284454954088e-06 1.4288126548715684e-07 -1.2380284454954023e-06 0.0004641760565040125 2.546775208521176e-07 1.4288126548715216e-07 2.546775208520475e-07 0.0004647776631096212
1657570109.5525298 112.90718589989893 -31.480733476415836 -1.2249960529028339 0.00030334042048505317 -9.569775846744086e-07 8.250764509086436e-08 -9.569775846744611e-07 0.0003071194508498387 1.6543281447059203e-07 8.250764509087087e-08 1.6543281447058388e-07 0.0003070880299908388
1657570109.7525299 113.06211923115488 -31.307936151163165 -1.2242952122578636 0.00046175649917756865 -1.2688863000300084e-06 -1.6589340535054255e-08 -1.2688863000298686e-06 0.00047263738730729597 3.191779384704063e-07 -1.6589340535084775e-08 3.191779384704063e-07 0.0004729255175413113
1657570109.95253 113.22170439488671 -31.14333206462215 -1.2254128703805771 0.0003217264584214415 -7.173638006494389e-07 -1.1897542185560341e-07 -7.173638006494574e-07 0.00032947443572402057 3.4243294728677357e-07 -1.1897542185567572e-07 3.4243294728676785e-07 0.00032982846901431583
1657570110.15253 113.3867318940383 -30.98777011351333 -1.2286618542344934 0.0005595338442667704 7.680462702834144e-07 -4.5591055290841065e-07 7.680462702832995e-07 0.0005906300177106979 9.96627221498537e-07 -4.559105529085901e-07 9.966272214980843e-07 0.0005924741448094135
1657570110.35253 113.56173428265923 -30.841928477681524 -1.232663495100784 0.0005740748451096438 3.1965012517866185e-06 -1.264511093083029e-06 3.1965012517867574e-06 0.000625397403817651 2.289896214073237e-06 -1.2645110930832708e-06 2.289896214072675e-06 0.0006309030234322544
1657570110.55253 113.74826503321157 -30.70620001545893 -1.2365828102324794 0.0047467863263996445 6.155309384660045e-05 -1.8893883173025235e-05 6.155309384659945e-05 0.00555358708273191 3.4673627322579366e-05 -1.8893883173024923e-05 3.4673627322580565e-05 0.005659974030956882
1657570165.4296415 142.4918321009762 -27.290748125465203 -1.666392164441216 0.00013477624109928114 2.899213886026897e-08 9.381932353611123e-07 2.899216413601356e-08 0.00013222880148785977 2.8562582242562357e-06 9.381932820880392e-07 2.856258222365016e-06 0.0001359106795431835
1657570165.6296415 142.49219992089738 -27.29088801355563 -1.6664531574479886 0.0029107095709380365 2.635299999920957e-06 5.247522125267235e-05 2.6352999937709417e-06 0.0028892623242831278 0.00013367483102310522 5.247522124319454e-05 0.00013367483102599682 0.0030382318771929734
1657570165.8296416 142.49252765119238 -27.29092321072491 -1.6665565407496816 0.013397725917157122 -3.7561664950805417e-06 0.0003880102894289398 -3.7561664992731807e-06 0.01335556726530293 0.000896093032639809 0.0003880102894248382 0.000896093032642605 0.014305256657887833
1657570166.0296416 142.49279476541182 -27.290879229801025 -1.6666821603301336 0.025499772329000372 -3.3796494152852704e-05 0.0009922854135395187 -3.3796494108751676e-05 0.025584777245630064 0.002121433048513211 0.0009922854136016938 0.0021214330484799794 0.02777284289420808
1657570166.2296417 142.49298113817954 -27.29078190733288 -1.666809677304512 0.031914496380732606 -6.969153977710899e-05 0.001572178404813098 -6.969153985437035e-05 0.03234563168546458 0.0031024694287464915 0.001572178404707915 0.0031024694288132675 0.03547314470744189
1657570166.4296417 142.4930670436131 -27.2906572899261 -1.6669186338912831 0.028928458801473864 -8.696111722965546e-05 0.0017627436811963402 -8.696111719216669e-05 0.029737614635174874 0.0032120864492228163 0.0017627436812410523 0.0032120864491831345 0.032896076078147346
1657570166.6296418 142.49303315627367 -27.290531630774918 -1.6669884546958813 0.01827293550350834 -7.898695633486981e-05 0.0013247523286616964 -7.898695642223296e-05 0.01911046197572285 0.0022506950931505385 0.0013247523285614962 0.0022506950932569365 0.021252888431545887
1657570166.8296418 142.4928605539289 -27.29043138600923 -1.6669984488203 0.006242162004589828 -4.466537956150872e-05 0.0004821822589741763 -4.466537958828091e-05 0.00662853499517214 0.0007747853016590475 0.0004821822589459687 0.0007747853016972974 0.007328181215534344
1657570167.0296419 142.49253071935078 -27.290383211024267 -1.6669278117001594 0.00016198676699355537 -2.0105427593348044e-06 9.69386503199004e-06 -2.010542751297704e-06 0.00016976399382571093 1.4843269187993004e-05 9.69386503809088e-06 1.484326917808765e-05 0.00018176931157547614
1657570167.229642 142.49204506665504 -27.290406848148685 -1.6667635642366792 0.000903754186547018 -8.040757570223624e-06 3.682349591056019e-05 -8.040757581445059e-06 0.000947045683466468 5.420273920696387e-05 3.682349589948382e-05 5.420273922791366e-05 0.0009922856397933414
1657570167.429642 142.49154496250603 -27.290466861270172 -1.666552607869971 0.00010975372290714187 -1.1837735861208355e-06 2.3020241264356195e-06 -1.183773611924477e-06 0.00011141256670494809 3.3209511165536146e-06 2.30202410255488e-06 3.3209511693999497e-06 0.00011462799056764643
1657570167.629642 142.49120967228166 -27.29050671482998 -1.6663629954976722 0.0017719587483496094 -7.868082563788993e-06 2.7048594221997704e-05 -7.868082563490588e-06 0.0018133160788451944 3.68283804818867e-05 2.7048594222607246e-05 3.682838048093693e-05 0.0018507159512347767
1657570167.829642 142.49105639329798 -27.290514033432085 -1.6662124049340492 0.004880102424862359 -1.2789789162373704e-05 5.467366008219884e-05 -1.2789789165077266e-05 0.00496524239742722 7.304288581476034e-05 5.4673660079866115e-05 7.304288582054952e-05 0.005032073285436604
1657570168.029642 142.49103098012333 -27.290497261614984 -1.6660955107481108 0.0035669113156694787 -3.5051298325735285e-06 2.4527208905526806e-05 -3.505129830037427e-06 0.0035994399449549223 3.2870920205289614e-05 2.452720890760367e-05 3.2870920200682846e-05 0.0036207991160189766
1657570168.2296422 142.4910791081021 -27.290465532008152 -1.666006566396331 0.00016187653150699438 -2.8856792037333207e-07 5.523214967266116e-07 -2.8856791907339214e-07 0.00016078481950877822 7.467597307239519e-07 5.523214975431454e-07 7.467597294992916e-07 0.0001605545536984734
1657570168.4296422 142.49114946343047 -27.29042753167885 -1.6659424660355808 0.0020435607086679223 2.7245313112199703e-06 3.082076175198572e-06 2.724531310714749e-06 0.002045702526026746 5.858532795308414e-06 3.0820761749230654e-06 5.858532795403678e-06 0.002039035969123785
1657570168.6296422 142.49121178514432 -27.290384970296525 -1.6659213039174812 0.004933315941205765 1.1199735519668968e-05 6.617572212082414e-07 1.1199735518649945e-05 0.004941857415705222 1.0005057175103622e-05 6.617572207594752e-07 1.0005057174833886e-05 0.00491617723290313
1657570168.8296423 142.491245001952 -27.290336553200127 -1.6659705026437062 0.003177673957225264 1.117261564904586e-05 -5.095888214425952e-06 1.1172615653407458e-05 0.00318745525232449 4.653763533904772e-06 -5.095888212973096e-06 4.653763536094432e-06 0.00316215865831119
1657570169.0296423 142.4912279126248 -27.29028120648109 -1.6661174050364953 0.00012158889475033158 2.0312668689069531e-07 -6.03936426201596e-07 2.0312669087896413e-07 0.00012052018281828761 1.2173935984986768e-07 -6.039364244226096e-07 1.2173936409893874e-07 0.00011903168664025117
1657570169.2296424 142.49115238658194 -27.290222923410468 -1.666379538641391 0.0007519792995455095 2.8617442188488796e-06 -2.824864785678221e-06 2.861744221049313e-06 0.0007555229486398934 8.428755374324317e-07 -2.8248647848113195e-06 8.42875539069846e-07 0.0007513160075755392
1657570169.4296424 142.49110739348453 -27.290199735913955 -1.6667044548101047 8.803606565423407e-05 3.565795781470015e-09 -1.319206665210103e-07 3.565796631623847e-09 8.687285680892212e-05 1.0653763468792525e-07 -1.3192066539664007e-07 1.0653763692974483e-07 8.679349148152386e-05
1657570169.6296425 142.49120608725698 -27.29025443455851 -1.6670183428550605 0.0008263183909570104 3.610037284892047e-06 9.094527001694752e-07 3.6100372848568123e-06 0.0008295988258205913 5.997027697593205e-07 9.094526996276999e-07 5.997027687908725e-07 0.0008302947020842703
1657570169.8296425 142.49141806053086 -27.29036567959344 -1.667311452691085 0.00014307703997060224 6.216465284538731e-07 5.674811491957659e-07 6.216465142432406e-07 0.0001421963375836861 5.08607866436225e-08 5.674811692207947e-07 5.086082013836274e-08 0.0001418133240584292
1657570233.8694298 189.4128607698058 -30.525846708025437 -1.7137368087278904 3.993403409089087e-06 -1.4467982422370396e-07 -7.1865085191451e-08 -1.4467982422370396e-07 3.455789522747496e-06 -5.3733989957578254e-08 -7.186508519145099e-08 -5.373398995757826e-08 3.1730129297966702e-06
1657570234.0694299 189.6205698020958 -30.61720275711659 -1.7136188660188159 0.0009688835060798092 4.673507718078532e-05 -3.091917414728647e-06 4.673507718078527e-05 0.0010015189544178398 4.09741913622217e-07 -3.0919174147307775e-06 4.0974191361945284e-07 0.0010373124316311797
1657570234.26943 189.82719469805357 -30.702180967473183 -1.7130913421782445 3.899429157306083e-06 -2.990558372680387e-07 4.153312825030562e-08 -2.9905393372368896e-07 3.301012505257817e-06 -1.1533794259393594e-08 4.154051060726182e-08 -1.1536435945900058e-08 3.4566856101424404e-06
1657570234.46943 190.03220091397515 -30.778934565770847 -1.711742113993772 0.0007389383637913859 1.0753840985788033e-05 -1.9142654694944458e-06 1.0753840985788028e-05 0.0007452730563844226 -1.322964560168304e-06 -1.914265469494969e-06 -1.3229645601687938e-06 0.000756148477316136
1657570234.66943 190.24118271521874 -30.855541456637237 -1.709948290267708 4.290522258481835e-06 -2.9495800264134433e-07 -5.67665567200266e-08 -2.9495800269309963e-07 3.6525959807872784e-06 -1.6274322952380957e-07 -5.67665564647656e-08 -1.627432294443019e-07 3.287495203333517e-06
1657570234.86943 190.4592188655715 -30.939293023543975 -1.7083469618957448 0.0007830380674388364 1.2106588878429764e-05 -2.431135122750474e-06 1.2106588878429688e-05 0.0007920850914051265 -1.239949502371421e-06 -2.4311351227501375e-06 -1.239949502371327e-06 0.0008040451701361907
1657570235.06943 190.6824280648254 -31.024759959474263 -1.7068855296157037 3.985265125615666e-06 -1.0152148973265212e-07 4.0688118737757165e-08 -1.0152163771712596e-07 3.5166156660329375e-06 -6.029455508874475e-08 4.068812095232196e-08 -6.029452558343794e-08 3.371850445632406e-06
1657570235.2694302 190.9053439736355 -31.10528578024691 -1.7052814464699042 0.0024661273476760583 5.9182858215135436e-05 -1.5823263569060864e-05 5.9182858215135524e-05 0.0025200668201955444 -6.792934668037238e-06 -1.5823263569061075e-05 -6.792934668037813e-06 0.002580757002517257
1657570235.4694302 191.12563243792204 -31.181775373801713 -1.7038424313884104 0.005054477354620797 0.00016943062270245428 -3.6772204961031606e-05 0.00016943062270245455 0.005214942891377886 -1.17677793280278e-05 -3.677220496103095e-05 -1.1767779328025977e-05 0.005372936722546057
1657570235.6694303 191.3416947508973 -31.257304052377293 -1.7032244282198092 0.0028717879776719007 0.00010875995565503607 -1.9699117811741e-05 0.0001087599556550391 0.0029765608397262235 -5.362961918567327e-06 -1.9699117811749504e-05 -5.362961918572158e-06 0.00307491738135936
1657570235.8694303 191.55185424688906 -31.335157114391848 -1.7042272426202851 4.072585401507933e-06 3.5725314079489196e-08 -1.0505629980546021e-07 3.572531520832702e-08 3.5913078277767656e-06 4.4642671360130426e-08 -1.0505629821197082e-07 4.4642673659165887e-08 3.5937172938967643e-06
1657570236.0694304 191.75523416148872 -31.417085983606984 -1.7074424209905992 0.002859355436684259 8.236709121689103e-05 -1.5168275922902356e-05 8.236709121689171e-05 0.002932103500005611 -8.939951171745901e-06 -1.516827592290279e-05 -8.939951171746108e-06 0.00301758869840126
1657570236.2694304 191.95345404030545 -31.50138979402607 -1.7123923027842187 0.005061886278668567 0.00016506909765618254 -2.6796206384353593e-05 0.00016506909765618373 0.005202598736459462 -1.2241366613227196e-05 -2.679620638435378e-05 -1.2241366613225804e-05 0.005358936769915893
1657570236.4694304 192.1485878719092 -31.58616880776778 -1.7182422065907828 0.0024788067051925034 6.924139658439125e-05 -1.0753898688653744e-05 6.924139658438989e-05 0.002538616867205417 -3.550630457267532e-06 -1.0753898688653624e-05 -3.5506304572686096e-06 0.0026008752500863873
1657570236.6694305 192.34282713742527 -31.66935453306044 -1.7239576521018094 4.229481887291012e-06 -2.1737225560996152e-07 -5.9475514006932673e-08 -2.1736944365440824e-07 3.5870208944033227e-06 1.4596587347419664e-07 -5.9490847944140524e-08 1.4596864730711132e-07 3.0685470816939994e-06
1657570236.8694305 192.5377566961446 -31.748639010994196 -1.728703521892131 0.0007908279884434216 8.829996121095939e-06 -7.441199193533102e-07 8.829996121095953e-06 0.0007994493044439914 1.5101015985563313e-07 -7.441199193532884e-07 1.5101015985558138e-07 0.0008052683903836336
1657570237.0694306 192.73257811099026 -31.82064356448555 -1.7321317741046505 3.668756580744932e-06 -4.6777428173766566e-08 8.623268567959047e-08 -4.677591069593144e-08 3.2325199901587783e-06 -4.916424507615909e-08 8.623233972812428e-08 -4.916407397167634e-08 3.467494907100122e-06
1657570237.2694306 192.92637551548214 -31.88366828623346 -1.7338484624698236 0.000785503152517913 7.426935660753758e-06 -6.977606772817384e-07 7.4269356607537485e-06 0.000795082524618934 3.7230823944772335e-07 -6.97760677281411e-07 3.723082394476326e-07 0.0007998007648959075
1657570237.4694307 193.1193833124345 -31.945049493542935 -1.733842093774249 3.823651640368578e-06 -3.110264412069231e-08 1.3774924893122064e-08 -3.110266174095649e-08 3.6511769291267927e-06 1.1139341647689171e-07 1.3774934030355035e-08 1.1139337060373232e-07 3.4696900354539533e-06
1657570243.4689777 194.99474858124776 -37.570767142536525 -1.6947402101798572 4.262742157996745e-06 1.695451716986165e-07 -1.0694240792510841e-07 1.7056570217091518e-07 3.1194700633397533e-06 -1.5668525652086753e-08 -1.2315083380260034e-07 -5.5300451295913e-09 3.6441777116087976e-06
1657570243.6689777 194.97665948277722 -37.80404100467974 -1.6936056553715748 0.0007523544706750422 2.5192797424500982e-06 7.430219593235615e-07 2.5192797424499737e-06 0.0007332847197828547 2.6771590494487093e-06 7.430219593236173e-07 2.6771590494487817e-06 0.0007593045310558306
1657570243.8689778 194.97299599460752 -38.036137703865734 -1.6912022154911084 4.239941935850373e-06 1.0129286509642344e-07 -5.620445108228622e-08 1.0129256692516399e-07 3.8118216175896087e-06 1.0205445242259671e-07 -5.620200255627977e-08 1.0205597243136099e-07 3.5953306365388187e-06
1657570244.0689778 194.9936616869339 -38.257598614135446 -1.6896772271143214 0.000920418146521348 8.491694440558398e-06 -1.2116898214024052e-06 8.491694440558764e-06 0.0008795182253345822 6.183091953100892e-06 -1.2116898214025084e-06 6.1830919531007995e-06 0.0009390520833376545
1657570244.2689779 195.02859010961646 -38.47198811641767 -1.6891340492056612 3.906822912012477e-06 1.9168359654577252e-09 1.2030261182961518e-07 1.9168359900143134e-09 3.822581776922476e-06 1.4588633211841181e-08 1.203026120771643e-07 1.4588633154318242e-08 3.7209577218356457e-06
1657570270.8699002 199.4999397793787 -60.20593222635708 -1.9223676996757704 0.0434455010582814 0.00814552023701048 0.0004013119531499161 0.00814552023701047 0.043127336545100106 -0.0002752731484835677 0.0004013119531499223 -0.00027527314848356255 0.05367743224423644
1657570271.0699003 199.53760545979057 -60.38529814355223 -1.9258920694971746 0.06233615383137388 0.012558439631514942 0.0006149726911690542 0.012558439631514933 0.061363363514929097 -0.0004838588102117248 0.0006149726911690547 -0.00048385881021172517 0.07738318525054577
1657570271.2699003 199.5822734688272 -60.58901806625439 -1.9293791417994661 0.06948696428629636 0.013873126922420683 0.0006755847789828804 0.013873126922420683 0.06766528521582219 -0.0006065222188695285 0.0006755847789828805 -0.0006065222188695275 0.08531822237017513
1657570271.4699004 199.63454637438457 -60.809445675045914 -1.9328024020853645 0.06171818804096864 0.01126380127465697 0.0005467199376452718 0.011263801274656976 0.059349340029617385 -0.0005575120514764308 0.0005467199376452713 -0.0005575120514764314 0.07393925308261455
1657570271.6699004 199.69530344287674 -61.038793433878126 -1.9361977247215731 0.04256385117209012 0.006399790084249785 0.00030969823035177754 0.006399790084249775 0.040445180238233035 -0.00035958873934689587 0.00030969823035177803 -0.00035958873934689413 0.04913795634215819
1657570271.8699005 199.76555656472289 -61.269104535617366 -1.9396509581180996 0.0205669205478396 0.0021672340775295324 0.00010366303499625607 0.002167234077529539 0.01941634803181591 -0.0001401663837672405 0.00010366303499625583 -0.00014016638376724075 0.022641971343430357
1657570272.6699007 200.14595252090666 -62.06573705701082 -1.954460759451746 3.993215517782578e-06 2.5133573144616666e-07 -3.468069589357607e-08 2.5133573144617746e-07 4.126801495432389e-06 1.2183155011577446e-07 -3.4680695893563064e-08 1.2183155011573195e-07 4.424335033058954e-06
1657570272.8699007 200.26480650488543 -62.24292938874511 -1.9569338740307836 0.0007148237439282912 7.398932017963694e-06 2.865910838747943e-07 7.398932017963668e-06 0.0007161543782181981 -1.5603526922565967e-07 2.865910838747884e-07 -1.560352692256642e-07 0.0007237047579186529
1657570273.0699008 200.3986364384775 -62.415922433715046 -1.9598955653297019 3.89809426917454e-06 1.2862544486402736e-07 3.244508477410303e-08 1.2862544486402996e-07 4.719434896853432e-06 -2.0990525499843777e-08 3.244508477410386e-08 -2.0990525499851248e-08 4.644301656923496e-06
1657570273.2699008 200.5486518756248 -62.578875712895744 -1.9646007931317298 0.0007099539349095682 6.979035747831359e-06 2.279730863221899e-07 6.979035747831326e-06 0.0007131242269395684 -2.92391602033528e-07 2.2797308632221067e-07 -2.923916020335089e-07 0.0007196954731081295
1657570285.7553933 211.53804838780917 -58.82041185387857 -1.9041940996442452 0.014644215744483675 0.0007143646288835236 -7.379837516627308e-05 0.0007143646288835219 0.015853708498030507 6.566284292907105e-05 -7.379837516627316e-05 6.566284292907078e-05 0.016269121476436638
1657570285.9553933 211.74315229284792 -58.90051210832873 -1.9072283838348634 0.008856488132894217 0.0004331537348120099 -4.653912463426909e-05 0.00043315373481201487 0.00959615535804764 4.1047740150062694e-05 -4.653912463426691e-05 4.104774015006389e-05 0.009853014222132521
1657570286.1553934 211.94757871795082 -58.98862618813291 -1.9099477950817656 0.0015443744128218087 5.7543571026828864e-05 -6.209649246910224e-06 5.7543571026817046e-05 0.0016409880530028405 6.399914394347643e-06 -6.20964924691382e-06 6.39991439434649e-06 0.0016802773240472018
1657570286.3553934 212.15153203652864 -59.08666864512977 -1.9118509574831082 0.0008449112257378162 2.378949085067179e-05 -2.4929452186581927e-06 2.3789490850671905e-05 0.0008810586880891393 3.2701705796859423e-06 -2.4929452186583324e-06 3.2701705796856043e-06 0.0009018400341168654
1657570286.5553935 212.3548994401853 -59.19333147426024 -1.9129927648096046 0.004742323576684925 0.0001543616473277046 -1.698791849398097e-05 0.000154361647327706 0.004961118376191741 1.9672880259372704e-05 -1.698791849398051e-05 1.967288025937285e-05 0.005094902069921452
1657570286.7553935 212.55703091876785 -59.30456760814257 -1.913730481601852 0.004624677331253554 0.0001559013764328312 -1.73918438771087e-05 0.00015590137643283164 0.004847706069557017 1.7061939869624936e-05 -1.7391843877108888e-05 1.7061939869624953e-05 0.004976827180030177
1657570286.9553936 212.75746447056252 -59.41606224287816 -1.9144551050508107 0.0009494533589533157 2.1054615224191397e-05 -2.499403410949136e-06 2.1054615224191004e-05 0.0009803496194911118 2.1743723161754627e-06 -2.4994034109490513e-06 2.1743723161751967e-06 0.0009998264605468772
1657570287.1553936 212.95589796385912 -59.523559786887496 -1.9155881356147975 0.00040353049394438554 4.810631400467964e-06 -6.215901180488811e-07 4.810631400468e-06 0.00041077082119392127 4.2063395767033646e-07 -6.215901180489036e-07 4.206339576703124e-07 0.00041559795497172103
1657570287.3553936 213.15245489185114 -59.62753638339545 -1.917278691835635 0.000566301519408639 8.675803136000654e-06 -1.0350192758974096e-06 8.67580313600059e-06 0.000579669822545156 5.745463297990103e-07 -1.0350192758973897e-06 5.745463297990009e-07 0.0005853857815148292
1657570287.5553937 213.34879112020798 -59.73202407550951 -1.9195593559332227 0.0005839421558472774 9.451343075991581e-06 -1.1174888121030983e-06 9.451343075991557e-06 0.0005987424061231647 4.984588695962258e-07 -1.1174888121030991e-06 4.984588695962399e-07 0.0006040131996389399
1657570287.7553937 213.5458567990606 -59.83911827275608 -1.9223565778354184 0.004049291299760796 9.226085878624428e-05 -9.759436577576876e-06 9.22608587862443e-05 0.004189458173658767 4.651659277371286e-06 -9.759436577576832e-06 4.651659277371314e-06 0.004237578608877569
1657570287.9553938 213.7438491069116 -59.94822340227438 -1.9255021693665324 0.0046581936871420305 0.0001409523608456715 -1.4801798933286269e-05 0.00014095236084567142 0.0048731071112314 7.145538313919903e-06 -1.4801798933286406e-05 7.14553831391996e-06 0.004944107277714579
1657570297.355396 223.3363635414617 -64.17533672342387 -2.0735271374803714 0.0063691382020653895 0.00019632261740492926 -2.5488773208091104e-05 0.0001963226174049294 0.0067451758277177355 1.4548631006841493e-05 -2.548877320809136e-05 1.4548631006840457e-05 0.006831855315667421
1657570315.469716 236.58750079662647 -69.85842026737814 -2.202805003686552 3.94740963684741e-06 7.201071564616341e-07 -1.4277434582463476e-07 7.201071564615443e-07 5.584459256661976e-06 7.634454485913134e-08 -1.4277434582466944e-07 7.634454485928558e-08 5.8366201525660336e-06
1657570315.6697161 236.74674879907352 -70.01690682814173 -2.209312632286951 0.0007864080281642402 1.1526254858305657e-05 -2.3922715577552133e-06 1.152625485830564e-05 0.0008027957312772229 5.361870271332419e-08 -2.392271557755424e-06 5.361870271301672e-08 0.0008155276380810324
1657570354.759189 242.02242922753805 -47.54873419067889 -1.8301869963658342 0.2369143428459614 -0.0035434718676601207 0.007187504503391022 -0.003543471867660132 0.1267902159459662 -0.007955157579779241 0.007187504503391137 -0.007955157579779248 0.5333878699248711
1657570354.959189 241.94033379583115 -47.34417536709958 -1.825020112611238 0.314491067126533 -0.005538486909375537 0.0097642899487518 -0.005538486909375437 0.15840458427295737 -0.010800744943315583 0.009764289948751287 -0.010800744943315534 0.7238654311458029
1657570355.159189 241.84751474194098 -47.151376118988836 -1.8206216679021276 0.3709016584647926 -0.009627082473429926 0.011224067462418096 -0.009627082473429955 0.17356126158116048 -0.012793327468541438 0.011224067462417086 -0.01279332746854131 0.8592606856032347
1657570355.359189 241.7442142746461 -46.96997973736886 -1.8170669878317234 0.38930040304672814 -0.01581182078211251 0.010936741836733602 -0.01581182078211247 0.16772113886540085 -0.013322441074334647 0.010936741836733283 -0.01332244107433468 0.8990736570834644
1657570365.4686556 231.34932591640023 -43.48174119941113 -1.8413452689421297 4.197054302874841e-06 5.061395513537882e-07 -2.5975163342486723e-08 5.061395513537883e-07 4.730695374038618e-06 2.786805772654417e-09 -2.597516334248672e-08 2.7868057726544455e-09 4.826284259627115e-06
1657570365.6686556 231.14016483969914 -43.39231326516146 -1.8363137664915352 0.007065655922046262 0.0024057453719423323 -0.0013784662563423155 0.002405745371944784 0.00883612628005505 -0.0007121195158615541 -0.0013784662563369333 -0.000712119515852919 0.008597449712815898
1657570365.8686557 230.93169102414706 -43.30236990326355 -1.8322420486279738 0.012001492251305644 0.004333072123930068 -0.002624074265980444 0.004333072123927444 0.015052314969479511 -0.0016428415301126935 -0.002624074265986074 -0.0016428415301219664 0.01457424064562384
1657570366.0686557 230.72427870956975 -43.212178917977766 -1.8293361317524872 0.006396799429718351 0.0025188663327136173 -0.0015821887192660282 0.0025188663327215563 0.008159136530210793 -0.0011175410144110432 -0.0015821887192466084 -0.0011175410143794459 0.007843851923749545
1657570366.2686558 230.51829507273376 -43.12202615878384 -1.8277911300065803 3.840170395866302e-06 3.975060151339474e-07 -6.868160510663506e-08 3.9750435354013244e-07 5.118018592242612e-06 7.009206127565479e-08 -6.86815158908793e-08 7.008978592159333e-08 5.236248788200319e-06
1657570366.4686558 230.31397258051447 -43.032170012793955 -1.8277182989664755 0.010410496892971965 0.0047961581200476125 -0.003240829281002799 0.004796158120059029 0.01381266706601551 -0.002329478642152875 -0.0032408292809792535 -0.0023294786421122708 0.01361452760624783
1657570367.8686562 228.89982954399952 -42.41229246319232 -1.8418078477437916 0.023562520243499245 0.00963074845639255 0.003109189631407181 0.009630748456400504 0.04171425723557732 0.014482725110138622 0.0031091896314229765 0.014482725110163453 0.03811676566698972
1657570368.0686562 228.6954859763011 -42.32425188934313 -1.8407144431427793 0.005576457275733971 0.001609099048701255 0.00046580701358252003 0.0016090990487208788 0.008760454474357538 0.0028994098753552925 0.0004658070136212088 0.002899409875419606 0.009085927506458298
1657570369.2686565 227.484764918483 -41.75795808803185 -1.8257739022764143 0.0049554432917111755 0.0004447098817719957 -0.00040036275947225275 0.00044470988177158847 0.005340065376614917 3.7643094014453264e-05 -0.0004003627594735754 3.764309401244337e-05 0.006448692376164109
1657570369.4686565 227.28619631600216 -41.65855359010288 -1.826231112329302 0.020087436285413332 0.0020303467734910513 -0.0016297572727633756 0.0020303467734901653 0.021881342443884098 0.0003302177070403247 -0.001629757272765575 0.00033021770703718845 0.026063761951494943
1657570369.6686566 227.08638547629462 -41.55976089455121 -1.8266097733096915 0.04018161996936155 0.004066709989851054 -0.002711618805735434 0.004066709989851456 0.044435595308049074 0.0016875637649072393 -0.002711618805734158 0.0016875637649083255 0.051750549811246445
1657570369.8686566 226.88543362640306 -41.461814858430245 -1.826852285731094 0.057848255528769446 0.006650232222784863 -0.0028242756658989824 0.006650232222784489 0.06662512076425786 0.004467798642268792 -0.00282427566589974 0.0044677986422687836 0.07403113456494505
1657570371.468657 225.2570489150522 -40.720901319484895 -1.826867713085897 0.012954087517116741 0.007262135613882139 -0.0015432258805727435 0.007262135613885209 0.021684440537066727 -0.000734360060086182 -0.0015432258805651595 -0.0007343600600719995 0.013628149063078986
1657570371.668657 225.05316358663882 -40.633471885121075 -1.8270221263874609 0.00758215521059298 0.003759201162500068 -0.0009815449990091837 0.0037592011625104107 0.011843594080507261 -0.00040996530842692276 -0.0009815449989802757 -0.0004099653083752963 0.008380016142310225
1657570383.9587376 218.00330903463785 -37.68030918449073 -1.8909979805484507 0.000570811707677973 9.684167978433688e-06 9.522505501288007e-08 9.684167978433942e-06 0.0005871457051886507 -1.1773311993989677e-06 9.522505501295425e-08 -1.1773311993988815e-06 0.0006108244179137282
1657570384.1587377 217.79481484779768 -37.56100446867586 -1.888209489868327 0.003777198556533554 8.964640579085203e-05 3.798215592059779e-06 8.96464057908521e-05 0.003973846765058771 -7.733673551161464e-06 3.798215592059648e-06 -7.733673551161965e-06 0.004175903916174532
1657570384.3587377 217.5942539927687 -37.46554487440982 -1.8859293699893087 0.004077849483219509 0.00013655429340462646 9.172148999225387e-06 0.00013655429340462576 0.004414971482053077 -5.717880180904933e-06 9.172148999225567e-06 -5.717880180904664e-06 0.0047299017290127485
1657570384.5587378 217.41686705585943 -37.39039704760632 -1.8842643556363896 0.0008889823743748824 3.5271899983617485e-05 3.788445697138092e-06 3.527189998361585e-05 0.0009933439896296593 -5.086698618024049e-07 3.7884456971374214e-06 -5.086698618055536e-07 0.0011065495558153621
1657570384.7587378 217.2753456280305 -37.32988418640646 -1.8831873521841946 0.00040486040619785774 2.300469351847183e-05 3.553989828979789e-06 2.3004693518471816e-05 0.0004934716835524834 5.288166046310798e-07 3.553989828979824e-06 5.288166046312111e-07 0.0006027478805841004
1657570399.7587414 201.44117719112197 -41.86569056934751 -1.769101804779355 0.011096047441322497 -0.0005543420879312557 6.920810097601865e-05 -0.0005543420879312582 0.012592116938070155 2.3142210690341184e-05 6.920810097601813e-05 2.314221069034071e-05 0.012783434184156858
1657570399.9587414 201.2329596322765 -41.919652631907496 -1.7675908947898964 0.03218691391710531 -0.0020669534000316374 0.00026446801349161084 -0.002066953400031651 0.037804940324897694 8.727523675907329e-05 0.00026446801349161133 8.727523675907226e-05 0.038511184357712065
1657570400.1587415 201.02208593445067 -41.974455727167346 -1.766141921280925 0.05938080983326581 -0.004666832750184414 0.0006123384088126111 -0.004666832750184412 0.07217373205121014 0.0001985853626259454 0.0006123384088126113 0.00019858536262594244 0.07374301927872774
1657570400.3587415 200.8088410074382 -42.030133109667815 -1.764710003481165 0.08550795202135675 -0.00801684198811655 0.0010802607539967266 -0.008016841988116558 0.1077059958254816 0.00034313374707742837 0.0010802607539967279 0.0003431337470774275 0.11034974460441836
1657570400.5587416 200.59349792334825 -42.08667127036309 -1.7632424494662553 0.10355286457570115 -0.011261267432747508 0.0015593118401896265 -0.011261267432747512 0.13508961136291503 0.0004849472901153025 0.0015593118401896274 0.00048494729011530234 0.1387309810546321
1657570400.7587416 200.3763172938429 -42.14400836045952 -1.7616788152754133 0.108512225152963 -0.013139234617816216 0.001869229952372587 -0.013139234617816211 0.14575351666073824 0.0005693339973289598 0.0018692299523725869 0.0005693339973289616 0.14992894404226098
1657570542.7621796 84.56273361548239 -11.868727946044569 -1.2030981734282724 0.021008863174311145 -0.0017794934931285528 0.0008316210221713756 -0.0017794934931285467 0.03044838431475921 0.00019622412248785864 0.0008316210221713802 0.00019622412248786062 0.030874876561025114
1657570542.9621797 84.33860650078867 -11.9223381101471 -1.204625341210768 0.01812377022191501 -0.0011319086718746922 0.0005163932085478466 -0.001131908671874682 0.02374039636895989 0.00013707266327221254 0.0005163932085478423 0.00013707266327221454 0.0240369447086015
1657570543.1621797 84.1167891855128 -11.971470873437504 -1.2076775907888178 0.008839095239427303 -0.0003484026727179967 0.0001548776360797716 -0.00034840267271799566 0.01039632072588652 4.9813905286303134e-05 0.00015487763607977367 4.981390528630343e-05 0.010504212376607897
1657570543.3621798 83.89813378632249 -12.015399419779351 -1.2125289362340852 0.0012056151365918235 -2.3339324615755965e-05 9.601384346609039e-06 -2.3339324615760495e-05 0.0012846786686145288 4.6969037151612496e-06 9.601384346600797e-06 4.6969037151712335e-06 0.0012946186678680104
1657570543.5621798 83.68340682807323 -12.053532293873843 -1.219400778642301 0.00042596780014248755 -3.828741632417841e-06 1.4118616146192589e-06 -3.82874163241777e-06 0.000435909020552203 1.2939276914010207e-06 1.4118616146188123e-06 1.2939276914019967e-06 0.00043860972552264957
1657570543.7621799 83.47028483924807 -12.089020484209131 -1.2270888198860035 0.00047539156500550536 -3.5113185165554817e-06 1.2589038531142061e-06 -3.5113185165552877e-06 0.00048578385149139193 1.1080286806483032e-06 1.258903853114464e-06 1.1080286806480076e-06 0.00048819550812225876
1657570543.96218 83.25296120194326 -12.129069316297764 -1.2328307892087802 0.0003351165234238478 -1.919198080446423e-06 5.765848354147204e-07 -1.9191980804463457e-06 0.00033829258275912694 4.770918791644313e-07 5.765848354148217e-07 4.770918791642328e-07 0.00033943527005221444
1657570544.16218 83.03075440660356 -12.174533929185065 -1.235780364070363 0.0004353725698860779 -2.3353748191543086e-06 7.094845209001117e-07 -2.3353748191545487e-06 0.00044211493907323537 3.1012861292808524e-07 7.094845209001349e-07 3.101286129280329e-07 0.0004430109640072083
1657570544.36218 82.8090812173091 -12.219483713611327 -1.2370477337792083 0.00032819169889531557 -1.510083992727186e-06 3.484110978785251e-07 -1.5100839927271743e-06 0.00033048183553250514 6.6816563761497e-08 3.4841109787853044e-07 6.681656376150079e-08 0.00033070151605770626
1657570544.56218 82.5916906333426 -12.2610683185752 -1.2378275082048456 0.0004371928948365191 -2.175002818339951e-06 7.503836083394673e-07 -2.175002818339529e-06 0.00044354976864056895 9.815819050812131e-08 7.50383608339454e-07 9.815819050815318e-08 0.0004436881232292158
1657570544.76218 82.37996926195132 -12.300437384698112 -1.2391906896038622 0.0003217324850343766 -1.4572560961952163e-06 3.6765074203736096e-07 -1.4572560961952311e-06 0.0003236742973565475 4.6400218424773764e-08 3.6765074203735646e-07 4.640021842477917e-08 0.000323613917168216
1657570544.9621801 82.17358402781136 -12.338883311235397 -1.2414362810447448 0.00042853083911542725 -1.936912784381002e-06 6.356578739982704e-07 -1.936912784380959e-06 0.00043414947332244704 5.368901079160276e-08 6.356578739982384e-07 5.368901079158662e-08 0.00043417264381044726
1657570545.1621802 81.97035701013084 -12.377720018337213 -1.2439857040531497 0.0003281847001756435 -1.409229235010076e-06 3.6328575124596266e-07 -1.4092292350100749e-06 0.0003301984388727858 1.0338715527061885e-09 3.6328575124596986e-07 1.0338715527155954e-09 0.0003301617927956386
1657570545.3621802 81.76725244228376 -12.417642234782333 -1.2459479853840394 0.00043098596668552925 -2.084443719534942e-06 5.34221573982511e-07 -2.0844437195348367e-06 0.00043602425065387285 7.263002655549818e-08 5.342215739825029e-07 7.263002655552731e-08 0.0004360319372945908
1657570545.5621803 81.56045202276235 -12.458818447524887 -1.246065263476783 0.0003280645194219156 -1.6137852215852373e-06 3.3621300160472403e-07 -1.6137852215851206e-06 0.0003298403568676327 4.982062111228477e-08 3.362130016047289e-07 4.982062111229063e-08 0.0003297777999368419
1657570545.7621803 81.34779140307103 -12.50204256425594 -1.2436631408515233 0.00043062321552326025 -2.1589479823832773e-06 6.168226477146352e-07 -2.158947982383394e-06 0.0004363605422430553 1.4006719139257342e-07 6.168226477146677e-07 1.4006719139252561e-07 0.00043650900347314285
1657570545.9621804 81.12909959843256 -12.548827530389733 -1.238700918514357 0.0003280181552089206 -1.6429745585624259e-06 3.7670085367849753e-07 -1.6429745585623704e-06 0.00033037236927153083 1.2133016122041644e-07 3.767008536784951e-07 1.2133016122041766e-07 0.0003304605784961635
1657570546.1621804 80.90645374678225 -12.598402675705941 -1.2318828118807477 0.0004310663490724415 -2.4604408966735694e-06 8.991544563230986e-07 -2.4604408966733623e-06 0.0004374496757365429 1.707083563549241e-07 8.991544563231054e-07 1.707083563548979e-07 0.0004376596426564115
1657570546.3621805 80.6842324566655 -12.64738766508241 -1.224775666394069 0.0003292050556042067 -1.691262373291529e-06 5.104457639772923e-07 -1.6912623732915574e-06 0.00033162957555880613 7.567867128086774e-08 5.104457639772903e-07 7.567867128086965e-08 0.00033168084839424477
1657570546.5621805 80.46400744902628 -12.693954482018162 -1.2186105367047755 0.0004388995524684052 -2.400677029422268e-06 8.129259979101086e-07 -2.400677029422721e-06 0.0004456273941635672 2.2282407363234293e-07 8.1292599791012e-07 2.2282407363237194e-07 0.0004456971452186011
1657570546.7621806 80.24400980560826 -12.738002003231877 -1.214366448276784 0.0003213747441990881 -1.5549698357427275e-06 3.482747354656713e-07 -1.5549698357427777e-06 0.0003238729294713344 1.48642728732328e-07 3.4827473546567315e-07 1.4864272873232423e-07 0.0003238000663780256
1657570546.9621806 80.02363008798253 -12.779898734785277 -1.2119992349165905 0.0004372424885798182 -2.268291844146956e-06 7.398829608157233e-07 -2.268291844146631e-06 0.0004439369131549769 1.5695535799078449e-07 7.398829608157251e-07 1.5695535799085418e-07 0.0004439569920043791
1657570547.1621807 79.8037376895625 -12.820354075892055 -1.210500263474015 0.00031966594863927223 -1.5399651438458242e-06 3.774224857731529e-07 -1.5399651438458333e-06 0.0003220597133690049 8.237615461593508e-08 3.7742248577314945e-07 8.23761546159525e-08 0.0003219922112549985
1657570547.3621807 79.58478065595605 -12.860679198640419 -1.2092725463759049 0.00042928299069330085 -2.200556454912502e-06 7.747667598456653e-07 -2.2005564549124188e-06 0.00043558130597520117 1.1604615005767232e-07 7.74766759845693e-07 1.1604615005766449e-07 0.000435609067481904
1657570547.5621808 79.36661316489703 -12.902836565443458 -1.208264253898331 0.0003274941056505885 -1.6180087796420925e-06 4.7613117524290696e-07 -1.6180087796421147e-06 0.00032985859938430514 6.762555612666937e-08 4.761311752429104e-07 6.762555612665938e-08 0.0003298136193190445
1657570547.7621808 79.14866480355185 -12.946750848953956 -1.2072781036845297 0.0004318927836382286 -2.3748182965136298e-06 6.831574483254635e-07 -2.3748182965140922e-06 0.00043803245889454317 1.4149405407168317e-07 6.831574483254486e-07 1.4149405407167934e-07 0.0004381408632450438
1657570547.9621809 78.92996604039733 -12.99006616477422 -1.2058959654583103 0.00032835693835113277 -1.6667614926710211e-06 3.761959732726553e-07 -1.666761492670952e-06 0.00033063471153775895 9.84823352691882e-08 3.761959732726514e-07 9.848233526919162e-08 0.00033060110225582694
1657570548.162181 78.71067395489627 -13.031014527589324 -1.2043000116875628 0.0004398260281936555 -2.3864742443181342e-06 7.25703926121478e-07 -2.386474244318183e-06 0.0004461256842338705 1.8100087991265262e-07 7.2570392612151e-07 1.8100087991265757e-07 0.0004462173285230486
1657570548.362181 78.49220376280742 -13.068550406002538 -1.2033261646254365 0.00031953148147259634 -1.572102965834138e-06 3.6720466220336136e-07 -1.572102965834143e-06 0.0003215177204126907 1.181568062242408e-07 3.6720466220336555e-07 1.1815680622423956e-07 0.0003215146650710333
1657570548.562181 78.27571640328614 -13.103358494829433 -1.2032030369255695 0.00043005682839975987 -2.1635276634885896e-06 6.863407235388565e-07 -2.163527663488898e-06 0.00043602962774332157 1.3293007682180952e-07 6.863407235388696e-07 1.3293007682182837e-07 0.00043612470807259516
1657570548.762181 78.06194934160641 -13.137930760362543 -1.2034359910870698 0.0003268268531147228 -1.539620189255541e-06 3.776617355597576e-07 -1.5396201892556459e-06 0.0003288370339346324 7.137750880388706e-08 3.7766173555976125e-07 7.137750880390008e-08 0.0003288471092573683
1657570548.962181 77.85120159567819 -13.172435782267614 -1.2036822830769596 0.00043162802765473563 -2.1223605334419298e-06 5.824962679713978e-07 -2.1223605334425295e-06 0.00043716857286047107 1.309113425180211e-07 5.824962679713628e-07 1.3091134251802e-07 0.0004373540284949423
1657570549.1621811 77.64327927823331 -13.204508947384594 -1.2037544215298621 0.0003283442512962047 -1.5106819180098136e-06 2.9909700455140533e-07 -1.5106819180098e-06 0.0003301443283644233 8.296213395176131e-08 2.990970045514052e-07 8.296213395177582e-08 0.0003302262044846033
1657570549.3621812 77.43628956680871 -13.234820175743419 -1.203409282581738 0.00043960233617699177 -2.118996099066359e-06 5.683388708472117e-07 -2.1189960990662557e-06 0.00044516083652366436 1.0505069919161129e-07 5.683388708473784e-07 1.0505069919156648e-07 0.0004453259607763021
1657570549.5621812 77.22652029413251 -13.267582809419768 -1.2022660265523304 0.00031953951099138563 -1.5919464580212814e-06 3.0285003927373783e-07 -1.5919464580212136e-06 0.000321383665217776 5.958375058534677e-08 3.028500392737351e-07 5.958375058534761e-08 0.00032143149511241673
1657570549.7621813 77.0129674188209 -13.303330073392205 -1.2000689145986612 0.00043091741411163605 -2.1698575661847944e-06 7.121011049004748e-07 -2.1698575661849384e-06 0.00043667014432798116 8.21466500346478e-08 7.121011049004459e-07 8.214665003465256e-08 0.0004368797071023224
1657570549.9621813 76.79784459001924 -13.338384163334434 -1.196664134591179 0.000326127491998932 -1.5424158791030322e-06 4.5054692971420013e-07 -1.542415879103124e-06 0.0003282979377868366 2.8113691105935407e-08 4.5054692971419774e-07 2.8113691105916312e-08 0.00032835380687133904
1657570550.1621814 76.58182187711648 -13.372359582556639 -1.192212620344823 0.0004341325188267633 -2.269024688982967e-06 7.447952419755023e-07 -2.2690246889826526e-06 0.000440125203534179 1.1088268021988654e-07 7.447952419755462e-07 1.1088268021984821e-07 0.00044032304085877687
1657570550.3621814 76.36361932242245 -13.40875082994732 -1.1872312657317872 0.00032490756406054527 -1.6975519184422653e-06 4.1485356119155146e-07 -1.6975519184423243e-06 0.0003271324640396853 7.051521668685678e-08 4.148535611915523e-07 7.051521668684009e-08 0.0003272004773513793
1657570550.5621815 76.14266590109723 -13.447791014671632 -1.1820589556794825 0.0004349146487287205 -2.43695459996807e-06 8.787098328178897e-07 -2.436954599968215e-06 0.00044118189966059636 1.3063721658799203e-07 8.787098328179245e-07 1.306372165880317e-07 0.0004413412437582689
1657570550.7621815 75.91937830389652 -13.485813884169811 -1.1768853332480376 0.000324396710880697 -1.6780233761999133e-06 5.221916668240429e-07 -1.6780233761998334e-06 0.0003267233051740861 6.354944428622968e-08 5.221916668240239e-07 6.354944428622182e-08 0.00032668625706919327
1657570550.9621816 75.69574545452684 -13.52118373227981 -1.172017790215641 0.0004365577321170325 -2.4411513419464403e-06 7.950291710439137e-07 -2.441151341946468e-06 0.00044305203084163696 1.5326606735471622e-07 7.950291710439543e-07 1.5326606735473832e-07 0.000443134636955964
1657570551.1621816 75.47536573972633 -13.554663175163586 -1.1680143835992762 0.0003241523794698698 -1.6772425577223433e-06 3.705148811612327e-07 -1.6772425577223435e-06 0.0003263148155290284 8.497225807806828e-08 3.7051488116124736e-07 8.49722580780669e-08 0.0003262593072630972
1657570551.3621817 75.25931545581732 -13.586741668236384 -1.1653230666765726 0.0004408973804461199 -2.3538511230805557e-06 7.250179704027102e-07 -2.3538511230808195e-06 0.0004475907650152568 1.5687850318683107e-07 7.250179704026506e-07 1.568785031868607e-07 0.00044758902440265207
1657570551.5621817 75.04565381271918 -13.61737490333161 -1.1643068321377978 0.0003391758164982272 -1.791958662635343e-06 4.1530174709260786e-07 -1.7919586626352547e-06 0.0003424229657865595 9.897008941715128e-08 4.153017470926005e-07 9.897008941714995e-08 0.0003423150407542338
1657570551.7621818 74.83206172786078 -13.646631502523176 -1.1645046569217565 0.0005100610572554107 -3.128941409087952e-06 1.0880236180336966e-06 -3.1289414090881744e-06 0.0005227141220336654 1.755586804273062e-07 1.0880236180337607e-06 1.755586804273353e-07 0.0005229256384016996
1657570551.9621818 74.61605403114449 -13.674769027201647 -1.1645234768393353 0.0005702561178705243 -4.24386049340318e-06 1.4580200119130648e-06 -4.2438604934032596e-06 0.0005857701434179612 2.3649823079386031e-07 1.4580200119130474e-06 2.3649823079377757e-07 0.0005860727200158474
1657570552.1621819 74.39754460352123 -13.70236243127337 -1.1636108737154727 0.003711946808974036 -3.019081717297739e-05 1.4031571120628148e-05 -3.0190817172977655e-05 0.0038872892635471675 2.2827622825163015e-06 1.4031571120628115e-05 2.282762282516312e-06 0.0038923678810603548
1657570552.362182 74.17923401824089 -13.730441161596278 -1.1616816775922347 0.003956078439236382 -3.8704970822042617e-05 1.7819098402175802e-05 -3.870497082204124e-05 0.004182883648203209 3.15783951260908e-06 1.7819098402175948e-05 3.157839512608848e-06 0.004190245340894426
1657570552.562182 73.96398334422489 -13.760118641665825 -1.1587170453564521 0.0008370515093363281 -6.771637282738283e-06 2.607377867427747e-06 -6.771637282738073e-06 0.0008687326708820029 5.789145036933554e-07 2.607377867427933e-06 5.789145036924442e-07 0.0008699744812122811
1657570552.762182 73.75451680118947 -13.792434419154993 -1.1547754312494598 0.0003875334354700603 -2.031560748725969e-06 6.151173363326522e-07 -2.031560748726358e-06 0.00039383149347131777 1.9047333435146212e-07 6.151173363326525e-07 1.9047333435142524e-07 0.00039420537150620125
1657570552.962182 73.54941934380048 -13.825945904322916 -1.1504739896114857 0.0004568170886846775 -2.4875064807529463e-06 7.750996921950496e-07 -2.4875064807533034e-06 0.0004644500681342037 2.7677210841745117e-07 7.750996921951036e-07 2.7677210841736054e-07 0.0004648784573679208
1657570553.162182 73.34275759964835 -13.856956582602638 -1.1468794553051642 0.00033094474033169857 -1.539395129843903e-06 3.5052414468886346e-07 -1.5393951298437588e-06 0.00033350352052502664 1.6527109323809627e-07 3.5052414468886896e-07 1.6527109323812771e-07 0.00033363721255108103
1657570553.3621821 73.13228166854849 -13.885225043373058 -1.1438359733188017 0.0004340266211876152 -2.1867798715172296e-06 6.253753124685488e-07 -2.1867798715177602e-06 0.00043985400321398067 2.0294450688225975e-07 6.253753124685722e-07 2.0294450688226904e-07 0.00044002343436962046
1657570553.5621822 72.92007529760988 -13.914256190750129 -1.139846509377611 0.0003265890623572432 -1.6263669874361826e-06 3.738850652337548e-07 -1.6263669874362226e-06 0.00032876069629786706 1.2202695361141774e-07 3.738850652337497e-07 1.2202695361141546e-07 0.00032873032280355467
1657570553.7621822 72.70589656711702 -13.945220109060582 -1.1341038954436056 0.0004338239010253206 -2.3398109761172273e-06 6.793235552633422e-07 -2.339810976117564e-06 0.000439612576295762 1.6171295730134927e-07 6.793235552633202e-07 1.6171295730132788e-07 0.00043965313956494833
1657570553.9621823 72.48668889635724 -13.976365402194826 -1.126610487452295 0.00032599153950532754 -1.7220864888712027e-06 4.131919880100079e-07 -1.7220864888711964e-06 0.0003282565770981222 1.0199129073204797e-07 4.1319198801001015e-07 1.0199129073204154e-07 0.00032814453186122416
1657570554.1621823 72.26225621689206 -14.0064213640457 -1.1178278697712563 0.0004375303345428817 -2.5209171817904404e-06 7.831308919974321e-07 -2.520917181789753e-06 0.00044404885602357445 1.6910462598488766e-07 7.831308919975884e-07 1.691046259848763e-07 0.0004440274324234086
1657570554.3621824 72.03583731089533 -14.034755638628528 -1.1087387740655918 0.0003209847736447212 -1.7471133579784402e-06 3.878958519059438e-07 -1.7471133579786375e-06 0.0003233067065885572 9.513425125591393e-08 3.878958519059486e-07 9.513425125591101e-08 0.00032316847424146276
1657570554.5621824 71.81144339645498 -14.061133572205836 -1.10026008518907 0.00043026213614879774 -2.3820337761629623e-06 8.723189469923261e-07 -2.3820337761623927e-06 0.0004368018368926534 1.4657435504221423e-07 8.723189469923307e-07 1.4657435504224036e-07 0.00043683253765814544
1657570554.7621825 71.59355212365745 -14.085650257187064 -1.093313637630315 0.0003282609063114149 -1.6504531877698526e-06 4.557622945883734e-07 -1.6504531877697662e-06 0.0003305975867877852 7.050293138309264e-08 4.5576229458836937e-07 7.0502931383096e-08 0.0003305399374830789
1657570554.9621825 71.38135046901955 -14.108519280086146 -1.0883617252733866 0.0004399586694647227 -2.255207051231712e-06 7.160835839618978e-07 -2.2552070512319264e-06 0.00044624690309656457 1.032533846921832e-07 7.160835839618377e-07 1.0325338469220497e-07 0.00044624428772388323
1657570555.1621826 71.16809301311129 -14.130031842247048 -1.0854215225422352 0.0003214785057899469 -1.6060920122880867e-06 3.6682140466620746e-07 -1.6060920122881094e-06 0.0003238910919191395 5.074437671248665e-08 3.6682140466621255e-07 5.07443767124892e-08 0.0003237710682905163
1657570555.3621826 70.95058639518642 -14.150752855216787 -1.0831866835426047 0.00044369527951733406 -2.3702160207372e-06 6.315031511149764e-07 -2.370216020737456e-06 0.0004503378854092596 1.5662161154785917e-07 6.315031511149467e-07 1.5662161154785845e-07 0.0004502772741645351
1657570555.5621827 70.7301350347583 -14.171613704171891 -1.0788797274171538 0.00033516451971582077 -1.889382492665077e-06 4.5870022437398386e-07 -1.8893824926652149e-06 0.000338259272687994 1.3290525593340173e-07 4.587002243739858e-07 1.3290525593340536e-07 0.00033809919373575776
1657570555.7621827 70.50899428124231 -14.19253319043121 -1.0721455452468491 0.0005048147666154623 -3.274046834434191e-06 1.2575634763415524e-06 -3.2740468344336523e-06 0.0005178377050450923 2.8557658155058304e-07 1.2575634763415712e-06 2.8557658155056975e-07 0.0005179024305981462
1657570555.9621828 70.290151630082 -14.212339887439091 -1.0653408181677357 0.0005784132912314928 -4.467085635673026e-06 1.5846669262866994e-06 -4.467085635673101e-06 0.0005943336610378841 3.7106032370544165e-07 1.584666926286676e-06 3.71060323705446e-07 0.0005943725523667611
1657570556.1621828 70.0742735993512 -14.230823696834905 -1.0595343501000096 0.00374625302103056 -3.119803428716235e-05 1.4326346556697483e-05 -3.119803428716252e-05 0.003916687590259959 3.097049991697142e-06 1.4326346556697366e-05 3.097049991697092e-06 0.0039200962763441625
1657570556.3621829 69.8593187044509 -14.248984748063924 -1.0541803092561992 0.004014405346554935 -4.0859186415651595e-05 1.88790158612287e-05 -4.085918641565374e-05 0.004238654635342113 4.004448734810691e-06 1.8879015861228645e-05 4.004448734810799e-06 0.004243839194905112
1657570556.562183 69.643097349257 -14.267924397778119 -1.048597783688412 0.000865140469300053 -7.780184386178814e-06 3.164460992908326e-06 -7.780184386179195e-06 0.0008985224803606527 7.163458982905398e-07 3.1644609929087345e-06 7.163458982905781e-07 0.0008992509349657773
1657570556.762183 69.42353614532004 -14.28871301604007 -1.0420881762008667 0.0004052932067026902 -2.6753693405249643e-06 9.245764080475519e-07 -2.675369340525218e-06 0.00041338582622556404 2.3209014591241146e-07 9.245764080476141e-07 2.3209014591237953e-07 0.0004135165818450356
1657570556.962183 69.20195655482422 -14.310952707495787 -1.0348775107403376 0.0005440442374516555 -4.2416692062144305e-06 1.5529116863735966e-06 -4.241669206214059e-06 0.0005603998098235342 3.529726705041004e-07 1.5529116863736159e-06 3.5297267050416774e-07 0.0005606754109605796
1657570557.162183 68.98347041176837 -14.332889272710473 -1.028090732427405 0.000581361485985674 -5.0578362155851726e-06 1.6094113660815438e-06 -5.057836215585248e-06 0.0005978399471803831 3.546868486247612e-07 1.6094113660815038e-06 3.5468684862480206e-07 0.0005979620947604231
1657570557.362183 68.76964303078805 -14.35364952699397 -1.0221017269184474 0.0037533589021697747 -3.412379793418087e-05 1.4067899670521114e-05 -3.4123797934181035e-05 0.003920871287221897 2.8593180173721028e-06 1.4067899670521044e-05 2.8593180173720405e-06 0.00392530862768784
1657570557.5621831 68.55767355562016 -14.373277086079622 -1.0164029273414343 0.003986064129654143 -4.3315288211327215e-05 1.785571844580986e-05 -4.331528821132788e-05 0.004199860666759573 3.56705616875566e-06 1.785571844580967e-05 3.5670561687555906e-06 0.004205890215542471
1657570557.7621832 68.34452016747007 -14.391848912676258 -1.0104003553681866 0.0008451360855574906 -7.65329446453508e-06 2.804972490668864e-06 -7.653294464536467e-06 0.0008759439385737648 5.900519835892184e-07 2.804972490667942e-06 5.900519835888251e-07 0.0008766843781200431
1657570557.9621832 68.12725003632747 -14.409422138552268 -1.0034788988637253 0.0003850105149127053 -2.230820771217344e-06 7.259262018691663e-07 -2.2308207712163732e-06 0.00039173058461177486 1.5802268051415042e-07 7.259262018691253e-07 1.5802268051414166e-07 0.00039182711899712257
1657570558.1621833 67.90598483126072 -14.425147682734504 -0.9954502834013564 0.00046051887830503865 -2.884396289917538e-06 9.509864782883993e-07 -2.884396289916996e-06 0.0004690148882378759 1.643732560806126e-07 9.509864782883663e-07 1.6437325608066616e-07 0.000469122516952727
1657570558.3621833 67.6842678165123 -14.436977944953943 -0.9864884769216503 0.0003280832629708116 -1.789880398829876e-06 4.868485350650655e-07 -1.7898803988299469e-06 0.00033090291661569843 5.669198968210039e-08 4.868485350650494e-07 5.6691989682099296e-08 0.0003309101407444765
1657570558.5621834 67.46461432052065 -14.445931773224256 -0.9772107421966195 0.00043899946655252516 -2.2912348001117895e-06 8.328810242655922e-07 -2.2912348001129876e-06 0.00044575074534187727 8.203201250708785e-08 8.328810242656228e-07 8.203201250711589e-08 0.00044598260993341724
1657570558.7621834 67.24797354549608 -14.4564634570921 -0.9687543699314453 0.00032057010331610193 -1.656750591541765e-06 4.331356774112523e-07 -1.6567505915419092e-06 0.000322994328618949 3.3422163877125694e-08 4.331356774112702e-07 3.342216387709508e-08 0.0003231158050032487
1657570558.9621835 67.03206487275531 -14.468959807809549 -0.9613423691501808 0.0004310041117779511 -2.246572983803708e-06 7.337719810720655e-07 -2.2465729838038344e-06 0.00043695751435555654 1.3792322530734607e-07 7.337719810720672e-07 1.3792322530736552e-07 0.00043729123050263686
1657570559.1621835 66.81113125331848 -14.479199625202929 -0.9541803669577263 0.00032611355332576964 -1.6504700260999988e-06 4.2190630347539913e-07 -1.6504700261000708e-06 0.00032858377514794667 1.2406985827808186e-07 4.219063034754035e-07 1.2406985827807963e-07 0.0003286859807213125
1657570559.3621836 66.58316438912 -14.48670424968731 -0.9463366322807543 0.0004320175198704105 -2.341485415845235e-06 6.991316033680256e-07 -2.3414854158453402e-06 0.00043892095803050847 2.5935862758495863e-07 6.991316033679544e-07 2.593586275850382e-07 0.0004391074526821891
1657570559.5621836 66.350634278705 -14.495495067844022 -0.9368807097975917 0.00032635500491338325 -1.8093706790807295e-06 4.009717900947873e-07 -1.809370679080763e-06 0.0003293044849310045 1.9720349963706495e-07 4.009717900947892e-07 1.9720349963707831e-07 0.00032925512569746077
1657570559.7621837 66.11756838126823 -14.506763585197291 -0.9265124834108457 0.00043406249893861794 -2.6551571384434935e-06 8.638944243504949e-07 -2.655157138443065e-06 0.0004413030903520904 2.3095969431142514e-07 8.638944243504625e-07 2.3095969431139186e-07 0.0004412513032020759
1657570559.9621837 65.8893765378451 -14.5183401893317 -0.9177662466362431 0.0003253949212420891 -1.8864536023450117e-06 4.0663043397693415e-07 -1.886453602344771e-06 0.00032797227183842866 1.0651851083028515e-07 4.0663043397694193e-07 1.0651851083026251e-07 0.00032779917707138217
1657570560.1621838 65.66820430314323 -14.528520750391754 -0.9118531287949146 0.0004366806278257579 -2.5214119299414497e-06 7.225133309004684e-07 -2.5214119299406713e-06 0.00044329402802578146 1.5191362547683445e-07 7.225133309004595e-07 1.5191362547683737e-07 0.0004432675652758585
1657570560.3621838 65.45228422185376 -14.536310257852232 -0.9085212075687686 0.00032234105935749046 -1.7349785819874486e-06 3.208627954288522e-07 -1.734978581987293e-06 0.0003246591746527644 8.473071275288038e-08 3.2086279542886454e-07 8.473071275289322e-08 0.000324521627894274
1657570560.5621839 65.23822824150527 -14.541902245110142 -0.9067788799934015 0.0004369186198340244 -2.312201131545315e-06 5.51776251726474e-07 -2.3122011315453944e-06 0.00044304561914903443 1.074445253569542e-07 5.517762517265055e-07 1.0744452535695848e-07 0.00044302233514233473
1657570560.762184 65.02106689545391 -14.546686912807456 -0.9048942256213646 0.000321420296704723 -1.7007264233893062e-06 3.2042859317070165e-07 -1.7007264233892857e-06 0.0003237877927115793 6.349861762369253e-08 3.204285931706949e-07 6.349861762368644e-08 0.0003236523961652166
1657570560.962184 64.79840417976727 -14.551648912078008 -0.9013277580402267 0.00043830962643668866 -2.4046617093511514e-06 6.323645537294952e-07 -2.404661709351101e-06 0.0004449389577625883 1.4422489737970412e-07 6.323645537294731e-07 1.4422489737969203e-07 0.0004448496233656827
1657570561.162184 64.57093557153587 -14.557257911915253 -0.894713427139777 0.0003189728244903469 -1.7746383645992262e-06 4.1090169566476524e-07 -1.77463836459934e-06 0.0003216009196984671 1.3564561630762506e-07 4.1090169566477175e-07 1.356456163075781e-07 0.0003213855907578508
1657570561.362184 64.3407127013897 -14.562931926518473 -0.8857798889579975 0.00043238028787352065 -2.5011002880855705e-06 8.413987934403305e-07 -2.5011002880857213e-06 0.0004394518764352942 2.5138303631612923e-07 8.413987934402766e-07 2.513830363161266e-07 0.00043935075376305563
1657570561.562184 64.11105893684767 -14.56696845476403 -0.8775654598864657 0.00032448778040523245 -1.7728712316939029e-06 4.3517054503167275e-07 -1.772871231694028e-06 0.0003272949954905835 1.6073283069571065e-07 4.351705450316667e-07 1.607328306956799e-07 0.0003271586851994262
1657570561.7621841 63.883315027021155 -14.569173279585188 -0.8713779918198186 0.00043453485345540236 -2.5772644077498304e-06 7.701763813887276e-07 -2.577264407750155e-06 0.0004415735011586786 2.2078444328856686e-07 7.701763813887982e-07 2.207844432884271e-07 0.00044155054487785277
1657570561.9621842 63.656446541549094 -14.571028489627684 -0.8666118133356061 0.0003239075440702484 -1.8908527206234918e-06 3.749489599314133e-07 -1.8908527206236231e-06 0.0003266114229978912 1.1712067242091007e-07 3.7494895993143903e-07 1.1712067242087261e-07 0.00032650969174200835
1657570562.1621842 63.430276678403416 -14.572620491565864 -0.8627242437440241 0.00043529676841464566 -2.5205580375166602e-06 6.881550503694848e-07 -2.5205580375156192e-06 0.0004420821034905207 1.6200066070909398e-07 6.881550503695881e-07 1.6200066070902095e-07 0.00044218147212902613
1657570562.3621843 63.205683520946465 -14.572419674935473 -0.859460875598428 0.0003233916767018997 -1.8117026968034808e-06 3.4477202876472827e-07 -1.8117026968034878e-06 0.00032592175064675234 9.975812982496494e-08 3.447720287647415e-07 9.975812982492288e-08 0.0003259369303587268
1657570562.5621843 62.98196857784667 -14.570690536122271 -0.8566025959105749 0.0004364719878772177 -2.4807590176474787e-06 7.206427445911856e-07 -2.480759017647848e-06 0.0004433606685774353 1.7404786603241276e-07 7.20642744591206e-07 1.740478660323758e-07 0.0004437281172165632
1657570562.7621844 62.75657508369109 -14.569742719085168 -0.8539850395765463 0.00032224746268896744 -1.845075539681697e-06 4.1897230772315825e-07 -1.8450755396818122e-06 0.00032499067668482074 1.198814437472589e-07 4.1897230772314776e-07 1.1988144374728042e-07 0.00032534031803301624
1657570562.9621844 62.52890329054578 -14.568844640336064 -0.8514044725517629 0.00043846258339441457 -2.6792830750018165e-06 8.058522213378855e-07 -2.6792830750027165e-06 0.00044570918072961614 1.4825737914617361e-07 8.058522213379816e-07 1.482573791461531e-07 0.00044666650558896774
1657570563.1621845 62.30070853647736 -14.563863986083858 -0.8486010108483492 0.00032520186123059965 -2.2029666032744116e-06 5.561207645206665e-07 -2.2029666032743747e-06 0.00032924463644448416 8.696267860356215e-08 5.561207645206612e-07 8.696267860369955e-08 0.00032991539273631744
1657570563.3621845 62.07366366420676 -14.55506038737595 -0.845652740340123 0.0004555551758951865 -3.6964084417673825e-06 1.2163466009060203e-06 -3.6964084417678675e-06 0.0004679842619553177 2.3682167796854466e-07 1.216346600905738e-06 2.3682167796903578e-07 0.00046916297872273623
1657570563.5621846 61.849078594219506 -14.547868883191539 -0.843069481913083 0.0003714041762755064 -4.754261993009067e-06 1.381784761930975e-06 -4.754261993009248e-06 0.00038560609666695827 2.9532273846695244e-07 1.3817847619309294e-06 2.9532273846715027e-07 0.0003865564391124063
1657570563.7621846 61.626940200837424 -14.5442435855139 -0.8410403668279723 0.0006688080166224865 -1.5803124721732092e-05 6.416174015453131e-06 -1.5803124721730154e-05 0.000745508695066244 1.1222439864523212e-06 6.41617401545255e-06 1.1222439864521302e-06 0.0007483637186498529
1657570590.3621845 32.20862332649544 -13.129312410015379 -0.8482175229971214 0.0005473448557474578 3.0082922835955277e-05 3.2695598341913462e-06 3.0082922835950568e-05 0.0005714396831311574 -1.0298024372361023e-06 3.269559834190191e-06 -1.0298024372368413e-06 0.0005947131289355592
1657570590.5621846 32.022191602724476 -13.02926161991393 -0.8474398535904273 0.0005146130047334037 1.1565327033764791e-05 2.1741573404268548e-06 1.156532703376353e-05 0.0005270054536623283 -2.9669086407857004e-07 2.17415734042683e-06 -2.966908640792235e-07 0.0005352334557576799
1657570590.7621846 31.840254030809504 -12.91895097094542 -0.850171540264311 0.00034622045082947185 2.0445432314609734e-06 1.0498249206964932e-06 2.044543231461077e-06 0.00034871570991420846 3.5795275241629856e-07 1.0498249206963852e-06 3.579527524158575e-07 0.00035043475996130976
1657570590.9621847 31.660395803374517 -12.798623857093876 -0.8543938146128371 0.00043595948544351707 4.0648033827616616e-06 1.2131533277911045e-06 4.064803382764028e-06 0.0004387427889924841 5.494519622943915e-07 1.2131533277913936e-06 5.494519622954562e-07 0.00044190581801361564
1657570591.1621847 31.475555963497772 -12.673211038793234 -0.853741525436133 0.0003340050326890143 1.9336544524683463e-06 7.247685849715467e-07 1.9336544524685627e-06 0.00033497751272483755 1.3687151805365912e-07 7.24768584971614e-07 1.3687151805382366e-07 0.0003358536362797436
1657570591.3621848 31.28625634400115 -12.547409955176775 -0.848156461736326 0.00042991943198058305 3.7194247750548086e-06 3.663698704358537e-07 3.7194247750520164e-06 0.00043163649310984804 -5.596674195887345e-07 3.6636987043501343e-07 -5.596674195886751e-07 0.00043383329757071547
1657570591.5621848 31.10143172022226 -12.42586217822159 -0.844547771905499 0.00033323771121117427 1.28925512562265e-06 -1.0534293574972617e-07 1.289255125622661e-06 0.00033323515204451064 -6.470656808109165e-07 -1.0534293574976798e-07 -6.470656808109788e-07 0.0003351303172350488
1657570591.7621849 30.925617265394582 -12.30522552822235 -0.8455091986678257 0.0004295584810710472 2.7400888870084384e-06 -2.291922624979253e-08 2.7400888870090813e-06 0.00043046518119760325 -7.228188049671195e-07 -2.291922624971916e-08 -7.228188049670932e-07 0.0004351691678196601
1657570591.962185 30.757853883234016 -12.173661763593705 -0.8485653605039097 0.0003333150738840341 8.114585773104607e-07 1.3360831555003235e-07 8.114585773110272e-07 0.00033262914525581424 -2.547835382464209e-07 1.3360831555006766e-07 -2.547835382464125e-07 0.00033758153326725093
1657570592.162185 30.59266193936041 -12.031452507789323 -0.8512272856855914 0.0004298184879379745 2.5342173051604867e-06 4.0888511888365826e-07 2.5342173051602466e-06 0.00042973996627423115 -4.421584763596037e-09 4.0888511888308693e-07 -4.421584763100377e-09 0.0004384117466465468
1657570592.362185 30.41956520904385 -11.892539980185738 -0.8513999444309517 0.00033347923436616213 7.947640080528326e-07 4.430930695643141e-07 7.947640080527287e-07 0.0003332374151466583 1.6436722350394847e-07 4.4309306956423855e-07 1.6436722350402438e-07 0.0003392844231314942
1657570592.562185 30.237802547925625 -11.758350213240032 -0.84901777059025 0.00042991126704487986 2.867891774480644e-06 5.40903309377727e-07 2.86789177448021e-06 0.00043094633802211597 -3.677065815097115e-08 5.409033093772935e-07 -3.6770658150701285e-08 0.0004383575395704266
1657570592.762185 30.057345509451352 -11.616509673063051 -0.8460572397809433 0.00033459444290072533 1.215809756556368e-06 2.2483492741322276e-07 1.2158097565561543e-06 0.0003342399615511956 -1.2241065399726444e-07 2.2483492741331922e-07 -1.2241065399729623e-07 0.00033824506134078194
1657570592.9621851 29.88149634099653 -11.464512929863517 -0.8439844726018866 0.0004387668269666076 3.409124544233808e-06 2.916414024233126e-07 3.4091245442337474e-06 0.00043945179305926354 -3.0404207770112557e-07 2.9164140242331407e-07 -3.0404207770131785e-07 0.00044460895077023737
1657570593.1621852 29.70528374412362 -11.311588032086968 -0.8437528416625037 0.0003264605973700428 1.1916551898188352e-06 8.68711095268134e-08 1.1916551898193728e-06 0.0003262245140805676 -1.446847385843293e-07 8.687110952686487e-08 -1.4468473858428518e-07 0.00032820347234433905
1657570593.3621852 29.527720948771517 -11.163422316939338 -0.8456058742860987 0.0004372992413830132 3.497790168241994e-06 1.9252926077798587e-07 3.497790168238013e-06 0.00043809351066011686 -1.9730607384462526e-07 1.9252926077793563e-07 -1.9730607384457494e-07 0.00044151314723748624
1657570593.5621853 29.35233078839505 -11.021452774606983 -0.8491246799690432 0.0003241564877847442 1.1162674325515904e-06 6.745770409211013e-08 1.1162674325519292e-06 0.000323967981712358 -6.467885611854026e-08 6.745770409212029e-08 -6.46788561185484e-08 0.0003251960663600817
1657570593.7621853 29.177953599741812 -10.885607395324138 -0.8536882232200597 0.0004280652736864439 3.1230765958125563e-06 1.32688976364653e-07 3.1230765958150334e-06 0.00042931367161062753 -1.1168683533571043e-07 1.3268897636453542e-07 -1.1168683533560397e-07 0.0004320193553281798
1657570593.9621854 28.99757608497962 -10.75482931766591 -0.8585188543236082 0.000331637717297989 1.1757227782731885e-06 6.038313686622164e-08 1.1757227782734509e-06 0.00033212143645934615 -7.596091195850219e-08 6.038313686619427e-08 -7.596091195850184e-08 0.0003331924509635043
1657570594.1621854 28.809943760478834 -10.627996159359993 -0.8628002846588664 0.0004303531601725266 2.8580329023619335e-06 1.1019742798968038e-07 2.858032902367077e-06 0.0004321977785816234 -1.0484217661364359e-07 1.1019742799007233e-07 -1.048421766137567e-07 0.00043424047103456174
1657570594.3621855 28.62043145989082 -10.50391401170302 -0.8656164265039398 0.0003318505370538288 8.978127524008332e-07 1.0623741523288388e-07 8.97812752400468e-07 0.0003321395221878612 4.2120528515683305e-08 1.0623741523287981e-07 4.212052851563162e-08 0.00033282330853470516
1657570594.5621855 28.432972162721235 -10.379839450648713 -0.86801055865717 0.0004301231431532537 2.920837469919357e-06 4.09243637145953e-07 2.9208374699185246e-06 0.00043225268834995884 1.5844003186653698e-07 4.092436371459006e-07 1.584400318660305e-07 0.0004344949203178514
1657570594.7621856 28.249625546356878 -10.251118732378304 -0.8730901663717119 0.00033195816867196776 1.0635623218085218e-06 3.5126682645474554e-07 1.0635623218078806e-06 0.000332328160382193 3.2631359397078814e-07 3.512668264547e-07 3.263135939706963e-07 0.0003336647076382019
1657570594.9621856 28.07000111541615 -10.117845123805129 -0.8805610316984162 0.0004298781925782231 3.0865354384059533e-06 5.750285328809476e-07 3.0865354384036176e-06 0.00043160415630783867 4.609608694896834e-07 5.750285328810808e-07 4.609608694897958e-07 0.00043468333520992796
1657570595.1621857 27.89144988010986 -9.98500454644394 -0.8863531035954595 0.0003338916256761557 1.0558982004375598e-06 5.228429719747908e-07 1.0558982004372525e-06 0.00033429509654686677 4.2805568816727314e-07 5.228429719745528e-07 4.2805568816727197e-07 0.0003360909912563838
1657570595.3621857 27.717501106324583 -9.85473934355049 -0.8898669793900496 0.000438290927648389 3.246706942774377e-06 8.801247929403618e-07 3.2467069427764346e-06 0.00044081569625922286 4.454738429778561e-07 8.801247929401548e-07 4.4547384297756045e-07 0.0004449133814395797
1657570595.5621858 27.558314364158505 -9.725806000128843 -0.8944031973319693 0.00032922726754816155 1.5713070854017243e-06 6.823051857613825e-07 1.5713070854016553e-06 0.0003310516017033021 3.140166058320333e-07 6.823051857614518e-07 3.1401660583207913e-07 0.00033390931532272173
1657570595.7621858 27.412633067030104 -9.599539524420736 -0.9007424970166299 0.00044467198612734216 4.614897687179363e-06 9.626345263882286e-07 4.614897687188956e-06 0.00044931570268207257 2.065669119728983e-07 9.626345263879157e-07 2.0656691197249218e-07 0.0004549655307729789
1657570595.9621859 27.265900272545117 -9.480294235011478 -0.9066792193998588 0.0003896604330569784 5.943476395077477e-06 1.0229888683817946e-06 5.9434763950781404e-06 0.00039730509642010647 -4.693750541807065e-08 1.0229888683816905e-06 -4.693750541781895e-08 0.00040288195766943134
1657570596.162186 27.112112588432797 -9.36844803258741 -0.9113647428073602 0.0006771169052639248 3.209804906587186e-05 2.81656337791174e-06 3.2098049065886455e-05 0.0007070975490032577 -9.270771704408468e-07 2.8165633779142593e-06 -9.270771704407427e-07 0.0007312896442058949
