1.0 0.0 0.0 0.0 0.0 1.0 0.0 0.0 0.0 0.0 1.0 0.0
0.9569972722958704 0.29009691576666624 1.6761015070245623e-05 1.084830350289396 -0.2900969140524008 0.9569972705591682 -6.782017669247006e-05 -1.3153352822472462 -3.571466975925878e-05 6.00414053530503e-05 0.999999997559746 0.1478681216629073
-0.1942940057244083 -0.9809433414982186 1.048201899606784e-05 1.3248900785096884 0.9809433392126204 -0.1942940059878482 -6.701931080301396e-05 0.6469509545770222 6.777874014560262e-05 -2.739183641111861e-06 0.9999999976992696 0.42410275163119765
1.0 0.0 0.0 0.0 0.0 1.0 0.0 0.0 0.0 0.0 1.0 0.0
0.9569989674029489 0.29009132418100775 4.959737800087621e-06 1.0848647673747616 -0.2900913232524731 0.956998965458844 -6.5454805718067e-05 -1.3152120282894766 -2.3734335208393185e-05 6.120140458233518e-05 0.9999999978455347 0.14797837827620397
-0.1943068244673765 -0.9809408024379013 -8.825539187824462e-06 1.3252197694019179 0.9809408013061559 -0.19430682378777225 -5.0619602352673475e-05 0.6470234743734953 4.7939970863117584e-05 -1.8493065671816642e-05 0.9999999986798829 0.42427930485043963
1.0 0.0 0.0 0.0 0.0 1.0 0.0 0.0 0.0 0.0 1.0 0.0
0.9569983809307381 0.2900932589415857 3.548995671073106e-06 1.0848722850989034 -0.29009325800341024 0.9569983786877556 -6.964174741839426e-05 -1.315165878312711 -2.3598984570171197e-05 6.561749980772627e-05 0.9999999975687158 0.14795016116079718
-0.19431061543122707 -0.9809400515231044 -6.970407542384312e-06 1.3255548108673212 0.9809400500764871 -0.1943106147456611 -5.6152489952108196e-05 0.6475912048737582 5.372780221217956e-05 -1.7748576804271352e-05 0.9999999983991557 0.4243523645195486
1.0 0.0 0.0 0.0 0.0 1.0 0.0 0.0 0.0 0.0 1.0 0.0
0.9570018075580696 0.29008195322876873 2.723178382671609e-05 1.0852858750396759 -0.2900819508931239 0.9570018062369932 -6.800862015629229e-05 -1.3152342331482645 -4.578893968055464e-05 5.718492344034766e-05 0.9999999973166288 0.1480481266413784
-0.19431331353576736 -0.9809395169896764 1.3813392185098322e-05 1.3260466660501569 0.9809395151828545 -0.1943133140167186 -5.957068386418547e-05 0.6473791615581561 6.111936386977128e-05 1.9747252618354823e-06 0.9999999981302617 0.42436920636190173
1.0 0.0 0.0 0.0 0.0 1.0 0.0 0.0 0.0 0.0 1.0 0.0
0.9569996077378942 0.29008921094407136 -2.1985490642234303e-05 1.0847239702635783 -0.29008921161648255 0.9569996069820255 -3.9242527509568946e-05 -1.3152157059231857 9.656272063225595e-06 4.3932837080708005e-05 0.9999999989883311 0.14817673620563798
-0.19430708118906712 -0.9809407513647622 -2.26212355289362e-05 1.3250256890243746 0.980940750971917 -0.19430708016604217 -4.098777300465956e-05 0.647039054648108 3.581111062258105e-05 -3.015430630464579e-05 0.9999999989041413 0.4245805914570217
1.0 0.0 0.0 0.0 0.0 1.0 0.0 0.0 0.0 0.0 1.0 0.0
0.9569994370055062 0.29008977501970795 3.999924532274956e-07 1.0849766593499526 -0.29008977448381085 0.956999435319609 -5.948010124247464e-05 -1.3152387839017656 -1.7637361739454703e-05 5.680638968153112e-05 0.999999998230979 0.14785362603083357
-0.19430004760197578 -0.9809421448269672 2.034364223411144e-06 1.325723642804049 0.9809421429115104 -0.19430004735140977 -6.212416998204887e-05 0.6465088425542461 6.133549361272316e-05 -1.0075135583971367e-05 0.9999999980682244 0.42389802356425815
1.0 0.0 0.0 0.0 0.0 1.0 0.0 0.0 0.0 0.0 1.0 0.0
0.9569998449774351 0.2900884276888135 2.888247880687443e-05 1.0851136794708522 -0.2900884252662477 0.9569998437417397 -6.785893528852809e-05 -1.3151072207936565 -4.73256195475396e-05 5.656251775658311e-05 0.9999999972804836 0.14791452006797873
-0.19431266415054096 -0.9809396457109903 4.807759012470676e-06 1.3259146417983203 0.9809396440001802 -0.19431266409744136 -5.831083801316512e-05 0.6472968564614181 5.813362124379074e-05 -6.6144128690633925e-06 0.9999999982883659 0.42404994216620623
1.0 0.0 0.0 0.0 0.0 1.0 0.0 0.0 0.0 0.0 1.0 0.0
0.9569916918105815 0.29011532085494685 4.909940445465917e-05 1.0842987039356036 -0.29011531427616694 0.9569916887358673 -0.00011005868586231317 -1.3156385178782148 -7.891743294680702e-05 9.108075882768853e-05 0.999999992738167 0.1469624979131956
-0.19429973069497236 -0.9809422075873447 -5.052528516020054e-06 1.3239964208560338 0.980942204220499 -0.19429972959536057 -8.40130785930272e-05 0.6471926719215095 8.143026985681299e-05 -2.12799570048757e-05 0.9999999964581373 0.424297419258285
1.0 0.0 0.0 0.0 0.0 1.0 0.0 0.0 0.0 0.0 1.0 0.0
0.9570000926402713 0.290087611936751 -9.345901594205719e-06 1.0850580564448782 -0.2900876118979459 0.9570000903548409 -6.69639724864388e-05 -1.3151899082886986 -1.0481390194292275e-05 6.679565814758e-05 0.99999999771424 0.14828608964020723
-0.19430442632213735 -0.9809412774958216 4.060781378551833e-06 1.3253665462063644 0.980941275319389 -0.19430442616399404 -6.593824339190809e-05 0.6469492467172924 6.547057250421975e-05 -8.828704490686966e-06 0.9999999978178289 0.42418312062863067
1.0 0.0 0.0 0.0 0.0 1.0 0.0 0.0 0.0 0.0 1.0 0.0
0.9569992725494952 0.29009031752877346 3.974039890908775e-06 1.0849921630477395 -0.290090316654005 0.9569992705643675 -6.574836859746803e-05 -1.3152899656288877 -2.2876118400236537e-05 6.176831042874497e-05 0.9999999978306796 0.14802571730252967
-0.19430321326667324 -0.980941517780385 2.9932358264631645e-06 1.3253976174638709 0.9809415154806996 -0.19430321301849562 -6.794936505332708e-05 0.6467736008312366 6.723594862601838e-05 -1.0266590681493844e-05 0.9999999976869623 0.42417250735812256
1.0 0.0 0.0 0.0 0.0 1.0 0.0 0.0 0.0 0.0 1.0 0.0
0.9569999410712448 0.2900881043509773 6.710954092907167e-05 1.0850863231265153 -0.2900880982613252 0.9569999412569735 -8.764289261801477e-05 -1.3151215255694106 -8.964798730630222e-05 6.440656396744667e-05 0.9999999939075164 0.14737659423546406
-0.19430681719525267 -0.9809408035195776 2.7960987786753265e-05 1.3252637359926416 0.9809408012555167 -0.19430681868907468 -6.814041927928258e-05 0.6472605804831915 7.227472822423565e-05 1.4187925770932763e-05 0.9999999972875332 0.4237938979580993
1.0 0.0 0.0 0.0 0.0 1.0 0.0 0.0 0.0 0.0 1.0 0.0
0.956998079663034 0.29009425245254467 -1.4671886513512627e-05 1.0850812455021694 -0.29009425276003764 0.9569980771709766 -6.93299946705219e-05 -1.3155200879707352 -6.071265794575206e-06 7.060490171745478e-05 0.9999999974890438 0.1480704728951261
-0.19429986800724244 -0.9809421803680474 -8.194524272742207e-06 1.325424187765841 0.9809421774767023 -0.1942998667758033 -7.885537958314857e-05 0.6464761033481411 7.576037300755905e-05 -2.3359944328153557e-05 0.9999999968573394 0.424326044428762
1.0 0.0 0.0 0.0 0.0 1.0 0.0 0.0 0.0 0.0 1.0 0.0
0.9569995217249783 0.2900894954991371 4.3839456384971035e-06 1.0850248773548192 -0.2900894946571428 0.9569995199025513 -6.321273571318246e-05 -1.3152574081100523 -2.253278448347553e-05 5.922282126956423e-05 0.9999999979924654 0.14806271378876412
-0.19430482938297977 -0.9809411976605347 3.2813748764874975e-06 1.325530344083718 0.9809411954772076 -0.19430482917179795 -6.615334773245996e-05 0.6470337068901206 6.553013113876316e-05 -9.635079150116698e-06 0.9999999978064832 0.42419571353111407
1.0 0.0 0.0 0.0 0.0 1.0 0.0 0.0 0.0 0.0 1.0 0.0
0.9570005118047746 0.2900862292318453 3.930348483752101e-06 1.0849226677678807 -0.29008622830807407 0.9570005096783053 -6.798131280577617e-05 -1.315273201222687 -2.348178819221773e-05 6.391801118069668e-05 0.9999999976815467 0.1480414076152135
-0.19430809574607696 -0.9809405506554498 2.7048045654125142e-06 1.325251763491197 0.9809405473458641 -0.19430809531565538 -8.16553622382207e-05 0.6465796059193845 8.062462142123248e-05 -1.3213045473105374e-05 0.9999999966625428 0.42429473117378963
1.0 0.0 0.0 0.0 0.0 1.0 0.0 0.0 0.0 0.0 1.0 0.0
0.9570000926402713 0.290087611936751 -9.345901594205719e-06 1.0850580564448782 -0.2900876118979459 0.9570000903548409 -6.69639724864388e-05 -1.3151899082886986 -1.0481390194292275e-05 6.679565814758e-05 0.99999999771424 0.14828608964020723
-0.19430442632213735 -0.9809412774958216 4.060781378551833e-06 1.3253665462063644 0.980941275319389 -0.19430442616399404 -6.593824339190809e-05 0.6469492467172924 6.547057250421975e-05 -8.828704490686966e-06 0.9999999978178289 0.42418312062863067
1.0 0.0 0.0 0.0 0.0 1.0 0.0 0.0 0.0 0.0 1.0 0.0
0.9570015769665972 0.29008271497245813 1.2556042960470125e-05 1.0848720593397632 -0.29008271320963996 0.9570015744844592 -7.701428182234117e-05 -1.315179214231224 -3.435666484514484e-05 7.006049814377909e-05 0.9999999969555733 0.14754405251999342
-0.19431012708832546 -0.980940148239402 9.109276809379179e-06 1.3252092908872708 0.9809401450043683 -0.19431012718984886 -7.993918849607413e-05 0.6472557838894031 8.018558414891102e-05 -6.59733856173417e-06 0.9999999967633738 0.4242864244174587
1.0 0.0 0.0 0.0 0.0 1.0 0.0 0.0 0.0 0.0 1.0 0.0
0.957001630131313 0.2900825390812282 2.112341050121693e-05 1.0853617297329008 -0.29008253733634015 0.9570016288871399 -6.196669630593702e-05 -1.3152745492719315 -3.8190594860225584e-05 5.3174696863241e-05 0.9999999978569651 0.14799526431706855
-0.19430673166030696 -0.9809408207504778 1.4726443481207206e-05 1.3260721029758646 0.9809408187064141 -0.19430673220664418 -6.33621829317943e-05 0.6467540829693004 6.501599883951267e-05 2.1340708487491225e-06 0.9999999978841828 0.4239735975884441
1.0 0.0 0.0 0.0 0.0 1.0 0.0 0.0 0.0 0.0 1.0 0.0
0.9569992725494952 0.29009031752877346 3.974039890908775e-06 1.0849921630477395 -0.290090316654005 0.9569992705643675 -6.574836859746803e-05 -1.3152899656288877 -2.2876118400236537e-05 6.176831042874497e-05 0.9999999978306796 0.14802571730252967
-0.19430321326667324 -0.980941517780385 2.9932358264631645e-06 1.3253976174638709 0.9809415154806996 -0.19430321301849562 -6.794936505332708e-05 0.6467736008312366 6.723594862601838e-05 -1.0266590681493844e-05 0.9999999976869623 0.42417250735812256
1.0 0.0 0.0 0.0 0.0 1.0 0.0 0.0 0.0 0.0 1.0 0.0
0.9570020221725268 0.29008124584353534 1.9171760989494242e-05 1.084739532760727 -0.29008124332067176 0.957002019418944 -8.427096293086978e-05 -1.3149384143700138 -4.2792839898180295e-05 7.508611367078586e-05 0.9999999962654242 0.14766620852035994
-0.19431209541250544 -0.980939758141397 2.1769232686177686e-05 1.3243077278834932 0.9809397551010375 -0.19431209652989032 -7.74885481850988e-05 0.6468608292058777 8.02416229585207e-05 6.297343611601132e-06 0.9999999967608127 0.42371741806197677
1.0 0.0 0.0 0.0 0.0 1.0 0.0 0.0 0.0 0.0 1.0 0.0
0.9570004471029155 0.29008644225225794 1.6317088829080254e-05 1.0852740826627367 -0.29008644144664153 0.9570004466693355 -3.954133407913387e-05 -1.3150348140364336 -2.7085866222715436e-05 3.3107708159617535e-05 0.9999999990851176 0.14864433816275352
-0.19430875369508624 -0.9809404201903795 1.6558492797232996e-05 1.3261052263781004 0.9809404188835642 -0.1943087542975904 -5.1027986370478837e-05 0.6474279849053861 5.327287450020703e-05 6.327710425380277e-06 0.9999999985609805 0.4240623474718635
