1.0 0.0 0.0 0.0 0.0 1.0 0.0 0.0 0.0 0.0 1.0 0.0
0.9569716441232717 0.2901814472773924 0.0 1.0816705737574122 -0.2901814472773924 0.9569716441232717 0.0 -1.3152094805173586 0.0 0.0 1.0 0.13803213251152102
-0.19420461660951382 -0.9809610424922856 0.0 1.3348199611168639 0.9809610424922856 -0.19420461660951382 0.0 0.6448202817225053 0.0 0.0 0.9999999999999999 0.43634658718129393
1.0 0.0 0.0 0.0 0.0 1.0 0.0 0.0 0.0 0.0 1.0 0.0
0.9569700392939128 0.29018673969326564 0.0 1.0827207301709973 -0.29018673969326564 0.9569700392939128 0.0 -1.3143927501460804 0.0 0.0 1.0 0.13850021042891472
-0.194193722947341 -0.9809631990894722 0.0 1.3319846688893755 0.9809631990894722 -0.194193722947341 0.0 0.6461342286721878 0.0 0.0 1.0 0.4345101380515633
1.0 0.0 0.0 0.0 0.0 1.0 0.0 0.0 0.0 0.0 1.0 0.0
0.9569633836174282 0.2902086876981513 0.0 1.0826848817773007 -0.2902086876981513 0.9569633836174282 0.0 -1.3141051458134463 0.0 0.0 1.0 0.1381723755807063
-0.19420818076931343 -0.9809603368751836 0.0 1.330105156586227 0.9809603368751836 -0.19420818076931343 0.0 0.6471115737861937 0.0 0.0 1.0 0.4329896929801123
1.0 0.0 0.0 0.0 0.0 1.0 0.0 0.0 0.0 0.0 1.0 0.0
0.9569591025021245 0.2902228043044317 0.0 1.0822932990212584 -0.2902228043044317 0.9569591025021245 0.0 -1.3142929551110312 0.0 0.0 1.0 0.13791584137183172
-0.19421169882524128 -0.9809596403723314 0.0 1.3303376854033873 0.9809596403723314 -0.19421169882524128 0.0 0.6470224251978925 0.0 0.0 1.0 0.4330210427178929
1.0 0.0 0.0 0.0 0.0 1.0 0.0 0.0 0.0 0.0 1.0 0.0
0.9569721558185079 0.29017975978361654 0.0 1.0830280417127147 -0.29017975978361654 0.9569721558185079 0.0 -1.3135082408815946 0.0 0.0 1.0 0.13796633638954697
-0.19420518010712728 -0.9809609309343356 0.0 1.3303350850614506 0.9809609309343356 -0.19420518010712728 0.0 0.6472783182655145 0.0 0.0 0.9999999999999999 0.4337920772838821
1.0 0.0 0.0 0.0 0.0 1.0 0.0 0.0 0.0 0.0 1.0 0.0
0.9569394636737594 0.29028755203035783 0.0 1.0811077636050288 -0.29028755203035783 0.9569394636737594 0.0 -1.316181879308928 0.0 0.0 1.0 0.13818084919714899
-0.1942033727063711 -0.9809612887517378 0.0 1.331512283337285 0.9809612887517378 -0.1942033727063711 0.0 0.6456533227686999 0.0 0.0 0.9999999999999999 0.4327132670012111
1.0 0.0 0.0 0.0 0.0 1.0 0.0 0.0 0.0 0.0 1.0 0.0
0.9569754135788022 0.2901690159298206 0.0 1.0818622689572526 -0.2901690159298206 0.9569754135788022 0.0 -1.31402847899868 0.0 0.0 1.0 0.13734172527321623
-0.19421635823714575 -0.9809587178842445 0.0 1.330282804652266 0.9809587178842445 -0.19421635823714575 0.0 0.6467407101837782 0.0 0.0 0.9999999999999999 0.43230151124014277
1.0 0.0 0.0 0.0 0.0 1.0 0.0 0.0 0.0 0.0 1.0 0.0
0.9569708755289876 0.2901839819653781 0.0 1.0815042863099062 -0.2901839819653781 0.9569708755289876 0.0 -1.3150458910930427 0.0 0.0 1.0 0.13775110209168384
-0.19420583431127278 -0.9809608014184168 0.0 1.3332416771243414 0.9809608014184168 -0.19420583431127278 0.0 0.645284988830521 0.0 0.0 0.9999999999999999 0.4346555234219619
1.0 0.0 0.0 0.0 0.0 1.0 0.0 0.0 0.0 0.0 1.0 0.0
0.9569383896532173 0.2902910925397251 0.0 1.0811656121275195 -0.2902910925397251 0.9569383896532173 0.0 -1.316016717290414 0.0 0.0 1.0 0.13816158687499194
-0.19421938386439136 -0.9809581188467407 0.0 1.3321152758695913 0.9809581188467407 -0.19421938386439136 0.0 0.645905512945378 0.0 0.0 1.0 0.43353440761202494
1.0 0.0 0.0 0.0 0.0 1.0 0.0 0.0 0.0 0.0 1.0 0.0
0.9569644633578543 0.29020512722936836 0.0 1.0820199082756676 -0.29020512722936836 0.9569644633578543 0.0 -1.3155676210295932 0.0 0.0 1.0 0.13864864490973694
-0.1941999243706407 -0.9809619714211338 0.0 1.333273885124165 0.9809619714211338 -0.1941999243706407 0.0 0.6450633343685916 0.0 0.0 1.0 0.43447604161907477
1.0 0.0 0.0 0.0 0.0 1.0 0.0 0.0 0.0 0.0 1.0 0.0
0.9569703360900889 0.29018576092500187 0.0 1.08275981555534 -0.29018576092500187 0.9569703360900889 0.0 -1.3144064591701694 0.0 0.0 1.0 0.13856247152512918
-0.19421558434825095 -0.9809588711033034 0.0 1.332744537240057 0.9809588711033034 -0.19421558434825095 0.0 0.6462097980038559 0.0 0.0 1.0 0.4352583228209474
1.0 0.0 0.0 0.0 0.0 1.0 0.0 0.0 0.0 0.0 1.0 0.0
0.956954703638099 0.29023730839593676 0.0 1.081520028080768 -0.29023730839593676 0.956954703638099 0.0 -1.315247752809648 0.0 0.0 1.0 0.1377945712844106
-0.19421238869596708 -0.9809595037905523 0.0 1.3327289681798584 0.9809595037905523 -0.19421238869596708 0.0 0.6458146329121174 0.0 0.0 1.0 0.43466769699347285
1.0 0.0 0.0 0.0 0.0 1.0 0.0 0.0 0.0 0.0 1.0 0.0
0.9569726475145643 0.2901781382340259 0.0 1.0814539657843605 -0.2901781382340259 0.9569726475145643 0.0 -1.3144684525980748 0.0 0.0 1.0 0.1371825470472305
-0.19420799674131026 -0.9809603733085894 0.0 1.3325726348868967 0.9809603733085894 -0.19420799674131026 0.0 0.6458395792725456 0.0 0.0 0.9999999999999999 0.43456068041582574
1.0 0.0 0.0 0.0 0.0 1.0 0.0 0.0 0.0 0.0 1.0 0.0
0.956958424480923 0.29022503995174065 0.0 1.0823286922183488 -0.29022503995174065 0.956958424480923 0.0 -1.3153339631204222 0.0 0.0 1.0 0.13876389547320403
-0.19418730491870148 -0.9809644695953117 0.0 1.3338267192557438 0.9809644695953117 -0.19418730491870148 0.0 0.6452081587181555 0.0 0.0 1.0 0.43601434095774916
1.0 0.0 0.0 0.0 0.0 1.0 0.0 0.0 0.0 0.0 1.0 0.0
0.9569803879524889 0.29015260997327585 0.0 1.0809188590681653 -0.29015260997327585 0.9569803879524889 0.0 -1.314884767925815 0.0 0.0 1.0 0.137061393340626
-0.1941946633539709 -0.9809630129239522 0.0 1.3320694979402437 0.9809630129239522 -0.1941946633539709 0.0 0.6451504474960733 0.0 0.0 1.0 0.4328358677766519
