1.0 0.0 0.0 0.0 0.0 1.0 0.0 0.0 0.0 0.0 1.0 0.0
0.956998520630515 0.2900927978340848 -1.2481922542060429e-05 1.084902084124944 -0.2900927980598781 0.9569985188650613 -5.834269991715627e-05 -1.3151697875996144 -4.979615666823184e-06 5.9454793345703554e-05 0.9999999982201655 0.14827575544944616
-0.1942959442103366 -0.9809429575905633 4.109968349366352e-06 1.3251509505995633 0.9809429559582672 -0.19429594412595863 -5.702683091415604e-05 0.6467166977500709 5.6738618359717554e-05 -7.048437456265801e-06 0.9999999983655242 0.4239531330311286
1.0 0.0 0.0 0.0 0.0 1.0 0.0 0.0 0.0 0.0 1.0 0.0
0.9570022831335091 0.2900803843488193 -2.6330422228380165e-05 1.0848222917928796 -0.29008038525858226 0.9570022822753673 -4.252022879578974e-05 -1.315223908474076 1.2863989854156758e-05 4.832989506095885e-05 0.9999999987493696 0.14787191806037864
-0.19431143280097676 -0.980939889572748 -1.1306487595066008e-05 1.3254983154695479 0.9809398877718276 -0.19431143170746473 -6.392175128991419e-05 0.6465614035979106 6.0506415859442713e-05 -2.351171175289091e-05 0.9999999978930866 0.4243658449641617
1.0 0.0 0.0 0.0 0.0 1.0 0.0 0.0 0.0 0.0 1.0 0.0
0.9569974061035028 0.2900964740847338 -2.085120536866265e-05 1.0850041572145663 -0.2900964747936595 0.9569974022980053 -8.548193479484309e-05 -1.315473965221517 -4.84345850936684e-06 8.785485104014293e-05 0.9999999961290331 0.14846924807213818
-0.1942977507069383 -0.9809425997526247 -7.796626472035278e-06 1.3250634703487965 0.9809425970431764 -0.19429774956388812 -7.629283849049882e-05 0.6461491647048336 7.332402835382705e-05 -2.2471569933432424e-05 0.9999999970593076 0.4243324138516357
1.0 0.0 0.0 0.0 0.0 1.0 0.0 0.0 0.0 0.0 1.0 0.0
0.9569962086091417 0.2901004249135563 1.31416224620102e-05 1.08491561635174 -0.2901004230823756 0.9569962060924825 -7.779473730551705e-05 -1.3155915923083996 -3.514476918640733e-05 7.063687841490232e-05 0.9999999968876383 0.14775685496599222
-0.1942990551242562 -0.9809423414130506 9.503740656127656e-07 1.324978223837558 0.9809423382327829 -0.19429905457216579 -8.034154185322942e-05 0.6464122894813515 7.899507696068072e-05 -1.4678023511189442e-05 0.9999999967721668 0.42409632391185376
1.0 0.0 0.0 0.0 0.0 1.0 0.0 0.0 0.0 0.0 1.0 0.0
0.9569982146834808 0.29009380683762814 1.8085398657641458e-05 1.0852457021451727 -0.2900938053720134 0.9569982135031877 -5.862159215064502e-05 -1.315487220761302 -3.43134550357119e-05 5.085429691180236e-05 0.9999999981182136 0.14791767342231876
-0.1942969243871917 -0.9809427634529161 -1.7419088255943297e-06 1.3264740209608963 0.9809427616474755 -0.19429692392118894 -6.10425025304172e-05 0.6459281817690212 5.954075359370435e-05 -1.3569083352472077e-05 0.9999999981353892 0.42386655943277196
1.0 0.0 0.0 0.0 0.0 1.0 0.0 0.0 0.0 0.0 1.0 0.0
0.9570009587253036 0.29008475483669655 3.191183425415888e-06 1.084893536526267 -0.29008475402103634 0.9570009567523848 -6.526543145228876e-05 -1.3152677267660366 -2.1986472273440613e-05 6.15333668124663e-05 0.99999999786512 0.14802435916525908
-0.19430922745150117 -0.9809403264850718 1.6004456140217684e-06 1.325237314562095 0.9809403235130008 -0.1943092269892958 -7.754373611075225e-05 0.6464422251660327 7.63767591674484e-05 -1.3497521818997898e-05 0.9999999969922037 0.4242595985945385
1.0 0.0 0.0 0.0 0.0 1.0 0.0 0.0 0.0 0.0 1.0 0.0
0.9569971688917852 0.290097256587049 -2.130200866393241e-05 1.0845469101601228 -0.29009725711883405 0.9569971624354012 -0.00011181556156039888 -1.3154480745737984 -1.2051425806851906e-05 0.0001131868301358733 0.9999999935217524 0.14829217667237654
-0.19431393753117315 -0.9809393922733595 -4.865699244642591e-05 1.3243026228807704 0.9809393869716017 -0.19431393028889107 -0.0001248337387654228 0.6468436433342508 0.00011299960040146756 -7.198649565852796e-05 0.9999999910245173 0.4253516666415892
1.0 0.0 0.0 0.0 0.0 1.0 0.0 0.0 0.0 0.0 1.0 0.0
0.9569985358595582 0.29009274786108563 -1.0323153500681241e-06 1.0849024595551153 -0.290092747062902 0.9569985329499946 -7.767274919930016e-05 -1.3154856169099163 -2.1544376973608703e-05 7.463217445570372e-05 0.9999999969829391 0.1481430541282795
-0.19430539075187828 -0.9809410864188761 -1.0005705014282751e-05 1.325075724699401 0.9809410811127417 -0.19430538861459862 -0.00010649269341640811 0.6462535897875097 0.00010251889597444589 -3.0507111500511438e-05 0.9999999942795962 0.42460765693929753
1.0 0.0 0.0 0.0 0.0 1.0 0.0 0.0 0.0 0.0 1.0 0.0
0.9570008546897071 0.2900850977365248 1.3941309764489888e-05 1.0852584836881967 -0.29008509625140055 0.957000852963552 -6.602915081119707e-05 -1.3151507981628752 -3.2495918002568696e-05 5.914578757585074e-05 0.9999999977228955 0.14820043423682072
-0.19430443902754985 -0.9809412748119126 1.8562573123179648e-05 1.3256731694296668 0.9809412728681287 -0.19430443981688078 -6.205888013980475e-05 0.6466268221246433 6.448290737000292e-05 6.150478214921636e-06 0.9999999979020631 0.42390251342200674
1.0 0.0 0.0 0.0 0.0 1.0 0.0 0.0 0.0 0.0 1.0 0.0
0.9570002713509348 0.2900870184397141 4.865175880540667e-05 1.0851837512362708 -0.2900870145663311 0.9570002709267691 -7.366195213255905e-05 -1.3152938803974448 -6.792812242441489e-05 5.6381264713832486e-05 0.9999999961034616 0.1478325122586459
-0.19430396822601725 -0.9809413677839993 3.0027961473678335e-05 1.3253865743163504 0.9809413651598198 -0.1943039699514171 -7.334513002150932e-05 0.6468854769612733 7.778182428748027e-05 1.5204419707721174e-05 0.9999999968594065 0.42403932240283493
1.0 0.0 0.0 0.0 0.0 1.0 0.0 0.0 0.0 0.0 1.0 0.0
0.9569979109102336 0.29009480952233524 1.2837938170174076e-06 1.0848744613057768 -0.29009480900230494 0.9569979094416599 -5.580509654550529e-05 -1.315240280940753 -1.7417356851778337e-05 5.303293889004675e-05 0.9999999984420715 0.14802514815523993
-0.19429759629878715 -0.9809426303669371 1.1437419393247661e-06 1.3253444921670718 0.9809426287285031 -0.19429759604139743 -5.758253711665359e-05 0.6468474072945574 5.6707391731717354e-05 -1.0066203326002676e-05 0.9999999983414716 0.4240081873561855
1.0 0.0 0.0 0.0 0.0 1.0 0.0 0.0 0.0 0.0 1.0 0.0
0.9570000442862231 0.29008777137051406 -1.1724142670257261e-05 1.0850208619324648 -0.2900877715564835 0.9570000425790417 -5.7420426932086244e-05 -1.31519227344159 -5.436958645235238e-06 5.8352381537565044e-05 0.9999999982827195 0.14799773349660889
-0.19430664542710033 -0.9809408378246227 -1.519189553805444e-05 1.3255833424613408 0.9809408371472188 -0.19430664462278388 -4.327064558796156e-05 0.6474116414933953 3.949405708880276e-05 -2.3310124716616607e-05 0.9999999989484286 0.4243372228669388
1.0 0.0 0.0 0.0 0.0 1.0 0.0 0.0 0.0 0.0 1.0 0.0
0.9570005118047746 0.2900862292318453 3.930348483752101e-06 1.0849226677678807 -0.29008622830807407 0.9570005096783053 -6.798131280577617e-05 -1.315273201222687 -2.348178819221773e-05 6.391801118069668e-05 0.9999999976815467 0.1480414076152135
-0.19430809574607696 -0.9809405506554498 2.7048045654125142e-06 1.325251763491197 0.9809405473458641 -0.19430809531565538 -8.16553622382207e-05 0.6465796059193845 8.062462142123248e-05 -1.3213045473105374e-05 0.9999999966625428 0.42429473117378963
1.0 0.0 0.0 0.0 0.0 1.0 0.0 0.0 0.0 0.0 1.0 0.0
0.956999860240718 0.2900883786562151 8.237365941607836e-06 1.085078632933099 -0.2900883773740239 0.9569998580280553 -7.104074902405176e-05 -1.3153380267869066 -2.8491253739551037e-05 6.559642276757537e-05 0.9999999974426789 0.14777691356754769
-0.19430043937078523 -0.9809420671167157 1.486955510100328e-05 1.325224523056674 0.9809420643620428 -0.19430043993952384 -7.351490314065454e-05 0.6468325684400571 7.500302214850464e-05 3.0219409639186546e-07 0.9999999971872275 0.4240097175818185
1.0 0.0 0.0 0.0 0.0 1.0 0.0 0.0 0.0 0.0 1.0 0.0
0.9569980251591477 0.29009443262711637 -4.93022712535959e-07 1.084866528914688 -0.2900944322380778 0.956998023784911 -5.3443828318194406e-05 -1.3152957867164576 -1.5031935291809887e-05 5.1288661301330395e-05 0.9999999985717573 0.1481368664930462
-0.1942982886651718 -0.9809424932250465 -2.686187058436776e-06 1.3252797923078337 0.980942491918512 -0.19429828826339324 -5.221700458755951e-05 0.646808790018286 5.069995712144598e-05 -1.278066965744448e-05 0.9999999986330845 0.42422570533827625
1.0 0.0 0.0 0.0 0.0 1.0 0.0 0.0 0.0 0.0 1.0 0.0
0.9569995177087746 0.2900895086330447 -9.285068626700727e-06 1.084991986823483 -0.29008950863386096 0.9569995157093654 -6.25508283107577e-05 -1.3151753560383073 -9.259532870183248e-06 6.255461352123246e-05 0.9999999980005907 0.14783808515804725
-0.19430485951319182 -0.9809411916422747 -1.043999252624424e-05 1.325485421999291 0.9809411903457357 -0.19430485867556715 -5.457251982469484e-05 0.647091173982417 5.150389135537841e-05 -2.0844724493708233e-05 0.9999999984564233 0.42404345754357486
1.0 0.0 0.0 0.0 0.0 1.0 0.0 0.0 0.0 0.0 1.0 0.0
0.9570010980147841 0.2900842953201055 2.671253103378379e-06 1.0848813150905148 -0.2900842946779888 0.9570010964338053 -5.8358107313216506e-05 -1.3152039105047686 -1.9485162584961103e-05 5.507388420441744e-05 0.9999999982935976 0.14787043996607385
-0.19430745293375623 -0.9809406779892247 6.610477352566335e-07 1.3253162598949748 0.9809406759440343 -0.1943074525720694 -6.444699004362419e-05 0.6463091825218847 6.334712060922477e-05 -1.1874081872367627e-05 0.9999999979230743 0.4239386903602612
1.0 0.0 0.0 0.0 0.0 1.0 0.0 0.0 0.0 0.0 1.0 0.0
0.9569988348863923 0.29009176130181163 7.134494509735616e-06 1.0848765862451968 -0.2900917602045861 0.9569988329107805 -6.684914855444598e-05 -1.3151565768527735 -2.622009016490972e-05 6.190489920925203e-05 0.9999999977401453 0.14785024061775182
-0.19430556282149358 -0.9809410523807289 -3.287958005337857e-06 1.325294631686715 0.9809410508589647 -0.19430556233083796 -5.645356797676063e-05 0.647059957732028 5.473875385262115e-05 -1.419453527994429e-05 0.999999998401092 0.4240511702078392
1.0 0.0 0.0 0.0 0.0 1.0 0.0 0.0 0.0 0.0 1.0 0.0
0.9569974699340494 0.2900962642561136 -2.115602677221892e-06 1.084960566867493 -0.290096263734616 0.9569974677222808 -6.738217977651766e-05 -1.3155064988002945 -1.752269222579601e-05 6.509830399697373e-05 0.9999999977275831 0.1480446807089713
-0.19429603680957286 -0.9809429392478665 -4.455218118366946e-06 1.3254919009764246 0.9809429361961457 -0.19429603584226185 -7.98928382919984e-05 0.646263746452977 7.750468439979712e-05 -1.9893176592030682e-05 0.9999999967986426 0.42433461298088204
1.0 0.0 0.0 0.0 0.0 1.0 0.0 0.0 0.0 0.0 1.0 0.0
0.9569934147515305 0.29010964154529434 -2.1598399290446725e-06 1.0845961264832322 -0.29010964127019195 0.9569934134620747 -5.130579926912971e-05 -1.3154342811047774 -1.2817354448927976e-05 4.9725902426134175e-05 0.999999998681525 0.1481795693240026
-0.19429810261328978 -0.9809425299145229 -1.804910926808571e-05 1.3250281942564843 0.9809425294242926 -0.19429810177735382 -4.0154545472037034e-05 0.6473281900497447 3.5882393753343644e-05 -2.550709089581019e-05 0.9999999990309212 0.4244984002463512
