1.0 0.0 0.0 0.0 0.0 1.0 0.0 0.0 0.0 0.0 1.0 0.0
-0.8280400793104115 0.5606689103188635 7.580583198788533e-06 2.5860362245964152 -0.5606689083583256 -0.8280400774089408 7.35178808871204e-05 -2.411114000627905 4.749621686466047e-05 5.6625554613719256e-05 0.9999999972688278 0.34238744149880124
0.7949752021386544 0.6066419272990626 5.242560179445117e-06 4.965730995400663 -0.6066419262726458 0.7949752002259807 6.568010221770263e-05 -4.062302275175137 3.567659846619417e-05 -5.539440934286501e-05 0.9999999978293197 0.16909775615296513
1.0 0.0 0.0 0.0 0.0 1.0 0.0 0.0 0.0 0.0 1.0 0.0
-0.8280443516279983 0.5606625964627733 -6.829779327089018e-05 2.5851817429972703 -0.5606625975879087 -0.8280443536767129 -3.17690169019759e-06 -2.4109973625724512 -5.8334772036882694e-05 3.566140268453397e-05 0.9999999976626595 0.341729321067385
0.7949786381715237 0.6066374245346662 -2.2128719214605014e-06 4.965382861306421 -0.6066374235048567 0.7949786370243772 5.5482011098707045e-05 -4.06222398952925 3.541665022495717e-05 -4.2764602705285676e-05 0.9999999984584249 0.16921836529813047
1.0 0.0 0.0 0.0 0.0 1.0 0.0 0.0 0.0 0.0 1.0 0.0
-0.8280390937570538 0.5606703644297865 -4.074515624580771e-05 2.58530899424773 -0.5606703652184766 -0.8280390941589509 1.0497800982150625e-05 -2.4105371175292936 -2.7852776366772137e-05 3.153719124492146e-05 0.9999999991148142 0.34209431564884724
0.7949779514769504 0.6066383242446369 1.4938907574104047e-05 4.965430884375284 -0.6066383234567619 0.7949779485684747 7.618023970936819e-05 -4.061885434548882 3.43377508607294e-05 -6.96241247522096e-05 0.9999999969867 0.1690027496341893
1.0 0.0 0.0 0.0 0.0 1.0 0.0 0.0 0.0 0.0 1.0 0.0
-0.8280364671874616 0.5606742444496091 -2.4871009250965712e-05 2.5853771921495365 -0.5606742446465146 -0.8280364674268375 1.1592889020045478e-06 -2.410710187381149 -1.9944119212284583e-05 1.4904467812249127e-05 0.9999999996900445 0.3422599284970883
0.7949821217013091 0.6066328576585293 4.673683303348676e-05 4.965237121468918 -0.6066328594571447 0.794982119525129 5.884030968538837e-05 -4.061774892603498 -1.4604813748934195e-06 -7.512909290032729e-05 0.9999999971767433 0.16917327816263616
1.0 0.0 0.0 0.0 0.0 1.0 0.0 0.0 0.0 0.0 1.0 0.0
-0.8280381883386925 0.5606717029007151 -1.4805020387662493e-05 2.586208496277148 -0.5606717027461199 -0.828038186599895 5.72024854492844e-05 -2.411178991821367 1.9812692692627432e-05 5.5666598409836235e-05 0.9999999982543436 0.3421138433684355
0.794980719587497 0.6066346963284902 -2.6355017228029195e-05 4.965815638699365 -0.6066346949796705 0.7949807197771173 4.505085273565126e-05 -4.06212942424886 4.828114093430206e-05 -1.9826691488510626e-05 0.999999998637917 0.16940015608648112
1.0 0.0 0.0 0.0 0.0 1.0 0.0 0.0 0.0 0.0 1.0 0.0
-0.8280406440410712 0.5606680756781433 -2.70447042178668e-05 2.585145543127644 -0.5606680755521514 -0.8280406444699073 -1.2747830864011284e-05 -2.410895783223771 -2.954141610965049e-05 4.607380188948698e-06 0.9999999995530383 0.3418530977856224
0.7949810541317999 0.606634257766949 2.958099570258395e-05 4.965101316069177 -0.6066342584844208 0.7949810530102935 4.2281224996973015e-05 -4.062089411915809 2.1329084307801464e-06 -5.1557618211342796e-05 0.9999999986686315 0.16946313539842675
1.0 0.0 0.0 0.0 0.0 1.0 0.0 0.0 0.0 0.0 1.0 0.0
-0.8280388444014488 0.5606707325220501 -4.3075525013637664e-05 2.585579671679361 -0.5606707338131562 -0.8280388441875918 2.7602436761214392e-05 -2.410825062025928 -2.019232950676874e-05 4.7007076057203544e-05 0.9999999986913024 0.34210227623803946
0.794981923987581 0.6066331185500852 3.3468692255718897e-06 4.965615545762683 -0.6066331179844686 0.7949819229819696 4.792005056962952e-05 -4.0618941155288 2.6409189185220635e-05 -4.012589571321512e-05 0.9999999988462337 0.1691562265727237
1.0 0.0 0.0 0.0 0.0 1.0 0.0 0.0 0.0 0.0 1.0 0.0
-0.8280531903639798 0.5606495440915924 -5.1360706676317855e-05 2.585661365768069 -0.5606495455523544 -0.8280531907392576 1.9454356619366128e-05 -2.409912077117113 -3.1622320872719776e-05 4.490459892247214e-05 0.9999999984918028 0.3413330153413123
0.7949650183429277 0.6066552722742952 -1.5258756912564674e-05 4.965369818170433 -0.6066552651378421 0.7949650123978765 0.00013543920425726242 -4.061770206643029 9.429508521347638e-05 -9.841262427625735e-05 0.9999999907116962 0.16875041000442773
1.0 0.0 0.0 0.0 0.0 1.0 0.0 0.0 0.0 0.0 1.0 0.0
-0.8280349054264416 0.5606765505659124 -3.226349308010971e-05 2.585161368744927 -0.5606765514549824 -0.8280349046781699 3.5821259786849627e-05 -2.411313294354443 -6.631158042965595e-06 4.7750637497907445e-05 0.9999999988379523 0.3426097606456834
0.7949854409008859 0.6066285090581555 -2.745001582168451e-05 4.965390286427171 -0.6066285095062756 0.79498544094084 -1.2095135233422715e-05 -4.06194526213164 1.4485109078327098e-05 2.6267418600132524e-05 0.9999999995501022 0.16914926141530867
1.0 0.0 0.0 0.0 0.0 1.0 0.0 0.0 0.0 0.0 1.0 0.0
-0.8280465118305851 0.5606594078811091 -5.098632812281416e-05 2.5853720798246704 -0.5606594101924807 -0.8280465079426668 8.029056248312039e-05 -2.4108341825955115 2.7966082653155522e-06 9.507028485027856e-05 0.9999999954769099 0.3421419029393121
0.7949736292738293 0.6066439884730105 -2.95870828817798e-06 4.965356068046087 -0.6066439867392723 0.794973627352447 7.188306136080171e-05 -4.061721904928715 4.595952210769672e-05 -5.535025558176287e-05 0.9999999974120358 0.16918189718147691
1.0 0.0 0.0 0.0 0.0 1.0 0.0 0.0 0.0 0.0 1.0 0.0
-0.8280391758731603 0.5606702429141862 -4.392999650382108e-05 2.5852048863968107 -0.5606702419185468 -0.8280391770324377 -3.356249708301678e-05 -2.4107207229320955 -5.519325154440236e-05 -3.1608206575874895e-06 0.9999999984718569 0.3419577183971919
0.7949805932590149 0.6066348600335714 5.416266303395538e-05 4.965093672641207 -0.6066348624507282 0.7949805899473718 7.256938417709365e-05 -4.062120894428402 9.648524011425655e-07 -9.054821172512126e-05 0.9999999959000452 0.16930133867890254
1.0 0.0 0.0 0.0 0.0 1.0 0.0 0.0 0.0 0.0 1.0 0.0
-0.8280487672819491 0.5606560784263122 -2.695317516660015e-05 2.58513424317854 -0.5606560790740319 -0.8280487663609163 3.9057611372592304e-05 -2.4117105831769052 -4.2065622135730413e-07 4.745306845755148e-05 0.9999999988740146 0.34217897682023163
0.7949729793880919 0.6066448400960119 -5.263572723243965e-06 4.965337156039708 -0.6066448389245607 0.7949729783375631 5.585068972480357e-05 -4.062662250597989 3.8065930821847384e-05 -4.120666998454633e-05 0.9999999984264978 0.16929327239406103
1.0 0.0 0.0 0.0 0.0 1.0 0.0 0.0 0.0 0.0 1.0 0.0
-0.8280382145084553 0.5606716630035662 -4.023015495157604e-05 2.585531918212391 -0.560671663776693 -0.8280382148954292 1.0519802547720282e-05 -2.410624122089723 -2.7413950502164647e-05 3.126670642929308e-05 0.9999999991354341 0.3420966394058511
0.7949781163108737 0.6066381079720978 2.32991215966853e-05 4.965505606809375 -0.6066381077740574 0.794978113106957 7.666299107190624e-05 -4.061911331876519 2.7984400131359454e-05 -7.507953527131515e-05 0.9999999967899685 0.1690348496742447
1.0 0.0 0.0 0.0 0.0 1.0 0.0 0.0 0.0 0.0 1.0 0.0
-0.8280409421596204 0.560667629479531 -8.579749835184325e-05 2.5854775719728225 -0.5606676305137991 -0.8280409457902203 -1.3743326243433653e-05 -2.411370701509889 -7.874927982777166e-05 3.672384329391609e-05 0.9999999962249552 0.34221114509469974
0.794979748734006 0.6066359690617108 -1.1973940786264222e-05 4.965569410675816 -0.6066359688395947 0.7949797487943303 1.7803057887388546e-05 -4.0626050520072035 2.0319015712115873e-05 -6.889247316297063e-06 0.9999999997698379 0.16942493501084624
1.0 0.0 0.0 0.0 0.0 1.0 0.0 0.0 0.0 0.0 1.0 0.0
-0.828048349651301 0.5606566939597413 -4.6453102933741836e-05 2.5855389817719945 -0.5606566950027901 -0.8280483501531846 1.2535449005640509e-05 -2.4108698149198013 -3.143733184696824e-05 3.642420102471718e-05 0.9999999988424858 0.34123893543683287
0.7949734922521887 0.6066441679619858 -9.698840991768986e-06 4.965740429987827 -0.6066441644154597 0.7949734891490194 9.659658426573991e-05 -4.0617387648102525 6.631007595379595e-05 -7.090797864411821e-05 0.999999995287516 0.1691104782557322
1.0 0.0 0.0 0.0 0.0 1.0 0.0 0.0 0.0 0.0 1.0 0.0
-0.8280362986941499 0.5606744869561411 8.787127839729407e-05 2.584717670971176 -0.560674485413749 -0.8280363032521811 4.3617538066340086e-05 -2.410939780269737 9.721584930377346e-05 -1.3150279019451127e-05 0.9999999951880745 0.34295328217258153
0.7949820886235743 0.6066329016593178 3.731080489879847e-05 4.964993891100612 -0.6066329027164254 0.794982088062762 3.1642001369048056e-05 -4.061847064923401 -1.046634248093588e-05 -4.778878621504347e-05 0.9999999988033438 0.16942100236920868
1.0 0.0 0.0 0.0 0.0 1.0 0.0 0.0 0.0 0.0 1.0 0.0
-0.8280278340429339 0.5606869876714509 -8.891614689041024e-05 2.585242231120436 -0.5606869903437792 -0.8280278369831342 6.345643819464393e-06 -2.409676053604485 -7.006712486457145e-05 5.510849650038685e-05 0.9999999960268258 0.34201343173781873
0.7949765949193289 0.6066401021330192 3.8089439677304927e-06 4.965872584292702 -0.6066400979361931 0.7949765886486151 0.000122786709273364 -4.060942991172987 7.145932057235446e-05 -9.992321818109378e-05 0.9999999924544581 0.16842305616979752
1.0 0.0 0.0 0.0 0.0 1.0 0.0 0.0 0.0 0.0 1.0 0.0
-0.8280436976136369 0.5606635664763794 -8.265782751795023e-06 2.5859168978939833 -0.5606635657949727 -0.8280436956686331 6.366709215630225e-05 -2.410405021531204 2.8851389658147686e-05 5.735345763711635e-05 0.999999997939089 0.3417067173938678
0.7949737807453098 0.6066437889996553 -3.4578158242192157e-05 4.965562781744499 -0.6066437854970551 0.794973780505943 7.632752175565729e-05 -4.06148760794458 7.37923461835312e-05 -3.970175373344424e-05 0.9999999964892302 0.1691565715884087
1.0 0.0 0.0 0.0 0.0 1.0 0.0 0.0 0.0 0.0 1.0 0.0
-0.8280362660481542 0.5606745414997318 -2.4961896632278018e-05 2.585352910687585 -0.5606745416626341 -0.8280362663139074 -5.653321307134023e-07 -2.4105029332262093 -2.0986323020684618e-05 1.3527384446738134e-05 0.999999999688292 0.34224575340386454
0.7949833081848197 0.606631302784919 4.678665751006483e-05 4.965269890816338 -0.6066313045882481 0.7949833059513584 5.9600407681749537e-05 -4.061785303320011 -1.0391387032701165e-06 -7.576358035065506e-05 0.9999999971294 0.16918024682290386
1.0 0.0 0.0 0.0 0.0 1.0 0.0 0.0 0.0 0.0 1.0 0.0
-0.8280372096487798 0.5606731482379865 1.6791898439659928e-05 2.5852608979245004 -0.5606731471419595 -0.828037209363773 4.4530731428350235e-05 -2.4109900000756275 3.8871502107168636e-05 2.7458336050895997e-05 0.999999998867523 0.3422531548225479
0.7949858151320947 0.6066280182022108 3.5648533876437065e-05 4.965531430061932 -0.6066280191417972 0.7949858147262222 2.78600860760845e-05 -4.061686487512993 -1.143936994427652e-05 -4.3773772729621835e-05 0.9999999989764988 0.16924073416772156
