1.0 0.0 0.0 0.0 0.0 1.0 0.0 0.0 0.0 0.0 1.0 0.0
-0.828032428030202 0.5606802088848206 -3.866888159232641e-05 2.58599138355776 -0.560680209325255 -0.828032428634617 6.674670509670585e-07 -2.410571613875071 -3.1644852372087345e-05 2.2233560988145496e-05 0.999999999252136 0.34243997630065404
0.7949864019792813 0.6066272500866654 -1.0969402716495925e-05 4.966096359706947 -0.6066272497612537 0.7949864019694327 2.3038949393895777e-05 -4.061671374379556 2.26965805130815e-05 -1.1661312882652378e-05 0.9999999996744395 0.1692816674363346
1.0 0.0 0.0 0.0 0.0 1.0 0.0 0.0 0.0 0.0 1.0 0.0
-0.8280292821285258 0.5606848510726508 -7.559998374920678e-05 2.586535158848807 -0.5606848528554643 -0.8280292843673492 2.9225834352892227e-06 -2.4104130821144953 -6.096035218388514e-05 4.480775042818339e-05 0.9999999971380507 0.34249251320158475
0.7949864786732672 0.6066271496647683 -4.034471427295143e-06 4.966748496599795 -0.6066271483687868 0.794986477376691 6.041650083010583e-05 -4.0616031337016745 3.9857639919355727e-05 -4.5582881351578604e-05 0.9999999981667848 0.16897152786044067
1.0 0.0 0.0 0.0 0.0 1.0 0.0 0.0 0.0 0.0 1.0 0.0
-0.8280245341895449 0.5606918603523929 -9.227545472786893e-05 2.5848315592025672 -0.5606918594805027 -0.8280245390726263 -3.7494807425365185e-05 -2.410646491999418 -9.74293741976555e-05 2.0691475842845008e-05 0.99999999503969 0.3422998997382495
0.794987465617875 0.606625856124224 -1.3857089898587184e-05 4.965571138434177 -0.6066258561640538 0.7949874648038603 -3.792043252335636e-05 -4.061609303608968 -1.1987302076075493e-05 3.8552337570603136e-05 0.999999999185011 0.16947840422129137
1.0 0.0 0.0 0.0 0.0 1.0 0.0 0.0 0.0 0.0 1.0 0.0
-0.82802281556942 0.5606944022114813 6.500153500231725e-05 2.5859215639650053 -0.5606944017750368 -0.8280228179933132 2.6467823270488978e-05 -2.4108568865140385 6.866311453299606e-05 -1.453003523615601e-05 0.9999999975371274 0.34285960919297
0.794998516474088 0.6066113737838008 3.5962896505943143e-07 4.965940833735409 -0.606611373475031 0.7949985160880679 -3.144052786216767e-05 -4.061623893037976 -1.935808629251946e-05 2.4777017987150354e-05 0.9999999995056821 0.16947923858781294
1.0 0.0 0.0 0.0 0.0 1.0 0.0 0.0 0.0 0.0 1.0 0.0
-0.8280341896708538 0.5606776007983777 -9.326899781664573e-05 2.5854732532626845 -0.5606776019169517 -0.8280341940088753 -1.614699064493795e-05 -2.4104988350462615 -8.628317540805122e-05 3.892357771472588e-05 0.9999999955200842 0.3420873587754778
0.7949800725540392 0.6066355448202954 -1.5994312810303907e-06 4.96604838218469 -0.606635544310512 0.7949800719887673 3.898491235509249e-05 -4.0615105620799365 2.4921149541236637e-05 -3.0021956586808425e-05 0.9999999992388093 0.16910445153306092
1.0 0.0 0.0 0.0 0.0 1.0 0.0 0.0 0.0 0.0 1.0 0.0
-0.8280368493405224 0.5606736697256752 -0.00011050142723672674 2.5855797348775362 -0.5606736714673997 -0.8280368553506523 -1.7443298769029626e-05 -2.4102504167516443 -0.00010127925265380844 4.751154675638797e-05 0.9999999937425827 0.34210451497145483
0.7949792130111106 0.6066366704433752 -3.088060083037759e-05 4.965882074243014 -0.6066366697483234 0.7949792135973061 2.9408721910221726e-05 -4.0615088971798885 4.2389844905155324e-05 -4.64601775228384e-06 0.9999999990907579 0.16916429952960294
1.0 0.0 0.0 0.0 0.0 1.0 0.0 0.0 0.0 0.0 1.0 0.0
-0.8280238417059127 0.5606928897771636 -3.033012449065546e-05 2.5866372929949226 -0.5606928903272501 -0.8280238417748663 1.374285637595416e-05 -2.41066945675701 -1.7408544347025182e-05 2.838529789708522e-05 0.9999999994456088 0.3424521026096365
0.7949935918345566 0.6066178243011134 -6.466971734287846e-05 4.966737054491965 -0.606617826953706 0.7949935917320269 -3.357044035396551e-05 -4.061474117205676 3.1047583378361e-05 6.591808836072718e-05 0.9999999973454267 0.16946710141408436
1.0 0.0 0.0 0.0 0.0 1.0 0.0 0.0 0.0 0.0 1.0 0.0
-0.8280368941282368 0.5606736118891918 -5.379210671715889e-05 2.5860694781363067 -0.5606736137864691 -0.8280368940445636 3.0077443195808785e-05 -2.410382110812349 -2.7678220257184983e-05 5.506504751350823e-05 0.9999999981008785 0.3422308039317307
0.7949783439426618 0.6066378090874711 -3.5323320601227505e-05 4.966251743055976 -0.6066378056282401 0.7949783437966527 7.534510705319261e-05 -4.0615569233278865 7.378846557717862e-05 -3.8469266732323214e-05 0.9999999965376889 0.16906371817239224
1.0 0.0 0.0 0.0 0.0 1.0 0.0 0.0 0.0 0.0 1.0 0.0
-0.828023035107188 0.5606940719292363 -0.00010504900319877308 2.5866533138056145 -0.5606940625098423 -0.8280230412390078 -0.00010697436463798946 -2.4099397170170604 -0.00014696288720868303 -2.9676885720075386e-05 0.999999988760596 0.3433983610011596
0.7949928622744032 0.6066187827848594 -3.6129875754657526e-05 4.966463519538982 -0.6066187838555624 0.7949928611049202 -4.319504679404158e-05 -4.06139347070225 2.520066589027218e-06 5.6256815178005676e-05 0.99999999841441 0.1697298685939675
1.0 0.0 0.0 0.0 0.0 1.0 0.0 0.0 0.0 0.0 1.0 0.0
-0.8280368941282368 0.5606736118891918 -5.379210671715889e-05 2.5860694781363067 -0.5606736137864691 -0.8280368940445636 3.0077443195808785e-05 -2.410382110812349 -2.7678220257184983e-05 5.506504751350823e-05 0.9999999981008785 0.3422308039317307
0.7949783439426618 0.6066378090874711 -3.5323320601227505e-05 4.966251743055976 -0.6066378056282401 0.7949783437966527 7.534510705319261e-05 -4.0615569233278865 7.378846557717862e-05 -3.8469266732323214e-05 0.9999999965376889 0.16906371817239224
1.0 0.0 0.0 0.0 0.0 1.0 0.0 0.0 0.0 0.0 1.0 0.0
-0.8280337076467247 0.5606783204295255 1.0699948535342696e-06 2.5868434370523232 -0.5606783203031437 -0.8280337074977467 1.9737837193682876e-05 -2.4103415057373763 1.1952569212245601e-05 1.5743671595199478e-05 0.9999999998046364 0.34199338066875146
0.7949828319056703 0.6066319286736765 -9.428462416820535e-06 4.966378346550814 -0.6066319272391483 0.7949828309295227 5.814979464588894e-05 -4.061696916055677 4.277098782145021e-05 -4.050848209550048e-05 0.9999999982648526 0.16904871767022597
1.0 0.0 0.0 0.0 0.0 1.0 0.0 0.0 0.0 0.0 1.0 0.0
-0.828033012736918 0.5606793453569088 -3.883260138119065e-05 2.5860274041883233 -0.5606793445537425 -0.8280330136412326 -3.018285298850969e-05 -2.40998429632112 -4.9077578203806257e-05 -3.2197612033574823e-06 0.9999999987905123 0.3425094821685009
0.7949792588587332 0.6066366106689645 -2.409338151500943e-05 4.966350599325636 -0.6066366108116208 0.7949792591131576 1.6989989981574146e-06 -4.061185216884876 2.018441358011998e-05 1.3265258340884232e-05 0.9999999997083112 0.1694003395636105
1.0 0.0 0.0 0.0 0.0 1.0 0.0 0.0 0.0 0.0 1.0 0.0
-0.8280334800599307 0.5606786544906911 -4.794109181640488e-05 2.5859622584479407 -0.5606786556015662 -0.8280334805945456 1.2934508976008374e-05 -2.4106039142531515 -3.2444726031057285e-05 3.758975338799551e-05 0.9999999987671749 0.3423461184008734
0.7949839628088161 0.6066304457222698 -3.4635108639747646e-05 4.966215563506517 -0.6066304443533562 0.7949839634570829 4.2775185546830304e-05 -4.061749746786739 5.3483085815318755e-05 -1.2994875171536518e-05 0.9999999984853463 0.16916077729594578
1.0 0.0 0.0 0.0 0.0 1.0 0.0 0.0 0.0 0.0 1.0 0.0
-0.8280365511878555 0.5606741162281843 -7.272321504165667e-05 2.585285404831221 -0.5606741193635029 -0.8280365516282641 3.2303751715606895e-05 -2.410933195207261 -4.210560276237819e-05 6.752271171183737e-05 0.9999999968339008 0.34246067125577273
0.7949850426195076 0.6066290315232229 1.1155993188047969e-05 4.965603896650194 -0.6066290315502877 0.7949850420959417 3.0398582652267897e-05 -4.062026507956934 9.571815039821128e-06 -3.0933967869059506e-05 0.9999999994757349 0.16943185429954985
1.0 0.0 0.0 0.0 0.0 1.0 0.0 0.0 0.0 0.0 1.0 0.0
-0.8280309747426712 0.5606823535271657 -5.753208769442885e-05 2.5861037784172383 -0.5606823537467304 -0.8280309764784207 -1.3755761327141412e-05 -2.410756867333369 -5.535096338789762e-05 2.0867029884464605e-05 0.999999998250419 0.3423792273219713
0.794989766426558 0.6066228410099578 -6.484979268679592e-06 4.966225026738311 -0.6066228406929882 0.7949897662843006 2.5550005462789198e-05 -4.061877825462098 2.0654709054796698e-05 -1.6378056329243588e-05 0.999999999652571 0.16928344014231808
1.0 0.0 0.0 0.0 0.0 1.0 0.0 0.0 0.0 0.0 1.0 0.0
-0.828032428030202 0.5606802088848206 -3.866888159232641e-05 2.58599138355776 -0.560680209325255 -0.828032428634617 6.674670509670585e-07 -2.410571613875071 -3.1644852372087345e-05 2.2233560988145496e-05 0.999999999252136 0.34243997630065404
0.7949864019792813 0.6066272500866654 -1.0969402716495925e-05 4.966096359706947 -0.6066272497612537 0.7949864019694327 2.3038949393895777e-05 -4.061671374379556 2.26965805130815e-05 -1.1661312882652378e-05 0.9999999996744395 0.1692816674363346
1.0 0.0 0.0 0.0 0.0 1.0 0.0 0.0 0.0 0.0 1.0 0.0
-0.8280321290567417 0.5606806508966873 -3.0981076032130834e-05 2.5859121120820836 -0.5606806514969185 -0.8280321290838484 1.5551829338369993e-05 -2.4106385943839794 -1.693371655212016e-05 3.0247904251545468e-05 0.9999999993991567 0.34270819195527524
0.7949823866115912 0.6066325122982806 -1.2296110000529745e-07 4.965979456901223 -0.6066325108664574 0.7949823847491035 6.854550963151225e-05 -4.061911379357744 4.167968662304413e-05 -5.44178806375352e-05 0.999999997650749 0.1691373521958681
1.0 0.0 0.0 0.0 0.0 1.0 0.0 0.0 0.0 0.0 1.0 0.0
-0.8280365367725268 0.5606741404046166 -4.5291318321182866e-05 2.5858704084311226 -0.5606741404020713 -0.8280365248355122 0.00014772517327520104 -2.4113650220566445 4.532281871431521e-05 0.00014771551184034732 0.9999999880629846 0.3434063265940377
0.7949839290824322 0.6066304900394431 -3.248326913467216e-05 4.966266602753433 -0.6066304847937397 0.7949839275318116 9.942337179251694e-05 -4.06232845330133 8.613692562764138e-05 -5.933464144740161e-05 0.9999999945299151 0.1693135960748749
1.0 0.0 0.0 0.0 0.0 1.0 0.0 0.0 0.0 0.0 1.0 0.0
-0.828034012820613 0.5606778684173934 -3.845935596517016e-05 2.5861190963701253 -0.5606778681056613 -0.8280340136958969 -1.947191053592209e-05 -2.4102210573674894 -4.276312417722892e-05 5.439905493000783e-06 0.9999999990708613 0.34251096431851097
0.7949809556124533 0.6066343875683158 -5.755482189946762e-06 4.966424866498107 -0.6066343867055093 0.7949809549241635 4.662934599840189e-05 -4.061491859412771 3.286246347975586e-05 -3.357796863276435e-05 0.9999999988962893 0.16910031208353354
1.0 0.0 0.0 0.0 0.0 1.0 0.0 0.0 0.0 0.0 1.0 0.0
-0.8280299500412355 0.560683867174708 5.4080707902387145e-05 2.586178816827085 -0.5606838677087412 -0.828029951422878 6.1476473757601755e-06 -2.4106556781696393 4.822733264199126e-05 -2.5231744325714385e-05 0.999999998518742 0.3422988759895739
0.7949880142553774 0.6066251349244985 -5.355488591976536e-05 4.965745995709046 -0.6066251358807441 0.794988015326921 -2.0573001401458136e-06 -4.062117515235331 4.132748249331795e-05 3.412326890129838e-05 0.9999999985638209 0.16962121543030562
