1.0 0.0 0.0 0.0 0.0 1.0 0.0 0.0 0.0 0.0 1.0 0.0
-0.8280294155553647 0.5606846581457665 -3.309087165633994e-05 2.5859500696147264 -0.5606846586834576 -0.8280294158001925 9.306272596093868e-06 -2.4104458058517277 -2.2182330856766147e-05 2.6259411538917233e-05 0.9999999994091938 0.3421441452087107
0.7949901930987968 0.6066222791325204 -5.7765080043999566e-05 4.965660316418099 -0.6066222804768701 0.794990194135122 -7.618567604312642e-06 -4.061710588947247 4.130107935455641e-05 4.109827111911152e-05 0.9999999983025768 0.16968191270107488
1.0 0.0 0.0 0.0 0.0 1.0 0.0 0.0 0.0 0.0 1.0 0.0
-0.8280412578570405 0.5606671697930851 1.6559737562495954e-06 2.5852111695784266 -0.5606671687072725 -0.8280412564302214 5.986009488219774e-05 -2.4112911610170045 3.493280457088521e-05 4.8638178144326416e-05 0.9999999982070135 0.3423725019325395
0.7949762575044853 0.6066405441875976 -1.2326290750346498e-05 4.965324022592938 -0.6066405433977552 0.7949762572572523 3.877276341186054e-05 -4.061983474571043 3.3320238782402745e-05 -2.3345798631398038e-05 0.9999999991723677 0.1691141376235219
1.0 0.0 0.0 0.0 0.0 1.0 0.0 0.0 0.0 0.0 1.0 0.0
-0.8280443853398787 0.5606625501445923 -2.779325800438737e-05 2.5852029513762 -0.5606625508315761 -0.8280443841905304 4.365266903094894e-05 -2.4104613721732697 1.460365530623501e-06 5.172898642486925e-05 0.9999999986609898 0.3419515693850813
0.794973394965927 0.6066442955275605 -4.6628559997281046e-07 4.965168344748727 -0.6066442941020308 0.7949733931500772 6.794778282530029e-05 -4.061412670172402 4.15908194902689e-05 -5.3733810094343144e-05 0.9999999976914405 0.1691490787579758
1.0 0.0 0.0 0.0 0.0 1.0 0.0 0.0 0.0 0.0 1.0 0.0
-0.8280411299176222 0.5606673583858458 -2.013418738398754e-05 2.5852747072977236 -0.5606673579684361 -0.828041130126264 -2.297638324464386e-05 -2.4111068201563617 -2.9554043374637468e-05 -7.73680869789177e-06 0.9999999995333502 0.34146627006398156
0.7949799557881073 0.6066356971346714 2.927577088756584e-05 4.9652879194760065 -0.6066356978330946 0.794979954604212 4.349758636841805e-05 -4.061969234117871 3.1135376190792443e-06 -5.233943699004131e-05 0.9999999986254446 0.16948765614790173
1.0 0.0 0.0 0.0 0.0 1.0 0.0 0.0 0.0 0.0 1.0 0.0
-0.8280391194303158 0.5606703278027629 -1.4649523031201144e-05 2.585628097919936 -0.5606703279779047 -0.8280391189247784 2.9247638278431597e-05 -2.4109292723029516 4.267904797597472e-06 3.243174152811511e-05 0.9999999994649836 0.3418072830473516
0.7949808441299832 0.6066345336786736 -3.851901885059096e-06 4.9657171241490525 -0.6066345328296514 0.794980843323655 4.823857554329421e-05 -4.0617601765686135 3.232537398901452e-05 -3.601204680448278e-05 0.9999999988291013 0.16919549163578454
1.0 0.0 0.0 0.0 0.0 1.0 0.0 0.0 0.0 0.0 1.0 0.0
-0.8280325729710568 0.5606799956488194 -2.4045197626434197e-05 2.585441593268219 -0.5606799959103084 -0.8280325731254882 5.403772605382265e-06 -2.4105829542863617 -1.68804196610504e-05 1.7956161041037834e-05 0.9999999996963138 0.34195359947335296
0.7949849614835139 0.606629137653957 -1.9085917728883347e-05 4.9656155930241725 -0.6066291375619987 0.7949849617074203 1.0947002592216393e-05 -4.06171078775318 2.1813788317260014e-05 2.8753713773196146e-06 0.9999999997579454 0.16942092279257734
1.0 0.0 0.0 0.0 0.0 1.0 0.0 0.0 0.0 0.0 1.0 0.0
-0.8280375717544218 0.5606726097772932 -6.639698618770648e-05 2.585731265044826 -0.5606726118560065 -0.8280375728392829 1.676282305373077e-05 -2.4108760500828614 -4.558074353794943e-05 5.11072189623853e-05 0.999999997655224 0.3422880774474659
0.7949804686741319 0.6066350242906808 4.1599325287569015e-05 4.965656798854835 -0.6066350255978958 0.7949804652900807 7.433039301013168e-05 -4.061912062980216 1.2020768796367154e-05 -8.432681843260837e-05 0.9999999963722443 0.16887093908476553
1.0 0.0 0.0 0.0 0.0 1.0 0.0 0.0 0.0 0.0 1.0 0.0
-0.8280463744062869 0.5606596126476553 -2.4049617868428492e-05 2.5860381599786755 -0.5606596124379583 -0.8280463703907804 8.639197519075028e-05 -2.410596525955067 2.8522292561071373e-05 8.502021126789692e-05 0.9999999959790212 0.3419594858293865
0.794976142162734 0.6066406950923842 -2.1210488265310025e-05 4.965521624550731 -0.6066406926966303 0.7949761413905344 6.770797015074235e-05 -4.061598371532689 5.793624219370894e-05 -4.0959075610412325e-05 0.9999999974828727 0.16933625342833372
1.0 0.0 0.0 0.0 0.0 1.0 0.0 0.0 0.0 0.0 1.0 0.0
-0.8280403407192568 0.560668519446936 -7.377477608869526e-05 2.5848678893804005 -0.5606685180662105 -0.8280403439661588 -4.017269585713168e-05 -2.409961593879744 -8.36120568769227e-05 8.098581615165852e-06 0.9999999964717186 0.3417848964084988
0.7949735129712839 0.6066441360908414 -7.629346635462985e-05 4.964883747236149 -0.6066441325818439 0.794973516611118 6.55055368731657e-05 -4.061792911834839 0.0001003898350679779 -5.792183048769161e-06 0.9999999949441658 0.16876588892198965
1.0 0.0 0.0 0.0 0.0 1.0 0.0 0.0 0.0 0.0 1.0 0.0
-0.8280273272351729 0.5606877392315918 -6.653677995184423e-05 2.5849433624591436 -0.5606877312072347 -0.8280273282476116 -0.00010839191277709845 -2.4105843314536983 -0.00011586828865970292 -5.244510963769165e-05 0.9999999919120252 0.34236027753520915
0.7949918564088104 0.6066201010052937 3.605552500226728e-05 4.964895394481191 -0.606620101713207 0.7949918565859522 1.262850521593987e-05 -4.062097681039872 -2.100314365209468e-05 -3.191156504948416e-05 0.99999999927026 0.1695684885656695
1.0 0.0 0.0 0.0 0.0 1.0 0.0 0.0 0.0 0.0 1.0 0.0
-0.8280499911862589 0.560654266806194 -7.216955553102969e-05 2.585498153211051 -0.5606542692076669 -0.8280499925281063 1.7129488853919216e-05 -2.4107978198297024 -5.015627890407141e-05 5.4646242509808796e-05 0.999999997249068 0.3418086624583473
0.794964330223226 0.6066561739661124 1.6172075393025428e-05 4.96550391993643 -0.6066561693934318 0.7949643203169356 0.00014683297126107667 -4.062318557140232 7.622090563438858e-05 -0.0001265378639623255 0.9999999890892712 0.1689736453358365
1.0 0.0 0.0 0.0 0.0 1.0 0.0 0.0 0.0 0.0 1.0 0.0
-0.8280441057441565 0.5606629603143786 -6.224047097450908e-05 2.5853981582720618 -0.5606629626781688 -0.8280440921054112 0.00015430573967228193 -2.411425049110718 3.4975658517865186e-05 0.00016266788507319325 0.9999999861579312 0.34295679383489514
0.7949868703291867 0.6066266354446272 -3.425401109707632e-05 4.966177360049325 -0.6066266350328515 0.7949868710619848 2.2534331916702173e-05 -4.061646363103399 4.090141505597871e-05 2.8648974828099666e-06 0.9999999991594332 0.1689319914699841
1.0 0.0 0.0 0.0 0.0 1.0 0.0 0.0 0.0 0.0 1.0 0.0
-0.8280350797541489 0.5606762909386972 -5.895561644344718e-05 2.584890420051361 -0.5606762895558443 -0.8280350818528314 -3.9381022341645286e-05 -2.4108347441298434 -7.089732422732707e-05 4.46148300528036e-07 0.9999999974866851 0.3418377315998682
0.7949845480858694 0.6066296793965451 -1.9492352741359135e-05 4.965125341089382 -0.6066296791472194 0.7949845483220561 1.7519094700484338e-05 -4.062185120312961 2.612372204129107e-05 -2.1027698940232234e-06 0.9999999996565646 0.16942225598915275
1.0 0.0 0.0 0.0 0.0 1.0 0.0 0.0 0.0 0.0 1.0 0.0
-0.8280227874950878 0.5606944224665111 -0.00016734338897964258 2.5862741812280734 -0.5606944205338035 -0.8280228033428402 -6.266200581755049e-05 -2.4102735098425425 -0.00017369837922627749 4.1942935787022754e-05 0.9999999840348316 0.34341070851736577
0.7949986983810694 0.6066111353841465 -6.012636485347534e-07 4.9656536022347195 -0.6066111350893783 0.7949986979630609 -3.1978338649179904e-05 -4.06182794463313 -1.8920412497957665e-05 2.5787470826820032e-05 0.9999999994885121 0.1697411541432282
1.0 0.0 0.0 0.0 0.0 1.0 0.0 0.0 0.0 0.0 1.0 0.0
-0.8280441926248582 0.560662834894954 -2.50559555518904e-05 2.585554081441634 -0.5606628353676533 -0.8280441908811551 5.4639516945974034e-05 -2.410526946980295 9.886908026508052e-06 5.9291877777510385e-05 0.9999999981933612 0.3416066334382381
0.79497289804723 0.6066449464286228 -1.852033335853721e-05 4.965696913431893 -0.606644943153886 0.7949728963211542 8.402722444903155e-05 -4.061414435210507 6.569785412529197e-05 -5.556409955763216e-05 0.9999999962982113 0.16900736207072872
1.0 0.0 0.0 0.0 0.0 1.0 0.0 0.0 0.0 0.0 1.0 0.0
-0.8280366825465661 0.56067392680355 -1.2647715762698798e-05 2.585567048797037 -0.5606739269398356 -0.8280366822189626 2.344519557437698e-05 -2.4106328829002477 2.672337269571665e-06 2.6504726428559523e-05 0.9999999996451792 0.341964510254873
0.7949872470057117 0.6066261415637423 3.833752401083238e-05 4.965648085057923 -0.6066261426477735 0.7949872465463693 2.9747357000038396e-05 -4.06160108885252 -1.2432318254117405e-05 -4.690531375652203e-05 0.9999999988226644 0.1692616654493755
1.0 0.0 0.0 0.0 0.0 1.0 0.0 0.0 0.0 0.0 1.0 0.0
-0.8280440106367175 0.5606631036730555 -2.5067045029202053e-05 2.5855299449454123 -0.5606631041654234 -0.8280440090123313 5.2596372070316976e-05 -2.4103332195355964 8.732228746815237e-06 5.760627815237237e-05 0.9999999983026324 0.3415885480466787
0.794972789176697 0.6066450890967857 -1.853039139807834e-05 4.965700727563007 -0.6066450859226947 0.7949727875365185 8.247584163064877e-05 -4.0614598484524835 6.47647211982273e-05 -5.4324678978937836e-05 0.99999999642718 0.16899177873939714
1.0 0.0 0.0 0.0 0.0 1.0 0.0 0.0 0.0 0.0 1.0 0.0
-0.8280349969556317 0.5606764143166838 -4.738853979613606e-05 2.585484947586423 -0.5606764154220026 -0.8280349974546478 1.3409493787133881e-05 -2.4109740506244224 -3.172098253510275e-05 3.7673166772184546e-05 0.9999999987872559 0.3423118192090181
0.7949838586000141 0.6066305830292473 -1.7292417136225755e-05 4.965571049925749 -0.6066305829138555 0.7949838587873962 1.1878421831445526e-05 -4.062133312512244 2.0953006463797577e-05 1.0469554657008999e-06 0.9999999997799379 0.16939111990137587
1.0 0.0 0.0 0.0 0.0 1.0 0.0 0.0 0.0 0.0 1.0 0.0
-0.8280440492684882 0.5606630460196163 -3.60423512250252e-05 2.585390419509644 -0.560663047160139 -0.8280440480456971 4.5223923168971643e-05 -2.4104341346761515 -4.4892718925766215e-06 5.765501492927784e-05 0.9999999983278727 0.3418375616832812
0.794972867964726 0.606644985809873 -1.9790801462591987e-05 4.965457823834487 -0.6066449826235243 0.7949728664520873 8.162508947722677e-05 -4.061620373012762 6.52506014157505e-05 -5.288374107020697e-05 0.9999999964728347 0.16902687859245139
1.0 0.0 0.0 0.0 0.0 1.0 0.0 0.0 0.0 0.0 1.0 0.0
-0.8280390937570538 0.5606703644297865 -4.074515624580771e-05 2.58530899424773 -0.5606703652184766 -0.8280390941589509 1.0497800982150625e-05 -2.4105371175292936 -2.7852776366772137e-05 3.153719124492146e-05 0.9999999991148142 0.34209431564884724
0.7949779514769504 0.6066383242446369 1.4938907574104047e-05 4.965430884375284 -0.6066383234567619 0.7949779485684747 7.618023970936819e-05 -4.061885434548882 3.43377508607294e-05 -6.96241247522096e-05 0.9999999969867 0.1690027496341893
