1651075930.628102 3.2436561921573053 1.5194284749516829 -0.218548432156303
1651075931.0279639 3.243539404357428 1.5193382923859746 -0.2186093555301972
1651075931.4279516 3.2436207896621734 1.5193971663937287 -0.21879665309258212
1651075931.8279567 3.2427037324863353 1.5190036804586309 -0.21888584424031443
1651075932.227941 3.2426644658146997 1.5189805659227733 -0.21897159912477698
1651075932.6291945 3.2426984959895475 1.5189895502035475 -0.2190599192808304
1651075933.0293314 3.2429380644372867 1.5191007782764245 -0.2191633841547111
1651075933.0293314 3.2429380644372867 1.5191007782764245 -0.2191633841547111
1651075933.42933 3.2420671205418303 1.518688824529109 -0.21918966657488964
1651075933.8293092 3.2433539665652757 1.5192942339950573 -0.21936101500958372
1651075934.2291937 3.243288627889785 1.5192645590651976 -0.21938729250828345
1651075934.6279562 3.2434253370017583 1.5193290330618114 -0.21937331646304245
1651075935.0279412 3.2433168206586034 1.5192778276233128 -0.2193694572876647
1651075935.4279523 3.2441570357197467 1.5196714123957593 -0.2194332648311717
1651075935.8279495 3.2443747431970005 1.5197735802786103 -0.21943275987703675
1651075936.227941 3.2430643889121322 1.5191595801696693 -0.2193406605351503
1651075936.627944 3.243000004820738 1.5191300417016493 -0.2193520084235393
1651075937.0291872 3.243324304058375 1.519283818102013 -0.2193808074510723
1651075937.4279208 3.2431904936765665 1.5192157942139228 -0.21937666759590585
1651075937.8291302 3.243297460570629 1.5192695663316904 -0.2193856153518423
1651075938.2290974 3.2435775542917065 1.5194008959069756 -0.21940563685998604
1651075938.2290974 3.2435775542917065 1.5194008959069756 -0.21940563685998604
1651075938.629106 3.2433977009920247 1.5193143478876487 -0.2193927179354114
1651075939.0278094 3.243334074406037 1.5192855371026863 -0.21938796429450058
1651075939.427813 3.2436501208338577 1.5194341429415725 -0.21941106166822918
1651075939.8278277 3.243424596371766 1.519327381458674 -0.21939551403851842
1651075940.2278128 3.2432435204679115 1.5192433049973422 -0.21938354559684603
1651075940.6278052 3.2429187120594407 1.5190896631031932 -0.21936128672938648
1651075941.0290632 3.2433147423406123 1.5192794633169135 -0.21938869081096551
1651075941.4290507 3.2434878842072266 1.519356654805252 -0.21940205697935336
1651075941.8289392 3.2421224051745776 1.518718696165644 -0.21930944102130587
1651075942.228907 3.2436409688670467 1.5194299801167224 -0.21941162073046738
1651075942.6288402 3.2430895852302033 1.5191719420512757 -0.21937297544873866
1651075943.0288522 3.24367675168013 1.5194477982254526 -0.21941346643168316
1651075943.0288522 3.24367675168013 1.5194477982254526 -0.21941346643168316
1651075943.4287162 3.2431707869093427 1.5192104144966285 -0.2193781208483171
1651075943.8287551 3.243560127872401 1.5193910552860874 -0.21940429464035874
1651075944.2288358 3.243793588619861 1.5195043304854856 -0.21942096071743866
1651075944.6288505 3.2436061626178807 1.519410134267876 -0.2194093836005658
1651075945.0288277 3.243360692439822 1.5192989998875903 -0.21939187861879467
1651075945.4288113 3.2436590263613483 1.5194385631143787 -0.2194123478720656
1651075945.8288102 3.243857359601108 1.5195328981612315 -0.2194252670876895
1651075946.228803 3.243622585810333 1.5194222387092287 -0.2194098870821618
1651075946.6288114 3.2431991110011054 1.5192203899526349 -0.21938097280072405
1651075947.0287986 3.2431977621120835 1.5192232369580774 -0.21938119643815243
1651075947.428786 3.2435963251199627 1.519407638494671 -0.21940854473603166
1651075947.8288043 3.2432696490633544 1.51925796734031 -0.2193863975760522
1651075948.2300756 3.2430433151973537 1.5191511994118079 -0.21938275800776416
1651075948.2300756 3.2430433151973537 1.5191511994118079 -0.21938275800776416
1651075948.6289027 3.242517028758721 1.518902184654523 -0.2194007921176384
1651075949.0300632 3.2433479274761834 1.5192923369691465 -0.21946255120629055
1651075949.4288187 3.2429597913768053 1.5191105831937235 -0.21942636163160195
1651075949.8301435 3.2433761210777137 1.5193047982794072 -0.21945025155213863
1651075950.2300801 3.243311465790319 1.5192768723458268 -0.2194544984857918
1651075950.631322 3.243150177527517 1.5191978406457562 -0.21944219163643258
1651075951.0313547 3.242018688281872 1.5186731546057581 -0.21935850685450795
1651075951.430078 3.2429145371483368 1.519087272617151 -0.2194388821192308
1651075951.8301954 3.242850064212341 1.5190603014166613 -0.21943390338572427
1651075952.2303028 3.242759510403458 1.5190180693024788 -0.21942948222524394
1651075952.6315377 3.2427515667148423 1.5190116773031301 -0.21942763697370865
1651075953.0301716 3.2427962962282044 1.5190336239204465 -0.21943216750018404
1651075953.4301949 3.2436453119138338 1.519433070776532 -0.21948889835361057
1651075953.4301949 3.2436453119138338 1.519433070776532 -0.21948889835361057
1651075953.8291092 3.2433110375715293 1.5192758641305 -0.21946769355848428
1651075954.230365 3.243347987807562 1.5192912469706656 -0.21946914881637594
1651075954.6303608 3.2430669457760293 1.519161771812802 -0.21945029456703435
1651075955.0303519 3.243275908062422 1.5192569854458138 -0.21946355456479422
1651075955.430366 3.2418824748591573 1.5186079814042603 -0.2193700103849332
1651075955.8303711 3.243917536267721 1.5195576694492126 -0.21950831143975233
1651075956.2305634 3.2433020033452014 1.5192716943200228 -0.21946657493979516
1651075956.6305544 3.24343841650342 1.519333420374697 -0.21947580619208434
1651075957.0304217 3.243619087264696 1.5194182389042576 -0.21948861777829415
1651075957.4302964 3.2433920638585865 1.5193147514619745 -0.21947256136979926
1651075957.831554 3.2434917031997568 1.5193607424943234 -0.21948016966644926
1651075958.2315037 3.2431487353425186 1.5191988423653635 -0.2194564483048334
1651075958.2315037 3.2431487353425186 1.5191988423653635 -0.2194564483048334
1651075958.6315866 3.2439344476467147 1.5195685117240576 -0.21951032518267333
1651075959.0316288 3.2437540633662163 1.5194830816315679 -0.21949751353771144
1651075959.4291105 3.243429316560178 1.519329219788543 -0.21947586173554884
1651075959.8290977 3.243527847114482 1.5193777977791922 -0.21948196036026935
1651075960.2290788 3.241558013968052 1.5184535092396214 -0.21934835830153582
1651075960.6290905 3.242814350586053 1.5190422054127037 -0.21943295111257496
1651075961.0290885 3.242859459113156 1.5190635220971702 -0.21943625180512083
1651075961.4293597 3.2426345986237983 1.5189552706872278 -0.2194212017936596
1651075961.828132 3.2424737899373235 1.518875036091021 -0.2194101242823516
1651075962.2280762 3.243260387236622 1.5192428813635914 -0.21946355376607513
1651075962.6293297 3.2429624731676023 1.5191022111295638 -0.21944453082549636
1651075963.0280557 3.243624816104902 1.519405886847093 -0.21948945652802632
1651075963.4293597 3.243879757824474 1.519520337944603 -0.2195075271198265
1651075963.4293597 3.243879757824474 1.519520337944603 -0.2195075271198265
1651075963.829203 3.243394811966667 1.519285037774136 -0.21947412654377418
1651075964.229135 3.2429995459103016 1.5190933631055394 -0.21944838969146022
1651075964.6291134 3.243097848557733 1.5191423299112787 -0.21945515937997292
1651075965.0291233 3.2430205830865844 1.5190955767891066 -0.21944917329603458
1651075965.4292283 3.243498801447462 1.5193217582887817 -0.21948162307671115
1651075965.8293731 3.24312806639793 1.5191484089462477 -0.2194570056586574
1651075966.229352 3.242270223293476 1.5187446522220966 -0.21939708694944612
1651075966.629359 3.243328618232102 1.5192382513624525 -0.21946825267166634
1651075967.0293264 3.2433382252471863 1.5192411983581422 -0.2194693712947365
1651075967.4292943 3.243275110923842 1.5192112616701052 -0.21946483970476044
1651075967.8291905 3.2432479576493023 1.519198542563936 -0.21946366436188786
1651075968.2291715 3.242741468504016 1.5189621009631555 -0.21942953611054503
1651075968.2291715 3.242741468504016 1.5189621009631555 -0.21942953611054503
1651075968.6293418 3.2435549804683177 1.5193429791340591 -0.2194854833694232
1651075969.0293536 3.2433109158928417 1.5192285925105682 -0.21946970556021878
1651075969.4293556 3.243600438615782 1.5193634027810918 -0.21948979064669802
1651075969.8306215 3.243129273629036 1.519145619918839 -0.2194584592631671
1651075970.2307968 3.243175373281238 1.51916485328405 -0.2194615364146886
1651075970.6296275 3.242723535303903 1.5189532038061335 -0.2194291437759049
1651075971.0295987 3.2429400832282895 1.5190555085996138 -0.21944469665816738
1651075971.4295688 3.242795598660025 1.5189873944488446 -0.21943546473360928
1651075971.8295832 3.243320568263219 1.519231809253726 -0.21946830818579915
1651075972.229549 3.2429765065674574 1.51907306693433 -0.21943894030491115
1651075972.6307447 3.242444091528235 1.5188213754287119 -0.21940302268704498
1651075973.030744 3.2430040952270245 1.5190846855133555 -0.2194412896707382
1651075973.4307656 3.242787411523576 1.5189827519541492 -0.21942517827311875
1651075973.4307656 3.242787411523576 1.5189827519541492 -0.21942517827311875
1651075973.8297372 3.2433747706121725 1.5192593109070194 -0.21945802268885936
1651075974.2297385 3.2428865869913612 1.519030946861625 -0.21942445661277105
1651075974.6310034 3.2428874342165335 1.5190294802369493 -0.21942210865947126
1651075975.030995 3.24267861132367 1.5189341481475174 -0.21940761963508065
1651075975.430979 3.2430146549499272 1.5190873335050077 -0.21943050028553476
1651075975.8309884 3.2425429935204377 1.518871367427017 -0.21939397310678013
1651075976.231015 3.243022433842158 1.5190952013466872 -0.21942463056313835
1651075976.628555 3.242445258739062 1.5188216116342959 -0.219384297538087
1651075977.0285048 3.243068144214433 1.5191156811871498 -0.219424856097334
1651075977.428494 3.2436283990869184 1.519378488158875 -0.21946289584947104
1651075977.828478 3.24342133922846 1.5192795713884968 -0.2194471772877817
1651075978.2284794 3.2435753804342395 1.5193509195075026 -0.21945629615243875
1651075978.628442 3.2438368282126113 1.5194753126610205 -0.21947291076035577
1651075978.628442 3.2438368282126113 1.5194753126610205 -0.21947291076035577
1651075979.0284622 3.243312215078491 1.519230567806038 -0.2194371094369012
1651075979.4284365 3.2427157123755364 1.5189509679916164 -0.21939700037229498
1651075979.8285265 3.2433668189888762 1.5192551513366355 -0.21944096918833644
1651075980.2284985 3.2435658531867952 1.5193477614774595 -0.21945545715106923
1651075980.6284683 3.2432135457592346 1.5191822370184462 -0.2194313471093417
1651075981.0296829 3.241748627960997 1.5184977806018143 -0.2193316622324211
1651075981.4284418 3.2449851950515765 1.5200121108757108 -0.21955038718051995
1651075981.8296847 3.2439900172256966 1.5195483742101281 -0.219482756325524
1651075982.2296975 3.244261713026786 1.5196741504204052 -0.21950183156306124
1651075982.6285102 3.2438280874547285 1.5194699135073901 -0.21947593022207537
1651075983.0284781 3.2441163312928234 1.5196066722353772 -0.21950138158052884
1651075983.4284427 3.2437365534335503 1.5194287148274332 -0.2194787796193721
1651075983.4284427 3.2437365534335503 1.5194287148274332 -0.2194787796193721
1651075983.8286526 3.242725168496475 1.5189524781144224 -0.2194101933977225
1651075984.2286334 3.2432031738020077 1.5191786831624408 -0.2194456036028898
1651075984.6286047 3.2430858913703884 1.5191232488591546 -0.21943710049319218
1651075985.0287309 3.2434115735594995 1.519274934839368 -0.21945998100411257
1651075985.4288008 3.2431976951428894 1.5192139493172125 -0.21944593943686755
1651075985.8288453 3.243410884053297 1.5193238159860538 -0.21945880750479482
1651075986.2288368 3.2430387306873745 1.5191541456863498 -0.219429719599581
1651075986.6289713 3.243481058307631 1.5193630250637478 -0.21945836272516497
1651075987.0289652 3.2432807191284083 1.5192732170832808 -0.2194437625145069
1651075987.4289799 3.2432727544596816 1.5192671875384136 -0.21943973660461505
1651075987.8289716 3.242982237599772 1.5191345153801394 -0.2194195423577005
1651075988.22893 3.2432296763705586 1.5192186178792784 -0.2194316276517526
1651075988.628806 3.243808184021806 1.5194669901385576 -0.2194634037581983
1651075988.628806 3.243808184021806 1.5194669901385576 -0.2194634037581983
1651075989.0286882 3.2436505462392815 1.5193799776372987 -0.21945238400953382
1651075989.4285834 3.243289183788034 1.519210523071452 -0.21942581454317844
1651075989.8285718 3.2437594180390428 1.5194309128702381 -0.219452889785038
1651075990.228571 3.242675142760027 1.5189224612720211 -0.21937653881365404
1651075990.628632 3.2438786146263454 1.5194830184428763 -0.21945619128339922
1651075991.0286057 3.2440322748712447 1.5195560516258757 -0.21945932511420413
1651075991.4285676 3.2440496625383033 1.5195663089819431 -0.21945837461139023
1651075991.8284993 3.2437096993328063 1.5193979934012898 -0.21943465938423107
1651075992.2284524 3.243871041929484 1.5194770480211324 -0.21944601357480767
1651075992.628475 3.243844629206301 1.5194631225579323 -0.21944226652258017
1651075993.0284832 3.24471241434752 1.519871345725638 -0.21948796203586918
1651075993.4285254 3.2445863052655235 1.519810907099904 -0.21948102704695
1651075993.8285131 3.243736572991959 1.5194131909378235 -0.21942291700664726
1651075993.8285131 3.243736572991959 1.5194131909378235 -0.21942291700664726
1651075994.2285123 3.2441803472173953 1.5196190727139232 -0.21945093744093205
1651075994.6284409 3.243293900122893 1.5192056501837414 -0.21939014358685935
1651075995.0284436 3.2432122859202184 1.5191680421343494 -0.21938510988507523
1651075995.4285126 3.243700112158613 1.51939729265202 -0.21941782800952692
1651075995.8284793 3.2432401774086266 1.5191794296056629 -0.21938460731146953
1651075996.228459 3.242851039336816 1.5189990152995971 -0.21935390490736129
1651075996.6296864 3.243891047293072 1.5194857974779714 -0.21941704677111587
1651075997.0309947 3.243365790165002 1.519291447701062 -0.21936901053286686
1651075997.429672 3.243493959395652 1.5193706837371819 -0.21937885258618114
1651075997.8295796 3.243673589453191 1.5194577491991919 -0.21939149078442374
1651075998.2296176 3.2438537300144263 1.5195437492814838 -0.21940396125779804
1651075998.6327133 3.2432655596411273 1.519269905390968 -0.21936436879113322
1651075998.6327133 3.2432655596411273 1.519269905390968 -0.21936436879113322
1651075999.0315306 3.243572855764082 1.519413792543803 -0.21938595444460252
1651075999.4319646 3.2434202407642974 1.5193396924906895 -0.2193748261221
1651075999.8307276 3.243211442381155 1.519244119929866 -0.21936162843318538
1651076000.2307494 3.2434739218430084 1.5193662055410893 -0.21937896425869588
1651076000.6308692 3.2433013710563325 1.51928742632931 -0.21936783574225988
1651076001.0308728 3.243221489459855 1.5192462171851533 -0.2193621317532726
1651076001.4308748 3.2432752132048575 1.5192726880076473 -0.21936593441165692
1651076001.8297167 3.2430666640593664 1.5191766729562315 -0.21935212163975987
1651076002.2310126 3.2433022051707114 1.5192855805641425 -0.21936828303232622
1651076002.6309805 3.2437182648775034 1.5194797952261132 -0.21939613217934986
1651076003.030977 3.2432292424389324 1.519253203638955 -0.21936269098273584
1651076003.4309793 3.243193094259589 1.5192360840742323 -0.21936140452240127
1651076003.8284857 3.243998478751102 1.5196109336810675 -0.2194157048272951
1651076003.8284857 3.243998478751102 1.5196109336810675 -0.2194157048272951
1651076004.2284591 3.243726442997311 1.5194858008210734 -0.2193971946683032
1651076004.6284604 3.243799320898791 1.5195184483975315 -0.21940217171769896
1651076005.0296915 3.2434739919409634 1.5193658034803932 -0.21938069760004647
1651076005.4297001 3.2348364524274325 1.51657340804633 -0.21887954758036726
1651076005.8284402 3.0953399087119338 1.6011681792667691 -0.21627972425862613
1651076006.229715 2.974533880770562 1.6611495015254154 -0.2146883836653582
1651076006.6284437 2.8075754790749663 1.7463355272527765 -0.21503318555333462
1651076007.0284235 2.5911860373746016 1.8498793523001875 -0.21873418268179312
1651076007.428375 2.347322282296649 1.9726644794362824 -0.2242901677489866
1651076007.829617 2.095073225383948 2.110631542424044 -0.22816674307330223
1651076008.2296078 1.8435184930094481 2.239770962339197 -0.2317197146998138
1651076008.6283555 1.5797915153217845 2.359195960372821 -0.2351573631820004
1651076009.028362 1.3293400464552423 2.4921870449262515 -0.2374636624716472
1651076009.028362 1.3293400464552423 2.4921870449262515 -0.2374636624716472
1651076009.4297397 1.0784084302228214 2.6213537991151514 -0.23809787375417305
1651076009.8284883 0.8188743381633719 2.754285258812487 -0.2414610232238767
1651076010.2297244 0.6044912045383022 2.864765405178595 -0.24387540229812985
1651076010.6284997 0.5287896427114568 2.9033505941470903 -0.24335250630855113
1651076011.0284376 0.41801878735078934 2.9634793748893054 -0.24136355411386834
1651076011.4284453 0.31689487066616157 3.01688567923304 -0.23816503665506747
1651076012.2296968 0.14167150500582593 3.110951182753416 -0.2423367321675463
1651076012.6284974 0.05878641998379074 3.153570137683019 -0.24578397309110844
1651076013.028419 -0.015910667383634423 3.1907969299256744 -0.24928324873182167
1651076013.429587 -0.07996144416942769 3.2240382061767408 -0.2523709840890469
1651076013.8296046 -0.13429942058044111 3.2522124466338997 -0.254510092346116
1651076013.8296046 -0.13429942058044111 3.2522124466338997 -0.254510092346116
1651076014.2294858 -0.18154308955831408 3.278174289958999 -0.25519630258990444
1651076014.629513 -0.23480220653102918 3.309738997111763 -0.25526940821944405
1651076015.029485 -0.39243011679927786 3.3974755201097118 -0.2560632735001185
1651076015.4283504 -0.5478284422504114 3.4910557136698186 -0.2581029499295895
1651076015.828345 -0.7569003903412912 3.616482058642831 -0.2614175251457373
1651076016.2283123 -1.0153272967591433 3.766536643620641 -0.26362039025489986
1651076016.6284344 -1.2490816898129389 3.9054973553896932 -0.26736916837279734
1651076017.0284822 -1.4906535077638476 4.052974423994771 -0.27272694849727924
1651076017.4297469 -1.7205707394379866 4.1998917374172535 -0.28150478475408997
1651076017.8284256 -1.9487041894710098 4.357138491377691 -0.28142229651845724
1651076018.229578 -2.190514727628581 4.511385916214892 -0.27787918973320663
1651076018.6295764 -2.4460550988849885 4.672256630927707 -0.28543587813955884
1651076019.029654 -2.698659850834156 4.840332524949306 -0.28990052093844776
1651076019.029654 -2.698659850834156 4.840332524949306 -0.28990052093844776
1651076019.429461 -2.9228651538016837 4.990621112085397 -0.2901781909982619
1651076019.8293467 -3.1410335512346297 5.1274299744660405 -0.29510956809389693
1651076020.2293491 -3.3504167057555776 5.255576807163115 -0.30072126221486417
1651076020.6293776 -3.433165595757326 5.3058708184906935 -0.30040095685694534
1651076021.0293684 -3.412356830407315 5.303324827814299 -0.30156985356990157
1651076021.4293535 -3.4122297870626848 5.303766324519294 -0.3017323942846245
1651076021.830617 -3.412301545401441 5.303603957921986 -0.3016825841576732
1651076022.2306287 -3.412203048451133 5.3034979195395335 -0.3015222868676165
1651076022.6293244 -3.4119606202252832 5.303145284728764 -0.3016730202024152
1651076023.03064 -3.412085354500015 5.30337156137952 -0.3019335348374901
1651076023.4292831 -3.4117127233692024 5.302862679061506 -0.30190961695719915
1651076023.8304565 -3.411532803108739 5.3026264103838665 -0.30182020984014185
1651076024.2304995 -3.411591374791292 5.302742345490365 -0.3018401664334452
1651076024.2304995 -3.411591374791292 5.302742345490365 -0.3018401664334452
1651076024.630509 -3.411732617156176 5.302982386236637 -0.3018824229032566
1651076025.030493 -3.4120433887162673 5.303433390622607 -0.30194899162055844
1651076025.4304736 -3.4482102617795274 5.345306024801657 -0.3041524373064871
1651076025.8317068 -3.7386590302100298 5.521405723322484 -0.2921751328904071
1651076026.2316856 -4.040756432920195 5.711529785159072 -0.2837291916957357
1651076026.6303818 -4.322408048728212 5.902062470386009 -0.28399176491092176
1651076027.0304456 -4.5984137396293185 6.093195844725068 -0.28986528548305746
1651076027.4304535 -4.871112906886996 6.2908188883235185 -0.2912105192193845
1651076027.8304589 -5.154010941978343 6.482281798520115 -0.2923718460276047
1651076028.2304804 -5.430237413779045 6.665693644786345 -0.2897779917951516
1651076028.6304283 -5.688044378314387 6.849959690673058 -0.28471786164718194
1651076029.030353 -5.91457377129876 7.007876847158838 -0.2825038892617944
1651076029.030353 -5.91457377129876 7.007876847158838 -0.2825038892617944
1651076029.4316342 -6.1399405280478065 7.163274562399102 -0.27936391458047716
1651076029.8316586 -6.355482437151842 7.311828055935179 -0.27427730965667246
1651076030.2316024 -6.574507363071261 7.468638652865033 -0.27027360279834345
1651076030.6316335 -6.812292166359263 7.646738739469206 -0.26513318181694623
1651076031.0303361 -7.036132869143625 7.808755444266418 -0.2599644367439631
1651076031.4303248 -7.238483090133025 7.960468781426873 -0.25549765704786376
1651076031.8303223 -7.429698770696524 8.101039860972332 -0.25546639418167955
1651076032.23032 -7.623864636004247 8.227273420712606 -0.2554721636192243
1651076032.6315663 -7.808691767731254 8.336025354548065 -0.2541760299480018
1651076033.4315462 -8.179458988087745 8.496646419786153 -0.23873490974256412
1651076033.8315823 -8.342387506784595 8.552026324992699 -0.23454849054371998
1651076034.2316127 -8.47344677700033 8.591358074873787 -0.23454691324479854
1651076034.631632 -8.582878176479072 8.61245590871128 -0.23605668685242817
1651076035.0316064 -8.70971678467506 8.623955192191492 -0.23380290036899712
1651076035.4316149 -8.841421709103763 8.6299617920555 -0.23570528218473255
1651076035.8316593 -8.958841505255789 8.619160860785685 -0.23184981159740384
1651076036.2316275 -9.091532292694477 8.575202489082933 -0.2210890789753022
1651076036.2316275 -9.091532292694477 8.575202489082933 -0.2210890789753022
1651076036.6317523 -9.208973644919741 8.522082119923045 -0.21451248754423763
1651076037.0308838 -9.304550404685044 8.466927873218923 -0.20893135153817224
1651076037.430873 -9.388101992341914 8.398157258594123 -0.20380414487591975
1651076037.8308527 -9.445241810359112 8.283215034340131 -0.19649266443196864
1651076038.2308688 -9.412940860448147 8.559129643846864 -0.19876950750235398
1651076038.630878 -9.400155010710632 8.759363090044914 -0.20011408856100996
1651076039.0308924 -9.393655943446175 9.083320433376214 -0.2175011120581772
1651076039.4310167 -9.427216100799795 9.428666234837479 -0.23183146491981999
1651076039.8310275 -9.49332751238086 9.723475372648528 -0.22616696288575763
1651076040.2309937 -9.588534255437851 10.010772321996312 -0.22215421700557433
1651076041.030992 -9.831550164569867 10.655546542137957 -0.21816037113651282
1651076041.430995 -9.95626925775867 10.980245512953172 -0.21309044589382545
1651076041.430995 -9.95626925775867 10.980245512953172 -0.21309044589382545
1651076041.8310537 -10.098260660188329 11.303077917262012 -0.21082858917459674
1651076042.231074 -10.213683904316643 11.654113916418368 -0.22762006545229868
1651076042.6310592 -10.36472349762507 12.00932658464153 -0.24833988249103167
1651076043.0323274 -10.512303466840033 12.32442161468975 -0.2504847667609383
1651076043.4311028 -10.6078914130542 12.673974970963535 -0.27187923934720537
1651076043.831105 -10.774548380639356 12.994138733661835 -0.2735148906322465
1651076044.2310667 -10.941336842808935 13.33013384809664 -0.29037533700645207
1651076044.632375 -11.11904425700164 13.682952881851381 -0.3147238511240256
1651076045.033587 -11.319906133120536 14.026185843918029 -0.33489955545982064
1651076045.433576 -11.49002545782188 14.348264943560821 -0.351478066429683
1651076045.8323407 -11.69051034783036 14.642146248460069 -0.3505474935241494
1651076046.2323043 -11.91459565814599 14.915216962610865 -0.33709056669970017
1651076046.2323043 -11.91459565814599 14.915216962610865 -0.33709056669970017
1651076046.6312122 -12.111007325727963 15.18070198107389 -0.3212795653567613
1651076047.030755 -12.314536185495674 15.444307181008186 -0.2971815524041201
1651076047.4308398 -12.536172398679241 15.71160365204032 -0.2724741168179513
1651076047.8308644 -12.756028081833433 15.977629785742229 -0.24679710091960197
1651076048.230911 -12.956221700443088 16.239128842815074 -0.21722905804430315
1651076048.6309125 -13.13611747219328 16.49456668356265 -0.1847739992431289
1651076049.0308752 -13.304039967789889 16.777624805416394 -0.1656800988212826
1651076049.4308999 -13.46468337464275 17.09792097110445 -0.15718565770814494
1651076050.2309752 -13.77234278322292 17.83416543234506 -0.1600112120964413
1651076050.6309853 -13.908460839533761 18.21844940049689 -0.18414075666699795
1651076051.0309973 -14.057200433147898 18.57346853686416 -0.19474380957620951
1651076051.4309986 -14.208030401871541 18.920519373076186 -0.20442460188105332
1651076051.4309986 -14.208030401871541 18.920519373076186 -0.20442460188105332
1651076052.2309906 -14.555307469128516 19.545446984160506 -0.18833439717137165
1651076052.630972 -14.72884671776226 19.86224634690138 -0.18360434638654896
1651076053.0309927 -14.902373457870262 20.17453078728475 -0.17004589725923133
1651076053.4309783 -15.080844195964952 20.48085163748916 -0.15441851489317387
1651076053.8309867 -15.248552885869403 20.785188941778937 -0.13640808228766144
1651076053.8309867 -15.248552885869403 20.785188941778937 -0.13640808228766144
1651076054.231008 -15.436206889508151 21.112056343466218 -0.12649248818054154
1651076054.630974 -15.625566364637686 21.455209913344426 -0.12355180188174991
1651076055.0309865 -15.806792361543156 21.818054499700768 -0.1335225413184999
1651076055.4310222 -15.980379472375825 22.178645635176178 -0.15263636594356905
1651076055.8310642 -16.13528736266466 22.51049005635315 -0.15947408079851916
1651076056.2310817 -16.274026155893743 22.841887206129115 -0.16870347432049165
1651076056.6311133 -16.41760104748201 23.156828605105485 -0.17375886444906638
1651076057.0310822 -16.568773276087143 23.49398667059836 -0.17841087201154895
1651076057.4310691 -16.707151006438053 23.826311643435528 -0.1907102398777129
1651076057.8311238 -16.854505290754634 24.16128210543056 -0.19941342645189578
1651076058.2310772 -16.993730627695474 24.467107219823987 -0.19399126699273556
1651076058.6310573 -17.14072880756838 24.771360197724633 -0.18002056036038794
1651076058.6310573 -17.14072880756838 24.771360197724633 -0.18002056036038794
1651076059.0310605 -17.299855219488183 25.066340073647684 -0.1618947392471146
1651076059.4303296 -17.476219302575625 25.362778377760055 -0.1313615949910254
1651076059.8303204 -17.65241407461487 25.676149081326393 -0.11085896486170715
1651076060.2303486 -17.84177789832283 25.978822465744482 -0.08620547521336805
1651076060.6303656 -18.040620052448133 26.280850203597854 -0.05664985798531516
1651076061.0303447 -18.21713321843448 26.584321350989164 -0.03428484348576098
1651076061.4303617 -18.411036811987913 26.90389782359598 -0.014707925623492086
1651076061.8304396 -18.605998507774764 27.199252070441368 0.015179606636980295
1651076062.230442 -18.81584726396192 27.526747676510933 0.034181530357989834
1651076062.6305134 -18.9846361439115 27.845692936880894 0.04056824767267984
1651076063.0304506 -19.171134461435088 28.145607733839594 0.06981101106411108
1651076063.830467 -19.527410493240293 28.768897760321718 0.0975597283828489
1651076063.830467 -19.527410493240293 28.768897760321718 0.0975597283828489
1651076064.2303357 -19.728401096621447 29.067367751857983 0.12814597775390005
1651076064.6303287 -19.937152373604953 29.379953354004556 0.14660411883256746
1651076065.0303178 -20.136893400792573 29.696652224064003 0.15963752808604315
1651076065.4303813 -20.33573671144411 30.00021758175144 0.18630127790441747
1651076065.8303034 -20.51585993286213 30.317896030546873 0.19737968277396134
1651076066.230323 -20.717143074008458 30.64896652994956 0.20520098937902737
1651076066.6303914 -20.935060205516205 30.979975349272674 0.21651352472882496
1651076067.030356 -21.148769370976986 31.308654158805915 0.2129955016514973
1651076067.4303672 -21.35152968715078 31.625873487505118 0.220425616954653
1651076067.8303475 -21.54781933937682 31.948117382202245 0.21576593529178412
1651076068.2303257 -21.754062183137602 32.248520505947305 0.2315171998028493
1651076068.6303294 -21.967950119022742 32.57111841613195 0.2274832792542731
1651076069.0303576 -22.174866122714093 32.88453281490926 0.22881709596614327
1651076069.0303576 -22.174866122714093 32.88453281490926 0.22881709596614327
1651076069.4303298 -22.394415922348315 33.206758288245574 0.22862669039030364
1651076069.8303006 -22.602805616509272 33.5299220122243 0.21774754473950336
1651076070.230186 -22.797529530953103 33.837490965954395 0.22082584716556783
1651076070.630322 -22.96880342470082 34.144001638830076 0.2217793663932884
1651076071.0303469 -23.11701359058565 34.4597077137286 0.20712248974323832
1651076071.4303524 -23.278001341272102 34.798437159904864 0.1937094735620132
1651076071.830314 -23.444864083506282 35.13905151780091 0.18607988979870776
1651076072.2305064 -23.62910007019385 35.476061044805256 0.1738163319056157
1651076073.0304265 -24.074120234387443 36.118276808173775 0.1500937388013394
1651076073.4302933 -24.313927029586132 36.41731742905622 0.13940860941634778
1651076073.8303182 -24.573179641685012 36.70008403042772 0.1294492552508356
1651076073.8303182 -24.573179641685012 36.70008403042772 0.1294492552508356
1651076074.2303634 -24.842449067948586 36.96222564618111 0.12513656936507106
1651076074.630324 -25.066177245132636 37.19586855004013 0.12595659553108582
1651076075.0303476 -24.840232086987417 36.659954330504526 0.14334874759306243
1651076075.4291248 -25.039209387522785 36.838178760600215 0.14506240275810064
1651076076.2303586 -25.733468888930414 37.46983422065172 0.13491419011227337
1651076076.6315985 -26.29916484034579 38.17948958422568 0.1388638563015774
1651076077.0315068 -26.719611349103456 38.65044926913992 0.14187644018225945
1651076077.431489 -26.990790592931102 38.8801830311853 0.14520076673884805
1651076077.8301957 -27.268557209088183 39.109627476191235 0.1523576476002719
1651076078.2303536 -27.510636080679465 39.3295247806168 0.17053182493491753
1651076079.031595 -27.903109208750212 39.79529946180686 0.190872639901421
1651076079.031595 -27.903109208750212 39.79529946180686 0.190872639901421
1651076079.4304495 -28.101361594261697 40.05407486410337 0.20622717190769765
1651076079.8304822 -28.300997501240506 40.324681687963654 0.22235247434039895
1651076080.2305534 -28.499033330920913 40.60760865970896 0.23214143686078667
1651076080.630508 -28.66719078384989 40.83548495136971 0.2297065602529552
1651076081.0305078 -28.673569261301484 40.83237084525545 0.2260743265843153
1651076081.430433 -28.675806641555837 40.83011693315307 0.22577723506191966
1651076081.8304536 -28.675785451689954 40.82927677251791 0.22571217948682976
1651076082.2304492 -28.6757368253657 40.828847549414256 0.2255334183119354
1651076082.630413 -28.67562611825618 40.82880310042159 0.2255337494484032
1651076083.030304 -28.675531796195592 40.82851471935826 0.22557787301007076
1651076083.4303212 -28.675884293615685 40.82874252899432 0.22579506349044268
1651076083.8303223 -28.675456851556888 40.828213022983554 0.22556872769085845
1651076083.8303223 -28.675456851556888 40.828213022983554 0.22556872769085845
1651076084.630339 -28.67595879655965 40.828886786554165 0.2256030785571478
1651076085.0303254 -28.676314923386897 40.829077487752286 0.22544019792048625
1651076085.4303474 -28.675763667122734 40.82858441661066 0.22551136297742438
1651076085.830472 -28.67565942108404 40.82863370852366 0.22541805206234614
1651076086.2305586 -28.675844613540708 40.828711940376316 0.22531698262040795
1651076086.6292324 -28.676356436788435 40.82934113257987 0.22552745469677563
1651076089.0310519 -28.679794530870968 40.82642022805558 0.22641159693194216
1651076089.0310519 -28.679794530870968 40.82642022805558 0.22641159693194216
1651076089.4310102 -28.67627941775488 40.828724221621485 0.22532755775865265
1651076089.8309767 -28.67595062397674 40.828651524153884 0.22498722978540567
1651076090.229748 -28.6763278594713 40.82912045054597 0.22486616293278158
1651076090.6286297 -28.676320595492207 40.82930919211005 0.2248049522436506
1651076091.0329309 -28.675763935273324 40.828342083948044 0.2251023267173243
1651076091.4304023 -28.676017857866427 40.828725434215045 0.22518117325739653
1651076091.8305705 -28.676185421474187 40.82901037193016 0.22529703602961762
1651076092.2293167 -28.676456920970104 40.829345115000464 0.2253036788587904
1651076092.6292915 -28.675860860006622 40.82873779926958 0.22520666319933022
1651076093.0291727 -28.67642814658315 40.82942686968248 0.22522321634340056
1651076093.4290502 -28.675891211057113 40.82883828341231 0.22527918482285508
1651076093.828977 -28.67566250823091 40.82833948282694 0.22519605928839453
1651076094.229329 -28.675613701913285 40.82838589517028 0.22521177167947984
1651076094.6293342 -28.67575465382757 40.828579764888055 0.225287275220417
1651076095.0293195 -28.67601273247967 40.828825859080595 0.22535074261799223
1651076095.429329 -28.675654368702745 40.828563790589854 0.22544441525164644
1651076096.2294135 -28.675642152361263 40.82860912117778 0.22542810020546605
1651076096.2294135 -28.675642152361263 40.82860912117778 0.22542810020546605
1651076096.6294968 -28.675493631744896 40.828371748595046 0.22534144825060654
1651076097.0294487 -28.675411275739464 40.82802677574214 0.2252600549014074
1651076097.429447 -28.675501586106986 40.828061274431754 0.2252298653473029
1651076098.2294388 -28.675960440565504 40.828814130472736 0.2252737915741313
1651076103.828831 -28.676347218385843 40.82967845301023 0.2253641648204441
1651076104.2288096 -28.676248913880002 40.82943076146798 0.2251851624580746
1651076104.628788 -28.675848002958507 40.82885721471434 0.22513343284383558
1651076105.0288289 -28.675368290391308 40.82829009950283 0.2250877909270561
1651076105.4288287 -28.675506908803154 40.828449285927086 0.22510205589533566
1651076105.8288743 -28.675436658183788 40.82826608512918 0.22516700041692356
1651076105.8288743 -28.675436658183788 40.82826608512918 0.22516700041692356
1651076106.228876 -28.675429596701797 40.82813603786126 0.22527304030202538
1651076106.6295924 -28.67574552743672 40.82862404068337 0.2250688516267623
1651076107.0295649 -28.67586126051602 40.828908816877686 0.22516734349881534
1651076107.429701 -28.67571556208609 40.828668644546546 0.22522874861645656
1651076107.8297238 -28.675888444033504 40.82907297096233 0.2251774212191638
1651076108.2297044 -28.67599642910979 40.829143542239535 0.22521869853431908
1651076108.629724 -28.675487413155246 40.82842561854627 0.22522882498844002
1651076109.0298302 -28.675519386529285 40.82852568532816 0.2251705244100211
1651076109.4298496 -28.67539949551206 40.82830453127743 0.22514432816245666
1651076109.82982 -28.687192912382173 40.851025168454306 0.2271093589621818
1651076110.2298393 -28.819278724401055 41.062161658950586 0.2367128644319171
1651076110.6298873 -29.01254870030427 41.34037088183904 0.24396846785997509
1651076111.0298297 -29.223552988279096 41.612856426659036 0.24805691579520175
1651076111.0298297 -29.223552988279096 41.612856426659036 0.24805691579520175
1651076111.4297194 -29.41673301706843 41.8815603966334 0.25325602821294535
1651076111.8297644 -29.62089683280029 42.16548381961386 0.25890400307478617
1651076112.229816 -29.825961217776236 42.461578324855495 0.2571367467979786
1651076112.629821 -30.0299544063427 42.7631506082965 0.25385282663572895
1651076113.4298635 -30.406325498313617 43.33162355347767 0.2551212088335388
1651076113.8298264 -30.58912216585383 43.62434239234569 0.25929589223049687
1651076114.2298117 -30.78201441422574 43.931159911568656 0.2602234485118815
1651076114.629795 -30.996913713150082 44.252781817406415 0.2598427394527638
1651076115.0297956 -31.20550877017147 44.54753446392141 0.2580358411576243
1651076115.4298012 -31.41365694833821 44.846597457266796 0.2637664528529084
1651076115.829846 -31.626186478047746 45.142807782984896 0.2658668626128201
1651076116.228954 -31.81848431605705 45.42704958416903 0.27414386082824166
1651076116.6289368 -32.0293942210863 45.74258535583284 0.2782867736511729
1651076117.0289452 -32.249464310721734 46.051140387923866 0.2770881950848149
1651076117.8289633 -32.6840848390617 46.65855078580748 0.27676761004262956
1651076118.2314875 -32.88337368222758 46.940654997639534 0.28293701365083124
1651076118.2314875 -32.88337368222758 46.940654997639534 0.28293701365083124
1651076118.6302261 -33.09117775798297 47.23238428400715 0.29126668681352064
1651076119.0290766 -33.292109021747244 47.52736900754828 0.2969450550992068
1651076119.42913 -33.49946269563509 47.834721972466625 0.30156166413753155
1651076119.8290744 -33.73376536880812 48.14089871618293 0.3007537685809381
1651076120.2290916 -33.974069757786026 48.4399991427895 0.2986105596119955
1651076120.6303086 -34.211587383366876 48.71937986423984 0.3003175397822265
1651076121.0291903 -34.44244048041441 48.99092548003783 0.3065932120376977
1651076121.4291828 -34.66689827300671 49.276398351526844 0.3133340216303027
1651076121.8290734 -34.86325982549886 49.5532902076276 0.32210044578177915
1651076122.2290726 -35.05324009326357 49.81600597801453 0.33720876483841955
1651076122.629054 -35.228846127053075 50.085457568470225 0.353875478865653
1651076123.0289507 -35.376387194611176 50.377383572626265 0.3706802626617138
1651076123.0289507 -35.376387194611176 50.377383572626265 0.3706802626617138
1651076123.4288278 -35.56875724836205 50.70414303393573 0.3814661587537388
1651076123.8288665 -35.797568863363225 51.04243036046425 0.3852802101601566
1651076124.2288141 -36.00734413892962 51.34370278788925 0.3929658812653413
1651076124.6288414 -36.199215920566544 51.60847088811499 0.41388176202942384
1651076125.0288272 -36.40112729683737 51.88214344785102 0.4432929176625167
1651076125.4288285 -36.58510677438808 52.16286257025911 0.4710413018715707
1651076125.8288307 -36.750083176552224 52.43960972137391 0.5023549545025653
1651076126.6299367 -37.09995814306999 53.02188189856522 0.564528865046153
1651076127.0298111 -37.28736935806852 53.339574332040534 0.5898892293903178
1651076127.4298236 -37.48522473196189 53.64510072550336 0.618661042268248
1651076127.8298273 -37.669316127670776 53.940704315980064 0.6507895121538353
1651076127.8298273 -37.669316127670776 53.940704315980064 0.6507895121538353
1651076128.2298553 -37.84871895638892 54.21003129663402 0.6888008945797669
1651076128.6298451 -38.02027323778305 54.47554671347161 0.7312087608921068
1651076129.0298312 -38.186638618416275 54.758198992558455 0.7735465164293786
1651076129.429866 -38.35125044428508 55.04497906012282 0.8162219040239383
1651076129.829842 -38.52510888748508 55.323521037564355 0.8638020141372248
1651076130.2298102 -38.68973349313996 55.60293450486918 0.9170662403517973
1651076131.0298154 -39.02676465419514 56.11821712697444 1.0433091141885817
1651076131.4298837 -39.196725694731136 56.3746066304026 1.111116161340197
1651076131.8298695 -39.35806186939892 56.62968122310438 1.1814504562259984
1651076132.2298326 -39.52243882663194 56.89298275004171 1.2543215788808402
1651076132.6298451 -39.67672169421384 57.15076270172761 1.3299085314171473
1651076133.0298655 -39.816391837473965 57.41656327688975 1.4095530263118035
1651076133.4298694 -39.951670915925654 57.6814369918916 1.4903580323947387
1651076133.8298364 -40.0989766408087 57.96156836143251 1.571310788547079
1651076134.2299445 -40.246590611841775 58.24418985027462 1.6543389249143459
1651076134.6299272 -40.39925074105711 58.529515338382254 1.7388892547707102
1651076135.0298102 -40.574383358479274 58.817526834967545 1.8184950103387683
1651076135.0298102 -40.574383358479274 58.817526834967545 1.8184950103387683
1651076135.4309506 -40.76158821684433 59.10305010226449 1.8996566793297374
1651076135.830869 -40.93808820878407 59.3984888388767 1.9804375237003664
1651076136.2296731 -41.12215414383217 59.696723545797596 2.0598395075677245
1651076136.6296477 -41.312142336631666 59.98382581060217 2.1377696783957516
1651076137.0308683 -41.49597757383712 60.26057744934162 2.209926925282672
1651076137.4320853 -41.693287969999766 60.551308700621284 2.28208570496656
1651076137.8320708 -41.89643052588496 60.85872467170854 2.3466261749749813
1651076138.229562 -42.08944821052143 61.139692146399476 2.4232651670658893
1651076138.630846 -42.27744426566536 61.41908790549931 2.492791849591097
1651076139.0295649 -42.47010322293896 61.70706502831515 2.5613680139951254
1651076139.4295027 -42.651983531363854 61.968089618419185 2.638308069382379
1651076139.8295767 -42.82514276675847 62.217550984211194 2.716996218152628
1651076139.8295767 -42.82514276675847 62.217550984211194 2.716996218152628
1651076140.2294996 -42.99947329752053 62.47524407877276 2.7940419014330464
1651076140.6295457 -43.17769080346288 62.734065670573045 2.8743289016482647
1651076141.0294867 -43.35264013345794 62.98458737267101 2.9559629829476584
1651076141.429513 -43.51497937291083 63.21644568535338 3.039668046344134
1651076141.8294854 -43.675475982348686 63.4393910795689 3.1283278350156762
1651076142.2295074 -43.835972489847286 63.66124658187546 3.215273070732661
1651076142.6295314 -43.99623823937923 63.88111481980928 3.303668797539602
1651076143.0293486 -44.163818531001034 64.10186555193083 3.3982964994469467
1651076143.429549 -44.34367292019364 64.32855823615765 3.4977178980085952
1651076143.8294964 -44.532646757961366 64.56312449307201 3.5945802989573554
1651076144.229486 -44.74735908185418 64.7894068555884 3.6926782402868747
1651076144.6294634 -44.98110953955663 65.01661607794476 3.7987592008082567
1651076145.0294952 -45.20597587698193 65.25615703487847 3.9023106593386885
1651076145.429504 -45.43798895255557 65.49770314887952 4.0034786615077245
1651076145.8295047 -45.675996924716145 65.74815655339111 4.1045289662086235
1651076146.2294798 -45.907570218600696 66.01198385993708 4.193577683143591
1651076146.6294792 -46.15873358125967 66.28847174862359 4.279129150972032
1651076147.0295436 -46.41765974809674 66.58878130702924 4.351093492712191
1651076147.0295436 -46.41765974809674 66.58878130702924 4.351093492712191
1651076147.4309652 -46.689982051361895 66.91350391545522 4.409778707188311
1651076147.8300874 -46.949837110576205 67.21815464856653 4.4682149536509455
1651076148.2288673 -47.19578901547635 67.51638746509764 4.518291787531939
1651076148.6300695 -47.44008404469905 67.80299079464785 4.576544280757456
1651076149.0288525 -47.6949513032655 68.08912898345679 4.630166227074625
1651076149.4300714 -47.97087677892159 68.40773321737952 4.668978584477076
1651076149.8288164 -48.235642123452706 68.72479869066014 4.699110473862363
1651076150.2300584 -48.499182006500654 69.03116323030467 4.726401071285812
1651076150.631836 -48.75768969444591 69.33047800185595 4.751173489426498
1651076151.0293443 -49.015516154962164 69.63056800736224 4.776487462398746
1651076151.429329 -49.24442002529827 69.9174930833815 4.7980376142815615
1651076152.2294352 -49.709529452853275 70.48891138634198 4.842320380266708
1651076152.2294352 -49.709529452853275 70.48891138634198 4.842320380266708
1651076153.029372 -50.2093766649356 71.04893577926747 4.9013931063383644
1651076153.4293857 -50.441644395271204 71.32309633495579 4.93122681424864
1651076153.8293843 -50.667764904732174 71.58095735694826 4.9670108006159035
1651076154.6293228 -51.115286824122435 72.11250538736383 5.0472275586467
1651076155.029181 -51.351414186854115 72.38264855844864 5.09035349203199
1651076155.429117 -51.584663525682 72.6559373142202 5.132650078319741
1651076155.8291419 -51.81008025069976 72.91658062433731 5.177084124918371
1651076156.2303486 -52.03486837235368 73.17138250917307 5.236604443252259
1651076156.6303666 -52.259905139220045 73.43558830325674 5.2940111542943935
1651076157.0290887 -52.48689687707495 73.70509623946936 5.343475866742644
1651076157.8303573 -52.92522575322251 74.22682651642039 5.448566482293187
1651076158.2290802 -53.14304123174385 74.4935570188982 5.498725131064735
1651076158.6291416 -53.36622681535277 74.76912730791521 5.551022560966111
1651076159.0303252 -53.58322717740491 75.04351277612405 5.600926150956063
1651076159.0303252 -53.58322717740491 75.04351277612405 5.600926150956063
1651076159.4305131 -53.78830234941256 75.31187355970154 5.652628565067171
1651076159.8298385 -53.97981114999807 75.56373148953195 5.713169800820353
1651076160.2298493 -54.17452393780784 75.81726617523226 5.77807675177399
1651076160.629863 -54.368625861632026 76.07526424504827 5.841657429726451
1651076161.0299087 -54.556634486366136 76.33035859707464 5.912922561784199
1651076161.4298186 -54.7412735013444 76.57393970717602 5.988201656935202
1651076161.8298209 -54.92668683729744 76.81583019997774 6.0658086483999165
1651076162.229946 -55.11069422303057 77.05013501964817 6.14892264718451
1651076162.6299782 -55.295876772539295 77.2832312657769 6.237592738054201
1651076163.029945 -55.483246670287336 77.51927877929201 6.326304053731661
1651076163.4299307 -55.67639011518232 77.7592505619197 6.4160798428971715
1651076163.8298602 -55.88608533808368 78.01809698421376 6.507063123740434
1651076164.229842 -56.09437237666689 78.2684198170682 6.5952346235592225
1651076164.229842 -56.09437237666689 78.2684198170682 6.5952346235592225
1651076164.6298862 -56.306834549484954 78.52272194921098 6.6819016030106555
1651076165.0298831 -56.5252327914837 78.78110891858934 6.770133618289954
1651076165.429836 -56.75920879007105 79.04496615148035 6.853875546448512
1651076165.8298914 -56.98793720182401 79.30243446733994 6.938757666550007
1651076166.2298539 -57.223330020491986 79.57881498830575 7.015577871304305
1651076166.629847 -57.4610926847156 79.85587308188455 7.092059010874557
1651076167.029807 -57.71063386438595 80.14454457816036 7.164679092005118
1651076167.4297297 -57.96487264722166 80.4405508209263 7.230074171568631
1651076167.8297076 -58.233352012681166 80.74040002804195 7.288888709361986
1651076168.2296727 -58.498788505255504 81.03261761711771 7.34553079085152
1651076168.6295912 -58.763134761189974 81.3249574013097 7.393075796229818
1651076169.0295813 -59.03309792529955 81.62474423146247 7.4382800979076595
1651076169.4295583 -59.30290025503082 81.93313696735274 7.471023571961256
1651076169.4295583 -59.30290025503082 81.93313696735274 7.471023571961256
1651076169.8307598 -59.56931560609142 82.2390409715361 7.499661087712488
1651076170.2295597 -59.82622244930999 82.54455283945394 7.522851271241658
1651076170.6294384 -60.08143216804332 82.84575538942075 7.546915108526546
1651076171.0294504 -60.34442585237866 83.15622971898117 7.565780087874982
1651076171.4294372 -60.60579314430462 83.46614832183457 7.576888391693246
1651076171.8293204 -60.85805974551377 83.77046070609012 7.585076834826794
1651076172.2295525 -61.1019357482238 84.0591781115329 7.5899863719935885
1651076172.6294975 -61.16851602943783 84.13320833394931 7.576284944215078
1651076173.0294774 -61.165367390694335 84.13204783463866 7.5709547181750665
1651076173.4294953 -61.16456721720416 84.13218087815132 7.569466748001932
1651076173.8295164 -61.16466126506061 84.13237692711937 7.569145666203678
1651076174.2294154 -61.16489951055398 84.13246567776834 7.56857646683466
1651076174.2294154 -61.16489951055398 84.13246567776834 7.56857646683466
1651076174.62919 -61.16439627344 84.13213746471645 7.568712965510575
1651076175.0290847 -61.16425543152885 84.13224937751235 7.568882670993242
1651076175.4290628 -61.16453202710684 84.13264373133656 7.568602423001282
1651076175.829086 -61.16393898365964 84.13237259143692 7.568692456671853
1651076176.2290652 -61.16386197478783 84.13258064393493 7.56879337092152
1651076176.6290648 -61.164064343460176 84.13271174202856 7.56845667871583
1651076177.030358 -61.16444984832122 84.1327696516132 7.568831299022893
1651076177.4290962 -61.16452456464027 84.1326195736978 7.569206650503152
1651076177.829129 -61.164908067927925 84.13278309200766 7.568974865673024
1651076178.2290814 -61.16444439180833 84.13264266682835 7.5689089840801325
1651076178.6290975 -61.16556793895141 84.1345215605253 7.5692581763562785
1651076179.0291188 -61.27425766775823 84.28049428602768 7.5817779756364665
1651076179.4290936 -61.477303762109536 84.54244782592204 7.592895920505318
1651076179.4290936 -61.477303762109536 84.54244782592204 7.592895920505318
1651076179.828973 -61.68327007313232 84.79919993632197 7.598477028354158
1651076180.2302165 -61.885541776307385 85.05062136634469 7.60602398719374
1651076180.6302242 -62.08587274561336 85.31228112273403 7.615763521345798
1651076181.0302587 -62.28264712769536 85.56390426382207 7.630492134772573
1651076181.4302206 -62.486845215145195 85.81830705268246 7.651182640938126
1651076181.831491 -62.68506515807849 86.06258902096236 7.677683987147746
1651076182.2303593 -62.8891291320635 86.30955961749792 7.7099829194280485
1651076182.6303792 -63.103567984019044 86.56057520741543 7.744914811683412
1651076183.031591 -63.32876918695266 86.8248172486668 7.780943811766507
1651076183.4328415 -63.55530336856958 87.09740459385998 7.813726165909396
1651076183.8316636 -63.791958521443206 87.3872067756507 7.844233008289928
1651076184.231597 -64.01999073479183 87.67059250894853 7.869299040048296
1651076185.4308197 -64.68654574270329 88.51842692937944 7.944746426195644
1651076185.4308197 -64.68654574270329 88.51842692937944 7.944746426195644
1651076185.8296394 -64.90403801768102 88.79698234259355 7.970702565725625
1651076186.2296045 -65.12562256311986 89.08107748997615 7.996238719644986
1651076186.6296284 -65.34830844554014 89.367128900375 8.022680887271026
1651076187.02961 -65.5704828659228 89.6520936500764 8.048637294304479
1651076187.429605 -65.79010666707528 89.93693840451762 8.076356779912174
1651076187.8295796 -66.01411878805912 90.22593272813414 8.10165139742252
1651076188.229553 -66.22601756938347 90.50187967944925 8.129927125430878
1651076188.629488 -66.43081342490238 90.77700318687256 8.160496010146572
1651076189.0294635 -66.63628566395161 91.05456755779184 8.194608263711743
1651076189.4294322 -66.8421517069998 91.33903238367873 8.227802314451994
1651076189.4294322 -66.8421517069998 91.33903238367873 8.227802314451994
1651076189.829348 -67.04836460204893 91.62169870625904 8.264339450844707
1651076191.4291902 -67.81855223850411 92.70259256980837 8.434988075171304
1651076191.4291902 -67.81855223850411 92.70259256980837 8.434988075171304
1651076191.8292668 -68.00527534577509 92.96928000777149 8.488678072171522
1651076192.2303243 -68.1911730759682 93.24226824076565 8.544076166412587
1651076192.6303184 -68.38770130470688 93.52684107126059 8.601332958538764
1651076193.0303137 -68.59367482585428 93.81672907436263 8.65808750747481
1651076193.4303074 -68.79322143875854 94.11145048998533 8.71233638954017
1651076193.830246 -68.99611026554153 94.40473648811236 8.767136168703155
1651076194.23022 -69.20552265254973 94.70133111689947 8.820077967846629
1651076194.6302483 -69.42299352527003 95.0114163656828 8.866256838609615
1651076195.030214 -69.64612643713133 95.32420184374809 8.909142550575611
1651076198.6298988 -71.70675324758172 98.21784089266812 9.081791876501049
1651076199.0298762 -71.93758531164941 98.53315712103063 9.081040294567474
1651076199.4297578 -72.15195575844533 98.82994949615475 9.085861703956006
1651076199.829741 -72.37678541055007 99.13680735326649 9.086598040800617
1651076200.2296295 -72.60267274830164 99.43847514236056 9.086143094777325
1651076200.629623 -72.82473742957721 99.74234097024355 9.088019263040986
1651076201.42951 -73.26473900094578 100.3225768565062 9.099961517577139
1651076201.42951 -73.26473900094578 100.3225768565062 9.099961517577139
1651076201.8296247 -73.4846644043011 100.61148609821062 9.110624176053127
1651076202.229687 -73.70441114358374 100.89938733037054 9.114754860459302
1651076202.6296415 -73.92266262463588 101.19109637409426 9.12960631080806
1651076203.029647 -74.12879603931253 101.47288636261348 9.144411635401594
1651076203.429677 -74.33389306188758 101.74830627607716 9.162788171717207
1651076203.8296342 -74.55222097303893 102.03328029995073 9.181033617401846
1651076204.629748 -74.98548801539879 102.61435489359538 9.21242978238684
1651076205.0296588 -75.19426448709088 102.88382564964355 9.233476048295026
1651076205.4296112 -75.39687453390309 103.14685171706878 9.263484002624367
1651076205.8294969 -75.59396066086946 103.3974651713292 9.296735128053895
1651076206.2293808 -75.79092568723328 103.663630588354 9.33272419407898
1651076206.2293808 -75.79092568723328 103.663630588354 9.33272419407898
1651076206.6306503 -75.99904136236022 103.93668258359536 9.369544836382255
1651076207.0294185 -76.21214953125768 104.22924375461767 9.40351834089196
1651076207.4294198 -76.42012718803565 104.51797147318601 9.436612046075503
1651076207.8294632 -76.6303087689775 104.81123685627466 9.47051531802218
1651076208.2294288 -76.8387480018131 105.09974647165329 9.503924642864716
1651076208.6294167 -77.0548571228319 105.38054872792583 9.541859811467432
1651076209.029424 -77.27242676992097 105.6534453877261 9.584212400203118
1651076209.4294252 -77.486242434217 105.93038808302144 9.624923087240123
1651076209.8294163 -77.6983813241034 106.2073023067457 9.667925809153951
1651076210.629395 -78.12056051687085 106.77188823277399 9.754605792789793
1651076211.029417 -78.33409145815283 107.06134420926169 9.798402467823358
1651076211.029417 -78.33409145815283 107.06134420926169 9.798402467823358
1651076211.4295526 -78.54655715362462 107.35137303545359 9.840627688711397
1651076211.8295243 -78.75491729467615 107.63891097353864 9.883131570729523
1651076212.6294725 -79.17003613331212 108.2150346133486 9.969404245812841
1651076213.0294104 -79.38312612056498 108.49593611739678 10.011370764665907
1651076213.4294264 -79.59797125534952 108.76460114367845 10.052688499991039
1651076213.4294264 -79.59797125534952 108.76460114367845 10.052688499991039
1651076213.8294003 -79.81797626591334 109.02777266713224 10.094510438276947
1651076214.6293845 -80.26303191186479 109.55932961174702 10.18224355442153
1651076216.6303873 -81.47624491309563 110.89048326490155 10.431184426391907
1651076217.0303643 -81.69835621271105 111.13622991881707 10.481394473857817
1651076217.4302452 -81.91779792549366 111.3741255845343 10.531746496152818
1651076217.8302572 -82.102183799206 111.59202245689733 10.588965248568751
1651076218.2302883 -82.35359361356045 111.88389813406357 10.67308914395531
1651076218.2302883 -82.35359361356045 111.88389813406357 10.67308914395531
1651076218.630128 -82.54658779031661 112.12917216387977 10.724066260637736
1651076219.0300663 -82.76409659537985 112.38991970011311 10.786189892242508
1651076219.4300954 -82.99297066742811 112.63401595581527 10.853647760021142
1651076219.8300653 -83.22827443844857 112.87099245272772 10.92117769205115
1651076220.2300086 -83.45366292802004 113.10715197473174 10.990571088631128
1651076220.630082 -83.65284598786768 113.33795177147681 11.064801168207838
1651076221.0300412 -83.83957440794093 113.57446812663139 11.133157364560919
1651076221.4300182 -84.02934781151802 113.82074816759756 11.20508567270639
1651076221.8300102 -84.222091785628 114.06633572476531 11.28105440333701
1651076222.23309 -84.42187073706218 114.31911193496238 11.360673869271544
1651076222.630497 -84.61709875771923 114.56653458105275 11.43950097475149
1651076223.4303796 -84.98239423308694 115.04148912267465 11.609838585495025
1651076223.8304477 -85.16196390342324 115.28595357812581 11.69528563064507
1651076224.2304082 -85.34096538796572 115.53061919270183 11.782197185509295
1651076224.6304119 -85.51776403462068 115.77405155796355 11.86663226047524
1651076225.0304315 -85.69559015986009 116.01899503674498 11.954163995002581
1651076225.4304602 -85.87476715288174 116.26335080257158 12.044639643850383
1651076225.8304136 -86.05706329585209 116.51204806902712 12.136243096495244
1651076226.2304156 -86.23267659028875 116.7524038146763 12.228237894863886
1651076226.6305003 -86.40556301966043 116.98106477652432 12.314513033967303
1651076227.0293622 -86.58827532850158 117.22223221724211 12.404954353091394
1651076227.4304874 -86.75932727108176 117.45412083311474 12.495168152572019
1651076227.8328671 -86.92740309510448 117.67840382203073 12.586405288488814
1651076228.23168 -87.09228099081436 117.89840336789416 12.681761609524482
1651076228.23168 -87.09228099081436 117.89840336789416 12.681761609524482
1651076228.6305792 -87.2678846886972 118.131749282749 12.774024270361608
1651076229.032004 -87.45319415447129 118.37108815985009 12.876644928656846
1651076229.833296 -87.81517328498622 118.82021414861508 13.080649640733007
1651076230.232166 -88.0022409720388 119.04585628629339 13.182838495943113
1651076230.6321454 -88.18077506284203 119.25616115560776 13.287670089993933
1651076231.0309477 -88.36746861061256 119.47234591856811 13.391991388002836
1651076231.430932 -88.55859545378381 119.69502844500246 13.495399548587496
1651076231.8296313 -88.73838492901807 119.90242498051805 13.598264096237887
1651076232.2296433 -88.92721062260698 120.1204094578665 13.7012214509595
1651076232.6296983 -89.11521675539072 120.34001771007026 13.798124620190887
1651076233.0296543 -89.29737377124546 120.55579808002051 13.897457225024498
1651076233.4297671 -89.4815534981137 120.77943846708581 13.994474577913346
1651076233.4297671 -89.4815534981137 120.77943846708581 13.994474577913346
1651076233.8310845 -89.66710095300037 121.00941387716315 14.093614290932454
1651076234.229783 -89.8552587622856 121.2426759645337 14.19114289997213
1651076234.629775 -90.04993801250086 121.48306244936309 14.290299921758479
1651076235.0297923 -90.25701107952621 121.73135757023668 14.394574818567433
1651076235.429796 -90.46197572937044 121.97797093554706 14.496192731660862
1651076235.829748 -90.66103113033945 122.21475534086527 14.596320455191032
1651076236.2298777 -90.86468803773806 122.45282156421558 14.69677623301188
1651076236.6298776 -91.06189851479499 122.68372050263284 14.799591640041392
1651076237.0300298 -91.26097786772965 122.91309348558117 14.898928345326748
1651076237.4300132 -91.47744653437209 123.1602171362684 15.000970691265609
1651076237.8300722 -91.69566360632588 123.40881191457213 15.104864047750091
1651076238.2300398 -91.9149773812743 123.65732522763963 15.206380965968126
1651076238.2300398 -91.9149773812743 123.65732522763963 15.206380965968126
1651076239.0296457 -92.3678578910554 124.16787882778338 15.40496590462161
1651076239.4309542 -92.59405126834524 124.42122155800917 15.507436418151695
1651076239.8296704 -92.82078105586427 124.6673489419902 15.606444329192007
1651076240.2309847 -93.09715553511533 124.87217836613068 15.708211816123194
1651076240.6296692 -93.32538321466262 125.11603334719604 15.805788564511635
1651076241.030915 -93.5661989918448 125.36413324201501 15.905445755101114
1651076241.429541 -93.79860585949702 125.6090371183677 16.002778172227103
1651076241.8295 -94.03005753211244 125.8557056046708 16.10292955956461
1651076242.2308047 -94.25850726306952 126.10087973462599 16.200369782596162
1651076242.6295378 -94.47887413728706 126.33534932743748 16.300524423860207
1651076243.0295625 -94.6941544534648 126.57360223947957 16.40117741268234
1651076243.4308715 -94.91465427198516 126.8183793355042 16.500578919962447
1651076243.4308715 -94.91465427198516 126.8183793355042 16.500578919962447
1651076243.8309948 -95.13480083921053 127.07329047515663 16.594021580611805
1651076244.2296827 -95.33877306009333 127.30935957772373 16.688970850903292
1651076244.6296773 -95.53770650187123 127.55103165823597 16.787236820290588
1651076245.0296893 -95.73965750269689 127.8046409089919 16.8845756998581
1651076245.429684 -95.9479922938583 128.05447798775418 16.98362449408466
1651076245.8296583 -96.16342493603308 128.30099656859062 17.08333646830817
1651076246.2297568 -96.37482584915045 128.54484841060744 17.180479347037853
1651076246.6297588 -96.58676858052148 128.79269629046232 17.27828583329726
1651076247.0297377 -96.80378602728817 129.04008690716054 17.3768309360629
1651076247.429616 -97.02749406023291 129.29371802603598 17.472555036422925
1651076247.8295512 -97.24759309810858 129.54298729305597 17.5661117507775
1651076248.2308214 -97.47288713483725 129.79422601581084 17.65965691059017
1651076248.2308214 -97.47288713483725 129.79422601581084 17.65965691059017
1651076248.6297874 -97.7041958803037 130.05237943669226 17.750142106696654
1651076249.0310826 -97.93478765974487 130.30953351524568 17.835848310764067
1651076249.4297583 -98.03462185452204 130.38291614639442 17.864227720364735
1651076249.829785 -98.03682013685133 130.36130422133982 17.85611851727896
1651076250.2297902 -98.03869106410266 130.35542852556554 17.854374240200574
1651076250.629756 -98.04061872308765 130.35441103891478 17.853883203904648
1651076251.0297525 -98.04095344075654 130.35395669110667 17.854259530247187
1651076251.4296665 -98.04119112487146 130.35405106355236 17.854195284549668
1651076251.829632 -98.04199648475364 130.353770649199 17.853474526988414
1651076252.2296264 -98.04223890610113 130.3543700264163 17.854292140486503
1651076252.6296723 -98.04217445357556 130.3542843320415 17.854168925539152
1651076253.02966 -98.04297813616145 130.35403577912814 17.854511161821417
1651076253.4296591 -98.04232908399891 130.35394432796264 17.854883020667934
1651076253.4296591 -98.04232908399891 130.35394432796264 17.854883020667934
1651076254.2295384 -98.0410778392016 130.35421160185163 17.853369698298113
1651076254.630826 -98.04135277410973 130.3546538769586 17.853501664877154
1651076255.0296729 -98.04111570202119 130.35447080601324 17.853291168981166
1651076255.429658 -98.0412398864466 130.35444837035521 17.853232566188996
1651076255.829678 -98.04166995975677 130.35460672752006 17.853023250972473
1651076256.2296891 -98.0414203700537 130.35415552755657 17.853001055882295
1651076256.629664 -98.04399760739807 130.35716018127076 17.85385608629482
1651076257.0296164 -98.12629812809665 130.46178584711024 17.873570361583717
1651076257.429533 -98.28142429730073 130.63370953358086 17.9143155231449
1651076257.8295372 -98.42289633749597 130.70564692225673 17.949145037047177
1651076258.229543 -98.50455381076543 130.72705058921574 17.965264983678296
1651076258.229543 -98.50455381076543 130.72705058921574 17.965264983678296
1651076258.6297448 -98.56233873372902 130.78262166713324 17.97933716644603
1651076259.0302763 -98.6395054383503 130.84904728432716 17.997768350750103
1651076259.4303777 -98.80217270611271 130.94887467810662 18.031493838956184
1651076260.2303903 -99.20435869156717 131.1663313547231 18.117512954948246
1651076260.630395 -99.4831026716714 131.2427195898646 18.161368293677594
1651076261.0303826 -99.79050273279927 131.32410138893928 18.202465877013157
1651076263.830818 -99.40021707249109 131.11862078677424 18.136361646593574
1651076264.2295253 -99.46044623106081 131.12127016635367 18.132878048512477
1651076264.630837 -99.71010753207776 131.0309510529832 18.142635446737074
1651076268.2306464 -100.25174086808757 130.7609389410368 18.137705118615468
1651076272.6301856 -99.1177648676951 128.60925656752622 17.7781553553266
1651076275.833253 -96.59890796532733 126.81780998053961 16.772416746443405
1651076295.4311333 -84.8393442869678 112.87335986378115 11.175612234839527
1651076295.4311333 -84.8393442869678 112.87335986378115 11.175612234839527
1651076300.63113 -81.9039054169733 109.4767526208419 10.385854006487142
1651076301.0316625 -81.66596642425756 109.21455625260758 10.349997287243605
1651076301.4328861 -81.41874957840861 108.94773670752585 10.311786764840623
1651076301.8304312 -81.18905967924022 108.6991546134085 10.274504911816171
1651076303.431118 -80.1925058795276 107.61112107581576 10.081494307372818
1651076303.832262 -79.94771980691453 107.33935660964015 10.04322103451382
1651076304.2322383 -79.69331258853676 107.06430553000742 10.00171514637142
1651076304.6309185 -79.40045044839044 106.74263962610735 9.953131822537514
1651076305.030924 -79.19556229676567 106.51554389649176 9.917421638159091
1651076305.4309313 -78.94027455235431 106.24118685037834 9.864896978172947
1651076305.8321264 -78.68783558758288 105.96998551414607 9.814695250626459
1651076306.2320118 -78.44603283778434 105.70111810333673 9.77250679821479
1651076306.6320333 -78.20693737841366 105.42622414696646 9.731913869324641
1651076307.0320048 -77.95981689209532 105.15903998836453 9.687700141244546
1651076307.0320048 -77.95981689209532 105.15903998836453 9.687700141244546
1651076307.431007 -77.72007626385913 104.90736007474976 9.646888406528706
1651076312.231509 -75.00882164426893 101.56214387352426 9.217619043379822
1651076312.231509 -75.00882164426893 101.56214387352426 9.217619043379822
1651076312.6328108 -74.78662175238932 101.27701305919649 9.195450714975618
1651076313.0316849 -74.55998520036275 100.98149058946044 9.169785004391825
1651076313.431664 -74.35125269434171 100.706162609102 9.15016189202332
1651076313.8329 -74.13675044651578 100.43139056879104 9.136445248689645
1651076314.2317064 -73.94215812626798 100.17434389791323 9.127830718366228
1651076314.6316833 -73.72774084059905 99.89005518180097 9.119883319885663
1651076315.0328836 -73.51548916492122 99.60967709151417 9.110393206945474
1651076319.4316838 -71.26384004132137 96.45278278014818 9.110137824911876
1651076319.8329148 -71.25100864854457 96.43314988679309 9.109320827997621
1651076320.2341714 -71.24964431865087 96.43353773845567 9.107042434994996
1651076320.6317723 -71.24873597175927 96.4331513746704 9.105564981318878
1651076321.0317829 -71.24925954449887 96.43313422833585 9.105875437782313
1651076321.4330244 -71.24910973444901 96.43326741852873 9.106297256548643
1651076321.833074 -71.2492509304711 96.43333491705687 9.105798296772859
1651076322.233022 -71.24887615280706 96.43302099957087 9.105716748552405
1651076322.233022 -71.24887615280706 96.43302099957087 9.105716748552405
1651076322.6329858 -71.24888426156375 96.43291787757182 9.106349053787964
1651076323.0329044 -71.2494033785697 96.4331355710497 9.106056250405155
1651076323.4316783 -71.24920524435512 96.43350761610544 9.105119301777421
1651076323.8316905 -71.2496330093715 96.43326571304308 9.106182518954352
1651076324.2317083 -71.24956536819764 96.4331139458744 9.107526222654066
1651076324.6316934 -71.24900130287821 96.43292732910119 9.106521576698954
1651076325.4316216 -71.24953381539747 96.43259266950629 9.106559258443017
1651076325.8314857 -71.24970627898905 96.43256620452725 9.106546488038145
1651076326.2313712 -71.24976137433106 96.43269465173974 9.106075774729309
1651076326.631257 -71.24976101764953 96.43315055476195 9.106268380890558
1651076327.031425 -71.24898905521671 96.43255578539762 9.106458551684174
1651076329.0314236 -71.24912563460182 96.43267408369802 9.107042004548534
1651076329.4314134 -71.20546165749687 96.37239530865513 9.103272818522463
1651076329.8313773 -71.05364243623939 96.16027366191874 9.088014879587382
1651076332.6320417 -69.55440059000622 94.0705138767514 8.861209589814194
1651076356.6330047 -62.14805717660909 85.60926634701191 7.621392371316612
1651076357.0330012 -61.95599473539628 85.39763296165128 7.576207018578167
1651076357.4329956 -61.70684450985895 85.15232695107846 7.577172791003133
1651076357.8328977 -61.48455090996018 84.907089039148 7.568545764556317
1651076357.8328977 -61.48455090996018 84.907089039148 7.568545764556317
1651076358.2329342 -61.2630405243991 84.66611447505205 7.5631391198409235
1651076358.6329114 -61.03577221926819 84.41642850655539 7.559648756950631
1651076359.0329206 -60.816885902097376 84.16065574515055 7.558453711996787
1651076359.432928 -60.61634822763042 83.90056601835785 7.557286361802551
1651076359.832908 -60.43145073509922 83.62140759525849 7.554396869756654
1651076360.2328725 -60.235260430715265 83.32530295684373 7.550940423177392
1651076360.6317515 -60.0338788513688 83.02495217902236 7.549228114215934
1651076361.031741 -59.83119382690469 82.70158242873782 7.5337337376060365
1651076361.4328434 -59.62397202742371 82.36543976388425 7.508249392229575
1651076361.8328648 -59.424468440382924 82.04329152672891 7.484981661726873
1651076362.232905 -59.326404540027724 81.87170022444036 7.473251200324373
1651076362.632886 -59.29639791774669 81.81717388792383 7.471100936642482
1651076362.632886 -59.29639791774669 81.81717388792383 7.471100936642482
1651076363.0329285 -59.220133646605696 81.72406068066576 7.461628956329148
1651076363.4329233 -59.153143310400445 81.66004299815818 7.452231511662165
1651076363.8317845 -59.058536305062475 81.54638102802366 7.441477015864806
1651076364.2318056 -59.02824520085269 81.51228828118568 7.4347740635420845
1651076364.6317694 -59.02809978247262 81.51317099423608 7.4333093020014385
1651076365.031794 -59.018901756243515 81.50241770806565 7.432575595029711
1651076365.4318836 -58.843783261272364 81.28337983846711 7.410784582447718
1651076365.8331223 -58.586579403846926 80.97040885225454 7.364967512363024
1651076366.2342367 -58.31631936546418 80.67287012831176 7.312853926481085
1651076366.6330106 -58.01899839000604 80.39810428753847 7.259880146403958
1651076367.0317502 -57.705641964343826 80.12011044953672 7.17937746605514
1651076367.4341712 -57.39788679669766 79.84000372788338 7.075222176247824
1651076367.4341712 -57.39788679669766 79.84000372788338 7.075222176247824
1651076367.8341897 -57.11768950622713 79.5587960331002 6.975873224734488
1651076368.234298 -56.929159326943314 79.36168081530678 6.920094538906618
1651076368.6331449 -56.779079877161735 79.18549951717574 6.876146697247147
1651076369.034425 -56.71125775863025 79.1202136250651 6.842237655563402
1651076369.4331694 -56.69474056205192 79.09067585515211 6.845760005434645
1651076369.832192 -56.602482842215416 78.85846345845985 6.810187199916586
1651076370.232894 -56.49466407850638 78.57199521257247 6.747594714867182
1651076370.6328695 -56.38729584729832 78.22986435631655 6.673374551437007
1651076371.0328763 -56.269035036236225 77.88087489840694 6.596850878984276
1651076371.432879 -56.152253880379234 77.48391690594532 6.505740902974852
1651076371.8328693 -56.041253264592854 77.10642463827762 6.41754642014754
1651076372.2328672 -55.917068829839344 76.76391880412959 6.341056442571182
1651076372.632892 -55.78643132317122 76.45590088695295 6.264298972104241
1651076373.0329711 -55.652921711243806 76.15174966873657 6.182699471721788
1651076373.432886 -55.51528550590191 75.84543712879162 6.099400738994536
1651076373.8329298 -55.38544282319177 75.54794794435418 6.024796763813217
1651076374.232887 -55.2425668303918 75.26848768928329 5.960686222274763
1651076374.6328855 -55.076452913217224 74.98529431150766 5.897603242591413
1651076374.6328855 -55.076452913217224 74.98529431150766 5.897603242591413
1651076375.0329216 -54.88644005783643 74.69551930779637 5.828733017543503
1651076375.8329291 -54.43989981875114 74.12060180457344 5.692237527503191
1651076376.2329328 -54.208015668599714 73.84512312737003 5.636200908088095
1651076376.6329057 -53.95892121474512 73.58789233692305 5.580888583507746
1651076377.0328999 -53.69254110298081 73.33026374921273 5.519248343563651
1651076377.4330077 -53.41530902303948 73.06097654934072 5.448755544337086
1651076377.8330002 -53.14021903622913 72.8051314809153 5.383128253179271
1651076378.2328634 -52.885006679509395 72.58717611174797 5.329799385152029
1651076378.632856 -52.63251331258791 72.37103186738604 5.287855718784895
1651076379.0328507 -52.37974757297906 72.16233459241428 5.242702673164823
1651076379.4328723 -52.13269156221815 71.96798684311935 5.2022065460605385
1651076379.4328723 -52.13269156221815 71.96798684311935 5.2022065460605385
1651076379.8327506 -51.86419161254309 71.77289484252944 5.156093854393
1651076380.2326608 -51.58279725169272 71.5755534190651 5.1082437810883325
1651076380.6326337 -51.2872338424281 71.36938459660972 5.060357273976761
1651076381.0326426 -51.00671791207977 71.1644314441599 5.017203303462747
1651076381.832638 -50.563981493870884 70.84638484410571 4.956541609370273
1651076382.2327611 -50.34818020032073 70.67754691609703 4.9324737770241125
1651076382.6327522 -50.07011457862526 70.48165262139304 4.907521629671126
1651076383.0327463 -49.783664350419485 70.28146647964114 4.876682098635491
1651076383.4326806 -49.482248176575894 70.0855729291788 4.8475258107441785
1651076383.8326988 -49.17366426595575 69.88473772170188 4.820595986312411
1651076384.232664 -48.850806144824546 69.6896987011132 4.788573719891447
1651076384.6326826 -48.51718302808538 69.49569462224139 4.753007130253048
1651076385.0326924 -48.189387967171655 69.31948080077349 4.713139295275661
1651076385.43267 -47.91767782320454 69.16649825017434 4.705935076396405
1651076385.8326647 -47.678127034538576 68.99701474330936 4.6836378775144505
1651076386.2326646 -47.498939728565475 68.81910131641762 4.654294740814016
1651076386.2326646 -47.498939728565475 68.81910131641762 4.654294740814016
1651076386.6328104 -47.30158606538235 68.62544049390303 4.626059170784764
1651076387.0328956 -47.061370840062345 68.39903890409845 4.5986601813487935
1651076387.432867 -46.87949061432625 68.2341368885287 4.564852957913656
1651076387.832891 -46.84292178082741 68.1858484641298 4.547514384473093
1651076388.2329247 -46.7182735603599 68.02730913072595 4.525295541085853
1651076388.6329188 -46.49955969977341 67.78163552920982 4.472436546534318
1651076389.4329212 -46.01981974987557 67.2087189291133 4.35964191859763
1651076389.832925 -45.76767074753343 66.90697327590962 4.295690422630995
1651076390.2328982 -45.47641898735373 66.58634669405603 4.1998739388330355
1651076390.6328638 -45.20539952826687 66.24377471662595 4.089523183297821
1651076391.0328557 -44.92826404097971 65.88374043877066 3.9585093690003927
1651076391.4328642 -44.67873436668018 65.5218800475435 3.814212133293146
1651076391.4328642 -44.67873436668018 65.5218800475435 3.814212133293146
1651076391.8329515 -44.44394118141837 65.17257801080854 3.673818000438509
1651076392.2328935 -44.23388156204359 64.84923542215675 3.5498062354359337
1651076392.6329036 -44.026244556414895 64.53488718706953 3.4400923058242117
1651076393.0329046 -43.81825393874233 64.21748185739565 3.3203422759502463
1651076393.4329143 -43.60314955789255 63.90376817777625 3.1940908366139014
1651076393.8329158 -43.402981546134306 63.61258926425889 3.083142081068041
1651076394.231876 -43.21254398898407 63.341052403714826 2.9823807088053615
1651076394.6318767 -43.03623098533721 63.09487188156413 2.8970452606592154
1651076395.4329844 -42.712397125054046 62.617990200396484 2.748572730691023
1651076395.8328683 -42.55256069844454 62.36303315364363 2.6720235474470497
1651076396.2328687 -42.40451482488398 62.107487754320935 2.6016306119041994
1651076396.2328687 -42.40451482488398 62.107487754320935 2.6016306119041994
1651076396.6328893 -42.27835283087301 61.84036493924264 2.5388538956947406
1651076397.0329628 -42.164244126721755 61.59376606608452 2.486677471243336
1651076397.4328902 -42.07955939891317 61.33884596854002 2.433438877102593
1651076397.8329237 -41.9996960837753 61.06731408802837 2.385154702093014
1651076398.2328918 -41.89197190278207 60.745170812899495 2.334887449660287
1651076398.6328993 -41.77931020186709 60.397656008246145 2.2705037494491744
1651076399.0328884 -41.67333358408717 60.04233508441142 2.2001948183350817
1651076399.4327497 -41.55376151525974 59.68848853728371 2.1355022546762026
1651076399.8328018 -41.41767226644337 59.3330238980388 2.0686672515974633
1651076400.632755 -41.14230995434515 58.595308699363294 1.8923612128629064
1651076401.4327657 -40.79189856687255 57.942318654797496 1.71466036814123
1651076401.4327657 -40.79189856687255 57.942318654797496 1.71466036814123
1651076401.8327982 -40.562055710147106 57.605317901110695 1.6009025779051353
1651076402.232766 -40.31634202243654 57.27653929694831 1.484688875880736
1651076402.632784 -40.061027439811284 56.96328676135069 1.3775829690340795
1651076403.4329133 -39.46869872906204 56.38558494776182 1.1450238871114051
1651076403.4329133 -39.46869872906204 56.38558494776182 1.1450238871114051
1651076403.8328955 -39.21207610761868 56.11634120449162 1.04317461700529
1651076404.2329428 -38.95998456326213 55.85940903484423 0.9570911399638526
1651076404.632888 -38.72261405954427 55.617279743227115 0.8858833107532587
1651076405.0328827 -38.477814850764176 55.37418804392926 0.8201416396880377
1651076405.4328828 -38.223070400752185 55.13540687004465 0.7535539387984055
1651076405.8329046 -37.964791858939186 54.89479108883021 0.6908548439028764
1651076406.2328768 -37.703496510035095 54.66309804224749 0.6386999026234058
1651076407.0329533 -37.189165595167346 54.229565590254204 0.5554170131014287
1651076407.4329383 -36.931064961794114 54.00946244803607 0.51772237076388
1651076407.8329043 -36.68410912974637 53.779725734620506 0.48547871934308406
1651076408.2328925 -36.438091699983 53.55266524973918 0.4561597024637488
1651076408.633017 -36.20425132840603 53.32587309779064 0.4282532315682589
1651076409.0329947 -35.964241263323096 53.083440156453364 0.40051901000838874
1651076409.4328632 -35.72196335752759 52.8390151640122 0.37086469743363404
1651076409.8328826 -35.55220117731121 52.62586476706853 0.346810642900416
1651076410.2328684 -35.414003257081724 52.418335760444165 0.33451363641761733
1651076410.6328607 -35.247595177505765 52.17478156086457 0.32630011740383114
1651076410.6328607 -35.247595177505765 52.17478156086457 0.32630011740383114
1651076411.0329533 -35.06296146319019 51.897290194352564 0.31066761284803246
1651076411.4330626 -34.88345122215557 51.61008131145865 0.2949042875340609
1651076412.233155 -34.59009580739807 51.038851772268515 0.2874055650088445
1651076412.6331356 -34.437935451571974 50.73366848783462 0.2844170202784183
1651076413.033127 -34.27942638642548 50.414515941183424 0.280924457311454
1651076413.4331677 -34.128301236781084 50.08941878085754 0.27684002417557796
1651076413.834418 -33.97872144930369 49.757687567202936 0.27082314187140166
1651076414.2343612 -33.8285630245022 49.41996369214412 0.26130317524588265
1651076414.634282 -33.6938582940706 49.09455963813829 0.25702979009204624
1651076415.0342655 -33.6509091574268 48.96134084968608 0.24942781652513796
1651076415.4342818 -33.59858894530525 48.89135747970752 0.24913843730670854
1651076415.8346045 -33.45930060305963 48.59396194365025 0.2562764334397269
1651076416.232904 -33.339420662339904 48.26255320671193 0.25983438927321745
1651076416.6328776 -33.17770629072815 47.9297375856903 0.26093414284184513
1651076417.03296 -33.00496787517466 47.5966259665853 0.25552769162871986
1651076417.432938 -32.81126468893086 47.28830961149801 0.2520660329229522
1651076417.832924 -32.593767159264885 47.00478716283428 0.2506459977167233
1651076418.2329676 -32.31084550069506 46.74450281367921 0.2420297318371468
1651076418.6327832 -31.98140712949528 46.51066863710199 0.22829775794097354
1651076419.0327392 -31.66618784278642 46.28060430609878 0.21857047242064886
1651076419.4326437 -31.370204187348634 46.041115457079016 0.20555308044997808
1651076419.8326266 -31.088365026570607 45.80509296715105 0.19562922961292456
1651076420.2326117 -30.814407417248212 45.56339867852067 0.18552155776637966
1651076420.6325443 -30.55525779742523 45.29891025312288 0.17488078631327122
1651076420.6325443 -30.55525779742523 45.29891025312288 0.17488078631327122
1651076421.4324214 -30.044310512161776 44.756202486589935 0.1395837711503538
1651076422.2324278 -29.593459553307433 44.227079724584016 0.1187250789711864
1651076422.6324396 -29.372251709368157 43.954800941621855 0.11349048252890591
1651076423.032631 -29.186404425344445 43.68047124409016 0.1074560239197133
1651076423.4325874 -29.04511079319121 43.446211368976876 0.10568401398921592
1651076424.6325607 -28.53359222825027 42.5552085160905 0.11908437960945153
1651076425.0325584 -28.356560768479493 42.2312992762665 0.11865769922053655
1651076425.0325584 -28.356560768479493 42.2312992762665 0.11865769922053655
1651076425.4323978 -28.181986894475965 41.915434932103274 0.12261897157094816
1651076425.832266 -27.997255539307904 41.602240485307945 0.12936441675928825
1651076426.2324338 -27.798892651793132 41.274678939143 0.12891321921952942
1651076426.632473 -27.601495985662307 40.95141127684491 0.12556371708269495
1651076427.0336838 -27.375936759409797 40.62930158771851 0.11665913093336328
1651076427.432375 -27.137842695303224 40.326072991753875 0.10601337924732858
1651076427.8325136 -26.879934819123083 40.038144530266365 0.09994602262127941
1651076428.2325137 -26.605658361912358 39.76570408169345 0.0910598587101186
1651076428.6324847 -26.339743489784084 39.51319948463397 0.0933321184216158
1651076429.0323725 -26.082189984536686 39.274455465331194 0.10146502023724778
1651076429.4322376 -25.785191714049244 39.029285620504176 0.1041949046773601
1651076429.8321695 -25.504004465822998 38.76316450955648 0.09650895959230878
1651076429.8321695 -25.504004465822998 38.76316450955648 0.09650895959230878
1651076430.2320154 -25.240638168538055 38.50277311006309 0.093381438458998
1651076430.6331842 -24.98588511543967 38.25077758192443 0.09517393500442041
1651076431.4331565 -24.48769958407597 37.73040071413622 0.08823604132061291
1651076431.8331409 -24.31216752792364 37.4913922579227 0.09431489754276477
1651076432.2331223 -24.19238164470703 37.242287556701456 0.10975526506633508
1651076432.6331754 -24.032153702610234 36.94639810642018 0.1273790457517499
1651076433.0331616 -23.859983578721426 36.65244559124719 0.1353090581084518
1651076433.433129 -23.682187414023588 36.35065072249558 0.15322505233052242
1651076433.832999 -23.473384165327175 36.04072582066674 0.16495172462383545
1651076434.232998 -23.26768610884125 35.74111111967881 0.17442008126922626
1651076434.632867 -23.047919125259785 35.420636123712654 0.17754906371794793
1651076434.632867 -23.047919125259785 35.420636123712654 0.17754906371794793
1651076435.0331173 -22.80459445317824 35.10908906817236 0.17589158961353685
1651076435.4328015 -22.58222177493224 34.79840839969756 0.17733067917119277
1651076435.83278 -22.358866426821045 34.51124399857797 0.18172700828213198
1651076436.2327976 -22.17805374681857 34.23139926336822 0.19315008181289095
1651076436.6327686 -22.042860042492006 33.931943335078785 0.2005232702968625
1651076437.0328357 -21.963752671010003 33.680067617968554 0.21400085629921603
1651076437.4329221 -21.882654994091943 33.37912547931513 0.22589742025936257
1651076437.8329175 -21.77345815598089 33.02704567547722 0.22909367652246324
1651076438.232903 -21.625091732768173 32.66068156353118 0.2210432165373801
1651076438.6329353 -21.491630277261052 32.34205823832784 0.22595608044345689
1651076439.0328698 -21.360609256161894 32.029864923871735 0.22851357587316043
1651076439.4328694 -21.238961824558107 31.716776272925358 0.22969915898204304
1651076439.833007 -21.113118225869936 31.387144309564388 0.22059812719938168
1651076440.232998 -21.0131118726964 31.069511180141987 0.22535042211643458
1651076440.6328557 -20.910673098511595 30.745995612169352 0.23952641976228492
1651076441.0328932 -20.810725837573457 30.435811482167498 0.24304880099487824
1651076441.4328594 -20.718103027773292 30.06582266586929 0.23698343450132606
1651076441.8329036 -20.62207704904663 29.65097420996703 0.21438903213873267
1651076441.8329036 -20.62207704904663 29.65097420996703 0.21438903213873267
1651076442.2327712 -20.531588260619014 29.259469979618203 0.18972471611002825
1651076442.6326783 -20.42348730098582 28.882328889114635 0.17499417917406257
1651076443.032681 -20.290106100069856 28.554989220727144 0.16521662784761934
1651076443.4326336 -20.232188787680474 28.284209549327375 0.16354790253717763
1651076443.8326268 -20.242668872417603 28.14786638114647 0.15330677036198875
1651076444.2338903 -20.21668519274576 28.10395259689471 0.1581204645254573
1651076444.6326632 -20.1584427253224 27.789969444188344 0.15253564947067216
1651076445.0326796 -20.111421600733124 27.411818692975473 0.13021195340515498
1651076445.432683 -20.079437883332112 27.047508639370378 0.12124874156150772
1651076445.8326263 -20.050048656763465 26.66592176138683 0.1002557451871025
1651076446.232607 -20.00701147016546 26.308034793012517 0.08893807301198216
1651076446.6338692 -20.004780366598062 26.010388123212053 0.07439236393573444
1651076447.032738 -19.982332977281793 25.836772541332 0.08112333259430406
1651076447.4329653 -19.967178400753042 25.648163903781747 0.09597203661207124
1651076447.8328793 -19.986272016735885 25.330793324704228 0.10718557548917768
1651076448.232885 -20.02235221920685 24.991658246622034 0.12215583900344457
1651076448.6328914 -20.04592137280366 24.625045529603646 0.13919627163964768
1651076449.0328739 -20.096288244460748 24.268910882772346 0.15157802721619085
1651076449.432972 -20.174898405511783 23.905502640447523 0.15691294300469336
1651076450.2327673 -20.411292664448446 23.133651030509505 0.12702682096159792
1651076450.6327536 -20.581986959879117 22.709663007626098 0.06728788888450696
1651076451.0327644 -20.752853949974426 22.313065799742514 0.004814670723335084
1651076451.4327374 -20.902129285081063 21.942182322841695 -0.0621294464668252
1651076451.8326793 -20.992652959849813 21.585454272437754 -0.0968244518650347
1651076451.8326793 -20.992652959849813 21.585454272437754 -0.0968244518650347
1651076452.6338995 -21.07888509925164 21.083531695701694 -0.08132855109756951
1651076453.8327122 -21.00193297851575 20.07448252847314 -0.1480205111352246
1651076454.2329342 -20.90834378637074 19.759476371233088 -0.17258262999525337
1651076454.632395 -20.83129097063628 19.51417483130783 -0.16569299043412938
1651076455.0336375 -20.709744861178166 19.27512016382039 -0.15774427475679725
1651076455.4324217 -20.566076078371836 19.038270364495865 -0.16568356065975023
1651076455.8323975 -20.36437355948595 18.78894776366805 -0.16637797112884548
1651076456.2336345 -20.117411360824665 18.533240600163534 -0.16650307999640285
1651076456.6323876 -19.842824455915075 18.303083736819374 -0.16698537936330698
1651076457.0323768 -19.582261563419074 18.121723839761017 -0.16209218122827562
1651076457.4336345 -19.335226840968247 17.977127193705467 -0.1561630656568628
1651076457.8324153 -19.092494849605767 17.855396456258294 -0.14402708875399384
1651076458.2349365 -18.80824253211313 17.71656157424608 -0.12890256191631455
1651076458.633648 -18.458273695276546 17.544500753091885 -0.13108962192591894
1651076459.0324218 -18.10272253160438 17.360245574192458 -0.1382507902178117
1651076459.0324218 -18.10272253160438 17.360245574192458 -0.1382507902178117
1651076459.4322755 -17.727783405816037 17.209731917573762 -0.14266253168550674
1651076460.234814 -17.003531157332354 16.89645522086576 -0.17941906138896613
1651076460.6349313 -16.757649963049868 16.766180739074567 -0.18634312549780999
1651076461.034924 -16.52312733492233 16.59824237848417 -0.19666670880379963
1651076461.4349296 -16.220126512602498 16.380632142299092 -0.1995999728106508
1651076461.8337526 -15.945208854115036 16.23966259056058 -0.2183595098842437
1651076462.2325099 -15.906723330327106 16.222835468367148 -0.21658539546109287
1651076462.632541 -15.778636809569665 16.13099753700462 -0.21205434497889944
1651076463.033785 -15.781077636132391 16.135577678454656 -0.21408549945514768
1651076463.8338616 -15.607296579131404 15.990574328621612 -0.20910401369629195
1651076463.8338616 -15.607296579131404 15.990574328621612 -0.20910401369629195
1651076464.2326727 -15.313062236003267 15.80644586064949 -0.2230171566333763
1651076464.6339 -15.03061581054259 15.631896899425428 -0.22637664906845814
1651076465.0338993 -14.741395315261322 15.441565544961756 -0.222791084648387
1651076465.4326491 -14.455543821939385 15.24793950794956 -0.23134042042296013
1651076465.8326628 -14.16381586262181 15.052857482058508 -0.2344763317608317
1651076466.2326305 -13.871212689423755 14.849004112396049 -0.23971222737242168
1651076466.6326234 -13.565717674253316 14.649225921001314 -0.2492992665822681
1651076467.0323849 -13.242347657996024 14.454488980050373 -0.25907708920851036
1651076467.8323896 -12.668819838937491 14.098486296693173 -0.2696114777832399
1651076468.2323844 -12.390043303414002 13.921336948643384 -0.2648491171764667
1651076468.6336327 -12.120316350702417 13.726196880726853 -0.26325633733950604
1651076469.03238 -11.871076866517942 13.522637466499235 -0.2604459310961021
1651076469.4323854 -11.613825687878037 13.34857241965052 -0.25839302510532053
1651076469.8324249 -11.351130741838004 13.186264100256528 -0.2573875460507659
1651076470.2324414 -11.080294546390695 13.003759559420258 -0.26883510539925803
1651076470.632407 -10.794064548903744 12.823114894024817 -0.2997506062071186
1651076471.032426 -10.524979507385051 12.685542431732602 -0.29987342012738477
1651076471.032426 -10.524979507385051 12.685542431732602 -0.29987342012738477
1651076471.4324622 -10.305339601259954 12.547839589692417 -0.28018744833365955
1651076471.8337228 -10.108633788278174 12.377790170192117 -0.2616428348248321
1651076472.232573 -9.85923652580228 12.184350186045332 -0.2736921948583054
1651076472.6325517 -9.621575914915272 12.045375901152848 -0.2648180022054252
1651076473.032534 -9.366804090225708 11.892435249513573 -0.24573213545099595
1651076473.8325062 -8.88441325369086 11.520917156649142 -0.26694766025652533
1651076474.232373 -8.615836118918008 11.352601993792739 -0.25175623348947096
1651076474.632389 -8.334687064491941 11.151742599575345 -0.25965713676744256
1651076475.032423 -8.043485690380823 10.932263365082553 -0.27923178419229966
1651076475.4324071 -7.7282164780072975 10.690599713890236 -0.3003243299444279
1651076475.8336885 -7.418399237979941 10.492355994196986 -0.3082196463588407
1651076476.2324247 -7.112696088633199 10.299744398927578 -0.3083488174893272
1651076476.6336741 -6.799513535833781 10.085798066798537 -0.3176278632438954
1651076477.0324094 -6.474979266534805 9.876310954863627 -0.33253568051296045
1651076477.4324167 -6.14901703288852 9.691957627500246 -0.34454128290933533
1651076477.8324232 -5.845124040038379 9.499097403166177 -0.34927881332094957
1651076478.2324162 -5.557413990471444 9.309869741808974 -0.3530147644182035
1651076478.2324162 -5.557413990471444 9.309869741808974 -0.3530147644182035
1651076478.6324973 -5.2939756594142064 9.119528300804246 -0.3514423140056992
1651076479.4324815 -4.742492149343804 8.697548110886405 -0.3457652129364907
1651076479.8323612 -4.450014565394057 8.475996300402745 -0.3475106354805997
1651076480.233492 -4.157670935595875 8.247164414462665 -0.34777590773302064
1651076480.6333854 -3.8724619111289105 8.028422592643853 -0.34413920728528974
1651076480.6333854 -3.8724619111289105 8.028422592643853 -0.34413920728528974
1651076481.0332623 -3.584885401301446 7.825440595252092 -0.34160822735954066
1651076481.4331138 -3.28261935776728 7.616317995810838 -0.3379297011288717
1651076481.8330274 -2.9627657165313708 7.406873909927721 -0.3427785562959162
1651076482.2330556 -2.659345132069153 7.192469321452226 -0.34578779219432754
1651076482.6330264 -2.3612985040092402 7.000846189638483 -0.34602264686285966
1651076483.037409 -2.1942920161606496 6.909333872169855 -0.34921505160402505
1651076483.4335077 -2.2061637695890304 6.9114339200682045 -0.35606038491579467
1651076483.8335428 -2.207022483560885 6.911366125200849 -0.355931340124211
1651076484.2334914 -2.207031393714149 6.911518784677991 -0.3563790661047996
1651076484.633385 -2.207019578255952 6.911481783500068 -0.356354601008033
1651076485.0333636 -2.2070647603982483 6.911547595402977 -0.3562257907157834
1651076485.4332414 -2.2072406311517403 6.912037272231581 -0.3562392102855893
1651076485.8331313 -2.207240992688963 6.91198782374247 -0.3563800737887824
1651076485.8331313 -2.207240992688963 6.91198782374247 -0.3563800737887824
1651076486.2331374 -2.207269259394852 6.912003655067326 -0.35650892788353267
1651076486.6331768 -2.207281402622036 6.912033438549939 -0.35646779362844305
1651076487.0331619 -2.207469037024607 6.912606396615011 -0.3564241410900696
1651076487.4331853 -2.2073752042932275 6.912282213786741 -0.35636229793816515
1651076487.8331528 -2.2075941530862377 6.912958098081376 -0.3563705246358167
1651076488.2331743 -2.2076361904353767 6.91302378506412 -0.3562635048292654
1651076488.6333811 -2.2075397971726396 6.912734677629982 -0.35614893598376757
1651076489.0334458 -2.2073285919599317 6.912067310723721 -0.3561314485492225
1651076489.4333975 -2.2073856435927928 6.912245963203445 -0.3561860170270662
1651076489.8334284 -2.2073740444988768 6.912216760381086 -0.3562126089195624
1651076490.2334352 -2.20733657322172 6.912074694121473 -0.3561426214976424
1651076490.6334105 -2.2074749622424488 6.912511044318224 -0.35619921856585657
1651076490.6334105 -2.2074749622424488 6.912511044318224 -0.35619921856585657
1651076491.0334492 -2.2073063296517685 6.911954512378464 -0.3562144424766144
1651076491.4335802 -2.2073069815852184 6.9119625483552705 -0.3562582267142516
1651076491.8335693 -2.2072426776613168 6.91172934218684 -0.356287098817275
1651076492.23356 -2.2072619601202375 6.9117837286719706 -0.35633572796176877
1651076492.6335535 -2.2072884663179355 6.911846498667327 -0.35638087299865906
1651076493.0335069 -2.2073182360497356 6.911876777557201 -0.3564244288135642
1651076493.4335573 -2.207424146379275 6.912207670096369 -0.3564851746254624
1651076493.833552 -2.2073532534655502 6.911965823317889 -0.35651854859097626
1651076494.2336621 -2.2074929725417096 6.912390966505359 -0.35658035880415256
1651076494.6336446 -2.207365263045217 6.911989192551904 -0.3566020655185833
1651076495.0336528 -2.2074628685911195 6.912291081047954 -0.35666520661353784
1651076495.4336154 -2.2072866607698725 6.91175505133944 -0.3567370524798448
1651076495.8335626 -2.207389745778018 6.912062109509627 -0.3568694373765059
1651076495.8335626 -2.207389745778018 6.912062109509627 -0.3568694373765059
1651076496.2335312 -2.207457795434 6.912263580658595 -0.3568214906815299
1651076497.8333879 -2.207382252743484 6.911992938786008 -0.3566278971869721
1651076497.8333879 -2.207382252743484 6.911992938786008 -0.3566278971869721
1651076498.2334137 -2.207527759495051 6.912303943510548 -0.35662554822522113
1651076498.6336117 -2.207633587762394 6.912627449202207 -0.3566264930241948
1651076499.033504 -2.2076401198366224 6.912659143063983 -0.3565830821511725
1651076499.4334857 -2.2076910738462083 6.912798459358475 -0.3566229683231139
1651076499.833377 -2.207590188148006 6.912492678666461 -0.3566551686645908
1651076500.2334104 -2.2076445711156647 6.912641608062203 -0.35669122984472584
1651076500.6334236 -2.2075465120032836 6.912316204147211 -0.35667903224806985
1651076500.6334236 -2.2075465120032836 6.912316204147211 -0.35667903224806985
1651076501.0334597 -2.2076921284942435 6.91277553373083 -0.35665323529860476
1651076501.4334438 -2.207722444715413 6.912832617141619 -0.3565817532033226
1651076501.8334184 -2.2078020493671824 6.913072882897051 -0.35652518984850523
1651076502.2334445 -2.207768879167622 6.912958528945198 -0.35650246415153214
1651076503.833431 -2.2077341098752186 6.912775472427728 -0.35659849741345434
1651076503.833431 -2.2077341098752186 6.912775472427728 -0.35659849741345434
1651076504.2333887 -2.2077538255769436 6.912845448509574 -0.35654637178196075
1651076504.634625 -2.2077174162615916 6.91270072154003 -0.3565212603456422
1651076505.0346155 -2.176086167459923 6.883612959483688 -0.3539941492025029
1651076505.4319932 -1.940515836546507 6.727290144831673 -0.3523463081806179
1651076505.4319932 -1.940515836546507 6.727290144831673 -0.3523463081806179
1651076505.832169 -1.6997137967824525 6.574166419640541 -0.3496065690115557
1651076506.2326405 -1.4657682030579096 6.434273975990094 -0.35180981626098384
1651076506.6338737 -1.3490883843238892 6.3563416307488385 -0.35600170528813463
1651076507.0339115 -1.2601831673127577 6.299475411998044 -0.3538935048755762
1651076507.4326832 -1.2597895358242455 6.299149700216969 -0.35598590230177335
1651076507.8326726 -1.2593677975781516 6.299276111631761 -0.35614414477251166
1651076508.2326725 -1.259047502021921 6.299014271915173 -0.3561270741177724
1651076509.4327514 -0.6730876202332721 5.914133527031722 -0.34515520118212634
1651076509.8327448 -0.4097331675317828 5.735727056714256 -0.33496075716673523
1651076510.2315693 -0.13656896175681346 5.5532757049212265 -0.324937819304393
1651076510.6315153 0.14788179051677 5.367732341921526 -0.32764541517076656
1651076510.6315153 0.14788179051677 5.367732341921526 -0.32764541517076656
1651076511.031533 0.41723282757646446 5.196824366129766 -0.32350540331474315
1651076511.4315338 0.6561855724861482 5.048070944827207 -0.32006341520125325
1651076511.8315291 0.8318825056129895 4.93699794887458 -0.31672147897687564
1651076512.2315357 1.1079170301720522 4.763877660911917 -0.3106849861020268
1651076512.6315224 1.4117659061336507 4.572434551439198 -0.30750679070257525
1651076513.0327883 1.7156131154374439 4.3818595092121875 -0.3009971468492944
1651076513.4327955 2.0298071866485223 4.1983113045649265 -0.2965084743226663
1651076513.8329291 2.3598851841550945 4.029789033607921 -0.29408524316681806
1651076514.2317967 2.6893707789671253 3.8756390791915205 -0.2914478111632978
1651076514.631789 3.007537096064341 3.732510837199301 -0.2844832432463225
1651076515.0317388 3.330609395870309 3.585622126012534 -0.27244408218593863
1651076515.4317098 3.596225350910253 3.428373610262717 -0.2636483570678914
1651076515.8316252 3.800163083598352 3.272990149061533 -0.2611459273395049
1651076515.8316252 3.800163083598352 3.272990149061533 -0.2611459273395049
1651076516.2316275 4.038186420813861 3.086063789234163 -0.2608049076195761
1651076516.6316695 4.275466843835384 2.9105360611307156 -0.2554428933994775
1651076517.0316172 4.557328973757123 2.7136356894533695 -0.24742801280672508
1651076517.4316928 4.850309037501813 2.4966984604870954 -0.24191481946144017
1651076517.8316648 5.150289821805293 2.2717550407317577 -0.23899843718059993
1651076518.2316391 5.447343943331326 2.0413821124409917 -0.23643759262717484
1651076518.631748 5.750472542119154 1.814620421716358 -0.23580607514995455
1651076519.0317163 6.048486752364463 1.591387700730067 -0.23159500124457197
1651076519.4317071 6.357947306894051 1.3736840684727998 -0.2304490741124005
1651076519.83163 6.67471785399794 1.1682631396998069 -0.2275374380063651
1651076520.231609 7.0037463220688885 0.9786926141938467 -0.22631974108289862
1651076520.6316361 7.344182525513065 0.8099440278478415 -0.22512471929537134
1651076520.6316361 7.344182525513065 0.8099440278478415 -0.22512471929537134
1651076521.033026 7.700199820874151 0.6668220834514784 -0.22453780780839122
1651076521.433143 8.069948503151448 0.5449320301583218 -0.2329396223636447
1651076521.8318877 8.43367552968344 0.4540438834092799 -0.22783216522117322
1651076522.2331202 8.810847067070151 0.382621626127927 -0.2270093106193746
1651076522.6331213 9.214102374987622 0.3591465526985446 -0.23102747086870146
1651076523.033096 9.587569067943393 0.3400216059758043 -0.22959753853889256
1651076523.4319122 9.932888619934264 0.2917359760653579 -0.22259240896549384
1651076523.8332407 10.241993781877644 0.20205283139100308 -0.22805169894027774
1651076524.2332542 10.54039192906964 0.09114982311192123 -0.23000034284191448
1651076524.6332176 10.872570438405075 -0.03210323824476956 -0.22111462992689868
1651076525.031856 11.220656493984935 -0.14312256050940442 -0.21541521611287295
1651076525.4330862 11.557770993792005 -0.26187446542799564 -0.21822535333935414
1651076525.834224 11.828483488492989 -0.37308759918875567 -0.21491825753178884
1651076526.232996 12.141255185393579 -0.47799944207305584 -0.2048688676001408
1651076526.632963 12.491368098870085 -0.6129204476499208 -0.2051110482743024
1651076527.0329442 12.781546134942621 -0.7416023128383771 -0.2034233028778468
1651076527.4329875 12.988261302335822 -0.8505207779104236 -0.20148725342503324
1651076527.83298 13.283856249835395 -0.9914675430236956 -0.19883429977165665
1651076528.2317352 13.650461639612562 -1.1747609421885439 -0.21264783614176375
1651076528.2317352 13.650461639612562 -1.1747609421885439 -0.21264783614176375
1651076528.6330063 13.98576615500747 -1.3482851609591786 -0.2200194305245487
1651076529.033002 14.297485616539452 -1.5186600323687327 -0.2127852263422908
1651076529.4329643 14.62127543540706 -1.6693572120154683 -0.20761407920086086
1651076529.831736 14.957977910757252 -1.8344754425093015 -0.20538558007755808
1651076530.2329705 15.308740260377894 -2.004025035838971 -0.21345942029864232
1651076530.6329644 15.626036880144182 -2.163876858472529 -0.20779308821489498
1651076531.0329936 16.001470320937184 -2.3285960585195826 -0.22124627014223427
1651076531.4330432 16.358495391976707 -2.4820506550263053 -0.23969426200614047
1651076531.8317606 16.587190199296984 -2.621465251372459 -0.23228904756239233
1651076532.2329938 16.80547026152925 -2.7329939298242016 -0.21933432783003293
1651076532.6317582 17.15445412293027 -2.870646856766173 -0.22421872765586728
1651076533.0330002 17.47774720785041 -3.06103133753645 -0.23636588336845588
1651076533.4329631 17.76440449320144 -3.2265945157957283 -0.23700311533085325
1651076533.4329631 17.76440449320144 -3.2265945157957283 -0.23700311533085325
1651076533.8329933 18.065058332923826 -3.381024383074999 -0.23334929108714364
1651076534.2329679 18.389367814523837 -3.5456831747439086 -0.23037759873682326
1651076534.6329856 18.704385166161924 -3.7190018131280977 -0.2288464104859038
1651076535.031771 19.003406059893944 -3.9013181532941776 -0.22843598485614686
1651076535.4329748 19.231035765286677 -4.037008222772846 -0.22559754480363334
1651076535.833036 19.519751278050872 -4.1929324734165885 -0.22221347157945448
1651076536.2318835 19.841840192424502 -4.386938210165245 -0.22453390353564903
1651076536.6331096 20.15963512759582 -4.580155654086682 -0.2281190678080798
1651076537.0318477 20.456214014270472 -4.758822607227018 -0.22228008514707162
1651076537.4329877 20.762547786773002 -4.938875962605562 -0.21367177153266012
1651076537.8329947 21.092292332292217 -5.129827595852459 -0.2166027667182033
1651076538.2317417 21.422021884224936 -5.328862427010573 -0.2206434066537177
1651076538.2317417 21.422021884224936 -5.328862427010573 -0.2206434066537177
1651076538.6331568 21.748490602410648 -5.510369536618734 -0.22036500943168838
1651076539.0333583 22.063371148817897 -5.6755820142111295 -0.21545823818766463
1651076539.4333773 22.37232966869829 -5.845507499027174 -0.20766660526838787
1651076539.833378 22.68811513541978 -6.030406491096223 -0.20592384645783654
1651076540.2333868 23.001612727710395 -6.211075911783524 -0.20122990139352054
1651076540.6334362 23.316934448769437 -6.393314754924828 -0.1968696939415225
1651076541.0333636 23.630837053530122 -6.5804142396777525 -0.1935972517172445
1651076541.432225 23.95821182817899 -6.767656742458505 -0.1928402818209251
1651076541.8322532 24.28376960747521 -6.947264460163548 -0.19378798969723163
1651076542.2322257 24.597177276191122 -7.131779248916821 -0.1907773058932928
1651076542.6322298 24.905268893533705 -7.305930880795721 -0.1810466346101977
1651076543.8321173 25.868878386148314 -7.86258638519526 -0.1702476122921998
1651076544.2333975 26.190664960084067 -8.03191655821564 -0.1636560811427115
1651076544.6333897 26.50805553893667 -8.200306629445716 -0.15494275673433403
1651076545.0334 26.836650458031425 -8.381814492518126 -0.14999533614994762
1651076545.4333773 27.165721045776536 -8.560163641518498 -0.1493874918658495
1651076545.833367 27.494907839799023 -8.720161842904497 -0.14163358741786183
1651076546.2333486 27.82413714024647 -8.889162352090263 -0.13402167525979025
1651076546.6325371 28.158893646289034 -9.050385609032395 -0.126310903679975
1651076547.0325136 28.498487275252735 -9.205518984222536 -0.11829636542141549
1651076547.4324899 28.83773137770296 -9.358109326022396 -0.11354131171556271
1651076548.232463 29.537548690531374 -9.622923179519464 -0.10198586627066038
1651076548.6323326 29.898605999388185 -9.73073992323991 -0.09716011717628155
1651076548.6323326 29.898605999388185 -9.73073992323991 -0.09716011717628155
1651076549.0321124 30.28359757162206 -9.806954907579147 -0.09710403863911737
1651076549.4333184 30.706267508592276 -9.837059272602128 -0.11145314553698438
1651076549.8320646 31.094650075851693 -9.829355074387433 -0.14758381153317837
1651076550.233273 31.185294903366724 -9.796380074368379 -0.1809116180280272
1651076550.634532 31.18391091522278 -9.800699205009142 -0.1801217717453727
1651076551.0333056 31.181766026770703 -9.806005172542728 -0.17734943791164867
1651076551.433238 31.1814315683031 -9.807910341665261 -0.17688130017158385
1651076551.833241 31.181024678196952 -9.808438486616982 -0.17681899517467
1651076552.2332652 31.160636267748977 -9.804070167451332 -0.17668918740414138
1651076552.6332302 31.024960548808217 -9.774417466310524 -0.17597985596745236
1651076553.0344787 30.898460532193447 -9.73114969484093 -0.17286521211277184
1651076553.4332187 30.894902924805127 -9.723311651213033 -0.17231897327980455
1651076553.4332187 30.894902924805127 -9.723311651213033 -0.17231897327980455
1651076553.8332636 30.88579838492827 -9.719503547964726 -0.17187731039633133
1651076554.232482 30.866645786234486 -9.717521533323817 -0.1707067907884041
1651076554.6324656 30.868452654782047 -9.716359419662188 -0.17174071954318157
1651076555.0323544 30.868181153636726 -9.715914775398714 -0.1722049759222897
1651076555.432359 30.866360667144303 -9.715937533367152 -0.17213684109410432
1651076555.8323472 30.861270730693796 -9.716340848191852 -0.17098157584756793
1651076556.6325266 30.85221316215203 -9.706191111031576 -0.17409449274749228
1651076557.0324755 30.851144300733065 -9.705670574440516 -0.17700130392358449
1651076557.4324496 30.861516933746817 -9.703827072055283 -0.1785389133304648
1651076557.8323283 30.927447586480195 -9.667323250459631 -0.19240162526732651
1651076558.2334557 30.950999818217518 -9.64741407943081 -0.20225597267936987
1651076558.6334174 30.950702995602562 -9.65283087012159 -0.2040185947161777
1651076558.6334174 30.950702995602562 -9.65283087012159 -0.2040185947161777
1651076559.0333862 30.91396005485496 -9.648540178516416 -0.20443835777730482
1651076559.4334319 30.798681876653347 -9.617041310146478 -0.20043981898995517
1651076559.8333905 30.794061259236933 -9.608465596251454 -0.20137586543767394
1651076560.2334723 30.793457958496887 -9.609243408018388 -0.20204973329608455
1651076560.6322126 30.793747612063132 -9.609353435733135 -0.20216560857069174
1651076561.0333889 30.79369681014791 -9.609315288756342 -0.20214295224651432
1651076561.4321125 30.794008010319022 -9.609323754339405 -0.2022086359672587
1651076561.833447 30.794738113092585 -9.60923043556671 -0.2023444973636424
1651076562.232224 30.80829917965142 -9.609843020482067 -0.2026857750165987
1651076562.6335056 30.86507830665285 -9.602666695109376 -0.21291190737714694
1651076563.4333308 30.934987384875896 -9.554666814302236 -0.26060200293957947
1651076563.4333308 30.934987384875896 -9.554666814302236 -0.26060200293957947
1651076563.8331077 30.93408117676949 -9.55609126102524 -0.25878699226812507
1651076564.232959 30.934007279188837 -9.556070561863335 -0.2583757093634794
1651076564.631786 30.930630777843955 -9.55558207881492 -0.25839351691432666
1651076565.0330029 30.875783906965534 -9.547506297146212 -0.2563877441504964
1651076565.4318027 30.831883127952935 -9.539368642986593 -0.25048087445293804
1651076565.831741 30.82267062600078 -9.536577186215062 -0.24992393612016545
1651076566.2317374 30.72307163151187 -9.507327962355902 -0.24089421442845976
1651076566.6329882 30.546773929314625 -9.465860372463807 -0.21260775619334688
1651076567.8328187 29.743279526154343 -9.208017841444724 -0.15690363027691986
1651076568.2327533 29.47551326893107 -9.075371620249888 -0.15228433680565967
1651076568.2327533 29.47551326893107 -9.075371620249888 -0.15228433680565967
1651076568.632946 29.209987342399405 -8.905356207318766 -0.16911159193747924
1651076569.032262 28.930703960164536 -8.690909098282079 -0.18498643061045952
1651076569.4335358 28.65694033509686 -8.501368594689794 -0.20307746302549087
1651076569.8322566 28.511391593870336 -8.413047395223948 -0.20043187395302878
1651076570.233487 28.525334489657986 -8.427954182335446 -0.20292663267425987
1651076571.8327687 28.523385246014342 -8.436689127628142 -0.20626964171262457
1651076572.2327428 28.541162887395977 -8.446535919645848 -0.20332274198588557
1651076572.6327384 28.617778895899924 -8.477857673248513 -0.20420572519607272
1651076573.0314732 28.6627277084238 -8.507666817593714 -0.2045728839115776
1651076573.4327106 28.667689991371507 -8.511773943546599 -0.20372438441057697
1651076573.4327106 28.667689991371507 -8.511773943546599 -0.20372438441057697
1651076573.8324864 28.677431207932496 -8.523609746547773 -0.19956522434997875
1651076574.232528 28.67850527979486 -8.525072325032372 -0.19862808815779062
1651076574.6325104 28.68713732104601 -8.52840340059969 -0.19815099504298647
1651076575.0324905 28.713175692837904 -8.537926304982705 -0.1978636596276348
1651076575.4325156 28.740208402662436 -8.545820079459993 -0.19926599352768815
1651076575.8325276 28.948379370484194 -8.642881324216267 -0.19242835790290247
1651076576.2325072 29.137052821979943 -8.759724266266323 -0.1817798216804325
1651076576.6337876 29.14997149990843 -8.7754586743087 -0.18118274022338737
1651076577.032485 29.151193215612114 -8.770879591109983 -0.1828151549756044
1651076577.4324644 29.151700306194357 -8.769880634545977 -0.18318286059199193
1651076577.8323166 29.148801397351463 -8.768473284648383 -0.18341216290902984
1651076578.233446 29.060397425116193 -8.722879219902469 -0.18562014971858454
1651076578.6333435 28.86619618993594 -8.594780963021178 -0.19838432413262108
1651076578.6333435 28.86619618993594 -8.594780963021178 -0.19838432413262108
1651076579.0334184 28.787390686282485 -8.528775636769826 -0.20646825761929977
1651076579.433366 28.789937203674654 -8.533807062765264 -0.20776520486341635
1651076579.8333814 28.78969648790408 -8.535195380301289 -0.20721720506031305
1651076580.2333736 28.789527933799402 -8.53527037063177 -0.20725818707278237
1651076580.632163 28.7894952308578 -8.535239028351484 -0.20729608886313705
1651076581.032115 28.78990303560461 -8.53537714975546 -0.2072622948400061
1651076581.433469 28.789445904875173 -8.535297216504466 -0.20740475970799432
1651076581.832236 28.789616019913147 -8.535322068335793 -0.20738189658063305
1651076582.2334538 28.78958324157994 -8.53532612575629 -0.2074212814650302
1651076582.6320865 28.79087345837549 -8.535580228878136 -0.2075378060648836
1651076583.033203 28.79768334458285 -8.535285777054582 -0.208225954369185
1651076583.4330788 28.798791826173737 -8.532475738307301 -0.2090311986316582
1651076583.4330788 28.798791826173737 -8.532475738307301 -0.2090311986316582
1651076583.833142 28.78350216079984 -8.502768148657928 -0.22138013725100752
1651076584.6330957 28.739166896151037 -8.335866469406275 -0.32861841545378173
1651076585.0331006 28.705616061215622 -8.31889864146002 -0.331012832573301
1651076585.4330945 28.610610765660848 -8.29558892365458 -0.32854251442474375
1651076585.8330927 28.334598044885514 -8.207735523121684 -0.30537521962824926
1651076586.231753 28.057297446802266 -8.054563592716503 -0.304219441862763
1651076586.6328897 27.761139713410557 -7.8999165138294964 -0.2718248491859818
1651076587.0329168 27.656786948769177 -7.818519752765434 -0.23166951587750514
1651076587.4330118 27.662217818354915 -7.8241864252264985 -0.23927395179333016
1651076587.8329756 27.655000511268117 -7.813523561689066 -0.24466282758462773
1651076588.232979 27.61291005528527 -7.764524138807683 -0.245034659958506
1651076588.232979 27.61291005528527 -7.764524138807683 -0.245034659958506
1651076588.6332157 27.498754482620843 -7.673781195211861 -0.24109462539015017
1651076589.0326178 27.303574920518443 -7.545785574239818 -0.23803391928094877
1651076589.432606 27.066295933857095 -7.380128009578717 -0.23303266511532877
1651076589.8338792 26.795961880441258 -7.210273796295995 -0.23766729770672418
1651076590.2326884 26.460355441209984 -7.070893994066104 -0.2377679517793733
1651076590.6326995 26.094761447714138 -6.957108775125766 -0.2328303138888214
1651076591.0327685 25.76128389466981 -6.859303597360492 -0.23549754344207616
1651076591.4327502 25.412365800626215 -6.752037198648587 -0.24123677516113892
1651076591.8315167 25.049812825575454 -6.69558770860868 -0.23215497299009716
1651076593.4336448 23.62993311204982 -6.690966471120932 -0.20503731986319187
1651076593.8335106 23.2189821530705 -6.78940579000132 -0.19414452347989614
1651076594.2334871 22.826353893746308 -6.866706476599165 -0.19271302902288082
1651076594.6334913 22.46406188035127 -6.8974441066951595 -0.20074162935542172
1651076595.0335085 22.044160732758055 -6.917312644110815 -0.19508299634688583
1651076595.4335077 21.662698493621015 -6.908704971010449 -0.21188593993491034
1651076595.833521 21.449837373597347 -6.879337571042477 -0.20774213111889273
1651076595.833521 21.449837373597347 -6.879337571042477 -0.20774213111889273
1651076596.2335358 21.46024150655806 -6.863826694893901 -0.21021246338850574
1651076596.6347547 21.460844833135287 -6.860593379080947 -0.21022136297999727
1651076597.0347815 21.462153276172153 -6.860409336289055 -0.21019747158607882
1651076597.434787 21.548716165683476 -6.890669249245264 -0.20993395919087998
1651076597.833516 21.715595164202597 -6.953766127039958 -0.21076510057697231
1651076598.2347696 21.9372232167403 -7.049269402723091 -0.20553298859544727
1651076598.6336026 22.255295249019838 -7.154597651003827 -0.19361742578320335
1651076599.0349352 22.590451619111295 -7.264758580425056 -0.196417718894587
1651076599.4362545 22.9207821114691 -7.387210446487217 -0.19633198025503604
1651076599.833746 23.24244155254008 -7.5187996421341206 -0.1950255525151053
1651076600.6337538 23.693943014822846 -7.7987792230609685 -0.20041324209427613
1651076600.6337538 23.693943014822846 -7.7987792230609685 -0.20041324209427613
1651076601.033741 23.942589225426847 -7.964288302741089 -0.18965748899112417
1651076601.4337199 24.229626659710302 -8.167182758585142 -0.18157061571169736
1651076601.833718 24.525859301874195 -8.35757031958412 -0.17418458221556748
1651076602.2337384 24.844971647511038 -8.555597256472938 -0.16834662547895993
1651076602.6337264 25.163773402951815 -8.745358333026862 -0.16751517350072712
1651076603.0337536 25.491438328201298 -8.92667246514736 -0.16663820811058638
1651076603.4337735 25.810178817060187 -9.094170985526882 -0.1613353488644839
1651076603.833756 26.132497842853077 -9.259091364956571 -0.15009541261832374
1651076604.232529 26.463572483685535 -9.420312028421476 -0.14367178635721267
1651076604.6337404 26.803786676508455 -9.571572159003662 -0.1379494161042061
1651076605.0324795 27.141624311228426 -9.716702096279374 -0.13101476178134308
1651076605.4337583 27.47231942111535 -9.857878206854844 -0.13040465164092485
1651076605.4337583 27.47231942111535 -9.857878206854844 -0.13040465164092485
1651076605.8336341 27.746957157111822 -9.991749127338496 -0.12360485502172493
1651076606.233777 28.060358412112425 -10.143358057841178 -0.11334663104602037
1651076606.6337178 28.391193511978997 -10.300962484607798 -0.10561104776249618
1651076607.0337296 28.726614827974043 -10.458746331085898 -0.09948302164269135
1651076607.4338408 29.056268198447597 -10.60713806009232 -0.08689559753939152
1651076607.8338673 29.396882784514005 -10.76043680519709 -0.0828973611543191
1651076608.2338402 29.73028792868931 -10.910991701209541 -0.0745636570465307
1651076608.6337483 30.056811529043923 -11.066165619965151 -0.06514730769872555
1651076609.0337884 30.37604109988182 -11.215012862891754 -0.05406347015452105
1651076609.4324582 30.712965320423578 -11.368045178781614 -0.04495834647541043
1651076609.8336062 31.049836862266933 -11.52004643673885 -0.03910576223976217
1651076610.2337418 31.388038556003465 -11.675076497706435 -0.029972214603822583
1651076610.6325238 31.71780462560553 -11.817335188151285 -0.02051158767171237
1651076610.6325238 31.71780462560553 -11.817335188151285 -0.02051158767171237
1651076611.0336218 32.05599865027256 -11.966746545351462 -0.012305665214684404
1651076611.4338045 32.389373041475416 -12.119834318146562 -0.004955931633173009
1651076612.633755 33.4083848940372 -12.560626048359302 0.015190759439278502
1651076613.0337574 33.75823307699421 -12.695399159320198 0.019591148332779404
1651076613.4338522 34.13015486315268 -12.803689809825515 0.021316410447444298
1651076613.8339305 34.49214822187988 -12.891384182990823 0.02402131648124243
1651076614.232704 34.84516016895181 -12.976557081206485 0.030037843628314093
1651076614.6338294 35.21203358906881 -13.05308091556658 0.03588498594808902
1651076615.0337238 35.577133130392596 -13.131601058209517 0.041123888687500804
1651076615.436819 35.82892699840642 -13.174655520665569 0.04658391206997623
1651076615.436819 35.82892699840642 -13.174655520665569 0.04658391206997623
1651076615.834249 36.31863623332332 -13.249748257155519 0.05262406464511329
1651076616.2343638 36.690699133064676 -13.28954592170657 0.05782078757777857
1651076616.6343799 37.06410234196959 -13.312435232829424 0.06465014894220489
1651076617.0343573 37.44398804271274 -13.327863045889526 0.06964710402226733
1651076617.4331498 37.75771100152785 -13.319993887529066 0.07105856789310176
1651076617.8331182 38.006470590810174 -13.32265993622744 0.06721720722683702
1651076618.233237 38.40857947309374 -13.31073195303275 0.05378819637211706
1651076618.6332705 38.78424327185219 -13.286959472316642 0.048687793626650794
1651076619.033246 39.12448232565103 -13.289606943713533 0.046250860454787136
1651076619.433222 39.46501033165484 -13.298425610323743 0.0517085281984489
1651076619.83316 39.84319424342523 -13.300573115050588 0.0453135516935037
1651076620.2330928 40.20881251906995 -13.305705643681685 0.040198734295622957
1651076620.2330928 40.20881251906995 -13.305705643681685 0.040198734295622957
1651076620.6329904 40.572490775310115 -13.30859535044735 0.04183618280859207
1651076621.8330066 41.66146257807354 -13.302325708255035 0.05458635089718538
1651076622.2330284 41.99425236687526 -13.295231181703572 0.057744607917335024
1651076622.6329913 42.21475043476155 -13.285161694886026 0.05741678760231623
1651076623.4331043 42.78370461876189 -13.26698797139876 0.05522634581839179
1651076623.8330944 43.18642615000993 -13.200987774641424 0.044460610233769036
1651076624.233082 43.56919114951276 -13.110103421130091 0.029195459196621396
1651076624.6330059 43.92047999517798 -13.019310424894677 0.019537841093931224
1651076625.033129 44.2653139096193 -12.913814371022964 0.015241477411079066
1651076625.033129 44.2653139096193 -12.913814371022964 0.015241477411079066
1651076625.433056 44.60044962678005 -12.785266611314416 0.00928341276675702
1651076625.833008 44.93679690319186 -12.641617700257905 0.00186674607638496
1651076626.2330093 45.25988876388111 -12.493382308321479 -0.0026435393602605474
1651076626.633033 45.521700801456255 -12.37396332036692 -0.004740186521733179
1651076627.4331067 45.960329793735085 -12.225622180440078 -0.004287566634565522
1651076627.8331077 46.29716742548411 -12.081051794534513 -0.009801435102466637
1651076628.2331393 46.62717645008756 -11.935545456626992 -0.013029562905626482
1651076628.633097 46.93440211846758 -11.806517593035386 -0.009669301873705483
1651076629.0329435 47.26486297865126 -11.675971328685707 -0.007293209624830229
1651076629.8329768 47.98049094689868 -11.337271700930112 -0.022883479466818363
1651076629.8329768 47.98049094689868 -11.337271700930112 -0.022883479466818363
1651076630.2328706 48.31112300977817 -11.140681722519767 -0.03192070715165306
1651076630.6339865 48.61945068481093 -10.929120910979783 -0.03899212636651563
1651076631.033969 48.92442067157905 -10.711319441668758 -0.042788223008006096
1651076631.4339726 49.233867013575086 -10.502805282240496 -0.04865269301671425
1651076631.8327549 49.54053007277204 -10.282289638126644 -0.05709338668334409
1651076632.2340126 49.83268161078174 -10.065903259706856 -0.06214093300919765
1651076632.6327782 50.112603542276666 -9.869437999289305 -0.05956748805812993
1651076633.433971 50.683815814633945 -9.450692888132343 -0.054607540878768075
1651076634.63375 51.527712762147004 -8.816778904856747 -0.015915563602718185
1651076634.63375 51.527712762147004 -8.816778904856747 -0.015915563602718185
1651076635.0337312 51.80230904154341 -8.636726129193294 -0.0009276693694666306
1651076635.8335948 52.420506189935395 -8.199930740604586 -0.007723549873630682
1651076636.2335944 52.75040823976728 -7.966118964320869 -0.013385662584590837
1651076636.6336372 53.02909898128794 -7.757585204132462 -0.011565568149470374
1651076637.0336583 53.29109028363236 -7.561726350135085 0.008120892037531085
1651076637.4349165 53.56654374639529 -7.3308319051593545 0.02541238268224295
1651076637.8351038 53.884220782814964 -7.096252311270561 0.035105251403047884
1651076638.6352031 54.4418992278208 -6.639057866056768 0.044602980922195445
1651076639.433857 55.02071804690436 -6.171233216843703 0.06374417405838714
1651076639.433857 55.02071804690436 -6.171233216843703 0.06374417405838714
1651076639.8338964 55.308616308474214 -5.971507549763008 0.07204105142380089
1651076640.2326152 55.555900452864876 -5.760464005700322 0.07855408436734548
1651076644.233548 58.45954639582593 -3.2462764219502045 0.16462742888042528
1651076644.634652 58.612676565108245 -3.1086029219944513 0.17758100160029042
1651076645.0347633 58.89924434715691 -2.8316730079648824 0.18112988824426324
1651076645.4347854 59.16803682658919 -2.5797874877723315 0.1888077232703386
1651076646.2347112 59.695638961638295 -2.0828693201936126 0.20928405588464644
1651076646.634603 59.99666500086806 -1.8156804114198708 0.2104824732237708
1651076647.4335294 60.53686662810886 -1.2665108495647148 0.2082268360756091
1651076647.8335564 60.76472010252179 -1.0154332338106888 0.214298243168413
1651076648.6335316 61.290608654369564 -0.40933684546365734 0.21474709734422887
1651076649.0335617 61.5385244267669 -0.12043927275631035 0.21324321482639708
1651076649.4366195 61.709078073090396 0.09434340245025269 0.21414240800796103
1651076650.6322722 62.447628594590505 1.0153625904839316 0.23418658094892128
1651076651.0322843 62.6265093350841 1.3048150380692634 0.2554774830688952
1651076651.4322498 62.81905050671765 1.589288897478759 0.27004780636795117
1651076651.8322828 63.00547572920141 1.9064597418981721 0.28383554428307023
1651076653.0322292 63.34838439834078 2.469403573039033 0.29258285116951116
1651076653.4324307 63.529520625833875 2.806616878856476 0.3037783128779631
1651076653.83212 63.68771221776835 3.1646123844790393 0.3141291454812466
1651076654.232104 63.88115867738332 3.5064480569995564 0.31193821236704444
1651076654.6321278 64.069827547126 3.8733824787753046 0.30547311329383514
1651076655.032137 64.2506968706076 4.237105152151754 0.2948937391681351
1651076655.4364927 64.36885712478374 4.43606366221922 0.2867068750279458
1651076657.431986 65.16474928647689 6.229777857301252 0.3185066657780757
1651076659.0338445 65.41143161502183 7.536291207089603 0.34026996687865224
1651076661.4330893 64.86512079763362 9.680431307543154 0.3110997608998312
1651076661.8343766 64.67292917888919 10.021133962678157 0.28836360977907
1651076662.235747 64.43304853291251 10.378965676345365 0.26233919114647963
1651076662.6332312 64.17344276207125 10.729645351192499 0.22418633926122475
1651076662.6332312 64.17344276207125 10.729645351192499 0.22418633926122475
1651076663.0334382 63.94065119922721 10.979760415353757 0.19338550005858857
1651076686.6344604 76.09818232388226 12.928278248653447 0.15829220543049471
1651076687.0357735 76.37095739893934 12.6936221496771 0.15606163144750257
1651076687.435754 76.65304450482212 12.474236655321857 0.1547193135288333
1651076688.2319674 77.13599573418553 12.109781109335355 0.15261226317570575
1651076688.633217 77.2173920368717 12.03203880829587 0.15507649977831464
1651076689.0330758 77.21211566172553 12.05459021787773 0.1540544769577726
1651076689.4354832 77.3114065595377 11.975226754633324 0.1559131453049704
1651076689.8355114 77.4944131703668 11.856349890912043 0.15688891502866106
1651076689.8355114 77.4944131703668 11.856349890912043 0.15688891502866106
1651076690.233986 77.65098798859636 11.785663341694283 0.15744385934867206
1651076690.6347759 77.7645396251051 11.649496634087487 0.08753181703867878
1651076691.0349085 77.7657246236796 11.674698132726789 0.15823459068539014
1651076691.4362535 77.76610537542055 11.674148242293356 0.1506541714683198
1651076691.8351147 77.76583555436632 11.673044779705618 0.15098676564460864
1651076692.2339306 77.76556428443101 11.67318267660941 0.14983414403149936
1651076692.6327686 77.76673978612881 11.673436571115825 0.14974751854385335
1651076693.032774 77.81198794579578 11.661387252161438 0.14958841193949707
1651076693.4327998 78.01391392832724 11.473841242008431 0.1423710319356229
1651076693.832813 78.27955348868144 11.256409092722967 0.12410337465592942
1651076694.6340296 78.71977152129156 10.890581228820313 0.10220664538629626
1651076697.4351184 80.661574056631 9.971859422081945 0.11765080780389525
1651076697.8339126 80.94279172013935 9.916149494918464 0.1197073244513692
1651076698.2352407 81.24457189037017 9.862677242243635 0.12140489533260909
1651076698.635263 81.62129855517213 9.82568295342125 0.11898521219260354
1651076699.0339801 81.98214376695313 9.830036986062 0.12716785831612937
1651076701.0350296 83.81232993726259 9.907229104817938 0.17424552269906854
1651076701.4352121 84.18369816121593 9.948620192846127 0.18431840081288167
1651076703.4347415 85.9836309423327 10.07179162958418 0.20177707545296933
1651076704.2347322 86.72253828413184 10.123581201032122 0.19751155280696003
1651076704.634738 87.05676300890907 10.150598964807537 0.20910903070525844
1651076705.0347328 87.41227350701847 10.158167514397258 0.19597104530695744
1651076705.4347217 87.77109359165561 10.184466344078745 0.19702428086648846
1651076705.8338532 88.13881593557774 10.216542764654262 0.21075578867201925
1651076707.035141 89.28254583058428 10.33471139839895 0.19430547705707507
1651076708.2356627 90.26843485560462 10.329109435269826 0.20287419465726644
1651076708.635631 90.65900964457012 10.327868177452382 0.20198235083732372
1651076709.0343566 91.04104020104323 10.322357414931485 0.19564711455334535
1651076709.4344902 91.4224688256262 10.318246370176292 0.19168621795742366
1651076709.8345177 91.80105331173915 10.299287169152853 0.18216283746668677
1651076709.8345177 91.80105331173915 10.299287169152853 0.18216283746668677
1651076710.634389 92.54242963079625 10.283300832544116 0.16473922819456485
1651076711.0345187 92.86882517293715 10.265165357053345 0.15828131377854804
1651076711.8345687 93.60254488185646 10.247947650039361 0.15454531044933423
1651076712.6345444 94.34194418947382 10.238511226847587 0.1470962718279842
1651076713.8357177 95.4312749721729 10.219710758885672 0.1478092207005314
1651076714.6344802 96.16070051049603 10.197718273959033 0.14304586720119447
1651076715.0357819 96.52255917387056 10.19145525799139 0.14294171426541605
1651076715.4356966 96.88143368563406 10.188454766127881 0.14718454439895778
1651076715.8343735 97.23378361972156 10.164502090631315 0.15315614873732
1651076716.234518 97.59026698092059 10.159399351409204 0.15976812157218906
1651076716.634542 97.9477968761314 10.138749274403562 0.16796933886612397
1651076716.634542 97.9477968761314 10.138749274403562 0.16796933886612397
1651076717.0346036 98.30321728792237 10.111638208647555 0.17374975056888478
1651076717.4346404 98.66539692607948 10.101115553996006 0.18862253587326244
1651076717.834694 99.02428532949803 10.078633681096314 0.1941306577075074
1651076718.634642 99.74346576061423 10.045672767582014 0.21336216720714124
1651076719.8355353 100.8426765119363 9.996666920025572 0.24876825386921322
1651076720.6355073 101.59067261268765 9.959642451627127 0.2556320476941932
1651076721.0355093 101.95544409354181 9.947307674499456 0.2644455527712032
1651076721.4355128 102.31764688001911 9.923067950967699 0.2708835227026341
1651076722.6342268 103.4225498918189 9.881897136062841 0.28938325990260527
1651076723.034286 103.78177415265115 9.8667074415539 0.29610414590441864
1651076723.4342654 104.15021233051891 9.849591608278343 0.2975917601047588
1651076724.2353477 104.88583027924959 9.82495306894962 0.3312966227898804
1651076725.4353719 105.9755009957185 9.801938989554982 0.34624401900006124
1651076725.8354845 106.34660559751994 9.791899781292603 0.35838738909601003
1651076726.2343504 106.71444176570172 9.788029723632928 0.3682712072946486
1651076726.6345053 107.08900269830599 9.776554490283944 0.37561090172192807
1651076727.8357632 108.17540086499841 9.752801606503612 0.39480195307321736
1651076728.235732 108.27072561020765 9.74523139288411 0.3834942823571998
1651076728.6344795 108.26572883724434 9.74953401114292 0.38654590694184704
1651076729.0357869 108.26542410307486 9.750226626204313 0.38693428725967066
1651076729.434505 108.26507230924489 9.750215517165154 0.38731885951224615
1651076729.8345628 108.26455720092706 9.750266848462825 0.3868765965698367
1651076730.2344904 108.26554410542433 9.750350585451105 0.3867554974157036
1651076731.034484 108.26480471517937 9.750421149311116 0.38677679984510627
1651076731.434523 108.26520311276695 9.750225582746015 0.3869881332185659
1651076731.834507 108.26567101245627 9.750044845815927 0.38704436498641825
1651076732.2345376 108.26689097449413 9.750101563731654 0.3870094443499768
1651076732.6345265 108.26679506554709 9.74994205554657 0.38696125140826465
1651076733.0344853 108.26679745567428 9.750146289531086 0.38676499603759096
1651076733.434473 108.26713071306918 9.7506786352793 0.38686024396668134
1651076733.8345122 108.26758491665137 9.750520664420062 0.3873654342963208
1651076734.2345078 108.26692990527474 9.750670836950276 0.387055858971554
1651076734.63452 108.2658516504387 9.750608016415084 0.3869256819261779
1651076735.0345972 108.26692021770982 9.750445371973187 0.3870199011426202
1651076735.4359453 108.26654306215087 9.750732006017856 0.3869981685884077
1651076736.234946 108.26602369621018 9.75036806071931 0.38697401687124794
1651076737.0362275 108.26586061435633 9.749952197305303 0.3868964819829647
1651076737.8362362 108.26503550973422 9.75075567323775 0.3868135755141632
1651076738.2362323 108.26503629601594 9.750750600799918 0.38672138882291685
1651076738.6350412 108.26474483573946 9.750107162385362 0.3861584892733412
1651076739.035012 108.26519638866172 9.749894094448083 0.3859841794029816
1651076739.4350195 108.2646173125756 9.749643073993717 0.38577377585750044
1651076739.4350195 108.2646173125756 9.749643073993717 0.38577377585750044
1651076739.8352563 108.2648056459412 9.749660034133965 0.38602881649466686
1651076740.234542 108.26494169750934 9.749927733725618 0.38616595746786153
1651076740.634514 108.26511069308282 9.749725221947768 0.38612381142828234
1651076741.0345268 108.26472137701631 9.749343851717176 0.38667202286386715
1651076741.4345076 108.26502990424119 9.74957907899653 0.3871273013039687
1651076741.834474 108.2642482038783 9.74957211749441 0.38689405808587496
1651076742.2344718 108.26552003498982 9.75027126859494 0.38706097370376735
1651076743.0344691 108.26446892726287 9.750209180751984 0.3877435090730561
1651076743.4344795 108.26556970253101 9.750040865454501 0.387397392701933
1651076743.8345072 108.26578057573026 9.750498749577144 0.38709099282282633
1651076744.2345152 108.2658826879086 9.750267925687442 0.386811301301063
1651076744.6345048 108.26483167979069 9.750101268085436 0.38729236121377586
1651076744.6345048 108.26483167979069 9.750101268085436 0.38729236121377586
1651076745.1687648 108.26574882893061 9.750168434747854 0.387440749237155
1651076745.434521 108.26552316950537 9.750103537357175 0.3876004030741121
1651076745.834479 108.2654483823876 9.749937360972535 0.3874293654769345
1651076746.2344904 108.26480753622198 9.749703064640471 0.38722556832099475
1651076746.6344717 108.26523612558739 9.750513149526649 0.38736050856105547
1651076747.0345252 108.26905086225901 9.750734981743303 0.3875755760568161
1651076747.4345148 108.44429727353078 9.758821023047913 0.3946831854578059
1651076748.2344685 109.11975993426624 9.753420631482767 0.4094983055303277
1651076749.034467 109.82854951251606 9.735583687965162 0.4143535083096135
1651076749.034467 109.82854951251606 9.735583687965162 0.4143535083096135
1651076749.4346206 110.17808555779064 9.725972894333411 0.4151118507635095
1651076749.834622 110.51856752501286 9.731941609178875 0.4209155253821197
1651076750.634737 111.23293709644116 9.73072387521173 0.43079472488006065
1651076751.0347807 111.58659251913092 9.73330772049666 0.436982212203731
1651076751.434761 111.92837462098639 9.733408526859156 0.44731325954632184
1651076751.834773 112.28456303015577 9.730775400162893 0.45647297671821196
1651076752.234695 112.64440778451345 9.731387529026073 0.4650406561006058
1651076752.6346204 113.01501549157747 9.733621485871788 0.4733871196194561
1651076753.0346332 113.37307299995763 9.73768387560166 0.48161501001755824
1651076753.4346836 113.73568520379307 9.740170486816533 0.4898001452562977
1651076755.0346458 115.19076292507076 9.758233887566055 0.5266467996553157
1651076755.434611 115.5384259705635 9.759905878136147 0.5390282820792793
1651076764.6346545 120.2575045837533 9.792020789384038 0.8459134572297402
1651076765.034661 120.60339336240136 9.79460877232894 0.8751435594616679
1651076765.4346557 120.94899158093757 9.808983361121367 0.8971254575125673
1651076765.8357897 121.30856836523793 9.801492177548443 0.9290723109947255
1651076774.635194 129.22034075446092 9.889819059674767 1.4969554456506156
1651076775.0352266 129.5766508475994 9.899924633857607 1.515098195695536
1651076775.4352176 129.92835261002597 9.92414313391275 1.5397627481997485
1651076775.8352582 130.27651944283986 9.958243411669878 1.5642940243668686
1651076776.2352316 130.62247357207096 9.995378455639445 1.5946682899881097
1651076778.2349365 132.43448735732622 10.283688689408443 1.7065495177655983
1651076785.0351238 138.57771282608024 11.039361879430322 2.1054246417579447
1651076785.4352102 138.9222339873206 11.112547264836774 2.134195380557742
1651076785.4352102 138.9222339873206 11.112547264836774 2.134195380557742
1651076786.6355295 139.96127502169284 11.385011757737763 2.2185927253257063
1651076787.0354831 140.29689311429883 11.467761974936167 2.2538003372773754
1651076787.4343772 140.62637012656208 11.551562048160463 2.291832606223094
1651076787.8356488 140.96349862698304 11.638734087619643 2.329131021612613
1651076788.6345382 141.64656682552769 11.789911124981794 2.410731926055196
1651076789.4344776 142.32043528549497 11.979570200926485 2.4870305146252623
1651076789.8357663 142.66106898666496 12.076569556832467 2.5268366802847724
1651076789.8357663 142.66106898666496 12.076569556832467 2.5268366802847724
1651076790.2356331 142.99158845644263 12.166981037300285 2.565224013710158
1651076790.6357393 143.21418399128433 12.203441468173526 2.5930610768415194
1651076791.0357246 143.47320546731154 12.223449519207788 2.62491795944886
1651076791.4344742 143.8265967933681 12.275758561215218 2.6707751990940922
1651076791.8357198 144.1715364909477 12.337927671338715 2.71743750123776
1651076792.2357175 144.52186232271745 12.403394728183937 2.7658947102304547
1651076793.0345151 145.10752564538808 12.512260116821833 2.8513717724820418
1651076793.434491 145.40153583161302 12.562455534317923 2.8990485229880183
1651076793.834472 145.73876654178687 12.616357641179148 2.9538407267342066
1651076794.6347299 146.42183983804077 12.72148829952804 3.063154748919646
1651076795.434705 147.1160710004395 12.826291186925717 3.173394069643528
1651076795.8346047 147.45503956163483 12.877180196587839 3.230244029454824
1651076796.2346334 147.7915564479044 12.929623617643081 3.28965728433834
1651076797.0346143 148.46229392510395 13.042940114040613 3.4073788354468086
1651076797.434597 148.80195396485806 13.106892273421932 3.466584618875736
1651076798.23584 149.472917406455 13.239175464844871 3.5829014288657226
1651076798.634468 149.80133548188667 13.30328777590926 3.6443669266379293
1651076799.4345329 150.46599963561127 13.421088613412595 3.7653227030253893
1651076799.834521 150.80919929807177 13.48347057209141 3.827133834929147
1651076800.2345114 151.14451031842893 13.542685118161693 3.8901952910184967
1651076800.6357782 151.4753884618918 13.605726682892968 3.9585011707031597
1651076801.0357566 151.7978684773463 13.666426157417076 4.025700129562304
1651076801.835757 152.43863791604903 13.776387290652677 4.166888563094812
1651076802.2357798 152.749293329393 13.831395568873717 4.239814731102327
1651076802.6357808 153.06360032577916 13.888540000223774 4.314176830193301
1651076803.0357535 153.4009015782164 13.956637890673596 4.38729950939629
1651076803.4358382 153.73861106688156 14.07468599429804 4.463004139397294
1651076803.8344924 154.077023639279 14.135169011282075 4.538056513299175
1651076805.0357711 155.0636418518273 14.339096631320666 4.737362494052248
1651076805.435878 155.30915728428343 14.380775232927952 4.7924808523328934
1651076806.2363691 155.88014009822354 14.448158792609334 4.900593119178876
1651076807.0365438 156.29358256258683 14.481371517359042 4.982862982511177
1651076808.235038 156.36847932070935 14.488434937365716 4.97967427526911
1651076808.6350453 156.49051316531975 14.512827657190808 4.991271333266499
1651076809.0350327 156.69001048062728 14.529829509389513 5.015366886652405
1651076809.435044 156.90125324206565 14.532959734773234 5.046277004169345
1651076810.635138 156.86359877940527 14.50165619392125 5.06957999829026
1651076811.0352278 156.83897495547234 14.49623915650005 5.061335870311074
1651076811.4352481 156.84019614051707 14.491971536453498 5.057821160072445
1651076811.835257 156.79598788728987 14.484190566947216 5.053569604127482
1651076812.2352407 156.71280229490344 14.460632327935713 5.04344563205775
1651076812.6352649 156.62236656326465 14.428835732737815 5.028927557102131
1651076813.0352402 156.53150170380124 14.390808600174715 5.01356355921302
1651076813.4351559 156.4463835396972 14.298472469101974 4.996737423889506
1651076813.83517 156.35628209242245 14.240881298913505 4.978583181563272
1651076814.2351353 156.28348117747626 14.202822811287774 4.960944835444589
1651076814.63513 156.2739404510873 14.184348658078376 4.947543899715694
1651076815.8351367 156.61854462507964 13.925705701667924 4.9722813536314625
1651076815.8351367 156.61854462507964 13.925705701667924 4.9722813536314625
1651076816.235181 156.7193002032319 13.7331935600409 4.9790482129921845
1651076816.6351726 156.6846287525749 13.640452244402114 4.97266766000442
1651076817.4352386 156.5448801698602 13.563010216902217 4.949286207404999
1651076818.2352185 156.38289068350042 13.504913506041753 4.9200412447191875
1651076818.6351223 156.29825233569503 13.481856071432723 4.905191441408735
1651076819.0352209 156.20823991850676 13.46851510207186 4.888582373823217
1651076819.4351728 156.1255237718382 13.45728933787334 4.871691376878519
1651076819.8352373 156.04393760667014 13.44838770125487 4.855893363509684
1651076819.8352373 156.04393760667014 13.44838770125487 4.855893363509684
1651076821.4350703 155.90276419426257 13.41971365916694 4.820125468046756
1651076821.8349864 155.86182377708002 13.422787287695556 4.815143704598563
1651076822.2349877 155.8510166234077 13.419390322561881 4.8107063426084915
1651076822.636118 155.84849086206756 13.415221981367928 4.808840020677602
1651076823.0348485 155.84468253264635 13.413892912918735 4.808073129815632
1651076823.4348495 155.81572159156934 13.413417109884715 4.804863933205908
1651076824.6348696 155.6854166848822 13.407967155675271 4.778132712908109
1651076824.6348696 155.6854166848822 13.407967155675271 4.778132712908109
1651076825.0361009 155.5968975892699 13.404724031013274 4.768297456547626
1651076825.4348238 155.39039144402193 13.382177799036423 4.749686703809033
1651076826.2347977 154.69845017883955 13.211608916428256 4.680767692608074
1651076826.6346831 154.28646665415462 13.177369307078205 4.499724292858284
1651076826.6346831 154.28646665415462 13.177369307078205 4.499724292858284
1651076827.0344563 153.9290923289642 13.148773039091408 4.412329841509615
1651076827.436988 153.59586087494083 13.141147998820411 4.348050660401689
1651076828.2357895 152.87183985222774 13.223711619500149 4.189667462635718
1651076828.6344385 152.4884955355656 13.210501793371842 4.111927372067762
1651076829.0368202 152.1141241244911 13.196834342639342 4.0361191850644556
1651076829.4369864 151.7395199816268 13.17811961354703 3.9598371045846656
1651076829.8369603 151.35608513800864 13.15238664313086 3.8875394945315773
1651076830.2369483 150.95098344005382 13.107628432803438 3.800478916124337
1651076831.0371013 150.2371125572984 12.907266071189827 3.659967809773006
1651076831.434606 149.90187327025663 12.80881990955783 3.606902291368001
1651076831.434606 149.90187327025663 12.80881990955783 3.606902291368001
1651076831.8347657 149.58468130191397 12.720538501816558 3.5452214964774664
1651076832.2347217 149.3407951602213 12.635192500626001 3.495276822198151
1651076832.6347036 149.0999743211124 12.603264072885601 3.4612340204620415
1651076833.434738 148.44487223287666 12.48838652719578 3.354139038157434
1651076834.2348228 147.7235223709303 12.405297546630614 3.2371651323829638
1651076834.6361005 147.35156261019887 12.375819197050191 3.174093576286075
1651076835.034855 146.98672466425472 12.347971882009881 3.1151795426611453
1651076835.4348273 146.63258534769088 12.32523592036791 3.0623012806339296
1651076835.8350244 146.27081090007272 12.30062772612576 3.0069416690934774
1651076836.2351286 145.90301345275896 12.27552798636924 2.948897351553356
1651076836.6362333 145.52962828380382 12.25952404837575 2.8825617851313363
1651076837.0350032 145.16161808186624 12.243208036381178 2.823760661643462
1651076837.8351185 144.43443291436034 12.233456949474233 2.694307390510085
1651076838.2351158 144.07595592720136 12.230171423827104 2.6352127267676777
1651076838.2351158 144.07595592720136 12.230171423827104 2.6352127267676777
1651076838.6353297 143.73929701930408 12.230761847038714 2.5868035098066593
1651076839.0346038 143.40665891255802 12.218054515905385 2.551137402153524
1651076839.4358609 143.06483978952156 12.189468452410383 2.521014631288529
1651076839.834648 142.7063958168063 12.145775999953697 2.493187302917792
1651076840.234636 142.33779322746366 12.10611445256727 2.4464368746329317
1651076841.4345634 141.2271721116632 11.969012959059336 2.3309127109968593
1651076841.834558 140.8669615369132 11.899427094932813 2.295186228873751
1651076842.2345629 140.50646252878266 11.820071912721724 2.25880503505678
1651076842.634555 140.1398525879788 11.719998092018573 2.218199411489928
1651076843.0345871 139.77777434397618 11.641682829848548 2.1813118688289235
1651076843.4358428 139.42694517673695 11.563356976573825 2.1625002519791576
1651076843.4358428 139.42694517673695 11.563356976573825 2.1625002519791576
1651076843.8346417 139.0844375422238 11.48199137760732 2.1429921983876277
1651076844.234582 138.72690276506302 11.414614951398816 2.121981688692666
1651076844.6345751 138.40541705998757 11.350549270296169 2.097206073381022
1651076845.0345757 138.14574251223868 11.28070036400297 2.075025591978638
1651076845.4346054 137.8249721028374 11.212395680546955 2.052412607731173
1651076845.8345988 137.47202167970997 11.15342933218119 2.0271821533406027
1651076846.2346063 137.11318148602166 11.079202021343706 2.0019710770149497
1651076846.6345992 136.7472931451384 10.994530406409288 1.972896641222677
1651076847.0346448 136.38713269993497 10.92502460451072 1.948371445926754
1651076847.8346026 135.72138715560797 10.825496707302225 1.894575307868255
1651076848.6346068 135.0320835509806 10.738882236987271 1.8472901085733877
1651076849.0346465 134.67988092567742 10.691360742106927 1.8294342324366124
1651076849.278555 134.3253027872603 10.646311998375781 1.8122081364809095
1651076849.8345907 133.97109783998127 10.602011272206429 1.7946629913351964
1651076850.2345588 133.60832749589744 10.556313147999463 1.7759803392143532
1651076851.4356997 132.49757123802533 10.444603358631603 1.719191391395454
1651076852.6351125 131.41731412612816 10.363024977784532 1.6411936893669365
1651076853.835075 130.2859167430555 10.273807667123862 1.57793950310878
1651076854.2351112 129.90786938218923 10.254059589651128 1.563155661431271
1651076854.6351295 129.52835138017568 10.240385336769386 1.5412966066136111
1651076855.0352404 129.15149689067434 10.220716929965873 1.519745436707577
1651076855.435236 128.78367150607963 10.19983814116854 1.5018284565278626
1651076856.2352233 128.03580188327643 10.168265583303675 1.4570330549412907
1651076856.6352406 127.67263634111637 10.150497466526048 1.4356429610357753
1651076857.0352473 127.30357142212263 10.130418054369997 1.4142958053535497
1651076857.4352813 126.92476788996004 10.110789434603642 1.3928104569399504
1651076857.835327 126.54995849013278 10.095311637954207 1.3709104069712317
1651076859.0353165 125.45062723165219 10.056991441540356 1.3034293314787095
1651076859.435319 125.07915133046828 10.048749121030376 1.2766649466256026
1651076859.835355 124.70977168776525 10.048742388234388 1.2420243499870767
1651076860.2353396 124.33781715413957 10.061616640217872 1.1869077174707243
1651076860.6353123 123.96356177302027 10.063622408766017 1.1456597635949384
1651076861.4352224 123.21920985409922 10.050650062697814 1.090387202780083
1651076863.0352497 122.21663250214047 10.052162260813123 1.00721457440856
1651076863.4352589 121.8910341740007 10.035351890642868 0.9948925378369873
1651076864.235319 121.16679043150192 10.013610383297953 0.9364337125745119
1651076864.6353028 120.78866349172775 10.071623172570757 0.8968322003421833
1651076865.0352504 120.42196372952598 10.097615973794449 0.86928420471408
1651076865.436506 120.05227910467318 10.110649593284862 0.846139606593836
1651076865.436506 120.05227910467318 10.110649593284862 0.846139606593836
1651076865.8353631 119.69343087396075 10.119826483453963 0.8138684542057564
1651076866.2353215 119.32243946635259 10.135633515795213 0.787412872950338
1651076866.6353247 118.94120020034899 10.138935385813339 0.7625084951156411
1651076867.035374 118.57202629391027 10.137115662406906 0.7311648110744324
1651076867.4353952 118.21092852286672 10.137701733215925 0.7088314461324289
1651076867.8353653 117.84670208435699 10.126413358994053 0.6852085342382647
1651076868.635501 117.5574660809296 10.116060278192489 0.6650580015000213
1651076869.0354362 117.22141543656642 10.100425819471198 0.6539310994075546
1651076869.435327 116.8523939511595 10.088821865647914 0.6297992303952133
1651076869.8353076 116.48582263019077 10.075234588324436 0.6118594294989501
1651076870.2352302 116.11400213799087 10.061171160969957 0.5910934832341651
1651076870.2352302 116.11400213799087 10.061171160969957 0.5910934832341651
1651076870.6351218 115.76608186594885 10.045551087107302 0.5800830149188823
1651076871.0351434 115.4084506911069 10.03080838962508 0.5722792264354489
1651076871.4351363 115.04264531227932 10.017860867455656 0.5593355706698776
1651076872.2352583 114.31085033676894 9.992831125268111 0.5346649965292397
1651076872.6352684 113.9503224045143 9.970832175648928 0.5259724586049027
1651076873.0352523 113.5844471716221 9.949800620731434 0.5175475189752613
1651076873.4352493 113.21986692395251 9.925181210241162 0.5095451239718389
1651076874.2364538 112.4931841714724 9.886587081017511 0.4930515304760755
1651076874.6352398 112.14497982553722 9.870836049573889 0.4912231106845843
1651076875.0354352 111.77414822803507 9.856712476620642 0.4835628108217669
1651076875.4366076 111.40204018832821 9.848757314095643 0.47237911048651865
1651076875.8378391 111.04397128541783 9.843748322356653 0.4658456196559
1651076877.035397 109.98651248367717 9.826133918691896 0.46065635108415987
1651076877.035397 109.98651248367717 9.826133918691896 0.46065635108415987
1651076877.4353528 109.61891845790016 9.818734708939543 0.45779671720587817
1651076877.8353589 109.24888064100749 9.807088751217426 0.4544209434506459
1651076878.2353506 108.87809024696494 9.794578492883396 0.44928409888300835
1651076879.0353618 108.14154649642171 9.766920778548563 0.4410948045891791
1651076879.4353855 107.76543509227737 9.755683991679074 0.4341799705666898
1651076880.2353842 107.01929456269129 9.714062820046902 0.4229418190581532
1651076880.6353061 106.64643949914093 9.694180481628775 0.41321539608961255
1651076881.0352316 106.27235103187509 9.681576975675553 0.3996981710137084
1651076881.435342 105.90069032165259 9.669389095891916 0.3886125923923358
1651076882.235384 105.16072011108531 9.62944206729076 0.3687077345439942
1651076882.6353161 104.789775651345 9.603075561991167 0.360268395050059
1651076883.0352435 104.41431219115869 9.577598771893335 0.34817116552218363
1651076883.4352465 104.05419732259963 9.551596311157452 0.3304110346290478
1651076883.4352465 104.05419732259963 9.551596311157452 0.3304110346290478
1651076883.835313 103.97980865702186 9.54781164580581 0.31180602914933236
1651076884.6353226 103.5903305542056 9.515156219599746 0.3052801225470212
1651076885.0353382 103.25247798453293 9.489335793571234 0.2936653077879359
1651076885.835325 102.58184621903925 9.438590897023257 0.2748961448440285
1651076886.2353117 102.25066505655178 9.406231802226264 0.2718051954507336
1651076886.6352177 101.91151855226974 9.369321465134773 0.27193715188864076
1651076887.0352159 101.55975012093687 9.33523259577159 0.2646183568212259
1651076887.4352498 101.20636326153496 9.29409427283525 0.25969710725596723
1651076888.2351203 100.49886864377828 9.205166177044076 0.25469635965073184
1651076889.0351996 99.7755427004013 9.103756452175867 0.24756324456085504
1651076889.4352467 99.42148710482208 9.05312855571016 0.24695169285883758
1651076889.8352325 99.05043562730502 9.003448231771667 0.24101238945622916
1651076890.2363224 98.66790700969878 8.885019478892332 0.2337325570796239
1651076890.636332 98.29106691734123 8.786019083003678 0.22430530674915858
1651076891.036326 97.94492224635424 8.632926512632853 0.21721680726603734
1651076891.43512 97.60248242618168 8.517554710596007 0.21238954779463529
1651076891.8363833 97.29847015832686 8.429358291765105 0.20714109806675562
1651076892.235387 97.04926077638598 8.379993965683719 0.20504803724453471
1651076892.6357317 96.72004164796965 8.35833190892585 0.20083932461302917
1651076893.0357468 96.35982492622209 8.348434644548465 0.19507179266317906
1651076893.8358068 95.66395366429968 8.346813404123155 0.19748686706576968
1651076894.2357512 95.30346032018917 8.374206467023848 0.1921810982599758
1651076895.0358608 94.58669118175888 8.400012163591915 0.18541531513017528
1651076895.4358156 94.23110666873553 8.402550349948406 0.18502561801305084
1651076896.235683 93.54138049047862 8.439872658103406 0.1961473786108219
1651076896.637067 93.19336009371116 8.46415243904614 0.20244656678377423
1651076897.0354047 92.83609563819616 8.505977324341515 0.2099932921689116
1651076897.835351 92.0932050984928 8.566772212601341 0.22025843381072033
1651076898.235358 91.73081658839774 8.595320931577012 0.22626060424513636
1651076898.6353598 91.3617244644499 8.621449764311425 0.22777787552240827
1651076899.0353413 90.99144789286446 8.644286101746394 0.23339330208192696
1651076900.2352157 89.87295536023373 8.74246972162803 0.24114377997372363
1651076900.6352525 89.49315052398123 8.771984512663968 0.24011911208379932
1651076901.0352566 89.11494894633174 8.794862658190878 0.2381550763470875
1651076901.0352566 89.11494894633174 8.794862658190878 0.2381550763470875
1651076901.4352968 88.75257282891725 8.826054519669304 0.23983441173260991
1651076902.6352837 87.61765977988736 8.881567053754388 0.23071572779432975
1651076903.036451 87.25736802811738 8.890010793802167 0.24207881867469147
1651076903.4366033 86.8796674374057 8.859170038666461 0.24552157428603166
1651076903.4366033 86.8796674374057 8.859170038666461 0.24552157428603166
1651076903.8366168 86.49928289980237 8.814628407688549 0.24159777752912
1651076904.6366515 85.78848746671514 8.70746086249539 0.21841924476063057
1651076905.0366044 85.45782915259419 8.649183331435891 0.22554144064835716
1651076905.4365609 85.1310621185203 8.57474497820789 0.23327004615878358
1651076905.8365803 84.78106663736641 8.49588397457431 0.23483452606936978
1651076906.236566 84.42624748485655 8.404414661085694 0.23545632034850175
1651076906.6353173 84.07297597000058 8.283186918597698 0.2417400102553448
1651076907.0353134 83.72247603824981 8.143115794094376 0.24445673131265042
1651076907.4353328 83.3482370554934 7.976551083176511 0.23888704386270532
1651076907.8353546 82.98654600028608 7.779298685316453 0.22403248866877784
1651076908.235351 82.61051008617846 7.587884269538321 0.20573092047044952
1651076909.0353076 82.0219882762849 7.298498930817786 0.2129979989704831
1651076909.4352229 81.72381543946143 7.153156057567965 0.2224112809763924
1651076909.8352733 81.40920315043564 6.999681542337708 0.2255865015745504
1651076909.8352733 81.40920315043564 6.999681542337708 0.2255865015745504
1651076910.2363293 81.11494334560382 6.828600855364149 0.2156402185722934
1651076910.636188 80.81616566535813 6.665668544280245 0.21001201687282864
1651076911.0362122 80.54510105922495 6.51426606012813 0.197856736531
1651076911.434517 80.1609135758846 6.300403351089951 0.19367491815016719
1651076913.4350908 78.53420412700243 5.4384317763249825 0.11868102445591423
1651076914.235248 77.90648686610268 5.0741027100238165 0.11857630601934388
1651076914.6352487 77.58065814905972 4.8922135364451345 0.11566715266820517
1651076915.0353441 77.26943760847827 4.695417064436863 0.11338270679656419
1651076915.4354708 76.9592812876343 4.5029355733670995 0.11675838972606663
1651076915.8354983 76.65866628304285 4.331128122498556 0.11167685665321606
1651076916.2354481 76.37449399010445 4.1556648932386775 0.11277653489536443
1651076920.237059 73.3284483231045 2.3284307420193553 0.04710952549258704
1651076920.6358063 72.9852302140791 2.1157684294162618 0.013361158739976484
1651076921.0357287 72.71129713064073 1.9589887146991036 -0.003958917930984238
1651076921.4357493 72.46589081875649 1.7987196641311531 0.012402879132122095
1651076921.8370156 72.2077747527901 1.623789955673065 0.016405888021166673
1651076921.8370156 72.2077747527901 1.623789955673065 0.016405888021166673
1651076922.2371318 71.92174357168679 1.4510639292596257 0.016419148982246865
1651076922.6371377 71.62995648928461 1.2470797256611332 0.008317018669248036
1651076923.0371196 71.38156551112502 1.0901458405718445 0.01913398179300482
1651076923.4358366 71.13331710241552 0.9526763485396306 0.02837246574956743
1651076923.835836 70.84617948186346 0.7818238675103517 0.03515725665380648
1651076924.6359468 70.23369164817875 0.4074355884447478 0.051037864347486195
1651076925.4346888 69.63728511482385 -0.0007164782454430756 0.06115480250497375
1651076925.8358936 69.3252471348509 -0.20521481658083907 0.07548041847854021
1651076926.6370597 68.6409779202702 -0.6411945313200387 0.08227917052875709
1651076926.6370597 68.6409779202702 -0.6411945313200387 0.08227917052875709
1651076927.0346174 68.4267047082077 -0.7856316688331311 0.10286752970292691
1651076927.434595 68.10803980401879 -1.0127121524090021 0.1128173468679639
1651076927.8346503 67.81871032536148 -1.226444510873299 0.12374924917410396
1651076928.2346303 67.51583719907327 -1.44481620994165 0.13106443945526028
1651076928.634562 67.20988152557206 -1.6713850286350964 0.13295537592687526
1651076929.034567 66.9027192455277 -1.8941712968827213 0.133845754396105
1651076929.4347262 66.58900611345878 -2.105462451072147 0.130615727796655
1651076929.8347733 66.28980945598887 -2.330996337470236 0.12182076288851913
1651076930.6347249 65.69209493039712 -2.8017608221527555 0.10680410717525254
1651076931.4347444 65.14175304296938 -3.338125722399894 0.09922139912168401
1651076931.8347654 64.90930217326185 -3.567097451693422 0.09440743769815958
1651076932.2357345 64.58293793105322 -3.9237302269685292 0.08875401134533198
1651076932.6358593 64.38207364341719 -4.150462995677729 0.09148691195675174
1651076933.0358884 64.10946775358427 -4.462044538058797 0.1143424673206801
1651076936.6351562 62.1030069143067 -7.141686550264552 0.16041460628555335
1651076937.0363388 61.92369380813003 -7.423038985811318 0.15811046337259438
1651076937.4338758 61.748111067938325 -7.768451389383993 0.1798053225727258
1651076938.235301 61.37355137379366 -8.415907700924762 0.18221415240655478
1651076938.6351395 61.206864219755474 -8.720404449767717 0.1994629083112021
1651076939.0351045 61.04169123908425 -9.046856846932396 0.20320797400643953
1651076939.4351017 60.87405723640447 -9.42070327177194 0.2095582138426478
1651076939.8351438 60.731501160778734 -9.735029995429763 0.22043726714561998
1651076940.2363124 60.57701632594891 -10.138487821858549 0.2072357380472775
1651076940.6363103 60.411457637415424 -10.5044284794692 0.19885383935593787
1651076941.0361862 60.250656006499355 -10.861213686147002 0.17576223216708206
1651076941.4350019 60.07939652590276 -11.249826647805314 0.15563176604185097
1651076941.8361983 59.89892295768817 -11.58183098967678 0.13236982464290703
1651076942.2361906 59.764502950834874 -11.863701667509055 0.13923712383583928
1651076942.636111 59.623364742334374 -12.185468843148639 0.14308143682253044
1651076943.036099 59.46397046719691 -12.543037061114783 0.12307756638567133
1651076943.036099 59.46397046719691 -12.543037061114783 0.12307756638567133
1651076943.4359605 59.305926259770615 -12.941605145280908 0.0941915161220826
1651076944.234605 59.020060109704765 -13.629430069284243 0.05762566923184049
1651076944.6358643 58.885316973107365 -13.970950224029947 0.03774021885242338
1651076945.0358813 58.76928797612183 -14.246903267604685 0.05212588487802043
1651076945.435863 58.690309105190025 -14.56238326923699 0.08339778331388784
1651076945.8358667 58.590587834226106 -14.91206457603164 0.09295219376456176
1651076946.2358537 58.4767302004944 -15.266639653410467 0.0936305015813011
1651076946.635862 58.39428769755434 -15.60614937232152 0.11528474764777392
1651076947.0358582 58.31524620643499 -15.924901918178476 0.14332521923576738
1651076947.4358559 58.22140330285003 -16.261975658000292 0.16223831223196145
1651076947.8358474 58.13247414117473 -16.643702999556737 0.1738361515937113
1651076947.8358474 58.13247414117473 -16.643702999556737 0.1738361515937113
1651076948.2356985 58.034111662745396 -17.018281396104065 0.17795060542720093
1651076948.6356008 57.96674108696571 -17.347926600427893 0.2087244931767034
1651076949.0368567 57.903902307532334 -17.658456467841365 0.24269865123148912
1651076949.435609 57.847027642947616 -17.968145940377106 0.2749218442429129
1651076950.2356048 57.729675854176975 -18.570013856384282 0.3473804393145459
1651076950.6369655 57.703106904592666 -18.695345915509268 0.35597509282369744
1651076951.0358026 57.704858029656314 -18.6992265288029 0.34875182478481115
1651076951.435835 57.70364365722273 -18.699806559196503 0.3481261317630435
1651076951.835864 57.70384524408123 -18.6994492123649 0.34784656507957856
1651076952.2358632 57.70451074731311 -18.699019841636677 0.3477208489271032
1651076952.6358423 57.705308683635316 -18.698991949776072 0.3476394257292235
1651076952.6358423 57.705308683635316 -18.698991949776072 0.3476394257292235
1651076953.0356994 57.71043915454076 -18.70596159598991 0.34951830301677533
1651076953.435597 57.664959166389686 -18.92766080624909 0.37116292109534166
1651076953.8368375 57.603874027275516 -19.223265905496334 0.4114642550058045
1651076954.2368193 57.54498308369448 -19.531163461071394 0.4431745082752196
1651076954.6355593 57.47903130386246 -19.87606531840974 0.46175038496295706
1651076955.0366983 57.432750240485525 -20.179990099884925 0.4954495507095726
1651076955.4354453 57.39700214670134 -20.498810105822788 0.5216372925424838
1651076955.8353446 57.38078844482488 -20.8478546606699 0.5346452616611839
1651076956.2366254 57.395456933287754 -21.263822461243247 0.529582187142336
1651076956.6365488 57.457462372118314 -21.68239836030974 0.5259512351593095
1651076957.0352573 57.52660679058794 -22.040012746856327 0.531145199597636
1651076957.4353058 57.6403835815423 -22.363626630844234 0.5506314432617185
1651076957.4353058 57.6403835815423 -22.363626630844234 0.5506314432617185
1651076957.8354099 57.7864152143968 -22.687371523678454 0.5655052686469373
1651076958.2368662 57.95024112338853 -23.025579857817 0.571812619207015
1651076959.0356283 58.324003753903064 -23.707031043681855 0.5762285798908958
1651076959.4357708 58.536753545159286 -24.03804555223573 0.577662574037717
1651076959.8358605 58.7616108031049 -24.374024318888488 0.5782405778186284
1651076960.235862 59.004954570281384 -24.704418266596228 0.5728537721826973
1651076960.6358147 59.24131505141316 -25.00755566682495 0.5721137855626695
1651076961.0358863 59.47836844938757 -25.28926158801803 0.5775404491431789
1651076961.4358041 59.724452042212974 -25.577871265691037 0.5810343407714543
1651076961.8358254 59.98265199833099 -25.85588196260251 0.5838788961541265
1651076962.235837 60.24675331430437 -26.121746336845828 0.5900722961583864
1651076962.6358414 60.52101247935089 -26.38276327609721 0.5943334490058296
1651076962.6358414 60.52101247935089 -26.38276327609721 0.5943334490058296
1651076963.035931 60.802510768101875 -26.624874562050433 0.5997609644850651
1651076963.435844 61.089139891730696 -26.855679448292783 0.6091126550362609
1651076964.2358367 61.68293305848671 -27.285121732464773 0.6332418931848779
1651076965.0358155 62.327477425935164 -27.670117473328723 0.6540839175757703
1651076965.8356967 62.98853677174562 -28.022929795255752 0.672866430790858
1651076966.6368809 63.659018712285764 -28.361217934606273 0.6878357924183983
1651076967.035653 64.00211731741425 -28.52461906000771 0.6947282526039006
1651076967.4358547 64.33949378144315 -28.686793672411802 0.7000068869886026
1651076967.8371146 64.6763791213815 -28.837669242973927 0.7071569280867976
1651076968.237089 65.02245838625694 -28.99007507459283 0.713314650622904
1651076968.6370692 65.36833594358002 -29.139229608102614 0.7172671598190025
1651076969.035846 65.70699045727198 -29.27733039008279 0.723818187011972
1651076969.4359114 66.04643431959202 -29.412118802522613 0.730810093328877
1651076969.4359114 66.04643431959202 -29.412118802522613 0.730810093328877
1651076969.83709 66.38653663641993 -29.542500320345674 0.7384853320674455
1651076970.2358475 66.73010774088304 -29.66971895265077 0.7461946894082908
1651076970.6370916 67.0753625376687 -29.784356094060715 0.7558783910071146
1651076971.0358303 67.42268028807919 -29.900233163259337 0.765960038455143
1651076971.435854 67.76970089678812 -30.014588758769715 0.7770670899200115
1651076971.8358817 68.11737480925642 -30.126481410951 0.7891731751793081
1651076972.6358576 68.81516320068351 -30.34391223764204 0.8142607584584638
1651076973.0370514 69.16840803990063 -30.452765240904125 0.8265620695643688
1651076973.4358137 69.51826915061132 -30.56557933333129 0.8368944478928917
1651076973.8358624 69.8579130442432 -30.679272299398164 0.8483036630820058
1651076974.2358415 70.19132320717479 -30.803081266262268 0.8614379091594343
1651076974.2358415 70.19132320717479 -30.803081266262268 0.8614379091594343
1651076974.635967 70.53450122913596 -30.92931824341391 0.8739874598820586
1651076975.4359324 71.22316299682551 -31.16751422420849 0.9026113397845698
1651076976.235952 71.91432728359214 -31.416300453127104 0.9295361565598688
1651076976.6359406 72.26137532017982 -31.53773879374678 0.9438757649856719
1651076977.035971 72.60654109401393 -31.66361529986035 0.9566034779115367
1651076977.435978 72.94877441586237 -31.786563984492208 0.9693552408493533
1651076978.23598 73.63693831753223 -32.03974985862599 0.9955256563830751
1651076978.636026 73.98491353944506 -32.16656687120069 1.0082698100492893
1651076979.0360944 74.33450062890124 -32.293918535221955 1.0203515177621194
1651076979.8351336 75.0289136514187 -32.54946985919903 1.0421172104371852
1651076980.6349926 75.72681502351627 -32.807771908008 1.0594248457468964
1651076981.034985 76.08016230441505 -32.935497285704535 1.0668547594802464
1651076981.4351118 76.42543287578403 -33.06669095625197 1.074175605294869
1651076981.8363538 76.76839961571034 -33.19265143803327 1.0821008779442578
1651076982.235149 77.1144796583638 -33.318906221916365 1.0900599266678346
1651076982.6351278 77.46163228354098 -33.45215114147634 1.096400959399357
1651076983.0351152 77.80991717308461 -33.5828098947992 1.1021645925935968
1651076983.435144 78.15631866873215 -33.7136145070261 1.1077435840585854
1651076983.8351932 78.50462993245318 -33.84451548164439 1.1129256405912773
1651076984.2364478 78.85370249154471 -33.97137768808613 1.1177362602153549
1651076985.0366006 79.51975467267279 -34.2459847351644 1.1314692891631886
1651076985.4353278 79.85307183612554 -34.39391777561436 1.1370456859809748
1651076985.4353278 79.85307183612554 -34.39391777561436 1.1370456859809748
1651076985.8352172 80.16619178972114 -34.542331757411766 1.1431508670824448
1651076987.0353413 81.05126058483643 -35.07790026802661 1.1674233533177591
1651076987.8353393 81.6502956411761 -35.48380234215379 1.1813795789259818
1651076988.2354457 81.9493420761265 -35.69264594431762 1.1901461211079858
1651076988.6354444 82.24525083074435 -35.90896811869872 1.19705834011666
1651076989.0354245 82.53790079207417 -36.11755598380477 1.2065563686273117
1651076989.4352963 82.82482743300729 -36.331300360470394 1.2189637313667894
1651076989.8352199 83.11138799237004 -36.55067274179809 1.2282349556142247
1651076990.235232 83.4052257779107 -36.771959201759216 1.2381759083880732
1651076990.6353033 83.700481080445 -37.00407968754338 1.2463739285336886
1651076991.0352423 83.99304765792658 -37.22841919640359 1.2528340900984494
1651076991.4352646 84.28569177861428 -37.445405331061906 1.2631734605776865
1651076991.8353283 84.58059395058814 -37.656330146735975 1.2745161956305042
1651076992.635336 85.20662664834674 -38.052153160852434 1.2944189164860436
1651076993.0354478 85.52797433011457 -38.22810347496671 1.304178047674251
1651076993.8357475 86.18433230091956 -38.52646623629396 1.3238571678214799
1651076995.4358518 87.61332203473907 -38.94073957458259 1.3383815595910096
1651076996.2370663 88.35511336437987 -39.01084377133419 1.3470780355529917
1651076997.0370865 89.08224998137665 -39.06800420668798 1.3553225216944138
1651076997.0370865 89.08224998137665 -39.06800420668798 1.3553225216944138
1651076997.4358764 89.4559781569426 -39.08568725159574 1.3617551849461167
1651076997.8358781 89.82700033759514 -39.10110458033848 1.368382044434236
1651076998.6358511 90.52255053823191 -39.17554142448107 1.3851592063878901
1651076999.4358997 91.18709142626919 -39.328020104406 1.408586635104692
1651076999.8358874 91.50833202877511 -39.41774371963986 1.4103162945704768
1651077000.2359488 91.8309049592037 -39.5243509291075 1.4179250241347112
1651077000.6359825 92.14590199923748 -39.64111196369072 1.4282211892046666
1651077001.434762 92.7781171357012 -39.91853610594151 1.4480051821692637
1651077002.2365766 93.3577951992745 -40.2462338156066 1.4685281963059658
1651077003.0365725 93.92927493970245 -40.632843586236646 1.487730390201144
1651077003.435319 94.21792874405973 -40.83464981681157 1.498090041457246
1651077003.8356948 94.51264312117623 -41.044247671789435 1.5098060486630651
1651077004.2370856 94.79281294256823 -41.26134597734225 1.5206604975107307
1651077004.6371233 95.07875743095897 -41.47931394013794 1.5339534676342854
1651077005.037071 95.36974605258744 -41.70945953880216 1.5438383354826015
1651077005.8371418 95.97408281012142 -42.15224923033074 1.5619014998538368
1651077006.2358732 96.28040414467075 -42.35220214652613 1.5735370310221037
1651077006.637098 96.59079089973915 -42.54463399481722 1.5849975752158592
1651077007.0370896 96.9078841989683 -42.72303395879343 1.599110698544635
1651077007.8358703 97.57626210645155 -43.041650644072625 1.6262164362368299
1651077008.2358456 97.91434242449276 -43.18301998366248 1.6382627896035857
1651077008.6358285 98.26178584974545 -43.31972829306292 1.6472494219568918
1651077009.4370706 98.95758077117674 -43.535208888929475 1.6621710371034162
1651077009.8358161 99.3252270992626 -43.611278993713945 1.6688313844484999
1651077010.6358185 100.05687404313505 -43.726497281882565 1.6976697058474028
1651077011.4358432 100.78590004634474 -43.81611380671678 1.708415142523507
1651077012.6370583 101.91469988966757 -43.933609922521065 1.7382548380301694
1651077013.0358174 102.27906487052404 -43.97322229197531 1.751654964873048
1651077013.437069 102.63265287621618 -44.031795827557936 1.7641418423283057
1651077014.2389784 103.31157843802944 -44.16645550962505 1.7787653017226188
1651077014.6377728 103.65419433634385 -44.25174418543326 1.78245063808818
1651077017.0361898 105.76194787192037 -44.804200293896386 1.8443320894931772
1651077017.4361825 106.0987090110199 -44.92196008021781 1.8545692883549603
1651077017.8360775 106.42804423810686 -45.038339564237106 1.8667287589266475
1651077018.6362004 107.07256734032174 -45.30855719303104 1.8907717843915397
1651077019.0361996 107.39116095381439 -45.457057104225115 1.901778040393659
1651077019.836216 108.00654807467063 -45.78906135232603 1.9237571370813524
1651077020.636326 108.56820616545926 -46.194125591456135 1.9395542691933345
1651077021.4363546 109.12888738391477 -46.627036581957334 1.9597930340584788
1651077021.836331 109.4088453107591 -46.850770496989846 1.9706246349834737
1651077022.6363223 109.97732230842966 -47.29715236705806 1.9962359965919578
1651077023.0363305 110.25974915113954 -47.52542560523435 2.0107423390948194
1651077023.0363305 110.25974915113954 -47.52542560523435 2.0107423390948194
1651077023.4362094 110.5516712245849 -47.75454128758068 2.0216881142300647
1651077023.8362923 110.84956261736046 -47.98324100185444 2.0340272413072817
1651077025.0363548 111.73456919313665 -48.61486182279514 2.070561709901931
1651077025.8362372 112.36496881174865 -48.9793080318956 2.0987575929479343
1651077026.6361837 113.0061876278777 -49.29856775406139 2.1253008420631465
1651077029.0360124 115.05940868871312 -49.91357071357979 2.2141211417401
1651077029.436116 115.42512223301192 -49.95563129374896 2.2274724347745845
1651077030.2361157 116.15616513225477 -49.98092766932614 2.25471115547742
1651077031.4360816 117.24558122084193 -49.93835617715896 2.3071650479610826
1651077032.2360945 118.00923491663018 -49.87649267122519 2.3374470446451094
1651077033.0360875 118.73052655985698 -49.859365780797326 2.3679384667240257
1651077033.4360988 119.0823040255432 -49.86581581368318 2.3811104343144724
1651077033.4360988 119.0823040255432 -49.86581581368318 2.3811104343144724
1651077034.2361965 119.77346075169629 -49.92630074292691 2.409791397852695
1651077034.636194 120.09917079720907 -49.97908667786795 2.4273367987714165
1651077035.0361986 120.43255676376928 -50.0484350101677 2.444505940117756
1651077036.2374024 121.39290165837399 -50.33890559652359 2.4961115322347807
1651077036.6360934 121.71697741402095 -50.45738655925362 2.5134355269322555
1651077037.0360765 122.04355147391006 -50.59519078934138 2.5303647348487814
1651077037.4361117 122.36052666260693 -50.73282154287289 2.5478634882512385
1651077037.83608 122.67386810076356 -50.87760487051693 2.566158292732924
1651077038.6359513 123.28848807338196 -51.21069161485931 2.6010663465715758
1651077039.435876 123.91882543429564 -51.59401428003996 2.633499546695316
1651077039.835811 124.23546563347595 -51.784824736309645 2.649387431046577
1651077040.2358513 124.54937534582521 -51.9803248798584 2.664318773273943
1651077040.6364813 124.85991000965215 -52.17942971166627 2.679613480212878
1651077041.0364783 125.17142438310948 -52.38369164903237 2.6926541524265684
1651077042.2364757 126.08087378879254 -53.014221661929454 2.726648931166825
1651077043.835347 127.2919901063848 -53.838246599712235 2.7780216672078333
1651077044.2353706 127.61107160700814 -54.02611277145595 2.792788471596303
1651077044.6289718 127.93214714004662 -54.214945547379344 2.80358767757862
1651077045.0364897 128.2489405955532 -54.39848991233665 2.8163127192756545
1651077045.4364765 128.57292641564968 -54.57451166609556 2.8292746428193576
1651077045.836491 128.90084813173303 -54.74767582108413 2.8385782807454016
1651077047.036334 129.89473910948803 -55.22555080304637 2.8693466830446024
1651077047.4363303 130.2283244559816 -55.36721242792754 2.8819536866671474
1651077049.4364212 131.939282916985 -56.04606113688957 2.9518539218671673
1651077049.8362856 132.27914125618852 -56.17050325008567 2.9662032977602526
1651077050.2361848 132.62342024052256 -56.293977843573465 2.982821223177533
1651077051.0360775 133.31406773971779 -56.543333277881715 3.013015047746213
1651077052.2361054 134.36244486552204 -56.89735809651644 3.053637228505946
1651077052.6365197 134.71744396435778 -56.99790598594773 3.066434954671367
1651077053.836518 135.81972399882446 -57.14930986748874 3.10349252728643
1651077054.2364738 136.18707847804237 -57.171486048660505 3.1137059150718893
1651077054.6364744 136.5596359798272 -57.17448467512317 3.1242638307919623
1651077055.0364995 136.93441763262786 -57.164154145942206 3.133767541127236
1651077055.4364839 137.30778986629798 -57.13106267028135 3.141591308187545
1651077056.2364743 138.05027884066567 -57.02405814177458 3.1543434454811448
1651077057.0353236 138.81256406668354 -56.882839046242836 3.1591859764953094
1651077057.436582 139.18345364582083 -56.81808748813391 3.1599805224877935
1651077057.8353093 139.54924207823612 -56.7503173757196 3.162900187760897
1651077058.2377038 139.88902521269387 -56.70761863384376 3.1670035314739184
1651077059.0375686 140.58684416782137 -56.69339466064335 3.1790118211536873
1651077059.4363244 140.93636316865627 -56.71067130068115 3.183479037986891
1651077059.836333 141.2633948274924 -56.753821091780196 3.1910774390119903
1651077060.6394234 141.90119456545352 -56.902163227801 3.2037341040931775
1651077061.4366248 142.4722590200804 -57.10729709692063 3.224032688418838
1651077062.6353326 143.30092880200053 -57.544889121350295 3.261883090489391
1651077063.4364707 143.76714201479572 -57.98658604827007 3.2899615913273235
1651077063.8364646 143.96997964107814 -58.227154517618324 3.302854619599775
1651077064.236463 144.17320158496076 -58.49298542553407 3.316736193456265
1651077064.6364381 144.3985624247396 -58.7656099509132 3.3330835126622986
1651077065.0364385 144.62336876978182 -59.044401943611575 3.3490608516605955
1651077065.4365735 144.84158478738553 -59.336317215707574 3.3646471204072377
1651077065.8353639 145.05667149190865 -59.64603521267636 3.3770277913827003
1651077066.236562 145.2660873796706 -59.950885111831305 3.38849342759294
1651077066.636436 145.47871959542582 -60.2463119275548 3.4038692017200556
1651077067.036318 145.6809422066706 -60.53811747733638 3.41999023165895
1651077067.4365163 145.8927183491604 -60.83557508671192 3.4359175736580347
1651077067.8356426 146.1221148889522 -61.119090845941436 3.456968953680522
1651077068.6356184 146.60257399474614 -61.656734128090676 3.4962553524568833
1651077069.036873 146.88145968486364 -61.89063732801137 3.5154830115256734
1651077069.4368577 147.17144928301374 -62.10630347648697 3.5315190302117077
1651077070.6355777 148.1212196427444 -62.6083599245509 3.573569483522171
1651077071.0356114 148.44672080458207 -62.71914318513991 3.588099797934319
1651077071.4356158 148.77435696480396 -62.81000688099027 3.602015486756332
1651077071.8356404 149.12132315058062 -62.8488543717892 3.617992290021729
1651077072.2354603 149.48435048314047 -62.844847235724664 3.633417292160983
1651077074.2366352 151.36355753753062 -62.63503601056499 3.687571655524231
1651077074.636604 151.73736495392086 -62.59603204344247 3.695432381188091
1651077075.4365826 152.46154737830386 -62.53015727439427 3.721836477749474
1651077075.8365653 152.83976380326536 -62.50664472726811 3.729266240690843
1651077076.2365754 153.20224330544613 -62.475665561036095 3.7403330173587603
1651077076.6364365 153.55155036256323 -62.46352267990285 3.7548609851723715
1651077077.435081 154.2612630017411 -62.453954746826135 3.7814639097131777
1651077077.8363142 154.6136062392278 -62.46537687269253 3.7951996588494756
1651077078.236307 154.96645545970287 -62.48469197066254 3.8103187922726707
1651077078.636176 155.3209523324134 -62.513586152526486 3.825802171617738
1651077079.0360801 155.66327030716096 -62.55823711063908 3.840308451980826
1651077080.2360835 156.65427204120394 -62.75930201899592 3.890499659333793
1651077081.0362318 157.34987121499472 -62.94667391144929 3.9233704633840154
1651077081.436232 157.67775190902768 -63.058619514351875 3.940091978937032
1651077082.6363268 158.67772812534653 -63.42312569552734 3.9943837506811537
1651077083.0362077 159.01408196290123 -63.54767888920237 4.014078996906118
1651077083.8361113 159.67759263621332 -63.807652109565744 4.057437199212204
1651077084.2360919 160.00169039542 -63.94870478661842 4.078135693173681
1651077084.6360817 160.3241593955197 -64.09682092128726 4.100061749081744
1651077085.036248 160.64537799909925 -64.24957678160227 4.121793129756994
1651077085.4364717 160.96957172637477 -64.40809318163086 4.1429089785327085
1651077085.8352485 161.2859521639238 -64.5671084787129 4.1665777111125575
1651077086.6364818 161.91327432685577 -64.8949967568061 4.213558182322181
1651077087.0352967 162.23607843440445 -65.06806442163075 4.2388481691596045
1651077087.4364889 162.55143633145133 -65.24120429826166 4.263750553481499
1651077088.236458 163.177174126639 -65.58123115129507 4.316500300644897
1651077089.4364758 164.1422258045137 -66.09030019166816 4.398614599268671
1651077089.8365345 164.46174596112309 -66.25162080916358 4.4278478231152265
1651077090.2364652 164.79038159793407 -66.4131961643269 4.458489077155173
1651077090.6364386 165.1209562451258 -66.56898836463779 4.487833250151072
1651077091.0364358 165.4475776668466 -66.7240885362967 4.516748809453757
1651077091.4363058 165.7840956452251 -66.87840717482061 4.543798972686209
1651077091.836193 166.12053279083386 -67.02864659156086 4.569181135308115
1651077092.236192 166.45289326931504 -67.17272755840187 4.596154818925783
1651077092.6363468 166.78626251860246 -67.3154218488269 4.623185441789418
1651077093.0363212 167.12634403924878 -67.45107089576243 4.6502811566190285
1651077094.2359447 168.15432199526148 -67.83201395034584 4.72493419486916
1651077094.6358502 168.50548766034066 -67.95011336206103 4.749333577400006
1651077095.0358846 168.8588051610705 -68.0632645807331 4.772603806246783
1651077095.4359393 169.21119112025724 -68.17022753607456 4.795510487626123
1651077095.8358893 169.57192911225832 -68.27429586543363 4.8183851228607795
1651077096.635826 170.28180407861234 -68.45624441801351 4.861463596292691
1651077097.8358276 171.36370117094458 -68.67532026006513 4.930008455212444
1651077098.2358367 171.7191878467215 -68.74549420920494 4.951921046512772
1651077098.6358893 172.06377230574833 -68.83407974936873 4.9715452571382635
1651077099.4358568 172.73999169558843 -69.03221897044074 5.012585961084019
1651077101.435753 174.4135083817141 -69.64592391975265 5.129700336440071
1651077101.835851 174.75498171133106 -69.77282355939548 5.154250603329801
1651077102.6358628 175.43906902771158 -70.0367799117581 5.201254776028903
1651077103.035837 175.7690507209688 -70.16475990694985 5.225237719697914
1651077103.4358847 176.10727920198434 -70.30237415698919 5.250026050513654
1651077103.8358767 176.44847651417825 -70.44190662925212 5.273435423236839
1651077104.235729 176.7929723928693 -70.58030908729678 5.295967305920563
1651077104.637033 177.12732563184224 -70.71787858091618 5.3204340670156345
1651077105.0370994 177.4604909071071 -70.85535768892439 5.344371068135081
1651077105.4358711 177.80029860265975 -70.99392895845908 5.367867766714127
1651077107.0372522 179.15379987827635 -71.55948715121352 5.452650682263674
1651077107.4371934 179.4861178749598 -71.70530538566489 5.4719416670180046
1651077107.8372164 179.8258905015502 -71.8535650589572 5.490301504762435
1651077109.0360568 180.83469408568357 -72.29981146396274 5.544974931532139
1651077109.436063 181.17220360058238 -72.45302529255969 5.561137387595049
1651077109.8360605 181.51608154555245 -72.6045827091806 5.575994254495357
1651077111.0366256 182.52342546640594 -73.06617328276779 5.616918765397691
1651077111.836604 183.20579309936699 -73.38161054592612 5.637537734386326
1651077112.63661 183.8971832615221 -73.67719970101341 5.652554970439954
1651077113.0366163 184.25304864185506 -73.81058864437284 5.658055666291571
1651077113.4366271 184.60428003583561 -73.93195117652833 5.664230054665385
1651077114.2365866 185.3228241887898 -74.13629766684535 5.672115416987775
1651077115.0365562 186.04431289178694 -74.31272701141768 5.68455511015524
1651077115.4364865 186.42172139582365 -74.41898287113474 5.687195402125907
1651077115.83646 186.80180312971814 -74.4892034103944 5.685383093530796
1651077116.6350374 187.45748995140843 -74.76185627208811 5.690793021031305
1651077118.2371078 189.00128739359383 -74.50250252831682 5.7149138885988116
1651077119.837306 190.23930139302087 -74.01164522805192 5.774711092018072
1651077120.237224 190.44155571343995 -73.83180243219707 5.797354552714199
1651077123.0366983 189.1749793359616 -74.73351903501289 5.6967503048679955
1651077123.4379377 189.03901086808318 -74.8240249648214 5.690104644744217
1651077123.8366296 188.91134352816 -74.9699078207331 5.6847345686503274
1651077124.2365851 188.81409119885333 -75.12663002424935 5.679398206856705
1651077125.0378325 188.69499220358801 -75.41282796215114 5.659187819636069
1651077126.637834 188.41597657859623 -75.04312434544036 5.674116098241773
1651077129.0366504 186.9495563428057 -73.75467984832045 5.684935858334928
1651077129.4365873 186.62063739602812 -73.6322706734421 5.690962801174386
1651077131.0366414 185.10321055757626 -73.51595209500888 5.66874647566161
1651077132.6378493 183.59192848820283 -73.70771810476684 5.637038610774163
1651077134.2379448 182.1349076385401 -73.90045865390024 5.603588626022533
1651077135.4378219 181.20841553774147 -73.81184753068435 5.583837411555023
1651077136.2365994 180.62690478743255 -73.60001979773375 5.573072182222468
1651077137.436558 179.84702678546566 -73.03293965144738 5.533138418919996
1651077137.836462 179.53895338594177 -72.80598712102012 5.507233982592949
1651077137.836462 179.53895338594177 -72.80598712102012 5.507233982592949
1651077138.2378886 179.22559323564266 -72.58723563170585 5.483930665119547
1651077138.638008 178.91856520711173 -72.36350099533828 5.462453145598123
1651077139.4379408 178.3257493495933 -71.92201086937898 5.425859329673651
1651077141.0379896 177.1665082382293 -70.97890337266422 5.344814044457943
1651077141.8366942 176.58368421738734 -70.49726396188588 5.301872095522855
1651077142.2379444 176.29460535343006 -70.24776775031246 5.276369513719434
1651077142.2379444 176.29460535343006 -70.24776775031246 5.276369513719434
1651077142.6379762 176.0037140098017 -70.00382400477538 5.248306306348795
1651077143.0379498 175.72987778825916 -69.76839742747921 5.2284316256480015
1651077143.836754 175.17913290857587 -69.27246065836857 5.183079540233387
1651077144.2367272 174.90229568186456 -69.02580916710096 5.158927429557929
1651077144.6367702 174.63075996521223 -68.77818549964923 5.137965986468024
1651077145.0379794 174.34712122675117 -68.51702953365202 5.108067693122742
1651077145.4380116 174.07282547025977 -68.26739821990782 5.080874609918823
1651077145.8367271 173.80564091812994 -68.0216294582026 5.059511845929642
1651077147.4379985 172.50646862939135 -67.15968704087825 4.955862345588204
1651077147.8367374 172.12293502825494 -67.01998557269732 4.930797703901949
1651077148.236787 171.72867593925514 -66.90357832393671 4.903382232616676
1651077148.6367278 171.33069185219168 -66.8536557527675 4.879080537642848
1651077149.036751 170.95260510042138 -66.81732369709472 4.859138636193326
1651077149.036751 170.95260510042138 -66.81732369709472 4.859138636193326
1651077149.4365902 170.5535111261641 -66.87800743902015 4.8389404933969935
1651077149.836729 170.1744958707831 -66.88668575532476 4.821074231448828
1651077150.237947 169.78867761920353 -66.91370849705463 4.798883202964285
1651077150.6379535 169.40499674412754 -66.94904480257175 4.778810624669374
1651077151.0379412 169.03080002907063 -66.98398187271333 4.759365377983193
1651077151.4380057 168.6545022989818 -67.01434236528748 4.741112057555261
1651077151.8380888 168.27471968879246 -67.05191576605304 4.71990225415021
1651077152.6392536 167.52197534191393 -67.14518075302398 4.677468699313614
1651077153.4379954 166.7795968412322 -67.21880146817753 4.6347695306192405
1651077153.8379858 166.42176046265075 -67.22983571091713 4.615054971221624
1651077154.2365959 166.06212339277977 -67.23885103361584 4.594145346305717
1651077154.63673 165.69908637399996 -67.2315399778862 4.572094163556013
1651077155.4367435 164.96032520824386 -67.22757955710064 4.52356498907971
1651077155.8379962 164.59113298663172 -67.22076714651006 4.50033294606271
1651077156.2379944 164.21163202356013 -67.21517473959072 4.472120228601348
1651077157.0367293 163.4668766059677 -67.15790043981747 4.417716346475609
1651077157.436978 163.05346909334094 -67.10342489636766 4.389159419228625
1651077157.8369522 162.56676215312888 -67.00654972973705 4.357527587777374
1651077158.2369418 162.0380292020693 -66.87516879765504 4.326782508802499
1651077158.2369418 162.0380292020693 -66.87516879765504 4.326782508802499
1651077158.6381023 161.53141443884343 -66.70589521327021 4.289055268080463
1651077159.0368342 161.05801660998384 -66.52738208688974 4.252338555110577
1651077160.2368639 159.67975291965988 -65.8617212824536 4.144889000472549
1651077160.2368639 159.67975291965988 -65.8617212824536 4.144889000472549
1651077160.6382601 159.28812804277842 -65.54727335684525 4.112765534058783
1651077161.4369888 158.52959562852766 -64.87455073989942 4.0469829298815
1651077162.238216 157.7382601638071 -64.16067038326365 3.982704916841806
1651077163.4370384 156.32619717874456 -63.29180397019088 3.8947696368749205
1651077163.8369334 155.80155955800694 -63.100066329042136 3.869112489141512
1651077164.236809 155.27696911856853 -62.940769689214385 3.8431204368708767
1651077164.236809 155.27696911856853 -62.940769689214385 3.8431204368708767
1651077165.0379984 154.2063683210902 -62.831140078752355 3.799411268764132
1651077165.837994 153.18392305722702 -62.74690876556554 3.758485911686631
1651077166.2367575 152.6686886268211 -62.708045458866394 3.736584035607859
1651077167.037961 151.6392274265807 -62.65221056923105 3.6978920054568607
1651077167.4380107 151.12290835572182 -62.62282392856714 3.6811265593839777
1651077167.8380368 150.59639125720145 -62.5905635090453 3.6665617813728453
1651077168.2379785 150.06284473485988 -62.54892846182997 3.6471247677808503
1651077168.6367393 149.499643034958 -62.50028816954651 3.626946442183018
1651077169.4382424 148.3612886350584 -62.371638529706274 3.5927414024833073
1651077169.8382142 147.72971944704904 -62.28011907800808 3.568789885056528
1651077170.2382073 147.1290290680734 -62.165116720122185 3.547163367407322
1651077170.6381898 146.53770527174564 -62.00113798530091 3.5255469936006363
1651077170.6381898 146.53770527174564 -62.00113798530091 3.5255469936006363
1651077171.8363457 144.87895415602898 -61.264135540435284 3.452868943527319
1651077172.2376077 144.37051783371217 -60.89446085907335 3.4266627933320204
1651077172.6363475 143.85138468912868 -60.54174447270996 3.398155554537737
1651077173.0365252 143.3487524607924 -60.19097476922695 3.3782431082268394
1651077173.4365914 142.82872070704883 -59.82801256815551 3.357281144521008
1651077173.836576 142.30825526623906 -59.452385989127116 3.330082892797552
1651077174.636762 141.28919383818507 -58.70860925074282 3.2827503039216808
1651077175.036709 140.76582918253698 -58.3380176501958 3.2600705312728473
1651077175.436734 140.22385678390165 -57.986570310348746 3.2400412223161497
1651077176.2367284 139.0467228892248 -57.331908155701946 3.1909284977172097
1651077176.636733 138.44317800130528 -57.06661023268284 3.1675855847943923
1651077177.0367062 137.81583070009515 -56.83084662866465 3.14403042557958
1651077177.4367533 137.1652219703216 -56.648848076423675 3.1183027260581286
1651077177.8380003 136.4885404908371 -56.53561305947969 3.0915198293866473
1651077178.238001 135.8263903562331 -56.4717161938225 3.070545408599213
1651077178.6367395 135.17566395499864 -56.44720848168193 3.055331681089738
1651077179.0367534 134.5283079646185 -56.42760172140829 3.0435762418696912
1651077179.4379382 133.8838305583906 -56.39675139190822 3.029525825704825
1651077180.238108 132.64012234367635 -56.21516868795256 2.991653876558549
1651077180.6368027 132.03692323930423 -56.055724849434874 2.9702760886270623
1651077181.4365625 130.8816835629463 -55.584093073055264 2.925074736226161
1651077182.6376925 129.26774937464694 -54.58284755656274 2.8478524283520272
1651077183.036416 128.7159453737758 -54.2277249909525 2.824468927077506
1651077183.4367032 128.17745627043152 -53.87557859453655 2.8036964524124426
1651077183.8367574 127.65278134935089 -53.514632074503986 2.7867855465305675
1651077184.2367487 127.11493122967913 -53.1341443266656 2.7642319724151267
1651077184.6367433 126.57653608684387 -52.7662845289549 2.740433983354039
1651077185.0380018 126.01038173884099 -52.42025680491002 2.717433237015356
1651077185.4367194 125.41995763470675 -52.09866115831367 2.6936600470026226
1651077185.8367076 124.81018609321448 -51.81590918319134 2.67008667543342
1651077186.2379682 124.20751447490423 -51.56671870961667 2.648267598620854
1651077186.6366284 123.60136624299679 -51.30978602194283 2.6247990674644526
1651077187.0365715 122.98966285986789 -51.05079648708772 2.5970836852575396
1651077187.837963 121.80013855456234 -50.523191332375326 2.5381729842622702
1651077188.2367082 121.20046265594586 -50.2422407580294 2.5039270062247696
1651077188.6367269 120.61024830175407 -49.96214954198314 2.468685428688199
1651077189.0379846 120.04133196385042 -49.650630759853925 2.433193106564855
1651077189.4367683 119.48553816451751 -49.300095871374225 2.39253900667612
1651077189.4367683 119.48553816451751 -49.300095871374225 2.39253900667612
1651077190.2363799 118.43690250516593 -48.602837313623986 2.326334653237374
1651077191.436599 116.80807767804076 -47.52506645799678 2.231674722781747
1651077191.436599 116.80807767804076 -47.52506645799678 2.231674722781747
1651077191.838426 116.24063473571665 -47.17275221490987 2.2008425909831564
1651077192.2378914 115.66751396423852 -46.85493796224312 2.176925041707489
1651077192.636602 115.06348543521683 -46.56655998856335 2.1529619487915888
1651077193.0367386 114.44490320846378 -46.315389304107185 2.1298572141396925
1651077193.4367487 113.81880402893992 -46.092092589399584 2.109524034720117
1651077193.8379953 113.18607640875037 -45.91332799408384 2.0871578798295354
1651077194.2379858 112.55468765988108 -45.73057441183406 2.0640541156837235
1651077194.6379952 111.94479434520171 -45.51696719678567 2.0430798950638485
1651077195.0367074 111.35005800763606 -45.27455721284243 2.0217187801258456
1651077195.83677 110.23329410149195 -44.68035216987575 1.982963264031111
1651077196.6368318 109.13017188448646 -43.98163750818453 1.9349052684630574
1651077197.038098 108.55533253569115 -43.652470493856654 1.9110385255025613
1651077197.4380682 107.98187948168551 -43.35771600110205 1.887477199464761
1651077198.236874 107.02944942639846 -42.96581097981016 1.8532200754338297
1651077198.6381347 106.68720053384486 -42.85463634523473 1.8426673415149133
1651077198.6381347 106.68720053384486 -42.85463634523473 1.8426673415149133
1651077199.0382235 106.33333607999413 -42.77827669807069 1.8329199416526314
1651077200.2382004 105.24335055172686 -42.65244104394303 1.8167298312319016
1651077200.6382074 104.85819126095356 -42.64567955006331 1.8078223702445761
1651077200.6382074 104.85819126095356 -42.64567955006331 1.8078223702445761
1651077201.0371516 104.47639960092438 -42.67708805166923 1.7961131960711776
1651077201.4372182 104.11360131198255 -42.71898480368309 1.786469212503888
1651077202.238495 103.37570527238671 -42.73076101343605 1.7663466372559309
1651077203.038491 102.67535807764426 -42.68390943435832 1.7455150746736392
1651077203.837219 101.99125300331845 -42.565087487057255 1.7262002241486716
1651077204.238487 101.65458431257403 -42.482892133823846 1.7165252925680317
1651077204.638474 101.3095226320787 -42.39202153401067 1.708352777316984
1651077205.0384839 100.96248606739447 -42.284106541381085 1.6978335993479838
1651077205.4385405 100.63817121631182 -42.158750993242805 1.6895756341644945
1651077205.8384957 100.32380334436576 -42.01463969126454 1.6807677569657125
1651077206.2373314 100.01323672623762 -41.85577993357326 1.6704459837180359
1651077206.638564 99.70193923840384 -41.67944513164775 1.6606362470468727
1651077207.8370807 98.73193149715755 -41.12246098481655 1.6239751617777192
1651077207.8370807 98.73193149715755 -41.12246098481655 1.6239751617777192
1651077208.2382088 98.41892379294771 -40.93778087572236 1.612166042718676
1651077209.0383759 97.79520149336693 -40.55885502251743 1.5928085687937665
1651077209.8371038 97.15142451956504 -40.188489048202094 1.5735757044322594
1651077210.237085 96.82978465286334 -40.004610378407484 1.5628984941007888
1651077210.638355 96.49228716909552 -39.834481621381244 1.5562567829963339
1651077211.0370486 96.13828493446813 -39.675896043253054 1.5472928762072171
1651077211.4381773 95.79913838945276 -39.53810128341554 1.5388681429720583
1651077211.8381886 95.45651209755918 -39.39644730955465 1.5303251969988276
1651077212.2370033 95.10706599773972 -39.25114998261323 1.5186033560228385
1651077212.2370033 95.10706599773972 -39.25114998261323 1.5186033560228385
1651077212.6381068 94.7706963423815 -39.10810727637137 1.5105052173192206
1651077213.0381095 94.43444567056926 -38.964848656111634 1.501873144860747
1651077213.4380653 94.09913177563193 -38.823421890767186 1.4942818250446528
1651077213.8379483 93.76342166083509 -38.67575085095863 1.4844421346758228
1651077214.2366934 93.42311473302276 -38.51984940047595 1.4736109835187612
1651077214.6366918 93.00558381027423 -38.33538323963928 1.4621799512481828
1651077215.03795 92.495231196326 -38.109443497666916 1.4472784636727858
1651077215.8367007 91.4386163465772 -37.645233807523795 1.4159465188410654
1651077216.237974 90.93521062421515 -37.42667301244134 1.4011137900789097
1651077216.6365976 90.48540218814176 -37.23343719135425 1.3913789082041665
1651077217.0365708 90.03157984883158 -37.035659745182016 1.378731845567444
1651077217.0365708 90.03157984883158 -37.035659745182016 1.378731845567444
1651077217.4365869 89.59680792903468 -36.84988806996208 1.3657837423738475
1651077217.8365726 89.16799232492885 -36.664296569424884 1.3544318033548204
1651077218.2365751 88.71884843315908 -36.47308687140696 1.3412689222828313
1651077219.036557 87.82010631105379 -36.080699415942505 1.3117607609010438
1651077219.4364402 87.40470236207857 -35.86694329859457 1.298614741665772
1651077220.2375894 86.66016899363113 -35.34006207259431 1.2825524113453879
1651077220.6375897 86.25599319425142 -35.05739122900493 1.2769078622333785
1651077221.037575 85.86114869928063 -34.765032975683525 1.267512026704739
1651077221.8376417 85.07911541713366 -34.20161253237085 1.241015390300342
1651077221.8376417 85.07911541713366 -34.20161253237085 1.241015390300342
1651077222.237628 84.75535656684683 -33.990221593109204 1.2295938708181309
1651077223.0376008 84.11969322069233 -33.64143322718223 1.2167064959437166
1651077223.8375747 83.45235852470651 -33.33597481841748 1.2028141668307144
1651077224.2375731 83.1162313149733 -33.206822209693776 1.1992435201873615
1651077225.037439 82.41982051127603 -32.938304062727916 1.1889930318709794
1651077225.4374282 82.06504965430774 -32.80718125530873 1.1817404558833102
1651077225.8373377 81.71256773088291 -32.67993616490126 1.1740358457571245
1651077226.2373502 81.36050456520191 -32.55485055399762 1.1668697061588553
1651077226.6373289 81.00588314787367 -32.43517389342213 1.159855796002262
1651077226.6373289 81.00588314787367 -32.43517389342213 1.159855796002262
1651077227.837379 79.9400720941834 -32.10053467604678 1.1358953120584379
1651077228.237355 79.58136115469368 -31.990048063490992 1.127459332935996
1651077228.637375 79.22852873147706 -31.870189384126306 1.1162052533037812
1651077229.0385704 78.86853399974771 -31.761824391436313 1.1061526518683964
1651077229.437441 78.52404223984304 -31.651594095449514 1.098886660249686
1651077229.8374426 78.19051433028577 -31.515840176442808 1.0923207608437904
1651077230.2374287 77.85817454532643 -31.378635805112904 1.08654296756551
1651077231.038557 77.20699954304636 -31.065965094972608 1.0675047849041102
1651077231.4384437 76.88825673075088 -30.88815975463671 1.0583498620051586
1651077231.4384437 76.88825673075088 -30.88815975463671 1.0583498620051586
1651077231.8386652 76.56356484267984 -30.71585534000916 1.0481889323621498
1651077232.6386085 75.91621724253235 -30.357572913688593 1.0286992783745523
1651077233.8387504 74.94965770977366 -29.83406526284295 1.0075551636726712
1651077234.23861 74.61898463882363 -29.66487460902005 0.9998326813736079
1651077234.638569 74.28848537333496 -29.493503806736562 0.9902943869343551
1651077235.0384429 73.95802159456112 -29.31714831493559 0.9780082945669604
1651077235.438326 73.62955903716085 -29.137588742459727 0.964510446761281
1651077235.8371112 73.30508471306321 -28.969040244187088 0.9540921571249505
1651077235.8371112 73.30508471306321 -28.969040244187088 0.9540921571249505
1651077236.2369676 72.98185655205599 -28.80521744192581 0.9459921643203648
1651077236.6368628 72.65544387549174 -28.643667467422627 0.9390774012437232
1651077237.0368855 72.32980970547179 -28.486159865041994 0.9340393334203388
1651077237.436896 71.99645042229015 -28.314880935973235 0.9264648901523335
1651077237.8368595 71.66450235829083 -28.150859115159967 0.9176751382096204
1651077238.6381967 71.00252702243317 -27.797700530576535 0.8942739211786307
1651077239.43693 70.34755477029972 -27.42317659869357 0.8564606589113394
1651077239.8380814 70.03390347077993 -27.235122223228664 0.838347561221334
1651077240.2368405 69.71640748030592 -27.043019555754356 0.8197904829870893
1651077240.6368601 69.39070246566718 -26.863463965766165 0.8020466207498245
1651077240.6368601 69.39070246566718 -26.863463965766165 0.8020466207498245
1651077241.0367153 69.05513926512619 -26.693605991985365 0.7855645216961658
1651077241.4379425 68.70887990684737 -26.542010755667576 0.768931260411771
1651077241.836702 68.36168607503191 -26.407832937391337 0.7544028245473161
1651077242.2367113 68.01706511817267 -26.292445043910522 0.7434289015106305
1651077242.6367314 67.66096981797867 -26.18594918484641 0.7322235523697902
1651077243.0379863 67.29975804468067 -26.098241373745722 0.7227740160895624
1651077243.4379666 66.92191443243112 -26.00761765550392 0.7197688217414339
1651077243.8367143 66.46699090530848 -25.892582684236974 0.7068932049895752
1651077244.2379334 66.0010529632108 -25.799374947305928 0.6927904447861509
1651077244.63779 65.5926317369624 -25.70171694584927 0.6838660770788738
1651077245.0391295 65.18638475257366 -25.61637872101355 0.6814871695697903
1651077245.4391813 64.76499357323713 -25.524470418138282 0.6769899006738843
1651077245.839139 64.3452306009326 -25.44084088322745 0.6739371582443409
1651077246.2391288 63.9762419197639 -25.3785387565288 0.6736742577186475
1651077246.6379929 63.613487860372935 -25.304448331333823 0.6710172751055173
1651077247.0367403 63.25084877948514 -25.224842850133765 0.6646941010133837
1651077247.4367847 62.89076751485045 -25.14515152368558 0.6607626563196944
1651077247.8368495 62.53711085917893 -25.050705552712998 0.6539479416329429
1651077248.2380786 62.19012616334052 -24.952222992685595 0.6494881645290183
1651077248.6368744 61.8456029204371 -24.84673938810513 0.6455424918637145
1651077249.0368314 61.503901348055436 -24.725859368239956 0.6408273752557029
1651077249.4368112 61.157810892744095 -24.60165500433954 0.6338971177495287
1651077249.8379767 60.81802082787877 -24.469568919216847 0.6274513266910569
1651077250.237988 60.481433033279146 -24.337918904250582 0.6237464206704136
1651077250.237988 60.481433033279146 -24.337918904250582 0.6237464206704136
1651077250.6381652 60.13668688883327 -24.20444078792222 0.6190317740977307
1651077251.0384786 59.78718512449045 -24.067478991519238 0.6124127826906619
1651077251.437207 59.44340810549495 -23.932680108304755 0.604909876916337
1651077251.8372371 59.10138092157955 -23.795451341034855 0.5978319196567168
1651077252.2385023 58.764524692173985 -23.66184912595115 0.5927660573101878
1651077252.6372132 58.42627767878986 -23.519919624076188 0.5866267904904643
1651077253.0372164 58.08225225008157 -23.375639077134306 0.5780572568724233
1651077253.8370886 57.39925002402195 -23.082495697463983 0.5601830390417686
1651077254.637088 56.722999057186655 -22.793767322731608 0.5460113584440538
1651077255.037064 56.386010246024014 -22.64321726437101 0.5365271024221614
1651077255.4370787 56.04774733128973 -22.49455978651685 0.5297389998619918
1651077255.837065 55.71294748784069 -22.343247348113 0.5219907227154706
1651077256.2370582 55.37776021574783 -22.18937712373172 0.5138322109462917
1651077256.6381862 55.04220106381994 -22.04228854601195 0.5078447122394487
1651077257.036984 54.69944349817127 -21.88902990948235 0.49865256687949017
1651077257.4369838 54.35762622423958 -21.735905296807317 0.4885974614215289
1651077257.8368382 54.01538715620934 -21.583324789532245 0.4779328959434987
1651077258.637987 53.34527622815233 -21.27809002818558 0.4552190987872529
1651077259.0367458 53.20107799540845 -21.207173995627056 0.44682330626267347
1651077259.436733 53.20627344262989 -21.210223277345424 0.44488743912636397
1651077259.8367598 53.20617220119899 -21.210700139347487 0.44456068713665375
1651077260.2367368 53.20592295260599 -21.21062789628884 0.4443383218392207
1651077260.6367397 53.206089365034586 -21.210561541422454 0.4443375319304171
1651077261.03673 53.20648812666045 -21.21069726133056 0.44425265176390344
1651077261.436726 53.20605211123603 -21.210520538614574 0.4443101626596165
1651077261.836734 53.20593048183568 -21.210476894098644 0.4441994303564204
1651077262.2367666 53.206451401850416 -21.210681652447434 0.4442388506841065
1651077262.63679 53.206439003009955 -21.210688332688967 0.4441155577911512
1651077263.0367339 53.162393037437184 -21.192627179003342 0.4455877334119886
1651077263.4367173 52.88967718615321 -21.07267571647726 0.44265178193412724
1651077263.8367355 52.57469031492602 -20.92616399642828 0.43243594299336574
1651077264.636692 51.94085126002209 -20.630681054888985 0.4142320837400178
1651077265.036826 51.6189926468207 -20.48178231616834 0.40450482418737793
1651077265.4368792 51.287146660646556 -20.318416002588723 0.39429150409382446
1651077265.836862 50.93464592465103 -20.122636970554115 0.3849805630049791
1651077266.236868 50.58426096395464 -19.931836879904726 0.3735306347392726
1651077266.6368604 50.217737475358255 -19.72851510988073 0.36263655087566843
1651077267.0368907 49.77523208875658 -19.479160020293076 0.3540323271397057
1651077267.4367535 49.340443076066755 -19.23178988590552 0.3446739973544993
1651077267.8367298 48.94103348779649 -19.00019089420407 0.3386995488306049
1651077268.2367241 48.51239174761871 -18.749405797872488 0.3257500445915491
1651077268.6367354 48.141959809604614 -18.510074903056083 0.3054966943883659
1651077269.0380135 47.7872988546068 -18.308421859528433 0.32502122039926035
1651077269.0380135 47.7872988546068 -18.308421859528433 0.32502122039926035
1651077269.4367704 47.282811906696544 -17.99314066717496 0.2802777898268692
1651077270.6366827 45.756345872431375 -17.296778012445902 0.26253372259990515
1651077271.037816 45.2661424428752 -17.136476486273754 0.257734450654716
1651077271.4376986 44.76697447524567 -16.985265385718634 0.25227466787234
1651077271.4376986 44.76697447524567 -16.985265385718634 0.25227466787234
1651077271.8377216 44.29114734717009 -16.831866365134463 0.2512727736351005
1651077272.2376862 43.81328944560468 -16.668510674507907 0.2493758419871009
1651077272.638996 43.34199945069054 -16.48658321298308 0.24782948542087205
1651077273.0377727 42.85597580980512 -16.30846850415701 0.2415406644887093
1651077273.437739 42.36831691876767 -16.12804858689186 0.2327731476428043
1651077273.8377905 41.87947959547944 -15.941992689184938 0.21900647896301684
1651077274.2378354 41.39020846629206 -15.75511004744788 0.19793639710488853
1651077274.6378407 40.908128640205646 -15.574967194276235 0.18258709977682006
1651077275.4378119 39.95572966948847 -15.23220813057775 0.15646349923957306
1651077275.8377197 39.51913155538315 -15.104018368672477 0.14635796272145374
1651077276.2377398 39.07441218494247 -15.016897645965358 0.14095425397138006
1651077276.2377398 39.07441218494247 -15.016897645965358 0.14095425397138006
1651077276.6375904 38.63778637762139 -14.917645362004933 0.13092104427274606
1651077277.038706 38.19753284370567 -14.81265997085414 0.11833411722072344
1651077277.4375076 37.76772576241185 -14.701400550762871 0.10470534411330369
1651077277.83877 37.3619925692658 -14.57097229207728 0.09701263465901154
1651077278.2374783 36.97279721735634 -14.42231703753262 0.09175321636226715
1651077278.6386971 36.58545421437164 -14.247764543788724 0.08131397610182209
1651077279.0388274 36.20840432947328 -14.061287445515122 0.0760722319920151
1651077279.4376965 35.83195056245437 -13.854877747596735 0.06561375236804577
1651077279.8377316 35.45894052099526 -13.615719218079077 0.04895212172123687
1651077280.238953 35.108511242423546 -13.368798139957208 0.03752744052555255
1651077280.637734 34.7668709446495 -13.108594071954155 0.030023034857940417
1651077281.0389855 34.42291802897238 -12.852108507220999 0.018827029304180364
1651077281.0389855 34.42291802897238 -12.852108507220999 0.018827029304180364
1651077281.4379013 34.10716121760399 -12.619314437492084 0.014088173811283213
1651077281.8369718 33.79913878131466 -12.388476164842258 0.00487237514475794
1651077282.2369418 33.47369034128542 -12.167379849316676 -0.0005339563163581334
1651077282.6381915 33.161238985994316 -11.956222935476722 -0.0019351440851724032
1651077283.036959 32.82924791018062 -11.746916208483437 -0.010525057160797449
1651077283.4369533 32.48986885121748 -11.557775622444789 -0.015045296623576922
1651077283.836945 32.149721843326844 -11.374684806298342 -0.027542553264847662
1651077284.2381763 31.79738622583316 -11.209703322776466 -0.03404012413570305
1651077284.6381974 31.44183190304545 -11.056689255214316 -0.04321857630129542
1651077285.036923 31.07038111741614 -10.923640501578857 -0.05220583407555403
1651077285.4368155 30.708541549183078 -10.814840870104028 -0.057066840930874364
1651077285.8379323 30.34959069773584 -10.717885321866369 -0.06364449210612602
1651077286.237866 29.992054070912634 -10.621255189394489 -0.07115102134345411
1651077286.237866 29.992054070912634 -10.621255189394489 -0.07115102134345411
1651077286.637701 29.637625436849543 -10.520008921853305 -0.07799285241833082
1651077287.0388167 29.28292827226631 -10.406207952792219 -0.08850808286019214
1651077287.4388287 28.93562538085682 -10.291466588075409 -0.09587417492873819
1651077287.837598 28.59426443199823 -10.157444322408502 -0.10809402010900757
1651077288.2376 28.258897839536765 -10.025979782639288 -0.11383804126891087
1651077288.638861 27.918719829074114 -9.893422793381799 -0.12048091803055815
1651077289.0389512 27.581194250142218 -9.7629505397443 -0.12420213818803877
1651077289.4389513 27.233533269251428 -9.625885453387575 -0.13420309867112154
1651077289.838936 26.898923753812085 -9.487128016260076 -0.13904243823729814
1651077290.2375484 26.57024332553665 -9.34153878688498 -0.14365507478194361
1651077290.6387546 26.23741596869046 -9.18879193429719 -0.1519916652363817
1651077291.0400364 25.90462635883571 -9.031882570845658 -0.16019210415782223
1651077291.0400364 25.90462635883571 -9.031882570845658 -0.16019210415782223
1651077291.4398494 25.576621657269147 -8.877993227757939 -0.16371159402699734
1651077291.8386276 25.253229466698578 -8.718937167060703 -0.16611035958533477
1651077292.23875 24.924129247790802 -8.553837881590688 -0.17536683276320778
1651077292.638708 24.598561088294094 -8.386364582326511 -0.17973506524091556
1651077293.0386922 24.26985550105384 -8.222837818632268 -0.18322537461901267
1651077293.4374483 23.947395154886102 -8.052372465057545 -0.18896573062550365
1651077293.837447 23.62044286931982 -7.887441351719848 -0.1906935275803209
1651077294.237357 23.29450593226498 -7.720823267036138 -0.191643008194059
1651077294.6373174 22.973669909836 -7.555641228780612 -0.19250491680980236
1651077295.0373209 22.633519159665536 -7.377577746934833 -0.1936780650496
1651077295.837338 21.873296794888837 -6.979523482259202 -0.19614283436491586
1651077296.2373261 21.472397896683482 -6.7600303258303525 -0.1966278576171261
1651077296.6373644 21.056681874893194 -6.54124274890407 -0.1969036021796569
1651077297.0373085 20.639927118935493 -6.318391089636305 -0.1982323791909769
1651077297.4371922 20.22916369525694 -6.107152232188542 -0.2000341817374317
1651077297.8372085 19.832138685002217 -5.917636082251798 -0.20386434364438208
1651077298.237204 19.429113381210822 -5.737557470479127 -0.20348262893754285
1651077298.237204 19.429113381210822 -5.737557470479127 -0.20348262893754285
1651077298.6370988 19.027582136356703 -5.558062749891029 -0.20427529139597378
1651077299.0371957 18.620577740690234 -5.372830597695133 -0.20861389648889533
1651077299.4372082 18.22354840101015 -5.196098688240965 -0.20979285292004704
1651077299.8372293 17.828745420832135 -5.025973060429628 -0.21070236350783328
1651077300.6372054 17.040822576799187 -4.6805444227718604 -0.21512725026961657
1651077301.0372028 16.666013812844252 -4.5174603239435 -0.2158738222013702
1651077301.4373364 16.293893236596876 -4.358380635987014 -0.2137196743772478
1651077302.237332 15.544564837503923 -4.04655356743033 -0.21427985127941068
1651077302.6373549 15.174390560109986 -3.8889704754564325 -0.20952191203774223
1651077303.03736 14.793301008441073 -3.726093313275079 -0.21071093116633446
1651077303.437821 14.416732507381122 -3.568796608945081 -0.2085605307705939
1651077303.837988 14.046980962832217 -3.3992273909574733 -0.20752527464454018
1651077304.2379868 13.678863379040312 -3.2269370753400426 -0.21011113504907558
1651077304.637984 13.306791679578392 -3.0530942445153824 -0.2090131029234522
1651077305.0379422 12.934982873582678 -2.874560795662162 -0.21323299154092357
1651077305.4379423 12.568465751842819 -2.703470605571655 -0.2128733068473853
1651077305.8378243 12.209853846213267 -2.52960028492286 -0.20889793900555062
1651077306.2377634 11.847795670648578 -2.3523333173228047 -0.20655761292128327
1651077306.6377552 11.474302192047466 -2.1658108673270933 -0.21077488746198791
1651077307.0377822 11.11778969130568 -1.985707363649007 -0.21198831058851716
1651077307.437729 10.785575442519146 -1.8128830632408934 -0.2145284980934114
1651077308.2377012 10.132422571971569 -1.4683861647129222 -0.21781700983197447
1651077308.6376882 9.806257829097289 -1.299941244078564 -0.2161273497443984
1651077309.4386764 9.152182321443155 -0.9640566457046165 -0.2135256844861619
1651077309.8373084 8.81502164740502 -0.7976126475496433 -0.21536993042609312
1651077310.2371778 8.485923846912558 -0.628584092499934 -0.22366486816191883
1651077310.2371778 8.485923846912558 -0.628584092499934 -0.22366486816191883
1651077310.6373792 8.15895985011225 -0.47326138501622944 -0.2134847791716563
1651077311.037383 7.833872562469361 -0.30043702427966207 -0.21866778369046463
1651077311.4373593 7.4938087242140465 -0.14152428170497228 -0.22223538380873117
1651077311.8373556 7.169760578712817 0.030907702182268564 -0.2253367155355598
1651077312.2373626 6.838988764108569 0.1857194849460997 -0.2230853800834191
1651077312.637342 6.5037489311028756 0.3522369633380219 -0.228680670363645
1651077313.4371727 5.8504996449725155 0.6784062135774458 -0.22894482207144226
1651077313.8371956 5.5225986517578125 0.8483678345364432 -0.2327388624279139
1651077314.237164 5.185799375186544 1.0158754460574273 -0.23753971010870814
1651077315.0372462 4.530491451523273 1.35198096085706 -0.24346234879334094
1651077315.0372462 4.530491451523273 1.35198096085706 -0.24346234879334094
1651077315.4372742 4.1971862368284265 1.5188480814729866 -0.2460561688533144
1651077315.8383698 3.8786548144170414 1.6835103971696586 -0.2463787391283555
1651077316.2383199 3.586043756929561 1.8454874137928186 -0.2521990382395322
1651077316.638317 3.223095146617667 2.036440000444212 -0.2520098060809829
1651077317.0383332 2.899894929222227 2.2030657025531064 -0.2525190082552648
1651077317.438337 2.589639094138316 2.378041200529397 -0.2559771459503805
1651077317.8383482 2.2657298730542124 2.5453405360412655 -0.2539133134256177
1651077318.2386034 1.935653752755222 2.728905290410024 -0.25868392446780597
1651077318.6387296 1.6059193433741594 2.908901131427092 -0.26923691522111204
1651077319.03619 1.287574180571178 3.08689929635238 -0.27495796973694764
1651077319.436189 0.9688138193759795 3.263919523282235 -0.2770357266270332
1651077319.8361733 0.650579595630038 3.4428817546404904 -0.2843774619815827
1651077320.2361734 0.3549567529990273 3.5941467324669634 -0.2868610765373243
1651077320.2361734 0.3549567529990273 3.5941467324669634 -0.2868610765373243
1651077321.0377986 -0.4229717309476343 4.011166361261461 -0.2959731136311869
1651077321.437702 -0.654559907088789 4.139827149961964 -0.296172737197112
1651077321.8377032 -0.9750435402437027 4.308246404242134 -0.29663553095049955
1651077322.23769 -1.2999571258456155 4.475841351752874 -0.2977577003385179
1651077322.6376915 -1.6257251224610243 4.643405714520006 -0.300019132278236
1651077323.0376983 -1.9622842894483936 4.801596648860196 -0.3005935663574241
1651077323.4376972 -2.110028903966287 4.871124725578114 -0.3023238285064554
1651077323.8377237 -2.1016633749232008 4.870493213335914 -0.3053326829948935
1651077324.2377298 -2.1016351422541826 4.870845065889232 -0.30737880777323817
1651077324.6377084 -2.101498155501054 4.870621174950952 -0.30788373300391597
1651077325.0377321 -2.1017118110137427 4.871371530909459 -0.3080160079922622
1651077325.4377277 -2.101828915727205 4.871763930127977 -0.3079131328919726
1651077325.4377277 -2.101828915727205 4.871763930127977 -0.3079131328919726
1651077325.8377435 -2.1016763203153572 4.871484708109773 -0.30784945162031396
1651077326.237742 -2.1018136517912365 4.8718800350790366 -0.30773477608771316
1651077326.637751 -2.1018124230151702 4.871925789861632 -0.307709795024493
1651077327.037766 -2.1017741064044637 4.871882420217063 -0.30762231246901367
1651077327.4377823 -2.1013098625703592 4.8708561647663 -0.30752427308586094
1651077327.8377447 -2.1015149360234946 4.871342256453744 -0.30775325220823874
1651077328.237828 -2.10139128307026 4.871105064475241 -0.3078616970352596
1651077328.6379466 -2.1013305156497863 4.870980822359616 -0.30782591922168073
1651077329.037943 -2.101387220866021 4.871127625031235 -0.30770593500413973
1651077329.4379854 -2.1014352185046428 4.871231102055729 -0.3076401325207335
1651077329.8379533 -2.1017797975898156 4.87203174720073 -0.3078089840635128
1651077330.2379847 -2.1018228184124115 4.872135469598622 -0.3079447823672275
1651077330.638072 -2.1013874479877215 4.871249751127281 -0.30801423888954055
1651077331.0380712 -2.1011562279297276 4.870994813609485 -0.3081019965807516
1651077331.438062 -2.101321468614889 4.8714119667109745 -0.3081410602501693
1651077331.8379393 -2.101322980281793 4.871421151979143 -0.3081579083375269
1651077332.2379386 -2.101220999594381 4.871203248310678 -0.30815903676558315
1651077332.6379588 -2.101323251715674 4.871474382044679 -0.3081767537927346
1651077332.6379588 -2.101323251715674 4.871474382044679 -0.3081767537927346
1651077333.0380037 -2.101268398038426 4.871347004973618 -0.30815017813529155
1651077333.4379928 -2.101270792973934 4.871369178764785 -0.3081283550652804
1651077333.838026 -2.101182746235586 4.871179998191096 -0.3080979544430041
1651077334.2379758 -2.1013173262639024 4.87149304761997 -0.30809501013390983
1651077334.6379793 -2.101164929074636 4.871136167900782 -0.30805031514704934
1651077335.037996 -2.1012299571267894 4.87129449693954 -0.3080358131398406
1651077335.4392736 -2.1013378995052285 4.871542846744933 -0.3080301174973728
1651077335.839248 -2.102156582548875 4.873515108323924 -0.30783104255134025
1651077336.238054 -2.354874868316813 4.982953491330355 -0.30404849095896586
1651077336.6379113 -2.5906127270566706 5.108014527888652 -0.305298950559943
1651077337.0390801 -2.8849873238600003 5.260765327028065 -0.3068661652818714
1651077337.440473 -3.153841502993046 5.428114649331808 -0.307698547782259
1651077337.8404753 -3.4355927880170407 5.606423550567323 -0.30917046411343735
1651077337.8404753 -3.4355927880170407 5.606423550567323 -0.30917046411343735
1651077339.4375079 -4.614965980945634 6.339419350158338 -0.30241240788712387
1651077339.838745 -4.924303827072317 6.514500376158722 -0.30250599200074657
1651077340.2374547 -5.219150754736864 6.725411022614478 -0.30441805468383776
1651077340.6376953 -5.515954122514552 6.913299465241416 -0.30063537152557
1651077341.038946 -5.814340743040113 7.102511926689091 -0.29174895679393925
1651077341.4376929 -6.111638924570358 7.302912649427565 -0.2901313896428352
1651077341.8395853 -6.4050784462294015 7.502537782583135 -0.28614257206047544
1651077342.2382314 -6.661655591623071 7.694052957880917 -0.2776374617348506
1651077342.6382015 -6.881437796104225 7.915598626076613 -0.2765122023330268
1651077342.6382015 -6.881437796104225 7.915598626076613 -0.2765122023330268
1651077343.0372338 -7.080143451571251 8.139859045514052 -0.27483941766338976
1651077343.4372025 -7.328275975482317 8.383125598115557 -0.2642027023172601
1651077343.8371947 -7.575417556531204 8.63459648046262 -0.2550554447716782
1651077344.237192 -7.8023159174941945 8.909749501328003 -0.2576979794374507
1651077344.6372235 -7.9949236685356055 9.181506170083821 -0.25777338385315823
1651077345.0372195 -8.213184637456186 9.445294205712385 -0.23936794601175654
1651077345.4372435 -8.440573615186185 9.738307350958083 -0.2400218915887096
1651077345.8372571 -8.638396696428012 10.029611245482519 -0.23281620951746906
1651077346.2371955 -8.855896087016246 10.327640341397437 -0.22241836722225802
1651077346.6371827 -9.085564875326677 10.632267331672539 -0.2278448941550021
1651077347.037247 -9.318452929292485 10.9178843205761 -0.22871985902811817
1651077347.4371905 -9.556312464916685 11.14490110618921 -0.23511971876124801
1651077347.837236 -9.814136052474133 11.309375026735506 -0.23133671544072085
1651077347.837236 -9.814136052474133 11.309375026735506 -0.23133671544072085
1651077348.2370784 -10.148346617841417 11.499500905782554 -0.23704576943548772
1651077348.638176 -10.505583405207437 11.646843741908855 -0.2338805051888479
1651077349.0382133 -10.869148316432893 11.769012338546007 -0.24085436062063068
1651077349.838197 -11.580098501615682 11.89904990931928 -0.21888545770861512
1651077350.2381897 -11.952009085920416 11.941265327257264 -0.21133815416980234
1651077350.6382303 -12.34689547934196 11.949945845973708 -0.21665388140029235
1651077351.0382276 -12.716727115160461 11.940157530244377 -0.20500890229720783
1651077351.4382107 -13.090232908896938 11.921962902926714 -0.20483629104534604
1651077351.8382058 -13.468308660408217 11.882892295689437 -0.2009354639398595
1651077352.238212 -13.84917816027664 11.862059544000918 -0.19691860643969097
1651077352.638219 -14.213034288694448 11.824589134002261 -0.19435106202452757
1651077352.638219 -14.213034288694448 11.824589134002261 -0.19435106202452757
1651077353.0384083 -14.595094811893793 11.778121460127068 -0.18905856404489876
1651077353.8371925 -15.348010196055606 11.653440593535326 -0.18115129005411007
1651077354.2372196 -15.710494113563803 11.606901856699327 -0.1786752644741941
1651077354.6372252 -16.053391550298702 11.596569122468306 -0.17328668994926327
1651077355.0373065 -16.39969390784937 11.603583684777785 -0.17173175425483825
1651077355.4372418 -16.753698735158224 11.60125152401719 -0.163094386133586
1651077355.8371203 -17.11363999102091 11.609911061907164 -0.16232009634898276
1651077356.237162 -17.453313680585904 11.636029004393512 -0.15851192510673845
1651077356.6372397 -17.710988962295037 11.692453648154583 -0.1522614413389819
1651077357.0371854 -17.879960581449847 11.797514352757869 -0.14912490932495553
1651077357.437194 -18.108768968396152 11.915558521582438 -0.1485266959419751
1651077357.8384573 -18.432869392090964 12.032105488401236 -0.1378138301986002
1651077357.8384573 -18.432869392090964 12.032105488401236 -0.1378138301986002
1651077358.238476 -18.75225465504834 12.1804935385344 -0.12779636749262788
1651077358.6384506 -19.046500004170408 12.355240984400693 -0.12664155218643175
1651077359.0372434 -19.324246348953984 12.556112752361637 -0.12612630968126087
1651077359.438487 -19.578279794317183 12.7661785858418 -0.12512355696811003
1651077359.838479 -19.807039461848916 12.98850992590973 -0.12439310897715582
1651077360.2371926 -20.023543934780648 13.232764716428223 -0.1284822580853453
1651077360.6373277 -20.217614160089543 13.49952667943912 -0.1347352278805847
1651077361.0373192 -20.41874651192359 13.77215280753619 -0.13563511116882854
1651077361.8371685 -20.838251928155543 14.331419338711058 -0.12236798970440979
1651077362.2371733 -21.062559251490278 14.636066507690344 -0.1232289329631016
1651077362.637219 -21.273763046563015 14.933038583310536 -0.1181559929593041
1651077362.637219 -21.273763046563015 14.933038583310536 -0.1181559929593041
1651077363.0371678 -21.47727338388038 15.228397095193632 -0.11014009107443877
1651077363.4372244 -21.67465983332416 15.527488628038386 -0.1059222524621313
1651077363.8372362 -21.8919595799886 15.842987229491706 -0.10729699628545251
1651077364.2372587 -22.104093627446165 16.1569303018636 -0.10615386832509982
1651077365.0372214 -22.538587673585813 16.75218069522604 -0.10353654985279405
1651077365.8372264 -22.96668332741735 17.37207676989249 -0.10965786710770858
1651077366.2372308 -23.172370416879744 17.697266900603065 -0.1196679476850603
1651077366.637245 -23.37551076083934 17.99947456154137 -0.12007076495649098
1651077367.0372357 -23.57892984051981 18.29733233216206 -0.1165524948523385
1651077367.4372108 -23.78764267922014 18.61967538556732 -0.1287453635783013
1651077367.837324 -24.00160750503698 18.939551135134543 -0.13727578972743557
1651077368.237312 -24.208191810202923 19.24169353170954 -0.13745801114199302
1651077369.4371736 -24.832819566744693 20.14880150694992 -0.14303901781061903
1651077369.8373406 -25.041002826988684 20.44289326362609 -0.14005262231655197
1651077369.8373406 -25.041002826988684 20.44289326362609 -0.14005262231655197
1651077370.23722 -25.248239756295437 20.741890640562936 -0.13962402423725503
1651077370.637209 -25.47211917590645 21.050385384084805 -0.14120009242551043
1651077371.0372458 -25.70990870743351 21.35106672114537 -0.145062272415062
1651077371.4372656 -25.958294172079025 21.6088513872884 -0.1432170253771111
1651077371.8372562 -26.230622669305724 21.84305658656192 -0.1414502365525052
1651077372.2372653 -26.522044742202475 22.05290402910476 -0.13828009656118995
1651077372.637212 -26.816976082253763 22.253683061627697 -0.1358842228699721
1651077373.037198 -27.13331989568774 22.452184976028917 -0.134795578615086
1651077373.438432 -27.45844989214418 22.632229422211672 -0.1330174170584176
1651077375.837728 -29.49083618730863 23.386124298680173 -0.08056773412508678
1651077376.2377381 -29.855571326669317 23.45178344636954 -0.07351400059012239
1651077376.637728 -30.2156243422226 23.51714619704652 -0.06103223479676655
1651077377.0377321 -30.58007275087074 23.573373650110153 -0.05019628040843492
1651077377.8377643 -31.298358409183567 23.683383734299724 -0.02311035104909567
1651077378.2377102 -31.645228744888446 23.73334763592196 -0.0057802823919509486
1651077378.6377249 -31.984929313324532 23.791090787302124 0.006984771353189177
1651077379.4377162 -32.51672513401777 23.91259667801957 0.03530052884279466
1651077379.4377162 -32.51672513401777 23.91259667801957 0.03530052884279466
1651077379.8378932 -32.761582844430386 23.995413515661735 0.04519530101703074
1651077380.2375913 -33.083591489147324 24.08417651203675 0.05887271101334892
1651077381.037577 -33.81980865833849 24.264594521911473 0.08676740096134207
1651077381.4388194 -34.167267639118464 24.35978365362427 0.1043071517225075
1651077381.838984 -34.508936621400146 24.458016180369178 0.12190093255313429
1651077382.2377427 -34.8672769742412 24.55533118992346 0.1353555926564826
1651077382.637706 -35.21532750811379 24.666946257975106 0.15080539694392875
1651077383.03911 -35.545632747201346 24.781400570996773 0.1655816272178253
1651077383.8391373 -36.11253364822175 25.084113691484067 0.1748236222358047
1651077384.637953 -36.64994123844726 25.441869747015026 0.1851330011367047
1651077384.637953 -36.64994123844726 25.441869747015026 0.1851330011367047
1651077385.0379758 -36.91256435741925 25.635998664904005 0.19282530973499615
1651077385.437951 -37.13338001600724 25.857843554091776 0.19854915041960214
1651077385.8379567 -37.31325861112624 26.10202512946367 0.19752377899671192
1651077386.2379673 -37.509674809931106 26.376490107936014 0.19390404806362355
1651077386.638002 -37.7347846856521 26.667019859054395 0.19373436479697526
1651077387.0379746 -37.95426769961042 26.949511127158758 0.19887460389118383
1651077387.4378583 -38.17468950020705 27.24790499464393 0.2015836471318528
1651077387.8378909 -38.393837326425285 27.54990925812681 0.20411925263381508
1651077388.2378669 -38.5754687184503 27.846215152831594 0.20992651149012853
1651077388.637852 -38.73889784528445 28.15332946678263 0.2127595082163262
1651077389.0378594 -38.885538860212044 28.47560966507626 0.21215143692103802
1651077389.4379416 -39.02752540350898 28.80204556062987 0.21015880427754666
1651077389.4379416 -39.02752540350898 28.80204556062987 0.21015880427754666
1651077390.237813 -39.296886038934616 29.49231790913582 0.19815422969263602
1651077390.6377008 -39.42453001235968 29.826830730721387 0.19809938852347073
1651077391.0377116 -39.54058757285539 30.159378365960087 0.19706192091274718
1651077391.4377334 -39.665874501779626 30.469202596790822 0.20876102192173127
1651077391.8377805 -39.79468236222027 30.82008530169885 0.21095028644408567
1651077392.2382128 -39.90806598879782 31.181997820842877 0.2042097578799698
1651077392.638217 -40.01918462227572 31.520500260728777 0.214747619392547
1651077393.0382183 -40.127587222008984 31.848356034245466 0.21874700055873117
1651077393.8382657 -40.38674613110164 32.444128433010086 0.21305378596039704
1651077394.238195 -40.5563721070945 32.71119291703991 0.21196217297542977
1651077394.6369362 -40.757967553878125 32.97858608093732 0.2125968481878357
1651077395.036914 -40.99962054995091 33.244949712658055 0.21946407517544061
1651077395.436874 -41.25073491335187 33.51834243730809 0.22803885773914442
1651077395.8381336 -41.51135961327067 33.80033097416098 0.230299121985813
1651077396.2370052 -41.777945610380286 34.058927952281564 0.23477600230221812
1651077396.2370052 -41.777945610380286 34.058927952281564 0.23477600230221812
1651077396.6386306 -42.035442619722375 34.314181247789136 0.24066400983973685
1651077397.0384521 -42.29957423453628 34.552988147916885 0.25439347912533744
1651077397.4372075 -42.59614478556281 34.798255776071336 0.2650081140374639
1651077397.8384798 -42.91077918694706 35.02723143888765 0.27206462686591
1651077398.6384878 -43.49183020224264 35.47570646920086 0.28845302263346356
1651077399.0372162 -43.78372418961056 35.69337334578647 0.2999837684367864
1651077399.4373267 -44.085404059504434 35.90749259662167 0.3110862307764099
1651077399.8373458 -44.39232584961338 36.13551990757749 0.3155983487676139
1651077400.2373178 -44.682373037636076 36.348406925881655 0.3235425358785959
1651077400.6372035 -44.96420127953132 36.56464832177762 0.334032114668615
1651077401.0372007 -45.242354891605025 36.7802713095718 0.3476179725188435
1651077401.4372752 -45.53233256846198 37.001279316858394 0.36195338102778674
1651077401.4372752 -45.53233256846198 37.001279316858394 0.36195338102778674
1651077401.8372576 -45.78922111325868 37.21877562135858 0.3746136505662002
1651077402.2372131 -46.0147860640132 37.423609873910024 0.388498919216654
1651077403.037231 -46.41477980989613 37.84652466670541 0.4168009938839712
1651077403.4384449 -46.63766194092009 38.08140809575935 0.4411632820193382
1651077403.837247 -46.873365647334154 38.329404684108255 0.47557126449402326
1651077404.2373815 -47.12020372028067 38.586833584030934 0.5043525857476501
1651077404.6386125 -47.37700108563197 38.858266385342546 0.5248519246981758
1651077405.0373821 -47.62780103273473 39.13354803561254 0.5464512101241951
1651077405.4373224 -47.87046316473329 39.38428029132137 0.5756591604927441
1651077405.8385763 -48.11124877198482 39.62093870827331 0.6119964595168448
1651077406.237335 -48.3694845934664 39.88777230541306 0.6376425582607992
1651077406.237335 -48.3694845934664 39.88777230541306 0.6376425582607992
1651077406.6372082 -48.61530523076063 40.16494765594279 0.6586079552312708
1651077407.8371925 -49.372577278347926 40.99733595114365 0.6958018509903668
1651077408.2384624 -49.59221342651429 41.26439588355285 0.708105354242738
1651077408.2384624 -49.59221342651429 41.26439588355285 0.708105354242738
1651077408.637394 -49.822175807863566 41.52268856373073 0.7263033514704486
1651077409.0387278 -50.077798298154214 41.76865385677409 0.7482414043798638
1651077409.437498 -50.34039127583848 41.9685685769627 0.7599318318004232
1651077409.8374991 -50.56792374036196 42.08254128380436 0.7646333998156064
1651077410.637462 -51.18324032420225 42.44839832143789 0.8062334608318833
1651077411.0374541 -51.50819136490722 42.63246817117477 0.8214582276643648
1651077411.43745 -51.837086211470506 42.81482503921861 0.8410670473492268
1651077411.8374517 -52.17946789029737 43.00899753446936 0.8476355505286858
1651077412.2374735 -52.506837544123364 43.18144606529822 0.8631880353024803
1651077413.0387285 -53.12019577182869 43.553788823962165 0.8937622864558993
1651077413.0387285 -53.12019577182869 43.553788823962165 0.8937622864558993
1651077413.437613 -53.43285591591623 43.7653785455619 0.90270905953113
1651077413.837839 -53.75909141788578 43.985040314856384 0.9098052937420413
1651077414.236597 -54.0729426051833 44.19484230686421 0.9098654751217347
1651077414.6366465 -54.37299825457466 44.388827631202474 0.9167125353814112
1651077415.0366116 -54.66546143705583 44.568012412372205 0.9276476144302606
1651077415.4378664 -54.99367032914461 44.75488516369737 0.9398467973062586
1651077415.8367045 -55.334257290814435 44.95204128178649 0.9478965798251646
1651077416.6367316 -55.97608039969424 45.32712641603374 0.9676136603748998
1651077417.0367336 -56.282250539472365 45.52631988308279 0.9763069257841059
1651077417.4367154 -56.575590756944074 45.71761322689534 0.9867156395388142
1651077417.4367154 -56.575590756944074 45.71761322689534 0.9867156395388142
1651077417.8369005 -56.86488777870391 45.9175301757742 1.0008504590100111
1651077418.2367525 -57.156923527656495 46.119573893294714 1.0180775437403746
1651077418.6367307 -57.4638098239434 46.32130694268503 1.0341253710304774
1651077419.0380056 -57.76631653776544 46.52879763987664 1.0509293626605385
1651077419.4367356 -58.04941028340643 46.722466350282595 1.070137742924839
1651077420.2380402 -58.64770958485092 47.125884996402434 1.1080705851651718
1651077420.6369557 -58.93996442595869 47.33031115649355 1.1275610233100366
1651077421.0370066 -59.239843637988535 47.52174969964236 1.1490853408742256
1651077421.8370073 -59.77579930892843 47.929091908158746 1.1865743191490168
1651077422.2369883 -60.02922169967639 48.13537870631861 1.2058759171751217
1651077422.6372964 -60.29468355104921 48.34901997253281 1.2299357119330534
1651077423.0370815 -60.55347764130893 48.56840097055542 1.255597886248057
1651077423.4383216 -60.8095447597679 48.81397984390881 1.2761123206594365
1651077423.8371093 -61.015768012406895 49.076312326095085 1.2925513659046108
1651077424.6372178 -61.460659780804015 49.589240653724765 1.3564422851544362
1651077425.0384755 -61.70752221284227 49.87297194148593 1.381787546117002
1651077425.4383364 -61.95878235316906 50.12249813633135 1.4024710173691681
1651077425.8383882 -62.175667004788004 50.32300008826822 1.4319109958043066
1651077426.2383235 -62.413294527082634 50.523922159377655 1.4720220381862286
1651077426.6370747 -62.67928488594788 50.72301265313881 1.5065260108362528
1651077427.0370886 -62.955899617629875 50.945556313546014 1.5252257181028581
1651077427.4386387 -63.25242888161698 51.139126241767 1.5614799974322218
1651077428.2397344 -63.83571675240877 51.55076493188821 1.6186405767897067
1651077428.6384525 -64.16125322531543 51.769867246012105 1.6407684510618614
1651077429.0371883 -64.47065596713678 51.96123803563868 1.6664864524842493
1651077429.4403353 -64.77861752137878 52.157964695678864 1.6791570801656894
1651077429.8420637 -65.07087336267804 52.3203901622466 1.7123750138674283
1651077430.239456 -65.36453351910129 52.501154391367415 1.7431035496719267
1651077430.6381745 -65.63882396634686 52.71580932351913 1.7706091985196144
1651077431.0382106 -65.93651907535228 52.952573524273504 1.7924539990212072
1651077431.4370108 -66.23598108091566 53.173808755457365 1.8199300820612914
1651077431.8370502 -66.5340005908177 53.41046515399104 1.830103358559875
1651077431.8370502 -66.5340005908177 53.41046515399104 1.830103358559875
1651077432.237082 -66.80829115821234 53.626254497598744 1.8560225247433533
1651077432.6370914 -67.11357372271243 53.85487876942329 1.875965396931812
1651077433.4371376 -67.6655010772542 54.29297160299416 1.9222617173698617
1651077434.238468 -68.23409734638723 54.680212920419315 1.994179217342069
1651077435.437203 -69.20286898334203 55.220873358528095 2.114868164065189
1651077435.8384492 -69.52409577913777 55.40328278418326 2.151387275270755
1651077436.2384727 -69.87472663803054 55.58740893144224 2.1851878993979517
1651077436.6375258 -70.22407021115063 55.78798314076424 2.208957178287986
1651077437.037764 -70.54944924759126 55.9991338267802 2.2259101480532273
1651077437.437744 -70.8439079321758 56.19659998114963 2.2542590174507606
1651077437.8378315 -71.0881148794903 56.38684852405426 2.2878608837069607
1651077438.2380133 -71.26676532004741 56.5552492316129 2.309961341370332
1651077438.6379974 -71.33480826023978 56.70936550764929 2.3191432308756097
1651077439.036757 -71.4957229812785 56.94020490723937 2.3512470266645087
1651077439.4379766 -71.73987706027786 57.19133083385045 2.4037548831011573
1651077440.6367073 -72.38274145366124 57.925445429737394 2.554759942601174
1651077441.0367575 -72.62148585694572 58.22684460486727 2.5919195574667935
1651077441.0367575 -72.62148585694572 58.22684460486727 2.5919195574667935
1651077441.436607 -72.86204347048594 58.54564505173301 2.6153904975794573
1651077441.8379662 -73.07887340385989 58.834963217286166 2.6410823304812876
1651077442.237981 -73.26217772281345 59.07407362015223 2.680306369134693
1651077442.6380317 -73.43901465976434 59.29819605800846 2.722934841656601
1651077443.037948 -73.62686320821653 59.53471593586301 2.7701576014685663
1651077443.4379473 -73.81114899148837 59.77477906670085 2.821331077043148
1651077443.8379545 -73.99995297724752 60.03689318555965 2.873367759551047
1651077444.2379992 -74.19509228261576 60.26913224193763 2.9015197049767067
1651077444.6380198 -74.40542251314926 60.44831346000122 2.930350474911648
1651077445.4379632 -74.88032416149379 60.94910841741058 3.02520956593113
1651077446.6381335 -75.5257276186313 61.51497714396689 3.130461267903007
1651077446.6381335 -75.5257276186313 61.51497714396689 3.130461267903007
1651077447.0368423 -75.70304327294464 61.63482418916651 3.155896981388272
1651077447.4368792 -75.93887828298598 61.80304404436686 3.196416222977787
1651077447.8381093 -76.2050259990081 61.92104515818991 3.232774344116286
1651077448.2380903 -76.4697896193155 61.980147885152554 3.254463354557422
1651077448.6369698 -76.74290735895096 62.08314835297637 3.2953518806981252
1651077449.0370297 -77.07272557038738 62.22544758184692 3.34426110100643
1651077449.4382327 -77.42155529916032 62.3371418609932 3.3658583025870703
1651077449.8371086 -77.79696886646546 62.39824482517225 3.3803839771038966
1651077450.2383702 -78.17328685277776 62.497025553091085 3.3964645567069116
1651077450.6371207 -78.573415210783 62.60668389209104 3.4109401936203585
1651077451.0370078 -78.96493336758701 62.698977786484654 3.4199594490922274
1651077451.4370067 -79.32310313379956 62.77963321769034 3.438798353676184
1651077452.2370274 -80.01915321494384 62.92810462815576 3.469516515104408
1651077452.6370528 -80.33689746759553 63.021074087820146 3.4979537709136115
1651077453.038256 -80.68861906899384 63.117682183696864 3.5259151882882818
1651077453.4371452 -81.05439485650305 63.212458515535566 3.5499687955279957
1651077453.8371146 -81.39768272990256 63.32122150398601 3.5780133975069615
1651077454.2371402 -81.71521960105497 63.44785792126677 3.6003974732189667
1651077454.63711 -82.04631805146222 63.609266567386115 3.611305260401701
1651077455.037093 -82.37945042802073 63.74340236354982 3.628256364626698
1651077455.037093 -82.37945042802073 63.74340236354982 3.628256364626698
1651077455.4382157 -82.69321936756118 63.88523451549184 3.6478189479926613
1651077456.2381432 -83.29219469545384 64.11136268135425 3.7109268331291867
1651077457.038133 -83.88343685279355 64.1840693680518 3.7812473428091433
1651077457.038133 -83.88343685279355 64.1840693680518 3.7812473428091433
1651077457.8383462 -84.52483692904356 64.22410250943625 3.8587996270350193
1651077458.6383684 -85.22214313617229 64.2071192076734 3.9492878658142905
1651077459.035891 -85.52763381322258 64.18831720697476 3.974545488349853
1651077459.4378536 -86.00289378140411 64.16480131867718 4.036975365868312
1651077459.8378816 -86.25395414542254 64.1431693992873 4.046331008577471
1651077460.2378843 -86.6214606619367 64.11024002180496 4.07959741718055
1651077460.6390924 -86.97837798733853 64.07908332679052 4.113570866890074
1651077461.039146 -87.33425201463668 64.04145189663228 4.149711571966189
1651077461.438047 -87.64426445387456 64.02110100556206 4.180586667914915
1651077461.838159 -87.94986180629623 64.00576293144405 4.211200404197699
1651077461.838159 -87.94986180629623 64.00576293144405 4.211200404197699
1651077462.2383184 -88.2636711266085 63.994362208729335 4.236503511234655
1651077462.639123 -88.63373431322195 63.9817173779289 4.269262926681358
1651077463.039099 -88.98639971127066 63.969698790952165 4.309567268659205
1651077464.2390864 -89.9348726167533 64.00917367958732 4.411514413711919
1651077465.0380137 -90.5549843837166 64.11605395422973 4.468135853068548
1651077465.4392831 -90.8975145855591 64.16311009023376 4.510527248983194
1651077465.8381145 -91.23988146284306 64.21075142607128 4.54976963572109
1651077466.238095 -91.5731952712805 64.25812418236748 4.599937234122514
1651077466.6380866 -91.90613775829897 64.31110344753445 4.648693384220717
1651077466.6380866 -91.90613775829897 64.31110344753445 4.648693384220717
1651077467.0381715 -92.26354077196966 64.3613353400711 4.689587015887158
1651077467.438114 -92.61521800175895 64.42073767015107 4.7360012850997615
1651077467.8381243 -92.93475157575237 64.48350689824662 4.7818360925959515
1651077468.2381542 -93.28977292946479 64.5514432939092 4.820539857150887
1651077469.038119 -93.99610336552342 64.6786607099525 4.909095008304883
1651077469.8382237 -94.7519551102022 64.78350128429909 4.975516833397355
1651077470.2382376 -95.1036631990419 64.83571718804932 5.004358987170724
1651077470.6382155 -95.33801513244124 64.8905875636195 5.0405677941861695
1651077471.0382195 -95.53001238229123 64.97605645603545 5.07370733216148
1651077471.438245 -95.78893170617889 65.08744975152084 5.112272373244359
1651077471.838245 -96.08380659500573 65.23350668281844 5.153770927266644
1651077472.2381825 -96.43702386794966 65.39121728503959 5.199416801166451
1651077472.6380713 -96.79703062223153 65.5516478202561 5.240466784683657
1651077473.0379972 -97.15314652253856 65.70129646974154 5.279478331916756
1651077473.4379964 -97.50787908191249 65.85373349565606 5.312587430403689
1651077473.4379964 -97.50787908191249 65.85373349565606 5.312587430403689
1651077474.239602 -98.1875675673316 66.14345768034262 5.372570510550794
1651077474.6383312 -98.51299969530433 66.28888607226503 5.403446119754564
1651077475.0383413 -98.84403614105415 66.44237209299106 5.433226559187352
1651077475.4383578 -99.15995498112134 66.60635923739821 5.461019742095366
1651077475.8396056 -99.45340785457175 66.74779964949467 5.490160939045706
1651077476.6395981 -99.81799260301321 66.98006618901344 5.534902641434212
1651077477.0383155 -99.89706506395314 67.04282061243983 5.545754956501831
1651077477.4383342 -100.08682553425527 67.1527937108292 5.57227044634015
1651077477.8370736 -100.32938761120208 67.31905236640804 5.613471410990464
1651077478.2383838 -100.56217245440239 67.51015005699384 5.652220827932113
1651077478.2383838 -100.56217245440239 67.51015005699384 5.652220827932113
1651077478.636987 -100.76273641932629 67.70614498433197 5.6917508501623715
1651077479.0382643 -100.98112591597884 67.90112740769617 5.735142244586897
1651077479.4383514 -101.24030268459664 68.15261741865685 5.7834888491388
1651077479.8383822 -101.50578188311319 68.41438376916246 5.828502186797392
1651077480.2383635 -101.76227109155114 68.63416770000163 5.874807953069617
1651077480.6370878 -102.0221486693332 68.85999862934781 5.926230874976977
1651077481.0383303 -102.27622583727533 69.09714066423767 5.977294519058208
1651077481.4382813 -102.54055898199313 69.32745390645853 6.046644449130548
1651077481.8383486 -102.79612542224636 69.56874650844813 6.116183200495899
1651077482.2383175 -103.05966048010961 69.82455461435742 6.161939868560951
1651077482.638457 -103.31598635271905 70.0884965444937 6.206877494893042
1651077483.0384276 -103.5753461417302 70.37187950853495 6.2500547418711845
1651077483.4383438 -103.82274455389896 70.67320023051292 6.2854117683182436
1651077483.4383438 -103.82274455389896 70.67320023051292 6.2854117683182436
1651077483.8383934 -104.07462286590804 70.97228004263212 6.321691789505562
1651077484.6383364 -104.56667856803334 71.56622037018242 6.3756619285693805
1651077485.03834 -104.79722835037533 71.85183608573277 6.401311408385957
1651077485.4383423 -104.99769671105723 72.10084092668427 6.448303227859454
1651077485.4383423 -104.99769671105723 72.10084092668427 6.448303227859454
1651077486.6380856 -105.4338455247373 72.88029707080096 6.5318642482297395
1651077487.0381038 -105.60254202813373 73.2143744899287 6.555032354018111
1651077487.8381875 -105.89934200721714 73.87740142593556 6.585861851138212
1651077488.2381175 -106.04022174215845 74.21030105275305 6.607516439993173
1651077488.6380029 -106.1993507573134 74.55857226383031 6.62991604847251
1651077489.038102 -106.34055404257204 74.92598375946629 6.646410825428748
1651077489.438174 -106.48580336984521 75.25502317915375 6.670996631983836
1651077489.8381016 -106.60941687034881 75.5774853046128 6.700154107481265
1651077490.23813 -106.7363423670208 75.90371233228915 6.728792941204466
1651077490.6381571 -106.87131363698887 76.23492769526521 6.762529219789379
1651077491.0381386 -106.99604111307197 76.57459275436862 6.794480388304198
1651077491.4380999 -107.11691432171803 76.92318279545326 6.8239372445198185
1651077491.838105 -107.23851674828718 77.2535578811587 6.857422630692767
1651077492.2381425 -107.35593618693045 77.59869803737563 6.889421784938688
1651077492.638126 -107.4931607064082 77.92792575432203 6.917556992351727
1651077493.0381434 -107.63574062415903 78.24818698313624 6.944703118313406
1651077493.4382532 -107.78095430753328 78.56210683227208 6.9688527817874615
1651077493.8382506 -107.94697159639234 78.87011474404854 6.998112408643264
1651077494.238214 -108.13657739163429 79.16271176528898 7.029376143441533
1651077494.6382124 -108.34410911537248 79.41057531239878 7.063150058133943
1651077495.0382192 -108.56094872222786 79.62462971142463 7.094080042525209
1651077495.4382496 -108.81271852049109 79.89440970852708 7.129840076765445
1651077495.8382351 -109.06481639463135 80.16785444760647 7.163933882479361
1651077496.2382002 -109.32324637716965 80.43747022274172 7.200750250481897
1651077496.6380653 -109.5716252550854 80.70820485070179 7.23505323894596
1651077497.0381176 -109.83238422213265 80.97145366642138 7.27062275866791
1651077497.4381206 -110.08697021192923 81.23818972505178 7.3038779278704125
1651077497.4381206 -110.08697021192923 81.23818972505178 7.3038779278704125
1651077497.838174 -110.3428808924816 81.49867072727616 7.337436290414776
1651077498.2381372 -110.60084466884254 81.76135528666792 7.371141210213959
1651077498.6381068 -110.85962780627112 82.02824801924108 7.4027403325253305
1651077499.0381033 -111.12764777921898 82.29680501629888 7.432125637391933
1651077499.4381008 -111.39216754517334 82.55361491112086 7.460377252797071
1651077500.238285 -111.91482434636326 83.00311302339321 7.521084165436276
1651077501.438359 -112.76230166994618 83.60956697660522 7.612633116785217
1651077501.8383412 -113.05240791868027 83.79426148270717 7.64604826714369
1651077501.8383412 -113.05240791868027 83.79426148270717 7.64604826714369
1651077502.2385633 -113.35692223089897 83.98029894641851 7.681416583679582
1651077502.6389208 -113.6714291271746 84.15572767990923 7.718172121527704
1651077503.0376148 -114.00147987336011 84.29112888989492 7.752380990063407
1651077503.4388945 -114.31230680010339 84.40486135844813 7.786377555381141
1651077503.8389323 -114.62852653949943 84.51224318719436 7.820669636648346
1651077504.238897 -114.95078940079938 84.59547428414547 7.855166388068638
1651077504.6388767 -115.28979920312389 84.66455208240762 7.890187621933795
1651077505.0387866 -115.65546223553703 84.73160295345649 7.925216080135992
1651077505.4388454 -116.02487890289324 84.7859560319593 7.955727142384465
1651077506.2389283 -116.74615336932618 84.85770767496685 8.014648705147707
1651077506.6375806 -117.10764661053845 84.86886391214907 8.046501921366529
1651077507.0375936 -117.47599013406581 84.86444533065614 8.07721475116327
1651077507.438832 -117.83825549479708 84.84016741648796 8.107899974562818
1651077507.8388274 -118.19307318801538 84.7984522790049 8.138971470515644
1651077508.2388182 -118.55859788080049 84.74314807320016 8.16547247307012
1651077508.638841 -118.92585034950281 84.65867012376032 8.190786890389607
1651077509.0388324 -119.27496900179254 84.5622727756647 8.215901084375554
1651077509.0388324 -119.27496900179254 84.5622727756647 8.215901084375554
1651077509.4387155 -119.61100126723677 84.46395100950058 8.240175412704208
1651077509.8386114 -119.95806207206232 84.35546190639009 8.265328779624344
1651077510.238594 -120.3006806030812 84.2867674502932 8.28890290861194
1651077510.6386652 -120.55189628506378 84.25996821400341 8.311324497194049
1651077511.438603 -121.00792883774709 84.29269940023649 8.358386717893929
1651077511.8385978 -121.31449884834758 84.30452103969454 8.384880155831562
1651077512.238589 -121.55313573937622 84.34900140606702 8.409114735879301
1651077512.6373532 -121.81549309695446 84.4176389386532 8.43633907902388
1651077513.0385928 -122.14385221364844 84.4894078506263 8.466079185874692
1651077513.438635 -122.46954458210362 84.57305098786259 8.493434422808416
1651077513.838583 -122.80123772419009 84.6805344021777 8.522994851936303
1651077514.6388457 -123.50849735656409 84.89097337906323 8.586036979884462
1651077515.0388105 -123.86140614435985 84.96423268372163 8.616762826180906
1651077515.4375563 -124.20465382147293 85.04014724601406 8.651172795396729
1651077515.838727 -124.54718661874573 85.12623442149653 8.684763148731712
1651077516.238884 -124.85356164246382 85.23786253342591 8.715768405219263
1651077516.6388483 -125.14520536598855 85.36774360208014 8.744488954098932
1651077517.038872 -125.4228465442754 85.52288771681782 8.774968329943077
1651077517.4388256 -125.69108518020923 85.68552535905006 8.806422632825072
1651077517.8388357 -125.94698468327387 85.86937670132596 8.833330429347857
1651077518.2388418 -126.18823547508673 86.06500601779172 8.863112613277416
1651077518.2388418 -126.18823547508673 86.06500601779172 8.863112613277416
1651077518.6374848 -126.42891931749094 86.27385359656992 8.897627851469256
1651077519.4388475 -126.93403935349215 86.74663025760874 8.973506016241334
1651077520.2402444 -127.44774114507116 87.26819718888075 9.046419826368492
1651077520.640217 -127.69510359330367 87.50743513269195 9.087015291908871
1651077521.038872 -127.94665686416727 87.7454476591678 9.129442854060136
1651077521.4388757 -128.19881925450386 88.00352749076505 9.169327303919642
1651077521.8389232 -128.44929256679498 88.27662267472124 9.20457719746643
1651077522.240108 -128.7014850874353 88.54570746781593 9.24219271899949
1651077522.6388984 -128.92826841895894 88.81006325708992 9.277028513855205
1651077523.038878 -129.14734861588883 89.06100544148701 9.31372163310195
1651077523.038878 -129.14734861588883 89.06100544148701 9.31372163310195
1651077523.4388907 -129.36241988660316 89.33281202893792 9.349306455377429
1651077523.8388772 -129.55450064736368 89.61149174802709 9.379775937467226
1651077524.2388723 -129.71938779995122 89.87535662235167 9.411981514223568
1651077524.6376011 -129.86869747215385 90.16638358151783 9.443277481698633
1651077525.0388386 -130.0295126086108 90.4776018144045 9.475249727046306
1651077525.438837 -130.19751650692785 90.79019512976447 9.509211437634606
1651077526.239107 -130.50017934743656 91.42765579169802 9.579883347198384
1651077527.0392575 -130.793691002119 92.08934721406415 9.649044616947776
1651077527.4392743 -130.95286053025023 92.42348576636373 9.683778249683039
1651077527.838094 -131.1214414848775 92.74826478699975 9.713381876314303
1651077528.2381594 -131.2952220352731 93.05530405656151 9.743813760715925
1651077528.639389 -131.48063594361895 93.35370303569943 9.77829400317417
1651077529.039443 -131.67211544414377 93.65526914327339 9.812249261105519
1651077529.4393466 -131.88180476127786 93.97051434286104 9.844400959613939
1651077529.8380768 -132.07419230988066 94.27153994688616 9.879663911691871
1651077530.23925 -132.27390948897582 94.57721468416977 9.914583218179374
1651077530.23925 -132.27390948897582 94.57721468416977 9.914583218179374
1651077530.6393206 -132.4712556008492 94.8882753367051 9.94580473865882
1651077531.0381136 -132.66760996077593 95.17824110583858 9.984428186670927
1651077531.4394011 -132.85054753242736 95.49584317533504 10.014291141981392
1651077532.239371 -133.25316232505187 96.08379025822335 10.084549014959702
1651077533.0386727 -133.6413564494984 96.60413758776167 10.170398965085235
1651077533.4385884 -133.84865519007013 96.89999953667828 10.210796764477656
1651077533.838581 -134.0543326208447 97.22013575405315 10.247324152803237
1651077534.2387455 -134.25733866856478 97.55568850639966 10.271167136692808
1651077534.6388724 -134.4480520866972 97.86175926026635 10.290446575980216
1651077535.037574 -134.66397486799664 98.16406222413109 10.310274971358483
1651077535.43746 -134.92534327903064 98.45117778327854 10.328902045487421
1651077535.8386981 -135.2018526157236 98.72535295059221 10.346180458734864
1651077536.2385533 -135.45550429442736 99.00122515150362 10.364912522856288
1651077536.638454 -135.71812287738402 99.2604502174564 10.380301254444708
1651077537.038312 -135.97386894604807 99.49763399882085 10.401692154709767
1651077537.4382117 -136.23163441538526 99.73749839841555 10.428331625226923
1651077537.8395476 -136.5006604799593 99.9645354503774 10.462061047104068
1651077538.2395022 -136.77872127617889 100.17844883142935 10.500663395298913
1651077538.6382606 -137.06704710510894 100.40497882498795 10.53945240857274
1651077539.0395417 -137.34835533951653 100.62166943458593 10.575522959928326
1651077539.439857 -137.6328328292913 100.82977586641142 10.619165030585282
1651077539.8394756 -137.91226091226847 101.0328003447168 10.661684972406531
1651077540.2395542 -138.19110573922634 101.24624199195823 10.704567185938677
1651077540.6382453 -138.4766693311345 101.47066503842751 10.746013172015694
1651077541.0395 -138.7521606473383 101.68823970285882 10.785790839761228
1651077541.4395003 -139.0259457486861 101.91245680886146 10.82622842592748
1651077541.8382058 -139.30278413666366 102.14329238093241 10.862727291322821
1651077542.2394893 -139.6167577539712 102.38774390054213 10.894666492203333
1651077542.6395257 -139.93381815220388 102.62131092320016 10.923250481833797
1651077543.0395257 -140.25352797604137 102.85501315571442 10.94893616781061
1651077543.4395263 -140.54257668768318 103.06392163687352 10.970477185647795
1651077543.8396025 -140.81724570237597 103.26654166521848 11.000360064186806
1651077543.8396025 -140.81724570237597 103.26654166521848 11.000360064186806
1651077544.2385573 -141.11015772861424 103.48625342116334 11.028336327311896
1651077544.6381156 -141.41351745918877 103.70896127493246 11.055411016753112
1651077545.0393858 -141.71117964519524 103.92788535769355 11.080714159671276
1651077545.439379 -142.00550062326124 104.15436151079878 11.1004781200518
1651077545.838112 -142.3007892508117 104.38242770309206 11.11773324700248
1651077546.2394679 -142.6010648704337 104.62174337667713 11.129339799487848
1651077546.638239 -142.89171347198135 104.84847306866344 11.14358021304185
1651077547.4381697 -143.41736951831152 105.23604046641437 11.188067648560041
1651077547.8393707 -143.68607935107 105.42227228660316 11.218443770028095
1651077548.238122 -143.96416740788058 105.59750754377167 11.258413008324606
1651077548.6380782 -144.26707152560525 105.78671228081726 11.301526175404794
1651077548.6380782 -144.26707152560525 105.78671228081726 11.301526175404794
1651077549.0380554 -144.58591014502912 105.9912757323648 11.341881204072859
1651077549.8393557 -145.16152453878496 106.35302333132591 11.41430270408159
1651077550.2381613 -145.42300490236826 106.52396106371732 11.456330303484036
1651077550.638131 -145.69540181888976 106.70680610994737 11.49890885454918
1651077551.0394058 -146.01595301944275 106.91890548470393 11.540467725037367
1651077551.4394095 -146.32188993443043 107.09961916297321 11.587608662350727
1651077551.8392828 -146.63543989905702 107.26919545515297 11.640394455439875
1651077552.238222 -146.9585532909293 107.44730922881656 11.685370759043739
1651077552.6394923 -147.2902087335836 107.60858721279135 11.727612970981859
1651077553.039482 -147.61346422965389 107.7629371857838 11.771901420823081
1651077553.4395163 -147.93694182137762 107.94318753477462 11.81294531204364
1651077553.4395163 -147.93694182137762 107.94318753477462 11.81294531204364
1651077553.8394074 -148.26879229385057 108.13559897732556 11.847093210136604
1651077554.239411 -148.59809877305517 108.31212325869127 11.879708603798171
1651077555.0393877 -149.30583128826896 108.65258979897229 11.934318125325817
1651077555.8393745 -150.0148475009546 108.95187711658738 11.98469816580023
1651077556.2380788 -150.37548163398742 109.1066523222628 12.009935839177219
1651077556.6392608 -150.72621932067543 109.24767696852611 12.037793635840622
1651077557.0379941 -151.0856420049803 109.37673202767172 12.061770908614202
1651077557.4392722 -151.45056058878453 109.50807059722315 12.079395254706105
1651077557.8394248 -151.8031960079436 109.6340110364826 12.090491766448793
1651077557.8394248 -151.8031960079436 109.6340110364826 12.090491766448793
1651077558.239793 -152.1727954078512 109.75740090808546 12.101129443890962
1651077558.6378574 -152.55810662095266 109.87066701311561 12.10630897776988
1651077559.0378299 -152.94805344986435 109.9588065927307 12.115632803038638
1651077559.838956 -153.64060369971645 110.11733811490217 12.147043014644732
1651077560.2389708 -153.95595329868513 110.17467827490727 12.166821395076306
1651077560.6377387 -154.26848166734587 110.23457110204347 12.185522883376077
1651077561.0391335 -154.60799758892358 110.29313081433274 12.20773762483388
1651077562.6391149 -156.05880459512997 110.5959444763903 12.305477315242893
1651077563.4377363 -156.759535370241 110.70527497381298 12.343562314493454
1651077564.2391403 -157.45775865994156 110.81345161862266 12.39851390780519
1651077564.6378798 -157.8283910274581 110.87572421035591 12.420239687095512
1651077565.0377324 -158.18591949380703 110.9468375426304 12.440637783887182
1651077565.4378994 -158.4617217549397 111.03050291280069 12.456552107093886
1651077566.2392757 -159.04782928277487 111.23583252286663 12.497984218980877
1651077566.6393845 -159.2967462424442 111.33311653679213 12.52336493472752
1651077567.039516 -159.5488210497711 111.47036312954276 12.555401113345589
1651077567.8393736 -160.04003326302234 111.80579099914083 12.611241128928082
1651077568.2393658 -160.2554761291561 111.98901390305652 12.636516405866862
1651077568.6393845 -160.408638197461 112.22755868354243 12.663492081999166
1651077569.039521 -160.53017393475872 112.46273735903506 12.69056979483663
1651077569.039521 -160.53017393475872 112.46273735903506 12.69056979483663
1651077569.8395932 -160.6634699398404 112.89925024786214 12.733254940790996
1651077570.2384062 -160.68275025199935 113.11130928127938 12.745676008316584
1651077570.63835 -160.6516870963849 113.27989416563682 12.753523879414411
1651077571.0383317 -160.7028217704375 113.56534366178985 12.774231302309023
1651077571.0383317 -160.7028217704375 113.56534366178985 12.774231302309023
1651077571.439618 -160.75837330245432 113.91740112144619 12.8038842639809
1651077571.839655 -160.81084668813077 114.29035607510254 12.828815270657229
1651077572.239624 -160.87363510783277 114.65809048975527 12.857329339683982
1651077572.6396284 -160.93056828238332 114.99778299685006 12.891128697105273
1651077573.0384016 -161.00693219574705 115.31128428078492 12.917043339128696
1651077573.4383717 -161.08639675738357 115.53834939959798 12.933527851009794
1651077573.8383927 -161.1367840863324 115.82318429026311 12.94722614909637
1651077574.2385058 -161.1170864642178 116.10946842624796 12.95250922960461
1651077574.6384528 -161.12833860596905 116.36668343928561 12.964268480756054
1651077575.0383198 -161.10175684445878 116.68018750469349 12.967814096683181
1651077575.4383526 -161.0591283690874 117.048793883968 12.955053781957453
1651077575.8383694 -161.01062911400956 117.38832371384068 12.954810055047489
1651077575.8383694 -161.01062911400956 117.38832371384068 12.954810055047489
1651077576.238238 -160.9867842863972 117.72118257386049 12.971998621187156
1651077576.639522 -161.00045682731024 118.06342407997302 12.997545974095365
1651077577.038365 -161.01232999331634 118.40455135115684 13.017184979093116
1651077577.4383621 -161.05040117024183 118.6708065854996 13.032372869651681
1651077577.8383393 -161.10210431297455 118.80315990137474 13.04119240627033
1651077578.6385913 -161.1948465062954 118.94119734069548 13.043119203482144
1651077579.038582 -161.22135123101828 119.00593174628104 13.039586553805725
1651077579.4385796 -161.26652719950764 119.15074584995526 13.041731113424978
1651077579.8384922 -161.3786615961422 119.3606296340701 13.059714535351965
1651077580.2384667 -161.51732480596152 119.57990142519563 13.083049523637651
1651077580.6385493 -161.70101620570492 119.8061862634092 13.110504238417125
1651077580.6385493 -161.70101620570492 119.8061862634092 13.110504238417125
1651077581.0385258 -161.92147585927714 120.0370237840335 13.137103341310254
1651077581.4397848 -162.11886662655064 120.22138769423653 13.162485107995915
1651077581.8397214 -162.31836939285748 120.40654985468487 13.191058323913017
1651077582.2397656 -162.56925153701636 120.59935866029873 13.224286072369468
1651077582.639711 -162.80856698617134 120.75991465145462 13.253585112332887
1651077583.8396082 -163.5143255695056 121.18923085683454 13.341644438491397
1651077584.6395216 -164.1165884089121 121.47198722876296 13.42310654692126
1651077585.039525 -164.39210548218676 121.67335102594451 13.461406439331933
1651077585.039525 -164.39210548218676 121.67335102594451 13.461406439331933
1651077585.4396613 -164.67575389718132 121.83536065424941 13.502673709458866
1651077585.8389618 -164.99222786037362 122.02515540584211 13.5462261331504
1651077587.0378783 -165.95863429785973 122.59875316740974 13.66407550074837
1651077587.8392234 -166.59148922459377 122.95858909315258 13.730937820512915
1651077588.639395 -167.1716594241429 123.30610709896945 13.801341856587122
1651077589.0380886 -167.46491066854213 123.49475991870526 13.838785865251614
1651077589.4393976 -167.76569861030148 123.68259644251722 13.876939094265513
1651077589.8382237 -168.06771484833013 123.87233931777256 13.917352167289064
1651077590.2395022 -168.3823856614376 124.0698620778114 13.953943625843184
1651077590.6396198 -168.6958995505653 124.26522940300676 13.990694422827898
1651077591.039634 -168.99959278979253 124.45271945024516 14.026488699346947
1651077591.4396322 -169.30374838229105 124.65550632009031 14.05830871884384
1651077591.8395917 -169.59233047743092 124.84155895148285 14.093731585719798
1651077592.2395873 -169.89658724616535 125.03508737395158 14.130347970807906
1651077592.6395679 -170.20696908414686 125.23894467509523 14.163321184415308
1651077593.0383427 -170.53104414596507 125.45501453428454 14.191389133074969
1651077593.4385269 -170.83292240955797 125.64441210302205 14.22225797102083
1651077593.838546 -171.14656130159395 125.83538117945359 14.250346673289686
1651077594.2397413 -171.472559059343 126.03587417497046 14.27188326722847
1651077594.6384537 -171.78187609849226 126.22473024610626 14.290464982432264
1651077595.0383675 -172.07816842851545 126.40760044758416 14.310909866918806
1651077595.439626 -172.37556093997082 126.5958460862325 14.337735902636712
1651077595.8383358 -172.66892709933896 126.78683050158003 14.367820055947904
1651077595.8383358 -172.66892709933896 126.78683050158003 14.367820055947904
1651077596.2394817 -172.9507606864635 126.97390527523852 14.400322129711155
1651077596.6382358 -173.21930144249362 127.16986012231506 14.43023736103864
1651077597.0382097 -173.48950811875264 127.36963876455422 14.463464345090202
1651077597.44072 -173.76200002088677 127.56421062215958 14.494842227629382
1651077597.8395302 -174.0330107626316 127.75290756300768 14.525170470651501
1651077598.2395318 -174.33442617856082 127.96920010024247 14.559699395103555
1651077598.6395926 -174.62119900782437 128.17029593213053 14.59123326318687
1651077599.0383255 -174.91646832929231 128.38792132783462 14.625697462035287
1651077599.8383355 -175.48665830284446 128.82871237377884 14.68503211574672
1651077600.2396653 -175.74787369439963 129.04026682428554 14.715361751451603
1651077600.6383536 -176.01744735573354 129.25637734761088 14.750831502788625
1651077601.4380932 -176.55855678922876 129.6984999086909 14.826642248500836
1651077601.8382494 -176.83123744280385 129.92145894234937 14.866411680047289
1651077602.6395402 -177.36223523162184 130.36874848393776 14.947996438691474
1651077603.0383313 -177.63017113243342 130.6034133402225 14.988312614811441
1651077603.438317 -177.88954633102662 130.83257953857984 15.02973947858596
1651077603.8383527 -178.16845580595503 131.0664501082632 15.073141508631846
1651077604.2383404 -178.4407309818223 131.27798053643158 15.113253787916054
1651077605.439106 -179.29901010521223 131.8049278699195 15.249748818128811
1651077605.837902 -179.59061664998364 131.98746811073164 15.290691730468708
1651077606.2379315 -179.85354361899925 132.1731186342019 15.3277656942118
1651077606.6378744 -180.09183195549224 132.36399813231546 15.364789137382857
1651077607.0391462 -180.31741153357464 132.5704050879623 15.402078056801031
1651077607.437907 -180.48752140383547 132.86142706039553 15.428442795610508
1651077607.8391182 -180.63324149286174 133.13508032740776 15.444878993767459
1651077608.2392817 -180.78200940851613 133.38102137003784 15.465228441432021
1651077608.6381183 -180.9393229806766 133.61604049298361 15.488949600066332
1651077609.0381198 -181.08881035395757 133.85266052898652 15.515125740334552
1651077609.8393972 -181.45499528938487 134.4211190370731 15.577253409092824
1651077610.2393603 -181.64292418741385 134.72986407819474 15.605627515900654
1651077610.6393595 -181.83214295137194 135.04268861633346 15.634998625975413
1651077611.0393739 -182.01737644448082 135.36471239260072 15.663635428936027
1651077611.4394 -182.22599544364655 135.69806278240486 15.687675063463793
1651077611.8394067 -182.4234906098391 135.99600310749918 15.706669974549722
1651077612.2406056 -182.6326483143496 136.29785904334088 15.732419029972647
1651077612.642419 -182.86784534510537 136.61512145973828 15.754977238625631
1651077613.0410967 -183.10944936867836 136.889685471174 15.769734667623661
1651077613.4399023 -183.36258612980674 137.12279403494554 15.793541027130894
1651077613.8398705 -183.61480508988402 137.35985449322024 15.820924088947026
1651077614.2411368 -183.88180859264585 137.623012759396 15.837477827138247
1651077614.6423707 -184.16466918761694 137.87848495681422 15.858259947888687
1651077615.0399086 -184.45300072209326 138.11925990524455 15.884054074132655
1651077615.4398901 -184.7506741299185 138.34223612706174 15.90391686656919
1651077615.839886 -185.05552722543 138.56699118382215 15.922800265862909
1651077616.2398725 -185.33442633054975 138.78719054723985 15.935130826728619
1651077616.639833 -185.5979182048732 138.99401138032664 15.954060059191502
1651077617.0398407 -185.88206923766776 139.2048474415434 15.98379062291985
1651077617.4398549 -186.17939374688535 139.41264824445275 16.01548915992179
1651077617.8398414 -186.4899113527397 139.61519974658555 16.040517644637678
1651077619.0395794 -187.30713086951485 139.98276993318305 16.11397834031426
1651077621.0395021 -189.06811477091247 140.26550826064215 16.286138979890307
1651077622.6398115 -190.59175168075436 140.4398358287246 16.40973721951321
1651077623.039718 -190.92774222639557 140.52963322446683 16.43770110541997
1651077623.4397707 -191.27134661259404 140.63559995336814 16.461581636462753
1651077623.4397707 -191.27134661259404 140.63559995336814 16.461581636462753
1651077623.8399453 -191.58980760898262 140.7694736575753 16.47770732305297
1651077625.439333 -191.9999288024897 140.75562000515745 16.48084642262314
1651077625.839475 -192.31780155714625 140.93509095745023 16.492256733151425
1651077626.2394733 -193.46545146803027 141.700904470611 16.595476066911605
1651077627.0396178 -193.8396246271858 142.00353886034176 16.644383371330694
1651077627.439596 -194.0737822904266 142.22024761152807 16.67235575073141
1651077627.839621 -194.2364891851097 142.57422499172617 16.691407628685997
1651077627.839621 -194.2364891851097 142.57422499172617 16.691407628685997
1651077628.6398292 -194.61132714527577 143.168343508627 16.737416932139435
1651077629.0397127 -194.7898004016809 143.46237693987752 16.762792353251836
1651077629.4397302 -194.97885731655398 143.78175771659465 16.790399513636615
1651077630.2397273 -195.36224775813542 144.43209283774846 16.838449569789084
1651077630.6397345 -195.53691282374183 144.72886265079512 16.85590835463665
1651077631.0397053 -195.70651434538635 145.01181232222729 16.889599697882378
1651077631.8395414 -196.05363735210284 145.6495725278693 16.947514256666803
1651077632.239532 -196.22686393414656 146.02382782766085 16.965562749846057
1651077632.6395671 -196.38193236255165 146.36307846869 16.970379951742828
1651077633.4395 -196.66164606262325 146.92849219077775 17.0173889668472
1651077634.23952 -197.0204965682132 147.58749934567416 17.07966602787668
1651077634.6395314 -197.19204910522842 147.91872653105392 17.11155833523371
1651077635.0395808 -197.358640511873 148.25677976653307 17.139563828079268
1651077635.4395778 -197.5084113087996 148.60335046908816 17.16560010799344
1651077635.8395202 -197.65068722863967 148.95961588831287 17.18224636848842
1651077636.2395427 -197.77719003717425 149.32139401334123 17.19174409811008
1651077636.6382523 -197.89736877862674 149.63953995246084 17.199286577459755
1651077666.2397106 -208.41851019372368 157.16512475114567 18.025345419876928
1651077666.2397106 -208.41851019372368 157.16512475114567 18.025345419876928
1651077666.639721 -208.37725928949973 157.10732570468065 18.023373516540293
1651077667.0397053 -208.28963521948168 157.02324447155686 18.015794017619303
1651077667.4399085 -208.1777416030074 156.93781941486242 18.005749593628163
1651077667.8398643 -208.0421339609505 156.84655251854352 17.990758402506767
1651077668.6398778 -207.8090655788547 156.6311391435175 17.971029539724693
1651077669.0400047 -207.7214430336021 156.51083658988006 17.95783859601156
1651077669.4401386 -207.602482350879 156.27017741785028 17.948894750236715
1651077669.8401587 -207.44043403474026 156.01251999155568 17.943728338400515
1651077670.2402513 -207.27458683520592 155.70356858149952 17.925828136746897
1651077671.4395368 -206.82267526992305 154.6611041334642 17.852263296711563
1651077671.839578 -206.69737630361624 154.3165938881497 17.822881947966373
1651077671.839578 -206.69737630361624 154.3165938881497 17.822881947966373
1651077672.6398172 -206.42377237732543 153.63668428045713 17.767530946205046
1651077673.0396976 -206.27400487842337 153.29891968114632 17.73849547002524
1651077673.4396222 -206.08205801174742 152.96075700082838 17.706387264695415
1651077673.8396108 -205.88904001371597 152.69277122511892 17.692497917329028
1651077674.2396233 -205.69627033564547 152.41245232938567 17.6878478562451
1651077674.6395984 -205.49269549624097 152.0862370612442 17.673865437039993
1651077675.0396228 -205.3019694725111 151.7709831863082 17.658924748166132
1651077675.4396346 -205.1056058301453 151.45808969282055 17.645556276801585
1651077675.8396232 -204.91676261281393 151.12864709752148 17.62596441206089
1651077677.0394874 -204.1646583250588 150.2273778480044 17.557524264774855
1651077678.2395308 -203.32989304518637 149.51342060701776 17.513884995374948
1651077679.0395114 -202.69967055711632 149.0024482664215 17.458387377328823
1651077679.4395049 -202.41147077093527 148.766133850553 17.427367739326666
1651077679.8395376 -202.10756553834037 148.5363823428162 17.405398231346034
1651077680.2395053 -201.79418583541644 148.3175357560315 17.38419912039764
1651077680.639418 -201.48219593224005 148.10450678358853 17.367259219116804
1651077681.4393668 -200.91704398845096 147.6888541506957 17.335611048933234
1651077681.8393953 -200.63678172228356 147.44951229571672 17.315957290297803
1651077682.239512 -200.37309682727548 147.20215236950875 17.28975550623753
1651077682.239512 -200.37309682727548 147.20215236950875 17.28975550623753
1651077682.639393 -200.11253057553174 146.9500424935701 17.266718824166514
1651077683.0394213 -199.91289324442505 146.62561165677715 17.246782856676706
1651077683.4394405 -199.64877006750257 146.34972628769754 17.225283074197318
1651077683.839405 -199.39596616965582 146.0647676239972 17.199924950962306
1651077684.239424 -199.13015598431835 145.7812965933431 17.17566997634543
1651077685.039493 -198.6046063372777 145.2074472760097 17.113272028599333
1651077685.4395497 -198.3509501871055 144.9274957724778 17.081862076954792
1651077685.839509 -198.1029328736936 144.66995236613778 17.05463687151406
1651077686.2395113 -197.84905662876983 144.40475051125748 17.030434769537166
1651077686.639369 -197.57130826791092 144.12671606035505 16.997972478582128
1651077687.0394428 -197.31499484495703 143.86284965662682 16.96708868362322
1651077687.4395146 -197.06179814658802 143.60080024165052 16.943183557540326
1651077688.2396104 -196.49617623035365 143.08484570001445 16.87671702189133
1651077688.63965 -196.2218689968365 142.8639474263175 16.850773599631264
1651077689.839625 -195.3127455369359 142.24581741004954 16.75775479447722
1651077690.2395933 -194.96676580771006 142.04070667350075 16.712202612504
1651077690.2395933 -194.96676580771006 142.04070667350075 16.712202612504
1651077690.6396635 -194.60044553094542 141.819114192853 16.651379474948016
1651077691.0396545 -194.2865493886871 141.66358557068358 16.604532053017063
1651077691.439623 -193.9138079953473 141.6397796305755 16.592390845976283
1651077693.0395522 -192.42063602789034 141.27417517441117 16.527651464214618
1651077694.239494 -191.38278282951143 140.9994837137197 16.45906758000201
1651077694.239494 -191.38278282951143 140.9994837137197 16.45906758000201
1651077694.640036 -191.07297897569774 140.88364706207017 16.444334379216162
1651077695.4402728 -190.30666614359626 140.69363504029425 16.394241122680516
1651077695.8404067 -189.93324808856437 140.60745972913463 16.362542637916373
1651077696.640532 -189.26049513585897 140.38942670068914 16.3181028981916
1651077697.0402231 -188.93883409207027 140.24059010141727 16.297639642244608
1651077697.44024 -188.6076269321927 140.10342164374183 16.27431157041145
1651077697.840216 -188.26734960858087 139.92267451845103 16.24613127774264
1651077698.240207 -187.88252814376165 139.75776715047758 16.199747490650058
1651077698.6402545 -187.51125511315294 139.61090773521585 16.147916082548278
1651077699.040254 -187.20409285683442 139.46068311218193 16.106397435625844
1651077699.4402575 -186.87625503685746 139.3050592793449 16.07924506283009
1651077699.8402028 -186.56625210684808 139.12988620649878 16.048396272523433
1651077701.0399652 -185.6608632028621 138.5477529502116 15.972560522353008
1651077701.4399712 -185.37088392534693 138.3587915158525 15.950972788299916
1651077701.8400028 -185.08134230332817 138.17224355697817 15.93298326144261
1651077702.640007 -184.44114119764032 137.78701709535656 15.894736117717187
1651077703.0400062 -184.0632843628087 137.65437981560362 15.860274503372265
1651077703.4398828 -183.6841894003049 137.52210977076294 15.828810993639522
1651077703.839833 -183.3479754200076 137.36607264709 15.79183251766846
1651077704.2398176 -182.95647819248492 137.23121687787278 15.75078072083706
1651077704.6411116 -182.57428937531606 137.10620436313332 15.703991699658364
1651077705.0411203 -182.2803193795284 136.98993050455056 15.672876984403612
1651077705.0411203 -182.2803193795284 136.98993050455056 15.672876984403612
1651077705.8411486 -181.6564035723461 136.6871526748963 15.620646926701992
1651077706.641074 -180.99109552612768 136.30809443101413 15.536926244491436
1651077707.040997 -180.70989858287749 136.10357062553604 15.509539122320989
1651077707.4410934 -180.43105027853093 135.88983967778012 15.480461094741289
1651077707.8411224 -180.12291698480118 135.65376809951454 15.443871918637324
1651077708.241126 -179.82814447466995 135.4279316169919 15.41195058657456
1651077708.6398346 -179.5350101403226 135.21136742576633 15.381628549799235
1651077709.0398297 -179.23798682198395 134.9978926065604 15.35869917202176
1651077709.441111 -178.94341306280825 134.796217321749 15.334523427973833
1651077709.839912 -178.6463032193733 134.61122852627432 15.31944832755364
1651077710.639831 -178.0275111941522 134.22064238178174 15.273334683201604
1651077711.039829 -178.14635311090345 134.35190100476098 15.289594693969581
1651077711.4446461 -178.2577291828642 134.46900738699648 15.29640901678158
1651077711.839529 -177.03089736428407 133.602535947203 15.192056273606546
1651077712.2407076 -176.7380738381598 133.51936089908338 15.167549167047975
1651077712.6395576 -176.3546767555607 133.24314621711636 15.12521505390429
1651077713.040724 -176.02322013106803 133.03380534890914 15.080274149793983
1651077713.8395112 -175.51708695368646 132.71756734066074 15.01130363166313
1651077716.2404528 -173.42961191378527 131.43468032441834 14.66604927323248
1651077717.0403776 -172.85647213456997 131.02380961466918 14.624005281631874
1651077717.4403353 -172.67786583929876 130.8962432964467 14.606001427636082
1651077718.2400808 -171.998809735853 130.39140190092627 14.507136196308084
1651077718.6430771 -171.76553009558984 130.21010548937124 14.47788850442585
1651077720.6398506 -170.47051870895655 129.1146629526587 14.329326902274243
1651077721.8397257 -169.6821040162432 128.39144108176248 14.243231156121828
1651077722.2397103 -169.40344940993643 128.13507755115194 14.212608012426362
1651077722.639699 -169.11882262220482 127.87775436143617 14.17530493122529
1651077723.0395894 -168.84592096354203 127.62882049017806 14.144507065659694
1651077723.8407123 -168.37712714789973 127.08402536260164 14.092468013386037
1651077724.2407084 -168.1217469722401 126.8031653910826 14.064476296945342
1651077725.4406035 -167.2910963145461 126.00088800827388 13.955285176604143
1651077726.2405813 -166.74228370187538 125.48953568715314 13.887697305927308
1651077726.640455 -166.4489064361383 125.21507020921504 13.849092235904653
1651077727.0403514 -166.16167513773428 124.94034515573941 13.804825239255141
1651077727.840238 -165.62127271249383 124.41588765732017 13.714059107420471
1651077728.240208 -165.34260086396546 124.17505929245945 13.674238447796405
1651077729.4401598 -164.47273266529615 123.46253502380333 13.551956958467482
1651077729.8399763 -164.19563466333514 123.25098908634997 13.51229730609401
1651077730.2398736 -163.88895170157318 123.0158879235853 13.467739807907552
1651077730.6398492 -163.61204604872836 122.80097766196334 13.428824081549001
1651077731.4398952 -163.04225145662116 122.34943842556628 13.3615550598628
1651077731.8399096 -162.759408110381 122.11499432681231 13.32438878316914
1651077732.6399071 -162.18595315317518 121.63827489658918 13.253626533643239
1651077733.0399 -161.8993253590217 121.40897008925788 13.217956161446716
1651077733.4398713 -161.62932059960238 121.1905275401042 13.190341862901896
1651077733.8397298 -161.34774898319517 120.95771978920916 13.16046796448307
1651077734.2408926 -161.07165121839228 120.7106604665021 13.121781615534328
1651077734.6408532 -160.78341741178443 120.46021988116729 13.087232995219923
1651077735.040859 -160.49864479143514 120.21744518568993 13.048456700356725
1651077735.440837 -160.2270774954996 119.98562330544931 13.010712653983228
1651077735.8397925 -159.9483417756757 119.75355044428568 12.977794244171188
1651077736.239733 -159.66444314395332 119.52663183831943 12.946109947607523
1651077736.6397102 -159.36665058484462 119.29574800792575 12.91488559013625
1651077737.0399826 -159.07007474691397 119.06340739107343 12.87591209431219
1651077737.4400394 -158.79099900123103 118.84234347339502 12.844435168483438
1651077737.8400106 -158.5022342934492 118.6138939157602 12.813208533918688
1651077738.2401314 -158.21825720323602 118.388607400037 12.782336386431894
1651077739.0400946 -157.63658971829423 117.9191187202458 12.706359560473228
1651077739.8401628 -157.08287330501403 117.47373187983143 12.62929283294282
1651077740.2401135 -156.82922948423473 117.24290735170972 12.592034446608702
1651077740.6401167 -156.56308831875205 117.00494107162815 12.559140089027792
1651077741.0401065 -156.32322668847112 116.73503762528364 12.527268886581052
1651077741.4400897 -156.10438059703444 116.45691703194919 12.4986277458588
1651077741.8401155 -155.9001151936317 116.21494073887338 12.480974273405335
1651077742.2401276 -155.66661784752338 115.95050117053134 12.46003678699706
1651077743.0401292 -155.13804763418386 115.32800236797134 12.371066922225122
1651077743.4401436 -154.95298918454083 115.0671633196584 12.328881236594937
1651077743.8401568 -154.7671066849723 114.83409452586693 12.30843178253657
1651077744.2401545 -154.58965613543273 114.60230795344445 12.302531840602946
1651077744.6413715 -154.39772883804116 114.32673852437422 12.288951382721795
1651077745.0400004 -154.20332616954408 114.01009010478195 12.265674284566442
1651077745.4399683 -154.01610436586316 113.66290887461783 12.229684919364953
1651077746.2398236 -153.6349747527912 113.03453163176391 12.176430730865023
1651077746.6397018 -153.4285968848754 112.72349558010366 12.145110340905147
1651077747.440692 -153.00760952849438 112.18198365070769 12.117958267751042
1651077748.2406008 -152.6165775149653 111.64713398216759 12.112891919569877
1651077748.6407166 -152.39390315407655 111.37756743541992 12.099830691802179
1651077749.0425816 -152.32022972381628 111.3128251547198 12.079855248907252
1651077749.4412334 -152.25251978528345 111.24363284168216 12.073240535819172
1651077749.8400023 -152.19826939844722 111.18764060958219 12.072443222565628
1651077750.240022 -151.97947609368725 110.97239705830364 12.076738257528751
1651077750.6424785 -151.7549920516638 110.71345297866328 12.079784700907611
1651077751.0412052 -151.50687510776612 110.42056151735359 12.07378443433653
1651077751.8413384 -150.97381956513001 109.85600522387703 12.034397520307918
1651077752.2413487 -150.69033536405928 109.60975756528023 12.021646425944436
1651077753.4413118 -149.8076708296541 108.9213545134686 11.969279512782526
1651077753.841334 -149.5254023979773 108.69687750012343 11.953753977099055
1651077753.841334 -149.5254023979773 108.69687750012343 11.953753977099055
1651077754.6400847 -149.15252506628931 108.16588753377583 11.911736751056747
1651077755.0400748 -149.04636388138377 107.9554263711306 11.888164522560723
1651077755.4399426 -148.94382429545269 107.70584644234893 11.873521472816408
1651077755.8398569 -148.8203318207211 107.36246609585126 11.85242053277709
1651077755.8398569 -148.8203318207211 107.36246609585126 11.85242053277709
1651077756.2400064 -148.7120975180979 106.99000208187672 11.81643711461401
1651077756.6405945 -148.61598254434503 106.60198456186379 11.769052152804372
1651077757.440664 -148.54845601483214 105.89864159692098 11.701497939562561
1651077758.6407309 -148.61827099947445 104.76359803856168 11.595847023496596
1651077759.0407708 -148.68126001973553 104.35640035169861 11.543471469465418
1651077759.4407244 -148.74276944673923 104.00123428562789 11.499171051467805
1651077759.8407705 -148.76810565871776 103.66893022702301 11.473512322723451
1651077760.2407088 -148.84744492864561 103.3250355401757 11.450578965089617
1651077760.6405957 -148.93939548407388 102.9758577503721 11.42817518770658
1651077760.6405957 -148.93939548407388 102.9758577503721 11.42817518770658
1651077761.0420222 -149.0608105398714 102.5551935767248 11.381149307231132
1651077761.4419158 -149.18732085447243 102.13408933945267 11.286757998888174
1651077761.8406227 -149.29926576156257 101.8431325534133 11.265993941010636
1651077762.2406316 -149.41258686240673 101.57594581540673 11.260300974121792
1651077762.6406627 -149.4608219543158 101.28159315096806 11.265829849489684
1651077763.4406223 -149.61638869151807 100.5389630512874 11.22763501308205
1651077763.84053 -149.65490876177884 100.08846247611017 11.171688570753373
1651077764.2405345 -149.69433316218667 99.725029791226 11.150275142340082
1651077764.6406446 -149.7048444817803 99.35666512727316 11.1222661031149
1651077765.041862 -149.69778664758863 99.00282395970422 11.099873867356926
1651077765.4406164 -149.67631233142598 98.621008397379 11.073848516559265
1651077765.8404849 -149.6563924705622 98.2355659233802 11.044476332209184
1651077766.2404745 -149.65249067344496 97.85842731528311 11.013015447807824
1651077766.6404805 -149.61664257183926 97.43181339263305 10.958545748178226
1651077767.0405052 -149.5871487460223 97.05358975672945 10.91369681859602
1651077767.4404826 -149.529638293149 96.68667517215911 10.877416668960526
1651077768.2404995 -149.394180849934 95.94240425571107 10.815673817827928
1651077768.6404908 -149.3417904764871 95.56199025603313 10.78155402145067
1651077769.040479 -149.28593833206648 95.1984861576189 10.749022084393584
1651077769.8404608 -149.1870390013634 94.53141762440634 10.71315306832408
1651077769.8404608 -149.1870390013634 94.53141762440634 10.71315306832408
1651077770.240508 -149.07903844953682 94.12344243648607 10.68774318603697
1651077771.4404895 -148.8551994362437 92.98205385953686 10.579027768971601
1651077771.8404963 -148.77504827843248 92.62356782673069 10.554541945926736
1651077772.2404976 -148.67233517709784 92.26380274381927 10.530023269769718
1651077772.640485 -148.53694354723405 91.89851408267208 10.503336057272598
1651077776.2414653 -146.90884026204904 88.85390352346842 10.312028441795826
1651077777.0414677 -146.45689755034704 88.28375738353171 10.275562724931998
1651077777.4414704 -146.13907970581968 87.93793529310867 10.175119077659673
1651077777.8414495 -145.84508918784695 87.69019110350412 10.155496745407325
1651077778.2414448 -145.55449955682994 87.4574767680848 10.12834575142122
1651077778.6414616 -145.2124079858956 87.22798843475124 10.08943569718115
1651077779.041482 -144.86393255132214 87.03285729999364 10.048664199884774
1651077779.041482 -144.86393255132214 87.03285729999364 10.048664199884774
1651077779.4413595 -144.4346587750565 86.8783436265856 9.94480450539458
1651077779.8424995 -144.1103300269196 86.77524694645265 9.894544677286838
1651077780.2425072 -144.41328096787512 87.2002344465771 9.87823641969341
1651077780.6424935 -144.32936320423713 87.19661586850154 9.865695233684013
1651077781.8395278 -142.15445456578752 86.71715466218204 9.653571362417077
1651077783.040211 -141.06078291179597 86.92775052582437 9.566374771337305
1651077783.440087 -140.69272547042019 86.99888766141476 9.540790121089248
1651077783.8400428 -140.31582051045794 87.0677895941034 9.522185770610937
1651077783.8400428 -140.31582051045794 87.0677895941034 9.522185770610937
1651077785.840643 -138.87479047528134 87.02483355596968 9.443861030480392
1651077785.840643 -138.87479047528134 87.02483355596968 9.443861030480392
1651077787.0402255 -137.7202797507765 86.89866882001814 9.351114070429084
1651077787.4402897 -137.36289243975693 86.83931815826338 9.328093765554856
1651077787.8402798 -137.01477938131248 86.7343677890246 9.27904095324428
1651077788.2402837 -136.6910490311071 86.62766848358864 9.239112889057195
1651077788.6404064 -136.37388144798027 86.53614892083117 9.232576903275303
1651077789.04046 -136.0388161854018 86.4466864735871 9.2212477774253
1651077789.4404516 -135.68612405912296 86.33403872342986 9.19655087015256
1651077789.8406038 -135.33629612872036 86.18371218631802 9.160847710345582
1651077790.2406101 -135.00038133496392 86.0376055425174 9.126679298251887
1651077790.6406112 -134.66946844100983 85.88375584994911 9.09083724118959
1651077790.6406112 -134.66946844100983 85.88375584994911 9.09083724118959
1651077791.440509 -134.02104737555663 85.55708134228514 9.02968625631868
1651077792.2405436 -133.36854449279897 85.17689517226233 8.946605929868328
1651077792.6404822 -133.0624647592484 84.97130420114864 8.900173917272287
1651077793.0404747 -132.78444866166984 84.76292820176096 8.847234620074286
1651077793.4405046 -132.5219517321937 84.54669111319136 8.807314389615236
1651077793.840482 -132.27588856817846 84.32445190802176 8.774426012222632
1651077794.2404988 -132.0346186861964 84.06552459039335 8.74690458399943
1651077794.6405323 -131.7586236981092 83.81515450524529 8.719371489362805
1651077795.040466 -131.43613376350905 83.5605524454542 8.681758556299542
1651077795.4404898 -131.10375144096668 83.31625235323584 8.639595727852274
1651077795.8404696 -130.76087189193217 83.09863834247696 8.599595226954929
1651077796.6404572 -130.13258203685768 82.7345000244919 8.557034646114573
1651077797.041753 -129.8027223404892 82.54773144061046 8.526653234004465
1651077797.4416473 -129.50675861367108 82.37788007377739 8.508468535300407
1651077798.2404785 -128.85544859412042 82.01659223022344 8.482151898964792
1651077798.6435902 -128.5213208645658 81.87762479481266 8.464868893723716
1651077799.0422668 -128.15798328601818 81.75447745531916 8.449749884498408
1651077799.0422668 -128.15798328601818 81.75447745531916 8.449749884498408
1651077799.8424861 -127.42081522311311 81.49710438371855 8.404739125316505
1651077800.2412236 -127.07682371151574 81.36728596637876 8.389996784166682
1651077801.4412417 -126.00865333841494 80.94323097962733 8.306785008746406
1651077801.8412542 -125.70274636285131 80.81344688628762 8.28566931407164
1651077802.2412581 -125.37385716002511 80.68741415895342 8.274460484840585
1651077802.6400054 -125.0387961451191 80.56357213100013 8.265061544956339
1651077803.0412486 -124.66976018939951 80.40106523044743 8.236408125989616
1651077803.4412484 -124.32385751394008 80.21331980109728 8.20016680098106
1651077803.8412662 -123.98765747099871 80.01404815881516 8.158742501465678
1651077803.8412662 -123.98765747099871 80.01404815881516 8.158742501465678
1651077804.2411203 -123.65482464848176 79.81535420368589 8.11365510716514
1651077804.641005 -123.3436747778718 79.63277552011351 8.075276867630606
1651077805.0409715 -123.02680919557929 79.4526817195353 8.045184159584787
1651077805.4410238 -122.69811925351976 79.26229801829702 8.004844492616055
1651077805.8410273 -122.39005472325123 79.09037159144364 7.976678975896183
1651077806.641098 -121.74973680707738 78.75123918980543 7.933331210837777
1651077807.0411038 -121.40302345521475 78.5872122666925 7.9062318904126645
1651077807.4410856 -121.02310881679196 78.45927613773199 7.875722327626941
1651077807.8410115 -120.6707370179446 78.34843060596774 7.850014575688747
1651077808.240949 -120.30504055150948 78.2574664709897 7.827646847573545
1651077808.6408484 -119.93457259164656 78.20237658570967 7.805536273585134
1651077808.6408484 -119.93457259164656 78.20237658570967 7.805536273585134
1651077809.0407271 -119.58637132012151 78.16087174849851 7.797697876847264
1651077809.440599 -119.22094896671189 78.1267646192612 7.7864578154374
1651077809.840604 -118.85042583053425 78.09719088108311 7.777851411699584
1651077810.2406633 -118.46744634427152 78.06822555071851 7.7644242056190365
1651077810.64064 -118.1067434950602 78.04346963123993 7.757765008351026
1651077811.0406337 -117.75373406986839 78.00041625623949 7.753142547805823
1651077811.4407313 -117.37626571785513 77.92543224023457 7.728305739371766
1651077811.8407376 -117.00775126400069 77.84683896115925 7.69928464249532
1651077812.2407017 -116.6180051619278 77.78172326176104 7.671802854676489
1651077812.6406186 -116.25576856992247 77.71131978818752 7.648196834756159
1651077813.0406084 -115.93758168742428 77.6269483576741 7.638878463866042
1651077813.4406078 -115.61596748035583 77.50659740951654 7.631709523171053
1651077813.4406078 -115.61596748035583 77.50659740951654 7.631709523171053
1651077813.8404863 -115.28527660120047 77.3782215471453 7.620617199364907
1651077814.2404683 -114.93598742705971 77.2437694677542 7.601016875677643
1651077814.640486 -114.54804785297561 77.09246929364659 7.564615246929035
1651077815.0405204 -114.11471935927727 76.95957858553287 7.510092343238504
1651077815.8404763 -113.36874681351257 76.76425841849859 7.392432811281943
1651077816.241892 -113.03099611671398 76.66217433235884 7.366187101015826
1651077816.64064 -112.67541851182348 76.58266610631456 7.340537812123327
1651077817.0406826 -112.28745353773047 76.51324242190562 7.313692179878487
1651077817.4406273 -111.92275835663368 76.44791496101405 7.288982636394265
1651077817.8405972 -111.5528788264153 76.38444409867311 7.269007095174655
1651077818.2406266 -111.15811991380626 76.30609631883165 7.239122689215035
1651077818.2406266 -111.15811991380626 76.30609631883165 7.239122689215035
1651077818.6404753 -110.7811812666633 76.23429073420236 7.204754793676262
1651077819.040466 -110.4022984911242 76.1639821538865 7.17207256821353
1651077819.4404757 -110.01307271636149 76.08869271942764 7.1309103310883115
1651077819.8404968 -109.62201982823863 76.01747356300531 7.087672024442503
1651077820.2404554 -109.21862826233487 75.96131927475724 7.041422194523486
1651077820.6404822 -108.79961905817525 75.91435500817008 6.9873761168252315
1651077821.0406408 -108.42332773586699 75.88803814096542 6.937797281197081
1651077821.4407487 -108.05565330855617 75.88303111502117 6.895998170100236
1651077821.8408036 -107.69614501699529 75.85308011405691 6.853033052668427
1651077822.2395942 -107.3219954706064 75.82968917362653 6.814970057919886
1651077822.640888 -106.93346665034593 75.80984543746949 6.767192351347052
1651077823.04086 -106.56112250062402 75.78935088693612 6.725975614714467
1651077823.04086 -106.56112250062402 75.78935088693612 6.725975614714467
1651077823.441244 -106.20219214454139 75.76901106338637 6.687838344706238
1651077823.840747 -105.83576822131673 75.7525363292155 6.652313187895294
1651077824.240726 -105.45653394052081 75.74761024726796 6.616276974272612
1651077824.6407561 -105.08828030882815 75.73996394633954 6.582328982787405
1651077825.040763 -104.70906295541019 75.72007752312238 6.545740355545936
1651077825.8408382 -103.98465890989912 75.65651028723993 6.4719094914409485
1651077826.2407808 -103.61605002850455 75.61716749708616 6.435312602281822
1651077826.640766 -103.24674946139694 75.56832763038514 6.396686093716511
1651077827.0395885 -102.87618084454328 75.51407015410102 6.355439679006848
1651077827.4407468 -102.50343913143726 75.44866244235845 6.311446307722927
1651077827.840767 -102.1286131440245 75.37693263718315 6.26495266214162
1651077828.2409196 -101.77111907796811 75.28691282709322 6.217627933540968
1651077828.6410167 -101.4296366067089 75.18099792602362 6.171844330849574
1651077829.0409935 -101.09770281141137 75.05391524538243 6.129755949827156
1651077829.4409912 -100.76352579014083 74.91682910996097 6.088944863488103
1651077829.840991 -100.42062849875308 74.7657260131972 6.044184952277112
1651077830.2397695 -100.0874522631711 74.61162693252952 6.0003089720324905
1651077830.2397695 -100.0874522631711 74.61162693252952 6.0003089720324905
1651077830.6410272 -99.74699028793843 74.44933815180245 5.956928776230489
1651077831.0410106 -99.42498643710013 74.27359935084073 5.912977309263632
1651077831.4409769 -99.11622075807661 74.09595323607977 5.872458136401823
1651077831.8409822 -98.80544686864776 73.91795400908136 5.83507952375805
1651077832.2409756 -98.48131196419146 73.72255865509 5.79236922597781
1651077832.6409817 -98.14203161284263 73.54020549247184 5.746875533027185
1651077833.0397186 -97.79023824193614 73.3874199395862 5.703526371061125
1651077833.4408405 -97.43750821763223 73.24178517280785 5.662460252877764
1651077833.8407545 -97.05507590658416 73.12716277620625 5.619722513647292
1651077834.2407284 -96.67010696086079 73.02534039454882 5.5715933137669165
1651077834.640733 -96.34007294113573 72.91497082062169 5.527536797338698
1651077835.8406103 -95.44954237765418 72.47828709803025 5.454840425444653
1651077836.2405894 -95.14879420774359 72.26973243619759 5.415093226748652
1651077836.6404822 -94.84791180714473 72.05728644130556 5.374278401496537
1651077837.0404637 -94.52942719460566 71.85210124371675 5.332013190772872
1651077837.4404666 -94.2076743512373 71.64593895743155 5.288114500452235
1651077837.8404884 -93.88849201222823 71.4549112152327 5.248632487121293
1651077838.640474 -93.22444384743572 71.09109421811712 5.169240049776359
1651077839.040474 -92.91314423163826 70.91428041629145 5.134922306304983
1651077839.4405167 -92.58463744558291 70.73297542980174 5.096523238699101
1651077839.8405237 -92.24251873973793 70.54568670106922 5.053372359163156
1651077839.8405237 -92.24251873973793 70.54568670106922 5.053372359163156
1651077840.2407162 -91.89694359209724 70.36316806374109 5.0057989724017
1651077840.6406598 -91.5567005191638 70.19180457551761 4.959779821194491
1651077841.0406196 -91.22973804506988 70.01461905460427 4.917382138030545
1651077841.8406968 -90.60746783868166 69.6283460233975 4.832936638047436
1651077842.2407675 -90.29806818536628 69.41467709789426 4.787085463919858
1651077842.6407456 -89.99516516291965 69.21302614532786 4.742037870003153
1651077843.0420277 -89.68437109321086 68.99939640989551 4.699249887511697
1651077843.441963 -89.38816895715627 68.7912432317077 4.6557020306601915
1651077843.840744 -89.08934725604034 68.57115904317192 4.616202139275856
1651077844.2407486 -88.80628806528311 68.35115656378017 4.574843160170175
1651077845.0420132 -88.21838434736749 67.88472907820373 4.493684688067959
1651077845.0420132 -88.21838434736749 67.88472907820373 4.493684688067959
1651077845.442031 -87.90708157347285 67.6557677566438 4.44647930877795
1651077845.8420227 -87.57824654845307 67.43789784742108 4.399790189230562
1651077846.2407656 -87.24069593370224 67.25096987235843 4.338888433154878
1651077846.6407552 -86.92382699431604 67.06832743323089 4.29037117096122
1651077847.0407388 -86.58909100850482 66.8667025427901 4.233889196242656
1651077847.8409731 -85.93524077727795 66.48725884954861 4.13314173522461
1651077848.240963 -85.62504201546889 66.29921641830904 4.085679734274703
1651077848.6410134 -85.31074863077373 66.11084430562543 4.043824772742141
1651077849.0410087 -85.01996464464854 65.91169197266403 3.9982244589543585
1651077849.439702 -84.73602582354397 65.71815033394684 3.970081056476023
1651077849.8408365 -84.45036017725184 65.5116091265505 3.943023422181184
1651077850.2406104 -84.14675786577173 65.29169105037226 3.9040624631949408
1651077850.640483 -83.83513741960412 65.07579301019994 3.848011540820308
1651077851.040537 -83.53024064592236 64.86187955909803 3.7873716476981953
1651077851.4404905 -83.23348931949883 64.65070577051387 3.7399321753258055
1651077851.8404887 -82.94100918726694 64.44554030602316 3.7024860227840173
1651077852.2405074 -82.62540754053363 64.21871633376624 3.6515623162831834
1651077853.040605 -82.02483259251672 63.78825404762261 3.566219497246485
1651077853.8404593 -81.39237629652084 63.43926264935366 3.524695210275524
1651077854.240452 -81.10141413276591 63.26386168106936 3.508624156574929
1651077854.6405084 -80.81520857657725 63.093765709949444 3.4909057955439335
1651077854.6405084 -80.81520857657725 63.093765709949444 3.4909057955439335
1651077855.040363 -80.49402675264737 62.92083674819891 3.4704890157183925
1651077855.4414845 -80.14753776450682 62.73524329675063 3.4406392202145764
1651077855.8402593 -79.7778624132306 62.548669794100846 3.398706158509704
1651077856.2415102 -79.43971055205273 62.373456455152926 3.345785008182916
1651077856.6414664 -79.09107504981753 62.18230462574667 3.2887916965096293
1651077857.0414689 -78.78709446977999 62.005322923452354 3.257081772936547
1651077857.441471 -78.50849150139798 61.81619342874438 3.2429233581428982
1651077857.8402631 -78.20974312065472 61.615104725733126 3.214157797416598
1651077858.2414773 -77.88219313128018 61.40699576721466 3.1832203285553944
1651077858.6414945 -77.51356382648454 61.187134371509615 3.117242131040018
1651077859.040245 -77.17961855023712 60.99191412288073 3.057397395926286
1651077859.44148 -76.84233246004163 60.81100391457088 3.0232868895312652
1651077859.44148 -76.84233246004163 60.81100391457088 3.0232868895312652
1651077859.8416095 -76.50844329364533 60.64125445898745 2.9878196285321446
1651077860.240366 -76.182614661681 60.4882269368548 2.9653295649404754
1651077860.6403728 -75.80515133316152 60.31127820432521 2.9031725287534718
1651077861.0403845 -75.46490137177668 60.14102342904461 2.855250526359058
1651077861.4403706 -75.15200654188051 59.955467957671445 2.8141410390699777
1651077862.2403512 -74.53408688996811 59.54041332191128 2.6932220634339936
1651077862.6414762 -74.25972270422216 59.33765563400275 2.66398401133157
1651077863.041461 -73.99753404341872 59.147329214192276 2.6397224271715243
1651077863.4414704 -73.74668105509338 58.949957014962166 2.6256417612676906
1651077863.8414786 -73.47465911640859 58.72375477322837 2.599019770373011
1651077864.2415247 -73.19595990124603 58.49534589065439 2.5672141870837843
1651077864.2415247 -73.19595990124603 58.49534589065439 2.5672141870837843
1651077864.641674 -72.89168880985609 58.27145384206563 2.545834725687146
1651077865.0407403 -72.58059519588515 58.082249338984475 2.532221775670136
1651077865.4407897 -72.23215920275476 57.90027325100356 2.518160901777496
1651077865.840772 -71.8469131352149 57.71091961485734 2.4795177103933845
1651077866.6407487 -71.16436018120163 57.28344123441572 2.3749862258057126
1651077867.0409496 -70.89693042538643 57.08935083714299 2.353939585905404
1651077868.6397538 -69.8566253762759 56.104947336734206 2.207309684381084
1651077868.6397538 -69.8566253762759 56.104947336734206 2.207309684381084
1651077869.0409894 -69.56525312042885 55.869498926821876 2.177013435072246
1651077869.8399818 -68.9471863575964 55.3977637429459 2.09456886402807
1651077870.2412117 -68.64979552276476 55.17201586685658 2.0619449356850965
1651077870.6411557 -68.37144051326281 54.95159901405333 2.028903127167163
1651077871.0411077 -68.11687323510799 54.73662189399582 2.020190221346611
1651077871.0411077 -68.11687323510799 54.73662189399582 2.020190221346611
1651077871.4411254 -67.81961902172114 54.47379892211172 1.9671312546031023
1651077871.8398504 -67.56054472534075 54.20327481813289 1.9147028230038514
1651077872.241116 -67.32563383833907 53.9523020384824 1.8937348443197022
1651077872.6411672 -67.07446767549048 53.683441567409886 1.8433152768242196
1651077873.0398805 -66.86155112086611 53.43488464901885 1.8213338912146555
1651077873.4412608 -66.62030909693999 53.17281836721691 1.7947412009085566
1651077873.8415096 -66.37440184209227 52.909780651364244 1.7591837294903527
1651077874.2415245 -66.13257841121276 52.628530914273576 1.7203519141208634
1651077874.641488 -65.87565603641853 52.33442371130964 1.6683297867919022
1651077875.0414798 -65.63880761682914 52.032124113893 1.6085093188789668
1651077875.44146 -65.41445271645625 51.7546030127607 1.5697514594147046
1651077875.44146 -65.41445271645625 51.7546030127607 1.5697514594147046
1651077875.841684 -65.22422928698886 51.51307430219607 1.5637207095585155
1651077876.2405193 -64.99689197132028 51.257745037389945 1.5513205373539476
1651077876.6404982 -64.77922026863881 50.996903680814825 1.530478771943438
1651077877.0406344 -64.54428663883732 50.687077343757196 1.4968145555204573
1651077877.4406664 -64.30771753054958 50.41656953594002 1.4776555953444976
1651077878.2406523 -63.85213112417289 49.84005639298993 1.4315921149808843
1651077879.0405073 -63.43928755748264 49.263948446814595 1.3897758536595077
1651077879.4404805 -63.27289649951252 48.98670358828208 1.393402605224431
1651077879.8417575 -63.100954354890625 48.667521520349126 1.376083287632579
1651077880.240644 -62.958197687272104 48.353978886554145 1.3592265076926515
1651077880.240644 -62.958197687272104 48.353978886554145 1.3592265076926515
1651077880.64049 -62.84447909659093 48.02919323773926 1.3465519754272803
1651077881.0404997 -62.731151027163165 47.69261711156767 1.3328282410297956
1651077881.4417598 -62.618184373285445 47.32999350694729 1.3103485555518868
1651077881.8418055 -62.49371400556988 46.968125200456356 1.2899623293027391
1651077882.2405155 -62.38430035731911 46.62570513923329 1.277441244171147
1651077882.6417391 -62.25110465954238 46.29095793048125 1.2713916037999498
1651077883.0406208 -62.085843010008816 45.93555861220307 1.254603250831208
1651077883.4405956 -61.89897960315672 45.591275664810645 1.237564145293853
1651077884.2406821 -61.44684981130885 44.95981174440653 1.2058600583664991
1651077884.6406217 -61.21136353430799 44.674097111101695 1.1926034743436067
1651077885.0406048 -60.98391502408398 44.38496649189216 1.1838124917935735
1651077885.4404845 -60.7407727563596 44.08191511087694 1.1687997019374554
1651077885.841747 -60.510140401082104 43.79186157628387 1.1535563914616822
1651077886.6404862 -60.03852365241224 43.22099650837982 1.1268416088599609
1651077887.0405653 -59.79875618231611 42.920150313805095 1.1084671154902246
1651077887.4417446 -59.556127794904555 42.624638449071824 1.0881663378732158
1651077887.8406265 -59.32293740748968 42.34591555959782 1.0759798289808793
1651077888.2405925 -59.08645771020038 42.065510099685895 1.0630999881025371
1651077888.6405878 -58.8434600552898 41.77548003997087 1.0460668163229896
1651077889.0417068 -58.61001788800173 41.49956698998241 1.035047267214542
1651077889.4415708 -58.38098772734652 41.21447448311296 1.0244615510279629
1651077889.841511 -58.14378579455656 40.93720153415568 1.015145258673773
1651077889.841511 -58.14378579455656 40.93720153415568 1.015145258673773
1651077891.0423281 -57.441103014761424 40.08439308076408 0.981008221600021
1651077891.4421976 -57.20353957846978 39.80323600305815 0.9692898000441019
1651077891.8434057 -56.94299431821017 39.52825078902006 0.9604617652184074
1651077891.8434057 -56.94299431821017 39.52825078902006 0.9604617652184074
1651077892.2423124 -56.671355346266346 39.25799512489532 0.948721498247129
1651077892.641611 -56.40610977366435 38.99400776257274 0.9355628893964545
1651077893.0415974 -56.14711590011362 38.730832295485214 0.9230221812669676
1651077893.4416611 -55.89523615603167 38.47773913869491 0.9151277089293166
1651077893.8416464 -55.648316062657045 38.220640129484856 0.9077130822960274
1651077894.6415958 -55.149895994320865 37.66704699867207 0.8848035884033224
1651077895.041477 -54.91552617243797 37.385268349328875 0.8713911552206026
1651077895.4414701 -54.68503352045057 37.105575994946044 0.8591963336610055
1651077895.8415058 -54.450355189978374 36.82261980862263 0.8475287374636347
1651077896.2402391 -54.232979163777316 36.537015936976005 0.838199969601
1651077896.6414785 -54.0063635487923 36.26106351919225 0.8318475004671778
1651077897.041401 -53.775984780631845 35.98548482848631 0.8268280317649088
1651077897.4401703 -53.55012691444212 35.69350159808455 0.8203075926905545
1651077897.8413837 -53.31546466747292 35.38758225782443 0.8047971081837035
1651077898.2401483 -53.082499086773254 35.08831198947907 0.7894626417582521
1651077898.64139 -52.82768952199832 34.81068325258987 0.7770798814501663
1651077899.4414704 -52.233062187596836 34.32623311505456 0.748785305106137
1651077899.840318 -51.91598852520561 34.11836485400515 0.7336590039234159
1651077900.2402203 -51.60344182325709 33.91267162705669 0.7220325614707891
1651077901.0399675 -50.96127843060033 33.493960312622775 0.6859454528000893
1651077901.4412575 -50.65600511262081 33.286777012310466 0.6703746451679337
1651077901.4412575 -50.65600511262081 33.286777012310466 0.6703746451679337
1651077902.6411471 -49.78493548075067 32.614576356384575 0.6212679152587395
1651077903.0398822 -49.494407343427625 32.39089881663043 0.6067075761580014
1651077903.4400198 -49.19740278711756 32.16247153321066 0.591564379859389
1651077903.84125 -48.90823282062002 31.936826248360525 0.5757423937643829
1651077904.2398593 -48.61802066756124 31.73746167927882 0.565390658800172
1651077904.640023 -48.3081072646591 31.544330369182163 0.5547771933651976
1651077905.0400074 -47.99305488980804 31.362508949665234 0.5456853626738172
1651077905.4412298 -47.655606329679046 31.183420900712566 0.5363204921762141
1651077905.8412795 -47.33463968452008 30.996928094859875 0.5267980727913907
1651077905.8412795 -47.33463968452008 30.996928094859875 0.5267980727913907
1651077906.2401276 -47.02296259092156 30.804453730082667 0.516259158588352
1651077906.6404805 -46.71281077079299 30.603550813764606 0.5058162089944597
1651077907.0404613 -46.39597325640528 30.41004986531781 0.49468020152543135
1651077907.4404836 -46.0797208031708 30.210194783964653 0.4813870943518586
1651077907.8404818 -45.76882593188411 30.017408181831247 0.4694155291224653
1651077908.2404747 -45.461093248595006 29.820663256154276 0.4591327587875108
1651077908.640615 -45.157424675193 29.626259702024292 0.4496236391744863
1651077909.4418647 -44.570279270756394 29.21355538222663 0.4328999727011696
1651077909.8418558 -44.26912417300873 28.993524710807346 0.42363992137912426
1651077910.2418458 -43.94215614936015 28.785613918072396 0.4129334051203507
1651077911.0417383 -43.23644628623813 28.467862891842483 0.38133265897387586
1651077911.4417198 -42.871828162183796 28.336708007021528 0.36323057599215336
1651077911.84172 -42.51270316106377 28.22397923861871 0.3415459126862433
1651077912.2417288 -42.17498210636387 28.104371103434993 0.33143899558787016
1651077912.641735 -41.834391914970425 27.99908101571825 0.32897649174445937
1651077913.041718 -41.4868398660479 27.882350324460855 0.3224189011972717
1651077913.041718 -41.4868398660479 27.882350324460855 0.3224189011972717
1651077913.4403849 -41.13098560140292 27.775991180784093 0.3141459790364341
1651077913.8407414 -40.76936018312496 27.67600546668802 0.3069809835361753
1651077914.2407362 -40.406131181016505 27.559985244623498 0.29433118257242324
1651077914.6407738 -40.034407493864116 27.453540267263822 0.27606266308401445
1651077915.0407634 -39.68238237871491 27.355286090349928 0.2631671334016824
1651077915.4407475 -39.33252519224588 27.250230515526603 0.24949121840520067
1651077916.2407627 -38.602563367269696 27.062254894212288 0.22007267630463268
1651077916.6407304 -38.25102357679649 26.973882201229703 0.2130357162518541
1651077917.0407567 -37.893841798078824 26.88996560947378 0.20353152961606572
1651077917.4407306 -37.52539639681536 26.80579463675731 0.1965580358017757
1651077917.840788 -37.169650038160135 26.708237503314407 0.1825174463762731
1651077917.840788 -37.169650038160135 26.708237503314407 0.1825174463762731
1651077918.240892 -36.82375235961671 26.623689576178098 0.1798194920146887
1651077919.0416048 -36.100966594503056 26.41077254111793 0.14395832298024613
1651077919.4416544 -35.748544346590556 26.301287412916842 0.13242876714515164
1651077919.8403683 -35.41640824528873 26.18537515094887 0.12518508048178945
1651077920.2416034 -35.06897168082118 26.06810907650919 0.11425071440997599
1651077920.6403706 -34.71755335767512 25.941297268084895 0.09832903006257497
1651077921.04149 -34.36470355125192 25.816333255346645 0.08571347084273923
1651077921.441451 -34.01952605685133 25.688806602823167 0.0711783959398946
1651077922.2414982 -33.32184024878484 25.434320131359097 0.04091631994005163
1651077922.6402884 -32.97584517054522 25.301105056710043 0.026047995999200536
1651077922.6402884 -32.97584517054522 25.301105056710043 0.026047995999200536
1651077923.0418918 -32.631918605750755 25.167419513851975 0.008370564307689026
1651077923.4418697 -32.28533511860946 25.035462854882358 -0.005819427085155387
1651077923.841873 -31.934918617163355 24.901668043261523 -0.023651739647212303
1651077924.2418833 -31.596013227943054 24.7672569316675 -0.036052134235953215
1651077924.640622 -31.255903750322553 24.633240895888335 -0.049538016643900014
1651077925.441873 -30.578266042262626 24.371966556978546 -0.06671699466811239
1651077925.841783 -30.23517224723821 24.246674065570737 -0.07617436819152122
1651077926.2404716 -29.890687054278434 24.11695695694006 -0.0838386565391838
1651077926.64173 -29.544302752217437 23.978108774189216 -0.0997622241218728
1651077927.441789 -28.89196237987167 23.703809447771967 -0.1076517080073287
1651077927.8417351 -28.562974128023942 23.55746775569282 -0.11722527649234261
1651077928.6404715 -27.867320903588443 23.292840646667198 -0.13738261185361889
1651077929.0417244 -27.529735327742667 23.15448406862682 -0.14728968468327092
1651077929.841811 -26.88058033512708 22.882111912491332 -0.1521367753365151
1651077930.2418857 -26.571981842308755 22.728598531588336 -0.15070789680640043
1651077930.641848 -26.256656057758985 22.580448907159166 -0.15220186514964895
1651077931.0418825 -25.963156994075668 22.419325284575 -0.1412150262369083
1651077931.441892 -25.646782878319993 22.24819279644824 -0.14114762506839051
1651077931.8418858 -25.331016765021374 22.081220010437093 -0.14084743683519524
1651077932.2418585 -25.006101813072572 21.90739629874643 -0.14233715841148695
1651077932.6417282 -24.6789651784277 21.744186562479854 -0.14434820912324062
1651077933.041713 -24.330995937795112 21.572223432056365 -0.15867839226029823
1651077933.4415784 -24.015467879230993 21.403579484923817 -0.15947429220614406
1651077933.8414857 -23.710094301310193 21.246006591759198 -0.1499592575435765
1651077934.2414618 -23.399374296112484 21.089690281544083 -0.143488992135907
1651077934.64272 -23.093186123957395 20.90803675029853 -0.14026842573924314
1651077935.4427443 -22.48366944739713 20.554444123333884 -0.12588885641096226
1651077935.8427312 -22.156793346129724 20.356524679823522 -0.13108545921295328
1651077936.2415128 -21.804333413726713 20.16438644213772 -0.15368209818943984
1651077936.6414888 -21.52543383460931 19.990317599111115 -0.14748891381876378
1651077937.0415018 -21.258776346527753 19.806144026833664 -0.12898174421399092
1651077937.444591 -20.949433109407686 19.611565098023107 -0.14119164713077806
1651077937.844487 -20.58299671391728 19.408697757150556 -0.16561660944937937
1651077938.2445593 -20.331488687605184 19.220892459692234 -0.16242009635259677
1651077938.642022 -20.080983413673746 19.04400615614875 -0.13532145432187626
1651077939.0419817 -19.77045837084857 18.84737361932343 -0.13034048674817317
1651077939.4419746 -19.442092151478338 18.604408204423397 -0.15617261388091683
1651077939.8409338 -19.17683300577138 18.393826564015008 -0.15542881019386548
1651077940.2423077 -18.920949307393155 18.178769435558696 -0.1430880386614916
1651077940.6410413 -18.657970322619576 17.949365582040013 -0.13408305222750122
1651077941.0410311 -18.38483564121294 17.68175489499015 -0.13657651796877587
1651077941.4410155 -18.088688623542993 17.407666628764503 -0.15507495005830219
1651077941.841059 -17.803314171419306 17.140612313588356 -0.1723482224023376
1651077941.841059 -17.803314171419306 17.140612313588356 -0.1723482224023376
1651077942.2411425 -17.536602147553047 16.902145191733243 -0.16772120736386387
1651077942.6411133 -17.275589825063633 16.656463741410892 -0.16432502919499514
1651077943.0410995 -17.01874274322004 16.394298594524564 -0.16806333512019062
1651077943.4411087 -16.726948558900695 16.124759396135566 -0.18079004647956484
1651077943.8411305 -16.447765798057507 15.887365276163843 -0.18973177323755164
1651077944.2410998 -16.180289479896352 15.669476558691642 -0.1885568012039009
1651077944.6411455 -15.872527261951024 15.435601774947658 -0.19342804611088774
1651077945.04101 -15.570316410030337 15.190955219403268 -0.21605123212770572
1651077945.4409845 -15.293872219103186 14.975401087433246 -0.21076579415561567
1651077945.8409545 -15.018381659758417 14.754318356742212 -0.20770796760217575
1651077946.2408283 -14.746173425167676 14.519611592679347 -0.2129311032480736
1651077946.6419604 -14.45021346378341 14.283901494014062 -0.21263882313358917
1651077947.040736 -14.172740477816193 14.041465998615317 -0.2176970123286318
1651077947.040736 -14.172740477816193 14.041465998615317 -0.2176970123286318
1651077947.442021 -13.883789712056958 13.802850108235205 -0.22350543582142596
1651077947.8419843 -13.583941495039426 13.564116689777707 -0.23339607904342854
1651077948.2419722 -13.314183632338839 13.340924172926412 -0.2307909306721338
1651077948.641985 -13.039701727307103 13.115026116097368 -0.22162693690067264
1651077949.0419648 -12.764613242710187 12.884319515083448 -0.22031981630892872
1651077949.441876 -12.481344570410702 12.651598825230847 -0.21558137675943348
1651077949.8418732 -12.197100841553812 12.415477851360203 -0.21383625725331196
1651077950.241881 -11.897335727227121 12.171748201110614 -0.22377984756183147
1651077950.640746 -11.603874866643533 11.935360026381769 -0.23411857421258508
1651077951.041987 -11.368088747101533 11.708268112746577 -0.22405715525256079
1651077951.4420047 -11.139095002120813 11.503438687713198 -0.19832344540048352
1651077951.842013 -10.864395524453764 11.214905114893627 -0.21125685501844943
1651077951.842013 -10.864395524453764 11.214905114893627 -0.21125685501844943
1651077952.2421768 -10.603993639877176 10.945074442264737 -0.23860000854544267
1651077952.643561 -10.391282394330238 10.725439352270707 -0.20614633561132983
1651077953.0409837 -10.243888963055543 10.546494412617596 -0.2114805804383252
1651077953.4409611 -10.239002449069154 10.539030697435527 -0.2208114851721153
1651077953.8421478 -10.23905058510884 10.540367165292093 -0.21934340711872147
1651077954.240843 -10.23939891639215 10.540805256267664 -0.21888258421079768
1651077954.6420941 -10.239227107762519 10.54063866006657 -0.21882783691626298
1651077955.0421045 -10.239169163683163 10.540595905657286 -0.2188970905863095
1651077955.4410083 -10.238918756987243 10.540322226206907 -0.21894688608679827
1651077955.8410058 -10.23899559099896 10.540399996881268 -0.21899324035858891
1651077956.2410457 -10.238719379631258 10.540151762855684 -0.21902482493097578
1651077956.6409585 -10.239099193630551 10.540535139300985 -0.2190531674092439
1651077957.0420818 -10.23933893300696 10.540761727993596 -0.2190841385192468
1651077957.8419466 -10.239061135402048 10.540459520042127 -0.21910337045603162
1651077958.2420068 -10.239230973242677 10.540629056723185 -0.21910879774938255
1651077958.6420326 -10.238959888948436 10.540376494866972 -0.2191090352407476
1651077959.040758 -10.2388835988145 10.540283051632048 -0.21912038065691475
1651077959.4420059 -10.23894212058027 10.540281348034709 -0.21915047907946533
1651077959.842011 -10.239187306013877 10.540544350410832 -0.21918743163811166
1651077960.2420678 -10.239045212411352 10.540389792858203 -0.21917715010046454
1651077960.6419919 -10.238937624907326 10.540298252744979 -0.21921792791803185
1651077961.0419848 -10.239247968306321 10.540596197073238 -0.2192243516496274
1651077961.4420083 -10.239153469131665 10.540507198696401 -0.21920212713739562
1651077961.8419898 -10.23928845194168 10.540626277264264 -0.21923915819560366
1651077962.2419677 -10.239312515640274 10.540615601860909 -0.21929877282789223
1651077962.2419677 -10.239312515640274 10.540615601860909 -0.21929877282789223
1651077962.641866 -10.239110639593267 10.540463439897824 -0.21928397373712255
1651077963.0418427 -10.238967079752719 10.540337850191664 -0.21929012319631128
1651077963.4418445 -10.23888438279682 10.540251062802119 -0.2192807242149451
1651077964.2418392 -10.239099152333093 10.540501637555165 -0.21932460691196465
1651077964.6404662 -10.239078672373907 10.540465315947465 -0.2193459047840621
1651077965.041846 -10.238746575018784 10.540175121123657 -0.21931259291347713
1651077965.4418476 -10.238999932175727 10.54040247819343 -0.2193409528497113
1651077966.2418928 -10.239222987355134 10.540658270782826 -0.21941725472351634
1651077966.6418471 -10.238927331311467 10.54033171548114 -0.2194300359828701
1651077967.041842 -10.238849765545634 10.54019786934924 -0.21943240249363552
1651077967.041842 -10.238849765545634 10.54019786934924 -0.21943240249363552
1651077967.441738 -10.239067656149954 10.540403952684654 -0.21945855374253165
1651077967.841651 -10.23868193571601 10.540026093772276 -0.2194407981518307
1651077968.2403688 -10.23881118851583 10.540151862833833 -0.21942389960961484
1651077968.640388 -10.238512187630672 10.539800667246775 -0.21943684136613145
1651077969.040353 -10.238850047221025 10.54021107882992 -0.21945444722909416
1651077969.4403598 -10.238818684255909 10.540171836113034 -0.21945416042152677
1651077969.8407187 -10.238984594725222 10.540274718792425 -0.21949572220499955
1651077970.2407405 -10.23923289697436 10.540521714258336 -0.21948643698413678
1651077970.6407442 -10.239301749641363 10.540635990910957 -0.21949114719831028
1651077971.0409932 -10.239057921852982 10.540370742644932 -0.21949866954276143
1651077971.4410079 -10.239110119090446 10.540444683817064 -0.219538967086338
1651077971.8410518 -10.23912695858959 10.54048388324898 -0.21954924574747983
1651077971.8410518 -10.23912695858959 10.54048388324898 -0.21954924574747983
1651077972.2411034 -10.239269424447413 10.540582174943605 -0.21956584871120055
1651077972.6401253 -10.23934020395687 10.540625221802083 -0.21955344702247254
1651077973.04011 -10.239302178634802 10.54057845814068 -0.2195555456509993
1651077973.441387 -10.239123136339956 10.540403754785618 -0.21955802827398072
1651077973.8413723 -10.238324990707202 10.539548336710496 -0.21952992160460308
1651077974.2413971 -10.2385932828246 10.539859966912745 -0.21950171579469782
1651077974.6414018 -10.238749159032292 10.540015792026583 -0.21947781098186347
1651077975.0412812 -10.238905307237149 10.540212311839259 -0.21949560928126635
1651077975.4413886 -10.238776002305906 10.540072576456268 -0.21951604509146216
1651077975.8413773 -10.238861206739484 10.540101653902784 -0.21950156957454137
1651077976.241401 -10.238773383402028 10.540034103892499 -0.21947710732586928
1651077976.641372 -10.23863334345908 10.539905181436906 -0.21947910538803658
1651077977.0413435 -10.238589470064483 10.53990573087244 -0.2194906410849509
1651077977.0413435 -10.238589470064483 10.53990573087244 -0.2194906410849509
1651077977.4411201 -10.23883887460376 10.540138292700302 -0.21945354992003907
1651077977.842236 -10.23886770652715 10.54020805662055 -0.21944537774328038
1651077978.2422547 -10.239455931276407 10.540821875647824 -0.21944195483749634
1651077978.6422443 -10.239542148543897 10.540905329779989 -0.21944720661587658
1651077979.0422363 -10.239464946177383 10.540854014861265 -0.21948665747302076
1651077979.4422436 -10.239127828108733 10.540540433285027 -0.21947148014024986
1651077979.841117 -10.239286260127685 10.540679345318406 -0.2194709331004682
1651077980.2410882 -10.239269891813853 10.540653219255075 -0.21948039530198402
1651077980.6422055 -10.23924342480911 10.540651150748257 -0.21947525599022924
1651077981.0420718 -10.239057121277803 10.540469301423423 -0.2194900363958416
1651077981.4432042 -10.239258909104281 10.54070551988545 -0.21948983293796578
1651077981.8432798 -10.238862623423863 10.540295248537085 -0.21951265235285236
1651077981.8432798 -10.238862623423863 10.540295248537085 -0.21951265235285236
1651077982.2432437 -10.238844793096213 10.540229521502999 -0.21948340627168716
1651077982.6419902 -10.238706522707247 10.540154759544205 -0.21948024081028125
1651077983.0420194 -10.238682244878248 10.540123141581848 -0.21945290766666722
1651077983.4439962 -10.23856778297731 10.539983115138803 -0.2194645048727313
1651077983.8439028 -10.238848592429724 10.540239395543136 -0.2195015329770895
1651077984.2426484 -10.238435389387144 10.539817673285338 -0.21952428150956999
1651077984.6426148 -10.23904058803515 10.540413522095442 -0.2195918522021403
1651077985.0424721 -10.311055828575766 10.619832779159625 -0.21867771039298978
1651077985.4424703 -10.468498226950922 10.805380741754051 -0.21450204398502887
1651077985.841224 -10.656463637566588 11.017881609226343 -0.23239812360422743
1651077986.241216 -10.780512151921519 11.224299762780927 -0.2465389351228916
1651077986.6412158 -10.79671510178895 11.355599543784091 -0.23701399281640886
1651077987.0423882 -10.880183361160626 11.45648458799593 -0.23404629992142845
1651077987.0423882 -10.880183361160626 11.45648458799593 -0.23404629992142845
1651077987.4411964 -11.027911294114729 11.550636403822338 -0.22865401271260394
1651077987.8423874 -11.135267441482567 11.62369576316865 -0.23506028246535166
1651077988.242406 -11.241036389605718 11.718873035869374 -0.24216654293748677
1651077988.6424143 -11.462750440629556 11.769519589997955 -0.23505061438259914
1651077989.042506 -11.658740713052076 11.800132467206753 -0.23252501582074017
1651077989.4425175 -11.75430304944525 11.835540176509795 -0.23048481528002843
1651077989.8413625 -11.86057477711703 11.858826242842424 -0.23239386183967098
1651077990.241354 -11.9561356435084 11.864763593372215 -0.23332895723686103
1651077990.6413298 -12.03014057333272 11.863646591836357 -0.233991072010727
1651077991.0412097 -12.109768795236967 11.844930585368758 -0.23455050096588603
1651077991.4423454 -12.186575283715062 11.83124716230525 -0.23500618567075746
1651077991.8411083 -12.22925993290782 11.86280822579448 -0.2359673827220482
1651077991.8411083 -12.22925993290782 11.86280822579448 -0.2359673827220482
1651077992.242633 -12.26364727208556 11.914060050857936 -0.23907909822780835
1651077992.641426 -12.320372010466391 11.956051745552482 -0.24035718972515183
1651077993.0415356 -12.38576667058524 11.98262543978454 -0.24036052541290276
1651077993.4415762 -12.445105070964713 11.998079836451172 -0.2393786828159723
1651077993.8414943 -12.465239288036285 11.990101451240603 -0.2373577158256954
1651077994.2415297 -12.461796774191702 11.991349494014715 -0.23774988641670408
1651077994.6415036 -12.461277561814121 11.992028008842052 -0.2380152495201416
1651077995.041379 -12.493098426076239 12.051843629459018 -0.23642950078647504
1651077995.44137 -12.564860200724347 12.33281366494124 -0.21813190873401397
1651077995.841423 -12.641769554229011 12.642280700349414 -0.21532280971786832
1651077996.2414746 -12.75201143372755 12.958734608979208 -0.2140126093116523
1651077996.6414793 -12.87230383258435 13.323686118813963 -0.23243289323116936
1651077997.0416112 -13.01738329687268 13.659404710880414 -0.24028996609316017
1651077997.0416112 -13.01738329687268 13.659404710880414 -0.24028996609316017
1651077997.4416115 -13.17474727143158 13.988542576479425 -0.25069076990450073
1651077997.8415933 -13.331320091050495 14.302475196326471 -0.25497862514884057
1651077998.2416046 -13.505782657005907 14.613185515209809 -0.25495125391816265
1651077998.6416056 -13.684546750176203 14.921883512405502 -0.2565843981477058
1651077999.0415986 -13.876984669924463 15.230504890872874 -0.2548545479886809
1651077999.4415932 -14.07035755432159 15.52862130612355 -0.25204559690711886
1651077999.8417802 -14.268264232247393 15.839841539812184 -0.2529841867399782
1651078000.2417264 -14.466423441716401 16.125858014229337 -0.2462313239367612
1651078000.641699 -14.630639158446511 16.407992040427416 -0.23444535448312015
1651078001.0416217 -14.793161925087208 16.683337358960713 -0.21643435127271454
1651078001.4416218 -14.973235307859817 16.97068604772215 -0.19634669519735543
1651078001.8416429 -15.136607787773407 17.287495278490123 -0.19267375008878407
1651078001.8416429 -15.136607787773407 17.287495278490123 -0.19267375008878407
1651078002.2418313 -15.26645885131921 17.597654009425376 -0.18357266022392646
1651078002.6424804 -15.3774019921806 17.90932916498766 -0.16911137632141798
1651078003.0412254 -15.490458553534827 18.240274367859854 -0.15406947621375752
1651078003.4424798 -15.609463168370377 18.60881827437849 -0.15267381272648722
1651078003.8424754 -15.710825411823972 18.98485194136337 -0.15608698329783438
1651078004.242475 -15.811622857469361 19.335298569748698 -0.14962880319961186
1651078004.6413794 -15.921405221145974 19.675974707114147 -0.1388250780243783
1651078005.0412855 -16.036006140141097 20.027751875615564 -0.1338287988980622
1651078005.4412355 -16.161193826246073 20.369921324812644 -0.12592011431169042
1651078005.8412116 -16.282868015524134 20.719422167821445 -0.11778709532100105
1651078006.24233 -16.402617409276697 21.069697983680012 -0.11399415122258809
1651078006.642215 -16.52445333076109 21.422245390306788 -0.10782493192904481
1651078006.642215 -16.52445333076109 21.422245390306788 -0.10782493192904481
1651078007.0422084 -16.654972573168166 21.78579806860216 -0.10918105983637437
1651078007.441608 -16.780281384394826 22.14460241967178 -0.11081997796372865
1651078007.8415937 -16.898119929142588 22.48829333666416 -0.1070370916977616
1651078008.2416224 -17.018674358798698 22.83484292392607 -0.10489056726222175
1651078008.641621 -17.130714698113703 23.185370702416567 -0.1034968810330954
1651078009.0415893 -17.229738566143485 23.546755045494432 -0.10630215922124274
1651078009.4414637 -17.326564583841506 23.90167856263111 -0.10912597537895752
1651078009.8414686 -17.40686772038761 24.239507890829625 -0.10947292085995099
1651078010.2414656 -17.492176933352983 24.57647863941897 -0.10549734984280244
1651078010.6414945 -17.574263035023737 24.926478551527907 -0.10564708447375727
1651078011.041452 -17.657886231410934 25.267610374703626 -0.10726828655920602
1651078011.441458 -17.76766864806492 25.54950999762616 -0.09377169395212086
1651078011.84151 -17.927379870030787 25.866806371296164 -0.07857659537616221
1651078011.84151 -17.927379870030787 25.866806371296164 -0.07857659537616221
1651078012.241362 -18.147816121299723 26.167820655737245 -0.04756844401295686
1651078012.6424868 -18.34177024297187 26.454779272196653 -0.013411010994737595
1651078013.0412784 -18.542944366803727 26.7718082384032 0.00606750593684684
1651078013.442522 -18.76260551865879 27.045568261403254 0.043840463839882333
1651078014.2425165 -19.14585622513066 27.68676109429924 0.07147067817508287
1651078014.642497 -19.373757897030597 27.994864406930006 0.0962474119562451
1651078015.0424929 -19.512140834030415 28.32672799218331 0.08945942253137937
1651078015.442497 -19.654447989684584 28.626922482864924 0.10184156263888687
1651078015.8424814 -19.795355301925444 28.9599714114919 0.11383461225384009
1651078016.242465 -19.933153585735 29.27701913578013 0.1278523214344008
1651078016.6424506 -20.083922047765256 29.621542330257544 0.13634811259401425
1651078016.6424506 -20.083922047765256 29.621542330257544 0.13634811259401425
1651078017.042499 -20.242244617674846 29.946111214083256 0.15743984884978415
1651078017.4424808 -20.427968835369814 30.259809221060387 0.18019324680574111
1651078017.8424969 -20.639592339158202 30.591976548781265 0.1881668528261344
1651078018.2425175 -20.86159600546899 30.918039372260868 0.19471616467210237
1651078018.6425524 -21.093381814143424 31.23916653382105 0.2026429542440869
1651078019.0425022 -21.283509194721418 31.55276977984848 0.20320919589041686
1651078019.4425004 -21.43997997931504 31.872323477776497 0.20421583984349204
1651078019.8425329 -21.609368818042253 32.18170313822172 0.21395744902463362
1651078020.2424517 -21.783631563442995 32.511256916112096 0.21667964195075035
1651078021.0424523 -22.121468514646224 33.20535413510517 0.20793182649919736
1651078021.4424891 -22.294054633939997 33.55460977143398 0.20129107161607032
1651078021.4424891 -22.294054633939997 33.55460977143398 0.20129107161607032
1651078021.842675 -22.453035163529094 33.87956054555064 0.19933014776551422
1651078022.241481 -22.59932102307233 34.2078566363323 0.1960142496456972
1651078022.641545 -22.77297153465442 34.534953842309406 0.19654241910935583
1651078023.4416635 -23.115658852148112 35.23868958007455 0.18198262579007965
1651078023.841649 -23.280849022187322 35.58826440434235 0.16103164381900814
1651078024.2416813 -23.435128093275523 35.937698586446864 0.14324813463158342
1651078024.641508 -23.567121261035663 36.276522109786995 0.13336389814907484
1651078025.0416336 -23.720270234808353 36.60573855661844 0.11799178828876403
1651078025.4416947 -23.883923726828836 36.948864628497425 0.10736740568437336
1651078025.841648 -24.037789879484524 37.29506735604723 0.09210843378055303
1651078026.2416482 -24.18711897260432 37.643027949874096 0.08339754024079506
1651078026.6417267 -24.331855103304214 37.97299363000707 0.06867739763993011
1651078027.0417259 -24.473401898421347 38.293494316609504 0.06017675681245706
1651078027.4417593 -24.614549364680943 38.609551728066876 0.04896547393346502
1651078027.843022 -24.786374580852645 38.93399423163097 0.03413946007625884
1651078028.6417563 -25.13390380993236 39.42235341390799 0.039731794480024056
1651078029.0417373 -25.363754638292594 39.63288140746596 0.05632741118711246
1651078029.4429593 -25.65241904707252 39.87427946072757 0.07110463077239415
1651078029.846136 -25.917080201558942 40.13275536999303 0.0769248262213525
1651078030.2437599 -25.741939286416123 39.52643545390167 0.07458615099530622
1651078030.6467962 -25.980951288858382 39.69065083346301 0.08020618098134925
1651078030.6467962 -25.980951288858382 39.69065083346301 0.08020618098134925
1651078031.0434387 -26.23560359844196 39.98079499448127 0.09722430601234308
1651078031.443416 -26.819522519623366 40.79874982275712 0.09572763400574542
1651078031.8422365 -27.16748699021833 41.311621420195806 0.09825752576428642
1651078032.642241 -27.57013073306277 41.89943910355115 0.10300972223928954
1651078034.2416754 -28.378061017920295 42.906621204094805 0.11754395737549898
1651078035.04159 -28.880269939175044 43.492585400363204 0.11856431089379345
1651078035.4427176 -29.138466520423883 43.77970811627601 0.11447704046620182
1651078035.8416512 -29.389409878396236 44.06006475049771 0.11224367891249848
1651078036.24164 -29.617798288583007 44.32997220341221 0.10827973837099966
1651078036.6416466 -29.82055510196183 44.594475480386514 0.10581862702791507
1651078037.0416024 -30.01804593210955 44.86535475459609 0.10886219115844102
1651078037.4428656 -30.250556743910597 45.146276241241466 0.11444679257264379
1651078037.8418083 -30.47522362445361 45.42061469812162 0.1207771938654269
1651078037.8418083 -30.47522362445361 45.42061469812162 0.1207771938654269
1651078038.2417924 -30.698374318014153 45.69470366169182 0.12765707169172053
1651078038.6417522 -30.857303738610398 45.891446553204176 0.13086302680643166
1651078039.0417619 -30.85750954784515 45.89883678939663 0.12755175730828436
1651078039.4417672 -30.85683369028858 45.90006442806678 0.12679770127951326
1651078040.241745 -30.856774497082693 45.9004793532061 0.12622003576469604
1651078040.6417804 -30.856412855277558 45.89993984178633 0.1260023144762633
1651078041.0405061 -30.8563313962213 45.899862270099746 0.12592477428178694
1651078043.0423608 -30.856304923922313 45.90012187372379 0.1256273602535253
1651078043.442268 -30.856117673461526 45.90003019439203 0.12587010927689843
1651078043.8422341 -30.8556663721192 45.899418033862766 0.12578935368790847
1651078046.2420201 -30.855530588655927 45.89943716883441 0.125733639013385
1651078046.6420212 -30.855052425903327 45.89875857375623 0.12570569948164795
1651078047.0420167 -30.855196993242295 45.89904681362751 0.12576460995024052
1651078047.4420154 -30.855914466238684 45.90013122919126 0.12565901464583587
1651078047.4420154 -30.855914466238684 45.90013122919126 0.12565901464583587
1651078047.842188 -30.855793323153893 45.89970654054364 0.1256754283143096
1651078048.2436657 -30.85593774757963 45.899826390653146 0.12565846914766096
1651078048.642358 -30.855814816109365 45.89978834284276 0.1257285835341142
1651078049.042377 -30.855671564667734 45.899511403329065 0.12562019558613866
1651078049.4423645 -30.874262100044415 45.925833676871065 0.12708541196774165
1651078049.8423767 -30.9473589019893 46.0193829999682 0.13200134741139885
1651078050.2423482 -30.945161955954923 46.01035050372932 0.1324890374432552
1651078050.6436622 -30.982352247182128 46.06356665541268 0.13535856701677199
1651078051.0423405 -31.158742741758378 46.280925369267344 0.14833043932830503
1651078051.4422064 -31.377890691375605 46.52826506055991 0.1599328404412777
1651078051.843372 -31.595347733849056 46.78297290543231 0.16652893811269923
1651078052.2421045 -31.837327718078445 47.055699049230164 0.17307934981200254
1651078052.642145 -32.05610929668501 47.322688890165594 0.1768939138074651
1651078052.642145 -32.05610929668501 47.322688890165594 0.1768939138074651
1651078053.0432515 -32.28360932960027 47.59641536295736 0.18186203274470797
1651078053.4419913 -32.47618040409179 47.87912575563514 0.18087196487661664
1651078053.843233 -32.64463251882151 48.16021104174885 0.18337523299814695
1651078054.2432404 -32.816416474083 48.431962488238824 0.19594649822590712
1651078054.6419752 -32.998649181157354 48.72689805840631 0.20594487162441993
1651078055.442108 -33.39080526690876 49.35796410939347 0.21497336956387833
1651078055.8421404 -33.58791449516448 49.65148678446481 0.22052930953177674
1651078056.24216 -33.783679524959624 49.92949481277958 0.22950487527124763
1651078056.6421273 -34.011319661134046 50.21033342649172 0.23942328938702348
1651078057.042089 -34.25249480383102 50.500312291398735 0.24969411123074453
1651078057.4420192 -34.46446587111458 50.789004554817836 0.26085214334455387
1651078057.4420192 -34.46446587111458 50.789004554817836 0.26085214334455387
1651078057.841999 -34.66957749618899 51.07250624134097 0.2726311361318775
1651078058.242059 -34.87309364240962 51.371534068892984 0.2817073653811792
1651078059.8418298 -35.66008652825409 52.53856183194357 0.3408313910362286
1651078059.8418298 -35.66008652825409 52.53856183194357 0.3408313910362286
1651078060.2417223 -35.85326109104068 52.82918884874669 0.35919058043818913
1651078060.641769 -36.04954741545785 53.117280431712196 0.3886352857789387
1651078061.4430053 -36.434706407463096 53.68882109742574 0.447468932034188
1651078061.841751 -36.63174453683352 53.97927860879768 0.4749752516214625
1651078062.2417307 -36.82640493052748 54.27561473362818 0.500026641810672
1651078062.2417307 -36.82640493052748 54.27561473362818 0.500026641810672
1651078062.6431413 -37.013610044781956 54.55255114105537 0.5387879461945552
1651078063.4427762 -37.39214053964569 55.10674481467022 0.6154902332446169
1651078063.8427665 -37.571827948797505 55.35556448474516 0.6580903243504688
1651078064.2427094 -37.754831551509255 55.603368774108176 0.7123570616505595
1651078065.4426205 -38.292083228132256 56.34468390679022 0.8914345665448327
1651078065.4426205 -38.292083228132256 56.34468390679022 0.8914345665448327
1651078065.8426049 -38.45863647794735 56.57811673897528 0.961523198519812
1651078066.2426052 -38.61899307404992 56.812361796339964 1.0274351336453635
1651078066.6426027 -38.774456206619604 57.05155821982809 1.097795497619548
1651078067.0426664 -38.931345253104844 57.29743538465884 1.17113993140761
1651078067.4428878 -39.08630698654695 57.546033369372594 1.241341312288677
1651078067.8428686 -39.234855124750325 57.792394082239454 1.316855997752304
1651078068.2428966 -39.37597301401169 58.02174545086794 1.3948592487473501
1651078069.042718 -39.68271394114325 58.48411135459652 1.5465355191169776
1651078069.4427245 -39.851631567205146 58.72709048223337 1.6250117531871504
1651078069.8427079 -40.037457944632266 58.979313633203084 1.710076424603527
1651078071.0438695 -40.702261307421914 59.74159588428081 1.9749475384305624
1651078071.4426785 -40.94010858998146 60.00299039004902 2.0620696540006245
1651078071.842665 -41.17229715935472 60.27713679742414 2.1420717876166426
1651078072.2426512 -41.39813579381786 60.55085214150022 2.214901489092408
1651078072.6438887 -41.63937275688384 60.8124427393259 2.2951336345614033
1651078073.043837 -41.86973281402115 61.085794491819684 2.367594873736315
1651078073.4437613 -42.0950933129602 61.353669516974556 2.442288461186642
1651078073.845026 -42.319173392088445 61.60468136802576 2.517494139117772
1651078073.845026 -42.319173392088445 61.60468136802576 2.517494139117772
1651078074.2437472 -42.52166299684576 61.85005024191557 2.592528620556399
1651078074.6423862 -42.69570050106739 62.09270021857636 2.660144434347609
1651078075.0436616 -42.882488049859894 62.34291391853585 2.7318582624307233
1651078075.443719 -43.06193072631661 62.57840971717918 2.8116120831174305
1651078075.8454752 -43.19286517631913 62.777421399996086 2.876269283301937
1651078076.245379 -43.31015373756875 62.968686801852286 2.9324506515741993
1651078076.6441076 -43.44227414768959 63.174188658895424 3.001678199232341
1651078077.0438657 -43.58403323465475 63.37504597097226 3.076665770485194
1651078077.4438791 -43.73050120002636 63.579092575080494 3.1517264944110472
1651078077.843843 -43.87271626722123 63.77014315633603 3.2294612655290718
1651078078.2437506 -44.02168849870054 63.96330859544203 3.3128726585268837
1651078078.6424754 -44.16939065105434 64.15185280754238 3.393793837550143
1651078079.0424185 -44.32898480614484 64.35132428806729 3.4754842109363095
1651078079.0424185 -44.32898480614484 64.35132428806729 3.4754842109363095
1651078079.4437115 -44.50264508539977 64.56029608141554 3.5625498806073863
1651078079.8436947 -44.700372013427305 64.75269028002687 3.648903300227295
1651078080.2424307 -44.82107130511209 64.8786538056479 3.718255266788884
1651078080.642375 -44.8506598203276 64.91625872075414 3.7344721680734874
1651078081.0423586 -44.92832240655707 65.01623135488809 3.7510499286534715
1651078081.442367 -45.07240365762155 65.21353122084072 3.826187327657584
1651078081.8424911 -45.23876707440744 65.41612324579731 3.922169662369154
1651078082.2424893 -45.41684033792369 65.62048650554269 4.011344523484948
1651078082.642501 -45.611911197539015 65.87385895993131 4.103347228214665
1651078083.0437827 -45.823477144328734 66.14779133792247 4.19817884042697
1651078083.4437923 -46.047711367130255 66.45232899095689 4.285228776275
1651078083.8438923 -46.28947245748362 66.78007599144058 4.36157887907704
1651078083.8438923 -46.28947245748362 66.78007599144058 4.36157887907704
1651078084.243752 -46.545378240791266 67.12992490018351 4.426080698908787
1651078084.6436837 -46.79372182842112 67.45620862749776 4.481345671891866
1651078085.0437489 -47.03451172309545 67.74513599348302 4.53415366599344
1651078085.4438548 -47.270885765081054 68.03272647151424 4.593220707231901
1651078085.8438885 -47.5211445911479 68.344914357037 4.64069004232348
1651078086.2439167 -47.78849732351843 68.66904945991493 4.678571506179967
1651078086.643918 -48.01491026243856 68.9634279403508 4.712047405163899
1651078087.043781 -48.17970599968173 69.24260917954778 4.733706962529886
1651078087.4424999 -48.310954113574866 69.53479158659098 4.749145228106149
1651078087.843882 -48.43796549635207 69.83852334606955 4.772169285147387
1651078088.2426114 -48.59821073493194 70.19574173110168 4.795907906697349
1651078088.6426191 -48.77250195732447 70.55284866727564 4.816398447287547
1651078089.042623 -48.95595989129329 70.88877968031534 4.837904897249247
1651078089.042623 -48.95595989129329 70.88877968031534 4.837904897249247
1651078089.442501 -49.14251799104702 71.19574150050691 4.859571339326218
1651078089.842443 -49.286387106974345 71.39969199906365 4.877182307685224
1651078090.2423909 -49.29704222192194 71.40968126182808 4.879472213024705
1651078090.6423693 -49.296291193629465 71.40809432807303 4.8794704451042525
1651078091.0423987 -49.297030006694555 71.4089198189621 4.879161813591519
1651078091.4436963 -49.297206958222716 71.4090633797055 4.878657392596066
1651078091.8437161 -49.29646746963796 71.40883430408651 4.878794036135788
1651078092.2436702 -49.29698046571066 71.40886725001975 4.878650648045852
1651078092.6436553 -49.29645619513621 71.40860444601456 4.878531514863703
1651078093.0436823 -49.29628102501877 71.40829312277785 4.8780891181840715
1651078093.443683 -49.296363375613126 71.40891623797928 4.878112382450781
1651078093.8436751 -49.29594698737744 71.4087305290758 4.878090486598864
1651078093.8436751 -49.29594698737744 71.4087305290758 4.878090486598864
1651078094.244021 -49.295929678940006 71.40882061735415 4.877659406880441
1651078094.6443908 -49.29570030966331 71.40866829730861 4.877753022058766
1651078095.044375 -49.29560029992448 71.40816115075813 4.878348325371282
1651078095.4443753 -49.29553843281653 71.40812191423325 4.878300790428274
1651078095.8443887 -49.29591724386653 71.40853869450457 4.878348584102846
1651078096.243116 -49.29575323411022 71.40835149754729 4.878292305345556
1651078096.6431165 -49.295658885183244 71.40830359562332 4.878165414944655
1651078097.0433085 -49.295690684592635 71.40826808768398 4.878007587365878
1651078097.4433117 -49.29587893804796 71.4083392557944 4.878092077477886
1651078097.8433561 -49.295832411488874 71.40823587157132 4.8781158800063045
1651078098.2433865 -49.29588044506078 71.40829105636256 4.877891685843553
1651078098.6434164 -49.29589127783232 71.40863783389378 4.87787253772896
1651078099.0434177 -49.29583571524438 71.40869889904214 4.878074532458671
1651078099.0434177 -49.29583571524438 71.40869889904214 4.878074532458671
1651078099.4432647 -49.29495142216635 71.40771782770925 4.878211392382937
1651078099.8433068 -49.29513539776344 71.40767004199374 4.878120739171929
1651078100.2433093 -49.295260299419006 71.4074551125215 4.878045068892155
1651078100.6432655 -49.295422669705424 71.40732564814901 4.8779431110346
1651078101.0432467 -49.29571924140221 71.40762329714256 4.878071614263692
1651078101.4432478 -49.29568476277693 71.40774369165689 4.878082918970506
1651078101.8433108 -49.2975624983098 71.41039172680314 4.878424020051957
1651078102.2433176 -49.390688820095654 71.54436038263627 4.893941494876112
1651078102.6432283 -49.565428735142994 71.78339252751192 4.9174870666878014
1651078103.0431786 -49.73869542777666 71.99720478982887 4.941609904177543
1651078103.4431 -49.92886993837815 72.18091946105598 4.973330683111002
1651078103.8431375 -50.11965092954651 72.34184564598687 5.004947569024152
1651078103.8431375 -50.11965092954651 72.34184564598687 5.004947569024152
1651078104.2433324 -50.317824633627026 72.47486233431967 5.034988881391885
1651078104.6438353 -50.528081395974375 72.59770974832165 5.064055102779143
1651078105.043841 -50.77001773171177 72.72664637346078 5.098747029260632
1651078105.4438097 -51.0529819955519 72.88342074661763 5.1429787975192065
1651078105.8439023 -51.37445911922461 73.05463332323107 5.193618431203119
1651078106.2439344 -51.68811037200525 73.21980341544732 5.238435182011158
1651078106.6438868 -51.993950590574656 73.38309900374526 5.279135602058182
1651078107.0439987 -52.269261626535524 73.5490623514597 5.317368556525117
1651078107.4439898 -52.4423796931824 73.68131647803018 5.338419282609772
1651078107.8440187 -52.49482188175269 73.73902043125946 5.343891976137006
1651078108.2427366 -52.588648007274884 73.81658056619104 5.353222050243919
1651078108.6438715 -52.82751649853406 74.02557132092397 5.396332321548763
1651078109.0439038 -53.020591097401336 74.22372884406484 5.45136386707323
1651078109.0439038 -53.020591097401336 74.22372884406484 5.45136386707323
1651078109.443829 -53.18433228916991 74.45055238498126 5.4893937590722555
1651078109.8438277 -53.34813336788737 74.70298510477147 5.533220574865176
1651078110.2438262 -53.52089806923897 74.96634204102305 5.572869422194879
1651078110.6438413 -53.7001755064647 75.2330721805021 5.625148005991677
1651078111.0438004 -53.876191532626336 75.48897074609533 5.6854168560643465
1651078111.4437895 -54.05421246502356 75.75158641000576 5.747174231331129
1651078112.2438607 -54.40894078331336 76.27890302916465 5.873059071368312
1651078112.643851 -54.57062520693377 76.51651912052407 5.943858469128301
1651078113.043778 -54.73517300806419 76.76240332545825 6.014861645156008
1651078113.4437757 -54.90130942130519 77.00338681912704 6.095390173468371
1651078113.843881 -55.06664615319173 77.2478930670807 6.178697133963995
1651078113.843881 -55.06664615319173 77.2478930670807 6.178697133963995
1651078114.244348 -55.224935763143456 77.48490545766235 6.263176602656181
1651078114.6438468 -55.395842895226124 77.73470700474813 6.349849873168525
1651078115.0438607 -55.585497119134715 78.00779694413097 6.437950030984549
1651078115.4426012 -55.767504958807756 78.27715258151736 6.525991364343275
1651078115.843854 -55.931990519722994 78.53014483625702 6.6101306082320965
1651078116.2437882 -56.09534491105171 78.8017500322186 6.685210790296895
1651078116.6437821 -56.25040364614655 79.10082427362185 6.761032906490432
1651078117.043652 -56.41042572457285 79.36842549057215 6.833911865655272
1651078117.443661 -56.57744326193804 79.6601555079576 6.904861348403931
1651078117.8436422 -56.745386372609104 79.9776646688546 6.964127850596148
1651078118.2436373 -56.92184986738043 80.26898555650426 7.0271893242843735
1651078118.643646 -57.094873452508075 80.51918184560375 7.082936974828568
1651078119.043666 -57.2684431301285 80.7444344245047 7.142261445739853
1651078119.043666 -57.2684431301285 80.7444344245047 7.142261445739853
1651078119.4436998 -57.47378070307722 80.99004961826813 7.208842484645293
1651078119.8449576 -57.729498910991445 81.2806416256897 7.27196751482337
1651078120.2449 -57.999655111897596 81.57387783587414 7.334393857708501
1651078120.643766 -58.21680223398808 81.85786149348937 7.38619522469513
1651078121.0450032 -58.42142705026959 82.16577728184598 7.428207718419147
1651078121.4437864 -58.648767960543076 82.52617019638375 7.457363915357622
1651078121.8451471 -58.87357659209482 82.88071754065341 7.483794113198069
1651078122.2451067 -59.0875912346276 83.23385998748884 7.50626244652376
1651078122.6449788 -59.287476545061494 83.59944295742271 7.520040678772851
1651078123.0448453 -59.489573345245454 83.96617607655473 7.527976977171496
1651078123.4447422 -59.688147111094956 84.3242062498914 7.5299787150483555
1651078123.8435516 -59.88163077852829 84.66292028798965 7.532860893465984
1651078123.8435516 -59.88163077852829 84.66292028798965 7.532860893465984
1651078124.2438822 -60.084038087062964 84.99956594887735 7.536957165586391
1651078124.6435454 -60.28473155066212 85.32707527257001 7.540154159220756
1651078125.043565 -60.47479957973895 85.644422956095 7.547958081584096
1651078125.4436889 -60.66192620221348 85.95774806744463 7.556167810397214
1651078125.8437462 -60.83248114943363 86.25828827992234 7.564202025366452
1651078126.2437897 -61.019025664884566 86.51854557571585 7.581004984550157
1651078126.6437964 -61.22670572326184 86.76696373260452 7.611191541606707
1651078127.0439065 -61.47383836099732 86.97702726718424 7.646336939709732
1651078127.44389 -61.724211976732725 87.16443522901731 7.68346517169777
1651078127.8438673 -61.99757218360981 87.36990181404154 7.727051830527199
1651078128.24388 -62.29140216341952 87.59745805136131 7.768954885928374
1651078128.6439195 -62.58982246633559 87.84305262602352 7.809908189292047
1651078131.0443964 -64.01743283614577 89.40889675146069 7.947466516515154
1651078131.4444222 -64.21262890456957 89.65836100149394 7.970412927268122
1651078131.8431551 -64.38983016639523 89.88707663310157 7.988419048269529
1651078132.2443972 -64.53847335045117 90.07993061107746 8.002319129260817
1651078132.6431034 -64.6350059728251 90.20627714568595 8.010991771995307
1651078133.0431507 -64.65291796038647 90.22748571406731 8.012092635771312
1651078133.4443755 -64.65312486676625 90.22682852680316 8.011712306129683
1651078133.8431652 -64.65306880026569 90.22669041399553 8.011775441068194
1651078135.0427754 -64.65335232173452 90.22729562569411 8.011561781954372
1651078135.4415178 -64.65348531237966 90.22733154757165 8.01202859152407
1651078135.8415394 -64.65359584385484 90.22767139599118 8.011476665838549
1651078136.2429063 -64.65376714997102 90.22774582113168 8.01120085338525
1651078136.6428845 -64.65348447252404 90.22759679519416 8.011409778517356
1651078137.0419307 -64.65338367645472 90.22694723873842 8.011342892321867
1651078137.4418805 -64.65376341104529 90.22723171226744 8.011047866672396
1651078137.8418636 -64.6950056343699 90.28586243593337 8.017791520802735
1651078138.2417276 -64.87160907408298 90.53033204918962 8.037637064570582
1651078138.641611 -65.0596655241915 90.78847533856775 8.057348599137063
1651078139.0416152 -65.25101649724397 91.0481796672037 8.07914717428054
1651078139.0416152 -65.25101649724397 91.0481796672037 8.07914717428054
1651078139.4416058 -65.44365584098928 91.30945465593098 8.102445503549294
1651078139.8428874 -65.63776579283332 91.55588916269184 8.130544034387567
1651078140.2416158 -65.83962079228023 91.80752224920872 8.159926950802962
1651078140.6428835 -66.04583051978628 92.05495844368401 8.1910617329051
1651078141.0428658 -66.262562162426 92.29598625150456 8.227279649778731
1651078141.4429252 -66.50153644922871 92.5252217199519 8.264786545679776
1651078141.841627 -66.72916284217085 92.75786425194327 8.307645970847508
1651078142.241503 -66.95780539468325 92.98711732139974 8.35403859443088
1651078142.6415296 -67.17677752507831 93.20982448134883 8.404374188375712
1651078143.0416107 -67.38349756900124 93.43315761116402 8.457925249391108
1651078143.4446962 -67.60979388163953 93.66427356996928 8.514062062728742
1651078144.2422798 -68.03719805563182 94.15559647080677 8.626558696406953
1651078144.2422798 -68.03719805563182 94.15559647080677 8.626558696406953
1651078144.6424298 -68.26642568231206 94.41735000347953 8.683071500422137
1651078145.0424204 -68.49572895466649 94.6777103939344 8.738704499507278
1651078145.442451 -68.73150151184065 94.94466268107969 8.793476212922151
1651078145.8424413 -68.96764491843071 95.22142006542151 8.847952196922638
1651078146.2424245 -69.21225851788803 95.5000861148939 8.898699086173746
1651078146.6423988 -69.45346951781269 95.7868096380309 8.94577173947901
1651078147.0424962 -69.69131574346622 96.07212803026131 8.990662710265552
1651078147.4424782 -69.94444496619582 96.36619183181327 9.030581405773573
1651078147.8424113 -70.21905776341153 96.67878462094393 9.059304549801487
1651078148.242351 -70.47590394035431 96.98741287663042 9.081945349550805
1651078148.6422257 -70.73469149476226 97.29933323058182 9.09836087090397
1651078149.042107 -70.98362300227284 97.61620631266591 9.107193258764081
1651078149.042107 -70.98362300227284 97.61620631266591 9.107193258764081
1651078149.4418678 -71.22890148356417 97.93914403520394 9.109446738330453
1651078149.8430023 -71.4706033168613 98.25492707180217 9.10836564384771
1651078150.2430131 -71.71812671240919 98.56132834832854 9.105285883207088
1651078151.043006 -72.21004774617856 99.14403562930075 9.103597652572086
1651078151.4417317 -72.45332059745519 99.42927693991803 9.10398054770697
1651078151.4417317 -72.45332059745519 99.42927693991803 9.10398054770697
1651078151.841639 -72.69703043084593 99.71432132731984 9.10340294852235
1651078152.2416587 -72.94179293695483 99.99657705452833 9.10521105989738
1651078152.6416612 -73.17868494478225 100.27264912562745 9.106139665432444
1651078153.0416772 -73.38401764450933 100.51503666120095 9.11132310493228
1651078153.441655 -73.6052345910757 100.77431136996906 9.116212825876971
1651078153.8416543 -73.83280704881295 101.05008918627917 9.12347028533578
1651078154.2418008 -74.05474499920174 101.33258752278542 9.131114754224463
1651078154.6417649 -74.25830753747807 101.59215025382521 9.144401035200133
1651078155.041749 -74.46960293177621 101.86276175475471 9.164871600151264
1651078155.4417906 -74.68198852806825 102.14373113015765 9.179511175874758
1651078155.841857 -74.90345127505259 102.44066131586534 9.194494382444233
1651078156.2417278 -75.12041203770599 102.7276237393694 9.211060786194537
1651078156.2417278 -75.12041203770599 102.7276237393694 9.211060786194537
1651078157.042017 -75.53166416554174 103.25155780197079 9.267188607333681
1651078157.441988 -75.72505985153856 103.50577489543738 9.301949330895912
1651078157.8420215 -75.92666104932016 103.76587168687921 9.339793126634143
1651078158.2420354 -76.14381613775507 104.04674526172869 9.377416865345348
1651078158.641989 -76.36186237265166 104.3411248504618 9.409715838443539
1651078159.0420413 -76.57175621950996 104.62394513838653 9.44277318006872
1651078159.4419124 -76.76718055032089 104.89658837465623 9.474226437098057
1651078159.841875 -76.96394999499105 105.17419779050404 9.509667318719881
1651078160.241871 -77.16961905286074 105.44660853796957 9.550890251888655
1651078160.641919 -77.37527792819557 105.7221240748957 9.594098726741958
1651078161.0418513 -77.58281870082035 106.00757123319733 9.635066556558344
1651078161.441738 -77.78414168675138 106.29742822970712 9.676733599728449
1651078161.441738 -77.78414168675138 106.29742822970712 9.676733599728449
1651078161.8416395 -77.98060537686204 106.57517941187577 9.716258293858221
1651078162.241677 -78.16404667018384 106.81329942418785 9.751623806201696
1651078162.641616 -78.37875457877851 107.08406722490386 9.795521750053735
1651078163.843123 -79.03687431192745 107.93275849613545 9.935229722358764
1651078164.2431705 -79.2426749378186 108.21560782679495 9.97997700518161
1651078164.6418831 -79.45717565825397 108.49282457579149 10.024900980056525
1651078165.4419203 -79.8924720158622 109.05362539958254 10.101050740891141
1651078165.8431435 -80.103109238249 109.33620712382928 10.138519969269892
1651078166.2431152 -80.32080294104766 109.61989568674038 10.17745882828723
1651078166.6444368 -80.46929777025558 109.82493153306848 10.205170665727252
1651078168.2449763 -81.49303473175372 110.94250225383789 10.43919784836304
1651078168.6461012 -81.71804816751741 111.18988189601234 10.491883149252597
1651078168.6461012 -81.71804816751741 111.18988189601234 10.491883149252597
1651078169.043733 -81.9454900287647 111.42995228511423 10.526966514309624
1651078169.4438064 -82.12269207219741 111.6336096390043 10.55915007588654
1651078171.042279 -83.08704648421438 112.76956932474572 10.883758553694854
1651078171.4424057 -83.20099360565116 112.9175156364203 10.919010824153858
1651078171.84241 -83.40682030633837 113.15718987832378 10.98670380690585
1651078172.2424479 -83.62585824658392 113.39777686562248 11.058153397943132
1651078172.642382 -83.83430271772787 113.63454744200499 11.13301899657875
1651078173.0423827 -84.03687741312922 113.86918041617969 11.209738763629549
1651078173.4424222 -84.24483143296712 114.11676993718808 11.284960994340247
1651078173.4424222 -84.24483143296712 114.11676993718808 11.284960994340247
1651078173.843893 -84.4213343255583 114.33495494504767 11.353937518814458
1651078180.642861 -87.38172158011389 118.29751840190843 12.825015924164353
1651078181.041762 -87.56180291872015 118.52482145602289 12.92833972980515
1651078181.4417412 -87.74441463655037 118.74785043001803 13.029558971534076
1651078181.8417742 -87.9205209454369 118.95559126293432 13.125553827272295
1651078182.2417555 -88.09566477346577 119.15798268743704 13.22298469433954
1651078182.6417463 -88.27479706660706 119.36472902815372 13.323788775251968
1651078183.0417676 -88.44514998045854 119.55889949492474 13.416779056466341
1651078183.4417346 -88.61617656885785 119.75530682490557 13.510596706043184
1651078183.4417346 -88.61617656885785 119.75530682490557 13.510596706043184
1651078183.8419366 -88.79124533731589 119.95719975179377 13.60814230902553
1651078184.6423986 -89.15266318660098 120.3791305229067 13.798657293642545
1651078185.0424354 -89.32898954407024 120.59319359319785 13.891496347757542
1651078185.8423934 -89.67839699217797 121.03342983678073 14.085477195808021
1651078185.8423934 -89.67839699217797 121.03342983678073 14.085477195808021
1651078186.2422566 -89.85536684392315 121.2612803522535 14.18178662549205
1651078186.642152 -90.04838015640388 121.50168082801446 14.283413436316183
1651078187.0421379 -90.2509574205345 121.74406860755697 14.385627041104208
1651078187.4421248 -90.44891091214126 121.98012801556268 14.483584000327681
1651078187.8421104 -90.64784721756838 122.21498380142883 14.58087741907572
1651078188.2421193 -90.85024230943218 122.45020635547147 14.681435872250326
1651078188.6421125 -91.04701552838584 122.6821023560851 14.78311566620221
1651078189.4421186 -91.46448624552295 123.16122912144138 14.986398004908212
1651078189.8421643 -91.68888072595061 123.41555246095896 15.090553039849388
1651078190.2421439 -91.92224036461093 123.68124536634359 15.193681550019312
1651078190.6421676 -92.14203572978161 123.92887584137186 15.300288263794451
1651078190.6421676 -92.14203572978161 123.92887584137186 15.300288263794451
1651078191.0421934 -92.36996252784635 124.18711919964255 15.400404724466014
1651078191.442423 -92.5960373192803 124.44219411695616 15.5003846342762
1651078191.8424177 -92.81732866260829 124.68912834539586 15.601328676524833
1651078192.2423677 -93.03716052697855 124.93314283549974 15.70199681276394
1651078192.6423802 -93.27402009964202 125.1586466742375 15.796514813688887
1651078193.0423703 -93.53265049258508 125.37500954117192 15.89297113857002
1651078193.442368 -93.75499968228239 125.61642577893973 15.98880936278942
1651078193.8438365 -93.98531856897985 125.84942981286284 16.083171974503138
1651078194.243776 -94.21238784293801 126.08654587079437 16.178824419942003
1651078194.642478 -94.43044906326281 126.31020620469327 16.276726840413186
1651078195.0423672 -94.6525355478758 126.53951483524152 16.37759090722398
1651078195.4424162 -94.87574998599287 126.78137972993308 16.475168577090468
1651078195.842387 -95.09884486554306 127.03315332129807 16.57293711267956
1651078195.842387 -95.09884486554306 127.03315332129807 16.57293711267956
1651078196.242261 -95.31569814753308 127.27228825960096 16.6709253434883
1651078196.6421645 -95.52468550440334 127.51236529186792 16.769478973489555
1651078197.0421653 -95.72619770496662 127.75898839559733 16.86392654828336
1651078198.2432404 -96.35048844903724 128.50360968126554 17.15756767379397
1651078198.2432404 -96.35048844903724 128.50360968126554 17.15756767379397
1651078198.642016 -96.55251739153668 128.75204678862525 17.256701922693733
1651078199.0421445 -96.76365609172264 128.9985938491583 17.3486578741579
1651078199.4421864 -96.9692977417178 129.22888698225313 17.438223580509312
1651078199.8422344 -97.17904512546227 129.4288032076574 17.518942987385678
1651078200.2422864 -97.41636147174617 129.59299481320335 17.595099012070825
1651078200.6422849 -97.65058226571313 129.7667007080033 17.67337195825811
1651078201.042379 -97.91577284930912 129.95689051395829 17.76022487304202
1651078201.4423766 -98.1866004634073 130.15103247509134 17.84114353397312
1651078202.6416123 -98.61937091830872 130.5268216872787 17.986294869994254
1651078203.041626 -98.66240442933874 130.56089254961324 17.98676758214693
1651078203.041626 -98.66240442933874 130.56089254961324 17.98676758214693
1651078203.842667 -99.16484289317982 130.79740983186127 18.07573434958466
1651078204.2426968 -99.32471255683123 130.84072370626262 18.10327816801417
1651078204.642648 -99.59584695059422 130.93104466854263 18.131861203742947
1651078209.843824 -99.34344025089945 130.6643575875036 18.01440256042901
1651078210.2424996 -99.35293061008876 130.63398019677263 18.02352619215679
1651078210.2424996 -99.35293061008876 130.63398019677263 18.02352619215679
1651078219.8439918 -97.89663663891149 128.36662156143822 17.448362933616544
1651078220.2452474 -97.89630509354907 128.36711516792516 17.448452886075728
1651078220.6438835 -97.89719607695666 128.36804093184531 17.448554951741336
1651078221.0438848 -97.87543179068655 128.33922231888036 17.445615500843545
1651078221.4438696 -97.67832318333961 128.09421212413318 17.38640418200247
1651078221.8438694 -97.4669725718252 127.86737483433672 17.254368515997616
1651078222.2438679 -97.28694498391843 127.65089569134796 17.182493166962182
1651078222.643872 -97.10081039537286 127.43805494156958 17.10441427870431
1651078222.643872 -97.10081039537286 127.43805494156958 17.10441427870431
1651078223.043763 -96.8720746068686 127.17307000934814 17.00026205106293
1651078223.4450068 -96.61213883474066 126.86962736729042 16.877336241490948
1651078223.8426468 -96.39681452787524 126.61817071571409 16.767740051277375
1651078225.4432805 -95.34374870119957 125.47454684656803 16.31346501124422
1651078225.8432794 -95.11143852021787 125.19843708816555 16.214369632049035
1651078226.243233 -94.87101336296217 124.91582511361132 16.11035629973534
1651078227.044368 -94.3260995472383 124.2693591472083 15.866807683926043
1651078227.443146 -94.14435492727996 124.04627015723449 15.784535777001246
1651078227.443146 -94.14435492727996 124.04627015723449 15.784535777001246
1651078227.8432794 -93.90345709833669 123.74286838412917 15.666949757599232
1651078228.242877 -93.66831591645595 123.44760769101136 15.55161793227738
1651078228.642862 -93.4641696726817 123.19340292261337 15.452424019790453
1651078229.0430129 -93.31257317769759 123.01626228337328 15.389280300338449
1651078229.44315 -93.11472623038718 122.79728179194136 15.310087888281632
1651078229.8431218 -92.82250839792391 122.50822427914412 15.179102645535536
1651078230.2443686 -92.52134940596139 122.22943795721021 15.044082754707789
1651078230.642986 -92.24629646849849 121.95347018956956 14.921291360803863
1651078231.044363 -91.9324917614615 121.68893458195369 14.790429709694326
1651078231.444352 -91.64589285002876 121.40693931911346 14.652480125441583
1651078231.8429794 -91.39112637413254 121.12322609717495 14.534198921427155
1651078232.2453651 -91.14672859986092 120.82998065753425 14.405893831174597
1651078232.2453651 -91.14672859986092 120.82998065753425 14.405893831174597
1651078232.6442096 -90.89118041232842 120.51905438859633 14.261550818585992
1651078233.0438902 -90.62846280970261 120.1739104741618 14.103637769557526
1651078233.4438913 -90.3964713568363 119.86588102383153 13.962178726962684
1651078233.8439 -90.1781110500538 119.57829627756895 13.831701941830204
1651078234.2439225 -89.94886510787467 119.2743926094814 13.705597916078005
1651078234.6438997 -89.72701620799926 118.98402555709858 13.582538551461713
1651078235.0439198 -89.477203525443 118.66645186815121 13.4376076188621
1651078235.444039 -89.22479832436154 118.34835835073774 13.280127509549475
1651078235.8441956 -88.98431672270496 118.04706765099118 13.138662272174141
1651078236.244189 -88.75304367559806 117.76101221190623 13.013034834645843
1651078237.444157 -88.38803387908825 117.3171081458282 12.796362495278425
1651078237.444157 -88.38803387908825 117.3171081458282 12.796362495278425
1651078237.8441668 -88.38610168445526 117.31710871401181 12.80773708301482
1651078238.6441848 -88.38496469364003 117.31780432260568 12.808750962707233
1651078239.0442326 -88.3846651030744 117.31830391669294 12.80831444391397
1651078239.4443045 -88.38445984452898 117.31859512842802 12.808444830247637
1651078239.844281 -88.38484845297835 117.31852044692874 12.80840423397623
1651078240.2443895 -88.3844769788248 117.31744453461637 12.808274927902128
1651078240.64442 -88.38353096588806 117.31662596027161 12.808026472674488
1651078241.0444314 -88.38407189976334 117.31744366817925 12.807739904155866
1651078241.4443944 -88.38411837350465 117.3179424802364 12.80803045409029
1651078241.8443701 -88.383447127702 117.3173850864004 12.808098195477083
1651078242.244371 -88.38310010160124 117.31758780958391 12.80794534058817
1651078242.244371 -88.38310010160124 117.31758780958391 12.80794534058817
1651078242.6442428 -88.38283920011659 117.31762877273762 12.808104187703497
1651078243.0453591 -88.38329247553165 117.31767444679073 12.807896385687647
1651078243.445411 -88.3831128306003 117.31791146099587 12.808001095153966
1651078243.845431 -88.38282744623159 117.31813465590353 12.80827130320272
1651078244.2454028 -88.38291372552564 117.31801144541153 12.808113834205695
1651078244.6454961 -88.38313865750018 117.3178268752731 12.808252248774915
1651078245.44288 -88.38374063713898 117.31873329495642 12.808688675694155
1651078245.8429868 -88.38389893454789 117.31846410680839 12.808450433192087
1651078246.2427988 -88.38426858730497 117.3184793002861 12.80840812934253
1651078246.6439793 -88.3841592321185 117.31801588670265 12.807881972023898
1651078247.043901 -88.38354657528062 117.31760144735931 12.80796274648771
1651078247.043901 -88.38354657528062 117.31760144735931 12.80796274648771
1651078247.4439826 -88.3058315166156 117.21523406983684 12.793439984939944
1651078247.8438962 -88.06682939154645 116.91175877778679 12.65672432870272
1651078248.6439211 -87.597978130226 116.30121747588623 12.411020242414724
1651078249.0438852 -87.38128028278773 116.02264591856157 12.297406230519586
1651078249.4439015 -87.16346987271612 115.73356383999916 12.174426420725892
1651078249.843993 -86.94586328223967 115.44409896418647 12.059312490324709
1651078251.8468702 -85.92132858724051 114.11738749233739 11.583475364298767
1651078251.8468702 -85.92132858724051 114.11738749233739 11.583475364298767
1651078252.242883 -85.69341582105025 113.82601608656911 11.47220261033846
1651078252.6427588 -85.46077660931815 113.54492085305229 11.378390540199263
1651078253.4427514 -84.96168896842839 113.00473618149222 11.204846558819337
1651078253.8439984 -84.7752290115045 112.87357918821041 11.161014538468878
1651078259.4440517 -81.45208311038942 109.196861705031 10.311811222071038
1651078259.84277 -81.21216529271281 108.96340031979068 10.269268709326198
1651078260.2471192 -81.01006384599211 108.75018947558135 10.229085425047565
1651078260.6457949 -80.78469753730185 108.51535926227085 10.195353302220079
1651078266.642763 -77.28525546573118 104.58869026479593 9.549824955896742
1651078267.0427966 -77.05469742498451 104.30344636401243 9.512833745889617
1651078267.4427536 -76.82072808877516 104.02113885600288 9.477110634941381
1651078267.8427663 -76.6013566808041 103.73442787816136 9.439763275724259
1651078268.2428155 -76.39021599724973 103.44511535758056 9.405018541784067
1651078269.0426173 -75.9653767597504 102.82989419300772 9.319212906441985
1651078269.4426105 -75.7617486767405 102.53083206036537 9.277792799322066
1651078269.8426046 -75.56729021949354 102.25216559878805 9.249773775528253
1651078270.242608 -75.38007972215414 101.97792194807494 9.227612213159704
1651078270.642615 -75.17459435190295 101.70410874692682 9.212586066637488
1651078271.042661 -74.95776773285866 101.42063450424848 9.19729843957342
1651078271.44264 -74.73373982467868 101.11694157261437 9.176853104500296
1651078271.8426938 -74.51741941671118 100.82636436129506 9.156011595442086
1651078272.2426276 -74.31007052794715 100.5541397924926 9.142597737370822
1651078272.6426475 -74.1016122051841 100.29107993326274 9.130486323072525
1651078272.6426475 -74.1016122051841 100.29107993326274 9.130486323072525
1651078273.0428588 -73.893033100807 100.02418061504167 9.1213714750261
1651078273.4429615 -73.67007052688402 99.74000615889172 9.112777938812373
1651078273.8428855 -73.45190831605163 99.46233383629755 9.102498956697936
1651078274.2428758 -73.22944888921167 99.18248335755729 9.090047636685778
1651078283.0421605 -68.09389514115956 92.57893315690227 8.494337307252371
1651078283.442151 -67.91408297687352 92.33232231518389 8.440304474564485
1651078283.8455086 -67.70975531644524 92.05482331367119 8.376071728589523
1651078284.6428366 -67.28724003965458 91.47042518627913 8.28783534732924
1651078285.0427432 -67.07991959743691 91.18906745214342 8.255326823040024
1651078285.0427432 -67.07991959743691 91.18906745214342 8.255326823040024
1651078285.4426372 -66.86651276388562 90.90593639613778 8.219945022309469
1651078285.842622 -66.64992029681233 90.62269203380372 8.184322912803204
1651078286.6426883 -66.21729760318463 90.0567042566152 8.12221054538975
1651078287.0426545 -66.002422765781 89.7812478359845 8.09548007765511
1651078287.4426312 -65.78804046254635 89.50599689992961 8.072516336991482
1651078287.8427472 -65.57053708155101 89.22510668609233 8.046169280903152
1651078288.24274 -65.34837169563231 88.94068547631761 8.019690107061919
1651078288.6427493 -65.12644451987121 88.65218402738452 7.992631421975206
1651078289.042757 -64.90488977823158 88.36839995778169 7.967331839135888
1651078289.4427557 -64.68699779272143 88.08688524516326 7.943996090127881
1651078289.8427742 -64.46546626605492 87.80423522439645 7.921490402401521
1651078290.242775 -64.24291684729093 87.52058324070008 7.900156087493009
1651078290.6439779 -64.02076591054208 87.2318924455416 7.8770997685179305
1651078291.0438457 -63.79895222902981 86.94487584671417 7.85492486233203
1651078291.4425042 -63.56740924460109 86.64522319893716 7.827663964877371
1651078291.8425062 -63.334395540440916 86.34036800439998 7.794630498643147
1651078292.2425244 -63.10291849927082 86.03856511627278 7.759089148403316
1651078292.2425244 -63.10291849927082 86.03856511627278 7.759089148403316
1651078292.6423845 -62.873619754718796 85.74219344313984 7.726248315725646
1651078293.042359 -62.65126186760145 85.45999382181643 7.696254819438759
1651078293.443567 -62.42780770143058 85.17900128946337 7.671281611243716
1651078293.8423777 -62.201784485199994 84.90117983996745 7.647428510511003
1651078294.2423663 -61.98637138262697 84.63168634790163 7.627754746670997
1651078294.642365 -61.777006369716396 84.36226796887331 7.61391319218709
1651078295.0425472 -61.57179802287371 84.102239002367 7.60643413915178
1651078295.442502 -61.37715021222488 83.83255270931917 7.602058071423057
1651078295.8424842 -61.18427197029326 83.56643404328683 7.5993589690413454
1651078296.242655 -60.974050783475576 83.26790841728754 7.5905320459147525
1651078296.6426485 -60.7674755637743 82.9698676519866 7.582492074195317
1651078297.0426602 -60.55337842872687 82.6722370562198 7.5734831951654495
1651078297.443802 -60.32950262159567 82.35950901197793 7.5590010007729
1651078297.8426414 -60.10067974418053 82.03489413104296 7.534732148580973
1651078298.2426372 -59.86759639292403 81.7172109806881 7.507408715678749
1651078298.6426244 -59.64037392398844 81.41019040201708 7.480734174539427
1651078299.0426252 -59.4072382409178 81.10006308253321 7.450193945441703
1651078299.442649 -59.16469131108954 80.77981361257842 7.4119288917538135
1651078299.8426251 -58.91885998687086 80.46548911737935 7.370228815620195
1651078300.242644 -58.662411615134445 80.14598577705416 7.320489105949549
1651078300.6438825 -58.40666435036793 79.83754475242158 7.269876496268716
1651078301.0426066 -58.14752424170658 79.52565274351335 7.210847259491795
1651078301.4438586 -57.88032181216631 79.20094658581283 7.119820900192139
1651078301.4438586 -57.88032181216631 79.20094658581283 7.119820900192139
1651078301.842676 -57.61792080772409 78.87256471082833 7.025069544043752
1651078302.2427714 -57.355403292406706 78.54658564730244 6.9349190980096305
1651078302.6427615 -57.098628428350715 78.22037416357436 6.83453489440567
1651078303.0427418 -56.836292113843776 77.89805619029038 6.733697906172338
1651078303.4427896 -56.56570578251734 77.57685768435802 6.617305654930657
1651078303.8428237 -56.29794116199876 77.26236151371586 6.509153215664595
1651078304.2427914 -56.032594274403735 76.95731534075206 6.396395182481849
1651078304.6430316 -55.776472418777715 76.63157758706332 6.273027340123645
1651078305.0444336 -55.52605939660316 76.33868852879702 6.168278886635041
1651078305.444407 -55.298134160309694 76.03031184458116 6.066122220787264
1651078305.8431554 -55.06954099683773 75.74738986040268 5.97689375128227
1651078306.2431624 -54.83943590466984 75.46963190443533 5.896829473823529
1651078306.645651 -54.61279289992992 75.1992532534033 5.822680457865026
1651078306.645651 -54.61279289992992 75.1992532534033 5.822680457865026
1651078307.0456429 -54.37760842628566 74.91777986959916 5.739230131117805
1651078307.4456346 -54.13607593299299 74.65454641968441 5.667788176989004
1651078307.845663 -53.901383955813266 74.39348455289961 5.602820181077362
1651078308.2431805 -53.685094660050616 74.14785746380689 5.5580637163115325
1651078308.643169 -53.46423522557367 73.88404086951935 5.504626240753367
1651078309.043154 -53.23979637486827 73.61383457365875 5.451088083826783
1651078309.4432452 -52.997577861105974 73.3244891339722 5.385839026660218
1651078309.843237 -52.76780941949097 73.06733876920079 5.335342653174745
1651078310.2432745 -52.538509704248305 72.82292444015818 5.304912699538968
1651078310.643275 -52.30729983243612 72.5616564429082 5.258522884535255
1651078311.043218 -52.06246122368315 72.29120916469212 5.208642957627763
1651078311.4431047 -51.821364283955056 72.01602515770577 5.155990495262962
1651078311.4431047 -51.821364283955056 72.01602515770577 5.155990495262962
1651078311.8431368 -51.581596161602256 71.75329946518256 5.113420839703208
1651078312.2431304 -51.344962681936096 71.4854746731213 5.069536821371975
1651078312.6431057 -51.11345091299403 71.21335379873271 5.028310846301677
1651078313.043165 -50.8763319995868 70.94452441762364 4.984058236617011
1651078313.4431467 -50.6415511026562 70.68817082268409 4.95448261113779
1651078313.843163 -50.43025916870445 70.43616756765542 4.9313700937545395
1651078314.243189 -50.19677155446395 70.18261902381414 4.908442387833783
1651078314.6430073 -49.96043279803601 69.92521446603217 4.883863849762068
1651078315.0431125 -49.721185647883814 69.65383796371745 4.856628914652742
1651078315.4431255 -49.47434097853174 69.39102972186569 4.821654470054706
1651078315.843143 -49.269059338973626 69.12468972226351 4.797384577443998
1651078316.2431343 -49.039390277191046 68.87491201074269 4.776926090204587
1651078316.6431875 -48.81724725130458 68.61510949472608 4.757516119419922
1651078316.6431875 -48.81724725130458 68.61510949472608 4.757516119419922
1651078317.0430293 -48.59890169865105 68.33056586340233 4.737805087509659
1651078317.4431522 -48.36214955758027 68.05288965423023 4.715377790687078
1651078317.8431149 -48.10604309805402 67.75218292337917 4.684492215368646
1651078318.2431273 -47.83013467068753 67.43128772307873 4.632100541883997
1651078319.0431464 -47.287971637302334 66.8040956521333 4.479414859604482
1651078319.4431486 -47.03610114275118 66.50037978811132 4.413188848835184
1651078319.8431728 -46.793515410477596 66.20645756132873 4.352499022849277
1651078320.2431295 -46.54055907735606 65.89137040969919 4.2765002335390125
1651078320.643154 -46.25420671923889 65.54210546392095 4.162124151605566
1651078321.043127 -45.9531453664971 65.18953266360147 4.027948709408502
1651078321.4431481 -45.66005492281345 64.84498774514192 3.884463039842416
1651078321.4431481 -45.66005492281345 64.84498774514192 3.884463039842416
1651078321.8436558 -45.39475735284689 64.5235792289232 3.7533741940374368
1651078322.2438753 -45.14137465005934 64.22157112868163 3.6398329026263703
1651078322.642609 -44.88183151151857 63.89531794390922 3.5100255356665304
1651078323.0426252 -44.63791286635793 63.60082166054044 3.3838529627563285
1651078323.442642 -44.34692885325702 63.28919086843083 3.269141209287362
1651078324.2429013 -43.836312119936714 62.661645404815665 2.9915248117687816
1651078324.6428666 -43.63317938468675 62.378360121188074 2.9017521713241856
1651078325.0429866 -43.42973858895623 62.092432578381356 2.8142222302550954
1651078325.443099 -43.21676788001297 61.80922725500638 2.724065885617066
1651078325.843111 -43.001537168915135 61.52472491472451 2.6351954709845096
1651078326.2431626 -42.78009959221824 61.240976139063896 2.548532002089695
1651078326.2431626 -42.78009959221824 61.240976139063896 2.548532002089695
1651078326.6434376 -42.56723302652799 60.96381523402027 2.4690646115822084
1651078327.0435534 -42.353000196906336 60.691242379364944 2.3975068472092347
1651078327.4436889 -42.13505202561446 60.42332559439232 2.3285652715276104
1651078327.8437748 -41.913752499019814 60.15366656873098 2.2605735096415818
1651078328.2438521 -41.68172227177377 59.87042820777316 2.184679827281142
1651078328.6438906 -41.448728093395374 59.58337685241255 2.107066707199131
1651078329.0426543 -41.20237447291956 59.29020110930232 2.017553101253394
1651078329.44263 -40.97534162001569 58.983528776178886 1.9243900972202126
1651078331.0426073 -40.043079297187404 57.69803125818229 1.507023722345605
1651078331.0426073 -40.043079297187404 57.69803125818229 1.507023722345605
1651078331.4428272 -39.80039683341094 57.370078245573296 1.3847113596055158
1651078331.8436983 -39.572490888324374 57.04840444437219 1.2674584767806962
1651078332.2423651 -39.355271856708704 56.75004428973999 1.1710939034135637
1651078333.042356 -38.933395437684716 56.159224522964266 0.9906957711795071
1651078333.8435402 -38.541873593003935 55.5905748371161 0.8442353683440236
1651078334.2435303 -38.35494604029923 55.31637021855915 0.7866553496583969
1651078334.642315 -38.16109805472977 55.03394405734057 0.7250273964433315
1651078335.043551 -37.983551671106 54.78079015609276 0.6780512271067847
1651078335.4435458 -37.806058769438245 54.53450642470517 0.6430402660155453
1651078335.843557 -37.61374614318824 54.27483565277513 0.6056174865816364
1651078336.24227 -37.412291817272504 54.0020732078489 0.5644018873469102
1651078337.0435581 -37.04652531957007 53.464574913302 0.508483562626127
1651078337.44365 -36.86625304761434 53.19552496167408 0.4852216315836846
1651078338.2423992 -36.500406142964486 52.617336527392716 0.42861760946390415
1651078338.2423992 -36.500406142964486 52.617336527392716 0.42861760946390415
1651078338.6438494 -36.311548659385686 52.3259945606394 0.40570495750119323
1651078339.0425048 -36.12603860642965 52.04139441421427 0.38681531553309134
1651078339.4425154 -35.935357316383154 51.750514486657 0.36818337435453014
1651078339.8425133 -35.74505052619377 51.460973441485955 0.3515160523402563
1651078340.2438152 -35.552364995722705 51.16591415153035 0.33377369680317437
1651078340.642505 -35.36002687354107 50.87711825154474 0.3205071259896965
1651078341.043866 -35.17170495510284 50.59477985681592 0.31565784183370676
1651078341.4426115 -34.9810682581523 50.306352962309184 0.30671659900588255
1651078341.842654 -34.783343226677474 50.01094855668098 0.29645971699376306
1651078342.642604 -34.39666969465106 49.4330718599488 0.29010498944246943
1651078343.0426018 -34.18828735598497 49.13023770192078 0.2824452250852599
1651078344.2436607 -33.565780119618196 48.258422810687264 0.2579825518101843
1651078344.6423974 -33.3631632349295 47.979575792075956 0.26023097082827384
1651078345.0436757 -33.14155943208936 47.66866664836479 0.2493336928047072
1651078345.0436757 -33.14155943208936 47.66866664836479 0.2493336928047072
1651078345.4440713 -32.93118787099887 47.366899398276914 0.23858059060105882
1651078345.84338 -32.730639388313854 47.08204082846901 0.23723117400698254
1651078346.2433605 -32.52360084724339 46.800666374652664 0.23899587032267952
1651078346.6434135 -32.309053729617816 46.506279993686704 0.23800871571698146
1651078347.0434241 -32.085194234865135 46.2041852002883 0.23748049164815677
1651078347.4433653 -31.868511646241693 45.91376202569221 0.2339053930572159
1651078347.8433619 -31.647912848251522 45.611660060118076 0.22910826503569126
1651078348.2433672 -31.43345948940465 45.31608123660606 0.22330137290413754
1651078348.6434085 -31.22274496577557 45.02869696894365 0.22102988843643911
1651078349.0433512 -31.008309602792107 44.75538816923095 0.22092569988391877
1651078349.4432228 -30.793461796511643 44.45657929262897 0.21616278252171073
1651078350.243152 -30.376959873310984 43.87157924501538 0.20738696567914738
1651078350.243152 -30.376959873310984 43.87157924501538 0.20738696567914738
1651078350.6431644 -30.168273164084106 43.55422420727196 0.1993460581325874
1651078351.4444318 -29.774542699447316 42.96010081213212 0.196255080583956
1651078351.8431299 -29.572055803690027 42.663043443470556 0.1993452022637412
1651078352.2431564 -29.369719869689547 42.36079584654138 0.2021412859161001
1651078353.844287 -28.53831962773229 41.13702592858397 0.20273858626030944
1651078354.2442763 -28.333265669433725 40.826183504370185 0.20246870581735654
1651078354.6442883 -28.13711889930738 40.514723349549755 0.1986518515064278
1651078355.0431137 -27.940899296521597 40.19685336422781 0.19463709731457382
1651078355.0431137 -27.940899296521597 40.19685336422781 0.19463709731457382
1651078355.4431484 -27.753061322480647 39.88792263341234 0.1897774653897186
1651078355.8431218 -27.569988729458316 39.58508642300021 0.18622237691413107
1651078356.2432458 -27.38734979979269 39.275108592609136 0.18245750797774735
1651078356.6433218 -27.20672452444404 38.968195822838545 0.18086958684227672
1651078357.0432858 -27.027756827403657 38.66492214361394 0.18233626033531786
1651078357.4433007 -26.84391719680688 38.3458599321083 0.18191729439207252
1651078357.8433754 -26.650543738103355 38.026817793376225 0.17981150830116277
1651078358.2433634 -26.455742252721205 37.706114562600426 0.17424236149850503
1651078358.6434088 -26.267939908828083 37.382788253902746 0.16843514871134305
1651078359.4434075 -25.88384377294254 36.782467934806206 0.17278449467191506
1651078359.4434075 -25.88384377294254 36.782467934806206 0.17278449467191506
1651078359.8448315 -25.691085129121895 36.47892878596854 0.17577668377927497
1651078360.6431503 -25.326629601931586 35.88975808690247 0.19671588838099455
1651078361.0431209 -25.15269515153188 35.59811121816123 0.21643612874536802
1651078361.4430985 -24.956525876332794 35.29086708021702 0.22626149727316974
1651078361.8431525 -24.75837240352274 34.98525669572061 0.2383661441192802
1651078361.8431525 -24.75837240352274 34.98525669572061 0.2383661441192802
1651078362.2430215 -24.564427293538323 34.67805345811014 0.25008202299544047
1651078362.6431699 -24.357733714583716 34.372476609208974 0.25563122335761324
1651078363.0431347 -24.153418842442118 34.062518819157745 0.2603784673256368
1651078363.4431713 -23.957778718927585 33.75478117848414 0.2688721835338738
1651078363.8432326 -23.76216817606349 33.44192996560218 0.27291540310885365
1651078364.2431512 -23.56431028767104 33.132571143240696 0.2761009837658037
1651078364.6433074 -23.34840496172539 32.80799560378922 0.2753843693854475
1651078365.0432951 -23.144471236302568 32.496814948295835 0.2791480642259499
1651078365.4432402 -22.93777092893201 32.18660315903991 0.2829745004146781
1651078365.8433266 -22.720434878757473 31.87197770138248 0.2789751120826017
1651078366.2432475 -22.51986104764012 31.54897587947499 0.27536916543871826
1651078366.6432412 -22.30762478081203 31.22225269429573 0.2679052499290404
1651078367.0431511 -22.1048139470557 30.910770050144603 0.26371466992801795
1651078367.4431648 -21.915317860448127 30.599311057226 0.25992157017894213
1651078367.8431468 -21.72037099820508 30.285760183868664 0.2585553988876341
1651078368.243198 -21.520407663054357 29.96684500699988 0.2524502925382024
1651078368.6431735 -21.324144514730918 29.63056611530224 0.24167368749586748
1651078369.0431528 -21.121218142571745 29.287483339109126 0.20895879975260784
1651078369.0431528 -21.121218142571745 29.287483339109126 0.20895879975260784
1651078369.8428838 -20.816122720335375 28.640031178325977 0.17019951300333447
1651078370.2429 -20.695268941570717 28.337435997951676 0.1597877410361286
1651078370.6441307 -20.594491950045317 28.01636357503937 0.1513209352437413
1651078372.2428753 -20.426961024883337 26.729511573397524 0.13059480570726273
1651078372.2428753 -20.426961024883337 26.729511573397524 0.13059480570726273
1651078372.6442778 -20.406883769607244 26.397422864543582 0.13864120088617446
1651078373.0429761 -20.383750379907926 26.028466841107452 0.1356629047960919
1651078373.44415 -20.353213628872094 25.6596753589988 0.13928989229067487
1651078373.844156 -20.326671915841324 25.304645533555092 0.14796020740705756
1651078373.844156 -20.326671915841324 25.304645533555092 0.14796020740705756
1651078374.242741 -20.30607917092713 24.953217443625114 0.15780319314241073
1651078374.6426356 -20.312666442493423 24.612530077872332 0.16724841763515613
1651078375.042603 -20.333858715510523 24.2677046990539 0.17806799037658422
1651078375.4426515 -20.385378646941177 23.915383901383823 0.1703170490242272
1651078375.8438847 -20.48710004630114 23.567867834120435 0.15784127374226878
1651078376.2426264 -20.645557043219096 23.17648858313158 0.11391511525029438
1651078376.642746 -20.85337735789321 22.823491583402838 0.06044794988964658
1651078377.8427324 -21.57988684152555 22.123639627954287 -0.10841271665003908
1651078378.242648 -21.783738494123543 22.025790376639765 -0.11517052598983936
1651078378.6426256 -22.000534519135183 21.953007325917422 -0.10758773612443835
1651078378.6426256 -22.000534519135183 21.953007325917422 -0.10758773612443835
1651078379.0429132 -22.258015242731172 21.841444233556544 -0.09796062185145397
1651078379.4444232 -22.529806906355127 21.724832860695752 -0.11988692759785807
1651078380.244022 -23.13320523741555 21.61380315917831 -0.1675499629875303
1651078380.644016 -23.33452348085671 21.64722604377788 -0.1600604567291767
1651078381.044154 -23.61101514534312 21.736746424405798 -0.16330896551522114
1651078381.4441743 -23.915650602766 21.849878329971812 -0.17550459742218744
1651078381.8441556 -24.13633643894143 21.91321452641422 -0.18915666690646468
1651078382.2442012 -24.13937851888504 21.923778276312262 -0.1919828956223419
1651078383.4443202 -24.213392157581932 21.98137796583926 -0.1878570726042251
1651078383.4443202 -24.213392157581932 21.98137796583926 -0.1878570726042251
1651078383.8445067 -24.477017015773452 22.0667866710894 -0.17868104165213683
1651078384.2434454 -24.84002322967254 22.13442571933404 -0.1842016548609501
1651078385.044747 -25.4830918085555 22.292446129017115 -0.1690399513328374
1651078385.4447484 -25.806061909100045 22.373712101931577 -0.16208090429657201
1651078385.8448012 -26.143393325818522 22.463254770199974 -0.15542029892616935
1651078386.2447867 -26.496411855772912 22.561616688331082 -0.1550223900172705
1651078386.6437762 -26.781768094665487 22.672943473535355 -0.15317380946555906
1651078387.043785 -26.996373494178957 22.79308462868145 -0.14407384489944206
1651078387.443789 -27.218662340652546 22.933355299200233 -0.13261421984564076
1651078387.8438168 -27.45436331305337 23.100663132270643 -0.14577531879837868
1651078388.243823 -27.697891531108393 23.264909625589567 -0.1412467752232618
1651078388.6438053 -27.98696812276722 23.46169713644087 -0.1319275911271654
1651078388.6438053 -27.98696812276722 23.46169713644087 -0.1319275911271654
1651078389.0448914 -28.27680287970878 23.668990420084626 -0.12840524806579093
1651078389.4449127 -28.57297453465176 23.878034676004493 -0.1261619068439389
1651078389.8448997 -28.86985726674665 24.089607324921772 -0.12099372474329105
1651078390.244906 -29.177568450000475 24.294670413759622 -0.11718731934157171
1651078390.6448884 -29.483578482424925 24.496341956623564 -0.11151144799131274
1651078391.044867 -29.789936143642564 24.698480539976398 -0.10599892977566225
1651078391.4449947 -30.096331854584346 24.896528404840677 -0.09890257242147511
1651078391.8438125 -30.4054176418269 25.082638902873878 -0.08940140484232095
1651078392.2450027 -30.719765225956436 25.271445653018652 -0.07438338061239942
1651078392.645008 -31.03375284737304 25.44921446944556 -0.05878474018100604
1651078393.0437708 -31.352975944355585 25.615550711770343 -0.042803067522559975
1651078393.4449844 -31.685957574081602 25.78593766607933 -0.03150753381412206
1651078393.4449844 -31.685957574081602 25.78593766607933 -0.03150753381412206
1651078393.844751 -32.01150198352381 25.96131621061697 -0.02178029643514581
1651078394.6447592 -32.64463682561451 26.31272819285878 0.0024132245558080106
1651078395.0447402 -32.96995175536345 26.49791516566158 0.011057538660130255
1651078395.4447389 -33.29498903480158 26.671395011617793 0.023007740610833178
1651078396.244678 -33.930707223876446 27.029817939016766 0.0466363032025217
1651078396.6447656 -34.24013423412631 27.20754150992533 0.06286026959729707
1651078397.0460217 -34.56433855263625 27.38342360020632 0.07404528424387434
1651078397.4459872 -34.884748445921275 27.57526809654824 0.08348149878024338
1651078397.844744 -35.20472992273923 27.75378100621719 0.09634853091754722
1651078398.244783 -35.53107061681104 27.933055156200723 0.10597998348437913
1651078398.6446116 -35.861230276808286 28.102765365091134 0.1159912876670243
1651078399.4476442 -36.52371918921586 28.390952613288157 0.14018293252520844
1651078399.847643 -36.86613005521264 28.53874355628872 0.1511179704200592
1651078400.2438993 -37.218407575400775 28.685635371946493 0.15854899961615931
1651078400.2438993 -37.218407575400775 28.685635371946493 0.15854899961615931
1651078401.0445623 -37.92407925460904 28.95817406977566 0.17043122729894258
1651078402.2445245 -38.96619088993592 29.3422687443449 0.18661586624665105
1651078403.0444982 -39.65833287021207 29.590991632731043 0.2013045934263364
1651078403.4444923 -40.008340390662624 29.70968819250745 0.20980047595297022
1651078403.8444924 -40.34650731358382 29.822316844590567 0.22275078188936698
1651078404.2445073 -40.684379608532836 29.94841107433068 0.2357426039253942
1651078404.6444845 -41.02087069151958 30.081245604977347 0.2513252288345161
1651078405.0443614 -41.369206680190466 30.21537218351471 0.2675784834889397
1651078405.0443614 -41.369206680190466 30.21537218351471 0.2675784834889397
1651078405.4447713 -41.705779428061 30.350674300506263 0.2786627797818375
1651078405.8448122 -42.04675399481918 30.483458474312584 0.28439849365643644
1651078406.2447722 -42.37818738109354 30.616629765319505 0.29406129172113554
1651078406.6447728 -42.70829334619249 30.756362173078383 0.2985300934006167
1651078407.0447435 -43.00651620545797 30.91205073125645 0.2986550415307054
1651078407.4447374 -43.29315829498182 31.084460018817637 0.3051284804228577
1651078408.2446318 -43.85206940750481 31.476920749826295 0.32537290513196204
1651078408.6445909 -44.1507814850698 31.690797605626447 0.33544098031539293
1651078409.0444818 -44.44418906023965 31.90324516090646 0.3457485810279687
1651078409.4443588 -44.735702716491296 32.12091313685916 0.3564781280922783
1651078409.844252 -45.0253109402845 32.33702036436867 0.36810100889370173
1651078409.844252 -45.0253109402845 32.33702036436867 0.36810100889370173
1651078410.2445347 -45.31748956382058 32.55874566888405 0.37860048810675656
1651078410.6448925 -45.60854756222857 32.77782701207529 0.39056394337416717
1651078411.0448608 -45.9063452432665 32.995564520870865 0.40241765849171124
1651078411.4449034 -46.20476371199782 33.19722791643818 0.41490779229859637
1651078411.844886 -46.509470882273 33.384148720914375 0.42824733262542974
1651078412.24488 -46.81531116418243 33.56775017949167 0.4415592399800344
1651078413.4450035 -47.76550165738031 34.07416185519384 0.48664032769811705
1651078414.245031 -48.42089133985575 34.36173525608547 0.5199267360745798
1651078414.6449816 -48.756833947619356 34.51535608999285 0.5359003067334588
1651078414.6449816 -48.756833947619356 34.51535608999285 0.5359003067334588
1651078415.0449975 -49.07923363492392 34.67481576000442 0.5508893627145589
1651078415.4442902 -49.40460992469306 34.83396450576575 0.5682742694452656
1651078415.8442519 -49.73124300596869 34.98915120677566 0.5850583715599446
1651078416.24428 -50.068510056991876 35.15025964919537 0.5998632035716314
1651078416.6443748 -50.413606317317594 35.31124833196165 0.611840474494262
1651078417.0444808 -50.74225350319037 35.466897431425586 0.6246512431416413
1651078417.4445267 -51.05837350252274 35.615048523367506 0.642571669322994
1651078417.8441286 -51.38060117945864 35.76828315389968 0.658925115808562
1651078418.244117 -51.718117997769966 35.92572630029485 0.6721314552786426
1651078418.6441636 -52.06240439647046 36.07713783802281 0.6869138280758085
1651078419.044114 -52.4013015936023 36.230703975103225 0.7002974832985349
1651078419.444124 -52.726973972139426 36.377979196705596 0.7160535041476008
1651078419.8443053 -53.042232793912234 36.517104475087834 0.7355378201908218
1651078421.444768 -53.562786789937874 36.45492865635559 0.8204275065208728
1651078421.8460202 -53.9041184605985 36.5877339211615 0.8405349358468616
1651078421.8460202 -53.9041184605985 36.5877339211615 0.8405349358468616
1651078422.2463772 -54.251118014662254 36.71951087186703 0.8641847866600387
1651078422.644134 -54.63584066440886 36.88061064837028 0.886765076928995
1651078423.044108 -54.97496604241502 37.014962924589504 0.9050350557406814
1651078423.4452982 -55.20273842116471 37.09597498278287 0.9168406755814719
1651078423.8452775 -56.481290360004785 37.796540699805426 0.9523704636534549
1651078424.2440164 -56.81756964539977 37.91718720227667 0.9648745750790411
1651078424.64401 -57.190406536672874 38.03481318922973 0.9688470654083232
1651078425.0439863 -57.520674320993024 38.16041477781928 0.9844948141023343
1651078425.4451244 -57.87402875250265 38.26405542904971 0.9995776170611513
1651078425.8451438 -58.22916804920426 38.3827323858824 1.010221126593437
1651078426.2451153 -58.58886807668111 38.51498314524863 1.0209251844096847
1651078426.64513 -58.95198648055697 38.62548958884245 1.0268986722873197
1651078427.0463786 -59.30837483948815 38.742953427515154 1.031411607426706
1651078427.844021 -60.08220789931701 38.990511964626464 1.0149489960922067
1651078428.2452998 -60.446901077573536 39.12181669779362 1.0109739606270625
1651078429.044009 -61.15573071448855 39.13939356976828 0.9731530581274734
1651078429.445123 -61.48826599150735 39.17196937584819 0.9666191561426463
1651078429.8451154 -61.8256168188426 39.182527355266174 0.976423250900085
1651078430.2450988 -62.182664166765555 39.19571226827845 0.9784238678634134
1651078430.6451175 -62.54065802773535 39.19513694570302 0.9870692678479587
1651078431.0450187 -62.89475623778764 39.19534230456782 0.9950184066498733
1651078431.0450187 -62.89475623778764 39.19534230456782 0.9950184066498733
1651078431.445173 -63.2035237835888 39.190731012873414 1.0110908841573072
1651078431.8447971 -63.51788906274478 39.16907664357176 1.032033688481098
1651078432.2447731 -63.92496244059129 39.16217160601953 1.045443884746871
1651078432.6447728 -64.36410944617411 39.19484849126467 1.043639532601451
1651078433.0447636 -64.80639680515928 39.179707718084295 1.017394169526378
1651078433.4447973 -65.17675292892604 39.1746602330718 0.9947008153146608
1651078484.645154 -98.55053890497187 60.772508977898475 4.153888740996294
1651078485.045138 -98.58999398443468 60.84382232402285 4.1640396930600225
1651078485.4464116 -98.61460676231177 60.882524134827165 4.171945809089929
1651078485.8451436 -98.67052520941517 61.01007909942281 4.207071025482017
1651078486.245138 -98.7036509252577 61.05312302794158 4.226616033498276
1651078486.645001 -98.74037178064816 61.12301358398956 4.248900134414402
1651078487.0462933 -98.77191534436336 61.18163043364636 4.26666218851745
1651078487.8462842 -98.83927258332126 61.31264937504489 4.294814180091585
1651078488.2461858 -98.85875827334428 61.3382918150624 4.305484859025389
1651078488.6461518 -98.88655785381071 61.37480909821948 4.31988421602523
1651078489.0449233 -98.91291323449731 61.410758227035856 4.329763218292164
1651078489.4462736 -98.93606633681664 61.4463454744926 4.335781314470812
1651078490.2448518 -98.94110009919959 61.46741746786979 4.338360421837672
1651078490.6435494 -98.87868725726803 61.363977569663 4.312346748122888
1651078491.0459268 -98.828623867502 61.168763320095515 4.267131480344771
1651078491.8478162 -98.6999397317736 60.97365221006259 4.176156177120786
1651078506.2473907 -100.61761588035806 62.47598636383779 4.730963116120196
1651078507.0465302 -100.74711959413419 62.65517355915409 4.755505149348509
1651078507.446542 -100.78650213558697 62.7180928923559 4.765436440015486
1651078507.8465426 -100.83270258533207 62.787848179999656 4.781516848352004
1651078508.2465515 -100.87640273068037 62.84308716369492 4.798062086411981
1651078508.6465263 -100.92269306916765 62.89994974934771 4.814092180180428
1651078509.0465426 -100.96164435582199 62.951868091102796 4.837759763607394
1651078509.445286 -100.99988154915417 62.99703764281626 4.8598537511387585
1651078509.445286 -100.99988154915417 62.99703764281626 4.8598537511387585
1651078509.8451343 -101.03572235466484 63.05033501979947 4.876725986109372
1651078510.2450452 -101.07524833001682 63.105714345929 4.893293552923892
1651078510.6450047 -101.1189323434461 63.15788966159428 4.911196981492708
1651078511.045016 -101.15613392177498 63.20700481161928 4.92782475151267
1651078511.444986 -101.19545484162242 63.263686427996255 4.947140534092779
1651078511.8448865 -101.24483991207359 63.33359157457626 4.969580514329088
1651078512.2461607 -101.28642387924768 63.40081108566305 4.990780096039978
1651078512.6473007 -101.31233100960853 63.43969352719982 5.005031461460184
1651078513.045999 -101.38241345520679 63.54929132932663 5.038318672096488
1651078513.4459813 -101.4215590256143 63.60826544827348 5.058809652499256
1651078513.845871 -101.46154537353287 63.6779050645989 5.082238934285206
1651078514.2458615 -101.49909475415431 63.7371054752545 5.10104672163703
1651078514.2458615 -101.49909475415431 63.7371054752545 5.10104672163703
1651078514.6459734 -101.53494659387808 63.79361968454366 5.1176063848967415
1651078519.4469545 -101.95626947487949 64.51334060563356 5.259066543159245
1651078519.8458867 -101.98282316386292 64.56425303172269 5.269430840415445
1651078520.2489562 -102.01274119608891 64.62073756648151 5.281037398917531
1651078522.2452354 -102.66671454144299 65.61206913429201 5.600497553022494
1651078522.6463532 -102.79600297965625 65.86944240494324 5.620409412971549
1651078523.0462804 -102.97385170649164 66.22144786400797 5.658155138173542
1651078523.8462954 -103.25809587878744 66.73284720602923 5.7448859654300275
1651078523.8462954 -103.25809587878744 66.73284720602923 5.7448859654300275
1651078524.2464507 -103.4357353056887 67.07239486567205 5.794551687756371
1651078524.6471379 -103.62867740001694 67.42989290591905 5.841729956167628
1651078525.0459802 -103.79485041461791 67.75599035218153 5.898661861660116
1651078525.4458663 -103.96032859562307 68.05526041079621 5.954918273504699
1651078525.8458633 -104.10552371635872 68.34178020915446 6.006736157958539
1651078526.245734 -104.21951169064636 68.60818015688228 6.055021409679462
1651078526.6457798 -104.3053117944958 68.88880012534896 6.108703391955662
1651078527.4454696 -104.44182841317972 69.51067563396461 6.214389451848864
1651078527.8466597 -104.47531283797008 69.8589018280924 6.253468525777511
1651078528.6466668 -104.46924912607564 70.563158153972 6.318575980061227
1651078528.6466668 -104.46924912607564 70.563158153972 6.318575980061227
1651078529.046514 -104.47651395559082 70.88010721249246 6.359853553953435
1651078529.4465182 -104.45530675974253 71.31162555712461 6.351135552748617
1651078529.8465087 -104.42874038479734 71.65924522571922 6.390938197983237
1651078530.246539 -104.48542227335442 72.08350069797525 6.4033614634191425
1651078530.6465418 -104.5227707983581 72.51690618816376 6.396420744584732
1651078531.4466698 -104.70353807155928 73.2981585866658 6.423754704377516
1651078531.846633 -104.85785293857708 73.665132588462 6.443996624987638
1651078532.24663 -105.01214383267012 74.01570474458876 6.463813160890342
1651078532.6465886 -105.18702859070326 74.32708268575728 6.491499613618076
1651078533.0464823 -105.38270901916003 74.61343411407154 6.521825168055635
1651078533.4463491 -105.60211069517314 74.87281573251163 6.555386260837961
1651078533.4463491 -105.60211069517314 74.87281573251163 6.555386260837961
1651078533.8461354 -105.84208687722366 75.13435185134335 6.594305021955414
1651078534.2460043 -106.08659286293343 75.41668866666589 6.63246032827038
1651078534.6460347 -106.34027186055505 75.69175158773164 6.672899282811778
1651078535.0460546 -106.58015501570294 75.95520705116559 6.715655212849613
1651078535.4472377 -106.8310895094446 76.22916397128223 6.756590130694798
1651078535.8472385 -107.104681114617 76.48945502937384 6.794640989971672
1651078536.2461057 -107.36223168108341 76.69742074596054 6.831355318782083
1651078536.6460385 -107.63300356159318 76.8817900924927 6.868448120795585
1651078537.4503736 -108.24177092729325 77.16865835473779 6.940727165047947
1651078537.847835 -108.56343689340991 77.28961673307136 6.978229041600078
1651078538.2477894 -108.90214819936034 77.41221351075906 7.017016239160416
1651078538.2477894 -108.90214819936034 77.41221351075906 7.017016239160416
1651078538.647826 -109.2450062783898 77.5212746174218 7.053587204386856
1651078539.0478349 -109.58270249179881 77.61036259062733 7.09286913847577
1651078539.446529 -109.93071762635067 77.6860482103731 7.1309149601267015
1651078539.8465667 -110.29980220615268 77.76166453652554 7.164396774431489
1651078540.245283 -110.64993242197171 77.82936343275118 7.202393159404993
1651078540.6465466 -110.97749193278987 77.8908532768204 7.243570508057636
1651078541.0453787 -111.31642016035876 77.93133636380858 7.286204339585035
1651078541.4454257 -111.66484255036197 77.95747318248426 7.3279439661765435
1651078541.846613 -112.03513941170546 77.96216459280977 7.368548307913303
1651078543.0465488 -113.14361298679238 77.8922900780919 7.483891662202584
1651078543.4463897 -113.51347574525663 77.8522238628059 7.521433896650589
1651078543.8462813 -113.90490095196547 77.79077305055145 7.553617168263926
1651078544.2463012 -114.29420307066655 77.76209722531637 7.576511707861486
1651078544.6463032 -114.64538018157556 77.77245990018137 7.604420657339721
1651078545.0462854 -115.0316732772799 77.785313401966 7.628594574301334
1651078545.4462812 -115.44102408741354 77.8132198968587 7.63660420358369
1651078545.8462934 -115.83137935236677 77.81805428144926 7.645291724516503
1651078546.2462935 -116.1977247914922 77.79465817488148 7.653366015180348
1651078546.6462595 -116.52297223359326 77.75805564715495 7.673661394967
1651078547.04628 -116.8942373141904 77.71712828774483 7.697840587749137
1651078547.4462764 -117.29872842691422 77.68124029502785 7.7116700257795205
1651078547.4462764 -117.29872842691422 77.68124029502785 7.7116700257795205
1651078548.2465153 -118.08623037186341 77.64033986384638 7.720594333151492
1651078548.6464963 -118.46596769025464 77.64968870422328 7.718624760259707
1651078549.0464928 -118.82959305391118 77.64852176128095 7.720079227116325
1651078549.4465182 -119.16011034612039 77.66535324409502 7.7319273797221175
1651078550.246569 -119.8468694485709 77.7399889776744 7.749625449097615
1651078550.6465263 -120.20875044499893 77.78205756578986 7.757045266673946
1651078551.4464827 -120.880416700331 77.8808531182413 7.793949048290326
1651078551.8465188 -121.20373211443084 77.91727785851667 7.816989346166948
1651078552.2465212 -121.52252345522788 77.92886029183839 7.851081465131451
1651078552.2465212 -121.52252345522788 77.92886029183839 7.851081465131451
1651078552.6467202 -121.85399743569425 77.94188979737577 7.886800152700842
1651078553.0462928 -122.24594387471282 77.97589407826457 7.91653232494358
1651078553.447531 -122.68675282072417 77.99710318248674 7.929694578998197
1651078554.2439287 -123.47334696044722 78.05536673677942 7.930939224305867
1651078554.6451182 -123.81000779661584 78.09906054664415 7.94528360073369
1651078555.0441215 -124.19644635558693 78.1543508350367 7.9510689115157405
1651078557.0442762 -125.94405381217116 78.4999825698258 7.9805339899278644
1651078557.0442762 -125.94405381217116 78.4999825698258 7.9805339899278644
1651078557.4442918 -126.25975144943173 78.5806867014547 7.998972164468169
1651078557.8443007 -126.57182632988072 78.67235583080907 8.016440205237739
1651078558.2443025 -126.91464683590327 78.77779108452542 8.039031816017006
1651078558.6442637 -127.2939785913398 78.89927535048939 8.051254727232044
1651078559.8452678 -127.35648819161268 78.65454598519952 8.056391837419776
1651078560.2427638 -127.81506046971192 78.78369746735271 8.078332861658907
1651078561.0432808 -128.43463958656142 79.00383124697191 8.118246879148359
1651078562.6453598 -130.50782429122594 80.08133384407837 8.266737245326793
1651078563.0452316 -130.73143001741215 80.22265704892048 8.27296919964051
1651078564.2450194 -131.7429724184728 80.8029078094007 8.374195792369692
1651078564.645006 -132.04899217491396 80.98053655731621 8.40534102620175
1651078565.0450137 -132.35988600814517 81.16239257489171 8.43414780204731
1651078565.4450321 -132.68430635547602 81.34586552583234 8.465357501964109
1651078565.8450084 -133.00339425151174 81.53528264726135 8.490051311883436
1651078566.2448575 -133.3083056708269 81.7240151051735 8.512453416146629
1651078566.6447206 -133.5901927518657 81.90536193531376 8.548162843090056
1651078567.0447223 -133.90225883035612 82.09298823699854 8.582967487037202
1651078567.4447803 -134.1895638633957 82.26616282593508 8.609882656110333
1651078567.8447835 -134.47635867027395 82.44900964652409 8.63635942680319
1651078567.8447835 -134.47635867027395 82.44900964652409 8.63635942680319
1651078568.2449396 -134.73357669127333 82.62090360248908 8.672375806925663
1651078568.6450222 -135.00453334156745 82.81075548464457 8.708724510200549
1651078569.443809 -135.54087594321453 83.2925598768255 8.79077063979934
1651078571.0439248 -136.62727611729517 84.19660625960321 8.969259075820665
1651078571.4439037 -136.8822459701391 84.41538577838291 9.033764668548924
1651078571.8451188 -137.15370165910116 84.65741675014057 9.071634207446074
1651078572.2451212 -137.40004831116198 84.91339247436267 9.10473128485118
1651078572.2451212 -137.40004831116198 84.91339247436267 9.10473128485118
1651078572.6464567 -137.58642254150072 85.06952100297865 9.14090117395678
1651078573.045139 -137.95835758766026 85.42715478164668 9.198637020214692
1651078573.4440362 -138.1477732319734 85.6138003836064 9.232045920813523
1651078573.8452992 -138.41564090023923 85.86446070397841 9.288623015581184
1651078575.0449924 -139.134422582153 86.61812917368471 9.421630170615666
1651078575.444983 -139.38883192150115 86.84415456335482 9.487573734984602
1651078575.8448453 -139.64887044627517 87.1073952623199 9.516321992711962
1651078576.2459698 -139.9105590799559 87.3676923390959 9.549470527553357
1651078576.645849 -140.15072161491818 87.60030594577572 9.61486783620717
1651078577.0457509 -140.3889947201341 87.85540757771462 9.6596542607682
1651078577.8456304 -140.80832774166447 88.3381699444048 9.755427670773257
1651078578.2456532 -140.9288416500311 88.49623491690537 9.792362701707043
1651078578.6456516 -141.25017053740046 88.91631419128471 9.839205661129455
1651078579.0456152 -141.42964539951248 89.16718946248298 9.873312828448512
1651078579.4455707 -141.60904779066576 89.44455301066822 9.91485340698012
1651078579.8455057 -141.79156578681352 89.74567870922846 9.959414914556731
1651078580.2454739 -141.97383404254916 90.06114002838733 10.009448380523407
1651078580.6454127 -142.15509850517097 90.38643745075618 10.06657225788107
1651078581.0453827 -142.33686065663065 90.72533710364387 10.111981305641494
1651078581.4454126 -142.51568657168306 91.05270744883778 10.150771523433876
1651078581.8466513 -142.6955538804119 91.37526542659685 10.19077033381779
1651078582.2465603 -142.87434497344034 91.70026981369533 10.230153383187414
1651078583.4451 -143.35062662879662 92.67188884627537 10.259531140450726
1651078583.8475082 -143.5029832468978 93.00889761808406 10.269555987864031
1651078583.8475082 -143.5029832468978 93.00889761808406 10.269555987864031
1651078584.2473712 -143.65382339579688 93.35366604765461 10.29817700885324
1651078584.6472485 -143.79287148357105 93.71273894436347 10.37224961797342
1651078585.4450378 -144.06173853251224 94.37214827171657 10.511926021739109
1651078585.8450284 -144.19286881153008 94.71023168193773 10.531271885258622
1651078586.2450144 -144.3179488240644 95.02660501173838 10.54987824084517
1651078592.2458441 -145.8685888893147 100.12934808063676 11.033356461490959
1651078592.6457255 -145.96633245611784 100.46451134462906 11.072080740536308
1651078592.6457255 -145.96633245611784 100.46451134462906 11.072080740536308
1651078593.4457357 -146.19712404669303 101.12684651287898 11.155940496727816
1651078593.8457227 -146.3141913808719 101.46618749121248 11.183849888371238
1651078594.245714 -146.40958053396858 101.81435479376898 11.216884450252186
1651078594.644482 -146.4839349179203 102.12999879646533 11.250149488024158
1651078594.644482 -146.4839349179203 102.12999879646533 11.250149488024158
1651078595.0458121 -146.5493459402549 102.45787535369216 11.282732453652878
1651078595.4458938 -146.5950567106574 102.81210978125338 11.308739741061913
1651078595.8446214 -146.6355264906485 103.2032643668903 11.32911813203064
1651078596.2459621 -146.67582909944016 103.55509133346715 11.34817596757707
1651078597.0447443 -146.78646731841332 104.13695321598576 11.424235897725397
1651078597.0447443 -146.78646731841332 104.13695321598576 11.424235897725397
1651078597.4446485 -146.82098966496613 104.44000643421276 11.461247705136724
1651078597.8446338 -146.80152787119542 104.48725376522913 11.474129090531934
1651078598.646032 -146.8246679169123 104.45446049512519 11.477099734037687
1651078599.0447545 -146.8257569663508 104.45003187188196 11.47672846565987
1651078599.445991 -146.82666312046928 104.44895016549687 11.477025393878632
1651078599.844739 -146.82610944434194 104.44824020772484 11.477197758157331
1651078600.244738 -146.82536495119646 104.44727988758204 11.476583767168387
1651078600.645979 -146.8260087718043 104.44862709007259 11.476695346727011
1651078601.0447402 -146.82687972697 104.44897920843111 11.47682175406931
1651078601.4460044 -146.82740826301242 104.44871259904522 11.477205901642531
1651078601.8460715 -146.82717751218223 104.448635286777 11.477085932228748
1651078602.2460396 -146.8273814621969 104.44813430315627 11.476833648504071
1651078602.6460047 -146.82746959846267 104.44789133464114 11.476658760406593
1651078603.0460165 -146.8283199938431 104.4489582509515 11.477779460970666
1651078603.4460263 -146.8301215593251 104.45062539071247 11.477630497884265
1651078603.8460183 -146.85880876920976 104.51160304396538 11.479097577502849
1651078604.246017 -146.88671727144074 104.66108888555587 11.488505743095313
1651078605.0458817 -146.98217731702215 105.07669309144163 11.529838607494286
1651078605.4458535 -147.06153432938564 105.33145269864329 11.554230763509374
1651078605.8457415 -147.1699628038793 105.62353888067535 11.575443003628315
1651078606.2457564 -147.302879554857 105.90530019558729 11.597233259387524
1651078606.2457564 -147.302879554857 105.90530019558729 11.597233259387524
1651078606.6459177 -147.46744821912614 106.19343093965182 11.623054819165484
1651078607.0465753 -147.68956916451197 106.47273290616131 11.649391338928291
1651078607.4465215 -147.94359388942962 106.71771009222017 11.678741784488492
1651078608.246516 -148.37485690800713 107.09218746621879 11.75420136512133
1651078608.246516 -148.37485690800713 107.09218746621879 11.75420136512133
1651078609.0457568 -148.8724260289803 107.43372985879961 11.83768179933902
1651078609.4520502 -149.14694745378267 107.60149609657758 11.875423397778118
1651078609.8457794 -149.47777782132553 107.77905726742229 11.897674734855636
1651078610.2457592 -149.84391477119075 107.87117803766692 11.919439452112513
1651078610.6457763 -150.3212268152211 107.94296998086274 11.94134415378799
1651078611.8459222 -151.2397867816019 108.23263963294113 11.978878157201974
1651078612.2458534 -151.42464878504862 108.3497309161688 11.98737245151588
1651078613.4468606 -152.2122781649874 108.87472136617153 12.04951684281257
1651078613.8469203 -152.55570015803093 109.08478993789244 12.069478716715567
1651078614.246903 -152.88249216211702 109.28191532718449 12.087068239424758
1651078614.6469061 -153.20214484943287 109.4744419260114 12.104657961281381
1651078615.446857 -153.79934162733977 109.84871673563798 12.152054716089188
1651078615.8468928 -154.09571380042885 110.04223722048255 12.174780961022925
1651078616.6468847 -154.58843216415175 110.39036647555227 12.207280569263796
1651078616.6468847 -154.58843216415175 110.39036647555227 12.207280569263796
1651078617.0467546 -154.84178048661948 110.56196724760613 12.23424760736904
1651078617.4467824 -155.1306670021849 110.76958064912718 12.261734199789178
1651078617.8468034 -155.43164041124885 110.98531728211836 12.286617557205894
1651078618.2468002 -155.71382184006126 111.18358745901264 12.316494463968631
1651078618.6467695 -156.01125765312304 111.3902624778689 12.347722106030048
1651078619.0468905 -156.31790762415682 111.59499069153506 12.375137294500158
1651078619.4458005 -156.61113096420854 111.7912723661206 12.399627982150411
1651078619.8458042 -156.85162709612584 111.96950277527398 12.418397278851526
1651078620.2457452 -157.10109392497037 112.15908280681519 12.445296879124292
1651078621.045743 -157.64739437589245 112.56069244991274 12.510753025933633
1651078621.045743 -157.64739437589245 112.56069244991274 12.510753025933633
1651078621.445694 -157.92044066865958 112.77017663916716 12.546891913165599
1651078622.2469103 -158.49129679114984 113.22412163775505 12.614197065484234
1651078623.046918 -159.05966467407202 113.7066572232806 12.671151029309375
1651078623.846905 -159.55716875748658 114.14873263581445 12.738061263233476
1651078624.2468853 -159.84333075155965 114.3935980277986 12.770570418433289
1651078624.646863 -160.11937781371583 114.64853710242963 12.794589695044595
1651078625.0467567 -160.3724645566508 114.8956736751817 12.826610093677019
1651078625.0467567 -160.3724645566508 114.8956736751817 12.826610093677019
1651078626.2466536 -161.19484731784505 115.60907941300026 12.922372059105243
1651078626.6466331 -161.45519852167845 115.83285839424614 12.951704851217125
1651078627.0467598 -161.68658697974843 116.04573794461201 12.989130164224427
1651078627.848009 -162.23883741062178 116.51017804573935 13.054944652760497
1651078628.2467513 -162.51238925901995 116.75326120073696 13.08386332358965
1651078628.646756 -162.7804230021887 116.9924977109117 13.118666111442842
1651078629.046749 -163.0522778387066 117.2356931446961 13.148729983530712
1651078629.4480128 -163.32694717329457 117.48170476248617 13.179887059425186
1651078629.847991 -163.57626065143435 117.70987727422407 13.21007168703842
1651078630.2478957 -163.82754698584378 117.93908969577127 13.244960134723392
1651078630.6478956 -164.09889117714278 118.18354383279974 13.278509166498468
1651078631.0479045 -164.33261427015293 118.45679575640649 13.309107782236914
1651078631.4465966 -164.57312189045803 118.7232928174086 13.34621991866641
1651078631.8465037 -164.83264054200774 118.96784883773881 13.380807155695326
1651078632.6464221 -165.3543648998795 119.44444437441427 13.449929871302976
1651078633.0464127 -165.629467381666 119.67820880560896 13.489718352179459
1651078633.4464095 -165.91293412229953 119.93248576255611 13.526481958109857
1651078633.846497 -166.18317925647014 120.16000812977245 13.56150543090714
1651078634.2464945 -166.4667725663996 120.38183113967469 13.60222370166058
1651078634.6465194 -166.74539863139057 120.60830265365858 13.638639718489006
1651078635.4465275 -167.3017465146471 121.07507928893145 13.712234953054251
1651078635.8465347 -167.57619768599855 121.30922566061352 13.749022486014052
1651078635.8465347 -167.57619768599855 121.30922566061352 13.749022486014052
1651078637.04641 -168.37489500780939 121.99289216389762 13.855226557035017
1651078637.4464033 -168.6303304507866 122.22360947775077 13.888888792006298
1651078637.8464594 -168.88346048757876 122.46650245903874 13.924256175528276
1651078637.8464594 -168.88346048757876 122.46650245903874 13.924256175528276
1651078638.2477655 -169.13262091552113 122.72796767243726 13.956944918771793
1651078638.646545 -169.3609185124845 123.00847949999186 13.989569339757693
1651078639.4465077 -169.8335612514234 123.60076002543384 14.028864511226171
1651078639.8465104 -170.039003418823 123.85281868744634 14.055619541827284
1651078640.2464986 -170.24482578348773 124.09377771858769 14.090835010821129
1651078640.646549 -170.4967659472321 124.38696147071134 14.12573969675477
1651078641.0465586 -170.7639191405634 124.66472175318673 14.15567515131792
1651078641.8465223 -171.30280054265097 125.14145772018114 14.215115103599327
1651078643.0465903 -172.1539331304762 125.83215482904762 14.315168534401636
1651078643.446494 -172.4401271625999 126.07144516096902 14.346015704742067
1651078643.84653 -172.72568874007902 126.31249746161228 14.374606459362463
1651078644.246542 -173.00255136165285 126.54901785094171 14.402923432142538
1651078644.6465642 -173.27970527513548 126.78029199620012 14.433368398962928
1651078645.0465536 -173.55360233540827 127.01143859506045 14.463140277493885
1651078645.8465483 -174.11812652894844 127.47858309058962 14.522137622830748
1651078646.2465749 -174.39028541861364 127.70790731344597 14.550945403276971
1651078646.6465049 -174.66865410061732 127.9366219168886 14.582405544455957
1651078647.0464716 -174.9452504290911 128.171367354849 14.612055981459205
1651078647.4463546 -175.21357405280855 128.39838521432844 14.642179821731517
1651078647.847859 -175.4770682867476 128.6301777796926 14.671514479565515
1651078648.6468687 -175.99130004797289 129.09679083294003 14.73437462276439
1651078649.0469248 -176.24619877887284 129.32929448076885 14.768741981300707
1651078649.446887 -176.50455247653977 129.56848345644536 14.80307224846977
1651078649.84687 -176.76250046229518 129.80848186659455 14.838149985497195
1651078650.2469125 -177.02271468842218 130.05234054733512 14.874402741477091
1651078651.0469227 -177.5059511234999 130.5937957210215 14.95118653576274
1651078651.4468925 -177.78771126774396 130.8302203473056 14.98985740728052
1651078652.2468932 -178.31617569153875 131.28305890167508 15.076499466556927
1651078652.646859 -178.5889302407612 131.5121426138042 15.122909680816848
1651078653.0467467 -178.86274570720485 131.7371102557861 15.170913144163967
1651078653.446776 -179.13858330700214 131.97052665972458 15.215725589454374
1651078653.8468106 -179.40961108967437 132.20132312809352 15.257598290730964
1651078654.2468739 -179.67008520448277 132.4329465860764 15.297157729200178
1651078655.0468009 -180.20345354710483 132.89850883414488 15.381089510447392
1651078655.8467922 -180.81538317976933 133.39396851223887 15.451231649724514
1651078656.6464999 -181.3477761896245 133.8375355445735 15.52383785971612
1651078657.446528 -181.89979672762422 134.31542391621974 15.595419160725882
1651078657.8465297 -182.17416349989108 134.55725624229981 15.628755178466148
1651078659.0465271 -183.00604485361131 135.26767766972057 15.732498666547315
1651078659.4465013 -183.29857156499017 135.49447124843945 15.767493802168852
1651078659.8466547 -183.60897984144432 135.73306420953486 15.796652973635133
1651078660.2466362 -183.8754358826371 135.9512423603842 15.819509607968072
1651078660.6466212 -184.11910656818938 136.17298218812815 15.841239003126873
1651078661.0466454 -184.37870062716874 136.41657041522876 15.865159493040123
1651078661.446643 -184.64402713411218 136.66675141771594 15.887529944983402
1651078661.446643 -184.64402713411218 136.66675141771594 15.887529944983402
1651078662.2465253 -185.1800793717537 137.17472650576883 15.933526074636266
1651078663.0465302 -185.72647914619725 137.69201214546914 15.98012050123372
1651078663.8464384 -186.23411232653737 138.1819101285331 16.031559474077874
1651078664.246402 -186.47075137251025 138.4136204848012 16.062981805084593
1651078664.6464956 -186.72919131324952 138.66171029712586 16.095534954387855
1651078665.8464878 -187.497679601192 139.52977344941738 16.153484511261947
1651078666.6464224 -187.9831195024858 140.0500082116941 16.19149665210297
1651078668.6466346 -189.24411687419658 141.35549609913573 16.295172174347993
1651078669.8466415 -190.00644434698685 142.12393438332364 16.368403875013545
1651078670.2466104 -190.25823693162528 142.38470936357368 16.396540899230768
1651078671.0477908 -190.77636940183623 142.89353690313285 16.43816644345319
1651078671.4478269 -191.03548599290474 143.1467281556737 16.46299606703716
1651078672.2477684 -191.56840246226233 143.65097046071574 16.502678048434213
1651078672.6478007 -191.84838911157146 143.89306329616124 16.52245205283743
1651078673.0478146 -192.12901850816363 144.1175514133856 16.54213055016973
1651078673.4478395 -192.40270439295017 144.3382044535879 16.572089810715894
1651078674.2478628 -192.95783448751124 144.7961878037859 16.631296365380138
1651078674.6478028 -193.2432149370195 145.02233327988532 16.663682534422826
1651078675.8478081 -194.06712839690036 145.66828258923118 16.773837875969768
1651078676.6478484 -194.66071803059566 146.11748308413326 16.834722303406025
1651078677.846559 -195.55044163156558 146.7679011197549 16.910981706327174
1651078679.0465178 -196.31128829032565 147.4032003526404 17.031175381362175
1651078679.4466033 -196.60136633801332 147.6469110354093 17.066945153770323
1651078679.8468192 -196.90324350212973 147.9015234690746 17.095999643266545
1651078680.2467446 -197.20351237203286 148.14488898456358 17.1240419860867
1651078684.6472564 -200.43735647653432 150.54375942791063 17.42402685552562
1651078685.8468103 -201.21670866116804 151.23555277160742 17.493668052626084
1651078686.24685 -201.47295818631068 151.47782102672747 17.517445750072444
1651078687.0461123 -201.91419521030747 151.98238311668254 17.565327364156822
1651078687.4472702 -202.16813982974918 152.30303021182027 17.580867483623386
1651078688.247253 -202.58560492480618 152.84942691078282 17.62208922877699
1651078688.6461542 -202.78454140262716 153.15669807771172 17.6379943714154
1651078819.8457494 -205.95652146932431 155.78800325431286 17.893167555021805
1651078820.6457489 -205.5330978903308 155.1112199833496 17.845098754758492
1651078821.0470219 -205.3123915359618 154.7926446906398 17.818413135658933
1651078821.8454044 -204.90585684670268 154.238954702372 17.780806296912324
1651078822.2466815 -204.5876235228507 153.82772210251935 17.75967063918876
1651078822.6466699 -204.4217732612976 153.61227854322104 17.748624096494975
1651078823.0466506 -204.19493166119338 153.29991824663333 17.724272834143832
1651078823.4455113 -203.98423926124158 152.99768735366825 17.696141584589725
1651078824.2455792 -203.5486626941045 152.39681831983935 17.633359562178438
1651078824.6455352 -203.32524390748813 152.09642561247003 17.610663595257027
1651078826.646647 -202.11534401527788 150.69872261895745 17.49031245891052
1651078827.446647 -201.60673293397704 150.20060498002746 17.453376227322067
1651078828.6466906 -200.89671867215486 149.4065040564577 17.38856255512074
1651078829.44662 -200.4124538937759 148.82870913663555 17.334076366224036
1651078829.8466256 -200.1643246536073 148.55389329405733 17.31226780664083
1651078831.0466428 -199.3919923716599 147.73266978658168 17.243629408259824
1651078831.4466434 -199.1257520792045 147.454349084143 17.21808272249352
1651078832.2454963 -198.6102013820545 146.90676158066398 17.165100643667046
1651078832.6466198 -198.35280564130088 146.63729493856098 17.14001396827472
1651078833.846454 -197.59055525628781 145.77864246645922 17.038650259028362
1651078834.2479231 -197.34313269818892 145.48514734933275 17.000403085941088
1651078835.046645 -196.81668597304804 144.94170895375703 16.929809829810498
1651078835.4466782 -196.57597635628792 144.7103254247573 16.903100804177257
1651078836.2467241 -195.99575141279203 144.23615637789206 16.844510215876785
1651078837.0456371 -195.442742530464 143.75274286781186 16.783420095681944
1651078837.8456657 -194.9290492799916 143.3207961386226 16.747398704414323
1651078839.4456303 -193.70728943608353 142.4583890163089 16.65838518709165
1651078840.245672 -193.171242624626 142.07077467606683 16.61589513667275
1651078842.2457569 -191.82066546607004 140.82710448950783 16.482141805225417
1651078842.6457865 -191.58452466669408 140.60059125183363 16.46246895660676
1651078843.0457587 -191.3260516398464 140.35863052267402 16.440207850272206
1651078843.8459148 -190.76860442460978 139.84758894657543 16.39206197838092
1651078844.6458821 -190.23075821225083 139.3506912384813 16.344761062360362
1651078845.0459366 -189.9509758120011 139.09400302605354 16.31649384148545
1651078845.84587 -189.41594264516652 138.6064522937704 16.272300097397157
1651078846.2458673 -189.15142071402056 138.36441492879274 16.249704652955852
1651078846.6458552 -188.86822862861527 138.11384910955147 16.22797621196819
1651078847.846012 -188.03134933780188 137.37318527500793 16.154368218068893
1651078848.6460624 -187.47310692257437 136.86797716851254 16.101239792908043
1651078849.8458753 -186.6476284192959 136.10985540614004 16.011890056328326
1651078850.2458725 -186.38281141955835 135.86604105264158 15.98896687674966
1651078851.045865 -185.81983192465498 135.36590211038626 15.938558790854845
1651078851.845879 -185.2595365288098 134.88971893370177 15.886937596937244
1651078852.2458792 -184.98146797495954 134.6493632405986 15.857329463440035
1651078852.6460068 -184.69822409935668 134.40398709606995 15.827828054446266
1651078853.0460374 -184.40778178550258 134.15332515984616 15.793620888763572
1651078853.4460185 -184.1178975874802 133.9000879705066 15.754433339432362
1651078853.8460336 -183.83804086845393 133.64817021744383 15.713489339402832
1651078854.2460155 -183.56591194463743 133.39831782510876 15.67797784269153
1651078854.645996 -183.3013773590285 133.15253604883495 15.644140389741855
1651078855.8460083 -182.61047954023357 132.2700916929629 15.537562839530565
1651078856.2459996 -182.3865965108156 131.97841954524637 15.500988906521332
1651078856.6460176 -182.1603739304079 131.6767131589193 15.462180388199744
1651078857.0460038 -181.94454377848123 131.37213062505612 15.422315276528826
1651078857.4460018 -181.70294371593727 131.05350804431978 15.374561898377017
1651078857.8460183 -181.4205593385064 130.77349385682777 15.32619030859581
1651078859.0472558 -180.55285479185224 130.11075873853622 15.208570911183813
1651078859.8461225 -179.94290646816296 129.69199243519597 15.138928631416087
1651078860.24613 -179.6562622031617 129.5057183854189 15.105022121594638
1651078860.6494303 -179.33423056563464 129.30121528619839 15.065273094676757
1651078860.6494303 -179.33423056563464 129.30121528619839 15.065273094676757
1651078861.4481208 -178.68146023848712 128.8908957085752 14.978443211286253
1651078861.8467467 -178.36795428400663 128.69465522352672 14.941324278271601
1651078862.2467234 -178.04764119782658 128.4850355767083 14.896455872340859
1651078862.6466303 -177.73095625456676 128.2759343041981 14.853792939383823
1651078863.046818 -177.43328503848312 128.0789435209405 14.814742619904532
1651078863.4467442 -177.13930940166873 127.87674906461842 14.78513456259692
1651078863.8467884 -176.83984046600423 127.6666938099959 14.749215622878287
1651078864.2468116 -176.54370439895584 127.45059140539308 14.715740911896788
1651078864.6456778 -176.25644183148557 127.24555219165705 14.687911113742954
1651078865.4469223 -175.6848777532802 126.7925322560291 14.62304986481299
1651078865.8469055 -175.3970270768583 126.55447167971288 14.588165029552341
1651078866.2456658 -175.12057059272183 126.31730747023614 14.551846406795637
1651078866.646914 -174.83965786705437 126.07815861041628 14.515967365776113
1651078867.4457672 -174.3094205588461 125.61111047400503 14.458133566993205
1651078868.2457795 -173.7557745312308 125.12972365542352 14.404481447367623
1651078869.0468743 -173.1360127165462 124.65251388516735 14.334030042504134
1651078869.845769 -172.54208365163757 124.21986251647427 14.270194831621152
1651078870.2457485 -172.24811610356264 123.99939568183412 14.238230234811729
1651078870.6457453 -171.97308602536543 123.7830852194652 14.209724266684281
1651078871.846679 -171.0953500497709 123.07920011052525 14.112742943560454
1651078873.4466436 -169.96097331434757 122.14839407141226 13.977364098411627
1651078874.646627 -169.0877392891954 121.44269011766404 13.88596201349685
1651078875.046748 -168.79409036778452 121.20096471701797 13.84652206518684
1651078875.4467373 -168.50776373976714 120.9640386881599 13.809764878080747
1651078876.2466428 -167.9220696385824 120.49255369212254 13.735252952229567
1651078876.6466465 -167.63729027359983 120.25726587217811 13.698380372110575
1651078876.6466465 -167.63729027359983 120.25726587217811 13.698380372110575
1651078877.046513 -167.3429971288433 120.0172478553222 13.656990621076122
1651078877.446419 -167.05031400695054 119.77930908858153 13.616531536837996
1651078878.6464252 -166.21275912500926 119.08523799369985 13.5110376363832
1651078879.0464253 -165.92803428696772 118.85377731418576 13.479463598338922
1651078879.4464486 -165.6236329680178 118.6249893450113 13.445259677753523
1651078879.8463995 -165.31793547043682 118.38937316179742 13.404791891793407
1651078880.2463796 -165.01649722375663 118.15772082057404 13.365081451474675
1651078881.046376 -164.41940961088565 117.71380401780088 13.288650274790935
1651078881.4463627 -164.12795770404702 117.4922749596783 13.254169154942574
1651078882.2463143 -163.55244930711675 117.03809251200263 13.183920089734858
1651078883.4461067 -162.71607503968076 116.35542488882928 13.088030652295092
1651078883.846034 -162.43098520861227 116.12341467693724 13.057219681912178
1651078884.245931 -162.1389986302452 115.88438136539669 13.023360830514472
1651078885.0461183 -161.54988941960593 115.39551193713557 12.938679234634192
1651078885.446111 -161.2906749962209 115.186231680975 12.908668031337657
1651078885.8459995 -161.0277437709589 114.96958970266635 12.886888505065262
1651078886.2460163 -160.75608668723658 114.74507646845584 12.863073261530863
1651078886.2460163 -160.75608668723658 114.74507646845584 12.863073261530863
1651078887.0465958 -160.16991282422225 114.2560130958894 12.792044999922341
1651078887.4465532 -159.88926374219076 114.01817298396449 12.761857385503141
1651078887.8465664 -159.61618676786864 113.78178746171693 12.729811872782012
1651078888.246533 -159.32082190953705 113.52975948465587 12.692905662346353
1651078888.6465368 -159.04347610269534 113.29080246870821 12.657240129567514
1651078889.046541 -158.77051981411964 113.05509526590025 12.626280431309725
1651078889.4465005 -158.4931613900919 112.81378094342506 12.595127634146566
1651078890.2465255 -157.94764917421188 112.31484432533153 12.528877906744222
1651078890.2465255 -157.94764917421188 112.31484432533153 12.528877906744222
1651078890.6467116 -157.67126971933413 112.06852388975959 12.497783071782951
1651078891.045895 -157.40009730150976 111.81416503986875 12.461735758824595
1651078891.4471433 -157.1423066297357 111.56420341306355 12.427196628210217
1651078891.8459063 -156.9068636018139 111.33147807954934 12.392069711488952
1651078892.2459 -156.64592750561877 111.0816150709935 12.358486485075701
1651078892.645889 -156.38769228935516 110.83097686646448 12.329470027674523
1651078893.0460315 -156.13568030033295 110.59260206269794 12.309527797430537
1651078893.4459994 -155.86140807451278 110.34521047904299 12.284562428074516
1651078893.846065 -155.58168401573133 110.09588513746473 12.254236958819146
1651078894.6459866 -155.05775513517102 109.61488842519131 12.205715527566733
1651078895.0457587 -154.7877310304192 109.36051273717784 12.1748149121657
1651078895.4468663 -154.51954312748435 109.08111084890643 12.137561764367874
1651078895.846881 -154.23204398589039 108.82735320391308 12.104296213546354
1651078896.2468593 -153.93747298920135 108.59618152571241 12.073150002383164
1651078896.6468658 -153.62199334307087 108.36018082415694 12.035692848174092
1651078897.0468643 -153.33317896385276 108.14982715215405 12.005917246751425
1651078897.4468846 -153.04423818916047 107.9392871988296 11.982717093328729
1651078897.846897 -152.76255555527402 107.73566667322758 11.96359912347209
1651078898.2468798 -152.4526754312631 107.51890253656958 11.940502763217344
1651078898.6468897 -152.13702022981147 107.29975080283566 11.909938931709409
1651078899.046877 -151.82236233995934 107.08229880792122 11.87684830473896
1651078899.046877 -151.82236233995934 107.08229880792122 11.87684830473896
1651078899.446767 -151.5293839908085 106.8903429178292 11.85055759877185
1651078899.8467553 -151.24423797841337 106.69145024454022 11.827759760755745
1651078900.6467638 -150.61900769247222 106.25835913206305 11.77418156861215
1651078901.046757 -150.29224737157065 106.05132314313062 11.742889102391672
1651078901.4480662 -149.96214733171857 105.84344763680176 11.711500613326725
1651078901.8467577 -149.6443376146942 105.64020817301486 11.674754643439114
1651078902.2467146 -149.32081290335728 105.43508925936845 11.637354710442626
1651078902.6466076 -149.03963867170205 105.2475973624424 11.608702958655831
1651078903.0464842 -148.74107549039792 105.05872364708279 11.59106999866425
1651078903.4464169 -148.42440500814666 104.8656196116943 11.573484749876604
1651078903.4464169 -148.42440500814666 104.8656196116943 11.573484749876604
1651078903.846258 -148.08936808075862 104.65772272198048 11.540877934386884
1651078904.2461548 -147.766193563207 104.44486952757606 11.5086583630077
1651078905.0474994 -147.0748577728356 104.026785449386 11.415650951635481
1651078905.447673 -146.7957998681633 103.82704015237395 11.373989393143322
1651078905.846298 -146.50858115527478 103.64359544254017 11.358830950578138
1651078906.2464159 -146.20529529618798 103.45831280823026 11.338251277761207
1651078906.64763 -145.8754520042355 103.23383526343687 11.295481086386125
1651078907.0476408 -145.56660260548108 103.0466602195962 11.26585039106191
1651078907.8476288 -144.9420709684263 102.68302674503583 11.230861992515855
1651078908.2466738 -144.64423125999843 102.50226824702621 11.214061124611206
1651078908.6466582 -144.32460118110782 102.31467856755066 11.201065052310277
1651078909.046653 -144.0177061897841 102.12312348890022 11.18151503882331
1651078910.2466516 -143.0877225361728 101.50333461952991 11.111823481445144
1651078910.6467316 -142.78052059511145 101.29616736781465 11.087358858255866
1651078911.0467665 -142.46715668280567 101.07917587444695 11.056383238615087
1651078911.4467826 -142.1501948940588 100.84873207262778 11.018226571640932
1651078911.8469892 -141.82756021794455 100.62584339200343 10.978221898257814
1651078912.2464356 -141.51647639159157 100.41350628482063 10.941760341842208
1651078912.6464174 -141.22170609930393 100.20839659030003 10.909538226135744
1651078913.0463932 -140.90876500570124 100.00021029620537 10.880749195028052
1651078913.4463634 -140.59074473010352 99.7823610593786 10.838497822552785
1651078913.8462527 -140.28789782044015 99.57154517228297 10.80399973938516
1651078914.6464236 -139.64410177574072 99.13153651704475 10.716501092696124
1651078915.0464046 -139.32131471821853 98.91110321587746 10.673997563985742
1651078915.4464054 -139.0052155411916 98.70582603183591 10.632421273749735
1651078915.8463695 -138.69826738643712 98.50597701400231 10.593470953079962
1651078917.0463862 -137.79488690207353 97.9073397624555 10.488224337357885
1651078918.246382 -136.88536227242426 97.26339948145842 10.346572078610826
1651078918.246382 -136.88536227242426 97.26339948145842 10.346572078610826
1651078918.646393 -136.60653345234314 97.05323110602866 10.314145015205062
1651078919.0463834 -136.3287114743833 96.83865036138897 10.27682720710942
1651078919.4463897 -136.03632692464214 96.62144080427613 10.245663983047251
1651078919.8464048 -135.72049994934312 96.39229066568254 10.202200703116013
1651078920.246378 -135.4236009866636 96.16707596566961 10.155618424547047
1651078920.6463742 -135.14099229066866 95.96012790677223 10.122983504818896
1651078921.0463765 -134.86638107455877 95.76990721667623 10.10436034577358
1651078921.4464114 -134.5684280201502 95.5506809550395 10.076362563858178
1651078922.2464445 -133.9718325336852 95.13731670438723 10.028611660867735
1651078923.046518 -133.38776191583733 94.73917806390244 9.97243447978693
1651078923.4465122 -133.12223992252876 94.54345835270392 9.949891374133914
1651078923.8464935 -132.82572106791963 94.33708914903764 9.923236421158693
1651078924.2464838 -132.54180110349273 94.13023765050397 9.89486562434194
1651078924.6463795 -132.26025522143615 93.90962843944332 9.868768970014726
1651078924.6463795 -132.26025522143615 93.90962843944332 9.868768970014726
1651078925.0465765 -131.95733033608974 93.68463895790084 9.839372426950767
1651078925.4467618 -131.65988319359238 93.45787691313296 9.807255002187336
1651078925.8467476 -131.3694351147758 93.2293746067907 9.777226232187378
1651078926.2467554 -131.08006256513613 93.00912064808297 9.749802252587639
1651078927.0467465 -130.46895733942117 92.54486567586554 9.681500521662702
1651078927.0467465 -130.46895733942117 92.54486567586554 9.681500521662702
1651078927.446676 -130.16900816169544 92.32186390431107 9.649014879124634
1651078927.8466759 -129.8609017867295 92.09023431461556 9.6104340601137
1651078928.246661 -129.55683169642097 91.85987559318036 9.569151093701008
1651078929.0466576 -128.9503063777401 91.40175652701606 9.487018469703274
1651078929.8466873 -128.36594118592146 90.94860667514584 9.40926435715352
1651078930.2466621 -128.06526416489316 90.71473945734442 9.365720000922616
1651078930.646657 -127.75838612974859 90.47763042723685 9.319773970363977
1651078931.0467112 -127.45130366745015 90.24362426760865 9.272844237690007
1651078931.4466438 -127.14678034112177 90.0197956700245 9.225739392843275
1651078931.4466438 -127.14678034112177 90.0197956700245 9.225739392843275
1651078932.2465093 -126.5256943611749 89.58490108832714 9.133993533318161
1651078932.6465087 -126.20950537386847 89.37746691697842 9.087999183131545
1651078933.8465378 -125.26193170063367 88.76811282823348 8.950673683493088
1651078934.2468593 -124.94593978687051 88.568212721269 8.904157767169922
1651078934.6469073 -124.6325488991191 88.36811269163437 8.85713550724693
1651078935.4469192 -124.01219097643649 87.97866640118879 8.772440963902898
1651078935.4469192 -124.01219097643649 87.97866640118879 8.772440963902898
1651078936.246847 -123.391125377087 87.59632167451946 8.695575995620388
1651078936.6468492 -123.07546676527484 87.40144298485947 8.653757913668638
1651078937.0468976 -122.75742182539766 87.20923747594475 8.6145667203921
1651078937.446851 -122.4530413567224 87.02270985183483 8.579566571139129
1651078937.8469005 -122.14089593248693 86.83336609439041 8.544779644299794
1651078938.2467644 -121.83195500410297 86.6464085686083 8.510451070681263
1651078938.646683 -121.52551216884386 86.46254298115198 8.478627693677458
1651078939.446633 -120.89665725113493 86.08095781327363 8.410425667330221
1651078939.8466787 -120.57960178227133 85.89233322164723 8.37503582036951
1651078939.8466787 -120.57960178227133 85.89233322164723 8.37503582036951
1651078940.24652 -120.27533790802104 85.70519065761351 8.344309172618885
1651078941.0465589 -119.66477859444201 85.32248138349995 8.285350047737671
1651078941.4466667 -119.35340503338443 85.12170479824408 8.255341274315763
1651078941.8466454 -119.05398950488578 84.91282538994268 8.22258144849867
1651078942.6466806 -118.44148693873308 84.4925322030148 8.155786479652797
1651078943.0466518 -118.14031046348143 84.28910995087459 8.126661829204712
1651078943.4466043 -117.8447155298512 84.0808359831205 8.097645715906554
1651078943.8465111 -117.54262454708109 83.87413315546253 8.068772460431797
1651078943.8465111 -117.54262454708109 83.87413315546253 8.068772460431797
1651078944.2467043 -117.23178387024562 83.65912922235604 8.036933445741719
1651078944.647174 -116.91671276543013 83.45013498909287 8.004037796833268
1651078945.0471447 -116.60586225552353 83.24839791545607 7.97146547376921
1651078945.4471538 -116.28446387293384 83.04683830921581 7.938076408651438
1651078945.847146 -115.96785237768486 82.8517889788884 7.905185702424384
1651078946.2471514 -115.64354285548632 82.65147399439029 7.86876604137026
1651078946.6471512 -115.32208678660666 82.46285371569283 7.833151828931224
1651078947.0470726 -114.9962462234334 82.27271641632463 7.796852762384957
1651078947.4470038 -114.67289540657065 82.0887266317729 7.76137853872128
1651078947.8469865 -114.3205439724681 81.92547586473647 7.723839357302223
1651078948.2468617 -113.99859440849023 81.74992196962275 7.686729997531292
1651078948.6468503 -113.67611114254488 81.56598938795024 7.651158595593511
1651078949.0467494 -113.35751081721855 81.37914665871358 7.6160056281398
1651078949.4466164 -113.045146001947 81.17090152286045 7.5786233363742195
1651078949.8466272 -112.73675828831365 80.97605379697633 7.540822040046057
1651078950.24671 -112.41309855415064 80.77938161820377 7.504709841509882
1651078950.646659 -112.09712259819973 80.58825434843996 7.466753880270716
1651078951.0479307 -111.78437727813308 80.399528080091 7.433670607411885
1651078951.4480565 -111.4644993701418 80.20324889205936 7.396844938787947
1651078951.8481162 -111.15206684414386 80.00864345785936 7.358567909891919
1651078952.2467692 -110.83875527264429 79.81477379316475 7.323952999542786
1651078952.646751 -110.5218710100379 79.61603195635327 7.28600656732088
1651078953.049885 -110.20341273023195 79.41826151305726 7.244334180190888
1651078953.049885 -110.20341273023195 79.41826151305726 7.244334180190888
1651078953.8488603 -109.58143236109166 79.03372117780866 7.173104193022946
1651078954.2475986 -109.26419265933905 78.83301318328073 7.135329474261001
1651078954.6474717 -108.94310380323898 78.62907405480648 7.095259063044545
1651078955.0462525 -108.6273292669357 78.42800783274849 7.054830455120262
1651078955.4464104 -108.3042745864209 78.2206433358462 7.01210385122014
1651078955.4464104 -108.3042745864209 78.2206433358462 7.01210385122014
1651078955.8462498 -107.99563141570188 78.03664063205127 6.976726415902149
1651078956.2474058 -107.6946752480241 77.83752561676249 6.944036703226854
1651078956.647426 -107.3846948370712 77.64549013133063 6.9059272284827635
1651078957.047402 -107.1790753940502 77.52635088900793 6.881336277412404
1651078957.4474087 -106.87069422136088 77.31520710776142 6.845692796336882
1651078957.8474088 -106.56524590351476 77.11932402589852 6.807342919831055
1651078958.2473798 -106.24105057438084 76.90826134092966 6.7670277926381575
1651078958.6474352 -105.92872454348954 76.70082549331754 6.723575514983598
1651078959.4473615 -105.28830149970467 76.28950642521042 6.638914528369109
1651078959.8472853 -104.96387072673774 76.07677390707883 6.593359258262738
1651078960.2472622 -104.64507482874478 75.87796191710636 6.552257228210165
1651078960.2472622 -104.64507482874478 75.87796191710636 6.552257228210165
1651078961.0470119 -104.00882141834855 75.47040993820453 6.468550443134035
1651078961.4482577 -103.69375603031008 75.27891720200732 6.429136621914199
1651078961.8470244 -103.376310551095 75.07793485228854 6.388772201873744
1651078962.2469864 -103.06453410690344 74.87298329840665 6.3462223436445395
1651078962.6468592 -102.75494045110179 74.66186393616358 6.303080746141218
1651078963.0469875 -102.45082126685632 74.44798478497208 6.258551968963107
1651078963.4470534 -102.14198943710672 74.23623678918402 6.214237747538333
1651078963.8470125 -101.83788293366618 74.0249831504299 6.170861472711732
1651078964.2470264 -101.54449318463323 73.81615790341768 6.1299507388890095
1651078964.6471517 -101.23246482725527 73.60208472955942 6.086686430847229
1651078965.047158 -100.92204651694883 73.3847598976348 6.041431305421314
1651078965.047158 -100.92204651694883 73.3847598976348 6.041431305421314
1651078965.4470136 -100.62105692326647 73.1700606981326 5.995026980649647
1651078965.8468952 -100.33435189150562 72.96590316305083 5.954485422738806
1651078966.246955 -100.03522270766294 72.74880541761345 5.912774247526614
1651078966.6468837 -99.73004735371384 72.5368863650956 5.870579348727188
1651078967.0468946 -99.42347374434023 72.31965096527887 5.828339943927649
1651078967.4469159 -99.11377789921949 72.1026375644338 5.784755500996756
1651078967.8470337 -98.80685151289696 71.88683335079847 5.738329833502802
1651078968.2469938 -98.51567082125526 71.67376158070198 5.698085931843204
1651078968.6470082 -98.21183028365894 71.46053247375373 5.656637064595999
1651078969.0469918 -97.9166916954578 71.24301611660835 5.617256710349814
1651078969.447143 -97.61796019286636 71.02394602288977 5.576385613296489
1651078969.847182 -97.31960001798376 70.80870091305908 5.535893205028767
1651078970.648426 -96.72093830745202 70.37183844258158 5.454896606904913
1651078971.048535 -96.42522782993214 70.15452999222572 5.414148401798859
1651078971.4472408 -96.12958015218126 69.93863142150475 5.374856651751649
1651078971.8472486 -95.82957869238271 69.7179979451254 5.335019991278027
1651078972.2465088 -95.52626217208483 69.49243207842296 5.290767115513999
1651078972.6464968 -95.22858188630136 69.27990480389276 5.250951492002892
1651078973.046587 -94.94669514696706 69.07228586530752 5.214105538952965
1651078973.84659 -94.37013433996013 68.65080415375128 5.138333550443003
1651078974.2465553 -94.08499787809401 68.44228177186062 5.099305035054453
1651078974.2465553 -94.08499787809401 68.44228177186062 5.099305035054453
1651078974.6463966 -93.81013180699327 68.24077520637259 5.062215985732019
1651078975.0464256 -93.52904448478252 68.03382675620055 5.025591265569327
1651078975.8463948 -92.94820993489292 67.61597327349773 4.943955491318023
1651078976.6464264 -92.37773137225686 67.19579260210479 4.86603860695544
1651078977.0466282 -92.08133106409701 66.97597924155873 4.824943123317064
1651078977.4479194 -91.78600774521212 66.75407327405227 4.780374515257644
1651078977.8466628 -91.48456734091701 66.5311793205386 4.734031699883629
1651078978.2466588 -91.17905938538424 66.30773625992879 4.690122079361515
1651078978.6466262 -90.87548647754588 66.08513929055442 4.646021937607382
1651078979.0469062 -90.55744401461315 65.85673213026526 4.602398663292893
1651078979.4468713 -90.24312436851234 65.62814722527169 4.557045138624333
1651078979.8468704 -89.93040320662746 65.39866444400676 4.511153061294785
1651078980.2468755 -89.62098616004668 65.17532644184331 4.466519568787471
1651078980.6468616 -89.3120044562746 64.94575393447046 4.420994140369412
1651078981.0468655 -89.00056656727173 64.71948609270251 4.374075755082337
1651078981.0468655 -89.00056656727173 64.71948609270251 4.374075755082337
1651078981.4467607 -88.69766236579014 64.49673861011702 4.328569299102301
1651078981.8466227 -88.3974999488293 64.27624162410581 4.2854387202390525
1651078982.246627 -88.09388581886502 64.05594086896394 4.242483896532012
1651078982.646631 -87.79132474532226 63.83162989031204 4.198964250771438
1651078983.046625 -87.48616344646632 63.61164278776661 4.154738536851916
1651078983.846792 -86.88793120513944 63.178242353120105 4.0694709907507765
1651078984.6467774 -86.28485659417343 62.74289872400764 3.985146527518284
1651078985.0467904 -85.97992085768824 62.53266068469421 3.942747118451725
1651078985.446759 -85.67966075302226 62.31817672920451 3.9019441343883163
1651078985.846779 -85.37222703523648 62.102983595222845 3.8553140847872256
1651078986.2466266 -85.07603962585982 61.895724713770626 3.803606039690805
1651078986.6467686 -84.78156362271956 61.683145282389034 3.762247174450331
1651078987.446648 -84.16752534386448 61.25015975372303 3.673607289840328
1651078987.8466735 -83.86773010306418 61.03752505945829 3.63384826958441
1651078987.8466735 -83.86773010306418 61.03752505945829 3.63384826958441
1651078988.24652 -83.56189108658991 60.82553648241429 3.591105013751732
1651078988.646546 -83.26373577470129 60.613938861272494 3.553656321428536
1651078989.0465546 -82.96176600156835 60.400119768843645 3.5139453141437906
1651078989.8465338 -82.34850289698363 59.973496228048404 3.4307669349779575
1651078990.2465358 -82.04386669524605 59.763974624513786 3.3911079215315136
1651078990.6466866 -81.73414986878036 59.5500973682468 3.346895276091
1651078991.0466528 -81.43080948018542 59.34051509013491 3.305138138288779
1651078991.4466357 -81.12930625985969 59.13285367119925 3.2687839636383096
1651078991.8466237 -80.82808335591845 58.919535939733905 3.226760032466669
1651078992.246606 -80.5265978817461 58.709802915824945 3.1879281581409606
1651078992.6465054 -80.2379157586082 58.510409375591465 3.1548720141712314
1651078992.6465054 -80.2379157586082 58.510409375591465 3.1548720141712314
1651078993.0463767 -79.90181938607954 58.27625219102396 3.115724825428684
1651078993.4474978 -79.29500279587138 57.86418066787075 3.0375721650564595
1651078994.2475085 -78.504115345425 57.37185266928184 2.9330220430565044
1651078994.6476636 -78.24510589506758 57.20656731146385 2.9044789356434006
1651078995.0464237 -77.9293146870257 57.00223084717362 2.866408576613771
1651078995.4463928 -77.61333236409145 56.79357747262112 2.831740629313474
1651078995.8463848 -77.28913232140614 56.585882805573505 2.7913350500596072
1651078997.0463743 -76.32385051476435 55.96686382003838 2.6735856840503254
1651078997.4476674 -76.01575831924733 55.768374190728686 2.6448043056927526
1651078997.4476674 -76.01575831924733 55.768374190728686 2.6448043056927526
1651078997.8475277 -75.70764782027437 55.55337728876154 2.6095094787518174
1651078998.2475328 -75.40924659292016 55.337951211748695 2.573917502116095
1651078998.6475866 -75.0978895933543 55.1205943648493 2.5366988747119508
1651078999.0477712 -74.78729434125626 54.90720980360615 2.4971644793538137
1651078999.4502947 -74.48477977595397 54.69343685278416 2.4646925935956445
1651078999.8490376 -74.18097584097909 54.483636867945854 2.4303995589466214
1651079000.2479267 -73.8776535073614 54.27339447906385 2.397102949668245
1651079000.646673 -73.57233362043301 54.06012401910945 2.3655193750016186
1651079001.0466425 -73.26221655408234 53.84645667886638 2.3278123551796983
1651079001.4466686 -72.95591008445986 53.637229744998244 2.2941086114514473
1651079001.8466382 -72.65361531992568 53.43101628329216 2.266223718909934
1651079002.246664 -72.33788630683152 53.21870574868515 2.226036411246264
1651079003.4466224 -71.47755388547007 52.60042267070621 2.1571779285045163
1651079004.2466507 -70.83141146788431 52.12985345140948 2.0491348553761455
1651079004.2466507 -70.83141146788431 52.12985345140948 2.0491348553761455
1651079004.6466699 -70.56217638768673 51.93205799514304 2.036720710595
1651079005.0466495 -70.29113725835535 51.73969355504994 2.023176043350808
1651079005.4465427 -69.98484289624128 51.5138017034098 1.9998512812831635
1651079005.8465586 -69.66941963478295 51.27338757247696 1.9538100676657715
1651079006.2478178 -69.3672400754641 51.04895180516322 1.906929254870253
1651079006.6466706 -69.0682308011037 50.829711804049346 1.8697524327579138
1651079007.0467443 -68.77295960237431 50.61954957113462 1.8400422689722309
1651079007.446735 -68.48483792938522 50.40929539090296 1.8123036287862573
1651079008.646749 -67.58744172338068 49.74473830678928 1.710850695517972
1651079009.0467901 -67.29270314238785 49.52565308169071 1.6775462529035365
1651079009.0467901 -67.29270314238785 49.52565308169071 1.6775462529035365
1651079009.8466866 -66.72058745618664 49.108287917059876 1.6250486531473527
1651079010.2466862 -66.44760921620824 48.91191254244999 1.6009771538689355
1651079010.6479657 -66.16874159883156 48.70750099153152 1.575932553692766
1651079011.046822 -65.86834632523373 48.49155222994305 1.546023851733383
1651079011.4468043 -65.56345424971977 48.27314946386086 1.5149674137422293
1651079011.8468645 -65.26871805302589 48.05475098309573 1.4840922213006427
1651079012.2468731 -64.98073767950596 47.840042024283726 1.4607570649591122
1651079012.646877 -64.7045761562269 47.63000971881957 1.4445524091897406
1651079013.0468917 -64.40767188187422 47.40556400365147 1.4167603673869187
1651079013.446849 -64.12649345529513 47.188566132777126 1.3979038787280484
1651079013.8467517 -63.835027331505316 46.96384798083797 1.375421418275686
1651079013.8467517 -63.835027331505316 46.96384798083797 1.375421418275686
1651079014.2466276 -63.54025968522002 46.73929281113801 1.3510986024369214
1651079015.0477798 -62.94881619096873 46.298280732266335 1.3082005316355818
1651079015.8478 -62.370057014197826 45.872341419221854 1.2775864635080532
1651079016.2477531 -62.073677429906375 45.65413583632063 1.2551439183457136
1651079016.6477578 -61.76952592168621 45.42991576826925 1.2308113929693487
1651079017.0477457 -61.47767415765917 45.21625726689694 1.2154032215462223
1651079017.4478068 -61.20042313825124 45.00876136447579 1.2067698103119966
1651079017.8466651 -60.89919073473717 44.78694529993161 1.1867182527776547
1651079018.246617 -60.595149120497055 44.556126388183245 1.1610545540237949
1651079018.6468022 -60.30323863368047 44.33612784515217 1.1441198773660668
1651079019.446804 -59.73681646590911 43.900188395558104 1.1211000772338704
1651079020.2467372 -59.12962761917804 43.44536023008969 1.0810198460635918
1651079020.6466243 -58.84494652043944 43.227142504401954 1.0641184805580928
1651079020.6466243 -58.84494652043944 43.227142504401954 1.0641184805580928
1651079021.0479374 -58.563066033655666 43.01826336139769 1.0536363397708235
1651079021.4467475 -58.271717761438325 42.796754476043745 1.0407305600813297
1651079021.8467643 -57.97615206992267 42.56202081029094 1.0224828495772167
1651079022.2467914 -57.68435919690886 42.338269713602216 1.0061040309278957
1651079022.64675 -57.39610953373376 42.117595268035835 0.9926734574144342
1651079023.0467527 -57.100095287799704 41.89198362042619 0.9762254767757839
1651079023.4467645 -56.80324397725285 41.669978432840146 0.961938388882589
1651079023.846747 -56.50297863749815 41.4482122238014 0.9461618575711566
1651079024.2467747 -56.20249990164667 41.22962681186068 0.9303227472263822
1651079024.6467664 -55.909989433802465 41.017497084098125 0.9171901069928876
1651079025.0467503 -55.613731905326496 40.80401307797568 0.9056474927335858
1651079025.4467587 -55.31117937243998 40.587191021355885 0.8924635350063281
1651079025.846743 -55.01258833598513 40.366174043027954 0.8782536015297685
1651079026.246754 -54.70837442971234 40.14635764590088 0.8625859052505581
1651079026.646766 -54.406964020370765 39.93242701639015 0.8466014870069447
1651079027.0467556 -54.10953677339762 39.71711372467698 0.8326341331150834
1651079027.4467604 -53.812460549019214 39.508464622765544 0.8188473194006781
1651079027.8467667 -53.536946444025084 39.31187531401785 0.8035802555373603
1651079028.247957 -53.285803703455954 39.13284805712223 0.7892657789331805
1651079029.0467935 -52.6947805048174 38.711640644621525 0.758067671624201
1651079029.4480627 -52.38562170734102 38.49871624262623 0.7395827201667335
1651079029.8467715 -52.08624056693125 38.2849394672807 0.7221798807504217
1651079029.8467715 -52.08624056693125 38.2849394672807 0.7221798807504217
1651079030.246964 -51.78476773540621 38.07353878963823 0.7061125912280125
1651079030.6471918 -51.480374213456635 37.860204855706876 0.6904867477568237
1651079031.0471385 -51.17688946623334 37.64552097836414 0.6724702976218484
1651079031.447168 -50.87505113441248 37.436638413043454 0.6565796486028554
1651079031.8471475 -50.57778337270238 37.227377247091525 0.643582929022627
1651079032.247137 -50.279593567469504 37.01587696397529 0.6283669210856672
1651079032.6471138 -49.978438280682006 36.805562397182165 0.6153642890353708
1651079033.0469882 -49.66918151996722 36.594489158460426 0.6002509805139952
1651079033.4469702 -49.36096183186741 36.38238655592615 0.5831298784124457
1651079033.8469954 -49.05830197060321 36.17236530383969 0.5686671918495905
1651079034.2470312 -48.74877116041081 35.96452616022298 0.5531005697163222
1651079034.6470199 -48.43805959846295 35.753862574875534 0.5353259907026289
1651079034.6470199 -48.43805959846295 35.753862574875534 0.5353259907026289
1651079035.0472224 -48.136415367386235 35.548042090455105 0.5201027812928056
1651079035.4475923 -47.838203581917526 35.337147355824065 0.5059136632567407
1651079035.847537 -47.538384418799666 35.12273743745856 0.4903448407346094
1651079036.2475507 -47.24369023089342 34.91989932596725 0.4794372218670284
1651079036.6475022 -46.94087266842882 34.70784955990293 0.46659562624849893
1651079037.047501 -46.63177918543657 34.48857348015418 0.448530197413637
1651079037.4474993 -46.3213529035695 34.27433212015243 0.4267107202347649
1651079037.848801 -46.02233308268255 34.06918855838078 0.4105838365707672
1651079038.2475097 -45.71910252290247 33.858032405185554 0.39386335870003375
1651079038.647529 -45.418034407786074 33.65187463452741 0.3818227640371249
1651079039.0475156 -45.115077981793405 33.44305919611044 0.37049306093274875
1651079039.4475331 -44.81096653887561 33.236733527942796 0.3545179462024893
1651079039.4475331 -44.81096653887561 33.236733527942796 0.3545179462024893
1651079039.847768 -44.52302600713963 33.02639488844886 0.347760556785186
1651079040.2477856 -44.22642979591417 32.818826734016035 0.3377376653302904
1651079040.6479242 -43.922232838098715 32.60743672357571 0.3240042460781213
1651079041.048091 -43.62969818211139 32.39428461333543 0.3142373692984323
1651079041.8480718 -43.027213308799965 31.97238680809765 0.294415617931011
1651079041.8480718 -43.027213308799965 31.97238680809765 0.294415617931011
1651079042.2466514 -42.73639609415414 31.759423597687615 0.2872649873332503
1651079042.6479657 -42.43969303204608 31.545517674106744 0.279277076716889
1651079043.8480444 -41.52821731618594 30.89910661498373 0.24847901967338254
1651079043.8480444 -41.52821731618594 30.89910661498373 0.24847901967338254
1651079044.2482939 -41.23265364876076 30.691211467802784 0.24270078491521535
1651079044.6505773 -40.93235714051819 30.482636628708388 0.23900331597408975
1651079045.0504894 -40.627664848231724 30.283673862333725 0.23488294584110325
1651079045.4504952 -40.3235202360745 30.071153026499083 0.2279535639606015
1651079046.250492 -39.734708560795006 29.660940967288333 0.22345771001018538
1651079046.6480398 -39.433259064404695 29.447274096092425 0.2159836445014553
1651079047.0480304 -39.12788363600871 29.228301336879973 0.20808824707275886
1651079047.448051 -38.82670564976552 29.024751207199987 0.20334297496527964
1651079047.8480597 -38.51304352024265 28.814140043790157 0.19360179197126826
1651079049.04806 -37.59335193839505 28.19548734685111 0.1728133203374918
1651079049.4480982 -37.28659661800555 27.984314191206455 0.1625442722505374
1651079049.8481598 -36.984155880780335 27.78683737313996 0.15752549416122918
1651079050.246885 -36.682313722375255 27.58134390000819 0.1516855596250311
1651079050.6481707 -36.37042975904055 27.37566597240037 0.14188025767608245
1651079051.0468724 -36.06221609609622 27.168910884937855 0.13320259444844465
1651079051.4468598 -35.7596976901738 26.960635093465058 0.12370165648347044
1651079051.8480334 -35.452150855704836 26.75432617959743 0.11496672723970543
1651079052.2480354 -35.14975639846512 26.55167326159067 0.10796974047791227
1651079052.6480458 -34.836135357164885 26.347144840010277 0.09889000490389392
1651079053.0480332 -34.52339883534151 26.143294275089154 0.08910109781955794
1651079053.0480332 -34.52339883534151 26.143294275089154 0.08910109781955794
1651079053.4479463 -34.214954848006315 25.93408734785307 0.07788585585551874
1651079053.847956 -33.905459401652664 25.728572643005183 0.06292895744973802
1651079054.648096 -33.317513576358834 25.30361338137977 0.042724013913826756
1651079055.0480616 -33.033089991140976 25.09174272301216 0.040235300812120504
1651079055.4480245 -32.74051375293105 24.864756938445378 0.031186389726793447
1651079055.846906 -32.44941399624703 24.6354775021323 0.019833356977277873
1651079056.2468932 -32.159423217455476 24.411610083693592 0.010605849385398144
1651079056.6468816 -31.86182278759128 24.18162115371858 -0.002823929143718
1651079057.4480197 -31.289910249371385 23.737939530156478 -0.017480302702845636
1651079057.8480432 -31.000075755594366 23.507492976033994 -0.02858851506258067
1651079057.8480432 -31.000075755594366 23.507492976033994 -0.02858851506258067
1651079058.2479188 -30.708253770285495 23.27693413954484 -0.036186524486153886
1651079058.6479332 -30.417798430508245 23.049371450254043 -0.04216796337451127
1651079059.0480402 -30.129480498348265 22.818016250777674 -0.051194649757907384
1651079059.448105 -29.85516512060439 22.59250030309072 -0.05043866627686259
1651079059.848104 -29.56445293618958 22.363309063563495 -0.05625039257132503
1651079060.648071 -28.993815963400095 21.897504622997236 -0.06743140747282683
1651079061.0481286 -28.713818740239198 21.67168778546158 -0.07046053902111057
1651079061.448197 -28.43322047883737 21.44077100786326 -0.0717956022469835
1651079061.846874 -28.144033339238387 21.206971062682616 -0.07683117241062964
1651079062.2468505 -27.862636176150914 20.97677951299233 -0.08220397508348189
1651079062.648011 -27.57635569782409 20.741094439483547 -0.08658554893379017
1651079063.0479794 -27.299526084947907 20.502877649535993 -0.09312611658717423
1651079063.4480202 -27.024438430555858 20.267341920217824 -0.09586328097152011
1651079063.8480532 -26.754231443328926 20.036570438599885 -0.09549114659690965
1651079064.248092 -26.485205566435788 19.804675288182818 -0.09214209193658454
1651079064.6480515 -26.213805176754505 19.570294367913988 -0.0892822702092778
1651079065.0480597 -25.91712044101373 19.33475791827079 -0.09014952287099635
1651079065.846876 -25.32695789243312 18.899973531844143 -0.090517291287322
1651079066.246853 -25.02804716755655 18.681256339243557 -0.08934735533019146
1651079066.6480072 -24.720785262370693 18.45716829747039 -0.0931236175771211
1651079067.0480175 -24.414726573151558 18.244511720981226 -0.09470683042140271
1651079067.4480824 -24.107095637995716 18.036867554645536 -0.09654414261154466
1651079067.8480816 -23.796461490596172 17.833534810691283 -0.09747801954466594
1651079068.2480595 -23.487512972236015 17.640225506993776 -0.09683867292733989
1651079068.6480188 -23.16240856051409 17.444374818582418 -0.09988184121596193
1651079069.0480893 -22.84994427683325 17.26633764286891 -0.10384716143975738
1651079069.4480262 -22.52946062560547 17.087687481269402 -0.10629186936697561
1651079069.8485172 -22.202683163004107 16.90769721375266 -0.10758154433982056
1651079070.248825 -21.87567222099776 16.724638499629155 -0.11171694028489734
1651079070.647535 -21.545042551746217 16.54540733601362 -0.11477385293927604
1651079071.0475578 -21.21598428166657 16.3712461765553 -0.11757616297378681
1651079071.447572 -20.884934559742227 16.191490569387653 -0.1230304705969768
1651079071.8488297 -20.559169368173492 16.02028732390066 -0.12918074430483453
1651079072.247718 -20.23697557241808 15.847389313626843 -0.1330027579921348
1651079072.6483889 -19.91357307710733 15.674216442372781 -0.13800531870723748
1651079073.8484216 -18.922268130573748 15.160012619389587 -0.15749071813133117
1651079074.2485454 -18.59175507144667 14.992832253298346 -0.16350095481267374
1651079074.2485454 -18.59175507144667 14.992832253298346 -0.16350095481267374
1651079074.6473122 -18.28057471023574 14.825205611669636 -0.16469679301689757
1651079075.0486958 -17.957995113095087 14.648483517513773 -0.1655239219328144
1651079075.8474495 -17.295540150146927 14.298008577431913 -0.18388082078498233
1651079076.6487474 -16.641955423902207 13.969817921599986 -0.18729861953163904
1651079077.4477885 -16.00954066632642 13.623622252898347 -0.193616459295279
1651079077.8477917 -15.68743482933829 13.451278731715412 -0.20184485943903419
1651079078.2479134 -15.375740874227535 13.267644057866463 -0.20735183560125428
1651079078.647937 -15.070871455634302 13.090074135577257 -0.20922472502123282
1651079079.048031 -14.754434434030086 12.898579042969471 -0.20776662926435818
1651079079.048031 -14.754434434030086 12.898579042969471 -0.20776662926435818
1651079079.448081 -14.437666765467238 12.70727940406501 -0.21710886265379675
1651079079.8480775 -14.130280137291425 12.52561992296098 -0.2129310738626146
1651079080.2480967 -13.841112183415547 12.333434224288453 -0.2076223918369386
1651079080.6481137 -13.537463958942006 12.149685379744911 -0.2040050605134652
1651079081.0482016 -13.218820683235377 11.936794051109864 -0.2142919855862686
1651079081.4481952 -12.923333525353781 11.759467134423575 -0.20834998537281768
1651079081.8470054 -12.618963406289055 11.545929424701539 -0.2053522577884506
1651079082.6485457 -11.996281626884686 11.12160496079542 -0.23224485164621023
1651079083.0472143 -11.749345767951873 10.953553875713455 -0.21026896123933608
1651079083.4484196 -11.482141963077215 10.766623005652052 -0.18216178814053618
1651079083.8485334 -11.162393648160528 10.553551674466705 -0.19150910737244395
1651079083.8485334 -11.162393648160528 10.553551674466705 -0.19150910737244395
1651079084.247301 -10.81665552786696 10.352498947577967 -0.20099552173678376
1651079084.6481256 -10.514105192287369 10.136908818778577 -0.1972359717252771
1651079085.0481734 -10.208993779285906 9.93934519760733 -0.20370988561312145
1651079085.4482145 -9.904363811770516 9.721769343474564 -0.20718395357832417
1651079085.8482616 -9.592589339249919 9.499361831429262 -0.21670935369245478
1651079086.2470298 -9.293034678385316 9.304718824546875 -0.21806387109349462
1651079086.6470213 -8.976707406389979 9.08295407105722 -0.22189002457941265
1651079087.048159 -8.677839060282976 8.86776944892837 -0.23319540999565158
1651079087.4481373 -8.339562542811356 8.655495639640101 -0.2455890407149534
1651079087.8481667 -8.024840928577595 8.451062690556 -0.2592827461184355
1651079088.6481628 -7.388673016935393 8.073621547309788 -0.2666428363597022
1651079088.6481628 -7.388673016935393 8.073621547309788 -0.2666428363597022
1651079089.048314 -7.069934766339766 7.898796838543446 -0.2651985739878578
1651079089.4482388 -6.74850485289378 7.722540446757968 -0.2631185672429654
1651079089.849541 -6.420250078463735 7.531668340489457 -0.27217539704020255
1651079090.2495492 -6.098001850303068 7.333909616897459 -0.28616252528247715
1651079090.6482644 -5.785923001671762 7.149110725398341 -0.28726888158196917
1651079091.051148 -5.474518829838542 6.955181670218772 -0.29214175103372525
1651079091.8498106 -4.837430383545463 6.574256374191462 -0.30580596537221044
1651079092.252866 -4.536106409352555 6.3969399284078055 -0.30427132151487285
1651079092.6477752 -4.222835699022163 6.210546527757349 -0.30075450858094505
1651079093.0477867 -3.9142616543094997 6.015860040302669 -0.30593649656402255
1651079093.4477205 -3.593332963109224 5.8320290987864585 -0.3088236778785682
1651079093.847655 -3.2804916654604344 5.644314415466497 -0.30956680646016715
1651079093.847655 -3.2804916654604344 5.644314415466497 -0.30956680646016715
1651079094.247652 -2.975532234252964 5.455821601775789 -0.3079110426437901
1651079094.6476085 -2.658890766360471 5.264800320921797 -0.3097917141094746
1651079095.0474894 -2.351224832692964 5.0793327917070705 -0.3057642982376162
1651079095.4475517 -2.039344271638329 4.898443079621574 -0.3016919097593123
1651079095.8475134 -1.7251577007597603 4.719233516657041 -0.30012849169089784
1651079096.247496 -1.3982665408482513 4.547365322643706 -0.296276306847461
1651079096.6480808 -1.0701897443852937 4.375206808982929 -0.29614462113659207
1651079097.0480645 -0.7388720546822302 4.219014785886542 -0.2978498286742325
1651079097.8492494 -0.09447260314457082 3.9390598153523855 -0.28836830573808964
1651079098.2492335 0.29216540990511114 3.792781935439818 -0.285626736445518
1651079098.649119 0.4795425914239401 3.7155530380719095 -0.2910605803373065
1651079098.649119 0.4795425914239401 3.7155530380719095 -0.2910605803373065
1651079099.0491867 0.47263840609495894 3.7198595398052885 -0.29368572996664466
1651079099.4491298 0.47394904529916 3.718945857073016 -0.2931598193511099
1651079099.849121 0.4740698567106161 3.7191712865062745 -0.2930560214259708
1651079100.2491572 0.47413154027042137 3.7192788542767787 -0.2931304743405676
1651079100.6491423 0.4740914498085 3.7191185202976302 -0.29292181643034904
1651079101.0491338 0.47406219265962324 3.719018942231572 -0.2928219869673935
1651079101.4479165 0.47397476176470543 3.71867766032596 -0.2928031192777323
1651079101.847924 0.47385857751058535 3.718822437062748 -0.2928218488763102
1651079102.2478907 0.47380320761485417 3.7187545389422056 -0.2927469747543225
1651079102.6479304 0.47383722459285604 3.719056941799054 -0.29270443123419315
1651079103.8491821 0.4738476207984181 3.7195094890951927 -0.29259168445859585
1651079104.2487714 0.47386439744856135 3.719729736037246 -0.29259268115878234
1651079104.6474888 0.473851058369183 3.719764858783894 -0.2926812427757209
1651079105.0475588 0.473835170494615 3.7195492491953117 -0.2930025742022785
1651079105.4488773 0.4738258880305733 3.719540236348316 -0.29313091876328956
1651079105.8476899 0.4737163753284008 3.71867496822432 -0.29299695152095573
1651079106.2476614 0.4739380168043532 3.720423712294207 -0.29303147595614704
1651079106.6479156 0.47390937390520343 3.7203247360537497 -0.29292306471222107
1651079107.0479136 0.473858064574487 3.7199266046170685 -0.29279802034416935
1651079107.4479556 0.47393086634656195 3.7205475408906437 -0.2927568426379264
1651079107.8480375 0.4739092958354632 3.7204066432432583 -0.29265555525591264
1651079108.2480302 0.47383032648726914 3.7198710720047936 -0.29252280724374435
1651079108.6480572 0.4738055136490404 3.719693988908787 -0.292500469802716
1651079108.6480572 0.4738055136490404 3.719693988908787 -0.292500469802716
1651079109.047914 0.47379254264970644 3.7196154647038147 -0.29249140107408794
1651079109.4479158 0.4738546654033227 3.720150260452305 -0.29253346793308227
1651079109.847931 0.47381482192815716 3.7199041204556798 -0.29251350131421355
1651079110.2480426 0.4738290347080005 3.7200329541808794 -0.29252372935354015
1651079110.6480436 0.4738356335546346 3.7201225256134234 -0.29253123824736915
1651079111.0480654 0.47377659405816824 3.719707949860696 -0.2924983829438945
1651079111.448043 0.47379373473645975 3.719856510442195 -0.2925101755370016
1651079111.8479657 0.47377701947765594 3.7197481184620313 -0.292501219248338
1651079112.2480507 0.4737516697226634 3.7196106254881403 -0.2924905602525741
1651079112.648104 0.47376361943557327 3.7198000189051528 -0.29250583325247204
1651079113.048032 0.4737540254563658 3.719761055198601 -0.2925025285078438
1651079113.448042 0.4737613495349558 3.719820426344121 -0.29250716357087675
1651079113.448042 0.4737613495349558 3.719820426344121 -0.29250716357087675
1651079113.8480847 0.47378527431962125 3.720008275992012 -0.2925226708366425
1651079114.247505 0.47375641943979735 3.719779851970463 -0.29251668234616546
1651079114.6474934 0.4737526747022539 3.719756510293483 -0.29256201991628267
1651079115.047493 0.4737333029977223 3.719603943587294 -0.29260432708676165
1651079115.4475002 0.4737832344863941 3.720006247227044 -0.29267904316765503
1651079115.8475437 0.4736994084024678 3.719340610925112 -0.29266407378955744
1651079116.247531 0.47370547592645695 3.71938731890267 -0.29270288273694783
1651079116.6477995 0.473783084485096 3.719998075778433 -0.2927822816029833
1651079117.0477796 0.4737835981598522 3.7199951153292585 -0.2928187634236994
1651079117.447757 0.47378061199511323 3.7199730676544065 -0.292846534832347
1651079117.8477502 0.47377782673639557 3.7199511986982823 -0.2928717293754193
1651079118.247733 0.47373235058281293 3.7195824797611654 -0.2928763592790896
