1.0 0.0 0.0 0.0 0.0 1.0 0.0 0.0 0.0 0.0 1.0 0.0
-0.8280225710699528 0.5606947670388813 -3.730838745282241e-06 2.584861761133413 -0.5606947668472466 -0.8280225709298026 -2.1468833514233073e-05 -2.4108843519165832 -1.5126681295455096e-05 -1.568481696389764e-05 0.9999999997625851 0.34261950585905776
0.7949903098122322 0.606622128576127 2.0649940256724224e-05 4.965138023521913 -0.6066221284009591 0.7949903100798984 -1.4606760306132474e-05 -4.061571215129352 -2.527728643633365e-05 -9.144778087607634e-07 0.9999999996801111 0.16943590722897214
1.0 0.0 0.0 0.0 0.0 1.0 0.0 0.0 0.0 0.0 1.0 0.0
-0.8280417683496922 0.56066641572578 -1.2063259213113842e-05 2.5851566393315486 -0.5606664153496783 -0.8280417664969041 6.029617623448209e-05 -2.41124705187701 2.3817158542818928e-05 5.669121669437691e-05 0.9999999981094244 0.3426365814409126
0.7949765757105199 0.6066401272735129 7.290561432905086e-06 4.9654992950647046 -0.6066401262022685 0.7949765734632157 7.018533066091181e-05 -4.0623437317827324 3.678141237831318e-05 -6.021844094166049e-05 0.9999999975104337 0.16894538032027823
1.0 0.0 0.0 0.0 0.0 1.0 0.0 0.0 0.0 0.0 1.0 0.0
-0.8280492761218335 0.5606553252309001 -5.103276651254822e-05 2.585213618630259 -0.5606553263292197 -0.8280492768986876 9.286488300228725e-06 -2.4108386020033055 -3.705112629062305e-05 3.63014622772932e-05 0.9999999986547089 0.3415217147464381
0.7949670370946693 0.6066526269058236 -1.4184058739122726e-05 4.965217553484019 -0.6066526228844604 0.7949670341374799 9.890432260789882e-05 -4.061904203126281 7.127642623028634e-05 -7.002087986222305e-05 0.9999999950083737 0.1691940498570465
1.0 0.0 0.0 0.0 0.0 1.0 0.0 0.0 0.0 0.0 1.0 0.0
-0.8280377160579381 0.5606724005919528 9.76301222678285e-08 2.585956985208231 -0.56067240018407 -0.8280377154621678 3.800037314398672e-05 -2.4108130304265574 2.138660185742902e-05 3.141100367251547e-05 0.999999999277981 0.3418998816685193
0.7949806848483596 0.606634741989528 -2.3007200929112106e-05 4.965589475056568 -0.6066347409015939 0.7949806849676748 4.073798908113347e-05 -4.061819398147442 4.300335984922323e-05 -1.8428947084557298e-05 0.9999999989055426 0.16933714885036913
1.0 0.0 0.0 0.0 0.0 1.0 0.0 0.0 0.0 0.0 1.0 0.0
-0.8280475095244993 0.5606579344335902 -5.026861533441574e-05 2.5852388215654534 -0.5606579357075296 -0.8280475100495714 1.5128655077129338e-05 -2.410617276751676 -3.3142801255007536e-05 4.0710743263335686e-05 0.9999999986220951 0.34156804783125205
0.7949698302875473 0.6066489666236388 -1.5068504939263194e-05 4.9652929630990466 -0.606648963038061 0.7949698278686006 9.177915426814857e-05 -4.06189878810613 6.765673587216618e-05 -6.382036579654481e-05 0.9999999956747634 0.16912640240327378
1.0 0.0 0.0 0.0 0.0 1.0 0.0 0.0 0.0 0.0 1.0 0.0
-0.8280350567513268 0.5606763221992923 -8.07211357150963e-05 2.5849905336821335 -0.5606763211987852 -0.828035060551786 -3.666056270386392e-05 -2.4108847003686544 -8.739463996621997e-05 1.4902198296698039e-05 0.9999999960700507 0.3419157113614886
0.7949859820241224 0.6066278003138409 -1.647823231894848e-05 4.965261147835972 -0.6066278000828521 0.7949859821866587 1.7127527716428424e-05 -4.0622154514012045 2.3489998168211407e-05 -3.619990620391594e-06 0.9999999997175579 0.16940289824459517
1.0 0.0 0.0 0.0 0.0 1.0 0.0 0.0 0.0 0.0 1.0 0.0
-0.8280391344695189 0.5606703056878553 -1.0337149020911728e-05 2.5860080629121383 -0.5606703052852908 -0.8280391328165335 5.7408556415396746e-05 -2.4111424279767926 2.362770896344246e-05 5.3332263862682514e-05 0.9999999982987006 0.34213768739587425
0.7949813399658004 0.6066338822882379 -4.434051291687212e-05 4.965763053517542 -0.6066338807311007 0.794981341159276 4.424617200256525e-05 -4.062133035829333 6.209110752465416e-05 -8.276423682584937e-06 0.9999999980380976 0.16934944752120842
1.0 0.0 0.0 0.0 0.0 1.0 0.0 0.0 0.0 0.0 1.0 0.0
-0.8280397149098662 0.5606694484910055 7.796097528141944e-06 2.585341124482375 -0.5606694474814069 -0.8280397141152815 5.0087685796125824e-05 -2.411009514754163 3.453811353992112e-05 3.7103559373502406e-05 0.9999999987152222 0.34203597307121764
0.7949790636294785 0.6066368668904082 -1.0963010128866126e-05 4.965604232916439 -0.6066368660052814 0.79497906323933 4.2595871023477006e-05 -4.061845219441952 3.455558926267975e-05 -2.7212259554170606e-05 0.9999999990327021 0.16914196859163289
1.0 0.0 0.0 0.0 0.0 1.0 0.0 0.0 0.0 0.0 1.0 0.0
-0.8280418452093593 0.5606663011507297 -3.655460142490333e-05 2.5856086731254164 -0.5606663014852195 -0.8280418457887091 -1.3090024552746498e-06 -2.4110159019258695 -3.100265320074013e-05 1.941102437472163e-05 0.999999999331024 0.3415334143438585
0.794980358720222 0.6066351697704446 6.830124145207419e-06 4.965752488019749 -0.6066351691316928 0.7949803572503772 5.620163640805214e-05 -4.062094492218207 2.866407471075346e-05 -4.8822590588356365e-05 0.9999999983973626 0.16923398897155678
1.0 0.0 0.0 0.0 0.0 1.0 0.0 0.0 0.0 0.0 1.0 0.0
-0.8280379347951197 0.560672077040768 2.3812268245383166e-05 2.585004209404592 -0.5606720754266014 -0.8280379346108144 5.1790778520520136e-05 -2.4112375190875794 4.8755104780961593e-05 2.9533855429808833e-05 0.9999999983753456 0.34256515647869495
0.7949789919542938 0.6066369605785771 2.0281055392764676e-05 4.965058389074823 -0.606636960917559 0.794978991498534 2.6919919854591827e-05 -4.061858523765692 2.076053969440975e-07 -3.370400855717155e-05 0.9999999994319984 0.16930025565916787
1.0 0.0 0.0 0.0 0.0 1.0 0.0 0.0 0.0 0.0 1.0 0.0
-0.8280442585724108 0.5606627375313018 -2.4272905725905538e-05 2.585039128862918 -0.5606627379069609 -0.8280442585758898 1.2734835208643134e-05 -2.4112931863413793 -1.2959092655197778e-05 2.4153920959627357e-05 0.9999999996243251 0.3419209726750497
0.7949741476369415 0.6066433091733227 -4.915132988109814e-06 4.96518207480203 -0.6066433081410056 0.7949741467091632 5.245735890632335e-05 -4.062289616042731 3.5730309450609185e-05 -3.872051164797509e-05 0.9999999986120335 0.16925313510092294
1.0 0.0 0.0 0.0 0.0 1.0 0.0 0.0 0.0 0.0 1.0 0.0
-0.8280451489812243 0.5606614229816035 -5.376298488765044e-06 2.5850011083842173 -0.5606614226627373 -0.8280451480979201 4.300336010255087e-05 -2.4101267263461494 1.9658507189732386e-05 3.862300688218115e-05 0.9999999990609033 0.3411794486648406
0.7949690789939144 0.6066499347055714 -0.0001420045558514867 4.965279569573958 -0.6066499416954002 0.7949690863036842 -7.902751889554241e-06 -4.061468852763269 0.00010809502809842487 9.242949891894032e-05 0.9999999898861264 0.16892170058499859
1.0 0.0 0.0 0.0 0.0 1.0 0.0 0.0 0.0 0.0 1.0 0.0
-0.8280445342597875 0.5606623308327728 -8.22525167220518e-06 2.585856113748928 -0.560662330254267 -0.8280445325268335 5.98855021833871e-05 -2.410221559173224 2.6764670561413643e-05 5.4199451533824146e-05 0.999999998173036 0.34167488904968996
0.7949740942277843 0.606643378199517 -3.4545515813858974e-05 4.965579615721176 -0.6066433748803994 0.7949740940826524 7.38321499317923e-05 -4.061524727891261 7.225257499309488e-05 -3.773783821661537e-05 0.9999999966777103 0.1691318371432952
1.0 0.0 0.0 0.0 0.0 1.0 0.0 0.0 0.0 0.0 1.0 0.0
-0.8280447877951561 0.5606619561092657 1.941667984756199e-05 2.585045375516746 -0.5606619506871956 -0.8280447837576157 0.00011464480957168638 -2.411717174285788 8.035486365790463e-05 8.404484341440114e-05 0.99999999323978 0.34303879184752395
0.7949778205658882 0.606638494965279 -3.513645181347538e-05 4.965440690513006 -0.6066384942634458 0.7949778213400173 2.9244774184411514e-05 -4.062331287234732 4.567370570912986e-05 -1.933822622177722e-06 0.9999999989550864 0.1689445166985599
1.0 0.0 0.0 0.0 0.0 1.0 0.0 0.0 0.0 0.0 1.0 0.0
-0.8280394655161027 0.5606698162621332 -2.608434039002356e-05 2.5854569610892932 -0.5606698168156582 -0.8280394651825067 2.4741964348430163e-05 -2.410782492811867 -7.726790660992047e-06 3.5112025283122443e-05 0.9999999993537211 0.34201448212023466
0.7949794826021657 0.606636317924758 -4.035467436414676e-06 4.965479672267853 -0.6066363170379012 0.7949794817671992 4.9191927782562145e-05 -4.061897302871267 3.3049723752922816e-05 -3.66585121936252e-05 0.9999999987819347 0.1692150719748821
1.0 0.0 0.0 0.0 0.0 1.0 0.0 0.0 0.0 0.0 1.0 0.0
-0.8280445006160836 0.5606623795008477 -3.4812482654336214e-05 2.5856344679105656 -0.5606623800115418 -0.828044500977977 6.318908099987964e-06 -2.4113255972179584 -2.5283510776120857e-05 2.4750386481183653e-05 0.9999999993740813 0.341586325564259
0.7949778640174013 0.6066384390392692 -1.5259667019269786e-06 4.965792231722558 -0.60663843782833 0.7949778625845428 6.12349235094797e-05 -4.062417189596812 3.836056815954862e-05 -4.7754698638595533e-05 0.9999999981239777 0.16934505541620007
1.0 0.0 0.0 0.0 0.0 1.0 0.0 0.0 0.0 0.0 1.0 0.0
-0.8280392576868059 0.5606701238043088 1.6564624914128184e-06 2.5859721531399638 -0.5606701233142719 -0.8280392570796872 3.9467436922546456e-05 -2.4108124698421816 2.3499828716375572e-05 3.175185814282925e-05 0.9999999992197887 0.3421216295693294
0.7949847414779264 0.6066294262470844 5.329900285607899e-06 4.965565449249373 -0.6066294261739983 0.7949847411640623 2.4821664244156557e-05 -4.061984893338127 1.0820362539938743e-05 -2.2966118684012874e-05 0.9999999996777383 0.16948211855869805
1.0 0.0 0.0 0.0 0.0 1.0 0.0 0.0 0.0 0.0 1.0 0.0
-0.8280403754009389 0.5606684725182246 -2.5098879731501628e-05 2.5852469248314054 -0.5606684730376631 -0.8280403750589165 2.47770948850719e-05 -2.4107132528921618 -6.891149843774927e-06 3.458858552399568e-05 0.9999999993780708 0.3420217714368398
0.7949792858474578 0.6066365755946445 -1.497560388454542e-05 4.96540752963711 -0.606636574355672 0.7949792854307015 4.888870888126401e-05 -4.061876548937486 4.156297381600461e-05 -2.9780761832998443e-05 0.9999999986928126 0.16916934560904842
1.0 0.0 0.0 0.0 0.0 1.0 0.0 0.0 0.0 0.0 1.0 0.0
-0.8280543653242611 0.5606478045760481 -8.539023161774542e-05 2.585076666575641 -0.5606478087630035 -0.8280543661428722 3.522738118959332e-05 -2.410845929683746 -5.095760019212478e-05 7.704403301923836e-05 0.9999999957337699 0.34153219732934487
0.794967408185082 0.6066521384882381 -5.2831251615655756e-05 4.9653667142390665 -0.6066521318870249 0.7949674084243776 0.0001020781919997459 -4.062206450048927 0.00010392507665036884 -4.9098644303355585e-05 0.9999999933944509 0.169060116660395
1.0 0.0 0.0 0.0 0.0 1.0 0.0 0.0 0.0 0.0 1.0 0.0
-0.8280390348935517 0.5606704526463252 -1.4897019677562346e-05 2.585665433821598 -0.5606704527481025 -0.8280390339672777 4.051883629521951e-05 -2.4112336285553386 1.0382400503554195e-05 4.190349686813878e-05 0.9999999990681514 0.34208501823893445
0.7949855093766159 0.6066284193539764 2.6707658903913287e-05 4.965738834175919 -0.6066284199198915 0.7949855089523119 2.6482623842742748e-05 -4.061927077058593 -5.16708956461922e-06 -3.7254927125855085e-05 0.9999999992926859 0.16929426704996822
