1.0 0.0 0.0 0.0 0.0 1.0 0.0 0.0 0.0 0.0 1.0 0.0
-0.9760269146277648 -0.2176498606922466 7.927842468659764e-06 -2.038389566373519 0.21764986069817532 -0.9760269146586328 -1.1753649276790154e-07 0.8047336440835051 7.763369425863793e-06 1.6107750285507245e-06 0.9999999999685677 0.4788847990532056
0.6895144981088591 -0.7242718804193794 1.1465805575083084e-05 -4.207854242804304 0.724271879712797 0.6895144980062117 3.600742206204145e-05 2.0680960331645704 -3.39850024612648e-05 -1.6523278995011024e-05 0.9999999992860005 0.038593941387060904
1.0 0.0 0.0 0.0 0.0 1.0 0.0 0.0 0.0 0.0 1.0 0.0
-0.9760271603418529 -0.21764875543522272 3.9147401195490034e-05 -2.0394615244918666 0.21764875545340537 -0.9760271611152972 -3.8468105776397215e-06 0.8042798978115321 3.90461803884872e-05 4.765791544968247e-06 0.9999999992263414 0.479449757070618
0.6894992025795528 -0.7242864416170228 -1.1485312477948333e-05 -4.208659730775349 0.7242864398220272 0.6894992018417692 -6.123312122988525e-05 2.067695639409152 5.226943327114139e-05 3.3901532174560515e-05 0.9999999980592963 0.03917786954598912
1.0 0.0 0.0 0.0 0.0 1.0 0.0 0.0 0.0 0.0 1.0 0.0
-0.9760275048176157 -0.21764721414310997 3.9041597735957576e-06 -2.038290544505735 0.2176472137600036 -0.9760275038974342 -4.4477544739074955e-05 0.8043192728447861 1.3490981023026797e-05 -4.256157751530289e-05 0.9999999990032529 0.4789337908679714
0.6895023592747431 -0.724283435826962 -3.3782445419128857e-05 -4.207989524081345 0.7242834327870716 0.6895023596760851 -7.064903216663505e-05 2.067788766780612 7.446299958761757e-05 2.424460882326446e-05 0.9999999969337303 0.038885181672140334
1.0 0.0 0.0 0.0 0.0 1.0 0.0 0.0 0.0 0.0 1.0 0.0
-0.9760292983226685 -0.2176391660283115 4.7183259295559096e-05 -2.039109020845675 0.21763916689419782 -0.9760292991695759 1.4005183314595942e-05 0.8045671425708241 4.300416708610612e-05 2.3938394487922126e-05 0.9999999987887973 0.4796121424164783
0.6895028286856889 -0.7242829895798347 -1.548321630400619e-05 -4.208492581693548 0.7242829871377517 0.6895028278597592 -7.011568625822055e-05 2.068145764575843 6.145932028551712e-05 3.713073385511384e-05 0.9999999974220303 0.03910422084229098
1.0 0.0 0.0 0.0 0.0 1.0 0.0 0.0 0.0 0.0 1.0 0.0
-0.9760261949504916 -0.2176530881026281 -3.139284767319731e-06 -2.038470280248917 0.2176530881194068 -0.97602619471684 -2.1416146219664262e-05 0.8042303453606234 1.5972661943859988e-06 -2.15859947293764e-05 0.9999999997657467 0.4784681385079971
0.6895004359542366 -0.7242852659811753 -4.797391392326644e-05 -4.2084290263680035 0.7242852674380054 0.6895004355805486 2.6579890953377045e-05 2.0676984933664775 1.3826611157670823e-05 -5.307364547594012e-05 0.9999999984960066 0.03920185068341997
1.0 0.0 0.0 0.0 0.0 1.0 0.0 0.0 0.0 0.0 1.0 0.0
-0.9760279951453036 -0.21764501456501925 -1.810058306320954e-05 -2.0383839802369854 0.21764501464711652 -0.9760279952911762 -2.672887761509568e-06 0.8045417083147156 -1.708493510500167e-05 -6.548314949020157e-06 0.9999999998326125 0.4790884088117641
0.6895059019533099 -0.7242800622088593 -5.155855275895881e-05 -4.208097017828868 0.7242800617755832 0.6895059036807915 -3.0061494267610282e-05 2.0678501282304262 5.7322867450768494e-05 -1.6615254058271636e-05 0.9999999982190112 0.039098369247135334
1.0 0.0 0.0 0.0 0.0 1.0 0.0 0.0 0.0 0.0 1.0 0.0
-0.9760267493592395 -0.21765060144445886 1.503668377969275e-05 -2.03880449202735 0.21765060141322634 -0.9760267494750074 -3.7029972772174983e-06 0.8049731004955589 1.548216517690364e-05 -3.414811274576407e-07 0.9999999998800929 0.4788860715213992
0.6895089027294484 -0.7242772073125597 -4.9347066408651585e-06 -4.208492208281245 0.7242772054466396 0.6895089014123544 -6.740573595292506e-05 2.068453019672936 5.2222962347562576e-05 4.2902759499021946e-05 0.9999999977160579 0.0396043246400507
1.0 0.0 0.0 0.0 0.0 1.0 0.0 0.0 0.0 0.0 1.0 0.0
-0.9760279771674051 -0.21764509591621908 -3.1818406954949647e-06 -2.0383275336054574 0.217645095856899 -0.9760279770955007 1.3278035842025215e-05 0.804574112067753 -5.995464921881258e-06 1.2267222440473752e-05 0.9999999999067851 0.479041105337897
0.6895049777922394 -0.7242809438324731 -9.306527922888377e-07 -4.207794291659617 0.7242809420427716 0.6895049759969862 7.11971300760161e-05 2.067744145294842 -5.092503483841199e-05 -4.976482967304802e-05 0.9999999974650514 0.038992479665262536
1.0 0.0 0.0 0.0 0.0 1.0 0.0 0.0 0.0 0.0 1.0 0.0
-0.9760274583427563 -0.2176474222157231 1.2799626516056105e-05 -2.038276257141746 0.2176474224864476 -0.9760274580135317 2.6242119952125978e-05 0.8042856684174298 6.7812571709310155e-06 2.8398835358415512e-05 0.9999999995737603 0.47930616401359605
0.6895044783327361 -0.7242814167834113 -6.050881122903439e-05 -4.208111052205645 0.7242814041772845 0.6895044785978336 -0.00014682135766719116 2.067805460671306 0.00014806107728231434 5.740857686436407e-05 0.9999999873910862 0.03870125538710528
1.0 0.0 0.0 0.0 0.0 1.0 0.0 0.0 0.0 0.0 1.0 0.0
-0.9760270306165421 -0.2176493406374463 5.093170218416307e-06 -2.0385853239757896 0.2176493406110943 -0.9760270306215192 -5.262640994769604e-06 0.8045111288091245 6.116482147254099e-06 -4.027954723668054e-06 0.999999999973182 0.47891058902188266
0.6895045301965225 -0.7242813694525478 -2.6503121007288215e-05 -4.208246397492104 0.7242813687169573 0.6895045306973236 -3.282308860246047e-05 2.0678886863143218 4.204717357479427e-05 3.435951528003843e-06 0.9999999991101148 0.03896460011344327
1.0 0.0 0.0 0.0 0.0 1.0 0.0 0.0 0.0 0.0 1.0 0.0
-0.9760274601527783 -0.21764741444369892 -3.6999994888175867e-06 -2.0389361457020057 0.21764741447478625 -0.9760274599790886 -1.841760381921403e-05 0.8039798132668272 3.97242748500422e-07 -1.8781382400058964e-05 0.9999999998235508 0.4787564370202794
0.6894960537948018 -0.7242894391769475 9.906526582806783e-06 -4.208462185462857 0.724289438031165 0.6894960517833125 -6.731807390340683e-05 2.0671910173880637 4.192725902824083e-05 5.359073887697152e-05 0.9999999976850689 0.03922628993768845
1.0 0.0 0.0 0.0 0.0 1.0 0.0 0.0 0.0 0.0 1.0 0.0
-0.9760263537669661 -0.2176523756892885 1.044847263620993e-05 -2.038673435355663 0.21765237479515384 -0.9760263524320265 -5.57159217918049e-05 0.804505501066775 2.232468737730756e-05 -5.2106073110956e-05 0.9999999983932828 0.4788421260236501
0.689506817881264 -0.7242791919262332 -1.542518363307378e-05 -4.208346997980808 0.7242791871451155 0.6895068155057201 -0.00010217422368120633 2.067963966537544 8.463843340894035e-05 5.927768437658425e-05 0.9999999946612459 0.03870843359062942
1.0 0.0 0.0 0.0 0.0 1.0 0.0 0.0 0.0 0.0 1.0 0.0
-0.9760314489298025 -0.21762948637502827 -0.00013175785347747566 -2.038270839179325 0.21762948262395312 -0.9760314577410286 4.2340928945770205e-05 0.8045995553627591 -0.00013781444441756 1.2651684744024673e-05 0.9999999904235569 0.4791634548235016
0.6894903512745165 -0.7242948330149042 -0.00022442650657221593 -4.207976845410624 0.7242948550771574 0.6894903641212238 2.6320005583549938e-05 2.0676268761507655 0.00013567646968584804 -0.00018069835394854368 0.9999999744699999 0.03965242018303655
1.0 0.0 0.0 0.0 0.0 1.0 0.0 0.0 0.0 0.0 1.0 0.0
-0.9760252271943489 -0.2176574278036464 1.4562658538030315e-06 -2.039006623782576 0.217657427610843 -0.9760252265712319 -3.6088875358190295e-05 0.8044313935846595 9.276363992694191e-06 -3.490668569100633e-05 0.9999999993477361 0.4787351078674792
0.6895054480827144 -0.724280495806438 -2.141577094409032e-05 -4.2085807887125615 0.7242804953609264 0.6895054484122122 -2.548735343828148e-05 2.0677671592331155 3.322628373297525e-05 2.0626438649867348e-06 0.9999999994458797 0.039104443293924984
1.0 0.0 0.0 0.0 0.0 1.0 0.0 0.0 0.0 0.0 1.0 0.0
-0.976030814606409 -0.21763236631682714 -4.5498225722869226e-05 -2.038039041592209 0.21763236656516535 -0.9760308156113594 -5.203768390926135e-07 0.8047191025833956 -4.429441951829557e-05 -1.040979036874887e-05 0.9999999989648204 0.4795333383348043
0.6894970795463863 -0.7242884554062813 -0.00010325786581715055 -4.20778517627981 0.7242884597739616 0.6894970826505603 7.391062245406303e-06 2.0680190451991143 6.584273618410737e-05 -7.988459642520509e-05 0.9999999946415926 0.03956012586909963
1.0 0.0 0.0 0.0 0.0 1.0 0.0 0.0 0.0 0.0 1.0 0.0
-0.9760269828595253 -0.2176495547386175 7.2258846276826975e-06 -2.0386645300519213 0.21764955474471345 -0.976026982884912 5.874949805296089e-08 0.8048180383220842 7.039871569739981e-06 1.6300516671947993e-06 0.9999999999738916 0.47888060729753507
0.6895254683370121 -0.7242614356272896 3.7117688893619874e-05 -4.207923528332133 0.7242614350515584 0.6895254693056376 2.959558008176662e-05 2.068302778415285 -4.7028529172154904e-05 6.47600440730231e-06 0.9999999988731892 0.03882693254133346
1.0 0.0 0.0 0.0 0.0 1.0 0.0 0.0 0.0 0.0 1.0 0.0
-0.9760255061966675 -0.21765617610787388 1.5988686371921887e-05 -2.0380823715360084 0.2176561757409082 -0.9760255061628458 -2.1940918851558195e-05 0.8051520938086374 2.0380942206555267e-05 -1.793486009768111e-05 0.9999999996314789 0.478279043694444
0.6895083141276872 -0.7242777665489659 4.039351516923808e-05 -4.207936474701451 0.7242777573668417 0.6895083126512344 0.00013026322342948914 2.0685305820309154 -0.00012219842101537196 -6.056145100076622e-05 0.9999999906999284 0.03803210940228524
1.0 0.0 0.0 0.0 0.0 1.0 0.0 0.0 0.0 0.0 1.0 0.0
-0.9760254638114497 -0.21765636668262076 5.8450954691545265e-06 -2.0386770419814644 0.21765636675941477 -0.9760254635577567 2.2270102156056674e-05 0.8051972145785515 8.577324938786696e-07 2.3008409029179526e-05 0.9999999997349387 0.478430505353835
0.6895296400093518 -0.7242574640742481 3.5795455534619614e-05 -4.208240670224595 0.7242574625054333 0.6895296408994985 4.823070273682206e-05 2.0689087082208473 -5.961347405531449e-05 -7.331373300803121e-06 0.9999999981962424 0.0384250371794197
1.0 0.0 0.0 0.0 0.0 1.0 0.0 0.0 0.0 0.0 1.0 0.0
-0.9760290622562269 -0.2176402295949797 -9.647543721899543e-06 -2.0384220562127573 0.2176402295922284 -0.9760290623035914 1.3468116681754406e-06 0.8047588686387626 -9.709403453103442e-06 -7.851663011128184e-07 0.9999999999525555 0.478810631526684
0.6895000906511792 -0.7242855949176014 -4.457434639066678e-05 -4.208332568328101 0.7242855955139579 0.6895000914548802 -3.834511064865216e-06 2.0683420465008524 3.351129704074281e-05 -2.9640661293383765e-05 0.9999999989992121 0.0390948526931898
1.0 0.0 0.0 0.0 0.0 1.0 0.0 0.0 0.0 0.0 1.0 0.0
-0.9760283140387837 -0.21764358335742134 2.8599834495990998e-05 -2.038982221674629 0.21764358375210285 -0.9760283143024849 1.1462566767016943e-05 0.8047332477986492 2.5419494146805602e-05 1.7412360190596386e-05 0.9999999995253297 0.4795157795120229
0.6894995475709818 -0.7242861125638598 -3.235030594211813e-05 -4.208569068104221 0.7242861095187535 0.6894995478523362 -7.120120401354183e-05 2.0682892915614817 7.387556458480106e-05 2.56623207212846e-05 0.9999999969419232 0.038971252124267663
