1.0 0.0 0.0 0.0 0.0 1.0 0.0 0.0 0.0 0.0 1.0 0.0
-0.9760276219281641 -0.21764668819847185 -1.8694644017176818e-05 -2.0386961001737007 0.21764668828787145 -0.976027622083063 -2.8640872784107564e-06 0.8045170026795975 -1.7623129834917554e-05 -6.86425565440071e-06 0.9999999998211536 0.4790806868507597
0.6895009740594341 -0.7242847541120676 -4.161626842037861e-05 -4.208414153800115 0.7242847536993428 0.6895009752193038 -2.702429995362792e-05 2.067646389849018 4.826774610780423e-05 -1.150874758143837e-05 0.9999999987688867 0.039218610389557484
1.0 0.0 0.0 0.0 0.0 1.0 0.0 0.0 0.0 0.0 1.0 0.0
-0.976028159220985 -0.21764427917670318 -1.2220841652574048e-05 -2.0386144012590472 0.21764427922044532 -0.9760281592848978 -2.355271868714607e-06 0.8049556931396278 -1.1415274134942484e-05 -4.958607939427237e-06 0.9999999999225518 0.47906298720028456
0.6894961764581087 -0.7242893197904295 -6.234712818166369e-05 -4.208566646045111 0.724289318038054 0.6894961792077171 -5.132182169394616e-05 2.0680625945948874 8.01599539909404e-05 -9.771159125492048e-06 0.9999999967394531 0.03962579090851692
1.0 0.0 0.0 0.0 0.0 1.0 0.0 0.0 0.0 0.0 1.0 0.0
-0.97602971595609 -0.21763729814365676 -5.2347577602960926e-06 -2.03767136160866 0.21763729819344851 -0.9760297158792667 -1.2477713609552239e-05 0.8052164071858292 -2.3936632524852336e-06 -1.3317897805755062e-05 0.999999999908452 0.4791709078599251
0.6895055236077213 -0.7242804235800631 -3.054710964142589e-05 -4.207231402282263 0.7242804239370181 0.6895055215332794 5.724274825746979e-05 2.0685501970149174 -2.0397401190169415e-05 -6.159386463115696e-05 0.9999999978950708 0.038956080195713894
1.0 0.0 0.0 0.0 0.0 1.0 0.0 0.0 0.0 0.0 1.0 0.0
-0.9760248007468241 -0.21765933958222516 -1.4824030610816581e-05 -2.0392662138888205 0.21765933989287503 -0.976024800489223 -2.4235753000725634e-05 0.8045738473224304 -9.193483526950855e-06 -2.6881284710795998e-05 0.9999999995964381 0.4782267066950702
0.6895087752178077 -0.7242773286775639 7.831395122986833e-06 -4.209053995132768 0.724277328481492 0.6895087746731003 -3.311364007715087e-05 2.06805990759259 1.858364312263465e-05 2.8504247350562745e-05 0.9999999994210781 0.03922951963456672
1.0 0.0 0.0 0.0 0.0 1.0 0.0 0.0 0.0 0.0 1.0 0.0
-0.9760274970464489 -0.21764724876736985 1.0641342016396306e-05 -2.0387416515483525 0.21764724854050194 -0.9760274969666632 -1.9176535972334413e-05 0.8049859114727278 1.455996270789745e-05 -1.6400767596451867e-05 0.9999999997595113 0.47900524559071506
0.6894941793315259 -0.7242912229789689 -3.136201266681196e-05 -4.208568889721034 0.724291220784142 0.6894941798066613 -5.922631953488219e-05 2.068162527008192 6.452102860925227e-05 1.8120972141836865e-05 0.9999999977543336 0.03945360051771146
1.0 0.0 0.0 0.0 0.0 1.0 0.0 0.0 0.0 0.0 1.0 0.0
-0.9760241263870688 -0.21766236361669972 -1.3234433495557078e-05 -2.0391715286783105 0.21766236379607568 -0.9760241208309826 -0.00010460789321650755 0.8042577577347718 9.852074973272926e-06 -0.00010498046566797716 0.9999999944410192 0.4786242219095998
0.6895184790530263 -0.7242680905836849 2.581499204092521e-06 -4.20856813492851 0.7242680854872876 0.6895184737693643 -0.00012114183981385802 2.06760995313548 8.595917762053455e-05 8.539923462436791e-05 0.9999999926589952 0.03904414790539884
1.0 0.0 0.0 0.0 0.0 1.0 0.0 0.0 0.0 0.0 1.0 0.0
-0.9760255036340701 -0.21765618760702363 1.5881969321231567e-05 -2.039267702086083 0.21765618809593312 -0.9760255027343048 4.23768258816594e-05 0.8043618697306623 6.2776287268769485e-06 4.4817671725474345e-05 0.9999999989759839 0.47952123585921297
0.6895079927773125 -0.7242780731302821 2.6055485667590888e-05 -4.208379439136555 0.7242780695754764 0.689507992292725 8.060072742789198e-05 2.0673909931483196 -7.634280516524505e-05 -3.6703428924022484e-05 0.9999999964123172 0.039060287191363285
1.0 0.0 0.0 0.0 0.0 1.0 0.0 0.0 0.0 0.0 1.0 0.0
-0.9760229589187038 -0.2176675974490475 2.6159822752384605e-05 -2.040189670556992 0.21766759529176807 -0.9760229573948846 -6.780886776555048e-05 0.8039991991752737 4.029238089997627e-05 -6.0488866045683255e-05 0.9999999973588107 0.47904199508013107
0.6894954013278316 -0.7242900592697645 -3.988448960692656e-05 -4.209435350688832 0.7242900339035457 0.6894953899754946 -0.00023235864698595158 2.0671630128887415 0.0001957952299127953 0.0001313222802259427 0.999999972209343 0.03804751228062614
1.0 0.0 0.0 0.0 0.0 1.0 0.0 0.0 0.0 0.0 1.0 0.0
-0.976024742323488 -0.2176596019811868 6.14497435338177e-06 -2.038424944359978 0.2176596018041706 -0.9760247421416385 -2.167480945949987e-05 0.8045127214137953 1.0715377408699266e-05 -1.9817637646768354e-05 0.9999999997462211 0.4783436610132106
0.6895140232870681 -0.724272332092362 2.561194742651922e-05 -4.208080637506666 0.724272329026658 0.689514022991931 7.418748895953361e-05 2.067895387249374 -7.139174254751372e-05 -3.260328917653908e-05 0.9999999969201224 0.03841341695807077
1.0 0.0 0.0 0.0 0.0 1.0 0.0 0.0 0.0 0.0 1.0 0.0
-0.9760270306165421 -0.2176493406374463 5.093170218416307e-06 -2.0385853239757896 0.2176493406110943 -0.9760270306215192 -5.262640994769604e-06 0.8045111288091245 6.116482147254099e-06 -4.027954723668054e-06 0.999999999973182 0.47891058902188266
0.6895045301965225 -0.7242813694525478 -2.6503121007288215e-05 -4.208246397492104 0.7242813687169573 0.6895045306973236 -3.282308860246047e-05 2.0678886863143218 4.204717357479427e-05 3.435951528003843e-06 0.9999999991101148 0.03896460011344327
1.0 0.0 0.0 0.0 0.0 1.0 0.0 0.0 0.0 0.0 1.0 0.0
-0.9760273725804409 -0.21764780714891127 4.1220134649874755e-06 -2.038853569892348 0.21764780712808127 -0.97602737258114 -4.96915690633587e-06 0.8045617282831055 5.104724076019009e-06 -3.95288596761151e-06 0.9999999999791583 0.4789040168006711
0.6895081852611649 -0.7242778903350319 -5.448930308670518e-06 -4.208390619717324 0.7242778896368133 0.6895081848925956 -3.936196815632526e-05 2.0679920474638105 3.226608530245019e-05 2.3193859487054064e-05 0.9999999992104726 0.039167171830390646
1.0 0.0 0.0 0.0 0.0 1.0 0.0 0.0 0.0 0.0 1.0 0.0
-0.9760315045823104 -0.21762927583553757 -1.902868044564749e-05 -2.038156730341652 0.2176292740897206 -0.9760315027482809 6.85719574832676e-05 0.8043870729668918 -3.349585702039492e-05 6.278719292229784e-05 0.9999999974678978 0.4798680015894516
0.6894828393624123 -0.7243020127318869 -9.261362241599513e-05 -4.208270492433071 0.7243020157723078 0.6894828423877704 -1.02527829103654e-06 2.067723292466483 6.459811475701297e-05 -6.637332161664285e-05 0.9999999957108326 0.03940648705468852
1.0 0.0 0.0 0.0 0.0 1.0 0.0 0.0 0.0 0.0 1.0 0.0
-0.9760279324884028 -0.21764529600170968 1.143426589645003e-05 -2.0389662600115117 0.21764529561129498 -0.9760279322293844 -2.839549633290068e-05 0.8048405131258207 1.7340309103963674e-05 -2.5226183396654216e-05 0.9999999995314767 0.47911057421383024
0.6895078612096356 -0.7242781988496039 -1.1344922251700926e-06 -4.208481654538423 0.7242781977842601 0.6895078602787374 -5.318102898234756e-05 2.068314372034994 3.9300101190985136e-05 3.584704956631092e-05 0.9999999985852456 0.03931621958361775
1.0 0.0 0.0 0.0 0.0 1.0 0.0 0.0 0.0 0.0 1.0 0.0
-0.9760298120758727 -0.21763685971109728 5.687029274006702e-05 -2.038796692642288 0.21763686368599972 -0.9760298098210699 7.684770389317987e-05 0.8046409104063184 3.8782208056235586e-05 8.73827221381739e-05 0.9999999954301003 0.4792804803455877
0.6895117000911481 -0.7242745393071109 8.455108287012291e-05 -4.208339420812513 0.7242745382229456 0.6895117047129949 4.843262299572078e-05 2.06802396218706 -9.337747699277145e-05 2.784333628035793e-05 0.9999999952526977 0.03892277499704616
1.0 0.0 0.0 0.0 0.0 1.0 0.0 0.0 0.0 0.0 1.0 0.0
-0.9760264364130581 -0.21765200522808317 -6.559054011612877e-06 -2.0385524655926273 0.21765200532685752 -0.9760264359480431 -3.012901954015654e-05 0.8044200767926148 1.5583140832504756e-07 -3.0834310833076004e-05 0.9999999995246103 0.47890419198101264
0.6895117328242998 -0.724274512582545 -2.685047947874489e-05 -4.20834244390532 0.724274508218911 0.6895117320177413 -9.030032761247305e-05 2.067826421828655 8.391594637846097e-05 4.2816017546760395e-05 0.9999999955624512 0.03877933197855993
1.0 0.0 0.0 0.0 0.0 1.0 0.0 0.0 0.0 0.0 1.0 0.0
-0.9760269404720967 -0.21764974409054133 -1.92353885636363e-05 -2.038786923140079 0.21764974438844278 -0.976026940479443 -1.5032745728004824e-05 0.8040844811427745 -1.55023841880232e-05 -1.8858942223880916e-05 0.9999999997020083 0.4787581114268745
0.6895004652591289 -0.724285238455139 -4.199317555984031e-05 -4.208169478837207 0.7242852395948485 0.6895004648752886 2.5333642797484687e-05 2.067383143467562 1.0605530555584086e-05 -4.7882595717279054e-05 0.99999999879739 0.03944897548554038
1.0 0.0 0.0 0.0 0.0 1.0 0.0 0.0 0.0 0.0 1.0 0.0
-0.9760324878504122 -0.21762484797535817 -9.057724760078438e-05 -2.0386227112855715 0.21762484661730983 -0.9760324920433271 2.4707993040542255e-05 0.8050272189034586 -9.378340992744265e-05 4.403944301010888e-06 0.9999999955926387 0.4793610011820848
0.6895029914393576 -0.7242828190439979 -0.0001511087566960483 -4.208184897516197 0.7242828307022483 0.6895029947376142 3.738716245763695e-05 2.0684732356608935 7.71110608521312e-05 -0.0001352240383996814 0.9999999878841718 0.039207338016225
1.0 0.0 0.0 0.0 0.0 1.0 0.0 0.0 0.0 0.0 1.0 0.0
-0.9760343255926391 -0.21761661425627513 -6.681734644839198e-05 -2.038002275671073 0.21761660814234354 -0.9760343252564665 8.821437250867136e-05 0.8044232035727291 -8.441293673026046e-05 7.15596912799051e-05 0.9999999938768332 0.4798809194930817
0.689515642720322 -0.7242707856116269 -8.691085924254187e-05 -4.207132533399106 0.7242707905985291 0.6895156405479241 5.766772661066174e-05 2.0678293223981004 1.8159347124448533e-05 -0.00010270979631336424 0.9999999945604677 0.038994325669319874
1.0 0.0 0.0 0.0 0.0 1.0 0.0 0.0 0.0 0.0 1.0 0.0
-0.9760269338593324 -0.21764977457425366 -2.9877620618874e-06 -2.0377096477687635 0.21764977458260112 -0.9760269335677378 -2.3968781662914268e-05 0.804698691298485 2.3006636822580567e-06 -2.404446221407691e-05 0.9999999997082852 0.47879162229213756
0.6895246971974798 -0.7242621707107708 -5.660849851190698e-06 -4.207337515991431 0.7242621700021993 0.6895246968318619 -3.9530161591128834e-05 2.0678983076708635 3.253349641999084e-05 2.3157083304009255e-05 0.9999999992026606 0.0385244167327618
1.0 0.0 0.0 0.0 0.0 1.0 0.0 0.0 0.0 0.0 1.0 0.0
-0.9760277720963554 -0.21764601538585845 9.125991057480065e-06 -2.0383963637979647 0.21764601517988635 -0.9760277719902087 -1.9497296069750456e-05 0.8049635564440251 1.3150729519415926e-05 -1.704366685664165e-05 0.9999999997682859 0.47898646950137974
0.6894999654831162 -0.7242857142192994 -4.214998806310384e-05 -4.208190500921383 0.724285711695048 0.6894999666674726 -6.164376701902462e-05 2.068353684241738 7.371011518708843e-05 1.1974741129643496e-05 0.9999999972117125 0.03929190887384926
