1.0 0.0 0.0 0.0 0.0 1.0 0.0 0.0 0.0 0.0 1.0 0.0
-0.976026644543898 -0.21765107096531636 2.1166710424618415e-05 -2.0390079825102454 0.21765106933371503 -0.9760266432029987 -6.144734725244736e-05 0.8045773955120219 3.403335426086677e-05 -5.536729099673677e-05 0.9999999978880969 0.47892640223863964
0.6895121233850107 -0.7242741410265976 1.8581648523642398e-05 -4.208531347699039 0.7242741374548223 0.689512116899253 -0.00012026297713795426 2.0681148364339417 7.429109265487997e-05 9.638098818794474e-05 0.9999999925957691 0.03907176780891791
1.0 0.0 0.0 0.0 0.0 1.0 0.0 0.0 0.0 0.0 1.0 0.0
-0.9760240054429696 -0.2176629062906551 4.916114064550878e-06 -2.038526092616138 0.2176629051769134 -0.9760240022920162 -8.160772919014939e-05 0.8036791148810538 2.2561220836318148e-05 -7.858104704982654e-05 0.9999999966580051 0.478300947120953
0.6895073262496152 -0.7242787073052172 -3.4531002014945196e-05 -4.208032327146028 0.7242787055916118 0.6895073270412997 -5.082225821489305e-05 2.0670558249954687 6.061885838159017e-05 1.0032249933545505e-05 0.999999998112354 0.03885170392768034
1.0 0.0 0.0 0.0 0.0 1.0 0.0 0.0 0.0 0.0 1.0 0.0
-0.9760282526076691 -0.21764386063688518 -6.2203245106803205e-06 -2.038260467035494 0.21764386057486165 -0.9760282525965895 9.344405807245989e-06 0.8043607836792666 -8.104965017991407e-06 7.766588631167827e-06 0.9999999999369947 0.4790504639574069
0.6895001082392928 -0.7242855776279834 -5.270769864632429e-05 -4.2079383442530425 0.7242855786698578 0.6895001091587141 9.950893141474951e-07 2.0677371871446573 3.562123513143897e-05 -3.8861540204239095e-05 0.9999999986104541 0.03918836147464577
1.0 0.0 0.0 0.0 0.0 1.0 0.0 0.0 0.0 0.0 1.0 0.0
-0.976027175427816 -0.21764869103092246 1.0905307349845705e-05 -2.038336009820689 0.21764869104665954 -0.9760271754851942 2.633193510714805e-07 0.8046647991069575 1.0586565218383126e-05 2.6305327126203577e-06 0.9999999999405026 0.4788309732096053
0.6895025475933398 -0.7242832561922732 -4.076533325443163e-05 -4.208109253696246 0.7242832547168324 0.689502548794267 -4.6292556576802784e-05 2.0680310140611646 6.163672479628406e-05 2.393187445176743e-06 0.9999999980975934 0.03915450493844369
1.0 0.0 0.0 0.0 0.0 1.0 0.0 0.0 0.0 0.0 1.0 0.0
-0.976025275129271 -0.21765721266144936 9.234698508363696e-06 -2.0389393092242227 0.21765721226197066 -0.9760252747191291 -3.2554505638663556e-05 0.8042126207555764 1.609902210545571e-05 -2.9764021589263382e-05 0.9999999994274622 0.4786745300630315
0.6895040096419716 -0.7242818654399387 -9.082201158920835e-06 -4.208594947004896 0.7242818622943186 0.6895040077181929 -8.539334932490556e-05 2.067452619489005 6.81110684431813e-05 5.230098318716421e-05 0.9999999963127447 0.03870032561499054
1.0 0.0 0.0 0.0 0.0 1.0 0.0 0.0 0.0 0.0 1.0 0.0
-0.9760276904602521 -0.21764637513144405 5.3357001288692586e-05 -2.0381444809380698 0.21764637905004053 -0.976027687424901 8.406191565493506e-05 0.804700636431606 3.3782139346827455e-05 9.36597155198032e-05 0.9999999950433124 0.4790358312742824
0.689508647960462 -0.7242774498114658 -9.073867473702452e-06 -4.207590423386644 0.7242774498572812 0.6895086479649786 3.1209189268801497e-06 2.068136042995439 3.996098892175164e-06 -8.72389818386278e-06 0.9999999999539625 0.03865942134155381
1.0 0.0 0.0 0.0 0.0 1.0 0.0 0.0 0.0 0.0 1.0 0.0
-0.9760261033030091 -0.21765349899717515 6.740233699285986e-06 -2.037671869488114 0.217653498953117 -0.976026103313076 -6.704976479586506e-06 0.804781029382587 8.038005624408986e-06 -5.0771966176965535e-06 0.999999999954806 0.478293677692566
0.6895151779292084 -0.7242712333114744 -1.6513176098734852e-06 -4.207580087144272 0.7242712322736465 0.6895151768154334 5.515427817844963e-05 2.0680094288785016 -3.8808048524963173e-05 -3.9225713771950946e-05 0.9999999984776393 0.03867480165683712
1.0 0.0 0.0 0.0 0.0 1.0 0.0 0.0 0.0 0.0 1.0 0.0
-0.9760270306165421 -0.2176493406374463 5.093170218416307e-06 -2.0385853239757896 0.2176493406110943 -0.9760270306215192 -5.262640994769604e-06 0.8045111288091245 6.116482147254099e-06 -4.027954723668054e-06 0.999999999973182 0.47891058902188266
0.6895045301965225 -0.7242813694525478 -2.6503121007288215e-05 -4.208246397492104 0.7242813687169573 0.6895045306973236 -3.282308860246047e-05 2.0678886863143218 4.204717357479427e-05 3.435951528003843e-06 0.9999999991101148 0.03896460011344327
1.0 0.0 0.0 0.0 0.0 1.0 0.0 0.0 0.0 0.0 1.0 0.0
-0.9760289651072845 -0.21764066333064067 3.060394612641968e-05 -2.0377814153566076 0.217640665291238 -0.9760289604935943 9.53382411572972e-05 0.8043622771588415 9.120859678520503e-06 9.971354804739677e-05 0.9999999949870092 0.47911010535058535
0.6895020167636572 -0.7242837626116142 -9.798656394766733e-06 -4.207487492496878 0.7242837615831775 0.6895020149145881 6.430899408922747e-05 2.067942136384373 -3.982176688106093e-05 -5.14381888326264e-05 0.9999999978841698 0.038487572756842725
1.0 0.0 0.0 0.0 0.0 1.0 0.0 0.0 0.0 0.0 1.0 0.0
-0.9760270023040448 -0.2176494675460075 7.093633138438525e-06 -2.0387491661825434 0.21764946748377983 -0.9760270023056982 -8.612759787474648e-06 0.8046757705605887 8.798140069420726e-06 -6.862360641871181e-06 0.9999999999377506 0.4789486393725539
0.6895046761056657 -0.7242812306410484 -2.3864394022531664e-05 -4.20845055688405 0.7242812297322064 0.6895046764675548 -3.7242114201580294e-05 2.068096429477464 4.342837558519893e-05 8.39407924059798e-06 0.9999999990217577 0.03902612175032821
1.0 0.0 0.0 0.0 0.0 1.0 0.0 0.0 0.0 0.0 1.0 0.0
-0.9760277720963554 -0.21764601538585845 9.125991057480065e-06 -2.0383963637979647 0.21764601517988635 -0.9760277719902087 -1.9497296069750456e-05 0.8049635564440251 1.3150729519415926e-05 -1.704366685664165e-05 0.9999999997682859 0.47898646950137974
0.6894999654831162 -0.7242857142192994 -4.214998806310384e-05 -4.208190500921383 0.724285711695048 0.6894999666674726 -6.164376701902462e-05 2.068353684241738 7.371011518708843e-05 1.1974741129643496e-05 0.9999999972117125 0.03929190887384926
1.0 0.0 0.0 0.0 0.0 1.0 0.0 0.0 0.0 0.0 1.0 0.0
-0.9760283957670857 -0.21764321533632208 -3.8397876015660706e-05 -2.038757828361711 0.21764321534583236 -0.9760283965121487 3.981358543790856e-06 0.8047929417876125 -3.8343933031914115e-05 -4.471118206026216e-06 0.999999999254876 0.47891054289201196
0.6894988231031267 -0.7242868014830408 -4.62262742010874e-05 -4.208480557700166 0.7242867999699918 0.6894988246516794 -4.683141086909262e-05 2.067870760875829 6.579233451697579e-05 -1.1908775371559142e-06 0.9999999978349752 0.03965056550300072
1.0 0.0 0.0 0.0 0.0 1.0 0.0 0.0 0.0 0.0 1.0 0.0
-0.976025963652058 -0.21765412532888137 -2.0954008329053265e-06 -2.038721054200961 0.21765412517798743 -0.9760259632552132 2.9064378252735237e-05 0.8039577555429278 -8.371147443169654e-06 2.7911515156892992e-05 0.9999999995754354 0.4793691976794799
0.6895033020050527 -0.7242825368705785 -5.751910736027482e-05 -4.208153518771885 0.7242825359864634 0.6895033042426723 -3.877440262639729e-05 2.0672745772806027 6.774323728188344e-05 -1.492500630240656e-05 0.9999999975940488 0.03901136894299306
1.0 0.0 0.0 0.0 0.0 1.0 0.0 0.0 0.0 0.0 1.0 0.0
-0.9760297284286544 -0.2176372396555187 -3.374333442432726e-05 -2.0377526530412338 0.21763723903149196 -0.9760297289203816 2.1221584045591724e-05 0.8044376590350324 -3.75531045238438e-05 1.3369090773019284e-05 0.9999999992055159 0.47905828903046305
0.6894988230412398 -0.7242867964668119 -9.740938942593151e-05 -4.20785134556222 0.724286800908203 0.6894988250610438 1.641952911208481e-05 2.0678311949182464 5.527121141901037e-05 -8.187358104340521e-05 0.9999999951209049 0.03933622942426174
1.0 0.0 0.0 0.0 0.0 1.0 0.0 0.0 0.0 0.0 1.0 0.0
-0.9760273308802138 -0.2176479918181052 3.213085181620203e-05 -2.0388728436846293 0.21764799312713567 -0.9760273300673092 4.5270406121632646e-05 0.8042479218715948 2.1507576529793113e-05 5.1178369070024566e-05 0.9999999984590995 0.4790992606530075
0.6894944085725894 -0.7242910048986654 -2.774917348202347e-05 -4.208738340219574 0.7242910034452934 0.6894944090133935 -4.761807806878819e-05 2.067600996162373 5.362224558638567e-05 1.2733921869330974e-05 0.9999999984812511 0.038674967808935035
1.0 0.0 0.0 0.0 0.0 1.0 0.0 0.0 0.0 0.0 1.0 0.0
-0.9760253852996311 -0.21765671874127748 -6.122607677592149e-06 -2.0391225899361576 0.2176567188257048 -0.9760253847951933 -3.1391433185056264e-05 0.8043233315348214 8.567358292112894e-07 -3.197146236747578e-05 0.9999999994885457 0.47865522199781363
0.689507179175394 -0.7242788481416528 -4.3974867453502117e-07 -4.208523726735234 0.724278847879357 0.6895071789417805 -2.650094997527713e-05 2.0676387974426036 1.949728739075661e-05 1.7954094599544816e-05 0.9999999996487532 0.039279449324009175
1.0 0.0 0.0 0.0 0.0 1.0 0.0 0.0 0.0 0.0 1.0 0.0
-0.9760304462885045 -0.21763402282049682 -5.369472473317378e-06 -2.0382832714103474 0.21763402270836885 -0.9760304461903996 1.6405609844381428e-05 0.8049297922922036 -8.811187481196303e-06 1.484379480385393e-05 0.9999999998510124 0.47966513592152543
0.6895106064691923 -0.7242755853295191 -7.878380044703486e-06 -4.207595017827052 0.7242755851954827 0.6895106060196007 2.9601089168495474e-05 2.068287665642317 -1.6007119584827847e-05 -2.6116383261988178e-05 0.9999999995308535 0.038528118509662646
1.0 0.0 0.0 0.0 0.0 1.0 0.0 0.0 0.0 0.0 1.0 0.0
-0.976025275129271 -0.21765721266144936 9.234698508363696e-06 -2.0389393092242227 0.21765721226197066 -0.9760252747191291 -3.2554505638663556e-05 0.8042126207555764 1.609902210545571e-05 -2.9764021589263382e-05 0.9999999994274622 0.4786745300630315
0.6895040096419716 -0.7242818654399387 -9.082201158920835e-06 -4.208594947004896 0.7242818622943186 0.6895040077181929 -8.539334932490556e-05 2.067452619489005 6.81110684431813e-05 5.230098318716421e-05 0.9999999963127447 0.03870032561499054
1.0 0.0 0.0 0.0 0.0 1.0 0.0 0.0 0.0 0.0 1.0 0.0
-0.9760262847304229 -0.21765268447989355 -2.1307824758085125e-05 -2.0385446825556954 0.21765268487526795 -0.9760262847012424 -1.8408588234147844e-05 0.8043397750380179 -1.6790318387047362e-05 -2.2604971248774466e-05 0.9999999996035502 0.478772361001923
0.6895196653294026 -0.7242669611752851 8.599240149177325e-06 -4.207654771585208 0.7242669564554038 0.6895196621015496 0.00010659357819340566 2.067682255856606 -8.313155212093095e-05 -6.727022287151047e-05 0.9999999942819312 0.03916971662534008
1.0 0.0 0.0 0.0 0.0 1.0 0.0 0.0 0.0 0.0 1.0 0.0
-0.9760234317970147 -0.2176654784914903 7.4999022709194915e-06 -2.0387229242064464 0.21766547712530085 -0.9760234285511076 -8.358921329713885e-05 0.8039298530388366 2.551456643730847e-05 -7.99525610172779e-05 0.9999999964782974 0.47791435738929
0.689510970231596 -0.7242752389346192 -1.4017274498916703e-05 -4.208575687183088 0.7242752345437885 0.689510967956987 -9.845587404952028e-05 2.0674092490236387 8.097421620961576e-05 5.77340404655276e-05 0.9999999950549782 0.038274366037813534
