1.0 0.0 0.0 0.0 0.0 1.0 0.0 0.0 0.0 0.0 1.0 0.0
-0.9760287134845878 -0.21764179383436028 -5.4937497262924675e-06 -2.037970344993559 0.2176417936674449 -0.976028713290291 2.1957164613941768e-05 0.8046299957193151 -1.014085417058013e-05 2.0235153585514263e-05 0.9999999997438507 0.47856016947611435
0.6894985507713277 -0.7242870588876253 -6.936967389579295e-05 -4.208032594312844 0.7242870601390471 0.6894985528798608 -9.576661813746417e-06 2.0681546528995147 5.4766541983931676e-05 -4.3640462726987365e-05 0.9999999975480679 0.039279726693708716
1.0 0.0 0.0 0.0 0.0 1.0 0.0 0.0 0.0 0.0 1.0 0.0
-0.9760270023040448 -0.2176494675460075 7.093633138438525e-06 -2.0387491661825434 0.21764946748377983 -0.9760270023056982 -8.612759787474648e-06 0.8046757705605887 8.798140069420726e-06 -6.862360641871181e-06 0.9999999999377506 0.4789486393725539
0.6895046761056657 -0.7242812306410484 -2.3864394022531664e-05 -4.20845055688405 0.7242812297322064 0.6895046764675548 -3.7242114201580294e-05 2.068096429477464 4.342837558519893e-05 8.39407924059798e-06 0.9999999990217577 0.03902612175032821
1.0 0.0 0.0 0.0 0.0 1.0 0.0 0.0 0.0 0.0 1.0 0.0
-0.9760253521207778 -0.21765686758798197 -3.0495839662201977e-06 -2.0393086042824033 0.21765686739526563 -0.9760253504435703 -5.802745446735055e-05 0.8045148039286734 9.653602714130367e-06 -5.730002957211957e-05 0.9999999983117572 0.4788171839304668
0.6894969322722803 -0.7242886028791057 -1.1249408765405837e-05 -4.208831603617712 0.7242886025713156 0.6894969323259944 -2.2323392351711345e-05 2.0675830784356424 2.3925011492176214e-05 7.244091989967141e-06 0.9999999996875585 0.03930304635681514
1.0 0.0 0.0 0.0 0.0 1.0 0.0 0.0 0.0 0.0 1.0 0.0
-0.9760256002326555 -0.2176557547632325 1.043707999279102e-05 -2.038845753126168 0.21765575500649192 -0.9760255994632695 3.8793300129551094e-05 0.8040104421929635 1.7432722371558616e-06 4.013494456983849e-05 0.9999999991930737 0.4794033415794106
0.6894947545794392 -0.7242906723073235 -7.359378012915309e-05 -4.208343426773963 0.7242906711745067 0.6894947581674661 -4.592569927182035e-05 2.0670360598070623 8.400608123454883e-05 -2.1637759655701407e-05 0.999999996237393 0.039449090329068126
1.0 0.0 0.0 0.0 0.0 1.0 0.0 0.0 0.0 0.0 1.0 0.0
-0.9760269364515818 -0.21764976236702344 1.620240802702294e-05 -2.0381469488646897 0.21764976251535847 -0.9760269365200719 8.015596638009091e-06 0.8047194274181929 1.4069393967370713e-05 1.1349888489687064e-05 0.999999999836616 0.47850723640255083
0.6895007167874442 -0.7242849992451639 -3.765678907716453e-05 -4.208252537721194 0.7242849980392623 0.6895007178139755 -4.1824367841649614e-05 2.0681833151299784 5.62571453298986e-05 1.5636842030835504e-06 0.9999999984163443 0.038967808876357535
1.0 0.0 0.0 0.0 0.0 1.0 0.0 0.0 0.0 0.0 1.0 0.0
-0.9760262380692688 -0.21765289352810893 2.322052473209234e-05 -2.038745103873322 0.21765289389044537 -0.9760262381585623 1.4393070291554567e-05 0.8050894158464463 1.9531148006620536e-05 1.9102028656525403e-05 0.9999999996268233 0.4787769278813462
0.6895173770980004 -0.7242691363822102 6.902217837935286e-05 -4.208107615847751 0.7242691367593096 0.6895173797402736 2.3958968685453835e-05 2.068315339601243 -6.494473313851834e-05 3.3470508306096985e-05 0.9999999973309535 0.039372434024667224
1.0 0.0 0.0 0.0 0.0 1.0 0.0 0.0 0.0 0.0 1.0 0.0
-0.9760270306165421 -0.2176493406374463 5.093170218416307e-06 -2.0385853239757896 0.2176493406110943 -0.9760270306215192 -5.262640994769604e-06 0.8045111288091245 6.116482147254099e-06 -4.027954723668054e-06 0.999999999973182 0.47891058902188266
0.6895045301965225 -0.7242813694525478 -2.6503121007288215e-05 -4.208246397492104 0.7242813687169573 0.6895045306973236 -3.282308860246047e-05 2.0678886863143218 4.204717357479427e-05 3.435951528003843e-06 0.9999999991101148 0.03896460011344327
1.0 0.0 0.0 0.0 0.0 1.0 0.0 0.0 0.0 0.0 1.0 0.0
-0.976025712209878 -0.2176552518351767 -2.1301792640975477e-05 -2.0386124104513508 0.21765525238394626 -0.976025711913315 -2.817423418225145e-05 0.8042572699113899 -1.4658827291235538e-05 -3.213522403720657e-05 0.9999999993762232 0.4788755310168047
0.6895084583811472 -0.7242776286438645 -4.9667643148348005e-05 -4.208197321336204 0.724277628917036 0.6895084597076794 -1.5551850586515766e-05 2.0674960236063624 4.551011758835368e-05 -2.5250030290501045e-05 0.9999999986456326 0.03920160814997253
1.0 0.0 0.0 0.0 0.0 1.0 0.0 0.0 0.0 0.0 1.0 0.0
-0.9760257309362719 -0.21765516865447054 1.0407263124753872e-05 -2.0386007770190573 0.2176551682303995 -0.9760257305629538 -3.1963228943879736e-05 0.8042492867033837 1.7114718581012113e-05 -2.8931739286774117e-05 0.9999999994350203 0.4786923653229489
0.6895088982447098 -0.7242772114340708 -1.5448393457757703e-05 -4.208268496224851 0.7242772077368332 0.6895088966139238 -8.856176017145877e-05 2.067680014886889 7.479506942420874e-05 4.9875202404843583e-05 0.9999999959590807 0.03860514473383969
1.0 0.0 0.0 0.0 0.0 1.0 0.0 0.0 0.0 0.0 1.0 0.0
-0.97603022558151 -0.21763501269266944 1.2520865101978443e-06 -2.0381877022809007 0.2176350126523721 -0.9760302252529296 2.5700508153265507e-05 0.8048277123340926 -4.371256139559213e-06 2.535697063388259e-05 0.9999999996689581 0.4795920244896236
0.6894945408044763 -0.7242908737929394 -9.13295324453838e-05 -4.2079357588564115 0.7242908681423158 0.6894945468431583 -9.054941691595e-05 2.068236319320611 0.00012855533088631957 -3.715817705322181e-06 0.9999999917298596 0.039417593973958664
1.0 0.0 0.0 0.0 0.0 1.0 0.0 0.0 0.0 0.0 1.0 0.0
-0.9760263179040672 -0.21765253676125573 -1.3653940004965222e-07 -2.038173367964442 0.21765253669414908 -0.9760263175871721 -2.5452428548845448e-05 0.8042578796254034 5.40651959256072e-06 -2.4871958265054607e-05 0.9999999996760777 0.4785111774637585
0.6895107679249772 -0.7242754312716616 -2.3911457435775207e-05 -4.208270198513808 0.724275427574939 0.6895107671633254 -8.35283391128809e-05 2.067720123652264 7.698473119497552e-05 4.027520818703226e-05 0.9999999962256293 0.038446700670600076
1.0 0.0 0.0 0.0 0.0 1.0 0.0 0.0 0.0 0.0 1.0 0.0
-0.9760267198049437 -0.2176507332288853 -2.348895359352571e-05 -2.0386926325724093 0.21765073421190967 -0.9760267183630229 -5.420816810652115e-05 0.8045478229774332 -1.1127398758293306e-05 -5.802100849913599e-05 0.9999999982548718 0.47904804716208743
0.6895052539798093 -0.7242806791458394 -5.050030455668664e-05 -4.208278630784923 0.72428067894869 0.6895052555665884 -2.54495328602725e-05 2.067794719559318 5.3252830343524486e-05 -1.9028808252950938e-05 0.9999999984010204 0.039278232560191584
1.0 0.0 0.0 0.0 0.0 1.0 0.0 0.0 0.0 0.0 1.0 0.0
-0.9760263779421376 -0.21765225804871363 6.42452177492453e-05 -2.0389298415501873 0.21765226111520075 -0.9760263783213985 4.5301818699990294e-05 0.8049105302804929 5.2844984070499334e-05 5.81988869289069e-05 0.9999999969101488 0.4792663659183555
0.6895242135232457 -0.7242626298311045 4.466858336593671e-05 -4.20777507710642 0.724262626546543 0.6895242147712226 7.093682329978655e-05 2.068453658366215 -8.217696006530748e-05 -1.6560871782897544e-05 0.9999999964863424 0.03895042823376321
1.0 0.0 0.0 0.0 0.0 1.0 0.0 0.0 0.0 0.0 1.0 0.0
-0.9760285677367166 -0.21764244751612266 -1.002444676662998e-06 -2.0379184057083144 0.21764244742478472 -0.9760285674415169 2.483968734711966e-05 0.8048990389899924 -6.384584991462624e-06 2.40260699516009e-05 0.9999999996909926 0.4788801982862462
0.689520678072674 -0.7242659966236251 -2.5396597193516297e-05 -4.20726426681402 0.7242659969390045 0.689520676861009 4.31171126667259e-05 2.068310027675515 -1.371677969025573e-05 -4.8124032547716647e-05 0.9999999987479639 0.03910735013609534
1.0 0.0 0.0 0.0 0.0 1.0 0.0 0.0 0.0 0.0 1.0 0.0
-0.9760257309362719 -0.21765516865447054 1.0407263124753872e-05 -2.0386007770190573 0.2176551682303995 -0.9760257305629538 -3.1963228943879736e-05 0.8042492867033837 1.7114718581012113e-05 -2.8931739286774117e-05 0.9999999994350203 0.4786923653229489
0.6895088982447098 -0.7242772114340708 -1.5448393457757703e-05 -4.208268496224851 0.7242772077368332 0.6895088966139238 -8.856176017145877e-05 2.067680014886889 7.479506942420874e-05 4.9875202404843583e-05 0.9999999959590807 0.03860514473383969
1.0 0.0 0.0 0.0 0.0 1.0 0.0 0.0 0.0 0.0 1.0 0.0
-0.9760270306165421 -0.2176493406374463 5.093170218416307e-06 -2.0385853239757896 0.2176493406110943 -0.9760270306215192 -5.262640994769604e-06 0.8045111288091245 6.116482147254099e-06 -4.027954723668054e-06 0.999999999973182 0.47891058902188266
0.6895045301965225 -0.7242813694525478 -2.6503121007288215e-05 -4.208246397492104 0.7242813687169573 0.6895045306973236 -3.282308860246047e-05 2.0678886863143218 4.204717357479427e-05 3.435951528003843e-06 0.9999999991101148 0.03896460011344327
1.0 0.0 0.0 0.0 0.0 1.0 0.0 0.0 0.0 0.0 1.0 0.0
-0.9760277720963554 -0.21764601538585845 9.125991057480065e-06 -2.0383963637979647 0.21764601517988635 -0.9760277719902087 -1.9497296069750456e-05 0.8049635564440251 1.3150729519415926e-05 -1.704366685664165e-05 0.9999999997682859 0.47898646950137974
0.6894999654831162 -0.7242857142192994 -4.214998806310384e-05 -4.208190500921383 0.724285711695048 0.6894999666674726 -6.164376701902462e-05 2.068353684241738 7.371011518708843e-05 1.1974741129643496e-05 0.9999999972117125 0.03929190887384926
1.0 0.0 0.0 0.0 0.0 1.0 0.0 0.0 0.0 0.0 1.0 0.0
-0.9760269364515818 -0.21764976236702344 1.620240802702294e-05 -2.0381469488646897 0.21764976251535847 -0.9760269365200719 8.015596638009091e-06 0.8047194274181929 1.4069393967370713e-05 1.1349888489687064e-05 0.999999999836616 0.47850723640255083
0.6895007167874442 -0.7242849992451639 -3.765678907716453e-05 -4.208252537721194 0.7242849980392623 0.6895007178139755 -4.1824367841649614e-05 2.0681833151299784 5.62571453298986e-05 1.5636842030835504e-06 0.9999999984163443 0.038967808876357535
1.0 0.0 0.0 0.0 0.0 1.0 0.0 0.0 0.0 0.0 1.0 0.0
-0.9760249634101184 -0.21765860921745317 -2.517541975865096e-05 -2.038993132676997 0.21765860993066813 -0.9760249631060751 -3.027926478145963e-05 0.804215609263855 -1.7981295480658522e-05 -3.503296516949767e-05 0.9999999992246822 0.4788263074935252
0.6895031636998525 -0.724282669861815 -3.722546460253232e-05 -4.208551373515094 0.7242826701089247 0.6895031643886795 -8.825212280761741e-06 2.0672322968854133 3.205902395208761e-05 -2.087674711046196e-05 0.9999999992681902 0.0393695060121626
1.0 0.0 0.0 0.0 0.0 1.0 0.0 0.0 0.0 0.0 1.0 0.0
-0.9760267071281464 -0.2176507903441454 2.0860388365322262e-05 -2.038609419179478 0.2176507906245953 -0.9760267072116469 1.2250622431445941e-05 0.8052286291769861 1.7693938512949767e-05 1.6497214692482875e-05 0.9999999997073832 0.47878420576545694
0.6895074224119241 -0.7242786164344868 1.4649593516366842e-05 -4.208227716168389 0.7242786159917594 0.6895074225253868 2.644730379561072e-05 2.0684142517064728 -2.925622006801954e-05 -7.625224952979581e-06 0.9999999995429647 0.03891782907817132
