1.0 0.0 0.0 0.0 0.0 1.0 0.0 0.0 0.0 0.0 1.0 0.0
-0.9760294147235229 -0.21763864806358038 2.1529400470178422e-05 -2.037837575023313 0.2176386490514522 -0.9760294122340651 6.995058431364152e-05 0.804473408907746 5.789377485383196e-06 7.29594575004209e-05 0.9999999973217004 0.4791230307596731
0.6894900752359561 -0.724295126958296 -7.221898287532631e-05 -4.208047544278261 0.7242951270385077 0.6894900782880191 -2.9843803442356643e-05 2.0681760736260086 7.140999355981987e-05 -3.173085109545244e-05 0.9999999969468829 0.039170817189252694
1.0 0.0 0.0 0.0 0.0 1.0 0.0 0.0 0.0 0.0 1.0 0.0
-0.9760267188638261 -0.21765073853874753 8.80065641145755e-06 -2.0387013099985776 0.21765073854958836 -0.9760267189010454 2.818247172631897e-07 0.8047349502373387 8.52833644359884e-06 2.190537821761211e-06 0.9999999999612346 0.47889252100683355
0.6895091054234964 -0.7242770139178313 2.5462921883780964e-05 -4.208164425196192 0.7242770127471839 0.6895091058069392 4.260670449659585e-05 2.0679246216171365 -4.8415973204987785e-05 -1.0935501704690051e-05 0.9999999987681542 0.03875940138012235
1.0 0.0 0.0 0.0 0.0 1.0 0.0 0.0 0.0 0.0 1.0 0.0
-0.9760277229833786 -0.217646233019651 3.493189699622894e-05 -2.038198393571186 0.21764623459707413 -0.9760277219494197 5.0516747547679725e-05 0.8044644607882717 2.3099720040442848e-05 5.690854193005273e-05 0.9999999981139104 0.4788876803111953
0.6894972896370916 -0.7242882611948658 -4.773282144457254e-05 -4.2082151782166655 0.7242882583856034 0.6894972912176299 -6.456237516591768e-05 2.0680343318934216 7.967342153574021e-05 9.943260577511655e-06 0.9999999967766386 0.03876919636988441
1.0 0.0 0.0 0.0 0.0 1.0 0.0 0.0 0.0 0.0 1.0 0.0
-0.9760257309362719 -0.21765516865447054 1.0407263124753872e-05 -2.0386007770190573 0.2176551682303995 -0.9760257305629538 -3.1963228943879736e-05 0.8042492867033837 1.7114718581012113e-05 -2.8931739286774117e-05 0.9999999994350203 0.4786923653229489
0.6895088982447098 -0.7242772114340708 -1.5448393457757703e-05 -4.208268496224851 0.7242772077368332 0.6895088966139238 -8.856176017145877e-05 2.067680014886889 7.479506942420874e-05 4.9875202404843583e-05 0.9999999959590807 0.03860514473383969
1.0 0.0 0.0 0.0 0.0 1.0 0.0 0.0 0.0 0.0 1.0 0.0
-0.9760219879851592 -0.21767191762167 -0.00012348442251862302 -2.037757592442593 0.21767192421499332 -0.976021993397746 -4.257266548916833e-05 0.8042787304652242 -0.00011125663848490464 -6.843094946477114e-05 0.9999999914695826 0.47906322435629156
0.6895823410322309 -0.7242072400255443 -0.0002615933684660583 -4.206767793241735 0.7242072800100636 0.689582340281702 0.00010748038964467023 2.0673120515537993 0.00010255209088755802 -0.0002635644005517052 0.9999999600084367 0.03988300889210861
1.0 0.0 0.0 0.0 0.0 1.0 0.0 0.0 0.0 0.0 1.0 0.0
-0.9760270306165421 -0.2176493406374463 5.093170218416307e-06 -2.0385853239757896 0.2176493406110943 -0.9760270306215192 -5.262640994769604e-06 0.8045111288091245 6.116482147254099e-06 -4.027954723668054e-06 0.999999999973182 0.47891058902188266
0.6895045301965225 -0.7242813694525478 -2.6503121007288215e-05 -4.208246397492104 0.7242813687169573 0.6895045306973236 -3.282308860246047e-05 2.0678886863143218 4.204717357479427e-05 3.435951528003843e-06 0.9999999991101148 0.03896460011344327
1.0 0.0 0.0 0.0 0.0 1.0 0.0 0.0 0.0 0.0 1.0 0.0
-0.9760267944294301 -0.21765039960204166 1.0434703843278486e-05 -2.0389139306574777 0.2176503995708422 -0.9760267944837573 -4.051463478319476e-06 0.8049613552718808 1.1066353188571021e-05 -1.6832194505977593e-06 0.9999999999373513 0.47894127545453447
0.6895092783565288 -0.7242768492919903 2.5296788027033797e-05 -4.208395115637275 0.7242768481019068 0.6895092787270202 4.304546028050735e-05 2.068188104940194 -4.861920041491518e-05 -1.1358366355210937e-05 0.9999999987535807 0.0387532430856557
1.0 0.0 0.0 0.0 0.0 1.0 0.0 0.0 0.0 0.0 1.0 0.0
-0.9760232880053046 -0.2176661232135418 8.746509931044797e-06 -2.0389484200316903 0.21766612199520605 -0.9760232855141113 -7.395814793983727e-05 0.804133770466009 2.463498070182484e-05 -7.028105582944832e-05 0.9999999972268456 0.47819420155201253
0.6895116761602899 -0.7242745670146181 -3.7967076026771845e-06 -4.208433824033248 0.724274562180245 0.6895116721452991 -0.00011204467092210954 2.0674894279188263 8.376897972643225e-05 7.450625011591955e-05 0.9999999937157882 0.038971770834211716
1.0 0.0 0.0 0.0 0.0 1.0 0.0 0.0 0.0 0.0 1.0 0.0
-0.9760269178565825 -0.21764984609717586 -1.064214979407471e-05 -2.0391149611017516 0.21764984634948756 -0.9760269170702691 -3.922179187144965e-05 0.8045889029632314 -1.8504076900390548e-06 -4.0597786900602836e-05 0.9999999991741978 0.4788279648860568
0.6894819501091334 -0.7243028649552639 -1.706759803463538e-05 -4.208605788348833 0.7243028650361092 0.6894819502326254 -1.974752331771767e-06 2.0674584826551525 1.3198119550189482e-05 -1.1000554067073956e-05 0.9999999998523986 0.04040832295235258
1.0 0.0 0.0 0.0 0.0 1.0 0.0 0.0 0.0 0.0 1.0 0.0
-0.9760273094381803 -0.21764809010538597 1.0214903387450764e-05 -2.03789738146711 0.21764808991698875 -0.9760273093871072 -1.691302180180682e-05 0.8041921422241325 1.3651111561978367e-05 -1.4284316952724235e-05 0.9999999998048027 0.47869819889855963
0.6895021392486835 -0.72428364414005 -5.294051500837539e-05 -4.207723256648812 0.7242836411968527 0.6895021412462665 -6.566157085572794e-05 2.0676202990429937 8.406020027629284e-05 6.929844594340843e-06 0.9999999964429301 0.03904899893171815
1.0 0.0 0.0 0.0 0.0 1.0 0.0 0.0 0.0 0.0 1.0 0.0
-0.9760307876383232 -0.21763248936218615 -3.400194707914239e-05 -2.037934300788462 0.21763248945965508 -0.9760307882084812 8.514864306355468e-07 0.8050761685387257 -3.337225831983378e-05 -6.568851417761322e-06 0.9999999994215714 0.4792371052986708
0.689490646362864 -0.7242945802978915 -9.761773068625394e-05 -4.20823630674667 0.7242945843048199 0.6894906490095762 8.663793160745553e-06 2.0685869031595745 6.103137405455607e-05 -7.667759801454095e-05 0.9999999951978586 0.0394135389606704
1.0 0.0 0.0 0.0 0.0 1.0 0.0 0.0 0.0 0.0 1.0 0.0
-0.9760268541678386 -0.21765013181838963 7.91647831972894e-06 -2.0384366932270033 0.21765013182539292 -0.9760268541983819 2.3723390067696778e-08 0.8045474156881873 7.721532031760506e-06 1.7461772156534624e-06 0.9999999999686646 0.47863315544349183
0.6895033360362003 -0.7242825063424829 -2.4519416062592816e-05 -4.208386084993408 0.7242825057564123 0.689503336467994 -2.9235533706666935e-05 2.068013194698574 3.808100481072168e-05 2.3990139160422834e-06 0.999999999272041 0.03877422528224156
1.0 0.0 0.0 0.0 0.0 1.0 0.0 0.0 0.0 0.0 1.0 0.0
-0.9760256649883942 -0.21765546417815435 1.4048289111922435e-05 -2.038438105291031 0.2176554636996941 -0.976025664749266 -2.9536825799426917e-05 0.8042610065654927 2.0140342248776964e-05 -2.577101316167686e-05 0.9999999994651108 0.47837075497192694
0.6895080169207606 -0.7242780505046912 -1.2614427395492307e-05 -4.2084215768613635 0.7242780470818815 0.6895080151733012 -8.675845352485287e-05 2.0677946727153858 7.153499237979422e-05 5.068429640196641e-05 0.9999999961569233 0.03836383186292136
1.0 0.0 0.0 0.0 0.0 1.0 0.0 0.0 0.0 0.0 1.0 0.0
-0.9760291798432416 -0.217639702476333 7.356640040337792e-07 -2.038149671675267 0.21763970244037192 -0.9760291797333194 -1.5191122162007893e-05 0.8050997923509624 4.024220842042608e-06 -1.4666868809762452e-05 0.9999999998843441 0.47920658086478934
0.6894934874403573 -0.72429187893435 -6.990766730934937e-05 -4.208064147720723 0.7242918784012449 0.6894934905345496 -3.731594521976747e-05 2.0685597995059783 7.522851762569646e-05 -2.49044544634166e-05 0.9999999968602192 0.03969671086987647
1.0 0.0 0.0 0.0 0.0 1.0 0.0 0.0 0.0 0.0 1.0 0.0
-0.9760287832688056 -0.21764148021439617 1.7913715742783566e-05 -2.038738932312025 0.2176414808264264 -0.9760287821930003 4.64168999572014e-05 0.8046549253045197 7.382059347330919e-06 4.920299800970042e-05 0.9999999987622851 0.4795933102956337
0.6894917828953141 -0.7242935012225047 -7.353017474760939e-05 -4.208555465957037 0.7242934979267169 0.6894917867944126 -6.931182192185045e-05 2.0678406371089073 0.00010090055374591861 -5.46749579849304e-06 0.9999999948945925 0.03942616717504166
1.0 0.0 0.0 0.0 0.0 1.0 0.0 0.0 0.0 0.0 1.0 0.0
-0.976026924483419 -0.21764981641351838 9.92978754152961e-06 -2.0380244714906555 0.21764981614236745 -0.976026924321147 -2.309537560785678e-05 0.804044237002584 1.4718444254373023e-05 -2.0380491991585108e-05 0.9999999996840016 0.47843616776115117
0.6895039246172365 -0.7242819458481176 -2.925564454696495e-05 -4.208067600563611 0.7242819435982204 0.6895039249279065 -6.0717354221591784e-05 2.067602378536445 6.414836520378911e-05 2.0675518934465448e-05 0.9999999977287551 0.038558307952884785
1.0 0.0 0.0 0.0 0.0 1.0 0.0 0.0 0.0 0.0 1.0 0.0
-0.9760283011062298 -0.2176436420491896 -2.269916034237382e-05 -2.0381586977167747 0.2176436422906279 -0.976028301277193 -8.742246052366531e-06 0.8047983486050289 -2.025232863885881e-05 -1.3473007496203958e-05 0.9999999997041606 0.4791326033364066
0.6895175013837603 -0.7242690213311459 -5.051799288077243e-06 -4.207650110300295 0.7242690210946704 0.6895175009403252 3.12982055387486e-05 2.0680458540541005 -1.9185016674600496e-05 -2.5239522206014772e-05 0.999999999497451 0.03869776265945163
1.0 0.0 0.0 0.0 0.0 1.0 0.0 0.0 0.0 0.0 1.0 0.0
-0.9760245283892401 -0.21766056132787243 -4.9996069444061855e-06 -2.0389809138664163 0.21766056136079617 -0.9760245276773042 -3.742189635361738e-05 0.80446328752802 3.2655319597966314e-06 -3.7612905994072406e-05 0.9999999992873029 0.4786689276065077
0.68950967833383 -0.7242764679318603 3.8524360303948385e-05 -4.208289438049743 0.7242764641898738 0.6895096789230428 7.805162296179565e-05 2.067531448010168 -8.309387309901524e-05 -2.5915061975702038e-05 0.999999996211909 0.038947950325648684
1.0 0.0 0.0 0.0 0.0 1.0 0.0 0.0 0.0 0.0 1.0 0.0
-0.976027972773332 -0.21764511559182914 -4.795740665591162e-06 -2.038178851509267 0.21764511555738408 -0.9760279727690082 6.814064275423524e-06 0.8047849065400055 -6.163824846637233e-06 5.606947809748414e-06 0.9999999999652847 0.47865148356615017
0.6894957951823719 -0.7242896826384073 -6.363477515620595e-05 -4.2084637613744995 0.724289681755397 0.6894957978741869 -4.020578023415439e-05 2.0679718235376754 7.299654187489934e-05 -1.836829463298981e-05 0.9999999971670553 0.03931919143370116
1.0 0.0 0.0 0.0 0.0 1.0 0.0 0.0 0.0 0.0 1.0 0.0
-0.9760298576721019 -0.2176366624163312 1.0239911731342467e-05 -2.0386005331544217 0.21763666262894443 -0.9760298572234564 2.980090080018387e-05 0.8048126073841175 3.5086909979713137e-06 3.131514918132813e-05 0.9999999995035251 0.4796969847470968
0.6894885359106858 -0.7242965911126716 -8.336847258853775e-05 -4.208363923568415 0.7242965859087214 0.6894885409506776 -8.682554459983525e-05 2.067980234607881 0.00012036905250151966 -5.182824425152991e-07 0.9999999927555113 0.03952224533936155
