1.0 0.0 0.0 0.0 0.0 1.0 0.0 0.0 0.0 0.0 1.0 0.0
-0.9759702191756698 -0.21790303423214016 0.0006316285472582711 -2.0451661727359496 0.2179028672178443 -0.9759704074041926 -0.0003230008296583213 0.8040565028471911 0.0006868336314378234 -0.00017760551905127153 0.9999997483578895 0.4789750761718016
0.6894390201623939 -0.7243437185793289 0.00012178747202760218 -4.210526199454993 0.724343624781714 0.6894388212807009 -0.000651881251068281 2.062969763889755 0.0003882210783094776 0.000537648349940226 0.9999997801092989 0.0343152160869977
1.0 0.0 0.0 0.0 0.0 1.0 0.0 0.0 0.0 0.0 1.0 0.0
-0.9759725600379814 -0.21789262973552562 0.0006032908462759148 -2.0448769554003605 0.2178924488836763 -0.9759727235332163 -0.0003516228533182027 0.8037937784554016 0.0006654114385071727 -0.00021172173643663195 0.9999997562007322 0.47758051268297774
0.6894471825647279 -0.7243359450508382 0.0001454677542945471 -4.210323084308681 0.724335851037245 0.6894469552888424 -0.0006861086612387071 2.062991844881431 0.00039668086525482434 0.0005784031930297015 0.9999997540469885 0.0344299130491929
1.0 0.0 0.0 0.0 0.0 1.0 0.0 0.0 0.0 0.0 1.0 0.0
-0.9759980106646291 -0.21777897504888308 0.00044855918703366266 -2.0425727938559626 0.21777894578569124 -0.975998113651293 -0.00011367317484840234 0.8041555958688014 0.0004625485479148525 -1.3258045643338434e-05 0.9999998929365268 0.48021283206559917
0.6894209924599342 -0.7243608873243396 8.381806063942756e-06 -4.211070348763641 0.7243608220634142 0.6894209253408969 -0.00043262190823337187 2.0635847865717523 0.00030759579683124197 0.00030433007726501406 0.9999999063840106 0.03309983135042831
1.0 0.0 0.0 0.0 0.0 1.0 0.0 0.0 0.0 0.0 1.0 0.0
-0.976022285636424 -0.21767033716544762 0.00034965601974682175 -2.040218973645243 0.2176703354913044 -0.9760223476808454 -4.329749995535224e-05 0.8031519688420361 0.000350696670687739 3.385041825609836e-05 0.9999999379329952 0.4791708101285753
0.6893254518746383 -0.7244517780650154 -0.00020653392716565006 -4.209496604362883 0.7244515957134514 0.6893254403340694 -0.0005681342053745126 2.0612558602235067 0.0005539549255505071 0.0002420055347411021 0.9999998172836141 0.027818133316184615
1.0 0.0 0.0 0.0 0.0 1.0 0.0 0.0 0.0 0.0 1.0 0.0
-0.9760388392897992 -0.21759625288130202 0.00023437115550266932 -2.0399933685666722 0.2175962268006737 -0.9760388643355769 -0.00013186594346789701 0.8025807865724277 0.0002574488916311096 -7.770800329603977e-05 0.9999999638407665 0.4779819456649938
0.6893607305922984 -0.7244182198660021 -0.0001607589045177867 -4.210457722404986 0.7244181266474533 0.6893607308154399 -0.00040074205837209665 2.06253737109052 0.00040112572445482383 0.00015979917368577796 0.9999999067811843 0.02969680988189769
1.0 0.0 0.0 0.0 0.0 1.0 0.0 0.0 0.0 0.0 1.0 0.0
-0.9760021433825357 -0.2177605836727989 0.00037988311136765926 -2.042696301965344 0.2177605288673008 -0.9760022128281536 -0.00018061556326880718 0.8034309087394184 0.00041009770778869387 -9.355762963952907e-05 0.999999911533416 0.47894401499603706
0.6893864780006678 -0.7243937354428863 9.676714494072348e-07 -4.210174022062971 0.7243936289273815 0.6893863759070138 -0.0005432156221072567 2.062572792348546 0.0003928348941356313 0.00037518647955230716 0.9999998524579149 0.032039818862478135
1.0 0.0 0.0 0.0 0.0 1.0 0.0 0.0 0.0 0.0 1.0 0.0
-0.9760148906614501 -0.21770335461613227 0.00042731253192528513 -2.0417425981221946 0.21770326451231958 -0.9760149728724605 -0.0002476882093018958 0.8025369800096628 0.0004709859833190097 -0.00014872004735272393 0.9999998780272681 0.4783322242987892
0.689329601570108 -0.7244478305180261 -0.0002031179981848228 -4.209132141902766 0.7244476130270593 0.6893295714748984 -0.000630769077455736 2.060943046905688 0.0005969745323682486 0.0002876594478974769 0.9999997804367008 0.0277140380651253
1.0 0.0 0.0 0.0 0.0 1.0 0.0 0.0 0.0 0.0 1.0 0.0
-0.9759980448328607 -0.21777861946173038 0.0005379477446790682 -2.043848976115029 0.21777841487933086 -0.9759981508837425 -0.00041410646034738887 0.8026882146788228 0.0006152195373234776 -0.0002870136885274044 0.9999997695640052 0.4782294643716992
0.6894361564186506 -0.7243464539575535 2.9356358160308518e-05 -4.210450450968166 0.7243463502486411 0.6894360348262132 -0.0005645924028735169 2.0632252448469868 0.00038872117378582587 0.00041051458707029847 0.9999998401867987 0.032598374863848326
1.0 0.0 0.0 0.0 0.0 1.0 0.0 0.0 0.0 0.0 1.0 0.0
-0.9759991691734606 -0.21777382310511176 0.00042865242080606574 -2.0441374865353126 0.21777365665535095 -0.9759992171022416 -0.00040333952067535684 0.8027768302158601 0.0005062012165425525 -0.00030030983196083216 0.9999998267871516 0.4765801661378188
0.689477331474224 -0.7243072460457584 0.00015069436896076105 -4.2110064861271725 0.7243072185338293 0.6894772035932601 -0.0004887790975251605 2.0644427307940556 0.00025012590994486373 0.00044615112707270706 0.9999998691930919 0.03549375581172297
1.0 0.0 0.0 0.0 0.0 1.0 0.0 0.0 0.0 0.0 1.0 0.0
-0.976054500668561 -0.217526049311108 0.00017203414764844832 -2.0396907786810634 0.21752603204038923 -0.9760545130610725 -0.00011365683474192887 0.8014234148747559 0.00019263802845150002 -7.351335956812255e-05 0.9999999787431878 0.47804948076354126
0.6894160684991086 -0.7243655636644403 -0.00012112939383150182 -4.210661822990799 0.7243654985023209 0.689416063445131 -0.00034065129324030126 2.064079178118601 0.00033026461590384033 0.00014710852156882542 0.9999999346421811 0.03068179320473208
1.0 0.0 0.0 0.0 0.0 1.0 0.0 0.0 0.0 0.0 1.0 0.0
-0.9760318902580676 -0.21762743961946382 0.0002161572117839754 -2.0416009211497337 0.21762737131748489 -0.9760318829837944 -0.00030108561923798926 0.8016078804473699 0.0002765008228590368 -0.00024682744028248216 0.9999999313117525 0.475579320584804
0.68940286201904 -0.7243781427710083 -1.0750869309409185e-05 -4.209940010029443 0.724378046282099 0.6894027777005947 -0.0005061257091751992 2.0630890986667496 0.00037403808038559286 0.0003411368187406158 0.9999998718605845 0.03169474968300704
1.0 0.0 0.0 0.0 0.0 1.0 0.0 0.0 0.0 0.0 1.0 0.0
-0.9760199616447356 -0.21768039711478632 0.0005283776659824863 -2.0420418698389433 0.2176802525674593 -0.9760200851374308 -0.00031788439545599374 0.8020160011156783 0.0005849044159763825 -0.0001952441316782072 0.9999998098832585 0.4795264740290619
0.6893736028249842 -0.7244059573957432 -0.00021122892160693832 -4.210108075293599 0.7244057746247591 0.689373594183658 -0.0005668620714019032 2.061990900439294 0.0005562539024289424 0.00023776429788733514 0.9999998170248506 0.02832987418249397
1.0 0.0 0.0 0.0 0.0 1.0 0.0 0.0 0.0 0.0 1.0 0.0
-0.9760321849743665 -0.2176258291349273 0.00041519573591569024 -2.0421344395909093 0.2176256481931655 -0.9760322141587097 -0.00044065059956023566 0.8009038693354266 0.0005011413655231431 -0.00033973192634328964 0.9999998167197582 0.4766465711204868
0.689390122414867 -0.7243902481300013 -0.00016592459108865702 -4.209939072673611 0.7243900627639616 0.6893900818934425 -0.0005932586082989371 2.062294167417936 0.0005441375179096714 0.0002887924996460801 0.9999998102566089 0.028874324248516603
1.0 0.0 0.0 0.0 0.0 1.0 0.0 0.0 0.0 0.0 1.0 0.0
-0.9760216797243795 -0.21767286211796272 0.00045365777323788566 -2.0417631966837346 0.21767275065460942 -0.9760217690778503 -0.0002826810930023146 0.8020970876617555 0.000504311864972018 -0.000177153939862007 0.999999857143002 0.4788896983690176
0.6893956349801169 -0.7243850018701873 -0.0001659394173352575 -4.210006766477037 0.7243848515549345 0.6893956123757248 -0.0005258087440073158 2.062678510235365 0.0004952858742422121 0.00024228625275950991 0.9999998479946257 0.029130822680883774
1.0 0.0 0.0 0.0 0.0 1.0 0.0 0.0 0.0 0.0 1.0 0.0
-0.9760048163741855 -0.21774851909966148 0.0004252579170324732 -2.0433204566206036 0.2177483728575948 -0.9760048734475366 -0.00036486234222184665 0.8025785461350475 0.0004945020341898809 -0.00026350818384351937 0.9999998430155753 0.47626444235033893
0.6894432151170571 -0.7243397316012283 7.970518223337528e-05 -4.210383914880923 0.7243396611690657 0.689443089716246 -0.0005303772233750126 2.0635785304348033 0.0003292211085214867 0.00042339860280087016 0.999999856173532 0.03389037860251047
