1.0 0.0 0.0 0.0 0.0 1.0 0.0 0.0 0.0 0.0 1.0 0.0
-0.9760259436648989 -0.21765421403972973 2.00945712787933e-05 -2.0386173465947395 0.21765421346558472 -0.9760259436162914 -2.736066716095448e-05 0.8044548998385442 2.5567987400468264e-05 -2.233105287846509e-05 0.999999999423801 0.4786137551477687
0.6895112527898455 -0.7242749700693569 -2.6851111733889475e-06 -4.208277378037657 0.7242749656882437 0.6895112490175404 -0.00010749681223922407 2.0679208818184156 7.970866482603192e-05 7.217550287500708e-05 0.9999999942186126 0.03901194539246455
1.0 0.0 0.0 0.0 0.0 1.0 0.0 0.0 0.0 0.0 1.0 0.0
-0.9760251147150361 -0.21765792909474357 -3.671087816671433e-05 -2.038758044313735 0.21765793066297157 -0.9760251139650848 -4.614061950035127e-05 0.8044669204364374 -2.57878673588307e-05 -5.3024817215443224e-05 0.9999999982616774 0.47889849050786687
0.6895153243204819 -0.7242710935855938 2.2881202156526287e-05 -4.208091681778729 0.7242710906469738 0.6895153238505028 7.367754015079438e-05 2.0674287817009636 -6.913945209275637e-05 -3.422959975098805e-05 0.9999999970240353 0.03903268740651433
1.0 0.0 0.0 0.0 0.0 1.0 0.0 0.0 0.0 0.0 1.0 0.0
-0.9760251837868532 -0.2176576224505138 1.7402756811144048e-06 -2.0386696249333367 0.21765762229990576 -0.9760251833533286 -3.024653243871113e-05 0.8042803836916241 8.281941228727646e-06 -2.914259311550553e-05 0.9999999995410592 0.47838012315989153
0.689504830734323 -0.7242810834802095 -2.25114836700081e-05 -4.2085079303593185 0.7242810832211618 0.6895048310960894 -1.957379827562649e-05 2.0676786497027853 2.9698708568504976e-05 -2.8084133105661592e-06 0.9999999995550498 0.03884384550380621
1.0 0.0 0.0 0.0 0.0 1.0 0.0 0.0 0.0 0.0 1.0 0.0
-0.9760296742198686 -0.2176374808769184 -4.4269705523380216e-05 -2.037998330954272 0.21763748013030035 -0.9760296751623684 2.1094441102034624e-05 0.8044028594819406 -4.7799487323473276e-05 1.0954053320448041e-05 0.9999999987976087 0.4793717323179432
0.6895010835770642 -0.7242846437620221 -0.00010274519273306374 -4.207736082341168 0.7242846486493422 0.6895010859034135 1.6398561731744972e-05 2.0676872237770234 5.89656955187164e-05 -8.572359190221682e-05 0.9999999945872563 0.03948200427567505
1.0 0.0 0.0 0.0 0.0 1.0 0.0 0.0 0.0 0.0 1.0 0.0
-0.976028108914559 -0.21764450474954358 1.2688389062371053e-05 -2.0382625529228497 0.21764450509142352 -0.9760281080652397 4.086682279264636e-05 0.804169699422411 3.489784963548612e-06 4.264872592554384e-05 0.9999999990844537 0.4794829533635951
0.6894883403281735 -0.7242967782083481 -7.50233792467878e-05 -4.207748237906747 0.7242967797116232 0.6894883427626098 -9.687165204304166e-06 2.0675922284179915 5.8744127972766904e-05 -4.766000453233203e-05 0.9999999971388257 0.03964729623934038
1.0 0.0 0.0 0.0 0.0 1.0 0.0 0.0 0.0 0.0 1.0 0.0
-0.9760270023040448 -0.2176494675460075 7.093633138438525e-06 -2.0387491661825434 0.21764946748377983 -0.9760270023056982 -8.612759787474648e-06 0.8046757705605887 8.798140069420726e-06 -6.862360641871181e-06 0.9999999999377506 0.4789486393725539
0.6895046761056657 -0.7242812306410484 -2.3864394022531664e-05 -4.20845055688405 0.7242812297322064 0.6895046764675548 -3.7242114201580294e-05 2.068096429477464 4.342837558519893e-05 8.39407924059798e-06 0.9999999990217577 0.03902612175032821
1.0 0.0 0.0 0.0 0.0 1.0 0.0 0.0 0.0 0.0 1.0 0.0
-0.9760362493298065 -0.2176079659339878 -0.00011470081056859718 -2.0384324138057237 0.21760797133110737 -0.9760362541748894 -3.6734316291392855e-05 0.8055812902010215 -0.00010395846965005299 -6.0813834992608167e-05 0.9999999927471569 0.4798823158119247
0.6895458425383152 -0.7242420300779604 -0.00011360756722127314 -4.207136910710108 0.7242420387730487 0.6895458300240043 0.00013255325314740597 2.069031506870976 -1.766301291631832e-05 -0.0001736809207271011 0.9999999847614778 0.03837171938653611
1.0 0.0 0.0 0.0 0.0 1.0 0.0 0.0 0.0 0.0 1.0 0.0
-0.9760279533014112 -0.21764520289179468 5.696282431918564e-06 -2.038330783933084 0.2176452020272395 -0.9760279511870497 -6.735081324686304e-05 0.8046950625894106 2.021831228544569e-05 -6.449650786581623e-05 0.9999999977157101 0.47907132831080146
0.6895306364898288 -0.7242565158640549 2.3882867702722827e-05 -4.207476729048627 0.7242565160498877 0.6895306367071575 1.225325056555624e-06 2.068264431897576 -1.7355418629712915e-05 1.645242338950046e-05 0.9999999997140536 0.038596541350168434
1.0 0.0 0.0 0.0 0.0 1.0 0.0 0.0 0.0 0.0 1.0 0.0
-0.9760288848806009 -0.21764102518531417 -5.91735623966792e-06 -2.038315368578842 0.21764102523738096 -0.9760288848316385 -1.0388918592863173e-05 0.8046301823671078 -3.514455718629003e-06 -1.142774410801977e-05 0.9999999999285276 0.47918284447781406
0.6894978689818938 -0.7242877093401562 -5.26138475085892e-05 -4.208001232994411 0.724287710144916 0.6894978701244673 -5.182505334514022e-06 2.0680319050400353 4.003076071361859e-05 -3.453423674976072e-05 0.9999999986024622 0.039238248080327776
1.0 0.0 0.0 0.0 0.0 1.0 0.0 0.0 0.0 0.0 1.0 0.0
-0.9760258718883646 -0.21765453683077218 -1.240554880380203e-06 -2.0389021693903455 0.2176545365451475 -0.9760258702820362 -5.710962468994744e-05 0.8045228317768558 1.1219355253715841e-05 -5.6010483628770794e-05 0.9999999983684759 0.47884492056302386
0.689503477024101 -0.724282372133745 -2.4248498865941458e-05 -4.20843910074653 0.7242823715634683 0.6895034774465868 -2.883506619194107e-05 2.0678427357211735 3.7604154433063466e-05 2.3191181340894436e-06 0.9999999992902745 0.03910030300551054
1.0 0.0 0.0 0.0 0.0 1.0 0.0 0.0 0.0 0.0 1.0 0.0
-0.9760274165827284 -0.21764760649579284 3.828182789276517e-05 -2.039255432626755 0.21764760795898205 -0.9760274162112536 3.94172230182048e-05 0.8044022957893631 2.8785049321395756e-05 4.6804238620475804e-05 0.999999998490392 0.47949336169654355
0.6894940853754093 -0.7242913127518112 -2.2463004316618563e-05 -4.208834510127685 0.7242913111107723 0.6894940854486568 -5.2732906377329394e-05 2.0676736223910126 5.3682094602974575e-05 2.0089268203855633e-05 0.9999999983573271 0.039010309070703464
1.0 0.0 0.0 0.0 0.0 1.0 0.0 0.0 0.0 0.0 1.0 0.0
-0.9760296601384082 -0.21763754549232586 3.6361797394801406e-05 -2.037645239423324 0.2176375481378311 -0.9760296547862498 0.00010304556029475551 0.8045452561968962 1.3063609742223007e-05 0.00010848921562415121 0.9999999940297161 0.47929951058065234
0.6895011280423184 -0.7242846077170733 -3.8111626777424045e-05 -4.207104233138962 0.7242846087195677 0.6895011271282412 3.550814318216861e-05 2.067975975872259 5.600080642688891e-07 -5.208656946694467e-05 0.9999999986433378 0.039005191386695504
1.0 0.0 0.0 0.0 0.0 1.0 0.0 0.0 0.0 0.0 1.0 0.0
-0.9760285992821909 -0.21764230605062315 4.5918143718543937e-07 -2.038445365538527 0.21764230586893202 -0.9760285983767197 4.297476595828746e-05 0.8042940980855813 -8.904952950611488e-06 4.204453792954887e-05 0.9999999990764793 0.47948836948514034
0.6895015353207995 -0.7242842185459818 -5.9627985845028404e-05 -4.208053318908039 0.7242842168906284 0.6895015378420047 -4.9765852945022854e-05 2.0676857354641216 7.715820984912544e-05 -8.873977020390738e-06 0.9999999969839316 0.03893134133396631
1.0 0.0 0.0 0.0 0.0 1.0 0.0 0.0 0.0 0.0 1.0 0.0
-0.9760233240434655 -0.21766596179147749 7.314559716958629e-07 -2.0392234626998054 0.21766596105302646 -0.976023320998236 -7.916082899181361e-05 0.8040088885915533 1.7944536065393928e-05 -7.710360237965981e-05 0.9999999968665141 0.4782884394207617
0.6895127018625588 -0.7242735904758159 1.0462565627912842e-05 -4.208592711167717 0.7242735874290541 0.6895126974767998 -0.00010281496299704616 2.067382019324539 6.725209055588863e-05 7.846998286903797e-05 0.9999999946598092 0.03881482701221106
1.0 0.0 0.0 0.0 0.0 1.0 0.0 0.0 0.0 0.0 1.0 0.0
-0.9760254184803804 -0.2176565699747806 5.1973689499632665e-06 -2.038554525064603 0.2176565697599064 -0.9760254181648548 -2.7138034132138742e-05 0.8044023933399624 1.0979535627802644e-05 -2.5356169623132715e-05 0.9999999996182573 0.4786181539177652
0.6895037119211406 -0.7242821479092579 -3.830040898365597e-05 -4.208201835457345 0.72428214709126 0.6895037129741032 -3.4638131916736984e-05 2.0676942808962733 5.1496054786881516e-05 -3.857181922550194e-06 0.9999999986666391 0.039232517545458034
1.0 0.0 0.0 0.0 0.0 1.0 0.0 0.0 0.0 0.0 1.0 0.0
-0.9760268310296635 -0.21765023565726693 5.3413029176060075e-06 -2.0384069657194095 0.21765023547088344 -0.9760268307867864 -2.416136580044612e-05 0.8042027423524529 1.0471981919213313e-05 -2.2419605457828042e-05 0.9999999996938495 0.47883724516867876
0.6895049837569631 -0.7242809374856736 -3.1131724423784113e-05 -4.2081497681379005 0.7242809349894176 0.6895049841252042 -6.385418562700667e-05 2.0676966312179594 6.771384858292368e-05 2.1479664750068778e-05 0.9999999974767292 0.038859915437871984
1.0 0.0 0.0 0.0 0.0 1.0 0.0 0.0 0.0 0.0 1.0 0.0
-0.9760277229833786 -0.217646233019651 3.493189699622894e-05 -2.038198393571186 0.21764623459707413 -0.9760277219494197 5.0516747547679725e-05 0.8044644607882717 2.3099720040442848e-05 5.690854193005273e-05 0.9999999981139104 0.4788876803111953
0.6894972896370916 -0.7242882611948658 -4.773282144457254e-05 -4.2082151782166655 0.7242882583856034 0.6894972912176299 -6.456237516591768e-05 2.0680343318934216 7.967342153574021e-05 9.943260577511655e-06 0.9999999967766386 0.03876919636988441
1.0 0.0 0.0 0.0 0.0 1.0 0.0 0.0 0.0 0.0 1.0 0.0
-0.9760276241592559 -0.2176466789417206 4.86606822910911e-06 -2.038660467399447 0.21764667875540125 -0.9760276238873531 -2.521012315247172e-05 0.804766128812643 1.023631659117771e-05 -2.3546693016609717e-05 0.9999999996703854 0.47905570352143023
0.689502603630625 -0.7242832035048317 -2.6596406145167032e-05 -4.2083259822567864 0.7242832024039181 0.6895026040854249 -4.0926077570204384e-05 2.0681657116696126 4.798036186585608e-05 8.955306825797876e-06 0.9999999988088436 0.039033913527442066
1.0 0.0 0.0 0.0 0.0 1.0 0.0 0.0 0.0 0.0 1.0 0.0
-0.9760270306165421 -0.2176493406374463 5.093170218416307e-06 -2.0385853239757896 0.2176493406110943 -0.9760270306215192 -5.262640994769604e-06 0.8045111288091245 6.116482147254099e-06 -4.027954723668054e-06 0.999999999973182 0.47891058902188266
0.6895045301965225 -0.7242813694525478 -2.6503121007288215e-05 -4.208246397492104 0.7242813687169573 0.6895045306973236 -3.282308860246047e-05 2.0678886863143218 4.204717357479427e-05 3.435951528003843e-06 0.9999999991101148 0.03896460011344327
1.0 0.0 0.0 0.0 0.0 1.0 0.0 0.0 0.0 0.0 1.0 0.0
-0.976030197911581 -0.21763513630139572 1.455174743178687e-05 -2.0390186172974065 0.21763513669443518 -0.9760301972701302 3.595585711938063e-05 0.8044805051460471 6.37768705145924e-06 3.8260973881775316e-05 0.9999999992477115 0.4796091673751094
0.6895062982708811 -0.7242796852270186 -4.7034425250617134e-05 -4.208490748736303 0.7242796830868206 0.6895062998607556 -5.585682372755299e-05 2.068043300407167 7.288649522780377e-05 4.447553146871397e-06 0.999999997333889 0.03907310274341763
