1.0 0.0 0.0 0.0 0.0 1.0 0.0 0.0 0.0 0.0 1.0 0.0
-0.9299627415381271 0.3676528326808025 0.0008330502217601347 -0.6044600407125675 -0.36765273362423573 -0.9299631132651484 0.0002746357935045902 0.785845044405697 0.0008756766051717809 -5.087213582436163e-05 0.9999996153011805 0.49028468627733435
0.46230056178257506 0.8867230759750947 -0.0006140918351479565 0.6784191484099296 -0.8867232533340784 0.4623006278904265 -3.806238624304605e-05 0.5304266430320972 0.00025014424476289864 0.0005621257724512361 0.9999998107212186 0.211656622702177
1.0 0.0 0.0 0.0 0.0 1.0 0.0 0.0 0.0 0.0 1.0 0.0
-0.9299625089 0.36765355922663906 0.0007696937063603635 -0.6045457732587471 -0.3676534687224636 -0.9299628265544465 0.0002610808381040292 0.7859826832807713 0.0008117738341228723 -4.018516976829922e-05 0.9999996697041428 0.49031530305794196
0.4623087529171906 0.8867187423407641 -0.0006992551510678323 0.6782623809544246 -0.886718973409229 0.4623088361297596 -4.724860321321558e-05 0.5303385905295563 0.0002813756130293283 0.0006418862525345642 0.9999997544048714 0.21153643905366443
1.0 0.0 0.0 0.0 0.0 1.0 0.0 0.0 0.0 0.0 1.0 0.0
-0.929962646271105 0.3676531997456353 0.0007754077893314822 -0.6045260078760988 -0.36765311014494073 -0.9299629685443574 0.00026026317341725554 0.7859812251585794 0.0008167871180819298 -4.304605590030592e-05 0.9999996655028646 0.49035081906337713
0.4622899120743052 0.8867284959221139 -0.0007821214976598923 0.6785493175772004 -0.8867287903049403 0.46229000370841783 -7.011139864650412e-05 0.5304869301520547 0.0002993971749848147 0.0007259414418071435 0.9999996916851299 0.21177707341027624
1.0 0.0 0.0 0.0 0.0 1.0 0.0 0.0 0.0 0.0 1.0 0.0
-0.929962753933696 0.3676529843641118 0.0007479199273952704 -0.604506304273353 -0.36765290405954526 -0.9299630535948081 0.0002471542087541752 0.785893736265205 0.0007864048819715357 -4.51307246915392e-05 0.9999996897652415 0.49052321590323783
0.46231582957508066 0.8867150431909043 -0.0007112687661244505 0.6780452841833586 -0.8867152857255809 0.4623159075943629 -6.0380478900285396e-05 0.5303269692414503 0.00027529058619839395 0.0006586077383746496 0.9999997452254374 0.21177467508700593
1.0 0.0 0.0 0.0 0.0 1.0 0.0 0.0 0.0 0.0 1.0 0.0
-0.9299622650198974 0.3676543021330972 0.000706938531902399 -0.6045843240407529 -0.3676542159280177 -0.9299625333932592 0.0002529726190941926 0.7859417975532885 0.0007504328198131233 -2.4653941815029335e-05 0.9999997181213435 0.49020287712888055
0.4623064829827357 0.886719978536132 -0.0006288537316338338 0.6783237417504968 -0.8867201651739792 0.4623065508398555 -4.152574998651092e-05 0.530420981280642 0.0002539014875176741 0.0005768149082141106 0.9999998014092786 0.2116328454866473
1.0 0.0 0.0 0.0 0.0 1.0 0.0 0.0 0.0 0.0 1.0 0.0
-0.9299654953420682 0.3676458757379601 0.0008291719069532786 -0.6043293263802427 -0.3676457841472472 -0.9299658632079024 0.0002658321608090113 0.7860612448239834 0.000868833665757491 -5.7626818820101715e-05 0.9999996209035338 0.49049780885464117
0.4623038497066643 0.8867212211227171 -0.0007915535577511734 0.6782216947448285 -0.8867215230577081 0.4623039425711533 -7.231449486541068e-05 0.530363652289374 0.00030181553331266127 0.0007353188456767402 0.9999996841067398 0.2117891036824912
1.0 0.0 0.0 0.0 0.0 1.0 0.0 0.0 0.0 0.0 1.0 0.0
-0.9299612423607343 0.3676565687434031 0.0008574186304140222 -0.6045305713044069 -0.3676564629412444 -0.9299616362037428 0.000283631434460309 0.7859954219869181 0.0009016453924328428 -5.146925975467938e-05 0.9999995921931678 0.49021311221417685
0.4623116823879412 0.8867172054072961 -0.000711310274678917 0.6781567332091427 -0.8867174476517489 0.4623117611764116 -5.9227807535895934e-05 0.5303952978267468 0.0002763287898490564 0.0006581129385978227 0.9999997452648476 0.21176854101597153
1.0 0.0 0.0 0.0 0.0 1.0 0.0 0.0 0.0 0.0 1.0 0.0
-0.9299633840451244 0.3676514306662443 0.0007279178555465793 -0.6045231453296318 -0.3676513540110689 -0.9299636679258576 0.00024131248216105052 0.7859134153449254 0.0007656560381969537 -4.320821267771443e-05 0.9999997059518975 0.49050374506645367
0.4622966616033773 0.8867251170947146 -0.0006028131860817298 0.6784351368087291 -0.8867252885752709 0.4622967240024295 -3.9720567841250826e-05 0.5304920435598142 0.00024345733594094892 0.0005528923822953012 0.9999998175192529 0.21168031390214292
1.0 0.0 0.0 0.0 0.0 1.0 0.0 0.0 0.0 0.0 1.0 0.0
-0.9299654890879249 0.36764546671987475 0.0009999528899746722 -0.6041721707258709 -0.3676453355956834 -0.9299660239548757 0.0003185973915573533 0.7861246452573418 0.0010470530999467703 -7.134343675284068e-05 0.9999994492948083 0.4902012863065289
0.46232834197757355 0.8867086190662881 -0.0005736530518785835 0.6779753054031814 -0.8867087713568655 0.4623284051036799 -2.5161179910621996e-05 0.5305278536079392 0.00024290546546525824 0.0005202959194066522 0.999999835144532 0.21150770069724956
1.0 0.0 0.0 0.0 0.0 1.0 0.0 0.0 0.0 0.0 1.0 0.0
-0.9299638881184418 0.3676501969336714 0.0007067462506750822 -0.6045473447117309 -0.3676501070460579 -0.9299641564563164 0.00025786724246029425 0.7860004411692785 0.0007520536233109866 -2.0028111298337587e-05 0.999999717007071 0.4900769832405351
0.46231368208855306 0.8867162232596569 -0.0006314759332045458 0.6782423549564665 -0.8867164085880884 0.46231375688012405 -3.065987034847857e-05 0.5303706496573284 0.0002647534066181421 0.0005741145491541093 0.9999998001490392 0.21144796160129414
1.0 0.0 0.0 0.0 0.0 1.0 0.0 0.0 0.0 0.0 1.0 0.0
-0.9299626403702681 0.3676533407547519 0.0007131251149927627 -0.6045553303917659 -0.36765326040120033 -0.9299629131744364 0.0002454312169853023 0.7859361267015856 0.0007534135162466758 -3.3940911024129904e-05 0.9999997156080037 0.4903703874159742
0.4623032750423927 0.8867216269895256 -0.0006619019008652495 0.678390316759327 -0.8867218366904764 0.4623033434059483 -5.488123382806926e-05 0.530254289328564 0.0002573350848255391 0.0006122946433812352 0.9999997794369376 0.21180456734135183
1.0 0.0 0.0 0.0 0.0 1.0 0.0 0.0 0.0 0.0 1.0 0.0
-0.9299639593507792 0.36765004328696776 0.0006928056816488921 -0.6045133408021712 -0.36764996398544786 -0.9299642169752126 0.00024316080849283585 0.7859889921321717 0.0007336825750186757 -2.857919568219437e-05 0.999999730446518 0.490348171195878
0.4623118041921926 0.8867172953404022 -0.0004835791163141466 0.6783294971071121 -0.8867174023991429 0.4623118515019225 -1.5600681213039495e-05 0.5304543765695797 0.0002097309627601624 0.0004360103969507806 0.9999998829539216 0.21158749913724156
1.0 0.0 0.0 0.0 0.0 1.0 0.0 0.0 0.0 0.0 1.0 0.0
-0.9299651086577374 0.3676471446347471 0.0006882740153718538 -0.6044935301010397 -0.36764706629353766 -0.9299653629255237 0.0002416703430457325 0.7860843162292213 0.0007289204060611568 -2.82969357276578e-05 0.9999997339371272 0.49038630912552655
0.4623097982717623 0.8867183659439806 -0.0004357976123817463 0.6782936386343059 -0.8867184506920912 0.46230984111826623 -2.7239713792327292e-06 0.5305885138073343 0.00019905812948965351 0.0003876891023252856 0.9999999050365062 0.21149311448957647
1.0 0.0 0.0 0.0 0.0 1.0 0.0 0.0 0.0 0.0 1.0 0.0
-0.9299660578817497 0.3676447380903813 0.0006911890718300954 -0.604456239948501 -0.3676446535206709 -0.9299663144964755 0.00025027886171728774 0.7859917730739312 0.0007347962603156845 -2.1361120427891835e-05 0.9999997298090426 0.4902060893350409
0.46231276556041956 0.886716656930236 -0.0006907404299503673 0.6781330109378505 -0.8867168803125022 0.4623128514649728 -3.9232501325635423e-05 0.5303346056716585 0.00028455006537401735 0.0006306288853390134 0.999999760669206 0.21148689095271828
1.0 0.0 0.0 0.0 0.0 1.0 0.0 0.0 0.0 0.0 1.0 0.0
-0.9299646339919674 0.36764805288254476 0.0008299011149404983 -0.6043522289138483 -0.36764795862635413 -0.9299650026675442 0.00026894503213615624 0.78599245893 0.0008706561099667286 -5.5002082395150774e-05 0.9999996194662822 0.49043553534789136
0.4622985203086225 0.8867241580169225 -0.0005879707797368758 0.6783560465714613 -0.8867243202911363 0.46229858162311277 -3.512094450619398e-05 0.5305142457772263 0.00024067546756217928 0.0005376043506902851 0.9999998265284256 0.21165140964590207
1.0 0.0 0.0 0.0 0.0 1.0 0.0 0.0 0.0 0.0 1.0 0.0
-0.9299652032970127 0.36764639941985633 0.0009195924973889128 -0.6042824613421902 -0.36764629453513376 -0.9299656552219586 0.0002867440981677884 0.7860516057794307 0.0009606098746177594 -7.142274060051763e-05 0.9999995360636229 0.4904434164858733
0.4623064835244403 0.8867199619580777 -0.0006514263818245277 0.6782917044999164 -0.8867201619399387 0.4623065570094325 -4.18962172412263e-05 0.5305044156345815 0.0002640084755680821 0.0005970017996491612 0.9999997869441654 0.2115621999142554
1.0 0.0 0.0 0.0 0.0 1.0 0.0 0.0 0.0 0.0 1.0 0.0
-0.9299634065738045 0.36765125438304974 0.0007858652652810387 -0.6044267411817938 -0.36765116612570253 -0.9299637373891524 0.0002592057315581454 0.7858750818671218 0.0008261235115357004 -4.787243607499031e-05 0.9999996576140281 0.4904397781568896
0.46230087831493316 0.8867228764875156 -0.0006619840994983856 0.6783368079250369 -0.8867230852303762 0.46230094907938457 -5.09884605144115e-05 0.5305132485599806 0.0002608232430985563 0.0006105685931603996 0.9999997795885902 0.21169329828715117
1.0 0.0 0.0 0.0 0.0 1.0 0.0 0.0 0.0 0.0 1.0 0.0
-0.929966448893203 0.3676433512653463 0.0008776123013743054 -0.6042407493272814 -0.3676432546776025 -0.9299668605762216 0.00027480914493838816 0.7860980551510544 0.0009171821117156483 -6.708495818062004e-05 0.9999995771382018 0.49053465372234456
0.462306370478908 0.8867201005628311 -0.0005320455453948308 0.6783825425611134 -0.8867202311894341 0.4623064255766486 -2.167716040088315e-05 0.5303921596674996 0.00022674650048487517 0.00048179703836303465 0.9999998582288091 0.21157816354919295
1.0 0.0 0.0 0.0 0.0 1.0 0.0 0.0 0.0 0.0 1.0 0.0
-0.9299628382064099 0.3676528355553958 0.0007155858825614696 -0.604562022985025 -0.3676527512142487 -0.9299631130413779 0.0002508126444392477 0.7859072270998588 0.0007576804549165629 -2.9840679773022786e-05 0.9999997125148897 0.49025790168053435
0.4623021384416562 0.886722184146795 -0.0007077670587600044 0.6783382803177931 -0.8867224262735982 0.46230221090150564 -6.737242443728209e-05 0.5303129532977877 0.00026746165271971425 0.0006587393394695539 0.9999997472633416 0.21195951190143464
1.0 0.0 0.0 0.0 0.0 1.0 0.0 0.0 0.0 0.0 1.0 0.0
-0.9299667598958904 0.36764296364411336 0.0006904865765956432 -0.6044113283625747 -0.3676428787967622 -0.9299670160019702 0.0002506360301882172 0.785975654388082 0.0007342743141604585 -2.076929588283831e-05 0.9999997302048974 0.49017934443837063
0.46229740177760326 0.8867247353513108 -0.0005966789972019808 0.6784978243886446 -0.8867249017429835 0.462297466530318 -3.2688605556351675e-05 0.5305243102830914 0.00024685739362736737 0.000544201982582463 0.9999998214527989 0.21155246168538255
