1.0 0.0 0.0 0.0 0.0 1.0 0.0 0.0 0.0 0.0 1.0 0.0
-0.9942943195089529 0.10667148721966237 2.5638013224934177e-06 0.9787088387617513 -0.10667148724910198 -0.9942943193308253 -1.882855958122519e-05 0.13275586975157294 5.407026381062478e-07 -1.899461433622252e-05 0.9999999998194562 0.10899168168800874
-0.8479041685235931 0.5301495269835484 -6.279535206596701e-06 1.984545768328255 -0.5301495263519354 -0.8479041679894196 -4.0186914669286835e-05 0.7420970939394083 -2.662951787755987e-05 -3.074555985269391e-05 0.9999999991727896 0.02160627886682759
1.0 0.0 0.0 0.0 0.0 1.0 0.0 0.0 0.0 0.0 1.0 0.0
-0.9942941567694216 0.10667300404785929 -4.646516054686116e-06 0.9785309381331846 -0.1066730039903233 -0.9942941567228807 -1.1243468132460526e-05 0.13271180472772803 -5.8193782838999715e-06 -1.0683656840287652e-05 0.9999999999259971 0.1088897687433529
-0.8479087794697192 0.5301421413578131 0.00010795704677914287 1.9843657311864726 -0.5301421422416978 -0.8479087854881878 2.2612605105718804e-05 0.7422106091463367 0.00010352562331182024 -3.805915365375905e-05 0.999999993916973 0.021703829265050323
1.0 0.0 0.0 0.0 0.0 1.0 0.0 0.0 0.0 0.0 1.0 0.0
-0.9942942044444497 0.10667255975848014 1.65898001239774e-06 0.9789323744080685 -0.10667255977067587 -0.9942942042611207 -1.9097548757216917e-05 0.13281604133585345 -3.876701997361291e-07 -1.9165549692927922e-05 0.9999999998162657 0.10899705705095858
-0.8479027544912344 0.5301517877890174 -2.881469552126583e-05 1.9847409662746784 -0.5301517862835972 -0.8479027546288561 -4.6830640638821815e-05 0.7421826481703163 -4.92594075642505e-05 -2.4431666890432888e-05 0.9999999984883021 0.021787438960784195
1.0 0.0 0.0 0.0 0.0 1.0 0.0 0.0 0.0 0.0 1.0 0.0
-0.9942940250178356 0.10667423129122884 1.3865707469829995e-05 0.9789570179322145 -0.10667423177850724 -0.9942940242106174 -4.1152430331300333e-05 0.13237618052600642 9.396686207353233e-06 -4.239672928580454e-05 0.9999999990571097 0.1087783137946523
-0.847904753456185 0.5301485882963402 -5.825636171509844e-05 1.9848656552289248 -0.5301485912428183 -0.8479047513338951 6.219855773886693e-05 0.741475819601809 -1.6421368314329635e-05 8.362298085909473e-05 0.9999999963687677 0.022541985347590776
1.0 0.0 0.0 0.0 0.0 1.0 0.0 0.0 0.0 0.0 1.0 0.0
-0.9942939219636991 0.10667518956730014 2.601586918322489e-05 0.9783233722804715 -0.10667518983969745 -0.9942939222312067 -9.313798033147139e-06 0.13286525814800543 2.4873869439659544e-05 -1.203590055871462e-05 0.999999999618214 0.10930178032005783
-0.8478997213301109 0.5301566102178076 0.0001766654537554985 1.9842255502244726 -0.5301566095850092 -0.8478997383951262 5.42476206440163e-05 0.7423656297434489 0.00017855432669575003 -4.766381556692299e-05 0.9999999829232563 0.021848968687696008
1.0 0.0 0.0 0.0 0.0 1.0 0.0 0.0 0.0 0.0 1.0 0.0
-0.9942946847024994 0.10666808312310705 -3.898692144883517e-06 0.9786941397409827 -0.10666808307496643 -0.9942946846547738 -1.097165086389195e-05 0.13289160750921925 -5.0467738431025035e-06 -1.0493188118791734e-05 0.9999999999322118 0.1088777709250405
-0.8479092888925155 0.5301413374032572 -1.3640899971171401e-05 1.9846070438507457 -0.5301413368404917 -0.8479092887889766 -3.09571894905865e-05 0.7423479354772723 -2.7977931631784162e-05 -1.901728358064382e-05 0.9999999994277893 0.021476674466985507
1.0 0.0 0.0 0.0 0.0 1.0 0.0 0.0 0.0 0.0 1.0 0.0
-0.9942951191734606 0.10666402864687706 3.131537243392677e-05 0.9789342106448888 -0.10666403012167339 -0.9942951182531842 -4.9960873971609394e-05 0.13231866220805522 2.5807693844808352e-05 -5.30160769681802e-05 0.9999999982616293 0.10852488356630932
-0.8479116039656062 0.5301376107978604 -0.0001596183259850623 1.984894014354425 -0.5301376241462809 -0.8479116088885519 5.455790891025871e-05 0.741114225009535 -0.00010641903211427662 0.00013087996416102639 0.9999999857727121 0.02306471816896688
1.0 0.0 0.0 0.0 0.0 1.0 0.0 0.0 0.0 0.0 1.0 0.0
-0.9942930859151545 0.10668298321677461 -1.9831500944141275e-05 0.9793999846212218 -0.10668298262624522 -0.99429308575998 -2.8772630747462776e-05 0.13344582048782694 -2.278787435213457e-05 -2.6492744145116305e-05 0.9999999993894235 0.10938958262832024
-0.8478971890193031 0.5301606888705863 2.879982562064946e-05 1.9850161167037852 -0.53016068956971 -0.8478971885972485 -2.835230047073037e-05 0.7428345333094315 9.388016027211145e-06 -3.930837128190565e-05 0.9999999991833584 0.020917826415936924
1.0 0.0 0.0 0.0 0.0 1.0 0.0 0.0 0.0 0.0 1.0 0.0
-0.9942940250178356 0.10667423129122884 1.3865707469829995e-05 0.9789570179322145 -0.10667423177850724 -0.9942940242106174 -4.1152430331300333e-05 0.13237618052600642 9.396686207353233e-06 -4.239672928580454e-05 0.9999999990571097 0.1087783137946523
-0.847904753456185 0.5301485882963402 -5.825636171509844e-05 1.9848656552289248 -0.5301485912428183 -0.8479047513338951 6.219855773886693e-05 0.741475819601809 -1.6421368314329635e-05 8.362298085909473e-05 0.9999999963687677 0.022541985347590776
1.0 0.0 0.0 0.0 0.0 1.0 0.0 0.0 0.0 0.0 1.0 0.0
-0.9942930978599767 0.10668287265250906 1.5186130819632877e-05 0.979425213425547 -0.1066828732057176 -0.9942930970262472 -4.2077616798413746e-05 0.13246839636641106 1.061050401007104e-05 -4.345758402576555e-05 0.9999999989994279 0.10875160868913078
-0.8479040734612626 0.5301496772286877 -4.406944995519245e-05 1.9851484574270506 -0.5301496789849641 -0.8479040718130706 5.3618608659540216e-05 0.7414306202247483 -8.940777985265942e-06 6.882684144252997e-05 0.9999999975914642 0.022289229560617907
1.0 0.0 0.0 0.0 0.0 1.0 0.0 0.0 0.0 0.0 1.0 0.0
-0.9942962169541959 0.10665379118117975 4.215751234852642e-05 0.9789903768812422 -0.10665379419278155 -0.9942962145309779 -7.715990101600411e-05 0.13222117693796953 3.368765897165665e-05 -8.121605632646539e-05 0.9999999961345468 0.10845154077812777
-0.8479071910428395 0.5301446833890074 -0.00010026071760625837 1.9848168139937021 -0.5301446754973916 -0.8479071965099132 -9.564760913789567e-05 0.7413339333179583 -0.0001357188554489162 -2.794760999358646e-05 0.9999999903996615 0.022700275719243324
1.0 0.0 0.0 0.0 0.0 1.0 0.0 0.0 0.0 0.0 1.0 0.0
-0.9942942919203537 0.10667174439949802 1.1704340504884135e-06 0.9786981528910725 -0.10667174440591873 -0.9942942918616158 -1.0807734832658281e-05 0.13278459082437644 1.0875967778841156e-08 -1.0870921294626862e-05 0.9999999999409115 0.10895028449588565
-0.8479004540449051 0.530155467670447 1.1383027753490232e-05 1.9844032066880652 -0.5301554637061097 -0.8479004446477684 -0.00014236810628151712 0.7423107594472148 -6.582555567334025e-05 -0.00012674875631453868 0.9999999898008746 0.02218501025346789
1.0 0.0 0.0 0.0 0.0 1.0 0.0 0.0 0.0 0.0 1.0 0.0
-0.9942952633348191 0.10666268284293712 3.7399062352325186e-05 0.9793160441677538 -0.10666268514090177 -0.994295261598028 -6.604726394917236e-05 0.13229241369026967 3.0140932117866466e-05 -6.965956611312516e-05 0.9999999971195345 0.10859153254636147
-0.8479030194141591 0.5301513500484146 -0.0001253403193492049 1.9850972937968594 -0.5301513506396195 -0.8479030277348294 -3.1194509404994e-05 0.7416503355995291 -0.00012281424754859803 3.999942087891084e-05 0.9999999916583533 0.02351699410995728
1.0 0.0 0.0 0.0 0.0 1.0 0.0 0.0 0.0 0.0 1.0 0.0
-0.9942942919203537 0.10667174439949802 1.1704340504884135e-06 0.9786981528910725 -0.10667174440591873 -0.9942942918616158 -1.0807734832658281e-05 0.13278459082437644 1.0875967778841156e-08 -1.0870921294626862e-05 0.9999999999409115 0.10895028449588565
-0.8479004540449051 0.530155467670447 1.1383027753490232e-05 1.9844032066880652 -0.5301554637061097 -0.8479004446477684 -0.00014236810628151712 0.7423107594472148 -6.582555567334025e-05 -0.00012674875631453868 0.9999999898008746 0.02218501025346789
1.0 0.0 0.0 0.0 0.0 1.0 0.0 0.0 0.0 0.0 1.0 0.0
-0.9942945395974325 0.10666943572629468 2.9261100856693274e-06 0.9782536875496843 -0.10666943576546295 -0.9942945393310557 -2.302001370911317e-05 0.13326382093124867 4.538834068767624e-07 -2.320080044434608e-05 0.9999999997307586 0.1091934626988539
-0.8479000803283624 0.5301560654115417 -9.30104795401215e-06 1.9839747034827244 -0.5301560587432358 -0.8479000722020548 -0.00014469826815646943 0.7427337967264194 -8.459902374953643e-05 -0.00011775866626788057 0.9999999894879508 0.02159664533302233
1.0 0.0 0.0 0.0 0.0 1.0 0.0 0.0 0.0 0.0 1.0 0.0
-0.9942948321421119 0.10666670881142698 2.612949641265493e-06 0.9784396905699805 -0.10666670884189612 -0.9942948319608892 -1.8992233487553304e-05 0.13280180837185984 5.722032853838886e-07 -1.916259434612061e-05 0.9999999998162338 0.10898820154732072
-0.8479052458872843 0.5301478032303237 -2.6960828095391e-05 1.9843209979408227 -0.5301478012386621 -0.8479052456198272 -5.737763161679787e-05 0.7420021391292542 -5.32788529245371e-05 -3.435757111012059e-05 0.9999999979904608 0.02110987372431211
1.0 0.0 0.0 0.0 0.0 1.0 0.0 0.0 0.0 0.0 1.0 0.0
-0.9942927817142098 0.10668581941223673 1.2936685406723629e-05 0.9781841916135181 -0.10668581947172097 -0.9942927817839544 -3.996675107974404e-06 0.13242544436568648 1.2436464361292763e-05 -5.354026094581791e-06 0.9999999999083343 0.10902990567299205
-0.8478935367443124 0.5301665208581986 0.00010251016589254564 1.983951433476134 -0.5301665292893049 -0.8478935329729353 -8.924127911915137e-05 0.7420079440639858 3.960496825673389e-05 -0.00013001456264403807 0.99999999076383 0.02266747048653156
1.0 0.0 0.0 0.0 0.0 1.0 0.0 0.0 0.0 0.0 1.0 0.0
-0.9942945836437339 0.10666902510204707 -4.529131859781366e-06 0.9790727816829494 -0.10666902504622346 -0.9942945835973719 -1.1163173393417449e-05 0.13302964711008414 -5.694056099494976e-06 -1.0616364761574008e-05 0.9999999999274352 0.10888852622956334
-0.8479090056195565 0.5301417906270426 4.4730323825858835e-06 1.984844425351729 -0.5301417905561252 -0.8479090052904795 -2.5558877679587846e-05 0.7424274044728503 -9.757104741326122e-06 -2.4042943954575504e-05 0.9999999996633678 0.021106576855060122
1.0 0.0 0.0 0.0 0.0 1.0 0.0 0.0 0.0 0.0 1.0 0.0
-0.994294054070322 0.10667396139344229 1.0166102286811375e-06 0.9790390414063728 -0.10667396139332441 -0.9942940538869938 -1.9121265724621155e-05 0.1328619633383854 -1.0289316562111923e-06 -1.9120606656580355e-05 0.9999999998166718 0.10901452766862857
-0.8479036154236559 0.530150411488094 1.2267715220860582e-05 1.9847383598194532 -0.530150411550689 -0.8479036146694022 -3.6921493874362346e-05 0.7421403474729682 -9.172105090751517e-06 -3.780960241603861e-05 0.9999999992431531 0.021284272329500142
1.0 0.0 0.0 0.0 0.0 1.0 0.0 0.0 0.0 0.0 1.0 0.0
-0.9942942983541445 0.10667168436658993 -3.851670511155781e-06 0.978178824873055 -0.10667168431893874 -0.9942942983061738 -1.0972453236691777e-05 0.13260352850490964 -5.00014409658831e-06 -1.0498983511342266e-05 0.999999999932385 0.10888014817257823
-0.8479092712833027 0.5301413593275575 8.24751330943903e-05 1.9841648796964217 -0.5301413601015154 -0.8479092746953547 1.3975410416990077e-05 0.7421557549890216 7.734037335809202e-05 -3.187359917064744e-05 0.9999999965012702 0.022060876548231023
