1.0 0.0 0.0 0.0 0.0 1.0 0.0 0.0 0.0 0.0 1.0 0.0
-0.9942947336750043 0.10666760349679387 -7.035909736182396e-05 0.9790122499724857 -0.10666761391144462 -0.9942947211666727 0.00016614008448292118 0.13242021620620847 -5.223591443636678e-05 0.00017269724808623217 0.9999999837235349 0.10874635137644419
-0.8479103012851585 0.5301397174681723 3.0614991655915304e-05 1.9848829145884 -0.5301397133246506 -0.8479102838770751 -0.00018668571053793694 0.7419089889721306 -7.30107435740632e-05 -0.00017452295996774758 0.9999999821055837 0.022444268671058365
1.0 0.0 0.0 0.0 0.0 1.0 0.0 0.0 0.0 0.0 1.0 0.0
-0.994294054070322 0.10667396139344229 1.0166102286811375e-06 0.9790390414063728 -0.10667396139332441 -0.9942940538869938 -1.9121265724621155e-05 0.1328619633383854 -1.0289316562111923e-06 -1.9120606656580355e-05 0.9999999998166718 0.10901452766862857
-0.8479036154236559 0.530150411488094 1.2267715220860582e-05 1.9847383598194532 -0.530150411550689 -0.8479036146694022 -3.6921493874362346e-05 0.7421403474729682 -9.172105090751517e-06 -3.780960241603861e-05 0.9999999992431531 0.021284272329500142
1.0 0.0 0.0 0.0 0.0 1.0 0.0 0.0 0.0 0.0 1.0 0.0
-0.9942947784408408 0.1066672090705727 8.62410636151493e-06 0.9779792312491402 -0.10666720915980837 -0.9942947784116375 -1.0649434956713009e-05 0.13299595567965805 7.4389584187141945e-06 -1.1508586927890813e-05 0.9999999999061071 0.10915570558106542
-0.8479135693275575 0.5301344861861957 7.420444772399592e-05 1.9840377872307755 -0.5301344867165954 -0.847913572128194 1.3947693955651725e-05 0.7426971046837223 7.03131119061158e-05 -2.751189784042768e-05 0.999999997149581 0.021894181199107826
1.0 0.0 0.0 0.0 0.0 1.0 0.0 0.0 0.0 0.0 1.0 0.0
-0.9942942044444497 0.10667255975848014 1.65898001239774e-06 0.9789323744080685 -0.10667255977067587 -0.9942942042611207 -1.9097548757216917e-05 0.13281604133585345 -3.876701997361291e-07 -1.9165549692927922e-05 0.9999999998162657 0.10899705705095858
-0.8479027544912344 0.5301517877890174 -2.881469552126583e-05 1.9847409662746784 -0.5301517862835972 -0.8479027546288561 -4.6830640638821815e-05 0.7421826481703163 -4.92594075642505e-05 -2.4431666890432888e-05 0.9999999984883021 0.021787438960784195
1.0 0.0 0.0 0.0 0.0 1.0 0.0 0.0 0.0 0.0 1.0 0.0
-0.994293778641728 0.10667652856846208 -2.6336152837499263e-06 0.979354562600987 -0.10667652849441472 -0.9942937784489997 -2.0149213157542706e-05 0.13296579305321643 -4.768035404496883e-06 -1.975329235119966e-05 0.9999999997935367 0.10904278114362992
-0.8479015960825462 0.530153641168687 1.078208957089169e-05 1.9849919581845468 -0.5301536411711987 -0.8479015953269973 -3.73477272504637e-05 0.7422581271433887 -1.0657882643088822e-05 -3.73833615911613e-05 0.9999999992444469 0.021297238806550378
1.0 0.0 0.0 0.0 0.0 1.0 0.0 0.0 0.0 0.0 1.0 0.0
-0.9942943169800602 0.10667150870401099 2.125950273129996e-05 0.9781203831562002 -0.10667150896241187 -0.9942943171141203 -1.1412595119057014e-05 0.13278057228986428 1.9920804010828264e-05 -1.3615261705011585e-05 0.9999999997088932 0.10930328751166622
-0.8479040527426864 0.5301497056557632 8.32804625521045e-05 1.9840602354165788 -0.5301497065332046 -0.8479040561846289 1.2977336611899976e-05 0.7422339521453885 7.749377318385082e-05 -3.3147576474923474e-05 0.9999999964479764 0.021992435665331683
1.0 0.0 0.0 0.0 0.0 1.0 0.0 0.0 0.0 0.0 1.0 0.0
-0.9942927817142098 0.10668581941223673 1.2936685406723629e-05 0.9781841916135181 -0.10668581947172097 -0.9942927817839544 -3.996675107974404e-06 0.13242544436568648 1.2436464361292763e-05 -5.354026094581791e-06 0.9999999999083343 0.10902990567299205
-0.8478935367443124 0.5301665208581986 0.00010251016589254564 1.983951433476134 -0.5301665292893049 -0.8478935329729353 -8.924127911915137e-05 0.7420079440639858 3.960496825673389e-05 -0.00013001456264403807 0.99999999076383 0.02266747048653156
1.0 0.0 0.0 0.0 0.0 1.0 0.0 0.0 0.0 0.0 1.0 0.0
-0.9942946847024994 0.10666808312310705 -3.898692144883517e-06 0.9786941397409827 -0.10666808307496643 -0.9942946846547738 -1.097165086389195e-05 0.13289160750921925 -5.0467738431025035e-06 -1.0493188118791734e-05 0.9999999999322118 0.1088777709250405
-0.8479092888925155 0.5301413374032572 -1.3640899971171401e-05 1.9846070438507457 -0.5301413368404917 -0.8479092887889766 -3.09571894905865e-05 0.7423479354772723 -2.7977931631784162e-05 -1.901728358064382e-05 0.9999999994277893 0.021476674466985507
1.0 0.0 0.0 0.0 0.0 1.0 0.0 0.0 0.0 0.0 1.0 0.0
-0.9942942919203537 0.10667174439949802 1.1704340504884135e-06 0.9786981528910725 -0.10667174440591873 -0.9942942918616158 -1.0807734832658281e-05 0.13278459082437644 1.0875967778841156e-08 -1.0870921294626862e-05 0.9999999999409115 0.10895028449588565
-0.8479004540449051 0.530155467670447 1.1383027753490232e-05 1.9844032066880652 -0.5301554637061097 -0.8479004446477684 -0.00014236810628151712 0.7423107594472148 -6.582555567334025e-05 -0.00012674875631453868 0.9999999898008746 0.02218501025346789
1.0 0.0 0.0 0.0 0.0 1.0 0.0 0.0 0.0 0.0 1.0 0.0
-0.9942940733828359 0.10667378043663835 1.4252139397803862e-05 0.9782736609080462 -0.1066737806114295 -0.9942940733923203 -1.2123221160569163e-05 0.1324857274341129 1.2877587904128018e-05 -1.3574376541639915e-05 0.9999999998249519 0.109070788732061
-0.8479021698090944 0.5301527165671319 8.68879709765751e-05 1.9841766686047615 -0.5301527175405815 -0.8479021735478166 1.3312590292573247e-05 0.741856101822274 8.07302053543486e-05 -3.477611973996431e-05 0.9999999961366278 0.022102741792214747
1.0 0.0 0.0 0.0 0.0 1.0 0.0 0.0 0.0 0.0 1.0 0.0
-0.9942936816819022 0.10667743228647486 -2.865823431887254e-06 0.9784428934861555 -0.1066774321074938 -0.9942936810115023 -3.71422608793429e-05 0.13201572720719223 -6.811711149144116e-06 -3.662459663112207e-05 0.9999999993061198 0.1086282852683072
-0.847905336724023 0.5301476534086283 7.443282784961726e-05 1.984529250564593 -0.530147628522348 -0.8479053275280183 0.0002179948050237921 0.7412618851973187 0.00017868142561529535 0.00014537857138909383 0.9999999734690092 0.023846472976352284
1.0 0.0 0.0 0.0 0.0 1.0 0.0 0.0 0.0 0.0 1.0 0.0
-0.9942937652731121 0.10667665265694098 1.0813307512476332e-05 0.9789387343798517 -0.10667665300878681 -0.9942937644840566 -4.013684885174286e-05 0.13265136952598766 6.469939549404771e-06 -4.1061346024402835e-05 0.9999999991360529 0.10897655901325212
-0.8479032410689705 0.5301510073309088 -5.6663546919642715e-05 1.9848827837804157 -0.5301510101360395 -0.8479032389693965 6.161934919282202e-05 0.7417967674304835 -1.5377644919017297e-05 8.228748253048183e-05 0.9999999964961491 0.022439500585595407
1.0 0.0 0.0 0.0 0.0 1.0 0.0 0.0 0.0 0.0 1.0 0.0
-0.9942937242350348 0.10667703476605643 1.415440054608881e-05 0.9785085893753385 -0.10667703526268388 -0.9942937234431787 -4.085417778351926e-05 0.13199252029370445 9.715429078330694e-06 -4.2131002065111964e-05 0.9999999990652946 0.10878179116378148
-0.8478982930815937 0.530158916697705 8.737984083912294e-05 1.9845400004988183 -0.5301588906125335 -0.8478982867344199 0.00021460969821359655 0.7410806814721509 0.0001878664624603702 0.0001356419973128931 0.9999999731537201 0.023951229798686358
1.0 0.0 0.0 0.0 0.0 1.0 0.0 0.0 0.0 0.0 1.0 0.0
-0.9942944785676127 0.10667000464011077 1.9341172055335096e-07 0.9790786863646243 -0.10667000463526248 -0.9942944785015537 -1.1508104828853997e-05 0.1329076047502471 -1.0352613896745507e-06 -1.1463076319219113e-05 0.9999999999337631 0.10896832362235327
-0.8479005394984865 0.5301553306196806 2.3102213066641963e-05 1.9846041295344854 -0.5301553286333062 -0.8479005304883341 -0.00013386303450244115 0.7423975451571048 -5.137982259975102e-05 -0.00012575030053404372 0.9999999907734877 0.02192757699181444
1.0 0.0 0.0 0.0 0.0 1.0 0.0 0.0 0.0 0.0 1.0 0.0
-0.9942896381769584 0.10671481845997549 0.0002508684663090531 0.9796524956190051 -0.10671482599516524 -0.9942896688743946 -1.6806774973319155e-05 0.13210539192213666 0.0002476423923572728 -4.348218693698384e-05 0.999999968391272 0.10774340631433049
-0.847897383477122 0.5301603542847246 0.00016073999553457046 1.98518778663645 -0.5301603199887244 -0.8478973933141954 0.00021335520912994058 0.7408669818153459 0.00024940349647592703 9.568535610490758e-05 0.9999999643211039 0.02339723535669047
1.0 0.0 0.0 0.0 0.0 1.0 0.0 0.0 0.0 0.0 1.0 0.0
-0.9942946173417756 0.10666871108787293 -1.5728652654394412e-07 0.9787129810732496 -0.10666871104628735 -0.9942946169932116 -2.649618432890538e-05 0.1335660569994519 -2.9827029777704408e-06 -2.6328235907284233e-05 0.9999999996489637 0.10929263702450069
-0.8478990374401751 0.5301577333957811 5.354651613787693e-06 1.9841603891839563 -0.5301577296313758 -0.847899030125211 -0.00012815939570031039 0.7429719380274915 -6.340449082783518e-05 -0.00011150503819570048 0.9999999917732484 0.021084924846026115
1.0 0.0 0.0 0.0 0.0 1.0 0.0 0.0 0.0 0.0 1.0 0.0
-0.9942920087134183 0.10669300718896095 6.021304929955805e-05 0.9799137639506368 -0.1066930105646621 -0.994292008600638 -5.594244751887037e-05 0.13261593420699747 5.390068577671793e-05 -6.204744002091609e-05 0.9999999966224157 0.1082474704456303
-0.8479068263358019 0.5301452056220065 -0.00027351261254350746 1.9855760495580563 -0.5301452501147382 -0.8479068335805153 0.00012388803900162905 0.7413337955432127 -0.00016623456333547394 0.0002500469263572443 0.9999999549213013 0.025029573707406827
1.0 0.0 0.0 0.0 0.0 1.0 0.0 0.0 0.0 0.0 1.0 0.0
-0.9942943195089529 0.10667148721966237 2.5638013224934177e-06 0.9787088387617513 -0.10667148724910198 -0.9942943193308253 -1.882855958122519e-05 0.13275586975157294 5.407026381062478e-07 -1.899461433622252e-05 0.9999999998194562 0.10899168168800874
-0.8479041685235931 0.5301495269835484 -6.279535206596701e-06 1.984545768328255 -0.5301495263519354 -0.8479041679894196 -4.0186914669286835e-05 0.7420970939394083 -2.662951787755987e-05 -3.074555985269391e-05 0.9999999991727896 0.02160627886682759
1.0 0.0 0.0 0.0 0.0 1.0 0.0 0.0 0.0 0.0 1.0 0.0
-0.9942941901655323 0.10667269284994418 1.791574673489948e-06 0.9786233079925002 -0.1066726928628926 -0.9942941899004668 -2.2968524582751e-05 0.13312355169452839 -6.687620794036519e-07 -2.3028582644147536e-05 0.9999999997346186 0.1091640773880277
-0.8479000190428837 0.5301561633870425 1.139342514992105e-05 1.9843255343790545 -0.5301561594027204 -0.8479000096040639 -0.00014269122496691976 0.7427509691070047 -6.598814708337436e-05 -0.0001270281868865754 0.9999999897547023 0.022195306651460467
1.0 0.0 0.0 0.0 0.0 1.0 0.0 0.0 0.0 0.0 1.0 0.0
-0.9942942919203537 0.10667174439949802 1.1704340504884135e-06 0.9786981528910725 -0.10667174440591873 -0.9942942918616158 -1.0807734832658281e-05 0.13278459082437644 1.0875967778841156e-08 -1.0870921294626862e-05 0.9999999999409115 0.10895028449588565
-0.8479004540449051 0.530155467670447 1.1383027753490232e-05 1.9844032066880652 -0.5301554637061097 -0.8479004446477684 -0.00014236810628151712 0.7423107594472148 -6.582555567334025e-05 -0.00012674875631453868 0.9999999898008746 0.02218501025346789
