1.0 0.0 0.0 0.0 0.0 1.0 0.0 0.0 0.0 0.0 1.0 0.0
-0.9942929007543031 0.10668471071222163 -3.1373504116741226e-06 0.9777383076244206 -0.10668471072513962 -0.9942929007486246 4.287060956098681e-06 0.1329766522312834 -2.6620813835813067e-06 4.597301594864858e-06 0.9999999999858891 0.10895435263776147
-0.847916125461091 0.5301303623012938 0.00020772421641213515 1.9838064845174745 -0.530130395203751 -0.847916115094193 -0.00016076282226670728 0.743265331845806 9.090745737833803e-05 -0.0002464343103145242 0.999999965502982 0.024217622702777025
1.0 0.0 0.0 0.0 0.0 1.0 0.0 0.0 0.0 0.0 1.0 0.0
-0.9942946847024994 0.10666808312310705 -3.898692144883517e-06 0.9786941397409827 -0.10666808307496643 -0.9942946846547738 -1.097165086389195e-05 0.13289160750921925 -5.0467738431025035e-06 -1.0493188118791734e-05 0.9999999999322118 0.1088777709250405
-0.8479092888925155 0.5301413374032572 -1.3640899971171401e-05 1.9846070438507457 -0.5301413368404917 -0.8479092887889766 -3.09571894905865e-05 0.7423479354772723 -2.7977931631784162e-05 -1.901728358064382e-05 0.9999999994277893 0.021476674466985507
1.0 0.0 0.0 0.0 0.0 1.0 0.0 0.0 0.0 0.0 1.0 0.0
-0.9942942250265332 0.10667236791205012 1.7090676923702002e-06 0.9786496276624598 -0.10667236792348159 -0.9942942247735681 -2.243941698188672e-05 0.1330424449820684 -6.943496077514228e-07 -2.2493693015739294e-05 0.9999999997467757 0.10915975664944658
-0.8479037640483744 0.5301501738957232 -5.561808546974863e-06 1.9845057192007463 -0.5301501733636915 -0.8479037635868577 -3.711724734951084e-05 0.7424488130140534 -2.4393593536203993e-05 -2.8523259973358583e-05 0.9999999992956884 0.02146649552895702
1.0 0.0 0.0 0.0 0.0 1.0 0.0 0.0 0.0 0.0 1.0 0.0
-0.9942943551139893 0.10667115537038745 -6.346979788424088e-07 0.9787195896064188 -0.10667115532909807 -0.9942943548632163 -2.2536563341272948e-05 0.13336163627607522 -3.035077867098572e-06 -2.234027374722125e-05 0.9999999997458502 0.10925485950297248
-0.8479039327528816 0.5301499040912173 -3.7774647253966135e-06 1.9844466536276189 -0.53014990327893 -0.8479039318083752 -4.9771865007833694e-05 0.7425135010477317 -2.958947665327156e-05 -4.0199137521761014e-05 0.9999999987542462 0.02032907213473739
1.0 0.0 0.0 0.0 0.0 1.0 0.0 0.0 0.0 0.0 1.0 0.0
-0.99429392738904 0.10667513830220587 2.873124703128442e-05 0.9792564219955642 -0.10667513951103645 -0.9942939266801948 -4.4465501256335256e-05 0.13239277180741382 2.3823940932963013e-05 -4.72766876628793e-05 0.9999999985986674 0.10863533804609507
-0.847906639292334 0.5301455473046558 -0.00017238626961186434 1.9851543711903856 -0.5301455659528519 -0.8479066406304799 8.760858506770611e-05 0.7414268293270103 -9.972216147811237e-05 0.0001656737174038089 0.9999999813038547 0.023723423738861216
1.0 0.0 0.0 0.0 0.0 1.0 0.0 0.0 0.0 0.0 1.0 0.0
-0.9942949190329292 0.10666589888657635 -1.3918956229298003e-07 0.979477400798002 -0.106665898877647 -0.9942949189649676 -1.170780415454635e-05 0.13299398036268517 -1.387218928699627e-06 -1.1626163404121284e-05 0.9999999999314539 0.10897037993257136
-0.8478968308641459 0.5301612618312651 -2.5768554741588296e-05 1.984857317725103 -0.5301612513935411 -0.8478968220977603 -0.0001630869540893349 0.7426244059274332 -0.00010831146104366989 -0.00012461942229923884 0.9999999863693134 0.02249386190557226
1.0 0.0 0.0 0.0 0.0 1.0 0.0 0.0 0.0 0.0 1.0 0.0
-0.9942942250265332 0.10667236791205012 1.7090676923702002e-06 0.9786496276624598 -0.10667236792348159 -0.9942942247735681 -2.243941698188672e-05 0.1330424449820684 -6.943496077514228e-07 -2.2493693015739294e-05 0.9999999997467757 0.10915975664944658
-0.8479037640483744 0.5301501738957232 -5.561808546974863e-06 1.9845057192007463 -0.5301501733636915 -0.8479037635868577 -3.711724734951084e-05 0.7424488130140534 -2.4393593536203993e-05 -2.8523259973358583e-05 0.9999999992956884 0.02146649552895702
1.0 0.0 0.0 0.0 0.0 1.0 0.0 0.0 0.0 0.0 1.0 0.0
-0.9942940733828359 0.10667378043663835 1.4252139397803862e-05 0.9782736609080462 -0.1066737806114295 -0.9942940733923203 -1.2123221160569163e-05 0.1324857274341129 1.2877587904128018e-05 -1.3574376541639915e-05 0.9999999998249519 0.109070788732061
-0.8479021698090944 0.5301527165671319 8.68879709765751e-05 1.9841766686047615 -0.5301527175405815 -0.8479021735478166 1.3312590292573247e-05 0.741856101822274 8.07302053543486e-05 -3.477611973996431e-05 0.9999999961366278 0.022102741792214747
1.0 0.0 0.0 0.0 0.0 1.0 0.0 0.0 0.0 0.0 1.0 0.0
-0.9942943195089529 0.10667148721966237 2.5638013224934177e-06 0.9787088387617513 -0.10667148724910198 -0.9942943193308253 -1.882855958122519e-05 0.13275586975157294 5.407026381062478e-07 -1.899461433622252e-05 0.9999999998194562 0.10899168168800874
-0.8479041685235931 0.5301495269835484 -6.279535206596701e-06 1.984545768328255 -0.5301495263519354 -0.8479041679894196 -4.0186914669286835e-05 0.7420970939394083 -2.662951787755987e-05 -3.074555985269391e-05 0.9999999991727896 0.02160627886682759
1.0 0.0 0.0 0.0 0.0 1.0 0.0 0.0 0.0 0.0 1.0 0.0
-0.9942942250265332 0.10667236791205012 1.7090676923702002e-06 0.9786496276624598 -0.10667236792348159 -0.9942942247735681 -2.243941698188672e-05 0.1330424449820684 -6.943496077514228e-07 -2.2493693015739294e-05 0.9999999997467757 0.10915975664944658
-0.8479037640483744 0.5301501738957232 -5.561808546974863e-06 1.9845057192007463 -0.5301501733636915 -0.8479037635868577 -3.711724734951084e-05 0.7424488130140534 -2.4393593536203993e-05 -2.8523259973358583e-05 0.9999999992956884 0.02146649552895702
1.0 0.0 0.0 0.0 0.0 1.0 0.0 0.0 0.0 0.0 1.0 0.0
-0.9942942250265332 0.10667236791205012 1.7090676923702002e-06 0.9786496276624598 -0.10667236792348159 -0.9942942247735681 -2.243941698188672e-05 0.1330424449820684 -6.943496077514228e-07 -2.2493693015739294e-05 0.9999999997467757 0.10915975664944658
-0.8479037640483744 0.5301501738957232 -5.561808546974863e-06 1.9845057192007463 -0.5301501733636915 -0.8479037635868577 -3.711724734951084e-05 0.7424488130140534 -2.4393593536203993e-05 -2.8523259973358583e-05 0.9999999992956884 0.02146649552895702
1.0 0.0 0.0 0.0 0.0 1.0 0.0 0.0 0.0 0.0 1.0 0.0
-0.9942937652731121 0.10667665265694098 1.0813307512476332e-05 0.9789387343798517 -0.10667665300878681 -0.9942937644840566 -4.013684885174286e-05 0.13265136952598766 6.469939549404771e-06 -4.1061346024402835e-05 0.9999999991360529 0.10897655901325212
-0.8479032410689705 0.5301510073309088 -5.6663546919642715e-05 1.9848827837804157 -0.5301510101360395 -0.8479032389693965 6.161934919282202e-05 0.7417967674304835 -1.5377644919017297e-05 8.228748253048183e-05 0.9999999964961491 0.022439500585595407
1.0 0.0 0.0 0.0 0.0 1.0 0.0 0.0 0.0 0.0 1.0 0.0
-0.9942941072412214 0.1066734657721186 -2.3553456148298884e-06 0.9791202442899065 -0.10667346570338536 -0.9942941070463801 -2.0190849439349648e-05 0.13305065439032848 -4.495734151457507e-06 -1.982438973808327e-05 0.9999999997933909 0.10904122736336228
-0.8479030918841329 0.5301512489589908 7.417278278579721e-07 1.9847670078925725 -0.5301512482545181 -0.8479030906836146 -5.275746780607492e-05 0.7421359230640385 -2.7340524131608655e-05 -4.512644800655246e-05 0.9999999986080497 0.02062379796518249
1.0 0.0 0.0 0.0 0.0 1.0 0.0 0.0 0.0 0.0 1.0 0.0
-0.9942938873384639 0.10667551307824633 2.2602199041397186e-05 0.9789430903377865 -0.10667551453254448 -0.9942938843873751 -7.790431211121044e-05 0.13266743025703875 1.4162745815099657e-05 -7.987088254180777e-05 0.9999999967100294 0.10895632821437662
-0.8478994754080023 0.5301570327981393 -1.3323191541569768e-05 1.9847559633133023 -0.5301570303736448 -0.8478994734799271 -7.757487423408503e-05 0.7420613594588678 -5.2423592236802984e-05 -5.87123115051576e-05 0.9999999969023157 0.02240883489669987
1.0 0.0 0.0 0.0 0.0 1.0 0.0 0.0 0.0 0.0 1.0 0.0
-0.9942943563290106 0.10667114403766238 -1.4053354596046008e-06 0.9790659006745464 -0.10667114396469995 -0.9942943559936069 -2.6163356955379565e-05 0.133340692280993 -4.188192334058857e-06 -2.586416942221446e-05 0.999999999656752 0.1092433826633362
-0.8478992060773543 0.5301574631975876 2.3436943983429182e-05 1.9845454547683172 -0.5301574614150927 -0.8478991974511436 -0.00013064306527356469 0.7429472875769818 -4.938923007553833e-05 -0.000123197422050549 0.9999999911915496 0.021870688805432387
1.0 0.0 0.0 0.0 0.0 1.0 0.0 0.0 0.0 0.0 1.0 0.0
-0.9942942250265332 0.10667236791205012 1.7090676923702002e-06 0.9786496276624598 -0.10667236792348159 -0.9942942247735681 -2.243941698188672e-05 0.1330424449820684 -6.943496077514228e-07 -2.2493693015739294e-05 0.9999999997467757 0.10915975664944658
-0.8479037640483744 0.5301501738957232 -5.561808546974863e-06 1.9845057192007463 -0.5301501733636915 -0.8479037635868577 -3.711724734951084e-05 0.7424488130140534 -2.4393593536203993e-05 -2.8523259973358583e-05 0.9999999992956884 0.02146649552895702
1.0 0.0 0.0 0.0 0.0 1.0 0.0 0.0 0.0 0.0 1.0 0.0
-0.9942946847024994 0.10666808312310705 -3.898692144883517e-06 0.9786941397409827 -0.10666808307496643 -0.9942946846547738 -1.097165086389195e-05 0.13289160750921925 -5.0467738431025035e-06 -1.0493188118791734e-05 0.9999999999322118 0.1088777709250405
-0.8479092888925155 0.5301413374032572 -1.3640899971171401e-05 1.9846070438507457 -0.5301413368404917 -0.8479092887889766 -3.09571894905865e-05 0.7423479354772723 -2.7977931631784162e-05 -1.901728358064382e-05 0.9999999994277893 0.021476674466985507
1.0 0.0 0.0 0.0 0.0 1.0 0.0 0.0 0.0 0.0 1.0 0.0
-0.9942940733828359 0.10667378043663835 1.4252139397803862e-05 0.9782736609080462 -0.1066737806114295 -0.9942940733923203 -1.2123221160569163e-05 0.1324857274341129 1.2877587904128018e-05 -1.3574376541639915e-05 0.9999999998249519 0.109070788732061
-0.8479021698090944 0.5301527165671319 8.68879709765751e-05 1.9841766686047615 -0.5301527175405815 -0.8479021735478166 1.3312590292573247e-05 0.741856101822274 8.07302053543486e-05 -3.477611973996431e-05 0.9999999961366278 0.022102741792214747
1.0 0.0 0.0 0.0 0.0 1.0 0.0 0.0 0.0 0.0 1.0 0.0
-0.9942944785676127 0.10667000464011077 1.9341172055335096e-07 0.9790786863646243 -0.10667000463526248 -0.9942944785015537 -1.1508104828853997e-05 0.1329076047502471 -1.0352613896745507e-06 -1.1463076319219113e-05 0.9999999999337631 0.10896832362235327
-0.8479005394984865 0.5301553306196806 2.3102213066641963e-05 1.9846041295344854 -0.5301553286333062 -0.8479005304883341 -0.00013386303450244115 0.7423975451571048 -5.137982259975102e-05 -0.00012575030053404372 0.9999999907734877 0.02192757699181444
1.0 0.0 0.0 0.0 0.0 1.0 0.0 0.0 0.0 0.0 1.0 0.0
-0.9942946815886037 0.10666811217131196 -3.2288213185703043e-06 0.9786235057249248 -0.1066681121074213 -0.994294681473838 -1.588323632284318e-05 0.13324826840788806 -4.904634698212209e-06 -1.5448205127814903e-05 0.9999999998686488 0.1090553068667292
-0.8479097244104439 0.5301406408137692 -1.4414279904619044e-05 1.9845774085847445 -0.5301406403928973 -0.8479097244220726 -2.5185206955225147e-05 0.7428006590090199 -2.5573709855949694e-05 -1.3713186309211455e-05 0.9999999995789669 0.021277564311973918
