1.0 0.0 0.0 0.0 0.0 1.0 0.0 0.0 0.0 0.0 1.0 0.0
-0.9942942907263952 0.10667175553029769 -9.895525687136269e-07 0.9783829373571724 -0.1066717555155465 -0.9942942906799859 -9.819123721614099e-06 0.13265327052962728 -2.0313296345584247e-06 -9.65754134665344e-06 0.999999999951303 0.10888217403185436
-0.8479074141830906 0.5301443064883857 0.0001768369076934402 1.9843496545874881 -0.5301443062640221 -0.8479074311691994 5.199892141205304e-05 0.7422312510371992 0.00017750826026838537 -4.965880875620539e-05 0.99999998301241 0.02202187821104118
1.0 0.0 0.0 0.0 0.0 1.0 0.0 0.0 0.0 0.0 1.0 0.0
-0.9942942044444497 0.10667255975848014 1.65898001239774e-06 0.9789323744080685 -0.10667255977067587 -0.9942942042611207 -1.9097548757216917e-05 0.13281604133585345 -3.876701997361291e-07 -1.9165549692927922e-05 0.9999999998162657 0.10899705705095858
-0.8479027544912344 0.5301517877890174 -2.881469552126583e-05 1.9847409662746784 -0.5301517862835972 -0.8479027546288561 -4.6830640638821815e-05 0.7421826481703163 -4.92594075642505e-05 -2.4431666890432888e-05 0.9999999984883021 0.021787438960784195
1.0 0.0 0.0 0.0 0.0 1.0 0.0 0.0 0.0 0.0 1.0 0.0
-0.994293778641728 0.10667652856846208 -2.6336152837499263e-06 0.979354562600987 -0.10667652849441472 -0.9942937784489997 -2.0149213157542706e-05 0.13296579305321643 -4.768035404496883e-06 -1.975329235119966e-05 0.9999999997935367 0.10904278114362992
-0.8479015960825462 0.530153641168687 1.078208957089169e-05 1.9849919581845468 -0.5301536411711987 -0.8479015953269973 -3.73477272504637e-05 0.7422581271433887 -1.0657882643088822e-05 -3.73833615911613e-05 0.9999999992444469 0.021297238806550378
1.0 0.0 0.0 0.0 0.0 1.0 0.0 0.0 0.0 0.0 1.0 0.0
-0.9942942250265332 0.10667236791205012 1.7090676923702002e-06 0.9786496276624598 -0.10667236792348159 -0.9942942247735681 -2.243941698188672e-05 0.1330424449820684 -6.943496077514228e-07 -2.2493693015739294e-05 0.9999999997467757 0.10915975664944658
-0.8479037640483744 0.5301501738957232 -5.561808546974863e-06 1.9845057192007463 -0.5301501733636915 -0.8479037635868577 -3.711724734951084e-05 0.7424488130140534 -2.4393593536203993e-05 -2.8523259973358583e-05 0.9999999992956884 0.02146649552895702
1.0 0.0 0.0 0.0 0.0 1.0 0.0 0.0 0.0 0.0 1.0 0.0
-0.9942927817142098 0.10668581941223673 1.2936685406723629e-05 0.9781841916135181 -0.10668581947172097 -0.9942927817839544 -3.996675107974404e-06 0.13242544436568648 1.2436464361292763e-05 -5.354026094581791e-06 0.9999999999083343 0.10902990567299205
-0.8478935367443124 0.5301665208581986 0.00010251016589254564 1.983951433476134 -0.5301665292893049 -0.8478935329729353 -8.924127911915137e-05 0.7420079440639858 3.960496825673389e-05 -0.00013001456264403807 0.99999999076383 0.02266747048653156
1.0 0.0 0.0 0.0 0.0 1.0 0.0 0.0 0.0 0.0 1.0 0.0
-0.9942943195089529 0.10667148721966237 2.5638013224934177e-06 0.9787088387617513 -0.10667148724910198 -0.9942943193308253 -1.882855958122519e-05 0.13275586975157294 5.407026381062478e-07 -1.899461433622252e-05 0.9999999998194562 0.10899168168800874
-0.8479041685235931 0.5301495269835484 -6.279535206596701e-06 1.984545768328255 -0.5301495263519354 -0.8479041679894196 -4.0186914669286835e-05 0.7420970939394083 -2.662951787755987e-05 -3.074555985269391e-05 0.9999999991727896 0.02160627886682759
1.0 0.0 0.0 0.0 0.0 1.0 0.0 0.0 0.0 0.0 1.0 0.0
-0.9942951829599158 0.10666343852827637 -4.902297921067008e-06 0.9783858332625723 -0.10666343846571932 -0.9942951829108171 -1.1619634730176644e-05 0.1329770729849895 -6.113721402874501e-06 -1.1030450887347345e-05 0.999999999920476 0.10885030369563457
-0.847910112398909 0.530140018942636 -4.008953368433609e-05 1.9843535937425814 -0.5301400173389058 -0.8479101131887335 -4.436410516755511e-05 0.742289792925267 -5.751150859786768e-05 -1.6363707316568515e-05 0.9999999982123278 0.020871289475553667
1.0 0.0 0.0 0.0 0.0 1.0 0.0 0.0 0.0 0.0 1.0 0.0
-0.9942896381769584 0.10671481845997549 0.0002508684663090531 0.9796524956190051 -0.10671482599516524 -0.9942896688743946 -1.6806774973319155e-05 0.13210539192213666 0.0002476423923572728 -4.348218693698384e-05 0.999999968391272 0.10774340631433049
-0.847897383477122 0.5301603542847246 0.00016073999553457046 1.98518778663645 -0.5301603199887244 -0.8478973933141954 0.00021335520912994058 0.7408669818153459 0.00024940349647592703 9.568535610490758e-05 0.9999999643211039 0.02339723535669047
1.0 0.0 0.0 0.0 0.0 1.0 0.0 0.0 0.0 0.0 1.0 0.0
-0.994294648764953 0.10666841813057738 -3.301367587841824e-06 0.9789533835758626 -0.10666841808957685 -0.9942946487163996 -1.077954754873916e-05 0.1329713567222569 -4.432369411220139e-06 -1.0365894785698882e-05 0.9999999999364511 0.10887279843036818
-0.8479081597740993 0.5301431423929087 -3.40921224196565e-05 1.9848459517812402 -0.5301431412419915 -0.8479081603477989 -3.7545771392855686e-05 0.7424568594899043 -4.881162203297403e-05 -1.3761661057850194e-05 0.9999999987140211 0.021650917882768128
1.0 0.0 0.0 0.0 0.0 1.0 0.0 0.0 0.0 0.0 1.0 0.0
-0.9942942044444497 0.10667255975848014 1.65898001239774e-06 0.9789323744080685 -0.10667255977067587 -0.9942942042611207 -1.9097548757216917e-05 0.13281604133585345 -3.876701997361291e-07 -1.9165549692927922e-05 0.9999999998162657 0.10899705705095858
-0.8479027544912344 0.5301517877890174 -2.881469552126583e-05 1.9847409662746784 -0.5301517862835972 -0.8479027546288561 -4.6830640638821815e-05 0.7421826481703163 -4.92594075642505e-05 -2.4431666890432888e-05 0.9999999984883021 0.021787438960784195
1.0 0.0 0.0 0.0 0.0 1.0 0.0 0.0 0.0 0.0 1.0 0.0
-0.9942944517068688 0.10667025318078749 1.9780911615219636e-05 0.9793236698637653 -0.10667025379167268 -0.9942944512924172 -3.294132482446233e-05 0.13247411185058988 1.6154191201388864e-05 -3.486341136706132e-05 0.9999999992617923 0.10859294579391734
-0.8479127246714663 0.530135806223334 -0.00019570423205180146 1.9853232271859316 -0.530135832219477 -0.8479127228541482 0.0001175543583544298 0.7415960619248847 -0.00010362033373183144 0.00020342566221696803 0.9999999739404131 0.023618103133441926
1.0 0.0 0.0 0.0 0.0 1.0 0.0 0.0 0.0 0.0 1.0 0.0
-0.994292807355234 0.10668557222204884 4.3832647012628305e-05 0.9783715367700181 -0.10668557170623014 -0.9942928082789003 1.394889228477687e-05 0.13248841349116947 4.5070631247744845e-05 9.192972263407443e-06 0.9999999989420638 0.1090114904070974
-0.847888563477221 0.5301744787833573 7.727438236741394e-05 1.9840709277967161 -0.5301744843121325 -0.8478885571756218 -0.00010389902620135287 0.7421589027477804 1.0435452509743446e-05 -0.00012906370189473914 0.9999999916168311 0.022717283640302427
1.0 0.0 0.0 0.0 0.0 1.0 0.0 0.0 0.0 0.0 1.0 0.0
-0.9942940250178356 0.10667423129122884 1.3865707469829995e-05 0.9789570179322145 -0.10667423177850724 -0.9942940242106174 -4.1152430331300333e-05 0.13237618052600642 9.396686207353233e-06 -4.239672928580454e-05 0.9999999990571097 0.1087783137946523
-0.847904753456185 0.5301485882963402 -5.825636171509844e-05 1.9848656552289248 -0.5301485912428183 -0.8479047513338951 6.219855773886693e-05 0.741475819601809 -1.6421368314329635e-05 8.362298085909473e-05 0.9999999963687677 0.022541985347590776
1.0 0.0 0.0 0.0 0.0 1.0 0.0 0.0 0.0 0.0 1.0 0.0
-0.9942950045076387 0.10666510123821993 1.3747544655700904e-05 0.9786413486054567 -0.1066651017531506 -0.994295003540615 -4.474548672269982e-05 0.1323481480840556 8.896333090886945e-06 -4.5956597172185655e-05 0.999999998904423 0.10871758946171142
-0.8479072201844313 0.530144642547418 -6.27485587820113e-05 1.9846285983405134 -0.5301446447824355 -0.8479072207200887 2.5675666269469227e-05 0.7412596459932494 -3.9593139164447725e-05 5.5036395219030476e-05 0.9999999977016893 0.021937373648661496
1.0 0.0 0.0 0.0 0.0 1.0 0.0 0.0 0.0 0.0 1.0 0.0
-0.9942951829599158 0.10666343852827637 -4.902297921067008e-06 0.9783858332625723 -0.10666343846571932 -0.9942951829108171 -1.1619634730176644e-05 0.1329770729849895 -6.113721402874501e-06 -1.1030450887347345e-05 0.999999999920476 0.10885030369563457
-0.847910112398909 0.530140018942636 -4.008953368433609e-05 1.9843535937425814 -0.5301400173389058 -0.8479101131887335 -4.436410516755511e-05 0.742289792925267 -5.751150859786768e-05 -1.6363707316568515e-05 0.9999999982123278 0.020871289475553667
1.0 0.0 0.0 0.0 0.0 1.0 0.0 0.0 0.0 0.0 1.0 0.0
-0.9942940733828359 0.10667378043663835 1.4252139397803862e-05 0.9782736609080462 -0.1066737806114295 -0.9942940733923203 -1.2123221160569163e-05 0.1324857274341129 1.2877587904128018e-05 -1.3574376541639915e-05 0.9999999998249519 0.109070788732061
-0.8479021698090944 0.5301527165671319 8.68879709765751e-05 1.9841766686047615 -0.5301527175405815 -0.8479021735478166 1.3312590292573247e-05 0.741856101822274 8.07302053543486e-05 -3.477611973996431e-05 0.9999999961366278 0.022102741792214747
1.0 0.0 0.0 0.0 0.0 1.0 0.0 0.0 0.0 0.0 1.0 0.0
-0.9942947932333606 0.10666707149646881 2.7193318468744286e-06 0.9783288163241968 -0.10666707153049255 -0.9942947929925521 -2.188618677478568e-05 0.13314323008108264 3.692820462732595e-07 -2.2051384718503195e-05 0.9999999997567998 0.10918353982214654
-0.8479051893702505 0.530147893615952 -2.708448091516779e-05 1.9842370011693666 -0.5301478918026994 -0.8479051892236439 -5.389592826748563e-05 0.7423950413757046 -5.15378847608956e-05 -3.133985680619398e-05 0.9999999981808301 0.020875928422083717
1.0 0.0 0.0 0.0 0.0 1.0 0.0 0.0 0.0 0.0 1.0 0.0
-0.9942937406254372 0.10667687911456562 -2.855611105446047e-05 0.9791921381078401 -0.10667687764557855 -0.9942937399957404 -4.879623174333282e-05 0.13400176710981704 -3.359859217500466e-05 -4.5471511023509484e-05 0.999999998401738 0.10972252546708197
-0.8478862981124196 0.5301781069144552 -2.0538302747211082e-05 1.9843031788882382 -0.5301780985924779 -0.8478862905569813 -0.00014852066113173727 0.7436478133107007 -9.615654828717162e-05 -0.00011503967526136582 0.9999999887598956 0.021518106735098436
1.0 0.0 0.0 0.0 0.0 1.0 0.0 0.0 0.0 0.0 1.0 0.0
-0.9942943195089529 0.10667148721966237 2.5638013224934177e-06 0.9787088387617513 -0.10667148724910198 -0.9942943193308253 -1.882855958122519e-05 0.13275586975157294 5.407026381062478e-07 -1.899461433622252e-05 0.9999999998194562 0.10899168168800874
-0.8479041685235931 0.5301495269835484 -6.279535206596701e-06 1.984545768328255 -0.5301495263519354 -0.8479041679894196 -4.0186914669286835e-05 0.7420970939394083 -2.662951787755987e-05 -3.074555985269391e-05 0.9999999991727896 0.02160627886682759
1.0 0.0 0.0 0.0 0.0 1.0 0.0 0.0 0.0 0.0 1.0 0.0
-0.9942912170321214 0.10670040057445039 1.581249668330166e-05 0.9785319538701667 -0.10670040140448875 -0.9942912147893 -6.732711382366097e-05 0.13182153463761104 8.53839652158176e-06 -6.862995768632931e-05 0.9999999976085124 0.10869801870362208
-0.847880978540788 0.530186606858298 9.020421314575425e-05 1.9844423639279167 -0.5301865883454177 -0.8478809778648259 0.00017004009496971432 0.7411171139853199 0.00016663541743139207 9.634869809194365e-05 0.9999999814747829 0.023837779451887753
