1.0 0.0 0.0 0.0 0.0 1.0 0.0 0.0 0.0 0.0 1.0 0.0
-0.99429392738904 0.10667513830220587 2.873124703128442e-05 0.9792564219955642 -0.10667513951103645 -0.9942939266801948 -4.4465501256335256e-05 0.13239277180741382 2.3823940932963013e-05 -4.72766876628793e-05 0.9999999985986674 0.10863533804609507
-0.847906639292334 0.5301455473046558 -0.00017238626961186434 1.9851543711903856 -0.5301455659528519 -0.8479066406304799 8.760858506770611e-05 0.7414268293270103 -9.972216147811237e-05 0.0001656737174038089 0.9999999813038547 0.023723423738861216
1.0 0.0 0.0 0.0 0.0 1.0 0.0 0.0 0.0 0.0 1.0 0.0
-0.9942948729109914 0.10666632809095951 -1.2430128774015429e-05 0.9786981520668858 -0.10666632833028465 -0.9942948727514115 2.0513187317944608e-05 0.13295428484621974 -1.0171146938990582e-05 2.172203317429328e-05 0.9999999997123504 0.10866951512004713
-0.847908467596625 0.5301426505936757 2.448375162229481e-05 1.9844926651382306 -0.5301426465256772 -0.8479084531758411 -0.0001713700756597939 0.7426426093183838 -7.00906061767221e-05 -0.00015828601912653743 0.9999999850164213 0.0224592738824628
1.0 0.0 0.0 0.0 0.0 1.0 0.0 0.0 0.0 0.0 1.0 0.0
-0.994294054070322 0.10667396139344229 1.0166102286811375e-06 0.9790390414063728 -0.10667396139332441 -0.9942940538869938 -1.9121265724621155e-05 0.1328619633383854 -1.0289316562111923e-06 -1.9120606656580355e-05 0.9999999998166718 0.10901452766862857
-0.8479036154236559 0.530150411488094 1.2267715220860582e-05 1.9847383598194532 -0.530150411550689 -0.8479036146694022 -3.6921493874362346e-05 0.7421403474729682 -9.172105090751517e-06 -3.780960241603861e-05 0.9999999992431531 0.021284272329500142
1.0 0.0 0.0 0.0 0.0 1.0 0.0 0.0 0.0 0.0 1.0 0.0
-0.994294611953319 0.10666876131090638 9.973088270135565e-07 0.978399407825745 -0.10666876131541025 -0.994294611892272 -1.1019561482832751e-05 0.13284539040691934 -1.8382418047597345e-07 -1.1063072305608755e-05 0.9999999999387875 0.10894167444075034
-0.8479002455016466 0.5301558012562146 -8.522215416384186e-06 1.9841232684992551 -0.5301557942675517 -0.8479002367281592 -0.00014953552488256396 0.7422249079396245 -8.650311447940893e-05 -0.00012227310637617756 0.9999999887832492 0.02169498930757685
1.0 0.0 0.0 0.0 0.0 1.0 0.0 0.0 0.0 0.0 1.0 0.0
-0.9942959232030152 0.10665644018308143 0.00014446223057090676 0.9798390095664935 -0.10665646211025462 -0.9942959194696548 -0.00015367536079351617 0.1322799590188608 0.00012724773944804382 -0.00016820661515498696 0.9999999777572732 0.10709501053104725
-0.8479178542416758 0.5301276321954552 -7.772407294993853e-05 1.9853166739371932 -0.530127623079923 -0.8479178560949354 -0.00011208478760896248 0.740952877848903 -0.00012532287236295125 -5.383501455348907e-05 0.9999999906979843 0.022384118989734303
1.0 0.0 0.0 0.0 0.0 1.0 0.0 0.0 0.0 0.0 1.0 0.0
-0.9942950262080152 0.10666489976148723 -4.107797875269297e-06 0.9786406898934272 -0.10666489970906345 -0.9942950261571367 -1.1368102451019385e-05 0.13307485729881993 -5.296940504254163e-06 -1.0865089876070145e-05 0.9999999999269461 0.10884349485202158
-0.8479089890117106 0.5301418141390933 -5.704778621678164e-05 1.9845904156600562 -0.5301418119355654 -0.847908990846162 -4.979878596422487e-05 0.7424002448262935 -7.47717495740836e-05 -1.1981421509064805e-05 0.9999999971328155 0.021020885716118903
1.0 0.0 0.0 0.0 0.0 1.0 0.0 0.0 0.0 0.0 1.0 0.0
-0.9942942044444497 0.10667255975848014 1.65898001239774e-06 0.9789323744080685 -0.10667255977067587 -0.9942942042611207 -1.9097548757216917e-05 0.13281604133585345 -3.876701997361291e-07 -1.9165549692927922e-05 0.9999999998162657 0.10899705705095858
-0.8479027544912344 0.5301517877890174 -2.881469552126583e-05 1.9847409662746784 -0.5301517862835972 -0.8479027546288561 -4.6830640638821815e-05 0.7421826481703163 -4.92594075642505e-05 -2.4431666890432888e-05 0.9999999984883021 0.021787438960784195
1.0 0.0 0.0 0.0 0.0 1.0 0.0 0.0 0.0 0.0 1.0 0.0
-0.9942966973755104 0.10664932061630926 4.816390696089875e-07 0.977850753281222 -0.10664932044142947 -0.994296695465397 -6.193523023917871e-05 0.1319603776941527 -6.126458091907794e-06 -6.163336135749159e-05 0.9999999980818974 0.1085086931724101
-0.8479020082838076 0.5301529703086618 0.0001114503928243179 1.984161673915052 -0.5301529333982883 -0.8479020018169402 0.00025004802837140354 0.7407290490084151 0.0002270627161399614 0.00015293047273930727 0.999999962527396 0.02435959113079106
1.0 0.0 0.0 0.0 0.0 1.0 0.0 0.0 0.0 0.0 1.0 0.0
-0.994293778641728 0.10667652856846208 -2.6336152837499263e-06 0.979354562600987 -0.10667652849441472 -0.9942937784489997 -2.0149213157542706e-05 0.13296579305321643 -4.768035404496883e-06 -1.975329235119966e-05 0.9999999997935367 0.10904278114362992
-0.8479015960825462 0.530153641168687 1.078208957089169e-05 1.9849919581845468 -0.5301536411711987 -0.8479015953269973 -3.73477272504637e-05 0.7422581271433887 -1.0657882643088822e-05 -3.73833615911613e-05 0.9999999992444469 0.021297238806550378
1.0 0.0 0.0 0.0 0.0 1.0 0.0 0.0 0.0 0.0 1.0 0.0
-0.9942936041750816 0.10667815445648195 7.634469021434013e-06 0.9795047110266764 -0.1066781546425548 -0.9942936037090848 -3.074508352078426e-05 0.13256300576369728 4.311074947118257e-06 -3.1384070971418605e-05 0.9999999994982274 0.10868943948291829
-0.8479092599206809 0.5301413802724022 -6.215814786038103e-05 1.9853158806367535 -0.5301413838232404 -0.8479092561412561 8.067193653188739e-05 0.7416191135102759 -9.936937133147837e-06 0.0001013550885237196 0.9999999948142015 0.02214224281967328
1.0 0.0 0.0 0.0 0.0 1.0 0.0 0.0 0.0 0.0 1.0 0.0
-0.9942942919203537 0.10667174439949802 1.1704340504884135e-06 0.9786981528910725 -0.10667174440591873 -0.9942942918616158 -1.0807734832658281e-05 0.13278459082437644 1.0875967778841156e-08 -1.0870921294626862e-05 0.9999999999409115 0.10895028449588565
-0.8479004540449051 0.530155467670447 1.1383027753490232e-05 1.9844032066880652 -0.5301554637061097 -0.8479004446477684 -0.00014236810628151712 0.7423107594472148 -6.582555567334025e-05 -0.00012674875631453868 0.9999999898008746 0.02218501025346789
1.0 0.0 0.0 0.0 0.0 1.0 0.0 0.0 0.0 0.0 1.0 0.0
-0.9942937242350348 0.10667703476605643 1.415440054608881e-05 0.9785085893753385 -0.10667703526268388 -0.9942937234431787 -4.085417778351926e-05 0.13199252029370445 9.715429078330694e-06 -4.2131002065111964e-05 0.9999999990652946 0.10878179116378148
-0.8478982930815937 0.530158916697705 8.737984083912294e-05 1.9845400004988183 -0.5301588906125335 -0.8478982867344199 0.00021460969821359655 0.7410806814721509 0.0001878664624603702 0.0001356419973128931 0.9999999731537201 0.023951229798686358
1.0 0.0 0.0 0.0 0.0 1.0 0.0 0.0 0.0 0.0 1.0 0.0
-0.9942937242350348 0.10667703476605643 1.415440054608881e-05 0.9785085893753385 -0.10667703526268388 -0.9942937234431787 -4.085417778351926e-05 0.13199252029370445 9.715429078330694e-06 -4.2131002065111964e-05 0.9999999990652946 0.10878179116378148
-0.8478982930815937 0.530158916697705 8.737984083912294e-05 1.9845400004988183 -0.5301588906125335 -0.8478982867344199 0.00021460969821359655 0.7410806814721509 0.0001878664624603702 0.0001356419973128931 0.9999999731537201 0.023951229798686358
1.0 0.0 0.0 0.0 0.0 1.0 0.0 0.0 0.0 0.0 1.0 0.0
-0.9942939425657589 0.10667500049409764 -6.828055366059794e-06 0.9789080473382525 -0.10667500025434914 -0.9942939421905505 -2.9050076484489482e-05 0.13328832656606604 -9.888011010758068e-06 -2.815593227165788e-05 0.9999999995547354 0.10925686897568182
-0.8478931663644121 0.5301671213752427 -4.295602962009512e-05 1.984493454282605 -0.5301671065822144 -0.847893157374553 -0.0001810404776593296 0.7430651098203525 -0.00013240383247589972 -0.0001307291099087496 0.9999999826895625 0.022861462629926804
1.0 0.0 0.0 0.0 0.0 1.0 0.0 0.0 0.0 0.0 1.0 0.0
-0.9942946847024994 0.10666808312310705 -3.898692144883517e-06 0.9786941397409827 -0.10666808307496643 -0.9942946846547738 -1.097165086389195e-05 0.13289160750921925 -5.0467738431025035e-06 -1.0493188118791734e-05 0.9999999999322118 0.1088777709250405
-0.8479092888925155 0.5301413374032572 -1.3640899971171401e-05 1.9846070438507457 -0.5301413368404917 -0.8479092887889766 -3.09571894905865e-05 0.7423479354772723 -2.7977931631784162e-05 -1.901728358064382e-05 0.9999999994277893 0.021476674466985507
1.0 0.0 0.0 0.0 0.0 1.0 0.0 0.0 0.0 0.0 1.0 0.0
-0.994294054070322 0.10667396139344229 1.0166102286811375e-06 0.9790390414063728 -0.10667396139332441 -0.9942940538869938 -1.9121265724621155e-05 0.1328619633383854 -1.0289316562111923e-06 -1.9120606656580355e-05 0.9999999998166718 0.10901452766862857
-0.8479036154236559 0.530150411488094 1.2267715220860582e-05 1.9847383598194532 -0.530150411550689 -0.8479036146694022 -3.6921493874362346e-05 0.7421403474729682 -9.172105090751517e-06 -3.780960241603861e-05 0.9999999992431531 0.021284272329500142
1.0 0.0 0.0 0.0 0.0 1.0 0.0 0.0 0.0 0.0 1.0 0.0
-0.9942941567694216 0.10667300404785929 -4.646516054686116e-06 0.9785309381331846 -0.1066730039903233 -0.9942941567228807 -1.1243468132460526e-05 0.13271180472772803 -5.8193782838999715e-06 -1.0683656840287652e-05 0.9999999999259971 0.1088897687433529
-0.8479087794697192 0.5301421413578131 0.00010795704677914287 1.9843657311864726 -0.5301421422416978 -0.8479087854881878 2.2612605105718804e-05 0.7422106091463367 0.00010352562331182024 -3.805915365375905e-05 0.999999993916973 0.021703829265050323
1.0 0.0 0.0 0.0 0.0 1.0 0.0 0.0 0.0 0.0 1.0 0.0
-0.9942937715944178 0.10667659410258062 -6.2626685438862354e-06 0.9789026071931688 -0.10667659391585453 -0.9942937713204225 -2.4978434683752074e-05 0.13317430913534511 -8.891546663106907e-06 -2.416782188113474e-05 0.9999999996684283 0.10922266877010064
-0.8479001910159988 0.5301558879512285 -2.3359718475445203e-05 1.9847232269792134 -0.5301558867634059 -0.847900191001249 -4.2780273322190456e-05 0.7426266773497958 -4.248692354698564e-05 -2.388910965870306e-05 0.9999999988120859 0.021629400814386218
1.0 0.0 0.0 0.0 0.0 1.0 0.0 0.0 0.0 0.0 1.0 0.0
-0.9942942250265332 0.10667236791205012 1.7090676923702002e-06 0.9786496276624598 -0.10667236792348159 -0.9942942247735681 -2.243941698188672e-05 0.1330424449820684 -6.943496077514228e-07 -2.2493693015739294e-05 0.9999999997467757 0.10915975664944658
-0.8479037640483744 0.5301501738957232 -5.561808546974863e-06 1.9845057192007463 -0.5301501733636915 -0.8479037635868577 -3.711724734951084e-05 0.7424488130140534 -2.4393593536203993e-05 -2.8523259973358583e-05 0.9999999992956884 0.02146649552895702
1.0 0.0 0.0 0.0 0.0 1.0 0.0 0.0 0.0 0.0 1.0 0.0
-0.9942930859151545 0.10668298321677461 -1.9831500944141275e-05 0.9793999846212218 -0.10668298262624522 -0.99429308575998 -2.8772630747462776e-05 0.13344582048782694 -2.278787435213457e-05 -2.6492744145116305e-05 0.9999999993894235 0.10938958262832024
-0.8478971890193031 0.5301606888705863 2.879982562064946e-05 1.9850161167037852 -0.53016068956971 -0.8478971885972485 -2.835230047073037e-05 0.7428345333094315 9.388016027211145e-06 -3.930837128190565e-05 0.9999999991833584 0.020917826415936924
