1.0 0.0 0.0 0.0 0.0 1.0 0.0 0.0 0.0 0.0 1.0 0.0
-0.9943056250626008 0.10656362538170908 0.000719523715865818 0.9767117837614951 -0.10656290986308097 -0.9943054901257902 0.0009687864702177365 0.12900207784031398 0.0008186637794482433 0.0008865952959438794 0.9999992718689337 0.12444864222267665
-0.8478006429927651 0.5303147119720792 -0.0006131941163890807 1.9926473715952966 -0.5303149926456965 -0.8478005683745162 0.0004525914731423271 0.7385085734169972 -0.0002798504036780797 0.0007088933752663675 0.9999997095769249 0.03363490844400182
1.0 0.0 0.0 0.0 0.0 1.0 0.0 0.0 0.0 0.0 1.0 0.0
-0.9943089138536547 0.10653340798777022 0.0006456110876149723 0.9763231458233591 -0.10653279187088206 -0.9943087605217504 0.0009235831829855116 0.12893074009592415 0.0007403292243491809 0.0008495482399014058 0.9999993650900123 0.12381423609761466
-0.8478001646997819 0.5303155464558825 -0.0005494744956682427 1.9927593870718612 -0.5303157963549566 -0.8478000292082386 0.0005163437982319708 0.7385610212700836 -0.00019201934995822468 0.0007291513619298181 0.9999997157333899 0.03419369387309638
1.0 0.0 0.0 0.0 0.0 1.0 0.0 0.0 0.0 0.0 1.0 0.0
-0.9943031387615777 0.10658907392946129 0.0001938239789847796 0.9771912196772092 -0.10658892990054607 -0.9943029649917088 0.0006432972514342501 0.12934048010197055 0.0002612882152828015 0.0006189729857487172 0.9999997743004303 0.12182230199155156
-0.8477944814986236 0.5303248068546865 -0.0003411378299797135 1.9928980240202268 -0.5303249141144014 -0.8477942401938194 0.0006416881933501205 0.7386488377516292 5.108847983031592e-05 0.0007249335995502187 0.9999997359305869 0.034871888410630325
1.0 0.0 0.0 0.0 0.0 1.0 0.0 0.0 0.0 0.0 1.0 0.0
-0.9943057680416862 0.1065620335965787 0.0007567263664808381 0.9764131269793379 -0.10656132983102046 -0.9943057091066512 0.0009164183347074692 0.12924636540889123 0.0008500727477950476 0.000830562268208399 0.9999992937710717 0.12359476102772846
-0.8478037382905719 0.530309908354795 -0.0004716367885549887 1.9923965516903182 -0.5303101026739099 -0.8478035927583056 0.0005129406368137567 0.7385956496181089 -0.00012783786171375504 0.0006849867431752385 0.9999997572252919 0.03343076919254925
1.0 0.0 0.0 0.0 0.0 1.0 0.0 0.0 0.0 0.0 1.0 0.0
-0.9943073161325382 0.10654995233156259 0.000262189722295859 0.976792433525192 -0.10654971212479784 -0.9943070517781538 0.0008035112685914592 0.12872408694720486 0.0003463111771488217 0.0007710008935227207 0.9999996428130316 0.12377284743907432
-0.8477943901312563 0.5303247388256517 -0.0005860473322775155 1.9930943587012184 -0.5303250109429276 -0.847794277764941 0.0004953356505088607 0.7385410348289816 -0.0002341588253171408 0.0007307383436365754 0.9999997055955155 0.034345928062427575
1.0 0.0 0.0 0.0 0.0 1.0 0.0 0.0 0.0 0.0 1.0 0.0
-0.994302387418013 0.10659202728384323 0.0009497864813439045 0.9769543297666073 -0.10659111866930951 -0.9943024741159849 0.0009609306201128065 0.12935242686812776 0.0010468025911591044 0.0008542168061778011 0.999999087258575 0.12337263558756592
-0.8477916093683759 0.530329131537555 -0.0006319234145500176 1.992841912892561 -0.5303294255614724 -0.847791540180467 0.0004525285297189859 0.7387597949201502 -0.00029575026273562276 0.0007187774719327191 0.9999996979453184 0.033624273122287184
1.0 0.0 0.0 0.0 0.0 1.0 0.0 0.0 0.0 0.0 1.0 0.0
-0.9943065422158011 0.10655574604478309 0.0006108123257227376 0.9764147156756806 -0.10655523824477779 -0.9943064534027517 0.0008111252930764009 0.12929560460668324 0.0006937646980236105 0.0007414219325723415 0.999999484491898 0.12242955441284968
-0.847798129427185 0.5303189473519937 -0.0003818628536839559 1.992653495073046 -0.530319084777255 -0.8477979201337482 0.0005957666533538086 0.7387066628135245 -7.796188655583581e-06 0.0007075990133645596 0.9999997496213965 0.034211581015492605
1.0 0.0 0.0 0.0 0.0 1.0 0.0 0.0 0.0 0.0 1.0 0.0
-0.9943045823783705 0.10657443227959774 0.0005365124935099593 0.9768420519104096 -0.10657394816001965 -0.9943044053332539 0.0008620373947077357 0.12911320599337872 0.0006253278817580415 0.0007999494770688808 0.9999994845228044 0.12377610833135767
-0.847797560865797 0.530319805448047 -0.0004469223096256244 1.9927260394383088 -0.5303199875235047 -0.8477973791510625 0.0005610148478201169 0.7385736675781465 -8.138227783531378e-05 0.0007126388532560286 0.9999997427613617 0.03428256930726809
1.0 0.0 0.0 0.0 0.0 1.0 0.0 0.0 0.0 0.0 1.0 0.0
-0.9943157877000874 0.10647101885659606 0.00019098165706454655 0.9756090081966866 -0.10647080748034335 -0.9943154236049998 0.0008975164030418907 0.1281462071733683 0.00028545549311729656 0.0008720807580227505 0.9999995789950679 0.12549078701901964
-0.8478082664757607 0.5303027450656467 -0.00037665794240412644 1.992704956632066 -0.5303028788258856 -0.8478080554084393 0.000598242040121993 0.7383551025267381 -2.0842416134207975e-06 0.000706937338158292 0.9999997501175967 0.034515392873723544
1.0 0.0 0.0 0.0 0.0 1.0 0.0 0.0 0.0 0.0 1.0 0.0
-0.9943089215836136 0.10653367387011403 0.0005871890387994058 0.9762662296928701 -0.10653313141826434 -0.9943087560858714 0.0008885275378407473 0.12898648558728493 0.0006785053056968372 0.0008209157709099957 0.9999994328637628 0.12351767616301088
-0.847799057343364 0.5303173359229822 -0.0005306479566490618 1.9928031701844438 -0.5303175729512555 -0.8477989152414618 0.0005207057624042879 0.7386811011697851 -0.00017374346930418543 0.0007228657909812866 0.9999997236390894 0.03401932930740806
1.0 0.0 0.0 0.0 0.0 1.0 0.0 0.0 0.0 0.0 1.0 0.0
-0.9943011798625645 0.1066040611893058 0.0008589888586557241 0.9774717036800559 -0.10660317840545844 -0.9943011271779669 0.0010153061010990455 0.12911449581985388 0.0009623293441221402 0.000917949111696864 0.9999991156454399 0.12432765632650715
-0.8477949633370196 0.5303238193205806 -0.0005888986447128092 1.9929628847256005 -0.5303240935107982 -0.8477948516820262 0.000495281133357095 0.7385473603030683 -0.000236605856870682 0.0007322039902230541 0.9999997039474487 0.03428263992933043
1.0 0.0 0.0 0.0 0.0 1.0 0.0 0.0 0.0 0.0 1.0 0.0
-0.994305037202704 0.10657107623557835 0.0003141708445776719 0.9768463287630541 -0.10657082323235692 -0.9943048425292911 0.0007346825025867673 0.12919932383091004 0.0003906774971372163 0.0006970170675244641 0.9999996807690994 0.12289203481426206
-0.8477967652962151 0.5303211426565353 -0.0003611159654246446 1.9927724486752283 -0.530321265386634 -0.8477965488375268 0.0006060180674127612 0.7385788811929299 1.5231324763695524e-05 0.0007052876329989162 0.9999997511686498 0.034421677507413574
1.0 0.0 0.0 0.0 0.0 1.0 0.0 0.0 0.0 0.0 1.0 0.0
-0.9943090765598903 0.10653231456667958 0.0005711599464343883 0.9763844395458534 -0.10653173972323772 -0.9943088417260955 0.0009569205038109356 0.12866998959095016 0.0006698523409068073 0.0008906280797315897 0.9999993790395397 0.12480011336273314
-0.8478008952040079 0.5303142778844251 -0.0006393459187689201 1.992806578371242 -0.5303145812846385 -0.8478008184161467 0.00046601481763912324 0.7384784465535388 -0.00029490368168358014 0.0007341422427807637 0.999999687033444 0.03406231136977777
1.0 0.0 0.0 0.0 0.0 1.0 0.0 0.0 0.0 0.0 1.0 0.0
-0.9943051575609656 0.10657020192349669 0.00021379815074193848 0.9768939308640604 -0.10657002523396789 -0.9943049426832999 0.0007146168143670593 0.12907939992449358 0.000288737416224282 0.0006877627098854104 0.999999721806541 0.12302158005420423
-0.8477952111681197 0.5303236279282826 -0.00035997414765640776 1.9928727343758148 -0.5303237497784093 -0.8477949916965417 0.0006103074864466004 0.7385503578981706 1.8476200840818793e-05 0.000708318604157913 0.999999748971661 0.03460850528057762
1.0 0.0 0.0 0.0 0.0 1.0 0.0 0.0 0.0 0.0 1.0 0.0
-0.9943050315013515 0.10657062274942398 0.00045464040330858843 0.9767735084585231 -0.10657022477504624 -0.9943048361758151 0.0008245900694335798 0.12899904589071162 0.0005399282289431794 0.0007714429249914437 0.9999995566765623 0.12365985101538396
-0.8477960771802664 0.5303221001155434 -0.0005307040525882601 1.9927498578124452 -0.5303223311514598 -0.8477959585111743 0.00048766197382296434 0.7385205941767031 -0.00019131082884554307 0.0006948821187172279 0.9999997402694702 0.03374887532832248
