1.0 0.0 0.0 0.0 0.0 1.0 0.0 0.0 0.0 0.0 1.0 0.0
-0.9942943195089529 0.10667148721966237 2.5638013224934177e-06 0.9787088387617513 -0.10667148724910198 -0.9942943193308253 -1.882855958122519e-05 0.13275586975157294 5.407026381062478e-07 -1.899461433622252e-05 0.9999999998194562 0.10899168168800874
-0.8479041685235931 0.5301495269835484 -6.279535206596701e-06 1.984545768328255 -0.5301495263519354 -0.8479041679894196 -4.0186914669286835e-05 0.7420970939394083 -2.662951787755987e-05 -3.074555985269391e-05 0.9999999991727896 0.02160627886682759
1.0 0.0 0.0 0.0 0.0 1.0 0.0 0.0 0.0 0.0 1.0 0.0
-0.9942929932712693 0.10668384784439004 1.1864825703864837e-05 0.9785283180027604 -0.10668384790635628 -0.9942929933242236 -4.7167631460839785e-06 0.1325306539912765 1.1293910622574979e-05 -5.955629807888711e-06 0.9999999999184889 0.10904085940174477
-0.8478936458696774 0.5301663421591521 0.0001222105219552517 1.9840994439521644 -0.5301663524491196 -0.8478936448556416 -7.579057504980118e-05 0.7420707124437596 6.343991295605849e-05 -0.00012905425365745686 0.9999999896601885 0.02239741039372614
1.0 0.0 0.0 0.0 0.0 1.0 0.0 0.0 0.0 0.0 1.0 0.0
-0.9942940733828359 0.10667378043663835 1.4252139397803862e-05 0.9782736609080462 -0.1066737806114295 -0.9942940733923203 -1.2123221160569163e-05 0.1324857274341129 1.2877587904128018e-05 -1.3574376541639915e-05 0.9999999998249519 0.109070788732061
-0.8479021698090944 0.5301527165671319 8.68879709765751e-05 1.9841766686047615 -0.5301527175405815 -0.8479021735478166 1.3312590292573247e-05 0.741856101822274 8.07302053543486e-05 -3.477611973996431e-05 0.9999999961366278 0.022102741792214747
1.0 0.0 0.0 0.0 0.0 1.0 0.0 0.0 0.0 0.0 1.0 0.0
-0.9942946796413823 0.10666811894563248 -4.937044959434032e-05 0.9789814850504982 -0.10666812387014474 -0.9942946741345824 0.00011107487317560107 0.13284893375564433 -3.7240627307515465e-05 0.00011570740867320511 0.9999999926124657 0.10879984107290089
-0.847918389211878 0.5301241157555332 0.0016814073713691984 1.9846507267952358 -0.5301258983936653 -0.8479069189605991 -0.004515377177376479 0.7431917720183931 -0.000968033389684114 -0.004720028936237935 0.9999883920517267 0.02717141915348864
1.0 0.0 0.0 0.0 0.0 1.0 0.0 0.0 0.0 0.0 1.0 0.0
-0.994294054070322 0.10667396139344229 1.0166102286811375e-06 0.9790390414063728 -0.10667396139332441 -0.9942940538869938 -1.9121265724621155e-05 0.1328619633383854 -1.0289316562111923e-06 -1.9120606656580355e-05 0.9999999998166718 0.10901452766862857
-0.8479036154236559 0.530150411488094 1.2267715220860582e-05 1.9847383598194532 -0.530150411550689 -0.8479036146694022 -3.6921493874362346e-05 0.7421403474729682 -9.172105090751517e-06 -3.780960241603861e-05 0.9999999992431531 0.021284272329500142
1.0 0.0 0.0 0.0 0.0 1.0 0.0 0.0 0.0 0.0 1.0 0.0
-0.994294054070322 0.10667396139344229 1.0166102286811375e-06 0.9790390414063728 -0.10667396139332441 -0.9942940538869938 -1.9121265724621155e-05 0.1328619633383854 -1.0289316562111923e-06 -1.9120606656580355e-05 0.9999999998166718 0.10901452766862857
-0.8479036154236559 0.530150411488094 1.2267715220860582e-05 1.9847383598194532 -0.530150411550689 -0.8479036146694022 -3.6921493874362346e-05 0.7421403474729682 -9.172105090751517e-06 -3.780960241603861e-05 0.9999999992431531 0.021284272329500142
1.0 0.0 0.0 0.0 0.0 1.0 0.0 0.0 0.0 0.0 1.0 0.0
-0.9942936041750816 0.10667815445648195 7.634469021434013e-06 0.9795047110266764 -0.1066781546425548 -0.9942936037090848 -3.074508352078426e-05 0.13256300576369728 4.311074947118257e-06 -3.1384070971418605e-05 0.9999999994982274 0.10868943948291829
-0.8479092599206809 0.5301413802724022 -6.215814786038103e-05 1.9853158806367535 -0.5301413838232404 -0.8479092561412561 8.067193653188739e-05 0.7416191135102759 -9.936937133147837e-06 0.0001013550885237196 0.9999999948142015 0.02214224281967328
1.0 0.0 0.0 0.0 0.0 1.0 0.0 0.0 0.0 0.0 1.0 0.0
-0.9942938705532121 0.10667567191005825 -1.6880146918918975e-06 0.9790239404020898 -0.10667567184244624 -0.9942938702905783 -2.322810846102324e-05 0.13321655156570067 -4.156256738387185e-06 -2.291549576599106e-05 0.9999999997288029 0.10921979885682756
-0.8479025222434258 0.5301521598017014 1.5193001357571831e-05 1.9847240262344075 -0.5301521600017093 -0.8479025216328363 -3.246842830373711e-05 0.742562080642016 -4.3310232283372696e-06 -3.558466473864353e-05 0.9999999993574868 0.021062010643363382
1.0 0.0 0.0 0.0 0.0 1.0 0.0 0.0 0.0 0.0 1.0 0.0
-0.9942946847024994 0.10666808312310705 -3.898692144883517e-06 0.9786941397409827 -0.10666808307496643 -0.9942946846547738 -1.097165086389195e-05 0.13289160750921925 -5.0467738431025035e-06 -1.0493188118791734e-05 0.9999999999322118 0.1088777709250405
-0.8479092888925155 0.5301413374032572 -1.3640899971171401e-05 1.9846070438507457 -0.5301413368404917 -0.8479092887889766 -3.09571894905865e-05 0.7423479354772723 -2.7977931631784162e-05 -1.901728358064382e-05 0.9999999994277893 0.021476674466985507
1.0 0.0 0.0 0.0 0.0 1.0 0.0 0.0 0.0 0.0 1.0 0.0
-0.9942945395974325 0.10666943572629468 2.9261100856693274e-06 0.9782536875496843 -0.10666943576546295 -0.9942945393310557 -2.302001370911317e-05 0.13326382093124867 4.538834068767624e-07 -2.320080044434608e-05 0.9999999997307586 0.1091934626988539
-0.8479000803283624 0.5301560654115417 -9.30104795401215e-06 1.9839747034827244 -0.5301560587432358 -0.8479000722020548 -0.00014469826815646943 0.7427337967264194 -8.459902374953643e-05 -0.00011775866626788057 0.9999999894879508 0.02159664533302233
1.0 0.0 0.0 0.0 0.0 1.0 0.0 0.0 0.0 0.0 1.0 0.0
-0.9942928737809067 0.1066849495622958 5.182080505964775e-05 0.9801028832648857 -0.10668495189479464 -0.9942928738832993 -4.454317406718741e-05 0.13270148010092786 4.6772970910992824e-05 -4.981746064552314e-05 0.9999999976652548 0.10819856828532781
-0.8479135166180416 0.5301344930708634 -0.0002959610184083841 1.9858813762240235 -0.5301345485629517 -0.8479135196820791 0.0001534936592491807 0.7414993558864338 -0.00016957706557169143 0.00028704850927870637 0.9999999444233844 0.024913702486184297
1.0 0.0 0.0 0.0 0.0 1.0 0.0 0.0 0.0 0.0 1.0 0.0
-0.9942930978599767 0.10668287265250906 1.5186130819632877e-05 0.979425213425547 -0.1066828732057176 -0.9942930970262472 -4.2077616798413746e-05 0.13246839636641106 1.061050401007104e-05 -4.345758402576555e-05 0.9999999989994279 0.10875160868913078
-0.8479040734612626 0.5301496772286877 -4.406944995519245e-05 1.9851484574270506 -0.5301496789849641 -0.8479040718130706 5.3618608659540216e-05 0.7414306202247483 -8.940777985265942e-06 6.882684144252997e-05 0.9999999975914642 0.022289229560617907
1.0 0.0 0.0 0.0 0.0 1.0 0.0 0.0 0.0 0.0 1.0 0.0
-0.9942942250265332 0.10667236791205012 1.7090676923702002e-06 0.9786496276624598 -0.10667236792348159 -0.9942942247735681 -2.243941698188672e-05 0.1330424449820684 -6.943496077514228e-07 -2.2493693015739294e-05 0.9999999997467757 0.10915975664944658
-0.8479037640483744 0.5301501738957232 -5.561808546974863e-06 1.9845057192007463 -0.5301501733636915 -0.8479037635868577 -3.711724734951084e-05 0.7424488130140534 -2.4393593536203993e-05 -2.8523259973358583e-05 0.9999999992956884 0.02146649552895702
1.0 0.0 0.0 0.0 0.0 1.0 0.0 0.0 0.0 0.0 1.0 0.0
-0.9942942250265332 0.10667236791205012 1.7090676923702002e-06 0.9786496276624598 -0.10667236792348159 -0.9942942247735681 -2.243941698188672e-05 0.1330424449820684 -6.943496077514228e-07 -2.2493693015739294e-05 0.9999999997467757 0.10915975664944658
-0.8479037640483744 0.5301501738957232 -5.561808546974863e-06 1.9845057192007463 -0.5301501733636915 -0.8479037635868577 -3.711724734951084e-05 0.7424488130140534 -2.4393593536203993e-05 -2.8523259973358583e-05 0.9999999992956884 0.02146649552895702
1.0 0.0 0.0 0.0 0.0 1.0 0.0 0.0 0.0 0.0 1.0 0.0
-0.9942943195089529 0.10667148721966237 2.5638013224934177e-06 0.9787088387617513 -0.10667148724910198 -0.9942943193308253 -1.882855958122519e-05 0.13275586975157294 5.407026381062478e-07 -1.899461433622252e-05 0.9999999998194562 0.10899168168800874
-0.8479041685235931 0.5301495269835484 -6.279535206596701e-06 1.984545768328255 -0.5301495263519354 -0.8479041679894196 -4.0186914669286835e-05 0.7420970939394083 -2.662951787755987e-05 -3.074555985269391e-05 0.9999999991727896 0.02160627886682759
1.0 0.0 0.0 0.0 0.0 1.0 0.0 0.0 0.0 0.0 1.0 0.0
-0.9942920087134183 0.10669300718896095 6.021304929955805e-05 0.9799137639506368 -0.1066930105646621 -0.994292008600638 -5.594244751887037e-05 0.13261593420699747 5.390068577671793e-05 -6.204744002091609e-05 0.9999999966224157 0.1082474704456303
-0.8479068263358019 0.5301452056220065 -0.00027351261254350746 1.9855760495580563 -0.5301452501147382 -0.8479068335805153 0.00012388803900162905 0.7413337955432127 -0.00016623456333547394 0.0002500469263572443 0.9999999549213013 0.025029573707406827
1.0 0.0 0.0 0.0 0.0 1.0 0.0 0.0 0.0 0.0 1.0 0.0
-0.994293778641728 0.10667652856846208 -2.6336152837499263e-06 0.979354562600987 -0.10667652849441472 -0.9942937784489997 -2.0149213157542706e-05 0.13296579305321643 -4.768035404496883e-06 -1.975329235119966e-05 0.9999999997935367 0.10904278114362992
-0.8479015960825462 0.530153641168687 1.078208957089169e-05 1.9849919581845468 -0.5301536411711987 -0.8479015953269973 -3.73477272504637e-05 0.7422581271433887 -1.0657882643088822e-05 -3.73833615911613e-05 0.9999999992444469 0.021297238806550378
1.0 0.0 0.0 0.0 0.0 1.0 0.0 0.0 0.0 0.0 1.0 0.0
-0.9942948321421119 0.10666670881142698 2.612949641265493e-06 0.9784396905699805 -0.10666670884189612 -0.9942948319608892 -1.8992233487553304e-05 0.13280180837185984 5.722032853838886e-07 -1.916259434612061e-05 0.9999999998162338 0.10898820154732072
-0.8479052458872843 0.5301478032303237 -2.6960828095391e-05 1.9843209979408227 -0.5301478012386621 -0.8479052456198272 -5.737763161679787e-05 0.7420021391292542 -5.32788529245371e-05 -3.435757111012059e-05 0.9999999979904608 0.02110987372431211
1.0 0.0 0.0 0.0 0.0 1.0 0.0 0.0 0.0 0.0 1.0 0.0
-0.9942920381049648 0.10669274918270318 1.526147304476862e-05 0.9790558602720736 -0.1066927497384843 -0.9942920372748514 -4.2012714710984694e-05 0.13199802870059152 1.0691909092353142e-05 -4.3401196260534496e-05 0.9999999990010097 0.10875172612388914
-0.8478959919911828 0.5301625951888851 9.709723956640825e-05 1.9848433164928354 -0.5301625693800522 -0.8478959885378159 0.00020651833144410167 0.7409664252818686 0.00019181665447893788 0.00012362874349593168 0.9999999739611523 0.023740046649028235
1.0 0.0 0.0 0.0 0.0 1.0 0.0 0.0 0.0 0.0 1.0 0.0
-0.9942943169800602 0.10667150870401099 2.125950273129996e-05 0.9781203831562002 -0.10667150896241187 -0.9942943171141203 -1.1412595119057014e-05 0.13278057228986428 1.9920804010828264e-05 -1.3615261705011585e-05 0.9999999997088932 0.10930328751166622
-0.8479040527426864 0.5301497056557632 8.32804625521045e-05 1.9840602354165788 -0.5301497065332046 -0.8479040561846289 1.2977336611899976e-05 0.7422339521453885 7.749377318385082e-05 -3.3147576474923474e-05 0.9999999964479764 0.021992435665331683
