1.0 0.0 0.0 0.0 0.0 1.0 0.0 0.0 0.0 0.0 1.0 0.0
-0.9942943195089529 0.10667148721966237 2.5638013224934177e-06 0.9787088387617513 -0.10667148724910198 -0.9942943193308253 -1.882855958122519e-05 0.13275586975157294 5.407026381062478e-07 -1.899461433622252e-05 0.9999999998194562 0.10899168168800874
-0.8479041685235931 0.5301495269835484 -6.279535206596701e-06 1.984545768328255 -0.5301495263519354 -0.8479041679894196 -4.0186914669286835e-05 0.7420970939394083 -2.662951787755987e-05 -3.074555985269391e-05 0.9999999991727896 0.02160627886682759
1.0 0.0 0.0 0.0 0.0 1.0 0.0 0.0 0.0 0.0 1.0 0.0
-0.9942938873384639 0.10667551307824633 2.2602199041397186e-05 0.9789430903377865 -0.10667551453254448 -0.9942938843873751 -7.790431211121044e-05 0.13266743025703875 1.4162745815099657e-05 -7.987088254180777e-05 0.9999999967100294 0.10895632821437662
-0.8478994754080023 0.5301570327981393 -1.3323191541569768e-05 1.9847559633133023 -0.5301570303736448 -0.8478994734799271 -7.757487423408503e-05 0.7420613594588678 -5.2423592236802984e-05 -5.87123115051576e-05 0.9999999969023157 0.02240883489669987
1.0 0.0 0.0 0.0 0.0 1.0 0.0 0.0 0.0 0.0 1.0 0.0
-0.9942938705532121 0.10667567191005825 -1.6880146918918975e-06 0.9790239404020898 -0.10667567184244624 -0.9942938702905783 -2.322810846102324e-05 0.13321655156570067 -4.156256738387185e-06 -2.291549576599106e-05 0.9999999997288029 0.10921979885682756
-0.8479025222434258 0.5301521598017014 1.5193001357571831e-05 1.9847240262344075 -0.5301521600017093 -0.8479025216328363 -3.246842830373711e-05 0.742562080642016 -4.3310232283372696e-06 -3.558466473864353e-05 0.9999999993574868 0.021062010643363382
1.0 0.0 0.0 0.0 0.0 1.0 0.0 0.0 0.0 0.0 1.0 0.0
-0.9942943195089529 0.10667148721966237 2.5638013224934177e-06 0.9787088387617513 -0.10667148724910198 -0.9942943193308253 -1.882855958122519e-05 0.13275586975157294 5.407026381062478e-07 -1.899461433622252e-05 0.9999999998194562 0.10899168168800874
-0.8479041685235931 0.5301495269835484 -6.279535206596701e-06 1.984545768328255 -0.5301495263519354 -0.8479041679894196 -4.0186914669286835e-05 0.7420970939394083 -2.662951787755987e-05 -3.074555985269391e-05 0.9999999991727896 0.02160627886682759
1.0 0.0 0.0 0.0 0.0 1.0 0.0 0.0 0.0 0.0 1.0 0.0
-0.9942948321421119 0.10666670881142698 2.612949641265493e-06 0.9784396905699805 -0.10666670884189612 -0.9942948319608892 -1.8992233487553304e-05 0.13280180837185984 5.722032853838886e-07 -1.916259434612061e-05 0.9999999998162338 0.10898820154732072
-0.8479052458872843 0.5301478032303237 -2.6960828095391e-05 1.9843209979408227 -0.5301478012386621 -0.8479052456198272 -5.737763161679787e-05 0.7420021391292542 -5.32788529245371e-05 -3.435757111012059e-05 0.9999999979904608 0.02110987372431211
1.0 0.0 0.0 0.0 0.0 1.0 0.0 0.0 0.0 0.0 1.0 0.0
-0.9942946847024994 0.10666808312310705 -3.898692144883517e-06 0.9786941397409827 -0.10666808307496643 -0.9942946846547738 -1.097165086389195e-05 0.13289160750921925 -5.0467738431025035e-06 -1.0493188118791734e-05 0.9999999999322118 0.1088777709250405
-0.8479092888925155 0.5301413374032572 -1.3640899971171401e-05 1.9846070438507457 -0.5301413368404917 -0.8479092887889766 -3.09571894905865e-05 0.7423479354772723 -2.7977931631784162e-05 -1.901728358064382e-05 0.9999999994277893 0.021476674466985507
1.0 0.0 0.0 0.0 0.0 1.0 0.0 0.0 0.0 0.0 1.0 0.0
-0.994294648764953 0.10666841813057738 -3.301367587841824e-06 0.9789533835758626 -0.10666841808957685 -0.9942946487163996 -1.077954754873916e-05 0.1329713567222569 -4.432369411220139e-06 -1.0365894785698882e-05 0.9999999999364511 0.10887279843036818
-0.8479081597740993 0.5301431423929087 -3.40921224196565e-05 1.9848459517812402 -0.5301431412419915 -0.8479081603477989 -3.7545771392855686e-05 0.7424568594899043 -4.881162203297403e-05 -1.3761661057850194e-05 0.9999999987140211 0.021650917882768128
1.0 0.0 0.0 0.0 0.0 1.0 0.0 0.0 0.0 0.0 1.0 0.0
-0.9942942919203537 0.10667174439949802 1.1704340504884135e-06 0.9786981528910725 -0.10667174440591873 -0.9942942918616158 -1.0807734832658281e-05 0.13278459082437644 1.0875967778841156e-08 -1.0870921294626862e-05 0.9999999999409115 0.10895028449588565
-0.8479004540449051 0.530155467670447 1.1383027753490232e-05 1.9844032066880652 -0.5301554637061097 -0.8479004446477684 -0.00014236810628151712 0.7423107594472148 -6.582555567334025e-05 -0.00012674875631453868 0.9999999898008746 0.02218501025346789
1.0 0.0 0.0 0.0 0.0 1.0 0.0 0.0 0.0 0.0 1.0 0.0
-0.9942942250265332 0.10667236791205012 1.7090676923702002e-06 0.9786496276624598 -0.10667236792348159 -0.9942942247735681 -2.243941698188672e-05 0.1330424449820684 -6.943496077514228e-07 -2.2493693015739294e-05 0.9999999997467757 0.10915975664944658
-0.8479037640483744 0.5301501738957232 -5.561808546974863e-06 1.9845057192007463 -0.5301501733636915 -0.8479037635868577 -3.711724734951084e-05 0.7424488130140534 -2.4393593536203993e-05 -2.8523259973358583e-05 0.9999999992956884 0.02146649552895702
1.0 0.0 0.0 0.0 0.0 1.0 0.0 0.0 0.0 0.0 1.0 0.0
-0.9942942250265332 0.10667236791205012 1.7090676923702002e-06 0.9786496276624598 -0.10667236792348159 -0.9942942247735681 -2.243941698188672e-05 0.1330424449820684 -6.943496077514228e-07 -2.2493693015739294e-05 0.9999999997467757 0.10915975664944658
-0.8479037640483744 0.5301501738957232 -5.561808546974863e-06 1.9845057192007463 -0.5301501733636915 -0.8479037635868577 -3.711724734951084e-05 0.7424488130140534 -2.4393593536203993e-05 -2.8523259973358583e-05 0.9999999992956884 0.02146649552895702
1.0 0.0 0.0 0.0 0.0 1.0 0.0 0.0 0.0 0.0 1.0 0.0
-0.9942945022050921 0.10666978430375375 1.148515922035873e-06 0.9787845039200876 -0.10666978430606858 -0.9942945020196996 -1.9222236858621248e-05 0.13292558142114697 -9.084687927833246e-07 -1.9235076374282615e-05 0.9999999998145934 0.10901289029692937
-0.847904732456402 0.5301486250439066 -6.487943907241379e-06 1.9845084396360755 -0.5301486239606771 -0.8479047313934559 -5.471008509883668e-05 0.7420330688416568 -3.4505634727151544e-05 -4.2949365533641135e-05 0.9999999984823569 0.02069507897112166
1.0 0.0 0.0 0.0 0.0 1.0 0.0 0.0 0.0 0.0 1.0 0.0
-0.9942946840532652 0.10666808922126608 2.3022981393652153e-06 0.9786522849122692 -0.10666808923942242 -0.9942946840010368 -1.026101368922286e-05 0.13293199231683506 1.1946400772447681e-06 -1.0448053107572433e-05 0.9999999999447055 0.10892886781765862
-0.8478971588045191 0.5301607353091404 -5.317609628860004e-05 1.9842882923264653 -0.5301607199846486 -0.8478971518962405 -0.0001754753649469352 0.7423969113639184 -0.00013811800910095914 -0.00012059318588436286 0.9999999831903493 0.022160585790008597
1.0 0.0 0.0 0.0 0.0 1.0 0.0 0.0 0.0 0.0 1.0 0.0
-0.9942946847024994 0.10666808312310705 -3.898692144883517e-06 0.9786941397409827 -0.10666808307496643 -0.9942946846547738 -1.097165086389195e-05 0.13289160750921925 -5.0467738431025035e-06 -1.0493188118791734e-05 0.9999999999322118 0.1088777709250405
-0.8479092888925155 0.5301413374032572 -1.3640899971171401e-05 1.9846070438507457 -0.5301413368404917 -0.8479092887889766 -3.09571894905865e-05 0.7423479354772723 -2.7977931631784162e-05 -1.901728358064382e-05 0.9999999994277893 0.021476674466985507
1.0 0.0 0.0 0.0 0.0 1.0 0.0 0.0 0.0 0.0 1.0 0.0
-0.9942946796413823 0.10666811894563248 -4.937044959434032e-05 0.9789814850504982 -0.10666812387014474 -0.9942946741345824 0.00011107487317560107 0.13284893375564433 -3.7240627307515465e-05 0.00011570740867320511 0.9999999926124657 0.10879984107290089
-0.847918389211878 0.5301241157555332 0.0016814073713691984 1.9846507267952358 -0.5301258983936653 -0.8479069189605991 -0.004515377177376479 0.7431917720183931 -0.000968033389684114 -0.004720028936237935 0.9999883920517267 0.02717141915348864
1.0 0.0 0.0 0.0 0.0 1.0 0.0 0.0 0.0 0.0 1.0 0.0
-0.9942946815886037 0.10666811217131196 -3.2288213185703043e-06 0.9786235057249248 -0.1066681121074213 -0.994294681473838 -1.588323632284318e-05 0.13324826840788806 -4.904634698212209e-06 -1.5448205127814903e-05 0.9999999998686488 0.1090553068667292
-0.8479097244104439 0.5301406408137692 -1.4414279904619044e-05 1.9845774085847445 -0.5301406403928973 -0.8479097244220726 -2.5185206955225147e-05 0.7428006590090199 -2.5573709855949694e-05 -1.3713186309211455e-05 0.9999999995789669 0.021277564311973918
1.0 0.0 0.0 0.0 0.0 1.0 0.0 0.0 0.0 0.0 1.0 0.0
-0.9942951829599158 0.10666343852827637 -4.902297921067008e-06 0.9783858332625723 -0.10666343846571932 -0.9942951829108171 -1.1619634730176644e-05 0.1329770729849895 -6.113721402874501e-06 -1.1030450887347345e-05 0.999999999920476 0.10885030369563457
-0.847910112398909 0.530140018942636 -4.008953368433609e-05 1.9843535937425814 -0.5301400173389058 -0.8479101131887335 -4.436410516755511e-05 0.742289792925267 -5.751150859786768e-05 -1.6363707316568515e-05 0.9999999982123278 0.020871289475553667
1.0 0.0 0.0 0.0 0.0 1.0 0.0 0.0 0.0 0.0 1.0 0.0
-0.9942948729109914 0.10666632809095951 -1.2430128774015429e-05 0.9786981520668858 -0.10666632833028465 -0.9942948727514115 2.0513187317944608e-05 0.13295428484621974 -1.0171146938990582e-05 2.172203317429328e-05 0.9999999997123504 0.10866951512004713
-0.847908467596625 0.5301426505936757 2.448375162229481e-05 1.9844926651382306 -0.5301426465256772 -0.8479084531758411 -0.0001713700756597939 0.7426426093183838 -7.00906061767221e-05 -0.00015828601912653743 0.9999999850164213 0.0224592738824628
1.0 0.0 0.0 0.0 0.0 1.0 0.0 0.0 0.0 0.0 1.0 0.0
-0.9942943195089529 0.10667148721966237 2.5638013224934177e-06 0.9787088387617513 -0.10667148724910198 -0.9942943193308253 -1.882855958122519e-05 0.13275586975157294 5.407026381062478e-07 -1.899461433622252e-05 0.9999999998194562 0.10899168168800874
-0.8479041685235931 0.5301495269835484 -6.279535206596701e-06 1.984545768328255 -0.5301495263519354 -0.8479041679894196 -4.0186914669286835e-05 0.7420970939394083 -2.662951787755987e-05 -3.074555985269391e-05 0.9999999991727896 0.02160627886682759
1.0 0.0 0.0 0.0 0.0 1.0 0.0 0.0 0.0 0.0 1.0 0.0
-0.9942943195089529 0.10667148721966237 2.5638013224934177e-06 0.9787088387617513 -0.10667148724910198 -0.9942943193308253 -1.882855958122519e-05 0.13275586975157294 5.407026381062478e-07 -1.899461433622252e-05 0.9999999998194562 0.10899168168800874
-0.8479041685235931 0.5301495269835484 -6.279535206596701e-06 1.984545768328255 -0.5301495263519354 -0.8479041679894196 -4.0186914669286835e-05 0.7420970939394083 -2.662951787755987e-05 -3.074555985269391e-05 0.9999999991727896 0.02160627886682759
1.0 0.0 0.0 0.0 0.0 1.0 0.0 0.0 0.0 0.0 1.0 0.0
-0.9942937242350348 0.10667703476605643 1.415440054608881e-05 0.9785085893753385 -0.10667703526268388 -0.9942937234431787 -4.085417778351926e-05 0.13199252029370445 9.715429078330694e-06 -4.2131002065111964e-05 0.9999999990652946 0.10878179116378148
-0.8478982930815937 0.530158916697705 8.737984083912294e-05 1.9845400004988183 -0.5301588906125335 -0.8478982867344199 0.00021460969821359655 0.7410806814721509 0.0001878664624603702 0.0001356419973128931 0.9999999731537201 0.023951229798686358
