1.0 0.0 0.0 0.0 0.0 1.0 0.0 0.0 0.0 0.0 1.0 0.0
0.9570008585153884 0.29008508532178273 8.640839796782254e-06 1.0847334959295338 -0.2900850834089599 0.9570008548897326 -9.013288913535486e-05 -1.3150649635390805 -3.441549790761452e-05 8.375067354983245e-05 0.9999999959006989 0.14785258611616914
-0.19431432692847284 -0.9809393163376646 3.6509460893442933e-06 1.32442812095168 0.9809393129356633 -0.19431432656216135 -8.264383245391457e-05 0.6470973947669629 8.177801563753044e-05 -1.2477524129626445e-05 0.9999999965783338 0.42422788910270015
1.0 0.0 0.0 0.0 0.0 1.0 0.0 0.0 0.0 0.0 1.0 0.0
0.9569972756900365 0.2900969050538405 1.7488846432057562e-07 1.0849738692666664 -0.2900969043075657 0.9569972732710565 -7.115426034714302e-05 -1.315491434396644 -2.080899849157995e-05 6.804369870386473e-05 0.9999999974685203 0.14808974280930215
-0.19429965079837624 -0.9809422234133779 -4.944370609368435e-06 1.325253405835599 0.9809422204205863 -0.19429964980609532 -7.925628534241513e-05 0.6464800547624652 7.67851472853641e-05 -2.024961044974569e-05 0.999999996846997 0.4243309304134289
1.0 0.0 0.0 0.0 0.0 1.0 0.0 0.0 0.0 0.0 1.0 0.0
0.9569995217249783 0.2900894954991371 4.3839456384971035e-06 1.0850248773548192 -0.2900894946571428 0.9569995199025513 -6.321273571318246e-05 -1.3152574081100523 -2.253278448347553e-05 5.922282126956423e-05 0.9999999979924654 0.14806271378876412
-0.19430482938297977 -0.9809411976605347 3.2813748764874975e-06 1.325530344083718 0.9809411954772076 -0.19430482917179795 -6.615334773245996e-05 0.6470337068901206 6.553013113876316e-05 -9.635079150116698e-06 0.9999999978064832 0.42419571353111407
1.0 0.0 0.0 0.0 0.0 1.0 0.0 0.0 0.0 0.0 1.0 0.0
0.9569980741170301 0.2900942711185293 -7.107909948087555e-07 1.0846119015164977 -0.2900942708476721 0.9569980731116967 -4.5627382478621395e-05 -1.3150684784700761 -1.2556016650770425e-05 4.387151355441167e-05 0.9999999989588183 0.14815944366843875
-0.19430780187459074 -0.9809406088013298 -1.162501793155019e-05 1.3250847499288314 0.9809406080456274 -0.19430780121169178 -4.3305347704857134e-05 0.6474770136672312 4.0221142468631713e-05 -1.9818019080259324e-05 0.9999999989947528 0.42442812750321074
1.0 0.0 0.0 0.0 0.0 1.0 0.0 0.0 0.0 0.0 1.0 0.0
0.9569918779421684 0.29011470412637463 6.326443110387877e-05 1.0846784292212908 -0.2901146984389397 0.9569918779054314 -8.586453745592933e-05 -1.3156012143501803 -8.545411160569083e-05 6.381772359697157e-05 0.9999999943124466 0.14756749819883258
-0.19429248654614723 -0.9809436424444741 -4.413949795278087e-06 1.3247985692838657 0.9809436411788506 -0.19429248606206537 -5.1870997700252326e-05 0.6473733656225447 5.0024928142234924e-05 -1.440798110697175e-05 0.9999999986449585 0.42469266238968817
1.0 0.0 0.0 0.0 0.0 1.0 0.0 0.0 0.0 0.0 1.0 0.0
0.9569992803602185 0.2900902917754963 -2.7625856763527407e-06 1.0849661549369038 -0.2900902913370669 0.956999278295688 -6.491154910707975e-05 -1.3152905645700312 -1.6186417721581125e-05 6.292170506624118e-05 0.9999999978894295 0.14792854098629243
-0.1943035582192914 -0.9809414494572392 2.3182990861363446e-07 1.3257945181261697 0.9809414470859241 -0.1943035577660064 -6.948702907927583e-05 0.6466913340784224 6.820775239954377e-05 -1.3274165434154448e-05 0.9999999975857496 0.42412686447062714
1.0 0.0 0.0 0.0 0.0 1.0 0.0 0.0 0.0 0.0 1.0 0.0
0.9569991651157453 0.29009067197604743 5.017854051433784e-07 1.0848344852362084 -0.29009067142728445 0.9569991634089708 -5.987817987193735e-05 -1.3152084661796932 -1.7850309648685463e-05 5.715780488100492e-05 0.999999998207176 0.14793731703331892
-0.19430409674609744 -0.9809413427329005 -1.0249709257339017e-05 1.325464111881531 0.9809413417172196 -0.19430409603583565 -4.87207962737151e-05 0.6468407905749124 4.580068282387597e-05 -1.9521013863823655e-05 0.9999999987606136 0.4242563137126249
1.0 0.0 0.0 0.0 0.0 1.0 0.0 0.0 0.0 0.0 1.0 0.0
0.9569993343828775 0.2900901116378298 -3.3476563979423265e-05 1.0850126632115615 -0.29009011309523786 0.956999333044561 -5.326027382565735e-05 -1.3152565584619302 1.6586770620986552e-05 6.0681266831031693e-05 0.9999999980213315 0.14836600358971697
-0.19429617932068935 -0.980942911016202 -5.333087831844507e-06 1.3252710110322385 0.9809429098111527 -0.19429617880516253 -5.0920924665149916e-05 0.6467000286634896 4.891432148570706e-05 -1.5125195805968458e-05 0.9999999986893089 0.42419814426541047
1.0 0.0 0.0 0.0 0.0 1.0 0.0 0.0 0.0 0.0 1.0 0.0
0.9569992582922839 0.2900903642833449 -1.3340732437200564e-05 1.08488804674084 -0.2900903644959228 0.956999255797742 -6.949237736180996e-05 -1.3153627999054347 -7.3919980496092985e-06 7.037417152757459e-05 0.9999999974964172 0.14791146734167665
-0.1943130202535756 -0.9809395749888123 -1.9511589257985112e-05 1.3252364283383384 0.9809395718554075 -0.19431301791767938 -8.623139269976628e-05 0.6468667977015912 8.079642991251358e-05 -3.589557236910515e-05 0.9999999960917223 0.42438820897955587
1.0 0.0 0.0 0.0 0.0 1.0 0.0 0.0 0.0 0.0 1.0 0.0
0.9569985198569613 0.29009280065405524 -5.220862501906856e-07 1.0848141641351923 -0.2900928000500491 0.9569985177450986 -6.627825541259195e-05 -1.315127580677911 -1.872720896753934e-05 6.357964579074126e-05 0.99999999780346 0.14771003839308539
-0.19430602141610018 -0.9809409615174316 -7.661748929384742e-06 1.3257579598563396 0.9809409600080442 -0.1943060206677007 -5.75393709344878e-05 0.6470159036794145 5.495400190376044e-05 -1.8695969591194703e-05 0.9999999983152593 0.4239572498778519
1.0 0.0 0.0 0.0 0.0 1.0 0.0 0.0 0.0 0.0 1.0 0.0
0.9569995472512409 0.29008941112846676 1.0585853707994616e-05 1.0846687085409412 -0.29008941012163275 0.9569995459745088 -5.6034534822797695e-05 -1.3153044290584002 -2.638568240191113e-05 5.055418039806871e-05 0.9999999983740354 0.14780428457731554
-0.19429825739534268 -0.9809424993764788 9.495241706415306e-06 1.3248890422414235 0.98094249638701 -0.19429825754649624 -7.678811999845987e-05 0.6463352936524319 7.716963927225112e-05 -5.605511801077832e-06 0.9999999970067126 0.42417290190502027
1.0 0.0 0.0 0.0 0.0 1.0 0.0 0.0 0.0 0.0 1.0 0.0
0.9569993419750661 0.29009008667602715 -3.273508350977371e-05 1.0849255357772476 -0.29009008852179846 0.9569993362046638 -0.00010509637244506151 -1.3153304563683081 8.400373975379747e-07 0.00011007328254700341 0.9999999939415833 0.14846061533117572
-0.19430564913392226 -0.9809410350650897 -2.0977981960832863e-05 1.325216669395032 0.980941029591918 -0.1943056456560072 -0.00011193458239341584 0.6462280685997088 0.00010572508478312408 -4.232768491590836e-05 0.9999999935152866 0.42438061840948305
1.0 0.0 0.0 0.0 0.0 1.0 0.0 0.0 0.0 0.0 1.0 0.0
0.9569985358595582 0.29009274786108563 -1.0323153500681241e-06 1.0849024595551153 -0.290092747062902 0.9569985329499946 -7.767274919930016e-05 -1.3154856169099163 -2.1544376973608703e-05 7.463217445570372e-05 0.9999999969829391 0.1481430541282795
-0.19430539075187828 -0.9809410864188761 -1.0005705014282751e-05 1.325075724699401 0.9809410811127417 -0.19430538861459862 -0.00010649269341640811 0.6462535897875097 0.00010251889597444589 -3.0507111500511438e-05 0.9999999942795962 0.42460765693929753
1.0 0.0 0.0 0.0 0.0 1.0 0.0 0.0 0.0 0.0 1.0 0.0
0.9569967438592052 0.2900986592159724 1.2805211897648942e-05 1.0846902617290048 -0.2900986575628651 0.9569967416404302 -7.327907574294092e-05 -1.3151830664901452 -3.351270768367509e-05 6.641306209769059e-05 0.9999999972331017 0.14735769555084205
-0.19429039424374275 -0.9809440568457053 -6.610659545782419e-06 1.325075350513261 0.9809440557491031 -0.1942903936958477 -4.9071508513598835e-05 0.6472588032182855 4.685201699112754e-05 -1.6018809921259387e-05 0.9999999987741433 0.423981234839904
1.0 0.0 0.0 0.0 0.0 1.0 0.0 0.0 0.0 0.0 1.0 0.0
0.9570028573730645 0.2900784910540412 2.7569809203948375e-06 1.0852360552915303 -0.2900784903556466 0.9570028556482055 -6.094397631945477e-05 -1.3152385207926023 -2.031697530337018e-05 5.752381861406604e-05 0.9999999981391152 0.14851780038764617
-0.1943078990421812 -0.9809405892649563 2.6501565563916618e-05 1.3255035857038961 0.9809405864937968 -0.19430790050935845 -7.462472914598955e-05 0.6466396198268786 7.835188934713838e-05 1.1496286930326675e-05 0.9999999968644082 0.42447265079360147
1.0 0.0 0.0 0.0 0.0 1.0 0.0 0.0 0.0 0.0 1.0 0.0
0.9570000300656877 0.29008781851939586 9.640774524939284e-07 1.0850674212306202 -0.2900878178246999 0.957000027993581 -6.610588731193183e-05 -1.3153524551433808 -2.0099134790625786e-05 6.298366902062752e-05 0.9999999978145412 0.14773182350859942
-0.1942987691200105 -0.980942397952103 1.4779260928155454e-05 1.3254749974628668 0.9809423952054798 -0.19429876968195822 -7.340717499678002e-05 0.646647526142387 7.487980248337664e-05 2.3467986777880587e-07 0.9999999971964799 0.42400305956322765
1.0 0.0 0.0 0.0 0.0 1.0 0.0 0.0 0.0 0.0 1.0 0.0
0.9570024501788295 0.2900798334972554 2.345041172938287e-05 1.085377322276278 -0.29007983151633304 0.957002448876995 -6.473709683561512e-05 -1.3153440070720404 -4.122102772337126e-05 5.515106880570159e-05 0.9999999976295931 0.14809998585379874
-0.1943114151257798 -0.9809398928481977 2.389106257074269e-05 1.3261705076014119 0.980939890519312 -0.1943114163292079 -6.835274450559723e-05 0.646927591820794 7.169224007693722e-05 1.015397778991873e-05 0.9999999973785597 0.4242369757801239
1.0 0.0 0.0 0.0 0.0 1.0 0.0 0.0 0.0 0.0 1.0 0.0
0.9569981877596797 0.2900938958679114 1.4313114236820461e-05 1.0848503022018523 -0.29009389408540376 0.9569981855365092 -7.412283234989358e-05 -1.315559082072138 -3.52002055631535e-05 6.67832691850101e-05 0.9999999971504702 0.14780994573886086
-0.1943002117095279 -0.9809421123224658 -1.404185015799816e-06 1.3250131307929234 0.9809421057920359 -0.19430021025042638 -0.00011567595617479012 0.6462361881518857 0.00011319858335123578 -2.385328698078429e-05 0.9999999933085507 0.4245390704409539
1.0 0.0 0.0 0.0 0.0 1.0 0.0 0.0 0.0 0.0 1.0 0.0
0.9569973889046722 0.2900965315694283 1.014003670788184e-06 1.0849754470847346 -0.2900965309258586 0.9569973870030622 -6.335687835077869e-05 -1.3154621599796361 -1.9350009523988883e-05 6.0338208203603545e-05 0.9999999979924387 0.14792283215626995
-0.19429722508453726 -0.9809427038888107 -3.4291612530507043e-06 1.3253449149891265 0.9809427020572113 -0.1942972245053999 -6.188857570620252e-05 0.6461860890769282 6.004287027921078e-05 -1.538858922950324e-05 0.9999999980790226 0.42394413397003905
1.0 0.0 0.0 0.0 0.0 1.0 0.0 0.0 0.0 0.0 1.0 0.0
0.9569980325229721 0.2900944079153707 -1.5600968770377913e-05 1.0848962119195793 -0.2900944083315721 0.956998030871645 -5.623653857487666e-05 -1.315180983013419 -1.3838089681445446e-06 5.834401057690719e-05 0.9999999982970308 0.1484464201316386
-0.194300399192704 -0.980942075187524 -5.911753669018742e-07 1.3253800609487145 0.9809420735882751 -0.19430039884144726 -5.7222278304508564e-05 0.6472953935502961 5.6016874817404505e-05 -1.169822030755063e-05 0.9999999983626309 0.4242995891471992
