1.0 0.0 0.0 0.0 0.0 1.0 0.0 0.0 0.0 0.0 1.0 0.0
-0.8280118924265782 0.5607102508245851 -0.0005662335100504712 2.5866083404571003 -0.5607097605084065 -0.8280120042962524 -0.0008277752763534612 -2.4104779473321183 -0.0009329902263871537 -0.00036791511726513154 0.9999994970837255 0.35316638792437194
0.7959763743730469 0.6053276864787319 5.849995720146894e-05 4.9650494190772845 -0.6053271335098904 0.7959757707729385 -0.0012781936965920886 -4.067037710792492 -0.0008202905817534106 0.000982000372956638 0.9999991813989795 0.17270574212462264
1.0 0.0 0.0 0.0 0.0 1.0 0.0 0.0 0.0 0.0 1.0 0.0
-0.8279983836025411 0.5607301820529391 -0.0005828262665605739 2.5837364599577746 -0.5607296145230687 -0.8279984824482902 -0.0009013657075547954 -2.4100768937269645 -0.000988002221536638 -0.0004195214011076878 0.9999994239265362 0.35548028953918
0.7959716296353033 0.6053339282404345 -1.1692903356482567e-05 4.965067488452283 -0.605333483418078 0.7959710210077888 -0.001227830914091486 -4.068040839751032 -0.0007339404982188383 0.000984396679526059 0.9999992461469771 0.17456360405858753
1.0 0.0 0.0 0.0 0.0 1.0 0.0 0.0 0.0 0.0 1.0 0.0
-0.8279559832435714 0.5607928849983571 -0.00047952725803265475 2.58595342234757 -0.5607927210286087 -0.8279561166914182 -0.0004391749037941908 -2.409203883528352 -0.0006433136877260492 -9.470209344729363e-05 0.999999788589484 0.3515155110162155
0.7960066561906212 0.6052878679784102 -1.3355783250127407e-05 4.965773616681046 -0.6052870409179305 0.7960055316664941 -0.0016708240953809278 -4.0669736213369285 -0.0010006982771132355 0.0013380711837694959 0.9999986040832584 0.17490400970089864
1.0 0.0 0.0 0.0 0.0 1.0 0.0 0.0 0.0 0.0 1.0 0.0
-0.8279513133137086 0.5607995463320136 -0.0007011532740618369 2.5828465426693152 -0.5607991254139084 -0.8279515862683176 -0.0007153535995115095 -2.4098164010046483 -0.0009816909395497786 -0.0001990718093242555 0.9999994983265311 0.356612695674124
0.7959933969969495 0.6053053047150546 4.590380231001065e-06 4.9650522342852215 -0.6053042378048132 0.7959920081730423 -0.001871528835326691 -4.0687933767798885 -0.0011365002379287881 0.0014869460186024731 0.9999982486778399 0.17570986649558695
1.0 0.0 0.0 0.0 0.0 1.0 0.0 0.0 0.0 0.0 1.0 0.0
-0.8279483805498278 0.5608041426777591 -0.0004389765165444137 2.5838435756368545 -0.5608034992054417 -0.8279482579828725 -0.001057062939902227 -2.4086068383875467 -0.0009562551179366774 -0.0006290139826841609 0.999999344958565 0.3539051281992996
0.7960044857845282 0.6052907212610326 -3.6962248090169254e-05 4.965356018336143 -0.6052904130777925 0.7960040157971091 -0.0010595616976081656 -4.066537848552839 -0.000611920766253147 0.0008657887586763502 0.9999994379812427 0.17411372022645666
1.0 0.0 0.0 0.0 0.0 1.0 0.0 0.0 0.0 0.0 1.0 0.0
-0.828029037744906 0.560684841615434 -0.000648871267244688 2.5841380772362164 -0.5606839316586067 -0.8280290630160589 -0.0011830387120563184 -2.4103202516665196 -0.0012005961403289134 -0.0006157787130999029 0.9999990896923279 0.3566723433708448
0.795935794655668 0.6053810359211065 0.00011014961667619202 4.964403102111783 -0.6053809027352595 0.7959357183484186 -0.0005430107080653016 -4.06750737937447 -0.00041640039923979567 0.00036551918505111844 0.9999998465032046 0.17111793821182106
1.0 0.0 0.0 0.0 0.0 1.0 0.0 0.0 0.0 0.0 1.0 0.0
-0.8280382490714902 0.5606712200553406 -0.0006641357369097477 2.584367162515051 -0.5606704059792802 -0.8280383432672742 -0.001094503639561281 -2.410364439039998 -0.001163586546243156 -0.0005339296240661554 0.9999991804924172 0.3565128937265676
0.7959645427416242 0.6053432211714241 0.00017686130507480193 4.96515956852126 -0.6053429423973657 0.7959644013387384 -0.0007706433437863158 -4.066534687015914 -0.00060727902691578 0.0005063430339435349 0.9999996874144089 0.17082459276749917
1.0 0.0 0.0 0.0 0.0 1.0 0.0 0.0 0.0 0.0 1.0 0.0
-0.8279294468769305 0.5608321287182599 -0.000392926717947912 2.5837051112491394 -0.5608317378224397 -0.827929425289182 -0.0007928375535516888 -2.4082380188092616 -0.0007699643646575383 -0.00043604778311171627 0.9999996085085273 0.35161500749947894
0.7960333522207834 0.605252751372668 -9.543562009537609e-05 4.963852725640441 -0.6052518881853448 0.7960319296992606 -0.0018217429417586588 -4.06562064028136 -0.0010266451269665975 0.0015079307300755705 0.999998336070964 0.17619153156970635
1.0 0.0 0.0 0.0 0.0 1.0 0.0 0.0 0.0 0.0 1.0 0.0
-0.827975880361913 0.5607634818733427 -0.0005088577407751907 2.585115486871418 -0.5607628164220826 -0.8279758384881659 -0.0010366282808003096 -2.4092748700931845 -0.0010026251987394486 -0.0005729547135284174 0.9999993332325813 0.3540407198218666
0.7960010423562236 0.6052952490896166 4.469166025656787e-05 4.964794200944753 -0.6052947278888676 0.7960004496516532 -0.0012556051559727201 -4.066272744434025 -0.0007955864173026213 0.000972411386608231 0.9999992107288624 0.17241686050758762
1.0 0.0 0.0 0.0 0.0 1.0 0.0 0.0 0.0 0.0 1.0 0.0
-0.8280232148347384 0.560693579093049 -0.0005158086582586111 2.584024350376945 -0.5606926096415884 -0.8280229910129302 -0.0013129536572618684 -2.410011168204126 -0.0011632661132751354 -0.0007979460055402426 0.999999005046566 0.35484360919094726
0.7959943451622917 0.6053040568830529 3.450467076760008e-05 4.963630709637337 -0.6053035822967302 0.7959937899355845 -0.001208156749044277 -4.066995724651107 -0.00075876768520192 0.0009408001394872988 0.9999992695830819 0.172615620667939
1.0 0.0 0.0 0.0 0.0 1.0 0.0 0.0 0.0 0.0 1.0 0.0
-0.8280071685936554 0.5607172951738251 -0.0004936096309196194 2.5860639314292704 -0.5607164214806198 -0.828006973293556 -0.001243727949390912 -2.4097926815196247 -0.001106091988200858 -0.0007530406320183369 0.9999991047447594 0.353175959603188
0.7959703295579142 0.6053356343749117 6.49568220794359e-05 4.9653977978773645 -0.6053353374505317 0.795970036865517 -0.0009108490315609196 -4.0666373227917045 -0.0006030730604049397 0.0006856881440158863 0.9999995830672396 0.17258886265143497
1.0 0.0 0.0 0.0 0.0 1.0 0.0 0.0 0.0 0.0 1.0 0.0
-0.827980495775483 0.560756767874731 -0.00038196605999481746 2.5843383347741846 -0.5607564342053976 -0.8279804949724545 -0.0007221096986191187 -2.4096162447425766 -0.0007211883480658932 -0.00038370282047675563 0.9999996663297004 0.3505383780686656
0.7959868395546721 0.6053139174972856 -0.00011198149045176045 4.964665528899552 -0.6053135526148344 0.7959861265034687 -0.0012607278897786723 -4.067180473000744 -0.000674000425035232 0.0010713067223358172 0.9999991990123461 0.17652301778425514
1.0 0.0 0.0 0.0 0.0 1.0 0.0 0.0 0.0 0.0 1.0 0.0
-0.8279889591720497 0.560744101569121 -0.0005796935612879021 2.5852078071143154 -0.5607436404373204 -0.827989096292945 -0.000791283194277597 -2.4100737222864956 -0.0009236873317995387 -0.0003301142705455923 0.999999518913025 0.35367752634103355
0.7959738160046439 0.6053310519989669 4.148287835439357e-05 4.966785026623871 -0.6053306299640473 0.7959733383746115 -0.0011282836992523649 -4.068496152735582 -0.0007160044237908541 0.000872973424742747 0.9999993626273292 0.175823715737077
1.0 0.0 0.0 0.0 0.0 1.0 0.0 0.0 0.0 0.0 1.0 0.0
-0.827994543956228 0.5607359520388217 -0.00047672826127760366 2.58593729653984 -0.560735686643828 -0.8279946520679007 -0.0005881080096443987 -2.4101582888177906 -0.0007245017555170818 -0.00021963167431250652 0.9999997134295259 0.35212397805400897
0.795962424315673 0.6053460275269449 7.76843866505293e-05 4.9662833554829104 -0.6053457268504681 0.795962144813638 -0.0009027776866675243 -4.06723615379596 -0.0006083267173810367 0.0006715512045960825 0.999999589478708 0.17360460095436508
1.0 0.0 0.0 0.0 0.0 1.0 0.0 0.0 0.0 0.0 1.0 0.0
-0.8279989659071259 0.5607293626974749 -0.0005424625458467276 2.5869519391763225 -0.5607289854963424 -0.8279990951776874 -0.0007093723801298713 -2.4105887166252047 -0.000846924419754258 -0.00028318512418820663 0.9999996012625268 0.3529241107780375
0.7959728418002572 0.6053323266110581 9.734508771025595e-05 4.966497362905294 -0.6053314655929257 0.7959719614968441 -0.001566293071870546 -4.067902234288975 -0.001025611789756995 0.001187800702896931 0.9999987686242153 0.17383284338902466
