1.0 0.0 0.0 0.0 0.0 1.0 0.0 0.0 0.0 0.0 1.0 0.0
-0.8280329373876706 0.5606794562149437 -4.449339062905243e-05 2.585902438044136 -0.5606794569851907 -0.8280329380388376 6.1288605059790185e-06 -2.4110503095442297 -3.3405666790167415e-05 3.0021428464934162e-05 0.9999999989913876 0.34230089697617705
0.7949849180022258 0.6066291942313528 -2.9244035647596244e-05 4.966158127111212 -0.6066291931983957 0.7949849184500234 3.7369406043727024e-05 -4.062053264398439 4.591793997166531e-05 -1.1967828448696094e-05 0.9999999988741571 0.16917609871717798
1.0 0.0 0.0 0.0 0.0 1.0 0.0 0.0 0.0 0.0 1.0 0.0
-0.8280359624656325 0.5606749873837941 -5.8187600406398356e-05 2.5855661627531443 -0.5606749877976341 -0.8280359641636647 -1.0472497571291243e-05 -2.4108422954726576 -5.4053093248540195e-05 2.395272754196745e-05 0.9999999982522652 0.3420396082573239
0.7949820601687102 0.6066329399180378 1.4707532769683066e-05 4.965653120070085 -0.6066329399911761 0.7949820593458582 3.789302203565293e-05 -4.0616500713919494 1.1294930670728362e-05 -3.904634656801576e-05 0.9999999991739037 0.16895014387327245
1.0 0.0 0.0 0.0 0.0 1.0 0.0 0.0 0.0 0.0 1.0 0.0
-0.8280328940793127 0.5606795198029224 -4.895101718912802e-05 2.586085854532457 -0.5606795209599276 -0.8280328946380398 1.317177171082051e-05 -2.4106528514591146 -3.314790982081864e-05 3.8352493117950764e-05 0.9999999987151512 0.3423383352725827
0.7949846079296053 0.6066296007532596 -2.5395927782913877e-05 4.966224514537689 -0.6066295996300445 0.7949846081565476 4.058166251486996e-05 -4.061763460611747 4.480740942656681e-05 -1.6855875560332716e-05 0.9999999988540877 0.16920230622453844
1.0 0.0 0.0 0.0 0.0 1.0 0.0 0.0 0.0 0.0 1.0 0.0
-0.828029779487605 0.5606841128139222 -9.959806140657431e-05 2.5863448522939687 -0.5606841149209288 -0.8280297840126454 -7.956521967512198e-06 -2.4108328537603785 -8.693125673500272e-05 4.925481377732817e-05 0.9999999950084598 0.34281850806419734
0.7949897503908919 0.6066228620485007 3.676101852853556e-06 4.9666185877349704 -0.6066228615104028 0.7949897493986393 4.737107770407741e-05 -4.062183766686491 2.5813915444402752e-05 -3.988952866490034e-05 0.9999999988712336 0.1690897832470873
1.0 0.0 0.0 0.0 0.0 1.0 0.0 0.0 0.0 0.0 1.0 0.0
-0.8280251952855676 0.5606908907518896 -3.162515652712029e-05 2.5857181430060034 -0.5606908900018978 -0.8280251958602218 -2.98248432882876e-05 -2.410695916718945 -4.2908944377331696e-05 -6.9637845285185365e-06 0.9999999990551642 0.3428305205367368
0.7949904482297252 0.6066219471655487 -2.0989963180222166e-05 4.966001083013564 -0.6066219474988159 0.7949904473712762 -3.743209522927183e-05 -4.061672924549704 -6.0203102755222795e-06 4.24911305068177e-05 0.9999999990791298 0.16942952220583804
1.0 0.0 0.0 0.0 0.0 1.0 0.0 0.0 0.0 0.0 1.0 0.0
-0.828031947543534 0.5606809157215639 -6.77708684341024e-05 2.5865778562067447 -0.5606809179052729 -0.8280319486533643 1.7498966729731495e-05 -2.4106626730285368 -4.630510756122935e-05 5.248753622207513e-05 0.9999999975504479 0.3424931837251443
0.7949839773952698 0.6066304274958845 -1.0998090151054228e-05 4.966792405410606 -0.6066304258078477 0.794983976313675 6.235934528959853e-05 -4.061858276295109 4.657238173153229e-05 -4.2902904234680876e-05 0.9999999979951774 0.1690506748380098
1.0 0.0 0.0 0.0 0.0 1.0 0.0 0.0 0.0 0.0 1.0 0.0
-0.8280275077178653 0.5606874742681208 -5.1588522794478364e-05 2.5866913744654956 -0.5606874765717677 -0.8280275055605016 6.042215711903107e-05 -2.4111443323472477 -8.838769180173362e-06 7.895624683588725e-05 0.9999999968438934 0.34285092911326426
0.7949894560911761 0.6066232466344925 -3.66944489700187e-05 4.966475803518015 -0.606623244446006 0.794989456622123 5.619129376141201e-05 -4.062377273501293 6.32586451018918e-05 -2.2411780377105214e-05 0.999999997748028 0.16960447544525944
1.0 0.0 0.0 0.0 0.0 1.0 0.0 0.0 0.0 0.0 1.0 0.0
-0.8280331788343285 0.5606791013372733 -8.55243971403405e-06 2.5863216801949385 -0.5606791012868848 -0.8280331782574751 3.293865698509497e-05 -2.410000105905357 1.138631275939624e-05 3.20694750625863e-05 0.9999999994209504 0.342395484275717
0.7949804324429491 0.6066350709789918 -5.18761564397614e-05 4.966313685073694 -0.6066350706072173 0.7949804340441211 2.4421250693412863e-05 -4.061351243927227 5.605531651081525e-05 1.2055479387614246e-05 0.9999999983562334 0.16948099323147484
1.0 0.0 0.0 0.0 0.0 1.0 0.0 0.0 0.0 0.0 1.0 0.0
-0.8280356995189775 0.560675378422583 1.878326515129864e-05 2.5859444357672605 -0.5606753780515829 -0.8280356996985145 2.1714196425803187e-05 -2.4110153764342654 2.7727829400358734e-05 7.448815537181295e-06 0.9999999995878414 0.3421915426753574
0.7949815406910032 0.6066336208427489 -4.875846908128212e-06 4.965742532565139 -0.6066336197004437 0.7949815396401404 5.5502519927511965e-05 -4.06218984822085 3.7545902911599776e-05 -4.1165626145223584e-05 0.9999999984478481 0.16926961434575427
1.0 0.0 0.0 0.0 0.0 1.0 0.0 0.0 0.0 0.0 1.0 0.0
-0.8280348143442081 0.560676675147682 -0.00011035983927815697 2.5858942966549323 -0.5606766794406448 -0.828034818732323 9.916732187977091e-06 -2.410559395466822 -8.58217090805346e-05 7.008758772623879e-05 0.9999999938611819 0.34195802590528424
0.7949857095811046 0.6066281570812874 -2.445382919548142e-05 4.966364627122253 -0.6066281560215951 0.7949857097845987 3.949832757532087e-05 -4.061578173582342 4.340124242472653e-05 -1.6566224662215555e-05 0.999999998920946 0.16917237694152082
1.0 0.0 0.0 0.0 0.0 1.0 0.0 0.0 0.0 0.0 1.0 0.0
-0.8280375011832719 0.5606727075027551 -0.00010814663030115783 2.5861487605395452 -0.5606727099868352 -0.8280375065184944 -8.640143378776534e-06 -2.4109018456438127 -9.439375867433335e-05 5.348050155366308e-05 0.999999994114827 0.34181886723716204
0.7949825085028744 0.606632351011332 -4.336980602653324e-05 4.966245732849407 -0.6066323495144917 0.7949825096437082 4.3394905555781306e-05 -4.062157265999606 6.08029908169476e-05 -8.188663547105412e-06 0.9999999981179709 0.1694376771934815
1.0 0.0 0.0 0.0 0.0 1.0 0.0 0.0 0.0 0.0 1.0 0.0
-0.8280246301823768 0.5606917228739254 -6.092624380151337e-05 2.586034861003676 -0.5606917216094355 -0.8280246324188211 -3.776671771536163e-05 -2.4104381620128748 -7.162391665151434e-05 2.889068058826388e-06 0.999999997430834 0.3428253399640152
0.7949936510318896 0.6066177500596114 -1.1471720110125336e-05 4.966204879732978 -0.6066177501068226 0.7949936505406964 -2.9245752304313126e-05 -4.061562264606403 -8.621047813255321e-06 3.020913644457042e-05 0.9999999995065428 0.16947420616619868
1.0 0.0 0.0 0.0 0.0 1.0 0.0 0.0 0.0 0.0 1.0 0.0
-0.8280411417290223 0.5606673412886519 -4.05120601454679e-06 2.5863382733221423 -0.5606673408611267 -0.8280411407674177 4.56979869704021e-05 -2.4101974979615415 2.2266803607224994e-05 4.01111922092674e-05 0.9999999989476404 0.3417243081063853
0.794975549384247 0.6066414707922513 -4.238194852807532e-05 4.966461387895249 -0.606641466264289 0.7949755494032125 8.520430817837136e-05 -4.061356749814211 8.538107964698537e-05 -4.202469430575989e-05 0.999999995471998 0.16886495939627064
1.0 0.0 0.0 0.0 0.0 1.0 0.0 0.0 0.0 0.0 1.0 0.0
-0.828035995921907 0.5606749354134585 -7.909949608270581e-05 2.586166620694032 -0.5606749377466127 -0.8280359980689839 9.205159288488657e-06 -2.410365775931266 -6.0336128096039004e-05 5.197130828102889e-05 0.9999999968292674 0.34173672051455384
0.7949826607869613 0.6066321514853663 -4.280558142314183e-05 4.966330496005399 -0.6066321506290147 0.7949826619393145 3.223502351043876e-05 -4.061522878060483 5.358449673095227e-05 3.40957156794739e-07 0.9999999985642929 0.16933682274042305
1.0 0.0 0.0 0.0 0.0 1.0 0.0 0.0 0.0 0.0 1.0 0.0
-0.8280331465649402 0.5606791419241302 8.94482326544838e-05 2.585826477131749 -0.5606791369178398 -0.8280331512975433 7.600872781884524e-05 -2.4110052679014036 0.00011668261025510188 1.2785988178689037e-05 0.9999999931108434 0.342641677950478
0.7949846375917817 0.6066295619478144 -2.3750102347938147e-05 4.965992353100497 -0.6066295608271052 0.7949846377352634 4.117821910231843e-05 -4.061868043114422 4.3860891527081174e-05 -1.832853743280457e-05 0.9999999988701436 0.16907481988803325
1.0 0.0 0.0 0.0 0.0 1.0 0.0 0.0 0.0 0.0 1.0 0.0
-0.8280346146413451 0.5606769804526051 -2.3373227287113763e-05 2.586469157596273 -0.560676980939142 -0.8280346139843153 3.2997181063282514e-05 -2.4109185524943326 -8.530813921827634e-07 4.0427638616251804e-05 0.9999999991824392 0.34221497412679097
0.7949853979244736 0.6066285657452679 -1.7569978769542293e-05 4.966366451665149 -0.6066285647116699 0.7949853977904656 4.214017257187793e-05 -4.061970207993264 3.9531309008847886e-05 -2.2842370857720638e-05 0.9999999989577509 0.16913434001409183
1.0 0.0 0.0 0.0 0.0 1.0 0.0 0.0 0.0 0.0 1.0 0.0
-0.8280397790331132 0.5606693491970121 -7.217889273088039e-05 2.585958374930744 -0.5606693517854273 -0.8280397801619247 2.0926072630272604e-05 -2.410908292370923 -4.8034386946350464e-05 5.779611355681067e-05 0.9999999971761535 0.34189817503089387
0.794981519198801 0.6066336487542338 -1.8206910627385646e-05 4.966054591710439 -0.6066336477101557 0.7949815190923508 4.20415262426537e-05 -4.061966875992833 3.9977961932324146e-05 -2.2377311794403402e-05 0.9999999989505093 0.16913385236409686
1.0 0.0 0.0 0.0 0.0 1.0 0.0 0.0 0.0 0.0 1.0 0.0
-0.8280351181349722 0.56067623731531 -6.71935380348193e-06 2.586146003723621 -0.5606762373368488 -0.8280351179499095 1.809624539149591e-05 -2.4106271041758527 4.582273856439303e-06 1.8751708698420004e-05 0.9999999998136879 0.34211329239008537
0.7949839409760336 0.6066304747408873 -2.6568029227650492e-05 4.966143191826202 -0.6066304734489305 0.7949839412003367 4.37802080409367e-05 -4.061755396451606 4.7679564973449306e-05 -1.8687586176155815e-05 0.9999999986887166 0.16909858026073446
1.0 0.0 0.0 0.0 0.0 1.0 0.0 0.0 0.0 0.0 1.0 0.0
-0.8280351095242522 0.5606762396381769 -0.00010816817205117394 2.5857052089479926 -0.5606762450286318 -0.8280351125431897 2.561603305074896e-05 -2.4102715343944063 -7.520474343264423e-05 8.185829927001677e-05 0.9999999938217327 0.34223611418386457
0.7949789976781267 0.6066369514975686 -4.825367234130538e-05 4.966063340206926 -0.6066369531518041 0.7949789971666642 -3.368353988767748e-05 -4.061397226559421 1.7926976094393847e-05 5.605016754567802e-05 0.9999999982685012 0.16951507795280324
1.0 0.0 0.0 0.0 0.0 1.0 0.0 0.0 0.0 0.0 1.0 0.0
-0.8280308464553233 0.5606825419581773 -6.679668454349383e-05 2.5862336362950487 -0.560682544184681 -0.8280308474103183 1.9584270915428425e-05 -2.410662439383098 -4.43291565075111e-05 5.3668115456254815e-05 0.9999999975773294 0.3424667166774575
0.7949881331807035 0.606624980991365 -2.321823855062481e-05 4.966391319066937 -0.6066249799411916 0.7949881333264958 3.9766862938149985e-05 -4.061733397424904 4.258179659842596e-05 -1.752942063460623e-05 0.999999998939755 0.169179037194975
