1.0 0.0 0.0 0.0 0.0 1.0 0.0 0.0 0.0 0.0 1.0 0.0
-0.8280284352740678 0.5606861068060343 -3.5030468164357618e-06 2.587225121215881 -0.5606861067892575 -0.8280284351548434 1.5117102379887863e-05 -2.410956697309073 5.575326905882033e-06 1.4481500310904716e-05 0.9999999998796008 0.34188538514859484
0.7949907682272318 0.6066215252341581 -5.963270343228405e-05 4.9668426937275605 -0.6066215231783982 0.7949907704554706 5.007332526299313e-05 -4.062196445451847 7.778300579055846e-05 -3.6333499311845168e-06 0.9999999969683013 0.1694813575344218
1.0 0.0 0.0 0.0 0.0 1.0 0.0 0.0 0.0 0.0 1.0 0.0
-0.8280159515392913 0.5607045327417062 -0.00010468708865500217 2.5870534861833594 -0.5607045410907429 -0.8280159483103163 8.333058731487958e-05 -2.4110470638493937 -3.995874096502865e-05 0.0001276975815503055 0.9999999910483133 0.3434837586275417
0.7950068246613596 0.6066004818752234 -6.426981180700101e-05 4.967115964797985 -0.6066004844169061 0.7950068247198091 -3.0888523812509874e-05 -4.061737022639712 3.235794558094268e-05 6.354268621016815e-05 0.9999999974576451 0.16943551688835176
1.0 0.0 0.0 0.0 0.0 1.0 0.0 0.0 0.0 0.0 1.0 0.0
-0.8280437119511894 0.5606635431307017 -5.0022232474481536e-05 2.585083361044145 -0.5606635435512692 -0.8280437131518721 -6.495730652856966e-06 -2.410920472528546 -4.506251448136381e-05 2.2666893193862862e-05 0.9999999987277909 0.3416679353043194
0.7949771922329619 0.606639319325407 -8.820525465640943e-06 4.965249105689895 -0.6066393179765354 0.7949771912896452 5.669382998869794e-05 -4.0621814347804905 4.1404822994672376e-05 -3.971942422866717e-05 0.9999999983540039 0.16925901893679968
1.0 0.0 0.0 0.0 0.0 1.0 0.0 0.0 0.0 0.0 1.0 0.0
-0.8280344378548633 0.5606772419017506 -1.1824812616668919e-05 2.5863944929292417 -0.5606772420252646 -0.8280344376256933 1.9515234253640213e-05 -2.410841484055723 1.1503956513149273e-06 2.2789189350185875e-05 0.9999999997396648 0.3422930443966728
0.7949879956769766 0.6066251616356699 -5.813205234006175e-09 4.966231723918373 -0.6066251614935736 0.7949879954909661 2.1636788279229764e-05 -4.061872296605028 1.3130041615535595e-05 -1.7197460510419072e-05 0.9999999997659247 0.16917762058225663
1.0 0.0 0.0 0.0 0.0 1.0 0.0 0.0 0.0 0.0 1.0 0.0
-0.8280331794507595 0.5606790982363371 -5.0294686321637126e-05 2.5865168319595733 -0.5606790965533126 -0.8280331809351273 -4.4256257552537034e-05 -2.410373054060821 -6.645922767490566e-05 -8.446470363577474e-06 0.9999999977559141 0.3423817470237863
0.7949839014691804 0.6066305269814153 -1.1793649665265464e-05 4.966264316279384 -0.6066305261627039 0.7949839011742424 4.001677844190539e-05 -4.061830882317587 3.365116101429276e-05 -2.465830674815724e-05 0.9999999991297835 0.16932326466356856
1.0 0.0 0.0 0.0 0.0 1.0 0.0 0.0 0.0 0.0 1.0 0.0
-0.8280328940793127 0.5606795198029224 -4.895101718912802e-05 2.586085854532457 -0.5606795209599276 -0.8280328946380398 1.317177171082051e-05 -2.4106528514591146 -3.314790982081864e-05 3.8352493117950764e-05 0.9999999987151512 0.3423383352725827
0.7949846079296053 0.6066296007532596 -2.5395927782913877e-05 4.966224514537689 -0.6066295996300445 0.7949846081565476 4.058166251486996e-05 -4.061763460611747 4.480740942656681e-05 -1.6855875560332716e-05 0.9999999988540877 0.16920230622453844
1.0 0.0 0.0 0.0 0.0 1.0 0.0 0.0 0.0 0.0 1.0 0.0
-0.828028889633006 0.560685434974058 -3.067706830855493e-05 2.586004751569642 -0.5606854356885153 -0.8280288893636191 2.4208067975076298e-05 -2.410706394132775 -1.1828387677983275e-05 3.7245165055787404e-05 0.9999999992364437 0.3426140365418822
0.7949907750725682 0.6066215189164739 -1.835721104179798e-05 4.96654063541236 -0.6066215186925497 0.7949907752818159 1.661209848059161e-05 -4.061524673906517 2.4671069850828797e-05 -2.070585805539408e-06 0.9999999996935255 0.1691516159008671
1.0 0.0 0.0 0.0 0.0 1.0 0.0 0.0 0.0 0.0 1.0 0.0
-0.8280354748780655 0.5606757086857039 4.509145605032961e-05 2.5859526561092188 -0.5606757081648698 -0.828035476091502 2.4652423200487343e-05 -2.4109274636803573 5.115934012703496e-05 -4.868603101494896e-06 0.9999999986795093 0.3420711061693086
0.7949835547966526 0.6066309812817153 -1.2331266932900238e-05 4.965964988085405 -0.6066309798546905 0.7949835540522847 5.5379927880788425e-05 -4.062091718869043 4.33983344059207e-05 -3.654560338869697e-05 0.9999999983905018 0.169227694881826
1.0 0.0 0.0 0.0 0.0 1.0 0.0 0.0 0.0 0.0 1.0 0.0
-0.8280328553033205 0.5606795749812724 -6.882623134187612e-05 2.585676731676772 -0.5606795749556935 -0.828032857902434 -2.1480907335704895e-05 -2.4105186965495466 -6.90342870318603e-05 2.080256509887765e-05 0.9999999974007603 0.34193673994208523
0.7949848038059641 0.6066293438675467 -2.960440549080058e-05 4.965796413491717 -0.6066293440048283 0.7949848042359164 5.12371570323044e-06 -4.061684634681083 2.6643248798845643e-05 1.3885624959458692e-05 0.9999999995486631 0.1693227714959452
1.0 0.0 0.0 0.0 0.0 1.0 0.0 0.0 0.0 0.0 1.0 0.0
-0.8280365522794804 0.5606741129936933 -8.430804298176228e-05 2.585891319383787 -0.5606741149758856 -0.8280365552292882 -1.488949203433601e-07 -2.410335894405243 -6.989362301613376e-05 4.714604694765422e-05 0.999999996446066 0.34196523135456913
0.794984037823228 0.6066303479586239 -2.3278214761195948e-05 4.9659200936701495 -0.6066303477668882 0.7949840381617614 1.537023152653623e-05 -4.06154018799879 2.7829858071213398e-05 1.9021827947295127e-06 0.9999999996109407 0.16942782249176208
1.0 0.0 0.0 0.0 0.0 1.0 0.0 0.0 0.0 0.0 1.0 0.0
-0.8280367027495322 0.5606738928878536 -6.880161650010643e-05 2.586256093655091 -0.560673896498166 -0.8280367013419111 5.4921494736768844e-05 -2.410601380038394 -2.6177215316470898e-05 8.405228382037471e-05 0.9999999961249834 0.3423891817437525
0.7949799275292112 0.6066357336391993 -3.869987916647191e-05 4.966461460719537 -0.6066357296169609 0.7949799274210606 8.093024188989303e-05 -4.061748039544933 7.986080379346512e-05 -4.086118839833938e-05 0.9999999959763077 0.16911616745923408
1.0 0.0 0.0 0.0 0.0 1.0 0.0 0.0 0.0 0.0 1.0 0.0
-0.828032556345642 0.5606800205936995 -1.1779242012503547e-05 2.5859688973886064 -0.5606800206206872 -0.8280325556297456 3.59730343812796e-05 -2.4107226768186947 1.0415765790730317e-05 3.6391229272717955e-05 0.9999999992835951 0.34246344251422484
0.7949848769709724 0.6066292484801091 -1.6610438987164316e-05 4.9661521876251316 -0.606629247303653 0.7949848766960258 4.6264545986877674e-05 -4.061793986497577 4.127047455336609e-05 -2.6703236299331995e-05 0.9999999987918424 0.16927140247879618
1.0 0.0 0.0 0.0 0.0 1.0 0.0 0.0 0.0 0.0 1.0 0.0
-0.8280329658502054 0.5606794151549906 -2.9778689575875915e-05 2.5863890482018235 -0.5606794155345712 -0.8280329661091786 5.678694796521677e-06 -2.410399194801495 -2.1473809378996387e-05 2.1398444761308265e-05 0.9999999995404907 0.3423626036787552
0.7949872430539074 0.6066261474396266 -2.4982073175211627e-05 4.966228372411126 -0.6066261472586663 0.79498724344032 1.5141622943213932e-05 -4.061584323702132 2.9045733880994665e-05 3.1173817218404414e-06 0.9999999995733135 0.16941684029909848
1.0 0.0 0.0 0.0 0.0 1.0 0.0 0.0 0.0 0.0 1.0 0.0
-0.8280364613100972 0.5606742471721393 -8.543422530251712e-05 2.5853880768365105 -0.5606742492256556 -0.828036464327047 1.0370883631842235e-07 -2.4107698196301994 -7.068450697829367e-05 4.7986644827493204e-05 0.9999999963504913 0.34234866066725966
0.7949790164332502 0.6066369288271546 3.7389051827744e-06 4.9656476002844805 -0.6066369274934412 0.7949790142448065 7.149596019980554e-05 -4.061880940600362 4.03997385626079e-05 -5.910594607085792e-05 0.9999999974371743 0.16917392391147085
1.0 0.0 0.0 0.0 0.0 1.0 0.0 0.0 0.0 0.0 1.0 0.0
-0.8280303646937935 0.5606832476320558 -0.00010473697185339764 2.58598426997362 -0.5606832485221569 -0.8280303703838361 -2.3423253262449162e-05 -2.4104337228383805 -9.985841930586422e-05 3.9329100678053584e-05 0.999999994240759 0.3423706477542916
0.7949898101360312 0.6066227830166937 -3.0082521328153218e-05 4.966078577290832 -0.6066227837419795 0.794989808722699 -4.7667364043446466e-05 -4.061690673509725 -5.000811158583964e-06 5.614381152070243e-05 0.9999999984114321 0.16973652836165437
1.0 0.0 0.0 0.0 0.0 1.0 0.0 0.0 0.0 0.0 1.0 0.0
-0.8280382953921309 0.5606715309466133 -0.00012549930396038415 2.5853954849509897 -0.5606715286043285 -0.8280383045653581 -5.6435918426753504e-05 -2.410888993891011 -0.00013556024366019782 2.363278489726478e-05 0.9999999905324558 0.34183673551743166
0.7949780075145781 0.606638250818618 -1.455604548520048e-05 4.9658668310156715 -0.6066382490666112 0.7949780066732689 6.0623365264368074e-05 -4.062061980602096 4.834818828758115e-05 -3.9363988180213685e-05 0.9999999980564643 0.1690664423558035
1.0 0.0 0.0 0.0 0.0 1.0 0.0 0.0 0.0 0.0 1.0 0.0
-0.8280297143601558 0.5606842178254441 -4.2554461048657375e-06 2.5858177209805584 -0.5606842167744027 -0.8280297122919816 6.798332274388663e-05 -2.411091364806388 3.459354032394474e-05 5.867817277920873e-05 0.9999999976800795 0.3431199581836751
0.794984202950261 0.6066301319967887 -3.619063981670856e-06 4.965973620270516 -0.6066301305739965 0.7949842014675524 6.400604647169316e-05 -4.061990971925095 4.1705095109240695e-05 -4.868836258253864e-05 0.9999999979450641 0.16910231540032714
1.0 0.0 0.0 0.0 0.0 1.0 0.0 0.0 0.0 0.0 1.0 0.0
-0.8280326224033591 0.5606799197347468 -6.198430464154628e-05 2.586266765549706 -0.5606799222131157 -0.8280326223718544 3.3392878648250486e-05 -2.4108701794212317 -3.260230979802637e-05 6.240374798157359e-05 0.999999997521431 0.34249952315618376
0.7949863464485034 0.606627322382063 -2.6458058437874856e-05 4.966428198638381 -0.6066273211654872 0.7949863466957835 4.22241108943982e-05 -4.061947400353738 4.664809454993642e-05 -1.7517410538458394e-05 0.9999999987585476 0.16922027317647254
1.0 0.0 0.0 0.0 0.0 1.0 0.0 0.0 0.0 0.0 1.0 0.0
-0.8280354724077522 0.5606757138572795 -1.803058309979419e-05 2.586043555987005 -0.5606757140133698 -0.8280354724845773 4.779334754767169e-06 -2.410140232187 -1.2250305470855433e-05 1.4066768764941395e-05 0.9999999998260278 0.3421868564706521
0.794979006245912 0.606636940374415 -4.691940806629186e-05 4.966135396116045 -0.6066369383641248 0.7949790075410272 5.080632964930429e-05 -4.061434704281261 6.812094082910019e-05 -1.1926919396468478e-05 0.999999997608643 0.16908092802376173
1.0 0.0 0.0 0.0 0.0 1.0 0.0 0.0 0.0 0.0 1.0 0.0
-0.828034899749074 0.5606765527862345 -8.918119783771145e-05 2.586262540146498 -0.5606765593511013 -0.8280348953961527 8.832040747874518e-05 -2.41112183215151 -2.43259622169984e-05 0.0001231341869149129 0.9999999921231097 0.3427642605897625
0.7949862696416093 0.6066274221302295 -4.2437614608366324e-05 4.966689427737844 -0.6066274175409744 0.7949862696361508 8.58927600514525e-05 -4.062071440972582 8.58422245394302e-05 -4.25397443460549e-05 0.9999999954107414 0.16916542720613284
