1.0 0.0 0.0 0.0 0.0 1.0 0.0 0.0 0.0 0.0 1.0 0.0
-0.828032108510786 0.5606806807796042 -3.841485100324197e-05 2.5859549221738303 -0.5606806818731433 -0.8280321081687665 2.8563160847676196e-05 -2.4108645688811565 -1.579391759191222e-05 4.518967915699224e-05 0.9999999988542224 0.34247882346173714
0.7949851816906055 0.6066288486154439 -3.032913792359936e-05 4.966202974527951 -0.6066288477534179 0.7949851822278113 3.334029860482484e-05 -4.061817514480434 4.433640219414703e-05 -8.106513352032175e-06 0.9999999989842842 0.16913798459696494
1.0 0.0 0.0 0.0 0.0 1.0 0.0 0.0 0.0 0.0 1.0 0.0
-0.8280341461966426 0.5606776684363103 6.963634431964222e-05 2.585622372636654 -0.5606776697515505 -0.8280341482338687 7.634419456324946e-07 -2.410902108079369 5.808931590491266e-05 -3.841138726351726e-05 0.9999999975750984 0.3425948694003585
0.794987800875797 0.6066254166826469 1.7125115085022576e-05 4.96548391697369 -0.6066254168554012 0.7949878000429474 3.7521820077341235e-05 -4.062122686973533 9.147432172175951e-06 -4.021791930529746e-05 0.9999999991494217 0.16938158536131376
1.0 0.0 0.0 0.0 0.0 1.0 0.0 0.0 0.0 0.0 1.0 0.0
-0.8280330710077538 0.5606792525848819 -9.507010996483061e-05 2.5865282656696134 -0.5606792536615747 -0.8280330755530005 -1.742807008285219e-05 -2.411078240786807 -8.84927528553341e-05 3.887281990824607e-05 0.9999999953289683 0.34151111537291245
0.7949907189489055 0.6066215910242764 -4.5697674817282396e-05 4.96675251754783 -0.6066215892399311 0.7949907201976935 4.7619040900217884e-05 -4.062018073753618 6.521596576833197e-05 -1.0135499438744376e-05 0.9999999978220747 0.16951647803760053
1.0 0.0 0.0 0.0 0.0 1.0 0.0 0.0 0.0 0.0 1.0 0.0
-0.8280309432531894 0.5606823943878538 -9.817706958321974e-05 2.5853121607455565 -0.5606823948040737 -0.8280309483890606 -2.5820180432327194e-05 -2.4107419607731435 -9.577057262537056e-05 3.3666246130418895e-05 0.9999999948472906 0.34221321619656137
0.7949842048187147 0.6066301280036027 -4.344062341954654e-05 4.965843769010494 -0.6066301288289692 0.7949842053368229 -7.869437938329081e-06 -4.061744127175598 2.976077134468204e-05 3.260846984318884e-05 0.9999999990254922 0.16926169201387525
1.0 0.0 0.0 0.0 0.0 1.0 0.0 0.0 0.0 0.0 1.0 0.0
-0.8280289580654381 0.5606853345202174 1.6093972597186426e-05 2.585223775261853 -0.560685333828058 -0.8280289580081633 3.361599455668645e-05 -2.4105623253429913 3.217427051310565e-05 1.8811362548841605e-05 0.9999999993054745 0.3431562027760639
0.794979305339856 0.606636547367501 -5.898642001932286e-05 4.9657640053526775 -0.6066365461299068 0.7949793075140359 3.903947264333897e-05 -4.061629287179368 7.057575423510255e-05 4.747745266251098e-06 0.999999997498261 0.16906333465334042
1.0 0.0 0.0 0.0 0.0 1.0 0.0 0.0 0.0 0.0 1.0 0.0
-0.8280389570402126 0.5606705493986961 -0.00014373837973478905 2.585420200644934 -0.5606705481296481 -0.8280389686938727 -5.2767293270077e-05 -2.4105515375625943 -0.00014860604702533794 3.6896501667977336e-05 0.9999999882774453 0.3416975261004666
0.7949775872572581 0.6066388013410262 -2.159053432158615e-05 4.965901924547193 -0.6066387988862522 0.7949775864766044 6.845201066097425e-05 -4.06196437588814 5.868963656247422e-05 -4.132015847000399e-05 0.9999999974240855 0.16905888492588972
1.0 0.0 0.0 0.0 0.0 1.0 0.0 0.0 0.0 0.0 1.0 0.0
-0.8280256981903861 0.5606901448468867 -6.788152327371548e-05 2.586329123857991 -0.5606901455104937 -0.8280257004554612 -1.061440116518351e-05 -2.4104424342002444 -6.215903598346793e-05 2.9271504226138664e-05 0.9999999976397167 0.3425301099444542
0.7949911847923535 0.6066209812673149 -3.447796553785022e-05 4.966628550124357 -0.6066209815522844 0.7949911853180326 2.6782253082342804e-06 -4.061537157343152 2.9034346354827025e-05 1.878589178555994e-05 0.9999999994020484 0.1693838541943472
1.0 0.0 0.0 0.0 0.0 1.0 0.0 0.0 0.0 0.0 1.0 0.0
-0.8280307351555222 0.5606827068058644 -6.266302666558145e-05 2.586269034638387 -0.5606827078716343 -0.8280307368046669 -6.727539410168955e-07 -2.4106512217669 -5.226411364097251e-05 3.457701453392841e-05 0.9999999980364461 0.34250369765300426
0.7949847012546688 0.6066294788790927 -1.1220726818096522e-05 4.966354635442717 -0.6066294772933608 0.7949847002850667 5.9928679469329596e-05 -4.0617476524362175 4.527480974285459e-05 -4.083555969999016e-05 0.9999999981413243 0.16905446408072275
1.0 0.0 0.0 0.0 0.0 1.0 0.0 0.0 0.0 0.0 1.0 0.0
-0.8280301454034661 0.5606835530407672 -0.0001779120451142896 2.5853701087841294 -0.5606835399391706 -0.8280301645164894 -0.00012121087506798387 -2.4108058698079304 -0.000215277484085746 -6.139032545263471e-07 0.9999999768276137 0.34230489810355214
0.7949841477660223 0.6066302036761089 -2.8082261257120345e-05 4.9660030438410905 -0.6066302036112833 0.7949841482247338 1.1744199820343377e-05 -4.062043692727397 2.9449338874746558e-05 7.699095178909046e-06 0.9999999995367304 0.16915324438489096
1.0 0.0 0.0 0.0 0.0 1.0 0.0 0.0 0.0 0.0 1.0 0.0
-0.8280333520926366 0.5606788441701811 3.901565286334241e-05 2.5860528487494783 -0.5606788437159623 -0.8280333530063043 2.2769894109448834e-05 -2.410709941377768 4.507285977133379e-05 -3.0210193879861374e-06 0.9999999989796554 0.3422588496380533
0.7949864009669778 0.6066272513677754 -1.3249514531305725e-05 4.966219131700013 -0.6066272510980735 0.7949864010415996 1.9598979901279792e-05 -4.061553032834842 2.2422459179912118e-05 -7.5434059158299526e-06 0.9999999997201653 0.16911902323585104
1.0 0.0 0.0 0.0 0.0 1.0 0.0 0.0 0.0 0.0 1.0 0.0
-0.8280312784464683 0.5606819073474286 -2.622130263731792e-05 2.5858150390890975 -0.5606819079602865 -0.8280312775877291 3.771533245830601e-05 -2.410765253442218 -5.657541838302782e-07 4.5931284944378576e-05 0.9999999989449985 0.34278128220891446
0.7949876867073856 0.6066255661023542 -2.3122246553246694e-05 4.96606734021302 -0.6066255647512482 0.7949876867113376 4.65573375889803e-05 -4.061886763018383 4.662477257006309e-05 -2.298596423543628e-05 0.9999999986488878 0.16921058546417847
1.0 0.0 0.0 0.0 0.0 1.0 0.0 0.0 0.0 0.0 1.0 0.0
-0.82803165321566 0.5606813480322044 8.509836761011178e-05 2.5859734456748247 -0.5606813479238703 -0.8280316572095756 2.7368538873708113e-05 -2.4108174995926976 8.580917162743689e-05 -2.5051050968044456e-05 0.9999999960046154 0.3425858647359629
0.7949890121192434 0.6066238294206658 1.3735936948577173e-05 4.9658915600072815 -0.6066238295495868 0.7949890116685753 2.736448616742472e-05 -4.06164237434148 5.680030449916947e-06 -3.008701249956994e-05 0.9999999995312545 0.16927496985529153
1.0 0.0 0.0 0.0 0.0 1.0 0.0 0.0 0.0 0.0 1.0 0.0
-0.8280370462790787 0.5606733866458756 -5.9130904568692884e-05 2.5856921890867772 -0.5606733885341783 -0.8280370468430777 2.1094982284131793e-05 -2.410579002329443 -3.7135184437735466e-05 5.062055145348197e-05 0.999999998029269 0.34214569004801537
0.7949812495289533 0.6066340016302968 -3.103864959908683e-05 4.965721209706014 -0.606634000509104 0.7949812500442184 3.878727431430973e-05 -4.061806019058186 4.82048238875886e-05 -1.2006055623519828e-05 0.9999999987660749 0.16938846068654786
1.0 0.0 0.0 0.0 0.0 1.0 0.0 0.0 0.0 0.0 1.0 0.0
-0.8280338737681662 0.5606780750918847 -1.9347259923889153e-06 2.5861086582241515 -0.5606780749876167 -0.8280338735367131 2.2449214909701005e-05 -2.41071051392467 1.0984763945178356e-05 1.967346882978112e-05 0.999999999746145 0.3423660454316438
0.7949816216627164 0.6066335146208733 -1.2539713549556684e-05 4.966180744562992 -0.6066335129654006 0.7949816207393384 6.028194507857055e-05 -4.061824522027087 4.653789001242949e-05 -4.0316027973399305e-05 0.9999999981044214 0.16884646035746145
1.0 0.0 0.0 0.0 0.0 1.0 0.0 0.0 0.0 0.0 1.0 0.0
-0.8280313988387437 0.5606817301558095 -2.5773035609493787e-06 2.5863306641446124 -0.5606817301557324 -0.8280313988424004 -8.202714966491061e-07 -2.4107960113300715 -2.593999514754383e-06 7.65836464887615e-07 0.9999999999963425 0.3430116857587902
0.7949884474759468 0.60662456954793 7.570577183292825e-07 4.966110509133828 -0.6066245686382473 0.7949884462141955 5.577096762029981e-05 -4.062397731952883 3.323018708674192e-05 -4.4796524774517883e-05 0.999999998444513 0.16946821941546444
1.0 0.0 0.0 0.0 0.0 1.0 0.0 0.0 0.0 0.0 1.0 0.0
-0.8280295295046658 0.5606844908228651 -4.357298199787468e-06 2.5854994583821798 -0.5606844904296829 -0.8280295291712383 -3.181296710197694e-05 -2.410247408599715 -2.1445008837952545e-05 -2.3899006660767233e-05 0.9999999994844746 0.34305007536865934
0.7949847684778985 0.6066293907718044 -1.1830970532187362e-05 4.965680464676835 -0.6066293907265631 0.7949847685650125 7.506747815411701e-06 -4.061489112221815 1.3959255224380643e-05 1.2092642715668479e-06 0.9999999999018382 0.16945777702497258
1.0 0.0 0.0 0.0 0.0 1.0 0.0 0.0 0.0 0.0 1.0 0.0
-0.8280342668579712 0.5606774897722878 -7.329139576055341e-05 2.5851864887285383 -0.5606774902886268 -0.828034269611826 -1.5233410133753127e-05 -2.4104875927086757 -6.92288175118806e-05 2.8479050242933528e-05 0.9999999971981572 0.34244427106928854
0.7949826278490167 0.6066321956406843 2.5108444962572855e-05 4.965441566963837 -0.6066321960372196 0.7949826261729985 5.304850185837121e-05 -4.061772509300436 1.2220151642327596e-05 -5.7404228517543905e-05 0.9999999982777114 0.1693080373250717
1.0 0.0 0.0 0.0 0.0 1.0 0.0 0.0 0.0 0.0 1.0 0.0
-0.8280331744122965 0.56067910387426 -6.746444741325883e-05 2.5861465275857345 -0.560679103217929 -0.8280331770595655 -3.005630323151616e-05 -2.41066990811085 -7.271474189179228e-05 1.2938289698871773e-05 0.9999999972725837 0.34229907115500796
0.7949814316730572 0.6066337636473601 -9.90431760151685e-06 4.9662464768014765 -0.6066337617674374 0.7949814303102393 6.742234988602523e-05 -4.062001715343286 4.8774422438411824e-05 -4.759122279481619e-05 0.9999999976780656 0.16911828723622044
1.0 0.0 0.0 0.0 0.0 1.0 0.0 0.0 0.0 0.0 1.0 0.0
-0.8280281564359947 0.5606865183627637 -1.659667460061246e-05 2.586891285273774 -0.5606865185872418 -0.8280281562991431 1.5822762643463926e-05 -2.410513506184848 -4.8709041728017e-06 2.2407224683342834e-05 0.9999999997370953 0.34208268591657653
0.7949920023695881 0.6066199105975731 1.5329220944531444e-05 4.966904418346693 -0.6066199102395868 0.7949920003150757 6.273715686569203e-05 -4.061473608420406 2.5871000467044267e-05 -5.917454859304111e-05 0.9999999979145319 0.16863482354353973
1.0 0.0 0.0 0.0 0.0 1.0 0.0 0.0 0.0 0.0 1.0 0.0
-0.8280312883230587 0.5606818844950329 -9.978554081868348e-05 2.5859027484143926 -0.5606818845861439 -0.8280312937416221 -2.9690147537346654e-05 -2.4103113593897025 -9.927227833297671e-05 3.13635739648146e-05 0.9999999945806706 0.34212520241915945
0.7949851752608431 0.6066288552419389 -5.57076427525961e-05 4.966028744101425 -0.6066288566477667 0.794985176058534 -1.137563988898202e-05 -4.061594490654517 3.738595877797879e-05 4.283732870039502e-05 0.9999999983836267 0.16954889485519736
