1.0 0.0 0.0 0.0 0.0 1.0 0.0 0.0 0.0 0.0 1.0 0.0
-0.9299702676817048 0.3676331581112187 -0.0010780933120623586 -0.6050122697276556 -0.36763319716012194 -0.9299708618088158 -0.00016891534808180267 0.7852632506739923 -0.00106469424939772 0.0002392566396792475 0.9999994045910305 0.49102323905693723
0.4623055386167396 0.8867193899959791 -0.0015206477058347166 0.6781556823119264 -0.8867205658983383 0.4623057134815257 -0.0002555293878086472 0.5307852357811029 0.0004764212597162346 0.0014665222455130529 0.9999988111669367 0.2146944360913915
1.0 0.0 0.0 0.0 0.0 1.0 0.0 0.0 0.0 0.0 1.0 0.0
-0.9299709307211151 0.36763133553225164 -0.0011265649008026855 -0.6049396997112169 -0.3676313740469842 -0.9299715803933949 -0.00018021359097530255 0.7852426442203111 -0.0011139255043465129 0.0002465672015072984 0.999999349187081 0.4911243076131226
0.462313888362503 0.8867150036964678 -0.0015397554080453751 0.677738069450303 -0.8867162102669086 0.46231406478453635 -0.00026067660243319794 0.5306739908762879 0.000480704726977294 0.0014858404938359903 0.9999987805997529 0.21479428124286332
1.0 0.0 0.0 0.0 0.0 1.0 0.0 0.0 0.0 0.0 1.0 0.0
-0.9299691796428505 0.3676358251717052 -0.0011067812443946036 -0.6051613297501905 -0.36763586658038183 -0.9299698057531572 -0.00017317946716396051 0.785232859975622 -0.001092940115174503 0.00024584091488846955 0.9999993725218776 0.49096092251786433
0.46231115668563916 0.8867164729848388 -0.001513585582055731 0.6778603535665617 -0.8867176370123905 0.46231133293772525 -0.0002522865571775839 0.5307210082033365 0.00047604112179351263 0.0014587579208014878 0.9999988227043966 0.2146274605710628
1.0 0.0 0.0 0.0 0.0 1.0 0.0 0.0 0.0 0.0 1.0 0.0
-0.9299710631932644 0.3676309383290946 -0.0011466501029218496 -0.6049624933021764 -0.36763098043917336 -0.9299717357466002 -0.00018147668469305935 0.7852774827009981 -0.001133068630386813 0.00025277603614904596 0.99999932612965 0.4909905758294356
0.46230515497577046 0.8867195144601395 -0.0015640838864877202 0.6781227990617058 -0.8867207593663898 0.4623053372994009 -0.00026460003807416 0.5307478103600758 0.0004884583114200088 0.0015092316131475924 0.9999987418134164 0.21480021624911594
1.0 0.0 0.0 0.0 0.0 1.0 0.0 0.0 0.0 0.0 1.0 0.0
-0.9299694512788343 0.36763532995241954 -0.0010410854526451904 -0.6050571886096421 -0.3676353666344135 -0.9299700052566133 -0.00016285759206927984 0.7852393341643307 -0.0010280504484646755 0.000231287246547708 0.9999994448090884 0.49109938768389755
0.46230509802362874 0.8867198068128443 -0.0014073191374087699 0.6782753359017111 -0.886720813799729 0.4623052483329856 -0.00023608922636213624 0.5308189770819638 0.00044126603011309794 0.001357044423734709 0.9999989818568431 0.2147269789975395
1.0 0.0 0.0 0.0 0.0 1.0 0.0 0.0 0.0 0.0 1.0 0.0
-0.9299692694783083 0.36763561598471384 -0.0011007658796938612 -0.6051061511936915 -0.3676356519861466 -0.9299698899060459 -0.0001767960933416324 0.7852070761091383 -0.001088675664630574 0.0002402658480938194 0.9999993785286166 0.4912288850331319
0.46231005386645974 0.8867169669689009 -0.001560315181141702 0.6779156701633351 -0.8867182051280393 0.4623102376453774 -0.00026241719508771067 0.5307284667575161 0.0004886599028866492 0.0015048779844524848 0.9999987482760921 0.21471223494818437
1.0 0.0 0.0 0.0 0.0 1.0 0.0 0.0 0.0 0.0 1.0 0.0
-0.9299702317117947 0.3676335526902284 -0.0009690543188756866 -0.6049291617526649 -0.3676335845896537 -0.9299707116570464 -0.00015146567080918626 0.7853153640785493 -0.0009568759972293434 0.00021539834793155203 0.9999995189958231 0.4912382433954696
0.4623103181158709 0.8867170220755429 -0.0014465562845293852 0.6779316258176067 -0.8867180859296586 0.462310477132091 -0.0002425265780563517 0.5308007534903467 0.0004537056810309048 0.0013948101592602014 0.9999989243273091 0.21470586382532586
1.0 0.0 0.0 0.0 0.0 1.0 0.0 0.0 0.0 0.0 1.0 0.0
-0.9299690370060922 0.3676362960198964 -0.0010696068119457076 -0.6051524593110464 -0.36763633296551684 -0.9299696221507038 -0.0001689986570937143 0.7852397380931819 -0.0010568318830812395 0.00023606280766589208 0.9999994136901891 0.491113035006586
0.46230710847703255 0.8867185662608309 -0.0015237125521173549 0.6780571758121194 -0.8867197469295449 0.4623072839822253 -0.00025609018299081694 0.5307354678901959 0.0004773434916439079 0.0014694983206147095 0.9999988063582259 0.21469099182550555
1.0 0.0 0.0 0.0 0.0 1.0 0.0 0.0 0.0 0.0 1.0 0.0
-0.9299704311692568 0.3676328474699446 -0.001042406833947172 -0.6049864628680748 -0.36763288146368367 -0.9299709871760075 -0.00016576366073865975 0.7852683992801417 -0.0010303482790092616 0.00022906772497210875 0.9999994429550453 0.4912483701812065
0.4623091397992307 0.8867176035275697 -0.001466578473413502 0.6780239697291925 -0.8867186984120277 0.46230929900161283 -0.00024888374118905537 0.5307335450265711 0.00045732327143051585 0.0014155037833634434 0.9999988936016201 0.21487425639724
1.0 0.0 0.0 0.0 0.0 1.0 0.0 0.0 0.0 0.0 1.0 0.0
-0.9299703396629876 0.3676327463513281 -0.001153757898027108 -0.6050691103504029 -0.3676327881679342 -0.9299710207623977 -0.00018331943274400587 0.7852441462133299 -0.0011403556366601992 0.00025367759778671147 0.9999993176181163 0.49102864373680927
0.4623100109244372 0.886717067972697 -0.001514980181507297 0.6779156425762132 -0.8867182356851662 0.46231018276826796 -0.0002557580037527491 0.5307044238814527 0.00047360577740475395 0.0014616000391530866 0.9999988197107499 0.21479267579052336
1.0 0.0 0.0 0.0 0.0 1.0 0.0 0.0 0.0 0.0 1.0 0.0
-0.9299706576244636 0.3676322246553954 -0.0010598832232971702 -0.6049546592339006 -0.3676322595248797 -0.9299712324916183 -0.00016880359045264698 0.7852936842792815 -0.001047718546954784 0.0002326648781906323 0.9999994240762845 0.491207997489792
0.4623072422739849 0.8867184969868485 -0.0015234311298291461 0.6780835129299128 -0.8867196785837562 0.46230741350141064 -0.00025890916535891643 0.530719737815879 0.0004747139593156663 0.0014705519440231293 0.9999988060611057 0.21486577800344214
1.0 0.0 0.0 0.0 0.0 1.0 0.0 0.0 0.0 0.0 1.0 0.0
-0.9299687465984718 0.36763727648414535 -0.000981473070526386 -0.6050841930428881 -0.3676373058372072 -0.9299692396764995 -0.0001568829933149528 0.7852514355075257 -0.0009704158015493695 0.00021492983474436742 0.9999995060490472 0.49143368412284616
0.46230811163786195 0.8867180852519984 -0.0014990666642940604 0.6780167836085962 -0.8867192286283399 0.46230827968359756 -0.0002532128646543364 0.53076365453488 0.0004685025041933489 0.0014463135975260463 0.9999988443405227 0.21479890068934138
1.0 0.0 0.0 0.0 0.0 1.0 0.0 0.0 0.0 0.0 1.0 0.0
-0.9299692727277438 0.36763574810404964 -0.0010528524142931206 -0.6050891332549426 -0.36763578131905067 -0.9299698402580505 -0.00016883230307778788 0.785229215881948 -0.0010411897815816081 0.0002300573658361007 0.999999431498562 0.49126630450164877
0.4623103329197836 0.8867168555798186 -0.0015408134987585514 0.6778876012258745 -0.8867180637927868 0.4623105096321202 -0.000260820360438499 0.5307741434209277 0.00048106046397989504 0.0014868471099515525 0.9999987789325054 0.21478191069904384
1.0 0.0 0.0 0.0 0.0 1.0 0.0 0.0 0.0 0.0 1.0 0.0
-0.92996962716181 0.3676347136499216 -0.001099943664012844 -0.6050977868786251 -0.36763475626407804 -0.9299702451726553 -0.00017052906883566934 0.785240135729218 -0.0010856072842885213 0.0002457906662582209 0.9999993805216943 0.49087860797107263
0.4623054581616617 0.8867193497267745 -0.001567856518527096 0.6781347966553568 -0.8867205996224604 0.462305644521054 -0.0002631523444988653 0.5307793400326233 0.000491486642521095 0.001511907437420193 0.9999987362875921 0.21468350335089148
1.0 0.0 0.0 0.0 0.0 1.0 0.0 0.0 0.0 0.0 1.0 0.0
-0.9299692618412293 0.367635553759014 -0.0011276713982956476 -0.6051387554619385 -0.36763559419112823 -0.9299699123817726 -0.00017874108527614075 0.7852507620854468 -0.001114412049333415 0.00024834842942980727 0.9999993482042085 0.49100745098846066
0.46230967674041895 0.8867172650722466 -0.0015015375333419954 0.6779631171429834 -0.8867184115205762 0.46230984750005033 -0.0002521406459460511 0.5307357769909729 0.00047059812406810835 0.001448008036923981 0.9999988409043936 0.21470143968639288
1.0 0.0 0.0 0.0 0.0 1.0 0.0 0.0 0.0 0.0 1.0 0.0
-0.9299692999685715 0.36763541698969754 -0.0011407413274069228 -0.6051492412641863 -0.36763546180061 -0.929969964905821 -0.0001777630961636567 0.785256512845983 -0.0011262071821987395 0.0002540627425967239 0.9999993335545306 0.4908588447584357
0.46230398453398874 0.886720082936338 -0.0015875772019912832 0.6781351085933736 -0.8867213632011871 0.4623041795101578 -0.0002639129961704116 0.5307973217820319 0.0004999266219234063 0.001529746650436717 0.9999987049734407 0.21456869930048278
1.0 0.0 0.0 0.0 0.0 1.0 0.0 0.0 0.0 0.0 1.0 0.0
-0.9299696270851608 0.36763468760797374 -0.0011086778046478104 -0.6050917481249058 -0.3676347290540156 -0.9299702553665063 -0.00017357112697187789 0.7852427534029331 -0.0010948481481495701 0.0002461725880971098 0.9999993703530966 0.4909379894191841
0.46231045241580476 0.8867168063996028 -0.0015332434845557663 0.6778913488143097 -0.8867180028159398 0.4623106272535882 -0.0002596353293277073 0.5307417617474712 0.0004786117470274811 0.001479586727020463 0.9999987908762253 0.21478717009040815
1.0 0.0 0.0 0.0 0.0 1.0 0.0 0.0 0.0 0.0 1.0 0.0
-0.9299684114583302 0.3676378967633183 -0.0010632747120795153 -0.605165799969976 -0.36763793562492564 -0.9299689891675309 -0.00016575935260722965 0.7852289217706243 -0.0010497519289613562 0.00023674915832259372 0.9999994209851942 0.4910520949572257
0.46230813695602685 0.886718119195575 -0.0014709162143587337 0.6780122187739241 -0.8867192196122955 0.46230830004697593 -0.0002475436062476634 0.5307538621588606 0.00046051537362090173 0.0014187311011309835 0.9999988875632081 0.21480147261045168
1.0 0.0 0.0 0.0 0.0 1.0 0.0 0.0 0.0 0.0 1.0 0.0
-0.9299705318455517 0.36763238567137035 -0.0011130608601456677 -0.6049958858034472 -0.36763242035542304 -0.9299711666773801 -0.00018069954646351676 0.7852763129476941 -0.0011015455120487116 0.0002411520046893143 0.9999993642213957 0.49131685630519534
0.46230804623719113 0.8867180434566838 -0.0015433057707672892 0.6779884317143203 -0.8867192569075155 0.4623082194089869 -0.0002640005209423818 0.5307466607737013 0.00047938891748546485 0.0014905285112783236 0.9999987742547601 0.2149799292974212
1.0 0.0 0.0 0.0 0.0 1.0 0.0 0.0 0.0 0.0 1.0 0.0
-0.929970994843454 0.36763143434711115 -0.0010378967979226062 -0.6048498834060005 -0.3676314679245019 -0.9299715460765836 -0.0001651653874029164 0.7852774981402248 -0.0010259344781074504 0.00022796450373763338 0.9999994477451634 0.4912361540858064
0.4623088943668787 0.8867177494475932 -0.0014556798650943621 0.6780341049849419 -0.8867188268157788 0.4623090552342695 -0.00024416970552835386 0.5307769877692934 0.00045646437138594 0.0014036605687965254 0.9999989106880494 0.21472025502999575
