1.0 0.0 0.0 0.0 0.0 1.0 0.0 0.0 0.0 0.0 1.0 0.0
-0.5119597915994388 0.8590093727809057 -0.00026317297464422 -0.7194688322030247 -0.8590094101506855 -0.511959740453093 0.00023964092566933253 -0.7211185232452877 7.11198334587121e-05 0.0003487545800811153 0.9999999366561043 0.17684552477875792
0.38961261814436937 0.9209788305666538 -3.782551797216933e-05 -0.1269171209090132 -0.9209788311215914 0.389612618623354 5.946360259844257e-06 -1.4737690637277012 2.021377102610227e-05 3.2519724339363654e-05 0.9999999992669362 0.5916362908703252
1.0 0.0 0.0 0.0 0.0 1.0 0.0 0.0 0.0 0.0 1.0 0.0
-0.5119618870475069 0.859008132338754 -0.00023406546174091608 -0.719555310474461 -0.859008160399275 -0.5119618400321699 0.00023391949125703244 -0.7211516945894374 8.110616082148043e-05 0.00032082200586424264 0.9999999452475138 0.17692356906650453
0.38961562216704526 0.9209775531009201 -0.00011682306505655222 -0.12689660269535974 -0.9209775580691304 0.3896156272354279 2.3387284790116292e-05 -1.473909066174734 6.705525608714566e-05 9.847936966762944e-05 0.9999999929027029 0.5919229687886409
1.0 0.0 0.0 0.0 0.0 1.0 0.0 0.0 0.0 0.0 1.0 0.0
-0.5119588006559843 0.8590099452883062 -0.0003167438510767117 -0.7194745413178047 -0.8590100019396071 -0.5119587413065017 0.00025252243288262426 -0.7209682543550784 5.4759497940777134e-05 0.00040136721800510493 0.9999999179528732 0.17707400327672684
0.3896139878662812 0.9209782478577386 -8.620802501054839e-05 -0.126882764288621 -0.9209782506333077 0.3896139905214861 1.5822024135360165e-05 -1.473560582516427 4.815959270510404e-05 7.323123414527021e-05 0.9999999961589202 0.5918175680856383
1.0 0.0 0.0 0.0 0.0 1.0 0.0 0.0 0.0 0.0 1.0 0.0
-0.5119611941261516 0.8590085428723792 -0.00024286044709553918 -0.719443487284054 -0.8590085737194836 -0.511961146126046 0.00023480571567352577 -0.720925275310698 7.736500283510193e-05 0.00032883062085616136 0.9999999429425381 0.17679665490408492
0.38961331478587086 0.9209785363532754 -2.2762777878884454e-05 -0.1268527343136272 -0.920978536529262 0.38961331499609037 5.493214756839647e-06 -1.4737381028788619 1.3927814234492095e-05 1.882380024795477e-05 0.9999999997258403 0.5916019479968015
1.0 0.0 0.0 0.0 0.0 1.0 0.0 0.0 0.0 0.0 1.0 0.0
-0.5119573303190923 0.8590108341076409 -0.00028074586768974823 -0.7192539192948626 -0.8590108780996302 -0.5119572801999386 0.00023357393634453383 -0.7209513405777699 5.6912651035365056e-05 0.0003607436432101174 0.9999999333124842 0.17611243665875276
0.389615019799958 0.9209778151824968 -1.6969162892000452e-05 -0.12674243267958119 -0.9209778153265976 0.3896150198236021 -2.0253382416476465e-06 -1.4737018475243673 4.7461491478268565e-06 1.641732476727898e-05 0.9999999998539723 0.5912844940667683
1.0 0.0 0.0 0.0 0.0 1.0 0.0 0.0 0.0 0.0 1.0 0.0
-0.5119649677800253 0.8590063133246797 -0.00015948146736130558 -0.7195301594350925 -0.8590063216336306 -0.5119649322535097 0.00021802779419234677 -0.7210293242413499 0.00010563833305821017 0.00024861818127561885 0.9999999635147704 0.17676597269522354
0.3896141659119709 0.9209781740368564 -6.832611091189315e-05 -0.12685322034598023 -0.9209781757866701 0.3896141675703195 1.2375220836178228e-05 -1.4735542902208465 3.80181291152732e-05 5.810529564216646e-05 0.9999999975891987 0.5916641659236541
1.0 0.0 0.0 0.0 0.0 1.0 0.0 0.0 0.0 0.0 1.0 0.0
-0.5119588006559843 0.8590099452883062 -0.0003167438510767117 -0.7194745413178047 -0.8590100019396071 -0.5119587413065017 0.00025252243288262426 -0.7209682543550784 5.4759497940777134e-05 0.00040136721800510493 0.9999999179528732 0.17707400327672684
0.3896139878662812 0.9209782478577386 -8.620802501054839e-05 -0.126882764288621 -0.9209782506333077 0.3896139905214861 1.5822024135360165e-05 -1.473560582516427 4.815959270510404e-05 7.323123414527021e-05 0.9999999961589202 0.5918175680856383
1.0 0.0 0.0 0.0 0.0 1.0 0.0 0.0 0.0 0.0 1.0 0.0
-0.5119543563302199 0.8590125789956501 -0.0003551925569609852 -0.7194757556289781 -0.8590126511698769 -0.5119542894188476 0.0002658490966147181 -0.721257105092981 4.652536500086306e-05 0.0004412175031692813 0.9999999015812479 0.17762623093661833
0.38963669944687107 0.9209685389663596 -0.00043895138456260396 -0.12652167234236433 -0.9209686066480773 0.3896367745343077 9.746383598680952e-05 -1.474035209703331 0.0002607927282891833 0.0003662849576574267 0.9999998989112364 0.593349461679457
1.0 0.0 0.0 0.0 0.0 1.0 0.0 0.0 0.0 0.0 1.0 0.0
-0.5119584351265309 0.8590101704063196 -0.0002963803302240719 -0.7195073743880407 -0.8590102194134034 -0.5119583791360787 0.0002469325743897383 -0.7212083437081773 6.0383199336120155e-05 0.0003810129468619738 0.9999999255914989 0.17703110497916785
0.3896144505351535 0.9209780556228861 -3.154804248842994e-05 -0.1268577714884307 -0.9209780560010902 0.3896144508807397 5.417877511083499e-06 -1.4736488225702686 1.728131954627508e-05 2.694417147209035e-05 0.9999999994876838 0.5917024571994342
1.0 0.0 0.0 0.0 0.0 1.0 0.0 0.0 0.0 0.0 1.0 0.0
-0.5119543121928389 0.8590126053675112 -0.0003550308139497403 -0.7194776743664448 -0.8590126777752796 -0.5119542483606196 0.0002588568281961547 -0.7213162113930593 4.060174490547287e-05 0.00043749883961926396 0.9999999034731273 0.1771557585518766
0.38962436654364246 0.9209738254614825 -0.0002565351987804348 -0.12685976339473815 -0.9209738498194778 0.3896243903886827 4.861005173081494e-05 -1.4739309362994035 0.00014472095573647134 0.0002173225490217333 0.9999999659133767 0.5922876951528586
1.0 0.0 0.0 0.0 0.0 1.0 0.0 0.0 0.0 0.0 1.0 0.0
-0.5119592533993462 0.8590096918914211 -0.000268505846864735 -0.7195027247542809 -0.8590097306779136 -0.5119591996089287 0.0002460415471137156 -0.7213044482111002 7.388803512743291e-05 0.0003566123819662715 0.9999999336840814 0.17737279811764073
0.38961114314653683 0.9209794553036011 -6.688114460396421e-06 -0.12685949106093908 -0.9209794553264777 0.38961114312297135 -4.577709987897062e-06 -1.473636676788466 -1.6102129309350161e-06 7.943142834272826e-06 0.9999999999671567 0.5913402093315125
1.0 0.0 0.0 0.0 0.0 1.0 0.0 0.0 0.0 0.0 1.0 0.0
-0.511967410246903 0.8590048580843475 -0.00015694766529700314 -0.7198541023184637 -0.8590048669058399 -0.5119673777074712 0.00020687052921008117 -0.7216969193964573 9.735070494649063e-05 0.00024072977743574866 0.9999999662860067 0.1759221665021493
0.38959464721756826 0.9209864172977276 0.0001732412017508105 -0.12757968526504726 -0.9209864274738945 0.3895946594179339 -4.197495031131156e-05 -1.4742008347268438 -0.00010615220609668224 -0.00014319957953320305 0.9999999841127943 0.5908754692991867
1.0 0.0 0.0 0.0 0.0 1.0 0.0 0.0 0.0 0.0 1.0 0.0
-0.5119695549416129 0.8590035767963097 -0.00017281213361697078 -0.7200891173167916 -0.8590035869577319 -0.5119695141910169 0.00023266448833729006 -0.7216160431397185 0.0001113850835810065 0.00026756337719155204 0.9999999580016004 0.1775736564710686
0.3896018388137889 0.9209833893983315 6.037612571363755e-05 -0.12738420107575177 -0.9209833910709587 0.38960183953797317 -2.5346729447417744e-07 -1.4738940531883813 -2.3756088810205213e-05 -5.5506657675437825e-05 0.9999999981773297 0.5924400714261757
1.0 0.0 0.0 0.0 0.0 1.0 0.0 0.0 0.0 0.0 1.0 0.0
-0.5119487279339315 0.8590159032833362 -0.000421750095105395 -0.7192032442880807 -0.8590160067060911 -0.5119486582965282 0.0002673782075939873 -0.7213433546508838 1.3767737189052068e-05 0.0004991740157799604 0.9999998753178677 0.1767406075336504
0.389619756666953 0.9209757988826942 -0.00015194462291039714 -0.1267900395274948 -0.9209758082202966 0.38961976375772706 1.9035336818439357e-05 -1.4743775889895758 7.673171261612404e-05 0.00013252077859069692 0.9999999882752441 0.5914153230041959
1.0 0.0 0.0 0.0 0.0 1.0 0.0 0.0 0.0 0.0 1.0 0.0
-0.5119733871135863 0.859001299853476 -0.0001331821323452376 -0.7199943396290007 -0.8590013027481049 -0.5119733561398109 0.00021090281382550453 -0.721206863179443 0.00011298008794417727 0.00022238025313352398 0.9999999688912611 0.17674200275373292
0.3895911283377064 0.9209878944903893 0.00022566061301254392 -0.12751907454745526 -0.9209879127003522 0.38959114772511827 -4.768723887498521e-05 -1.4737432267323776 -0.0001318347469453857 -0.00018925217175638485 0.9999999734016071 0.5911428724570085
1.0 0.0 0.0 0.0 0.0 1.0 0.0 0.0 0.0 0.0 1.0 0.0
-0.511948001218728 0.8590163130247432 -0.0004669106184638198 -0.7193507530840018 -0.8590164398887201 -0.5119479211456887 0.00028641843014643635 -0.7214645295421533 7.004183363318209e-06 0.0005477152400447079 0.9999998499794676 0.17763555248929208
0.38962034701826914 0.9209755455715182 -0.00017218771152335436 -0.1268701898994964 -0.9209755570118353 0.38962035703867554 2.770911367502978e-05 -1.4739828571053337 9.26072537255815e-05 0.00014778463904516144 0.9999999847917983 0.5918596857238017
1.0 0.0 0.0 0.0 0.0 1.0 0.0 0.0 0.0 0.0 1.0 0.0
-0.5119707494011293 0.8590028744661081 -0.00011583008650836747 -0.7199174456400144 -0.8590028740556129 -0.5119707211933144 0.00020737645306259105 -0.7213831663095007 0.00011883535635176661 0.00020566905529538474 0.9999999717891983 0.1766085363984804
0.38959453929138976 0.9209864673364915 0.00014811272295243551 -0.12757600599089525 -0.9209864749912628 0.38959454791219134 -3.347034644079763e-05 -1.4741379516990776 -8.852964546774863e-05 -0.00012336995041192363 0.9999999884711782 0.5912792449404547
1.0 0.0 0.0 0.0 0.0 1.0 0.0 0.0 0.0 0.0 1.0 0.0
-0.5119543121928389 0.8590126053675112 -0.0003550308139497403 -0.7194776743664448 -0.8590126777752796 -0.5119542483606196 0.0002588568281961547 -0.7213162113930593 4.060174490547287e-05 0.00043749883961926396 0.9999999034731273 0.1771557585518766
0.38962436654364246 0.9209738254614825 -0.0002565351987804348 -0.12685976339473815 -0.9209738498194778 0.3896243903886827 4.861005173081494e-05 -1.4739309362994035 0.00014472095573647134 0.0002173225490217333 0.9999999659133767 0.5922876951528586
1.0 0.0 0.0 0.0 0.0 1.0 0.0 0.0 0.0 0.0 1.0 0.0
-0.511962245172034 0.859007912201129 -0.0002574767314023334 -0.7198807192605585 -0.8590079476584626 -0.5119621947193349 0.00023882578963997436 -0.721724122142561 7.333489044049327e-05 0.00034344434608079346 0.9999999383339857 0.17703203477341267
0.38960783479057687 0.9209808524706247 -6.672541285747182e-05 -0.12745358743351343 -0.9209808542250472 0.3896078362361808 9.708998030642715e-06 -1.4741741313430694 3.493854500825447e-05 5.767012603128939e-05 0.9999999977267277 0.5918867242174282
1.0 0.0 0.0 0.0 0.0 1.0 0.0 0.0 0.0 0.0 1.0 0.0
-0.5119653483709772 0.8590060706203074 -0.00022957535314354892 -0.7199280129899917 -0.8590060968771867 -0.5119653003376696 0.00023828130646253508 -0.7217647480871179 8.715047414442104e-05 0.0003191984001161943 0.999999945258587 0.17732193817197262
0.38957760198643476 0.9209935344205085 0.0004489834277775719 -0.12784935437660128 -0.9209936047704994 0.3895776811924756 -0.00010143240959636079 -1.4740808793548723 -0.00026833251610641523 -0.0003739950707368158 0.9999998940626682 0.5902028846087655
