1.0 0.0 0.0 0.0 0.0 1.0 0.0 0.0 0.0 0.0 1.0 0.0
-0.5119577661694446 0.8590105734834232 -0.0002833769092372774 -0.7193748451884128 -0.8590106182841151 -0.5119577149816952 0.00023610561801764137 -0.7211534834576838 5.7740227404244164e-05 0.0003642998787916833 0.9999999319758301 0.176356434448403
0.3896147215095058 0.9209779413985365 -1.5504282002026215e-05 -0.12678435698372859 -0.9209779415168143 0.3896147215358685 -1.4062880325027663e-06 -1.4737560747093852 4.745536257554812e-06 1.4827012243066416e-05 0.9999999998788197 0.5913901031325968
1.0 0.0 0.0 0.0 0.0 1.0 0.0 0.0 0.0 0.0 1.0 0.0
-0.5119583046549171 0.8590102533061225 -0.00028108684424671176 -0.719369711945764 -0.859010297255057 -0.511958253479428 0.0002364404211236769 -0.7210972653849765 5.920001618473e-05 0.00036250413078114317 0.9999999325430544 0.17635687368610364
0.3896169146557649 0.9209770058787584 -0.00012023609863652315 -0.12681654447587487 -0.9209770113644774 0.3896169196876519 2.0766833067259555e-05 -1.474045839695009 6.597179412593542e-05 0.00010264357335353072 0.9999999925560094 0.5916557797330073
1.0 0.0 0.0 0.0 0.0 1.0 0.0 0.0 0.0 0.0 1.0 0.0
-0.5119705939741204 0.8590029693938352 -9.735687639651201e-05 -0.7199205143381748 -0.8590029668561499 -0.5119705703643734 0.00019496951227515862 -0.7216793674427535 0.00011763553444799086 0.00018344850267480197 0.999999976254264 0.1759110669983912
0.3895968198724012 0.9209855051430147 0.00013138408294816525 -0.12753126351373645 -0.9209855108627502 0.3895968270668471 -3.34712493769597e-05 -1.4740218812267187 -8.201335735884215e-05 -0.00010796254443885916 0.9999999908089486 0.5909154394705958
1.0 0.0 0.0 0.0 0.0 1.0 0.0 0.0 0.0 0.0 1.0 0.0
-0.5119584572149825 0.8590101561409222 -0.0002995543417624027 -0.7195260385177589 -0.8590102058259611 -0.5119583977244261 0.00025551179607863415 -0.7212502405861514 6.612786700524932e-05 0.00038813166169402233 0.9999999224904563 0.17751902832740618
0.38962073324372015 0.9209753875961552 -0.00014024527708903235 -0.12665069930683792 -0.920975394037174 0.38962074154103477 3.659351795831427e-05 -1.473715767302508 8.834419824223065e-05 0.00011490485603003928 0.999999989496088 0.5925607423078267
1.0 0.0 0.0 0.0 0.0 1.0 0.0 0.0 0.0 0.0 1.0 0.0
-0.5119543563302199 0.8590125789956501 -0.0003551925569609852 -0.7194757556289781 -0.8590126511698769 -0.5119542894188476 0.0002658490966147181 -0.721257105092981 4.652536500086306e-05 0.0004412175031692813 0.9999999015812479 0.17762623093661833
0.38963669944687107 0.9209685389663596 -0.00043895138456260396 -0.12652167234236433 -0.9209686066480773 0.3896367745343077 9.746383598680952e-05 -1.474035209703331 0.0002607927282891833 0.0003662849576574267 0.9999998989112364 0.593349461679457
1.0 0.0 0.0 0.0 0.0 1.0 0.0 0.0 0.0 0.0 1.0 0.0
-0.5119590963232286 0.8590097826420576 -0.00027751963685748027 -0.7194473566154267 -0.8590098249179547 -0.511959043175532 0.00024249787353765887 -0.7210817773543212 6.622935789075979e-05 0.00036254108686489535 0.9999999320888141 0.1768774400492943
0.3896142883583448 0.9209781218653913 -7.315953754429019e-05 -0.1268918652972264 -0.9209781238877482 0.38961429023467936 1.2850328056536027e-05 -1.4737461532874434 4.033887229302399e-05 6.237166221115195e-05 0.999999997241276 0.5917457875164438
1.0 0.0 0.0 0.0 0.0 1.0 0.0 0.0 0.0 0.0 1.0 0.0
-0.5119598815402472 0.8590093050521432 -0.00030582205570128194 -0.7194661833686338 -0.8590093575193758 -0.5119598237983607 0.000250020999845526 -0.7208482664958176 5.820175957520012e-05 0.0003907047290467358 0.9999999219811819 0.17704580505927514
0.3896203654739446 0.9209755168256173 -0.0002611814247424082 -0.12684163324142972 -0.9209755410592415 0.3896203916739938 5.623558448180434e-05 -1.4736607001143227 0.0001535532054882731 0.00021863117498827536 0.9999999643109104 0.5923150973367707
1.0 0.0 0.0 0.0 0.0 1.0 0.0 0.0 0.0 0.0 1.0 0.0
-0.5119754495996267 0.8590000801039211 -3.726550244998204e-05 -0.7201087025558994 -0.8590000685151847 -0.5119754343586199 0.00019210468635804035 -0.7216333860201232 0.00014593891916641892 0.0001303639523261398 0.9999999808535359 0.17661947054359572
0.3895877645983996 0.920989306305155 0.0002671081632476784 -0.1276623467759972 -0.9209893316189717 0.38958779204716903 -5.772219563922813e-05 -1.4742286655122925 -0.00015722360447762007 -0.00022351590757266422 0.9999999626606879 0.5910074842982243
1.0 0.0 0.0 0.0 0.0 1.0 0.0 0.0 0.0 0.0 1.0 0.0
-0.511967261863876 0.8590049408509269 -0.0001854003826695702 -0.7199347368419469 -0.8590049552740274 -0.511967222000169 0.00022452638019755948 -0.7215864767947835 9.795035106793821e-05 0.00027421000350880587 0.9999999576073005 0.1768941938434614
0.3895975359020425 0.9209852048436503 0.00011170567042743575 -0.12753211333391334 -0.9209852092282884 0.38959754076287534 -2.4783979702896994e-05 -1.473974334702838 -6.634593311131199e-05 -9.322349282848885e-05 0.9999999934537989 0.5914257001032255
1.0 0.0 0.0 0.0 0.0 1.0 0.0 0.0 0.0 0.0 1.0 0.0
-0.5119543402904756 0.8590125946584969 -0.0003401114825602066 -0.7194800947835782 -0.85901266086851 -0.5119542792703906 0.00025378009663066235 -0.7212287141362346 4.387877035368745e-05 0.0004220838915753353 0.999999909959917 0.1772024045467524
0.3896332460226883 0.9209700315470429 -0.00036685972896511156 -0.1266980433601086 -0.920970081307616 0.3896332948665454 6.976877792417146e-05 -1.4735749408597805 0.00020719571855632127 0.00031068259899981574 0.9999999302731257 0.5924978810542476
1.0 0.0 0.0 0.0 0.0 1.0 0.0 0.0 0.0 0.0 1.0 0.0
-0.5119713394989431 0.8590025303904267 -1.7734199898332584e-05 -0.7196382452112555 -0.8590025162102949 -0.5119713270538976 0.0001934400512590645 -0.7208826715979768 0.00015708609165421318 0.00011426948449155895 0.9999999811332221 0.17715597487991208
0.38963777328265226 0.9209680761682602 -0.0004564102011157971 -0.12641750086994907 -0.9209681493881094 0.3896378543956551 0.00010116616008529791 -1.473765750065482 0.0002710054953142019 0.0003809211009363588 0.999999890727563 0.5933471659044565
1.0 0.0 0.0 0.0 0.0 1.0 0.0 0.0 0.0 0.0 1.0 0.0
-0.5119531971068769 0.8590132606576381 -0.00037681080085006215 -0.7192984328196257 -0.8590133425482435 -0.5119531290181988 0.0002664818373973409 -0.7211633118017673 3.600196350568368e-05 0.0004601117341729706 0.9999998935005195 0.17729638046021923
0.38961005595583914 0.9209799127194171 6.83039019522579e-05 -0.12681826094742643 -0.9209799141330082 0.38961005806723675 -2.0405942133971815e-05 -1.4736067400524462 -4.54053500112913e-05 -5.495616149829146e-05 0.9999999974590874 0.5910860506121693
1.0 0.0 0.0 0.0 0.0 1.0 0.0 0.0 0.0 0.0 1.0 0.0
-0.5119626887339673 0.8590076548030599 -0.0002330966210338153 -0.7197364338238357 -0.8590076834478722 -0.5119626455007126 0.00022223733517353218 -0.7218348460823023 7.156680933536529e-05 0.0003140090121063165 0.9999999481382649 0.1760973858988122
0.3895857769083705 0.9209901245939814 0.0003359033557868305 -0.12773994249272924 -0.9209901620512654 0.3895858238421471 -8.524094567210852e-05 -1.474061321571547 -0.00020936925477063264 -0.0002761550260356006 0.9999999399514564 0.5898542698633007
1.0 0.0 0.0 0.0 0.0 1.0 0.0 0.0 0.0 0.0 1.0 0.0
-0.5119597070094277 0.8590094204488232 -0.00027199080232741116 -0.719550912926227 -0.8590094607315996 -0.5119596542261261 0.00024252478634693173 -0.7212851179826316 6.908275905218325e-05 0.00035780559099189246 0.9999999336013632 0.1769964991568438
0.3896124766491022 0.9209788904551168 -3.708658611963467e-05 -0.12694119653883895 -0.9209788909789475 0.3896124771248442 6.311108953434935e-06 -1.4738109924498346 2.0261794807627826e-05 3.169707616492521e-05 0.9999999992923776 0.5917006225150516
1.0 0.0 0.0 0.0 0.0 1.0 0.0 0.0 0.0 0.0 1.0 0.0
-0.5119563868795198 0.8590113855666586 -0.00031208991849231306 -0.7195701293746595 -0.8590114400659814 -0.511956325818358 0.000257469097170889 -0.7213588942073059 6.139247790518939e-05 0.00039990175903481827 0.9999999181547695 0.17773383075396443
0.38963645511662054 0.920968655590806 -0.0004101992400200684 -0.12650931212215255 -0.9209687150248648 0.38963652022655515 8.972842780082071e-05 -1.4736774059228637 0.0002424656740010593 0.0003428192004539291 0.9999999118426919 0.5932728586923819
1.0 0.0 0.0 0.0 0.0 1.0 0.0 0.0 0.0 0.0 1.0 0.0
-0.511966872741916 0.8590051786583082 -0.0001557339799738943 -0.7198529086733387 -0.8590051872423086 -0.5119668404535246 0.00020631733362500482 -0.7219418963188318 9.749702435234171e-05 0.00023940393671590575 0.9999999665900425 0.17591249126137254
0.38957949154459237 0.9209927572874994 0.00040098856123659145 -0.12791687634774895 -0.9209928108303013 0.3895795582123941 -0.00010110359455266792 -1.4742982273696583 -0.0002493326248535052 -0.0003299196951649296 0.9999999144931148 0.5895315414259483
1.0 0.0 0.0 0.0 0.0 1.0 0.0 0.0 0.0 0.0 1.0 0.0
-0.5119587300964032 0.8590100045109231 -0.00026613571987063 -0.7194009672666501 -0.8590100433588228 -0.5119586810515234 0.00023303359652452455 -0.7211944248167512 6.392769867604967e-05 0.00034791684041189387 0.9999999374335586 0.17633548407725286
0.38961434604522294 0.9209780986874765 -5.562152334104114e-05 -0.12684550535010874 -0.9209780999609544 0.3896143469564181 6.167134104941254e-06 -1.4738998656556959 2.7350738935540537e-05 4.8823400962299316e-05 0.9999999984341064 0.5914896521219131
1.0 0.0 0.0 0.0 0.0 1.0 0.0 0.0 0.0 0.0 1.0 0.0
-0.5119542745145407 0.8590126361794809 -0.0003342009415683673 -0.7191786201673152 -0.8590127003238185 -0.5119542177783422 0.0002440929068622286 -0.7206679800524398 3.8583309775059594e-05 0.0004120472603141434 0.9999999143641878 0.17618751908303576
0.38962370652463535 0.9209741035760938 -0.000260492258272495 -0.12676461847976128 -0.9209741297242985 0.3896237295139663 4.216869357337164e-05 -1.4737650514463496 0.00014033023994031567 0.00022347670817306396 0.9999999651827923 0.591858863550587
1.0 0.0 0.0 0.0 0.0 1.0 0.0 0.0 0.0 0.0 1.0 0.0
-0.5119618870475069 0.859008132338754 -0.00023406546174091608 -0.719555310474461 -0.859008160399275 -0.5119618400321699 0.00023391949125703244 -0.7211516945894374 8.110616082148043e-05 0.00032082200586424264 0.9999999452475138 0.17692356906650453
0.38961562216704526 0.9209775531009201 -0.00011682306505655222 -0.12689660269535974 -0.9209775580691304 0.3896156272354279 2.3387284790116292e-05 -1.473909066174734 6.705525608714566e-05 9.847936966762944e-05 0.9999999929027029 0.5919229687886409
1.0 0.0 0.0 0.0 0.0 1.0 0.0 0.0 0.0 0.0 1.0 0.0
-0.5119576607371211 0.8590106231815803 -0.00032073940648910123 -0.719312517375986 -0.8590106819069899 -0.5119576050098995 0.00024298604066862753 -0.7208011909728391 4.452261184076154e-05 0.000399917141255156 0.999999919042005 0.17638022706859813
0.38961416028402834 0.9209781782559401 3.5812596537128616e-05 -0.12669824894184334 -0.9209781785900251 0.38961416092681167 -1.2895614155576738e-05 -1.4734764007612142 -2.582967398294175e-05 -2.795830604877923e-05 0.9999999992755809 0.5912208983940743
