1.0 0.0 0.0 0.0 0.0 1.0 0.0 0.0 0.0 0.0 1.0 0.0
0.9411957946747501 -0.33786162232741845 1.5647693711515818e-05 -0.4651192916427789 0.3378616226690562 0.941195793094757 -5.466410318010577e-05 -1.045068448121512 3.7413590905900977e-06 5.6736379221183854e-05 0.9999999983834928 0.10492651522847851
-0.1311833755499902 -0.9913581197937562 -1.727132613837863e-05 -0.5440666277117145 0.9913581139131614 -0.13118337665373672 0.0001080197350385918 0.6513867735204983 -0.0001093519523105981 -2.9516758369440335e-06 0.9999999940167191 -0.2601638963535685
1.0 0.0 0.0 0.0 0.0 1.0 0.0 0.0 0.0 0.0 1.0 0.0
0.941195707761291 -0.3378618644565126 1.541723311866402e-05 -0.46508708568096324 0.33786186473491064 0.9411957075279388 -2.210954065691813e-05 -1.0450764365630199 -7.040663004620525e-06 2.601829989739035e-05 0.9999999996367386 0.10501363637000505
-0.13118393284838403 -0.9913580460484106 -1.7248436818534392e-05 -0.5440452035472845 0.9913580396188881 -0.13118393396242356 0.00011292978918457282 0.6513341357887428 -0.00011421657294323435 -2.2848026299412868e-06 0.999999993474677 -0.2601588479730238
1.0 0.0 0.0 0.0 0.0 1.0 0.0 0.0 0.0 0.0 1.0 0.0
0.9411952375906347 -0.3378631741873078 1.6272230049631745e-05 -0.4651059967405047 0.3378631745791527 0.9411952364883672 -4.555110540702781e-05 -1.0451888945405696 7.469565080291946e-08 4.837027077813483e-05 0.9999999988301556 0.1050030492457612
-0.13118546752917923 -0.9913578429638877 -1.741086711444469e-05 -0.5440535865344884 0.9913578353526594 -0.13118546867957026 0.0001228503537453325 0.6513076988144397 -0.00012407271445885024 -1.1442184419820094e-06 0.9999999923023261 -0.26014033580600937
1.0 0.0 0.0 0.0 0.0 1.0 0.0 0.0 0.0 0.0 1.0 0.0
0.941196159977316 -0.3378606047010895 1.532868801132089e-05 -0.4651208101024764 0.3378606049993815 0.9411961596470518 -2.5594790687192535e-05 -1.0449945923123591 -5.7798308299101615e-06 2.9268678515560847e-05 0.999999999554969 0.1049938043936045
-0.13118372915707158 -0.9913580729968782 -1.7560204026698783e-05 -0.5440074391602394 0.9913580658411794 -0.13118373032028102 0.00011912552425689696 0.6513682762836983 -0.00012039966324146884 -1.781119389873626e-06 0.9999999927503743 -0.260181824649504
1.0 0.0 0.0 0.0 0.0 1.0 0.0 0.0 0.0 0.0 1.0 0.0
0.9411959877113762 -0.33786108458303826 1.5504189440375617e-05 -0.4651059870311798 0.33786108493785083 0.9411959866104184 -4.553084996504065e-05 -1.0450151166441057 7.906214742468824e-07 4.8091715569591595e-05 0.9999999988432807 0.10494020204159649
-0.13118281681466423 -0.9913581937094341 -1.8377643484844955e-05 -0.5440409042299166 0.9913581851182653 -0.13118281809735627 0.00013051840415272971 0.6514743815737738 -0.00013180132044901912 -1.0970553889763287e-06 0.9999999913136043 -0.26022575774565315
1.0 0.0 0.0 0.0 0.0 1.0 0.0 0.0 0.0 0.0 1.0 0.0
0.9411973221504413 -0.337857367129277 1.5915750452291956e-05 -0.4651252409444311 0.3378573674954676 0.9411973214197438 -3.7166276741027314e-05 -1.044696825284491 -2.4229612883606506e-06 4.035805369248317e-05 0.9999999991826782 0.10502178596007106
-0.13118215716162468 -0.9913582810154827 -1.744848390305696e-05 -0.5440229940368084 0.9913582761797735 -0.13118215824691187 9.801810876389213e-05 0.651509238995569 -9.94599935890992e-05 -4.4394719755351725e-06 0.9999999950440003 -0.26022617234109213
1.0 0.0 0.0 0.0 0.0 1.0 0.0 0.0 0.0 0.0 1.0 0.0
0.9411953620768091 -0.3378628273618561 1.7092603823476657e-05 -0.46509826363349305 0.3378628276190858 0.9411953587556038 -7.98131929716333e-05 -1.0452474026316825 1.0878431650468815e-05 8.089476251661489e-05 0.9999999966688486 0.10495057370457928
-0.13118465071414015 -0.9913579510575666 -1.7086615994075944e-05 -0.5440703487520722 0.9913579481622291 -0.13118465164238605 7.608574459767128e-05 0.6512528694319286 -7.766970963596646e-05 -6.957670743552442e-06 0.9999999969595037 -0.26023975176495584
1.0 0.0 0.0 0.0 0.0 1.0 0.0 0.0 0.0 0.0 1.0 0.0
0.941196243231177 -0.337860372725387 1.6412871705113113e-05 -0.46513345065338285 0.33786037300967536 0.9411962405379881 -7.174204208338377e-05 -1.0449797251951911 8.791059933087531e-06 7.306859944706242e-05 0.9999999972918485 0.10491685356986591
-0.13118314084158142 -0.9913581508578027 -1.6933281432013045e-05 -0.5440455020048773 0.9913581474847839 -0.13118314179588425 8.200059752822196e-05 0.6514296981158108 -8.351332179397838e-05 -6.029850576640533e-06 0.9999999964945829 -0.26019831843427177
1.0 0.0 0.0 0.0 0.0 1.0 0.0 0.0 0.0 0.0 1.0 0.0
0.9411962743047168 -0.3378602861737411 1.6171521500449996e-05 -0.46512709833287147 0.337860286560675 0.9411962731919834 -4.576743883692107e-05 -1.0449802038586942 2.4242421481385346e-07 4.853985780604364e-05 0.9999999988219116 0.10500594196498503
-0.1311838517818115 -0.9913580567817203 -1.690143605026379e-05 -0.5440180707428084 0.9913580506856108 -0.13118385284989595 0.00010996491235858964 0.6513275141666806 -0.00011123179732975415 -2.3297539325276175e-06 0.9999999938110297 -0.26012804514056487
1.0 0.0 0.0 0.0 0.0 1.0 0.0 0.0 0.0 0.0 1.0 0.0
0.9411962456792213 -0.33786036590371127 1.6454466938205836e-05 -0.4651406431547116 0.337860366030594 0.9411962418395857 -8.609711757910436e-05 -1.0449994494516668 1.3601921204817786e-05 8.65935960518358e-05 0.9999999961582684 0.1048634564250589
-0.13118410131812877 -0.9913580237675401 -1.652490449455882e-05 -0.5441457596371748 0.9913580205606158 -0.1311841022265664 7.995716548641664e-05 0.6513421300763911 -8.143398232316634e-05 -5.8929877113985436e-06 0.9999999966668894 -0.2601374978148284
1.0 0.0 0.0 0.0 0.0 1.0 0.0 0.0 0.0 0.0 1.0 0.0
0.9411963477660132 -0.3378600815075751 1.660157967979767e-05 -0.4651291934977877 0.33786008178320104 0.941196344886459 -7.422814752643204e-05 -1.0449724144453985 9.45338185946986e-06 7.547227242166182e-05 0.9999999971072848 0.10491546795194329
-0.13118421562452895 -0.9913580086496159 -1.60388701352581e-05 -0.5440677302497221 0.9913580073281782 -0.13118421629072313 5.1985505526446256e-05 0.65136366269269 -5.364029384622461e-05 -9.080584570753275e-06 0.999999998520131 -0.26017334952047466
1.0 0.0 0.0 0.0 0.0 1.0 0.0 0.0 0.0 0.0 1.0 0.0
0.9411961748772545 -0.33786056313620383 1.6544231586838847e-05 -0.46511981113573597 0.33786056345135096 0.9411961723686035 -6.915942191296159e-05 -1.044971673991125 7.794873789375267e-06 7.068222676700109e-05 0.9999999974716313 0.10494298427453308
-0.1311818334717822 -0.9913583238617109 -1.6645739068920576e-05 -0.5440443948579485 0.9913583182232221 -0.13118183450156565 0.00010576591553723493 0.6515364206251242 -0.00010703553933638899 -2.6273251699515563e-06 0.9999999942682454 -0.2600842869643427
1.0 0.0 0.0 0.0 0.0 1.0 0.0 0.0 0.0 0.0 1.0 0.0
0.9411957786166046 -0.33786166707172255 1.542072566049214e-05 -0.4651418032037071 0.3378616674036622 0.9411957780769472 -3.208343660760911e-05 -1.0450575490844902 -3.6741585089016896e-06 3.540686718282264e-05 0.9999999993664271 0.10498916552976834
-0.13118346404268996 -0.9913581080783622 -1.7579842412289444e-05 -0.5440668942040077 0.9913580992017555 -0.13118346522062113 0.00013266421098320592 0.6514526244160881 -0.00013382392585569645 -2.456840684656299e-08 0.9999999910455781 -0.2600987873390175
1.0 0.0 0.0 0.0 0.0 1.0 0.0 0.0 0.0 0.0 1.0 0.0
0.9411962744641471 -0.3378602857487972 1.5765495210304067e-05 -0.46508920723567826 0.3378602861165854 0.9411962734159651 -4.441978766170091e-05 -1.0449824766816342 1.6925681178748827e-07 4.7134273382203736e-05 0.9999999988891656 0.10495826458854063
-0.1311845613475646 -0.991357962886667 -1.6889193449385532e-05 -0.5439756627959156 0.991357956535508 -0.131184562419205 0.00011223468021331515 0.6513184993222221 -0.00011348034539377955 -2.0197790137478997e-06 0.9999999935590659 -0.2601018796611715
1.0 0.0 0.0 0.0 0.0 1.0 0.0 0.0 0.0 0.0 1.0 0.0
0.9411960114020891 -0.3378610185733421 1.579183281689313e-05 -0.46507586816835556 0.3378610189049051 0.9411960109658902 -2.9093548194565233e-05 -1.0449767127923364 -5.033634226171985e-06 3.2718176244149924e-05 0.9999999994520917 0.10502194473581938
-0.13118350618927827 -0.9913581025173506 -1.6645907855841465e-05 -0.5439525587742082 0.9913580955758554 -0.1311835072406712 0.00011732113674951682 0.6514451653219675 -0.00011849092808691457 -1.1114574421848246e-06 0.9999999929793322 -0.26007014634095493
1.0 0.0 0.0 0.0 0.0 1.0 0.0 0.0 0.0 0.0 1.0 0.0
0.9411961936087295 -0.3378605110132859 1.530622038061758e-05 -0.46507549647265023 0.3378605113526424 0.9411961929213188 -3.6040898283308015e-05 -1.044969264279354 -2.2293600388762233e-06 3.9092923723159145e-05 0.9999999992333866 0.10494531169392018
-0.1311828239232115 -0.9913581927876004 -1.733305129667627e-05 -0.5440161262981889 0.991358186608346 -0.13118282504136683 0.00011071936627349879 0.6514733761757059 -0.00011203634949116972 -2.6587831711165427e-06 0.9999999937203936 -0.2601812613489478
1.0 0.0 0.0 0.0 0.0 1.0 0.0 0.0 0.0 0.0 1.0 0.0
0.9411957615385005 -0.33786171467179404 1.4865986874479212e-05 -0.4650947276726498 0.33786171490135497 0.9411957614128518 -1.738960251815439e-05 -1.0450892726833607 -8.11652291123425e-06 2.1389668004039123e-05 0.9999999997383021 0.10500893079154838
-0.13118525074736995 -0.9913578716544271 -1.718004017516614e-05 -0.5440503908045855 0.9913578647860996 -0.1311852518610301 0.00011670862693150916 0.6512798048901653 -0.00011795378389589262 -1.721117456600837e-06 0.9999999930419713 -0.2600966032191847
1.0 0.0 0.0 0.0 0.0 1.0 0.0 0.0 0.0 0.0 1.0 0.0
0.941196686715648 -0.33785913732170253 1.5611580123305934e-05 -0.46511837078594453 0.337859137680094 0.9411966858747334 -3.9805551166261756e-05 -1.044854216320303 -1.2448982956754423e-06 4.273936786885916e-05 0.9999999990858984 0.10498080158393852
-0.13118075883747526 -0.9913584660567264 -1.6984653074895448e-05 -0.5440500111556474 0.9913584625689147 -0.13118075980426747 8.33676892040984e-05 0.6515950876522636 -8.48753241834448e-05 -5.901642827274515e-06 0.9999999963806748 -0.2602130009562904
1.0 0.0 0.0 0.0 0.0 1.0 0.0 0.0 0.0 0.0 1.0 0.0
0.9411948662324117 -0.3378642087277622 1.5443968425151775e-05 -0.4650805716074444 0.33786420907529474 0.9411948649744709 -4.869920451847548e-05 -1.0453048351099472 1.9179344237250885e-06 5.105340545933812e-05 0.9999999986949357 0.10493319776686405
-0.131187242068789 -0.9913576081353169 -1.76240916462483e-05 -0.5440447352064268 0.9913576032174659 -0.1311872431753039 9.884829444739397e-05 0.6511434000935248 -0.00010030606474816467 -4.50414212155245e-06 0.9999999949592029 -0.2602273223784508
1.0 0.0 0.0 0.0 0.0 1.0 0.0 0.0 0.0 0.0 1.0 0.0
0.9411966248572087 -0.33785930965418914 1.540755736186083e-05 -0.46512808567736386 0.33785930995866625 0.9411966245074113 -2.6269922434231916e-05 -1.044859120423418 -5.626003122589196e-06 2.993074902878633e-05 0.9999999995362491 0.10499800666802384
-0.13118222957420586 -0.9913582714356513 -1.732218954682908e-05 -0.5440829989839671 0.9913582661216495 -0.1311822306657393 0.00010271240383037587 0.6515027550371464 -0.00010409715458105133 -3.6984536551800377e-06 0.999999994575052 -0.2601864952777161
