1.0 0.0 0.0 0.0 0.0 1.0 0.0 0.0 0.0 0.0 1.0 0.0
0.8297976790338777 -0.5580642458107803 0.0003307833666664527 -0.6814390531260806 0.5580642684225203 0.8297977292829499 2.8051716656703663e-05 -1.144443596083054 -0.00029013794664411096 0.0001613211281503984 0.9999999448977313 0.09866602629303428
0.34536582446522107 0.9384681386417117 -6.768978849694923e-06 -1.4268974754898238 -0.9384681386656697 0.3453658244631603 -1.5081350367896321e-06 -2.233775167422017 9.22437280405634e-07 6.873329282128927e-06 0.9999999999759531 0.30174844638929504
1.0 0.0 0.0 0.0 0.0 1.0 0.0 0.0 0.0 0.0 1.0 0.0
0.8298030193002299 -0.5580562978277339 0.0003429504715009574 -0.6815903689515395 0.5580563191077267 0.8298030749395637 3.9048431320923255e-05 -1.1444402270767764 -0.00030637257882240094 0.0001589831715530417 0.9999999404300952 0.09935613026929263
0.34537061312704714 0.9384663755953727 -3.827705257761672e-05 -1.427231211792165 -0.9384663763691949 0.34537061299228444 -1.0286201117784154e-05 -2.2340586382367604 3.5665152306150184e-06 3.947427841740438e-05 0.999999999214531 0.30089990517438303
1.0 0.0 0.0 0.0 0.0 1.0 0.0 0.0 0.0 0.0 1.0 0.0
0.8298084015760314 -0.5580480905243533 0.0005876529197364255 -0.681769342227609 0.558048238864589 0.8298085020618888 -0.00011404356320577683 -1.1444648211893647 -0.0004239975963752039 0.00042257298381636796 0.9999998208290398 0.09999241593739655
0.34535940613642396 0.9384704696109378 -0.00024137382133887264 -1.4272609755970613 -0.938470480372169 0.34535944071945934 0.00011906289066010381 -2.2333920655405226 0.00019509773485293537 0.0001854027168498973 0.9999999637813526 0.3003291801372646
1.0 0.0 0.0 0.0 0.0 1.0 0.0 0.0 0.0 0.0 1.0 0.0
0.8297970112006415 -0.5580652380626154 0.00033206716110411694 -0.6815497646879862 0.5580652565798171 0.8297970640957127 4.2622047008740894e-05 -1.144721782415683 -0.00029933423817743275 0.00014994749824418646 0.9999999439573792 0.09920229598676134
0.34536162913319846 0.9384696823977966 -1.8510582425806216e-05 -1.427127860781873 -0.938469682576055 0.34536162900476247 -9.837465395534265e-06 -2.2337054622415202 -2.8393181249453474e-06 2.0769103488985858e-05 0.9999999997802914 0.30113789655809736
1.0 0.0 0.0 0.0 0.0 1.0 0.0 0.0 0.0 0.0 1.0 0.0
0.8297988467947277 -0.5580624989488522 0.00034803031896591145 -0.6816749240807543 0.5580625266319442 0.8297989009021026 2.075652210105618e-05 -1.1442914692685218 -0.00030037861275172476 0.00017699894104371595 0.9999999392220303 0.09892943682794869
0.34536291850879464 0.9384692076426744 -2.8733569793805065e-05 -1.4272412631557305 -0.9384692079552447 0.34536291880437725 5.897115937086469e-06 -2.233916101664118 1.5457771252505675e-05 2.4928925315292066e-05 0.9999999995698031 0.3014021305400228
1.0 0.0 0.0 0.0 0.0 1.0 0.0 0.0 0.0 0.0 1.0 0.0
0.8297988467947277 -0.5580624989488522 0.00034803031896591145 -0.6816749240807543 0.5580625266319442 0.8297989009021026 2.075652210105618e-05 -1.1442914692685218 -0.00030037861275172476 0.00017699894104371595 0.9999999392220303 0.09892943682794869
0.34536291850879464 0.9384692076426744 -2.8733569793805065e-05 -1.4272412631557305 -0.9384692079552447 0.34536291880437725 5.897115937086469e-06 -2.233916101664118 1.5457771252505675e-05 2.4928925315292066e-05 0.9999999995698031 0.3014021305400228
1.0 0.0 0.0 0.0 0.0 1.0 0.0 0.0 0.0 0.0 1.0 0.0
0.8297991622264953 -0.5580620345653188 0.0003405070094386983 -0.6815979292950551 0.5580620603897226 0.8297992144144696 2.259882477278738e-05 -1.1443119467805154 -0.00029516399506634034 0.00017127155740074087 0.999999941772133 0.09883848713172616
0.3453571751129402 0.9384713213462764 -2.4669513743008418e-05 -1.4271114848603546 -0.9384713215604874 0.34535717535566196 6.2347349936155244e-06 -2.2336397943351223 1.4370913571393543e-05 2.0998420699693697e-05 0.9999999996762716 0.3014448945499306
1.0 0.0 0.0 0.0 0.0 1.0 0.0 0.0 0.0 0.0 1.0 0.0
0.8297980427149408 -0.5580637275192292 0.00029040281897080577 -0.6814708504475462 0.5580637400870623 0.829798083947535 4.332482592601134e-05 -1.1440176613957806 -0.0002651537166053219 0.00012611242753228808 0.9999999568945801 0.09806468785417805
0.3453616545299724 0.938469673119602 -1.4666556849277243e-05 -1.4268413477416857 -0.938469673184701 0.34536165463010315 4.874167172567201e-06 -2.23378679437589 9.639524414368454e-06 1.2080768373919603e-05 0.9999999998805673 0.3016008421709434
1.0 0.0 0.0 0.0 0.0 1.0 0.0 0.0 0.0 0.0 1.0 0.0
0.8298056136580537 -0.5580524388907112 0.00034494885253731573 -0.6816303146442877 0.5580524661753119 0.829805666758665 2.0269703804270785e-05 -1.1440973407682016 -0.0002975520702209252 0.00017567964385881689 0.9999999402997124 0.09890125015609869
0.3453699754666644 0.9384666102063538 -3.96730608539573e-05 -1.4272300333643795 -0.9384666108636639 0.3453699759222312 5.054294760139603e-06 -2.2339907877656904 1.8445170942429632e-05 3.548624130489652e-05 0.9999999992002511 0.30129261693854814
1.0 0.0 0.0 0.0 0.0 1.0 0.0 0.0 0.0 0.0 1.0 0.0
0.8298064042664811 -0.5580496572703526 0.0013825551618839684 -0.682369135426125 0.5580507922484194 0.8298065633534782 -0.0006169978947711644 -1.1447626135942386 -0.000802937883815968 0.0012835248079165278 0.9999988539267544 0.10275588759000187
0.34535568975740943 0.9384716197628746 0.0006829727885600337 -1.427781014761491 -0.9384716299133175 0.34535602927671555 -0.00046140011025743295 -2.233416441468762 -0.0006688796791932009 -0.0004816034327342772 0.9999996603289963 0.30346700708977176
1.0 0.0 0.0 0.0 0.0 1.0 0.0 0.0 0.0 0.0 1.0 0.0
0.8297821498797613 -0.5580867460497444 -0.0008761418434859023 -0.680206363892303 0.558087379966211 0.8297817367400808 0.0008635363718466049 -1.145981280596196 0.00024507829665893323 -0.0012055107730401227 0.9999992433399162 0.09707613170127782
0.34536207463740715 0.9384692062544202 0.000765711658454107 -1.4270918572587377 -0.9384692031865295 0.3453625125735809 -0.0005381257316792953 -2.2333840508173424 -0.0007694625305447436 -0.0005327485908715209 0.9999995620530804 0.30269347531524404
1.0 0.0 0.0 0.0 0.0 1.0 0.0 0.0 0.0 0.0 1.0 0.0
0.8297972153668959 -0.5580649314985147 0.0003370473337143361 -0.6814680765859755 0.5580649561869158 0.8297972668534594 2.446682733543774e-05 -1.1442970992234596 -0.00029333503463732717 0.00016779180033037823 0.999999942900233 0.09876368155455073
0.34536735138014896 0.9384675767182491 -7.016976164027679e-06 -1.4270071448913662 -0.9384675767437392 0.34536735137963254 -1.32367931934015e-06 -2.2340332825201976 1.1812043492801312e-06 7.042360237315944e-06 0.9999999999745051 0.3017442304010892
1.0 0.0 0.0 0.0 0.0 1.0 0.0 0.0 0.0 0.0 1.0 0.0
0.8297991622264953 -0.5580620345653188 0.0003405070094386983 -0.6815979292950551 0.5580620603897226 0.8297992144144696 2.259882477278738e-05 -1.1443119467805154 -0.00029516399506634034 0.00017127155740074087 0.999999941772133 0.09883848713172616
0.3453571751129402 0.9384713213462764 -2.4669513743008418e-05 -1.4271114848603546 -0.9384713215604874 0.34535717535566196 6.2347349936155244e-06 -2.2336397943351223 1.4370913571393543e-05 2.0998420699693697e-05 0.9999999996762716 0.3014448945499306
1.0 0.0 0.0 0.0 0.0 1.0 0.0 0.0 0.0 0.0 1.0 0.0
0.829796680420999 -0.5580655425192717 0.0005651680830692464 -0.6816179701326668 0.5580656796947876 0.8297967733935924 -0.0001096009998567962 -1.1447662344473564 -0.00040781011031015797 0.0004063474562718224 0.9999998342863156 0.09984909809310005
0.34535958345357853 0.9384704323867883 -7.518328218491965e-05 -1.4270395195554215 -0.9384704324453016 0.34535958761395485 5.166284257581348e-05 -2.2333310894429275 7.44493175413049e-05 5.271502955273189e-05 0.9999999958392123 0.30195418951739417
1.0 0.0 0.0 0.0 0.0 1.0 0.0 0.0 0.0 0.0 1.0 0.0
0.8297976790338777 -0.5580642458107803 0.0003307833666664527 -0.6814390531260806 0.5580642684225203 0.8297977292829499 2.8051716656703663e-05 -1.144443596083054 -0.00029013794664411096 0.0001613211281503984 0.9999999448977313 0.09866602629303428
0.34536582446522107 0.9384681386417117 -6.768978849694923e-06 -1.4268974754898238 -0.9384681386656697 0.3453658244631603 -1.5081350367896321e-06 -2.233775167422017 9.22437280405634e-07 6.873329282128927e-06 0.9999999999759531 0.30174844638929504
1.0 0.0 0.0 0.0 0.0 1.0 0.0 0.0 0.0 0.0 1.0 0.0
0.8297963272127629 -0.558066256413772 0.0003298431870398003 -0.6815082582447509 0.5580662749928949 0.8297963792462494 4.1296124417590866e-05 -1.144648853265803 -0.00029674865588278406 0.00014980698635323997 0.9999999447490496 0.09918687623776007
0.34535723899048526 0.9384712980208578 -1.6368119532619855e-05 -1.4271133900728508 -0.9384712981605976 0.3453572388927501 -8.552112317591927e-06 -2.233646970334407 -2.373063379859634e-06 1.831454428376718e-05 0.999999999829473 0.3011558362290651
1.0 0.0 0.0 0.0 0.0 1.0 0.0 0.0 0.0 0.0 1.0 0.0
0.8298039712906281 -0.5580548915667206 0.00032745802443117744 -0.6817000980222989 0.5580549124382488 0.8298040212391221 3.223229699106486e-05 -1.1438372313890826 -0.00028971337646230706 0.0001559930711041377 0.9999999458661591 0.09859792448715693
0.3453716452289976 0.9384659953347663 -4.7666990928013446e-05 -1.427298028099706 -0.9384659961755852 0.3453716460732051 1.0528569570870558e-05 -2.234124236353124 2.6343531641946024e-05 4.109758073135154e-05 0.9999999988085035 0.3011549740772895
1.0 0.0 0.0 0.0 0.0 1.0 0.0 0.0 0.0 0.0 1.0 0.0
0.8298133182385193 -0.5580410296173187 0.0002571723563298076 -0.6813266904701791 0.5580410386873709 0.8298133509422448 4.169799122797734e-05 -1.1435511792743842 -0.00023667424473357916 0.00010891118038320044 0.9999999660618277 0.09772718965691446
0.3453582557414573 0.9384709239942565 2.9300682822699935e-06 -1.426816366711492 -0.9384709239898708 0.3453582557228341 5.4479414062716016e-06 -2.233696860697352 4.100811334301891e-06 -4.631275429661656e-06 0.9999999999808674 0.30179396066209674
1.0 0.0 0.0 0.0 0.0 1.0 0.0 0.0 0.0 0.0 1.0 0.0
0.8298065574549197 -0.5580510327367236 0.0003493798673633974 -0.6818563884978026 0.5580510544813585 0.8298066153760743 4.086989863250451e-05 -1.1444635089372444 -0.0003127252143570723 0.00016105769350892275 0.9999999381316781 0.09941957989079836
0.3453662994609912 0.9384679636874174 -1.8138733051298802e-05 -1.4270405562791275 -0.938467963819205 0.34536629919436407 -1.6304117231627097e-05 -2.233690544672541 -9.036384592078409e-06 2.2653512507181488e-05 0.999999999702581 0.30122186586631466
1.0 0.0 0.0 0.0 0.0 1.0 0.0 0.0 0.0 0.0 1.0 0.0
0.8298014021543159 -0.5580587067528303 0.0003358572470969921 -0.6818519469219115 0.5580587305097457 0.8298014537073249 2.6964087009124357e-05 -1.1443128286791069 -0.0002937423754043003 0.0001650532317394537 0.9999999432364223 0.09874608688935677
0.3453613664830253 0.9384697792352538 1.7639401210445219e-06 -1.427107407045261 -0.9384697792138816 0.34536136648710825 -6.356580041971399e-06 -2.233661873040635 -6.574655039284947e-06 5.399126735108064e-07 0.9999999999782411 0.30185044699674946
