1.0 0.0 0.0 0.0 0.0 1.0 0.0 0.0 0.0 0.0 1.0 0.0
-0.9299694149600524 0.3676368943434834 -3.40049431844445e-05 -0.6039813338080511 -0.3676368940186575 -0.9299694155796315 -1.5581813304950875e-05 0.7842999905928139 -3.735200659172378e-05 -1.9891381096107546e-06 0.9999999993004354 0.49219587821059346
0.462302432361722 0.8867223111620697 6.260857553861157e-05 0.679794711284742 -0.886722313194053 0.4623024325323728 1.2587268479946655e-05 0.5301021238551371 -1.7782684971134077e-05 -6.133554576246003e-05 0.9999999979608635 0.2119808046252874
1.0 0.0 0.0 0.0 0.0 1.0 0.0 0.0 0.0 0.0 1.0 0.0
-0.9299702829859723 0.3676346985500642 -3.442375295950188e-05 -0.6039241437999165 -0.36763469823268136 -0.9299702836216549 -1.5363099056698565e-05 0.7843332651435624 -3.76610755935703e-05 -1.6318595459983712e-06 0.9999999992894902 0.49218889091500295
0.46230190161705587 0.8867225881228886 5.893981689808521e-05 0.6797644836264107 -0.8867225899196174 0.46230190178229474 1.1606933617397261e-05 0.5301406491717913 -1.6955859225298783e-05 -5.762917457253959e-05 0.9999999981956887 0.2120318720824116
1.0 0.0 0.0 0.0 0.0 1.0 0.0 0.0 0.0 0.0 1.0 0.0
-0.9299693048415687 0.36763717287967507 -3.4198409814781245e-05 -0.6039999327736068 -0.3676371725297005 -0.9299693054669287 -1.6239668956380946e-05 0.7842959466511275 -3.777377740713469e-05 -2.529786960908722e-06 0.9999999992833709 0.49221971305511775
0.4623015197129069 0.8867227871337666 6.04058033457283e-05 0.6797941748598451 -0.8867227890126547 0.46230151991439483 1.142189417728935e-05 0.5300995390927064 -1.7797640859146606e-05 -5.884356145142688e-05 0.9999999981103397 0.21201224922031053
1.0 0.0 0.0 0.0 0.0 1.0 0.0 0.0 0.0 0.0 1.0 0.0
-0.929969689162714 0.36763620066799213 -3.4597813067690074e-05 -0.6039650159138708 -0.36763620029888977 -0.9299696898019992 -1.671431219582134e-05 0.7843178115751499 -3.831970371882826e-05 -2.8243951824574225e-06 0.9999999992618115 0.4922767055833984
0.46230174985364214 0.8867226669975113 6.257061583925855e-05 0.6798263393320676 -0.8867226690178196 0.46230175005539687 1.206782633477533e-05 0.5301271439828312 -1.8225690052100377e-05 -6.106176071058334e-05 0.9999999979696428 0.21200790291762317
1.0 0.0 0.0 0.0 0.0 1.0 0.0 0.0 0.0 0.0 1.0 0.0
-0.9299698069297899 0.3676359025032465 -3.7277238400630694e-05 -0.6039596109698002 -0.3676359021392834 -0.9299698076755655 -1.6434925072882102e-05 0.7843086048028098 -4.070877473785438e-05 -1.5795329282547993e-06 0.9999999991701505 0.49222402087108125
0.4622997167401441 0.8867237272781193 5.8171998962637514e-05 0.6798917367617467 -0.8867237290458336 0.46229971683963766 1.2531636634535773e-05 0.530080405336605 -1.5780799102951705e-05 -5.737586391263498e-05 0.9999999982294883 0.21200765666856397
1.0 0.0 0.0 0.0 0.0 1.0 0.0 0.0 0.0 0.0 1.0 0.0
-0.929969303729003 0.3676371763169015 -2.6674495683778182e-05 -0.603970137274096 -0.36763717608822366 -0.9299693041082807 -1.3199862848751736e-05 0.784284521873392 -2.965922249396971e-05 -2.468930996011667e-06 0.9999999995571173 0.4921070188294298
0.46230134270861983 0.8867228797303583 5.5610321670157055e-05 0.6797621983812894 -0.8867228813234345 0.46230134287717495 1.0555941804644371e-05 0.5301128031445259 -1.6348531270668307e-05 -5.419097073252878e-05 0.999999998398032 0.21202281410167018
1.0 0.0 0.0 0.0 0.0 1.0 0.0 0.0 0.0 0.0 1.0 0.0
-0.9299694277001846 0.3676368621406558 -3.373964159151448e-05 -0.6040429066063133 -0.36763686183494265 -0.9299694283108169 -1.5080027286505257e-05 0.7843218961524059 -3.692080911488168e-05 -1.620028391189444e-06 0.9999999993171148 0.49215903843698583
0.4623025179285094 0.8867222670657217 5.483419185459419e-05 0.6797298122052973 -0.8867222686075504 0.462302518115572 9.974047858416523e-06 0.5300823799600032 -1.6505774644375875e-05 -5.323372643746319e-05 0.9999999984468652 0.21202463772337243
1.0 0.0 0.0 0.0 0.0 1.0 0.0 0.0 0.0 0.0 1.0 0.0
-0.9299700819370751 0.36763520725338245 -3.3010801219710164e-05 -0.6039100551049472 -0.36763520695093116 -0.9299700825211469 -1.5025258301019651e-05 0.7842477696482391 -3.622287148390606e-05 -1.8371079553031185e-06 0.9999999993422642 0.49215709526588314
0.46229867167326594 0.88672427252731 5.176916651524739e-05 0.6799411161571391 -0.8867242738924505 0.46229867186892526 8.83936554428155e-06 0.5300030860651894 -1.609473694190477e-05 -4.99914035378056e-05 0.9999999986209096 0.21207795926916184
1.0 0.0 0.0 0.0 0.0 1.0 0.0 0.0 0.0 0.0 1.0 0.0
-0.929970001133639 0.36763541087717816 -4.075128700019388e-05 -0.6039687953918307 -0.3676354104317494 -0.9299700020244657 -1.8201503705056232e-05 0.7843153846845397 -4.4588991747263056e-05 -1.945236299286358e-06 0.999999999004019 0.49224621774752003
0.4623014274285011 0.8867228357277108 5.288268040284391e-05 0.6797586883580484 -0.8867228371219354 0.4623014277217314 7.271533198516294e-06 0.5300879509284186 -1.799990411410922e-05 -5.025392057869578e-05 0.9999999985752734 0.21208826180666124
1.0 0.0 0.0 0.0 0.0 1.0 0.0 0.0 0.0 0.0 1.0 0.0
-0.9299694866243169 0.3676367129904357 -3.477489735351363e-05 -0.6039923044436568 -0.3676367126214477 -0.9299694872704458 -1.669848905787332e-05 0.7843041080501578 -3.847857109086568e-05 -2.744556351758223e-06 0.9999999992559334 0.4922442155315015
0.46230271947889917 0.8867221620781028 5.330993013009443e-05 0.6797251152713075 -0.8867221635127991 0.4623027197255523 8.338989052012269e-06 0.530081297801825 -1.7250959285774638e-05 -5.112623389811398e-05 0.9999999985442565 0.2120914216387491
1.0 0.0 0.0 0.0 0.0 1.0 0.0 0.0 0.0 0.0 1.0 0.0
-0.9299698146680008 0.3676358827908344 -3.861304961452497e-05 -0.6039346503509551 -0.3676358824056336 -0.929969815468382 -1.6897755714007534e-05 0.7843302831536398 -4.212119196379777e-05 -1.518860182252158e-06 0.9999999991117491 0.49223352011960464
0.46230236155028503 0.8867223484567271 5.702996062551686e-05 0.679772599412283 -0.8867223501417659 0.46230236169520306 1.1406206380094374e-05 0.5300614798274736 -1.6250947376221517e-05 -5.5842856860198875e-05 0.999999998308741 0.211995851720704
1.0 0.0 0.0 0.0 0.0 1.0 0.0 0.0 0.0 0.0 1.0 0.0
-0.9299697429231963 0.36763606497264917 -3.128563238937604e-05 -0.6039598767674725 -0.3676360646679093 -0.9299697434457187 -1.5198575926994852e-05 0.7842819916388883 -3.468223617367364e-05 -2.6324889753470676e-06 0.9999999993951064 0.49219195751048506
0.46230230182231324 0.8867223794965956 5.85635156710099e-05 0.6797954249017713 -0.8867223812891725 0.4623023019195559 1.2678281079527386e-05 0.5300595839081979 -1.5831932536443256e-05 -5.779077859866797e-05 0.9999999982047879 0.2119812959935794
1.0 0.0 0.0 0.0 0.0 1.0 0.0 0.0 0.0 0.0 1.0 0.0
-0.9299692840650943 0.36763722588403286 -2.8978428638380777e-05 -0.6040255224185636 -0.36763722568628565 -0.9299692845164104 -1.2071722353812039e-05 0.7843242737694069 -3.1387063065037746e-05 -5.727818854448829e-07 0.999999999507262 0.4920596611980251
0.4623013782541212 0.8867228609664871 5.919246569676336e-05 0.6798142193420911 -0.8867228627940968 0.46230137836678464 1.2586161013609978e-05 0.5301101582713201 -1.6204321777967216e-05 -5.830591222200098e-05 0.9999999981689203 0.21196923051861621
1.0 0.0 0.0 0.0 0.0 1.0 0.0 0.0 0.0 0.0 1.0 0.0
-0.9299693959130276 0.36763694260210955 -3.315617722734358e-05 -0.6040248394684045 -0.3676369422981236 -0.9299693965023125 -1.506025295191912e-05 0.784308147877482 -3.63709354764895e-05 -1.8161387258385804e-06 0.9999999993369283 0.4921760408578188
0.46230068293739673 0.8867232233006951 6.176440716338393e-05 0.6797756546890477 -0.8867232252822851 0.46230068308946937 1.2648775172330196e-05 0.53008997088358 -1.7337764930633212e-05 -6.0615471728052604e-05 0.9999999980125832 0.2119694815161945
1.0 0.0 0.0 0.0 0.0 1.0 0.0 0.0 0.0 0.0 1.0 0.0
-0.9299696509315981 0.36763629737951564 -3.457226647536465e-05 -0.6039301378866186 -0.3676362970323888 -0.9299696515713771 -1.6140793488172312e-05 0.7843017370458298 -3.808510016287993e-05 -2.3004280589352052e-06 0.9999999992721166 0.4922278814973037
0.46229864694435135 0.8867242849604019 5.9117568309973385e-05 0.679954246324201 -0.88672428675814 0.4622986471434795 1.107149927889769e-05 0.5300402528075523 -1.7512604570592883e-05 -5.7539322730824465e-05 0.9999999981912676 0.21199192704864722
1.0 0.0 0.0 0.0 0.0 1.0 0.0 0.0 0.0 0.0 1.0 0.0
-0.9299707908559798 0.3676334133378331 -3.9398960079229684e-05 -0.603867010993651 -0.3676334129026129 -0.9299707916877521 -1.803421606599937e-05 0.7843043092754698 -4.3269862505768645e-05 -2.286920018624306e-06 0.9999999990612444 0.49226588828347917
0.4623026881206041 0.8867221779280781 6.104874871865903e-05 0.6797980631340321 -0.8867221798786671 0.46230268821658 1.3377160981284932e-05 0.5300963654945363 -1.6361175325073065e-05 -6.031757702374608e-05 0.999999998047051 0.2119337210822576
1.0 0.0 0.0 0.0 0.0 1.0 0.0 0.0 0.0 0.0 1.0 0.0
-0.9299698552088064 0.3676357804206627 -3.68429441262692e-05 -0.6039846178628947 -0.3676357800527346 -0.9299698559367815 -1.6551114607941143e-05 0.7842951105859761 -4.0347609377111155e-05 -1.8472531521921985e-06 0.999999999184329 0.49223931380732333
0.46230116005009886 0.8867229744090996 6.3807623387709e-05 0.6798264361417612 -0.8867229765224623 0.4623011602176355 1.2983582005029112e-05 0.5300833649286361 -1.7985497868884125e-05 -6.258201075771578e-05 0.999999997880007 0.21200764277720696
1.0 0.0 0.0 0.0 0.0 1.0 0.0 0.0 0.0 0.0 1.0 0.0
-0.9299696737517085 0.36763623997392053 -3.098353912967865e-05 -0.6039942977242534 -0.3676362396675017 -0.9299696742635951 -1.527097219350013e-05 0.7843003461892266 -3.442791458991318e-05 -2.8108692114349386e-06 0.9999999994034089 0.49220483460450587
0.462301062141194 0.8867230256261714 6.137989941437399e-05 0.679829654272146 -0.8867230275829897 0.4623010622919944 1.2559831026013584e-05 0.5300986335701978 -1.7238901333898773e-05 -6.023339346509408e-05 0.9999999980373794 0.21197944098429117
1.0 0.0 0.0 0.0 0.0 1.0 0.0 0.0 0.0 0.0 1.0 0.0
-0.9299703456785537 0.3676345397750162 -3.6372021867815735e-05 -0.6038918511379476 -0.3676345394518875 -0.929970346389296 -1.5445770216853182e-05 0.7843020779738055 -3.950330040042638e-05 -9.924967595299324e-07 0.999999999219252 0.4921561093883218
0.4622983295637944 0.8867244506040902 5.642161941811716e-05 0.679974927381668 -0.8867244522460719 0.4622983297303644 1.0835979541516796e-05 0.5300360202508507 -1.647509241196937e-05 -5.503988481459494e-05 0.9999999983495911 0.21202033969981265
1.0 0.0 0.0 0.0 0.0 1.0 0.0 0.0 0.0 0.0 1.0 0.0
-0.9299695586434147 0.3676365308780262 -3.406673205739775e-05 -0.6039965620790348 -0.367636530530738 -0.929969559263968 -1.6177237549514955e-05 0.7843024868121162 -3.7628367288873814e-05 -2.520163283887547e-06 0.9999999992888774 0.49220442953545496
0.46230002223322153 0.8867235676618814 6.321509127307665e-05 0.6798693763447607 -0.88672356971719 0.46230002246180835 1.182433075600374e-05 0.5300737543878462 -1.87394253622886e-05 -6.152069976505445e-05 0.9999999979320188 0.21196644357133543
