1.0 0.0 0.0 0.0 0.0 1.0 0.0 0.0 0.0 0.0 1.0 0.0
-0.9299701635833117 0.36763499980940806 -4.195194186987406e-05 -0.6039514819426963 -0.36763499927792415 -0.9299701645240532 -2.0025628789305514e-05 0.7843100924437891 -4.637617631896766e-05 -3.200235162007578e-06 0.9999999989195044 0.49234691010370485
0.462301874562775 0.8867226022580886 5.848408269023748e-05 0.6798060715011416 -0.8867226040446751 0.4623018746638718 1.258970585093974e-05 0.5300316571335131 -1.587372433188663e-05 -5.7679402713336414e-05 0.9999999982105557 0.2119614344566753
1.0 0.0 0.0 0.0 0.0 1.0 0.0 0.0 0.0 0.0 1.0 0.0
-0.929969675305707 0.36763623530952716 -3.871995890097407e-05 -0.6039946298528909 -0.36763623493839803 -0.9299696761110436 -1.656018753371869e-05 0.7843401834488546 -4.209651263909455e-05 -1.1656123164087028e-06 0.9999999991132624 0.4922198554673272
0.46230341646877443 0.8867217983969897 5.804229610157942e-05 0.6797422636660562 -0.8867218001354955 0.4623034166422469 1.119693317240091e-05 0.5300488973853135 -1.69045870783597e-05 -5.664374974277465e-05 0.9999999982528603 0.21199676003744666
1.0 0.0 0.0 0.0 0.0 1.0 0.0 0.0 0.0 0.0 1.0 0.0
-0.9299695482079104 0.3676365572366172 -3.448452604050685e-05 -0.6040419432474007 -0.36763655693107294 -0.929969548846348 -1.5046164458102743e-05 0.784331366438483 -3.7601079225061795e-05 -1.314702342437018e-06 0.9999999992922151 0.4921751677728732
0.4623016001269468 0.8867227451401419 6.141005954055496e-05 0.6798105306823867 -0.8867227471190522 0.4623016002048382 1.3772740340229739e-05 0.5301153322476786 -1.6177366671683997e-05 -6.0820856593966396e-05 0.9999999980195581 0.21190495211807903
1.0 0.0 0.0 0.0 0.0 1.0 0.0 0.0 0.0 0.0 1.0 0.0
-0.9299698199833528 0.3676358694341596 -3.775605633734846e-05 -0.6039964774414046 -0.3676358690757738 -0.9299698207489311 -1.6281941080528913e-05 0.7843220595193365 -4.109781850944629e-05 -1.2612332311838265e-06 0.9999999991546893 0.49216793991707686
0.4623012307362651 0.886722937709937 6.16343492892576e-05 0.6798192707462603 -0.8867229396792832 0.46230123090127034 1.2397590392408349e-05 0.5300898855219884 -1.7500407768939036e-05 -6.038401268355992e-05 0.9999999980237533 0.21197054817007743
1.0 0.0 0.0 0.0 0.0 1.0 0.0 0.0 0.0 0.0 1.0 0.0
-0.9299695965293507 0.36763643424669695 -4.177811445277965e-05 -0.6040309641121966 -0.3676364337972794 -0.929969597466377 -1.8249508771663075e-05 0.7843059484829098 -4.5561560612121395e-05 -1.6123313010483052e-06 0.9999999989607724 0.4922925806518338
0.46230252418166157 0.8867222638148111 5.468455926479432e-05 0.6797547935716182 -0.8867222653771657 0.462302524268722 1.1796417388394343e-05 0.5300748176973897 -1.4820663855096485e-05 -5.394352980739031e-05 0.9999999984352217 0.2120042426394635
1.0 0.0 0.0 0.0 0.0 1.0 0.0 0.0 0.0 0.0 1.0 0.0
-0.9299697720841782 0.36763599062237 -3.753410623741079e-05 -0.603969381994959 -0.36763599026123256 -0.9299697728405555 -1.6356297317713195e-05 0.7843078989737862 -4.091874781869135e-05 -1.4119737735290498e-06 0.9999999991618311 0.4921924813156653
0.46230355047687527 0.8867217287343591 5.483452610854324e-05 0.6797353464847147 -0.8867217302818692 0.4623035506454783 1.0320431074394994e-05 0.5300917276017039 -1.6198845634368258e-05 -5.339413779829892e-05 0.999999998443332 0.21200920475130702
1.0 0.0 0.0 0.0 0.0 1.0 0.0 0.0 0.0 0.0 1.0 0.0
-0.9299696625927715 0.36763626783568965 -3.5056118686854945e-05 -0.6039997418111347 -0.367636267412965 -0.929969663245311 -1.805728268237661e-05 0.784283496036732 -3.923963890250965e-05 -3.904824459446328e-06 0.9999999992225016 0.49229182651891507
0.4623040438326919 0.8867214712901561 5.838631140052914e-05 0.6797320942607405 -0.8867214730522847 0.4623040439982789 1.1437783935758182e-05 0.5300757709233679 -1.6850099274791668e-05 -5.7060129817158175e-05 0.9999999982301079 0.21197365218799008
1.0 0.0 0.0 0.0 0.0 1.0 0.0 0.0 0.0 0.0 1.0 0.0
-0.9299695065949753 0.36763666191622996 -4.023169991264029e-05 -0.6040415687864953 -0.3676366614728069 -0.9299695074628055 -1.818009398922504e-05 0.7843333559359067 -4.409792321967123e-05 -2.1162851957514996e-06 0.999999999025447 0.49225573185211197
0.4623057074565229 0.8867206040015031 5.737885726753484e-05 0.6796398769691852 -0.8867206056953802 0.4623057076430313 1.0765429096307536e-05 0.5301019501891737 -1.698064542220326e-05 -5.585593438482019e-05 0.9999999982958863 0.2120238807610179
1.0 0.0 0.0 0.0 0.0 1.0 0.0 0.0 0.0 0.0 1.0 0.0
-0.9299696658705225 0.3676362592917174 -3.761199134815272e-05 -0.6039645358564139 -0.3676362588800382 -0.9299696666277008 -1.7579899462958615e-05 0.7843073718261877 -4.144101953252996e-05 -2.5212414413410853e-06 0.9999999991381427 0.49227653733545795
0.462301204232147 0.8867229515743451 6.096546889281185e-05 0.679825365673516 -0.8867229535022196 0.4623012043899924 1.232326172249843e-05 0.5301181203175638 -1.7257090687750076e-05 -5.9756539372660185e-05 0.9999999980656744 0.21199403682803708
1.0 0.0 0.0 0.0 0.0 1.0 0.0 0.0 0.0 0.0 1.0 0.0
-0.9299695088227676 0.3676366564022147 -3.9106798026603513e-05 -0.6040112487197455 -0.36763665600849466 -0.9299695096437984 -1.708114014800292e-05 0.7843099589696223 -4.264778303608362e-05 -1.5078470598720076e-06 0.9999999990894466 0.49223830592388923
0.46230083451200993 0.8867231449853563 5.056459162949566e-05 0.679819949867293 -0.886723146308408 0.46230083463135685 1.0003445556343265e-05 0.5301086887686779 -1.450576620870024e-05 -4.946139501019745e-05 0.9999999986715766 0.2120418381216886
1.0 0.0 0.0 0.0 0.0 1.0 0.0 0.0 0.0 0.0 1.0 0.0
-0.9299693060270493 0.3676371699049968 -3.39383783855988e-05 -0.6040448413634758 -0.367637169563704 -0.9299693066431575 -1.602600111380027e-05 0.7842817707992396 -3.7453403910211506e-05 -2.4266797649266166e-06 0.999999999295677 0.49220497563303234
0.46230438940132884 0.8867212913142453 5.540994237953857e-05 0.6796511749351759 -0.8867212928998378 0.46230438955539194 1.0763682853506362e-05 0.5300667647290069 -1.6071872827915167e-05 -5.4109273575583004e-05 0.9999999984069408 0.21200711402150363
1.0 0.0 0.0 0.0 0.0 1.0 0.0 0.0 0.0 0.0 1.0 0.0
-0.9299696092870573 0.36763640253395785 -3.6529003490685174e-05 -0.603998978434102 -0.36763640216159255 -0.9299696100021582 -1.667675266593659e-05 0.7843243175177648 -4.010184448605243e-05 -2.079481743056774e-06 0.9999999991937589 0.4922208491083665
0.46230075276197524 0.8867231872174142 5.6979832237157435e-05 0.6798134366273354 -0.8867231889059706 0.4623007528840885 1.179961693735634e-05 0.5301087839261669 -1.587882540381041e-05 -5.598031033710163e-05 0.9999999983070339 0.21197827597008911
1.0 0.0 0.0 0.0 0.0 1.0 0.0 0.0 0.0 0.0 1.0 0.0
-0.9299702418474506 0.36763480229089296 -3.77190851969468e-05 -0.6039586412632603 -0.36763480189245135 -0.9299702426098302 -1.72543078764972e-05 0.7842962273383662 -4.142091087647154e-05 -2.179144454867313e-06 0.99999999913978 0.49222436435404493
0.46230139029052036 0.8867228548553299 5.6680379391494416e-05 0.6798292398272505 -0.8867228564954773 0.46230139051348323 9.889424890333405e-06 0.5300636329303003 -1.7434239135884563e-05 -5.483168279725066e-05 0.999999998344767 0.21205377958769966
1.0 0.0 0.0 0.0 0.0 1.0 0.0 0.0 0.0 0.0 1.0 0.0
-0.9299693466938115 0.36763706711596644 -3.304928950743417e-05 -0.6040496163940339 -0.36763706678413566 -0.92996934727751 -1.583035236094402e-05 0.7843082950192439 -3.655465050459428e-05 -2.571598589226968e-06 0.9999999993285721 0.4921807945186342
0.46230318934565956 0.886721916875834 5.703400704863258e-05 0.6797471483759097 -0.8867219185408338 0.4623031895577207 1.0199102425448826e-05 0.5300693296800709 -1.7323235718735126e-05 -5.528838173198311e-05 0.9999999983215502 0.2120378832961946
1.0 0.0 0.0 0.0 0.0 1.0 0.0 0.0 0.0 0.0 1.0 0.0
-0.929970454461921 0.36763426480280825 -3.421677815620548e-05 -0.6038901154930092 -0.3676342644204172 -0.929970455085483 -1.7092647342441524e-05 0.7843122253732524 -3.810443559274561e-05 -3.3163969487160927e-06 0.9999999992685268 0.4922679739059491
0.46230014780494993 0.8867235024624054 5.933234191778674e-05 0.6798666492667822 -0.8867235042771601 0.46230014799252866 1.1336666962138221e-05 0.5300843654847895 -1.7376861414419814e-05 -5.785232495452797e-05 0.9999999981755767 0.21198447120350972
1.0 0.0 0.0 0.0 0.0 1.0 0.0 0.0 0.0 0.0 1.0 0.0
-0.9299697668821072 0.36763600405091323 -3.4795355705775966e-05 -0.6039557344476814 -0.3676360036821715 -0.9299697675290446 -1.669062334147132e-05 0.7842877358095315 -3.84947029271634e-05 -2.729749579616579e-06 0.999999999255353 0.4922205033794171
0.46230318470362103 0.8867219194077604 5.5269401484375146e-05 0.6797964093422801 -0.8867219209625695 0.46230318493026956 9.369004846448871e-06 0.530066046011509 -1.7243518375028856e-05 -5.333991063268665e-05 0.9999999984287576 0.21205559099776966
1.0 0.0 0.0 0.0 0.0 1.0 0.0 0.0 0.0 0.0 1.0 0.0
-0.9299696585109944 0.36763627797669135 -3.6937640856972445e-05 -0.6039905403949519 -0.36763627762558726 -0.9299696592434753 -1.6129960368663423e-05 0.784341281740307 -4.0280843874865244e-05 -1.4207569469142921e-06 0.9999999991877175 0.4921857614814318
0.46230283007789297 0.8867221041376898 5.7754645538116956e-05 0.6797641931586924 -0.8867221058456002 0.4623028302935254 1.0360483933525852e-05 0.5300928565732832 -1.7513265981448753e-05 -5.6002001957375705e-05 0.9999999982785307 0.21203230699436537
1.0 0.0 0.0 0.0 0.0 1.0 0.0 0.0 0.0 0.0 1.0 0.0
-0.9299695135498659 0.3676366442832988 -4.0594861989747496e-05 -0.6040140875507074 -0.36763664378821864 -0.9299695144309059 -1.9320476079489482e-05 0.7842959534657723 -4.4854899084800406e-05 -3.04329492424248e-06 0.9999999989893883 0.4923047469198943
0.46230187075969426 0.88672260423532 5.856807751345571e-05 0.679743764362136 -0.8867226059866478 0.4623018709973994 1.0225086317427892e-05 0.5300885620214508 -1.800931664727342e-05 -5.666071485359075e-05 0.999999998232614 0.21204153790715025
1.0 0.0 0.0 0.0 0.0 1.0 0.0 0.0 0.0 0.0 1.0 0.0
-0.9299694603107803 0.3676367796385661 -3.385647518965354e-05 -0.6039697505197599 -0.367636779306322 -0.9299694609243805 -1.578896366835599e-05 0.7842788251733559 -3.7290091737789346e-05 -2.2363685241402014e-06 0.999999999302224 0.4922065179800796
0.4623006291932656 0.8867232512762666 6.239837748166118e-05 0.6798547172939973 -0.8867232533044158 0.46230062932845967 1.310506557367735e-05 0.5300959624628305 -1.7226242825165802e-05 -6.138857234178134e-05 0.99999999796735 0.21193751613560324
1.0 0.0 0.0 0.0 0.0 1.0 0.0 0.0 0.0 0.0 1.0 0.0
-0.9299699923760882 0.36763543275934135 -4.312622304740963e-05 -0.6039598218961779 -0.367635432210922 -0.929969993371111 -2.0308277087843338e-05 0.7842946179972579 -4.7572135597298016e-05 -3.0313606388933e-06 0.9999999988638516 0.4923468339136659
0.46229924754646406 0.8867239720205252 5.6232698992111066e-05 0.6798802083785249 -0.8867239736400475 0.4622992477494726 1.0113180638637792e-05 0.5300659096533096 -1.7028734737319448e-05 -5.4538198098335525e-05 0.9999999983678037 0.2120566488370808
