1.0 0.0 0.0 0.0 0.0 1.0 0.0 0.0 0.0 0.0 1.0 0.0
-0.5119733088035587 0.8590013535982424 -7.476043798613428e-05 -0.7200447939371077 -0.8590013464802976 -0.5119732871590571 0.00019995145687712164 -0.7215281361082688 0.0001334832249261468 0.00016658912587097055 0.9999999772151458 0.1766933377022295
0.3895931538558759 0.9209870486470136 0.0001751944492120016 -0.12757968092935013 -0.9209870594427064 0.389593165797421 -3.876880998309279e-05 -1.4741422224688563 -0.00010396013198447841 -0.00014624775765780852 0.9999999839019418 0.5912680952851981
1.0 0.0 0.0 0.0 0.0 1.0 0.0 0.0 0.0 0.0 1.0 0.0
-0.5118236957319462 0.859087757173703 -0.0021748474769382404 -0.7252590774593832 -0.8590903253057095 -0.511823605871142 0.0006398743571804212 -0.7540810046338962 -0.0005634300514831787 0.002195893284749385 0.9999974302963278 0.18164389574066675
0.38982965312789297 0.9208845264854747 -0.002128478755013982 -0.14455836802554778 -0.9208861733564909 0.3898313388861829 0.00042771841886454884 -1.556120621691349 0.0012236269964830927 0.0017933493329130366 0.9999976433147951 0.6012172008017329
1.0 0.0 0.0 0.0 0.0 1.0 0.0 0.0 0.0 0.0 1.0 0.0
-0.5117692435610666 0.8591174694192493 -0.0030684008210309817 -0.7267109595831904 -0.8591225121412507 -0.5117693207070831 0.0008194602595986871 -0.7616750635420999 -0.0008663007793200051 0.003055506778803654 0.9999949566879244 0.18426241091165996
0.38994021013787783 0.9208327729415796 -0.0036928030478671076 -0.14929044711431327 -0.9208377597907342 0.38994524040446715 0.0007277564739156661 -1.5760631455065521 0.0021101329841687905 0.0031166909735784506 0.9999929167629964 0.6066014494083494
1.0 0.0 0.0 0.0 0.0 1.0 0.0 0.0 0.0 0.0 1.0 0.0
-0.5118235952867082 0.8590876070715181 -0.0022562544006216874 -0.72548807908806 -0.8590903661008074 -0.511823517755353 0.0006553970671453014 -0.7534411430611527 -0.0005917605661816975 0.0022737741022932985 0.9999972398815731 0.18162347704555737
0.3898400794640257 0.920879425692426 -0.0024074425993550856 -0.14493527939096396 -0.9208815364300922 0.38984223033796944 0.0004809441449451925 -1.555699797303312 0.0013814143603305016 0.0020294781360781604 0.9999969864518892 0.6016701636906645
1.0 0.0 0.0 0.0 0.0 1.0 0.0 0.0 0.0 0.0 1.0 0.0
-0.5117477991160608 0.8591348017895324 -0.0012579562505432007 -0.7271328792777392 -0.8591356795875099 -0.5117476889508706 0.00043233453587565715 -0.7670047260479507 -0.0002723225582304894 0.0013020013454180302 0.9999991153160689 0.18042645098245402
0.39002739400733816 0.9208024217947366 0.0012377159575615406 -0.14767972929096063 -0.9208029143683663 0.390028051835367 -0.0003341739517546983 -1.59117523430049 -0.0007904521277297714 -0.0010093554653348813 0.9999991781931514 0.5934160635976463
1.0 0.0 0.0 0.0 0.0 1.0 0.0 0.0 0.0 0.0 1.0 0.0
-0.5117103054689774 0.8591498614408805 -0.003752181093917888 -0.7262159197038844 -0.8591573857327391 -0.5117104776503917 0.0009867135819555159 -0.7683381404097531 -0.0010722955425805833 0.003728625607879007 0.9999924737383509 0.18590320813406858
0.3899907184294357 0.9208111502531953 -0.0037503477546928826 -0.1503684539994241 -0.9208162316941559 0.3899959974564041 0.0007677346935858284 -1.5915520833288923 0.0021695592796899706 0.0031539716823042827 0.999992672710735 0.6073289004338074
1.0 0.0 0.0 0.0 0.0 1.0 0.0 0.0 0.0 0.0 1.0 0.0
-0.5118294998622438 0.8590855245489551 -0.0016200559286641744 -0.7247645207664322 -0.8590869746644498 -0.5118293442843833 0.0005406397153366253 -0.7535482260395412 -0.0003647364102302341 0.0016684843016497536 0.9999985415626796 0.18146720612055356
0.38982161260255 0.9208903235913791 -0.00034966228501408204 -0.1423485392556456 -0.9208903706802222 0.3898216540608201 5.668976089288799e-05 -1.5561596639403987 0.00018851098255975022 0.00029990173725012584 0.9999999372612768 0.597145601236265
1.0 0.0 0.0 0.0 0.0 1.0 0.0 0.0 0.0 0.0 1.0 0.0
-0.5118368585672237 0.8590802514725338 -0.0020375823723957948 -0.7256095421520357 -0.8590825051479123 -0.5118367817241101 0.000598517411737111 -0.7534284871834132 -0.0005287351153990693 0.0020567946407443 0.9999977450149494 0.18047025847181764
0.3898153353301707 0.9208906800348198 -0.002088005372104035 -0.1452627225303038 -0.9208922766932314 0.38981694018720114 0.00040971922743679527 -1.5559664481521978 0.0011912464832256665 0.0017631131828300514 0.9999977361792978 0.6006766220876092
1.0 0.0 0.0 0.0 0.0 1.0 0.0 0.0 0.0 0.0 1.0 0.0
-0.5117785416077058 0.859113178054597 -0.0026965983793764362 -0.7245373657995788 -0.8591170857749545 -0.5117785547507057 0.0007374461530346764 -0.7537488897665838 -0.0007465115131627036 0.0026941028579097756 0.9999960922575407 0.18278452807542656
0.3899426977760945 0.9208334834889765 -0.003223063241557967 -0.1431143202324483 -0.9208372901840671 0.3899465180740376 0.0006309107694554483 -1.5558179134363144 0.0018377860501862095 0.0027218977739504806 0.9999946068929284 0.6040807815766309
1.0 0.0 0.0 0.0 0.0 1.0 0.0 0.0 0.0 0.0 1.0 0.0
-0.5117654946779695 0.8591203659911887 -0.002876664071245104 -0.7252877256687915 -0.8591247960416069 -0.5117655700221682 0.0007656150156380051 -0.7571781329255529 -0.0008144221757397777 0.0028632287806995976 0.9999955693089189 0.18299710358285515
0.3899762941596003 0.9208173886303892 -0.0037184391154555423 -0.1452817934726438 -0.920822481675393 0.3899813399219126 0.0007153697497976724 -1.5649684025177777 0.0021088467735772133 0.003145045090272599 0.9999928307026332 0.6055800033084259
1.0 0.0 0.0 0.0 0.0 1.0 0.0 0.0 0.0 0.0 1.0 0.0
-0.5118342249543851 0.8590818277222453 -0.0020345620539046917 -0.7247572866924656 -0.8590840811678573 -0.5118341229603214 0.0006099650944469321 -0.7505889082327144 -0.000517348356284454 0.0020600608840231297 0.9999977442473721 0.18120924663596472
0.3898188128281731 0.9208894117588718 -0.0019961151350914755 -0.14299385321679559 -0.9208908645511094 0.389820289017018 0.000397312218059061 -1.5484624462719694 0.0011440067936456058 0.0016833244153320558 0.9999979288315398 0.6004765192765837
1.0 0.0 0.0 0.0 0.0 1.0 0.0 0.0 0.0 0.0 1.0 0.0
-0.5117941021569565 0.8591070565041777 -0.0013647205143394131 -0.7258678614991041 -0.8591080905896596 -0.5117939679506659 0.00047228455603205607 -0.7620627225574808 -0.00029271273241235455 0.0014141548855796907 0.9999989572420641 0.1807751163641097
0.38990183581564747 0.9208560521370477 0.0008304638210713955 -0.14477689994294618 -0.9208562824365092 0.389902120864065 -0.00020794930868877742 -1.5770272735684898 -0.0005152909845804311 -0.0006836580097554427 0.9999996335433963 0.594568736096368
1.0 0.0 0.0 0.0 0.0 1.0 0.0 0.0 0.0 0.0 1.0 0.0
-0.5117856932204079 0.8591087720848919 -0.0027426158489260127 -0.7243017093670341 -0.8591128355608798 -0.5117856287126287 0.0007784714273900552 -0.7537634143317717 -0.0007348397444715914 0.002754627017944144 0.9999959360120126 0.1833951742586135
0.3898866671774087 0.9208589009339705 -0.0026965400002084234 -0.14310241960210757 -0.9208615062304569 0.3898894278183446 0.0005660551721687797 -1.5561799421033484 0.0015726093814818248 0.002262442521687203 0.9999962041195806 0.6035442398637778
1.0 0.0 0.0 0.0 0.0 1.0 0.0 0.0 0.0 0.0 1.0 0.0
-0.5118287014077706 0.8590838823594903 -0.0025026956227008137 -0.7298598879636735 -0.8590872605259313 -0.5118286682479545 0.0007022546371161705 -0.7672125507604264 -0.0006776557275382535 0.0025094680054091106 0.9999966216708156 0.1827051521252714
0.38981771176585456 0.9208870986606182 -0.003017136732448024 -0.15670895503134652 -0.9208903941355846 0.3898211189671814 0.0006141628299446613 -1.5905202755965249 0.0017417182436928128 0.002539040685684419 0.9999952598337436 0.6061298443751189
1.0 0.0 0.0 0.0 0.0 1.0 0.0 0.0 0.0 0.0 1.0 0.0
-0.5118278791624224 0.8590865067209326 -0.0016112362093059368 -0.7247468203434071 -0.8590879386594122 -0.5118277362918664 0.0005310482703918129 -0.7539543155467783 -0.00036845897812942083 0.001655998903713438 0.9999985609517709 0.18100274124317528
0.38981604460917996 0.9208927017137385 -0.0002886098153441444 -0.14266412602886014 -0.9208927351244488 0.3898160706663824 3.801622887408544e-05 -1.5564876859043153 0.0001475136118900087 0.0002509593462654002 0.9999999576295697 0.5965978198011953
1.0 0.0 0.0 0.0 0.0 1.0 0.0 0.0 0.0 0.0 1.0 0.0
-0.51174731556094 0.859128514668001 -0.003588913557809697 -0.7276254204697272 -0.8591354114008669 -0.5117474278691595 0.0009565282866310573 -0.7676057678007311 -0.0010148365559225659 0.003572863508912553 0.9999931023527666 0.18578273218839336
0.3899382602609688 0.9208319183635019 -0.004090392113468485 -0.15294673156012095 -0.920837907964628 0.3899446197876448 0.0008606706664123529 -1.5911874719385466 0.0023875594183005483 0.0034309796942028846 0.9999912639310216 0.609586660335973
1.0 0.0 0.0 0.0 0.0 1.0 0.0 0.0 0.0 0.0 1.0 0.0
-0.5117969385624414 0.8591028251969848 -0.00249587993952886 -0.7268752501040261 -0.8591061801528104 -0.511796923271164 0.0006932196026986335 -0.7620155168366765 -0.0006818367547447438 0.0024990135513812957 0.9999966450093271 0.182105654405599
0.3898883286196629 0.9208583238354013 -0.0026530415038888344 -0.14906286579298467 -0.9208609046860052 0.3898909148595502 0.0005183925683798642 -1.576425961249825 0.0015117628907185463 0.00224096698738615 0.9999963463132875 0.6031742233149782
1.0 0.0 0.0 0.0 0.0 1.0 0.0 0.0 0.0 0.0 1.0 0.0
-0.5118077916665934 0.8590970123062025 -0.002260052194516443 -0.7266401598802155 -0.8590997799946901 -0.5118077162623889 0.0006554291370662001 -0.7621594507152807 -0.0005936349388772255 0.0022770640823213937 0.9999972312845293 0.18241427543662847
0.3898618793419292 0.9208707585346843 -0.0021819971893879556 -0.14859868386635622 -0.9208724806766859 0.38986366345490314 0.00044525261304785015 -1.5766370674299495 0.0012607015294200253 0.0018357541441165028 0.9999975203161136 0.6034727681209557
1.0 0.0 0.0 0.0 0.0 1.0 0.0 0.0 0.0 0.0 1.0 0.0
-0.511764015137239 0.8591242246431745 -0.0017774818916799836 -0.7266129412821307 -0.8591259639877561 -0.5117638559053065 0.0005777465199449194 -0.7675839210480362 -0.0004132949557000564 0.0018227507224389437 0.9999982533820165 0.18314493344612526
0.3899518403346627 0.9208349688422447 0.0007227564682332504 -0.14696517177184454 -0.9208351388542008 0.3899520620249152 -0.00019071937456557788 -1.5914975961729425 -0.00045746144446517093 -0.0005911681816839569 0.9999997206245654 0.595373934687968
1.0 0.0 0.0 0.0 0.0 1.0 0.0 0.0 0.0 0.0 1.0 0.0
-0.5118093604618544 0.8590973145637093 -0.0017270359147790824 -0.7256572536998149 -0.8590989498534433 -0.5118092393448748 0.0005448687295468245 -0.7569316036399165 -0.0004158176755208786 0.0017625636567508722 0.9999983602311637 0.1810723545027041
0.3898728571667663 0.9208684585050159 -0.0006613434941727819 -0.14486957847991278 -0.9208686326267352 0.38987299620695054 9.095483383039973e-05 -1.5652933685297619 0.00034159740721814903 0.0005735496582368953 0.9999997771759753 0.5975251122982953
