1.0 0.0 0.0 0.0 0.0 1.0 0.0 0.0 0.0 0.0 1.0 0.0
-0.5117673202496522 0.8591193809972237 -0.002845895190984136 -0.7250630168883356 -0.8591237306297499 -0.5117673447999209 0.0007747678753284765 -0.7571932140682094 -0.00079081812800009 0.0028414769728319217 0.999995650298191 0.1824799844421623
0.389935894537557 0.9208375370531854 -0.0028685370871152495 -0.1450877759292215 -0.9208405386641108 0.38993894084818753 0.0005698797984465421 -1.565301495800476 0.0016433210235513608 0.002419248647491062 0.999995723356853 0.6032643312981343
1.0 0.0 0.0 0.0 0.0 1.0 0.0 0.0 0.0 0.0 1.0 0.0
-0.5118336427913835 0.8590821185019991 -0.002058100342601296 -0.7254062859868737 -0.8590844262886257 -0.5118335308375204 0.000620659921944832 -0.7535406541839436 -0.000520206924557931 0.0020857565808516765 0.9999976894994514 0.18176974856222672
0.3898195666060581 0.920889005688655 -0.002035851866954274 -0.14463292718991294 -0.9208905044127795 0.3898211204248055 0.0004158763346844155 -1.555867408119937 0.001176594000132059 0.001712679920120876 0.9999978411746946 0.6016126446012782
1.0 0.0 0.0 0.0 0.0 1.0 0.0 0.0 0.0 0.0 1.0 0.0
-0.5119595092279691 0.8590095367630943 -0.0002768774321578952 -0.7195329316116608 -0.8590095787418913 -0.5119594557741863 0.00024346062859714816 -0.721235256461199 6.73849823075728e-05 0.0003624823502940317 0.9999999320329027 0.17700626313936363
0.3896139687992856 0.9209782573656178 -6.911048186005524e-05 -0.1269162243153108 -0.9209782591557532 0.38961397049605606 1.2519470202052541e-05 -1.4737862914682935 3.8456569090250814e-05 5.8771490800183715e-05 0.999999997533502 0.59179619941284
1.0 0.0 0.0 0.0 0.0 1.0 0.0 0.0 0.0 0.0 1.0 0.0
-0.5117678776067345 0.8591210002780791 -0.0021786076039632908 -0.7259006739233911 -0.859123579702248 -0.5117677778361887 0.000645265995190006 -0.761729541930805 -0.0005605796050242715 0.0022019195723335786 0.9999974186470202 0.18288809314680643
0.38996993104411753 0.9208262048692101 -0.0015979072604658104 -0.1458747023006799 -0.9208271605478562 0.389970839924601 0.0002905268920946861 -1.576706936032089 0.0008906620119455802 0.0013580996533970298 0.9999986811423862 0.6013407703811942
1.0 0.0 0.0 0.0 0.0 1.0 0.0 0.0 0.0 0.0 1.0 0.0
-0.5118000745074814 0.8591026594821738 -0.0018177471753338772 -0.7255597679509025 -0.8591044675718673 -0.5117999549981934 0.0005655633528583851 -0.7570701812379603 -0.0004444459419877075 0.001851090085377078 0.9999981879650088 0.1813954468147636
0.38988930928726234 0.9208614463757115 -0.0007232443123023408 -0.14456989701232814 -0.9208616529760095 0.38988947831052106 0.00010383179473269358 -1.5651781994289315 0.00037760004429192014 0.0006255250462017428 0.9999997330682759 0.5976970730379313
1.0 0.0 0.0 0.0 0.0 1.0 0.0 0.0 0.0 0.0 1.0 0.0
-0.5117912823468121 0.8591056724701065 -0.002669614858347366 -0.7238721346102777 -0.8591095213128774 -0.511791225725288 0.0007560821156717206 -0.7507683106459311 -0.0007167310261412512 0.002680447778583676 0.9999961507407625 0.18268879698622476
0.3898763009555682 0.9208636481546584 -0.002571276044297038 -0.1418469709004695 -0.9208660337891462 0.38987878685405275 0.0005285590400908771 -1.5487039174978818 0.0014892167907406128 0.002161728129301622 0.9999965545764872 0.6021755591970852
1.0 0.0 0.0 0.0 0.0 1.0 0.0 0.0 0.0 0.0 1.0 0.0
-0.5118059902334785 0.8590976346156123 -0.002425398727650543 -0.7256771048332231 -0.8591008209406731 -0.5118059077864413 0.0007015796158857545 -0.7578761233198037 -0.0006386080090472908 0.0024427346880690243 0.9999968126084471 0.18311283244742005
0.3898606584746652 0.9208701973550851 -0.002597421203176766 -0.14627411758608755 -0.9208726197159168 0.3898632126212074 0.0005419430007720175 -1.5653432062946564 0.001511698132877102 0.0021806118127383595 0.9999964798442429 0.6043106667802458
1.0 0.0 0.0 0.0 0.0 1.0 0.0 0.0 0.0 0.0 1.0 0.0
-0.5118080776351026 0.8590966226918136 -0.002341910967819869 -0.7248952856790334 -0.8590995943010059 -0.5118079974419568 0.0006788418821977332 -0.7538265259770611 -0.0006154179942893898 0.0023593715210889115 0.9999970273089405 0.18260246113480338
0.38987618745949754 0.9208634880948912 -0.0026447581659234548 -0.14366910028981383 -0.9208660246829126 0.38987879904933637 0.0005353844746703476 -1.5560883704851136 0.0015241511523229297 0.0022267342806921732 0.9999963593022269 0.6033678601640533
1.0 0.0 0.0 0.0 0.0 1.0 0.0 0.0 0.0 0.0 1.0 0.0
-0.5119660505418101 0.8590056744949903 -0.00011949069823276262 -0.7195474999868168 -0.8590056748487691 -0.5119660219127697 0.00020732685504836328 -0.7209149960875223 0.00011691976753203998 0.0002087874990237695 0.9999999713687735 0.17672481497311687
0.3896358775036465 0.920968860461797 -0.0004909395702167005 -0.12673771140761048 -0.9209689478244025 0.3896359675650828 9.961342671568496e-05 -1.4738557374402816 0.00028302857854641987 0.0004133271344983381 0.999999874527744 0.5927573249401208
1.0 0.0 0.0 0.0 0.0 1.0 0.0 0.0 0.0 0.0 1.0 0.0
-0.5117362273244389 0.8591337726277121 -0.003897996180819687 -0.7328443670710438 -0.8591418558805414 -0.5117365408598596 0.000992080099478262 -0.7853760764166395 -0.0011424175632440221 0.003856615000315329 0.9999919106687071 0.18522015177708417
0.389965999268697 0.9208180748050177 -0.004537898935383707 -0.16576310668254912 -0.9208255519653811 0.38997367365824726 0.0009147136939721271 -1.6372941789735478 0.002611946021202562 0.0038219060522232404 0.9999892853286534 0.6108835051112045
1.0 0.0 0.0 0.0 0.0 1.0 0.0 0.0 0.0 0.0 1.0 0.0
-0.5117512919395643 0.859128176509081 -0.0030645597348462287 -0.7251019742851401 -0.8591331951666129 -0.5117514088652082 0.0008052870800878461 -0.7573258805061798 -0.0008764479411769677 0.0030449717003945935 0.999994979980575 0.18343289642194038
0.39000414043608383 0.9208043181792451 -0.004022196560039148 -0.14485038908201187 -0.920810269159673 0.39001005630221264 0.0007772986784438452 -1.564851066745618 0.002284437086465543 0.0034005301941142066 0.9999916088355931 0.606202877500737
1.0 0.0 0.0 0.0 0.0 1.0 0.0 0.0 0.0 0.0 1.0 0.0
-0.5117861464882283 0.8591081163299121 -0.0028608947553886393 -0.7281329258057472 -0.8591125365795222 -0.5117860810558312 0.0008103884330808227 -0.768339700976604 -0.0007679548349339697 0.002872576123514067 0.9999955792661216 0.18576385115935867
0.3898472663815999 0.9208752032682738 -0.0028229240885960846 -0.15436503865220175 -0.92087806268481 0.3898502859068444 0.0005901222105042313 -1.5911574921409795 0.0016439466735837622 0.0023695113352164947 0.9999958414190363 0.6067514452341363
1.0 0.0 0.0 0.0 0.0 1.0 0.0 0.0 0.0 0.0 1.0 0.0
-0.5118323131632543 0.8590826982551625 -0.002144938363188734 -0.7255408756995276 -0.8590852005818572 -0.5118322087349959 0.000638938719148178 -0.7535939728568266 -0.0005489473411657824 0.0021697142865669105 0.9999974954952293 0.1819601629425509
0.389805807080852 0.9208949826476542 -0.0019656297774876203 -0.14532931691904416 -0.9208963926557648 0.389807236690567 0.0003901503084808002 -1.555879329593708 0.0011255041734775403 0.001658058515504869 0.9999979920391411 0.6007674809684063
1.0 0.0 0.0 0.0 0.0 1.0 0.0 0.0 0.0 0.0 1.0 0.0
-0.5117466035887054 0.8591348100904966 -0.0016708698905224103 -0.7267707369855496 -0.8591363439509159 -0.5117464763464609 0.0005352098968724513 -0.7670513990204775 -0.0003952443258002518 0.0017093968958925877 0.9999984608709036 0.18083807041481637
0.3899101078292861 0.9208477127767316 0.003098013301544549 -0.14774026209648827 -0.9208509701359043 0.38991400448402935 -0.0007482693313385321 -1.5918084207139316 -0.0018970008746540912 -0.002561050778553646 0.9999949211903988 0.5880861265864049
1.0 0.0 0.0 0.0 0.0 1.0 0.0 0.0 0.0 0.0 1.0 0.0
-0.5117562523136368 0.8591250016965621 -0.003125648377935371 -0.7241232416863594 -0.8591302450642431 -0.5117562941979329 0.0008469738203305729 -0.7537886287576256 -0.0008719138460294304 0.003118783205020396 0.9999947564650343 0.18371706592690018
0.3899528228300683 0.9208279785958209 -0.0035538432712371292 -0.14303286328141862 -0.9208325488989282 0.38995755245619373 0.0007239963247296266 -1.556255231123309 0.002052524096076115 0.002990170147293694 0.9999934229920342 0.6051742948991307
1.0 0.0 0.0 0.0 0.0 1.0 0.0 0.0 0.0 0.0 1.0 0.0
-0.5117713360961421 0.8591166625812692 -0.002942724178687068 -0.7246053581852863 -0.859121306180426 -0.5117713875793664 0.0007925414368729986 -0.7538256436687689 -0.0008251164819862867 0.0029337570301823696 0.9999953561154563 0.1834186283861059
0.38995547626448157 0.9208253833930853 -0.0039166095438324285 -0.1435934577706588 -0.9208309760703953 0.3899611596910926 0.0007793854122735162 -1.5559785321884831 0.0022450034708378684 0.0033026097794972217 0.9999920263322408 0.606221326488827
1.0 0.0 0.0 0.0 0.0 1.0 0.0 0.0 0.0 0.0 1.0 0.0
-0.5119660916183723 0.8590056342371738 -0.000203425165184374 -0.7198452272383333 -0.8590056535654951 -0.5119660494993249 0.00022650070804263654 -0.7214577219358134 9.041860617912899e-05 0.00029070404921623615 0.9999999536578147 0.1767583001413291
0.38959658849545603 0.9209855981284976 0.00016208823412296706 -0.1275117835460602 -0.9209856075319719 0.3895965984859348 -3.416364927000483e-05 -1.4738086756316875 -9.461325362607348e-05 -0.00013597088957138548 0.9999999862801247 0.5912612566904418
1.0 0.0 0.0 0.0 0.0 1.0 0.0 0.0 0.0 0.0 1.0 0.0
-0.5118263365296042 0.8590861316582393 -0.0021953649276781773 -0.726317218659065 -0.8590887375803805 -0.5118262867430009 0.0006270258515725768 -0.757623255541823 -0.0005849762657021911 0.0022069416287670406 0.9999973936023112 0.1806390459129832
0.3898213874821306 0.9208878912836801 -0.0021857604176870995 -0.14743815093663404 -0.9208896397135328 0.3898231479433782 0.0004298788134830135 -1.5652920451285368 0.0012479302007287123 0.0018452681680228395 0.9999975188247229 0.601219394497605
1.0 0.0 0.0 0.0 0.0 1.0 0.0 0.0 0.0 0.0 1.0 0.0
-0.51183512967304 0.8590823173446417 -0.0015401488054907033 -0.7243389053107139 -0.8590836280047665 -0.5118349887706065 0.0005141637491242096 -0.750572984337289 -0.0003465930614712032 0.001586283692694346 0.9999986817877794 0.18065688774371347
0.3898082290235398 0.9208960312840981 -0.00021012074723013983 -0.1412635122450343 -0.9208960504188725 0.3898082402147607 1.354962951240018e-05 -1.5486912784191986 9.438459875374317e-05 0.0001882176091511544 0.999999977832839 0.5956907590023693
1.0 0.0 0.0 0.0 0.0 1.0 0.0 0.0 0.0 0.0 1.0 0.0
-0.5119566416147399 0.859011194702221 -0.0004055648166102789 -0.7198268685240485 -0.8590112890761312 -0.5119565571186119 0.0002980990101121068 -0.721820238145213 4.843881961560826e-05 0.000500998524005922 0.9999998733270724 0.17904413330739066
0.3895981518426521 0.9209849464241415 9.241704534873131e-05 -0.12755180531966026 -0.9209849500519689 0.3895981541514926 -7.715160295100974e-06 -1.4739147289735897 -4.3111056770937426e-05 -8.21088957023658e-05 0.9999999956997826 0.5923189711093015
