1.0 0.0 0.0 0.0 0.0 1.0 0.0 0.0 0.0 0.0 1.0 0.0
-0.8280348143442081 0.560676675147682 -0.00011035983927815697 2.5858942966549323 -0.5606766794406448 -0.828034818732323 9.916732187977091e-06 -2.410559395466822 -8.58217090805346e-05 7.008758772623879e-05 0.9999999938611819 0.34195802590528424
0.7949857095811046 0.6066281570812874 -2.445382919548142e-05 4.966364627122253 -0.6066281560215951 0.7949857097845987 3.949832757532087e-05 -4.061578173582342 4.340124242472653e-05 -1.6566224662215555e-05 0.999999998920946 0.16917237694152082
1.0 0.0 0.0 0.0 0.0 1.0 0.0 0.0 0.0 0.0 1.0 0.0
-0.8280331478212065 0.5606791471616475 6.88413250149444e-06 2.5860816866879763 -0.5606791465349681 -0.8280331473706452 3.868182821884034e-05 -2.410567758229419 2.7388384358510222e-05 2.8170046447948606e-05 0.9999999992281623 0.34260782681828
0.7949849446531327 0.6066291586016463 -4.134141606709561e-05 4.9660307056490565 -0.6066291573481056 0.7949849457028665 3.950868467979693e-05 -4.061824308148796 5.683292355214916e-05 -6.329901111119615e-06 0.9999999983649756 0.16934080433457313
1.0 0.0 0.0 0.0 0.0 1.0 0.0 0.0 0.0 0.0 1.0 0.0
-0.8280447705201025 0.5606619751017503 -8.768874158240203e-05 2.5858128709164934 -0.5606619803393363 -0.8280447698888729 5.349445969234213e-05 -2.410444017215842 -4.2617894417322516e-05 9.345955110909395e-05 0.9999999947245136 0.34169580169168784
0.7949763123741108 0.6066404720752616 -2.010881146752265e-05 4.96589964218306 -0.6066404698409866 0.7949763116224371 6.565282261696939e-05 -4.061571224949315 5.581368807699275e-05 -3.99936199843859e-05 0.9999999976426714 0.16905017691689697
1.0 0.0 0.0 0.0 0.0 1.0 0.0 0.0 0.0 0.0 1.0 0.0
-0.8280292612802931 0.5606848779127821 -0.00010071515339795918 2.586463826989557 -0.5606848843043822 -0.8280292614797512 5.1438125388973074e-05 -2.4110192806167667 -5.4554515034133824e-05 9.906173709811359e-05 0.9999999936052885 0.34311760390758494
0.7949893095493525 0.606623439723069 -8.988659533070853e-06 4.966752905893143 -0.6066234385589151 0.7949893087930414 5.1920322442299394e-05 -4.062020875867965 3.864197282064631e-05 -3.582336973597705e-05 0.999999998611742 0.16893755996599255
1.0 0.0 0.0 0.0 0.0 1.0 0.0 0.0 0.0 0.0 1.0 0.0
-0.8280341716943718 0.5606776246429195 -0.00010831061182276279 2.5857609391434977 -0.5606776286416486 -0.8280341760306711 8.123105653204083e-06 -2.410444498147337 -8.513044463367769e-05 6.745354605463862e-05 0.9999999941014132 0.34197513426072323
0.7949868580150249 0.6066266525388317 -3.595954598870635e-06 4.966209514362155 -0.6066266523449703 0.7949868578869603 2.1254478049002355e-05 -4.061448873549017 1.575226951798111e-05 -1.471562882261756e-05 0.9999999997676582 0.169265289048535
1.0 0.0 0.0 0.0 0.0 1.0 0.0 0.0 0.0 0.0 1.0 0.0
-0.8280378525630967 0.5606721942446752 -7.296270718228282e-05 2.5851751196129844 -0.5606721977463502 -0.8280378523869736 4.1093142950844224e-05 -2.4110430210387306 -3.737610073290182e-05 7.493483923349418e-05 0.9999999964938985 0.34253951076547323
0.7949824039058055 0.6066324893250115 -1.9377492710203265e-05 4.965670092832821 -0.6066324883846211 0.7949824039127767 3.879877928639632e-05 -4.061949364621831 3.894136579783462e-05 -1.908933020426631e-05 0.9999999990595838 0.16918341502953615
1.0 0.0 0.0 0.0 0.0 1.0 0.0 0.0 0.0 0.0 1.0 0.0
-0.8280297014844861 0.5606842368240008 -6.049819755430368e-06 2.5863218043219236 -0.5606842363701308 -0.8280297002683035 5.059274324710456e-05 -2.4107920260931337 2.3357123197557814e-05 4.528433265792681e-05 0.9999999987018869 0.3426094433627959
0.794987178612391 0.6066262316211236 -3.083934786090892e-05 4.966110660307145 -0.6066262304826195 0.7949871791130245 3.919647860335902e-05 -4.061822950703438 4.8294498269596836e-05 -1.245274059301676e-05 0.9999999987562854 0.16939070160873826
1.0 0.0 0.0 0.0 0.0 1.0 0.0 0.0 0.0 0.0 1.0 0.0
-0.8280304965968125 0.5606830619504605 -2.7340299546684026e-05 2.5861325320055135 -0.5606830626170294 -0.8280304955988295 4.0653962203914424e-05 -2.410740939224107 1.553862254469309e-07 4.8991963395043576e-05 0.9999999987998817 0.34257634929578756
0.7949887313420264 0.6066241973772742 -1.3984787707352469e-05 4.966342739411367 -0.606624196305383 0.7949887309846959 4.543337865469587e-05 -4.0617652604421135 3.8678735493103336e-05 -2.763551345381099e-05 0.9999999988701168 0.16924345267390326
1.0 0.0 0.0 0.0 0.0 1.0 0.0 0.0 0.0 0.0 1.0 0.0
-0.8280309272897879 0.5606824263620516 -1.4845109717839241e-05 2.5857845139488553 -0.5606824263693122 -0.8280309274079939 -4.059527361198625e-06 -2.4105463139503565 -1.4568315617895473e-05 4.961977931067074e-06 0.9999999998815715 0.3428969184681417
0.7949856225733399 0.606628271427699 1.4363869708121706e-05 4.965814512168767 -0.6066282712849315 0.7949856211801118 5.0938466779085076e-05 -4.061812873775361 1.9481644168901724e-05 -4.920887817528901e-05 0.9999999985994759 0.16924340519532757
1.0 0.0 0.0 0.0 0.0 1.0 0.0 0.0 0.0 0.0 1.0 0.0
-0.8280437604725288 0.5606634526533016 -0.0001536274464043099 2.585378362290572 -0.5606634643580058 -0.828043765611941 4.433144084721995e-05 -2.4105054003032187 -0.0001023552305354762 0.0001228416693078093 0.9999999872166656 0.3419818088917643
0.7949673428302102 0.6066522227637847 -6.670258856023494e-05 4.966203287456744 -0.6066522140532866 0.7949673440159716 0.00011459684818625185 -4.061691667579788 0.00012254681234063054 -5.0635478866206534e-05 0.9999999912091634 0.16862862774341436
1.0 0.0 0.0 0.0 0.0 1.0 0.0 0.0 0.0 0.0 1.0 0.0
-0.8280426617873338 0.5606650854449954 -0.0001105581450363894 2.585062348639527 -0.5606650894937389 -0.8280426663975436 6.9442981791489855e-06 -2.4111877032282765 -8.765343567592704e-05 6.773626742959705e-05 0.9999999938643367 0.3419695554336252
0.7949825778169972 0.6066322612953846 -2.287117078937249e-05 4.9656437740720145 -0.6066322592728403 0.794982577427446 5.9969523745132124e-05 -4.062449850235581 5.456163010123348e-05 -3.380033656918397e-05 0.999999997940283 0.1693676463912922
1.0 0.0 0.0 0.0 0.0 1.0 0.0 0.0 0.0 0.0 1.0 0.0
-0.828035190627723 0.5606761236822484 -8.610899683234659e-05 2.5856673047244443 -0.5606761257635723 -0.8280351936957457 3.765342518051156e-08 -2.4106052716861655 -7.128016849466432e-05 4.831043709826793e-05 0.9999999962926198 0.3418521557082365
0.794984504711436 0.6066297364960967 -8.209080719304996e-06 4.966073818138771 -0.6066297362704787 0.7949845046821901 1.9688122144273234e-05 -4.061458826424769 1.8469492317774908e-05 -1.0671879559477458e-05 0.9999999997724944 0.16927734014656157
1.0 0.0 0.0 0.0 0.0 1.0 0.0 0.0 0.0 0.0 1.0 0.0
-0.8280328940793127 0.5606795198029224 -4.895101718912802e-05 2.586085854532457 -0.5606795209599276 -0.8280328946380398 1.317177171082051e-05 -2.4106528514591146 -3.314790982081864e-05 3.8352493117950764e-05 0.9999999987151512 0.3423383352725827
0.7949846079296053 0.6066296007532596 -2.5395927782913877e-05 4.966224514537689 -0.6066295996300445 0.7949846081565476 4.058166251486996e-05 -4.061763460611747 4.480740942656681e-05 -1.6855875560332716e-05 0.9999999988540877 0.16920230622453844
1.0 0.0 0.0 0.0 0.0 1.0 0.0 0.0 0.0 0.0 1.0 0.0
-0.8280330172879956 0.5606793399765505 -2.0969923185220377e-06 2.5855892851585938 -0.5606793394539532 -0.828033016342534 4.6434500165942934e-05 -2.4112326260301136 2.4298486030425708e-05 3.962503954665425e-05 0.9999999989197199 0.34275175165116833
0.7949840068629799 0.6066303887042956 -1.823613562423151e-05 4.965805647456595 -0.6066303874167286 0.7949840066142473 4.785589442868602e-05 -4.062238842216917 4.3528276002781354e-05 -2.6982076686219336e-05 0.9999999986886283 0.16928720498335184
1.0 0.0 0.0 0.0 0.0 1.0 0.0 0.0 0.0 0.0 1.0 0.0
-0.8280222612467323 0.5606952241201991 -2.299233864614708e-05 2.5858777941225766 -0.5606952217983074 -0.8280222605186889 -6.58640124409165e-05 -2.410468373209381 -5.5967805437411206e-05 -4.164517409925354e-05 0.9999999975666422 0.343227003735131
0.7949914089460521 0.6066206884829165 2.5461968174968298e-06 4.966039389925883 -0.6066206883685082 0.7949914088655128 -1.653313101562247e-05 -4.061570504612762 -1.2053543914670597e-05 1.1599121454257344e-05 0.9999999998600863 0.16950880787264735
1.0 0.0 0.0 0.0 0.0 1.0 0.0 0.0 0.0 0.0 1.0 0.0
-0.8280433181661266 0.5606641075415904 -0.00014749584282061675 2.5857564463604845 -0.5606641212499924 -0.8280433185938124 7.533339685865341e-05 -2.410541094023362 -7.989621545013554e-05 0.00014507494300660997 0.9999999862849277 0.3416309355305637
0.794975521780812 0.6066415041513454 -7.218253467400248e-05 4.966557105952175 -0.6066414975471477 0.7949755244256543 9.496267762376799e-05 -4.061456256889455 0.00011499164994875741 -3.17040832622739e-05 0.9999999928858857 0.1689709965493247
1.0 0.0 0.0 0.0 0.0 1.0 0.0 0.0 0.0 0.0 1.0 0.0
-0.8280294619629905 0.5606845877444253 -5.645480547143788e-05 2.5865701675270714 -0.5606845893830916 -0.82802946258549 1.7852118702119526e-05 -2.4112249465057007 -3.6736834420010614e-05 4.643541966827141e-05 0.9999999982470782 0.34221432127293483
0.7949932318789319 0.6066182988990323 -2.6599539102627554e-05 4.966848344052876 -0.6066182973125227 0.7949932319798454 4.971816018750251e-05 -4.062082761462589 5.1306399317696645e-05 -2.3389833730791476e-05 0.9999999984102848 0.16929713482253167
1.0 0.0 0.0 0.0 0.0 1.0 0.0 0.0 0.0 0.0 1.0 0.0
-0.8280318345936505 0.5606810837364112 -5.691781098847474e-05 2.585894288084619 -0.5606810844521046 -0.8280318360556501 -3.989941801860776e-06 -2.4102971015809977 -4.936684443059329e-05 2.8608941159496824e-05 0.9999999983722216 0.34248943983258195
0.7949797446691984 0.6066359722228732 -5.263938863605619e-05 4.966271493691034 -0.6066359704063771 0.7949797463918157 4.728549300060932e-05 -4.061406591786099 7.053232884658413e-05 -5.658062545354297e-06 0.9999999974965885 0.16912489405889944
1.0 0.0 0.0 0.0 0.0 1.0 0.0 0.0 0.0 0.0 1.0 0.0
-0.8280285802699014 0.5606858916722348 -3.370344611166389e-05 2.585931175546132 -0.5606858892789861 -0.8280285803694911 -6.0454257212184515e-05 -2.410798653876616 -6.180326574780445e-05 -3.116080611579187e-05 0.9999999976046804 0.3424279522049457
0.7949838974982978 0.6066305316449644 -2.8188002652229702e-05 4.966055422813812 -0.6066305313190012 0.7949838979970371 1.992642705002522e-05 -4.062103028237965 3.4496987260359594e-05 1.2585143863012483e-06 0.9999999994041869 0.16907449120300938
1.0 0.0 0.0 0.0 0.0 1.0 0.0 0.0 0.0 0.0 1.0 0.0
-0.8280328940793127 0.5606795198029224 -4.895101718912802e-05 2.586085854532457 -0.5606795209599276 -0.8280328946380398 1.317177171082051e-05 -2.4106528514591146 -3.314790982081864e-05 3.8352493117950764e-05 0.9999999987151512 0.3423383352725827
0.7949846079296053 0.6066296007532596 -2.5395927782913877e-05 4.966224514537689 -0.6066295996300445 0.7949846081565476 4.058166251486996e-05 -4.061763460611747 4.480740942656681e-05 -1.6855875560332716e-05 0.9999999988540877 0.16920230622453844
