1.0 0.0 0.0 0.0 0.0 1.0 0.0 0.0 0.0 0.0 1.0 0.0
-0.8280308144804999 0.5606825930645963 1.0252747150954156e-05 2.5868230717732015 -0.5606825926098665 -0.8280308143408913 2.909016233692392e-05 -2.4106632390895166 2.4799938224350083e-05 1.8339013959226938e-05 0.9999999995243217 0.34191672307097176
0.7949889064414629 0.6066239671540291 -3.330637808515488e-05 4.966379409145618 -0.6066239662768829 0.7949889071150339 3.320463316169871e-05 -4.0616470377807365 4.662092741031424e-05 -6.192867829667074e-06 0.9999999988940687 0.16926559215590672
1.0 0.0 0.0 0.0 0.0 1.0 0.0 0.0 0.0 0.0 1.0 0.0
-0.828032580871906 0.5606799793406421 -7.603412653208814e-05 2.5863175543209667 -0.5606799834346857 -0.8280325800350278 5.075645107002321e-05 -2.4105245086254365 -3.4500608025730484e-05 8.465880797988848e-05 0.9999999958212971 0.34244725259083814
0.7949854921597682 0.6066284415121262 -3.4699558351566474e-05 4.966509870940833 -0.6066284379954401 0.7949854919243201 7.645298470940301e-05 -4.06147406982746 7.396420042887842e-05 -3.972927479432792e-05 0.9999999964754408 0.1690658414720661
1.0 0.0 0.0 0.0 0.0 1.0 0.0 0.0 0.0 0.0 1.0 0.0
-0.8280288733814571 0.5606854527739217 -8.885008488150306e-05 2.5855471962241436 -0.5606854500000572 -0.8280288781408234 -5.5884554153072946e-05 -2.4108078655060714 -0.00010490409265552798 3.5429254095356456e-06 0.9999999944912893 0.3425634315112176
0.7949878082831396 0.6066254072135538 2.0392074588211583e-06 4.965776587581951 -0.6066254069627051 0.7949878080427475 -2.6281534519907128e-05 -4.061901183836496 -1.7564191648161872e-05 1.9656464471715544e-05 0.9999999996525613 0.16924056022311484
1.0 0.0 0.0 0.0 0.0 1.0 0.0 0.0 0.0 0.0 1.0 0.0
-0.8280385852992362 0.5606711025220501 -0.00012669785971990643 2.585544847573602 -0.560671103384985 -0.8280385937918348 -3.194222054235936e-05 -2.410818282580747 -0.0001228197976074 4.4586437696455614e-05 0.9999999914636734 0.3418780701568002
0.7949788187312862 0.6066371862658028 -4.481203844076434e-05 4.966102250959132 -0.6066371840595173 0.7949788198367278 5.410492939280228e-05 -4.061934868692022 6.844668356411605e-05 -1.582762404460643e-05 0.9999999975322691 0.16929964899508906
1.0 0.0 0.0 0.0 0.0 1.0 0.0 0.0 0.0 0.0 1.0 0.0
-0.8280299716802773 0.5606838377224631 -1.0768927717999341e-05 2.5862642571229557 -0.5606838374890786 -0.8280299716958791 -1.8757418972531013e-05 -2.410437958580411 -1.9433976568815203e-05 -9.493741382048914e-06 0.9999999997660947 0.34296379730696297
0.7949898566894747 0.6066227226763001 9.6768143881548e-06 4.9660319307496765 -0.606622722316486 0.7949898554101436 5.063886078369725e-05 -4.062033955192216 2.3025714330559846e-05 -4.6127556164837573e-05 0.9999999986710325 0.16938084007561519
1.0 0.0 0.0 0.0 0.0 1.0 0.0 0.0 0.0 0.0 1.0 0.0
-0.8280344000557244 0.5606772977320292 -1.1500688111790321e-05 2.5862642032637613 -0.5606772978487408 -0.8280343998365461 1.9088358637512555e-05 -2.4106798424706013 1.1794439606614075e-06 2.2253992326376125e-05 0.9999999997516845 0.3420831180884403
0.7949844965938644 0.6066297469424 -1.7320489271567353e-05 4.966157315475327 -0.6066297459257652 0.7949844964565758 4.185361643658848e-05 -4.06176933950341 3.915916918949975e-05 -2.276585218736128e-05 0.9999999989741376 0.16913100518934468
1.0 0.0 0.0 0.0 0.0 1.0 0.0 0.0 0.0 0.0 1.0 0.0
-0.8280263323019186 0.5606892073077265 -7.631033165344728e-05 2.586840054539545 -0.5606892120633326 -0.8280263293627039 7.319786092660106e-05 -2.4109926564302615 -2.2145713191897797e-05 0.00010339613604243052 0.999999994409403 0.3429109052056173
0.7949953116757688 0.6066155718827062 -4.8610331539333764e-05 4.966879483517217 -0.6066155712306383 0.7949953131350828 2.88752087347481e-05 -4.0618939323887275 5.616113700364273e-05 6.5321284666093405e-06 0.999999998401629 0.16931818805171342
1.0 0.0 0.0 0.0 0.0 1.0 0.0 0.0 0.0 0.0 1.0 0.0
-0.8280295045188202 0.5606845231772716 -7.152476488236426e-05 2.5866135045871577 -0.5606845261412393 -0.8280295050529068 3.012660994970748e-05 -2.4107977069204547 -4.2333091730088e-05 6.504855081475732e-05 0.9999999969882977 0.3425830647053287
0.7949883884955591 0.6066246464862811 -2.0799725707706654e-05 4.966988026029723 -0.6066246442876085 0.7949883878266485 6.452688257136537e-05 -4.061819621955363 5.5679137736380915e-05 -3.868049618142082e-05 0.9999999977018263 0.16900025637572277
1.0 0.0 0.0 0.0 0.0 1.0 0.0 0.0 0.0 0.0 1.0 0.0
-0.8280264385762754 0.5606890553441539 -1.5361336076723455e-05 2.5864105394881447 -0.560689055214926 -0.8280264368102744 5.749326134135844e-05 -2.4107713159921413 1.9516250013898996e-05 5.621887344232114e-05 0.9999999982292772 0.3428421049681169
0.7949926584375782 0.6066190494182814 -4.3740282750929425e-05 4.966324110690504 -0.6066190481024119 0.7949926596216057 4.033719378084841e-05 -4.061779531778709 5.924251386429988e-05 -5.534084231647013e-06 0.9999999982298492 0.16936205613373997
1.0 0.0 0.0 0.0 0.0 1.0 0.0 0.0 0.0 0.0 1.0 0.0
-0.828032478101479 0.5606801320647745 -6.868006124916958e-05 2.586219850405493 -0.5606801340251323 -0.8280324795365784 1.1919149647724792e-05 -2.41121748659394 -5.018649101228983e-05 4.837698896570214e-05 0.9999999975704916 0.3426321245595333
0.7949841497645146 0.6066302015370855 -1.4361966862330844e-05 4.966478575798252 -0.6066301996622449 0.7949841488058567 6.328642735515798e-05 -4.062345390152826 4.9808994182251404e-05 -4.1599303817340026e-05 0.9999999978942808 0.16909277656590735
1.0 0.0 0.0 0.0 0.0 1.0 0.0 0.0 0.0 0.0 1.0 0.0
-0.8280381622644049 0.560671741439092 1.3617730093815498e-05 2.586128702155955 -0.5606717403636556 -0.828038161803534 4.641782492692947e-05 -2.4102018874440114 3.7301162930419815e-05 3.080065401730783e-05 0.9999999988299716 0.3424773378008729
0.7949760716975187 0.6066407877743345 6.07594909481546e-06 4.9660580500796385 -0.6066407835006131 0.7949760648241515 0.00012708449511566428 -4.061619076668668 7.22644041294012e-05 -0.00010471505122011137 0.999999991906307 0.16855107682234907
1.0 0.0 0.0 0.0 0.0 1.0 0.0 0.0 0.0 0.0 1.0 0.0
-0.8280338961010482 0.5606780420533068 8.184728907001033e-06 2.58615807111235 -0.560678041949789 -0.8280338961239938 1.204453562344854e-05 -2.411092276774653 1.3530339616386848e-05 5.384285981546576e-06 0.9999999998939697 0.3422827887416228
0.794979323445309 0.6066365261747207 2.0127259318249446e-05 4.965800100867231 -0.6066365253865666 0.7949793195193732 8.71976338108216e-05 -4.062270840544031 3.689651474903383e-05 -8.153024659133005e-05 0.999999995995733 0.1691202616948098
1.0 0.0 0.0 0.0 0.0 1.0 0.0 0.0 0.0 0.0 1.0 0.0
-0.8280490389728145 0.5606556748340905 -5.7728058899786477e-05 2.5854695189623937 -0.5606556777578137 -0.8280490358632199 7.213819153104572e-05 -2.410512934022165 -7.356977060067394e-06 9.209952415863357e-05 0.9999999957317763 0.34160402737362805
0.7949699680483228 0.6066487835947566 -5.713362016798203e-05 4.96588472068616 -0.6066487778364467 0.7949699691692723 9.202473678692396e-05 -4.0616668751033345 0.00010124620689592251 -3.849686121491586e-05 0.9999999941335986 0.16889348468620852
1.0 0.0 0.0 0.0 0.0 1.0 0.0 0.0 0.0 0.0 1.0 0.0
-0.8280286934716035 0.5606857251573222 1.981203656924097e-05 2.5856191427937474 -0.5606857226182698 -0.8280286922751406 7.225751817584172e-05 -2.411082041949379 5.691869370822273e-05 4.8722972328274806e-05 0.999999997193167 0.34332307827537467
0.794984555404035 0.6066296699170913 -1.5663015030247736e-05 4.965941391836045 -0.6066296680605932 0.7949845545682915 6.185911836334531e-05 -4.061990674631875 4.9977431581135114e-05 -3.967539410114768e-05 0.9999999979640597 0.16902650629137397
1.0 0.0 0.0 0.0 0.0 1.0 0.0 0.0 0.0 0.0 1.0 0.0
-0.8280318222057051 0.5606811040165667 -3.1834943548765027e-05 2.5863986854597547 -0.5606811034151159 -0.8280318228085143 -2.6260575928161355e-05 -2.4110159009680507 -4.108415503921123e-05 -3.895341261902024e-06 0.9999999991484593 0.3421588466099361
0.7949853367064635 0.60662864555385 -2.8551936108705287e-05 4.966289249942603 -0.6066286456159354 0.7949853371371621 7.422170154096282e-06 -4.062232750161186 2.7200871580942402e-05 1.1419905892291414e-05 0.9999999995648492 0.16934131735974206
1.0 0.0 0.0 0.0 0.0 1.0 0.0 0.0 0.0 0.0 1.0 0.0
-0.8280327703021745 0.5606797044457521 -1.811990780130109e-05 2.58583051467819 -0.5606797047274711 -0.828032769650239 3.304648688179043e-05 -2.410781500804105 3.524617055339702e-06 3.7523038637206295e-05 0.9999999992897993 0.3426057307601798
0.7949843579763695 0.6066299286249367 -1.6413509987420296e-05 4.96593174246744 -0.6066299274490916 0.79498435769027 4.6377778522205355e-05 -4.0619009878649415 4.118263216949723e-05 -2.691268210998288e-05 0.999999998789849 0.16927063419068364
1.0 0.0 0.0 0.0 0.0 1.0 0.0 0.0 0.0 0.0 1.0 0.0
-0.8280312928832504 0.56068188547549 -3.613506680760802e-05 2.585831409477664 -0.560681886530759 -0.8280312922741103 3.36329659627064e-05 -2.4111672900749563 -1.1063571295014485e-05 4.810942571719874e-05 0.9999999987815406 0.34298483666048163
0.7949843051278216 0.6066299980660491 6.8425086437541535e-06 4.966036480937506 -0.6066299968009766 0.7949843026293271 7.452656654788623e-05 -4.062308780254101 3.977036395842377e-05 -6.339832171730683e-05 0.9999999971994854 0.16914657664137775
1.0 0.0 0.0 0.0 0.0 1.0 0.0 0.0 0.0 0.0 1.0 0.0
-0.8280376911550708 0.5606724282763127 -0.00010098179675307934 2.585398012190085 -0.5606724280085192 -0.8280376968120289 -3.36045056736677e-05 -2.410687625033794 -0.00010245785420045741 2.8791911879747065e-05 0.999999994336707 0.3417679795331967
0.794982657567214 0.6066321571796732 -6.550324977234163e-06 4.965714410346423 -0.6066321568005493 0.7949826573768461 2.83824234471526e-05 -4.061869945663791 2.242508551881543e-05 -1.8589896651528062e-05 0.9999999995757658 0.16934995695006336
1.0 0.0 0.0 0.0 0.0 1.0 0.0 0.0 0.0 0.0 1.0 0.0
-0.8280261361445889 0.560689498687275 -6.263605158081232e-05 2.5859634809102476 -0.5606894921479768 -0.8280261372925042 -9.67227926689223e-05 -2.4102621134416515 -0.00010609574197888375 -4.496962433975796e-05 0.9999999933607133 0.3430507031197174
0.7949876446465932 0.6066256215964695 -9.053134359865476e-06 4.966100831469548 -0.6066256216625093 0.7949876445227417 -1.4098146030470256e-05 -4.0615952564616755 -1.3551666387925965e-06 1.6699715165684706e-05 0.9999999998596414 0.16942110692120618
1.0 0.0 0.0 0.0 0.0 1.0 0.0 0.0 0.0 0.0 1.0 0.0
-0.8280295850596744 0.5606844084694028 -1.9110690066128705e-05 2.5857003351937387 -0.5606844085523256 -0.8280295852231838 -1.2042743087193758e-06 -2.410505072165246 -1.6499434597215558e-05 9.717891200615242e-06 0.9999999998166658 0.3431210769888037
0.794985742394132 0.6066281144646637 -1.1449745082596278e-05 4.965899194138971 -0.6066281144296117 0.7949857424749618 6.716249629277881e-06 -4.061729363593819 1.317664994452873e-05 1.6064145725172056e-06 0.9999999999118977 0.16945322857569825
