1.0 0.0 0.0 0.0 0.0 1.0 0.0 0.0 0.0 0.0 1.0 0.0
-0.8278958613235685 0.5608818382277015 -7.9684505475785e-05 2.5889617605278272 -0.5608817219035632 -0.8278957666107016 -0.0005419064243407355 -2.387099209724486 -0.0003699159361794657 -0.00040394850329606574 0.9999998499938921 0.32695753886817336
0.7961016051693078 0.6051629627395771 -0.00015091424256061757 4.967601409047445 -0.6051623659743848 0.7961011263027533 0.0012278060809970434 -4.047260730525241 0.0008631657641234736 -0.0008861307718311673 0.9999992348582667 0.20291100738934553
1.0 0.0 0.0 0.0 0.0 1.0 0.0 0.0 0.0 0.0 1.0 0.0
-0.8279640776462298 0.5607810951377222 -0.0002224040568580011 2.5890901439645453 -0.5607810128474562 -0.8279640921930667 -0.00034302870474038757 -2.396751858736691 -0.00037650658574447937 -0.00015929547286035184 0.9999999164338681 0.33481133527475115
0.7960615826982174 0.6052156259159212 5.195391110191121e-05 4.967412062297021 -0.6052155457993503 0.7960614266710901 0.0005899908330120872 -4.053259006802958 0.0003157131666931337 -0.0005011123509689949 0.9999998246057886 0.18518708744289913
1.0 0.0 0.0 0.0 0.0 1.0 0.0 0.0 0.0 0.0 1.0 0.0
-0.8279561709684693 0.5607927934846775 -0.0001474139813594749 2.590762918541842 -0.5607926843195861 -0.8279561305650898 -0.0004594271622216066 -2.396398127970075 -0.00037969575130256117 -0.0002977168717590989 0.9999998835978936 0.3356710168848649
0.7960464829728787 0.6052354884789041 2.0789724729993405e-05 4.96906529915077 -0.6052353155484281 0.7960462285905432 0.0007840661754183109 -4.05404255741082 0.0004579950927143415 -0.0006367357969668669 0.9999996924039627 0.18663773443351173
1.0 0.0 0.0 0.0 0.0 1.0 0.0 0.0 0.0 0.0 1.0 0.0
-0.8279123027622397 0.5608575509210034 -0.0001628183620217399 2.591275994212717 -0.5608574509016899 -0.8279122781162822 -0.00042368899726123147 -2.3910525298502545 -0.0003724284943766587 -0.00025945944189408043 0.999999896988902 0.33402151930949264
0.7960643372112998 0.6052119943987119 -0.00011338548210976463 4.9691388936597125 -0.6052117789197388 0.7960641877829009 0.0007152526517058772 -4.05040612381955 0.0005231416055599637 -0.0005007648987875382 0.9999997377786539 0.19830269179697466
1.0 0.0 0.0 0.0 0.0 1.0 0.0 0.0 0.0 0.0 1.0 0.0
-0.827941386109941 0.5608145913707747 -0.0002350999355936299 2.591368832210309 -0.5608142967275168 -0.8279412698888484 -0.0007603952010443062 -2.395987605971348 -0.0006210896631801133 -0.0004977152517033553 0.9999996832635291 0.33967501548757406
0.7960494396993079 0.6052315999184407 3.8187415194154145e-06 4.969677537239369 -0.6052314248397221 0.7960492045905857 0.0007656743272610433 -4.053630273729475 0.00046037039195560847 -0.0006118258415791847 0.9999997068640779 0.18847295553895427
1.0 0.0 0.0 0.0 0.0 1.0 0.0 0.0 0.0 0.0 1.0 0.0
-0.8279958360324942 0.5607342182784061 -0.00017878634004006152 2.5907118833922276 -0.5607342102939169 -0.827995855089803 -9.674793458914846e-05 -2.4009636333803854 -0.00020228422597173834 2.014473020914287e-05 0.9999999793376406 0.3358457599536431
0.7960200631751208 0.6052702234433807 0.00012504190047447648 4.96875971359047 -0.6052702340060745 0.7960200248756133 0.0002526326580848395 -4.0568045201205045 5.337516868191873e-05 -0.0002767848048095406 0.9999999602706308 0.179088000608563
1.0 0.0 0.0 0.0 0.0 1.0 0.0 0.0 0.0 0.0 1.0 0.0
-0.8279718402233285 0.5607696374773514 -0.00021326207849367885 2.5897150569967566 -0.5607695199810485 -0.8279718325182381 -0.0004359089529543383 -2.399173726786076 -0.000421019499458386 -0.0002413294645603678 0.9999998822513284 0.3364288988258354
0.7960402129803825 0.6052437286787961 9.062634806694545e-05 4.968824032257342 -0.6052436905347587 0.7960400872692015 0.0005045079853846237 -4.055662878713938 0.00023320808819831534 -0.00045645966949960787 0.9999998686292703 0.18112664419608018
1.0 0.0 0.0 0.0 0.0 1.0 0.0 0.0 0.0 0.0 1.0 0.0
-0.82797062770123 0.5607714454585718 -0.00016006978042730575 2.589445283426808 -0.5607713178704631 -0.827970580939591 -0.0004961374617645098 -2.396730024466258 -0.0004107527906710984 -0.0003210247039218059 0.999999864112633 0.3340423188703377
0.7960538499548064 0.6052257966892383 5.471752367436252e-05 4.96807602309374 -0.6052255892319449 0.7960534952779725 0.0009048726803949239 -4.053783861230424 0.0005040942129204131 -0.0007534438264544287 0.999999589105628 0.1852509052758517
1.0 0.0 0.0 0.0 0.0 1.0 0.0 0.0 0.0 0.0 1.0 0.0
-0.8279250697903071 0.5608387079509797 -0.00014992194693605592 2.5889004181281097 -0.5608385615979401 -0.827925000493013 -0.0005489839687930236 -2.3908775791076566 -0.0004320155877345633 -0.0003704355816051552 0.9999998380699928 0.3304374486522994
0.7960935277092385 0.6051736008964732 -8.898008848205386e-05 4.9684243811301885 -0.6051732164835073 0.7960931719401155 0.001019628035973737 -4.048784204762932 0.000687888410984416 -0.0007578709137599018 0.9999994762204689 0.19654063409937877
1.0 0.0 0.0 0.0 0.0 1.0 0.0 0.0 0.0 0.0 1.0 0.0
-0.8278720606024181 0.5609169636189885 -0.00010582230292905154 2.587836598863795 -0.5609167665897253 -0.827871902420316 -0.0007029519857825022 -2.385755875489928 -0.00048190500467940045 -0.0005225968049822963 0.999999747330041 0.3275984486179867
0.7961140986644886 0.6051465147834174 -0.00019378625444729458 4.967517274263009 -0.6051457729620638 0.7961135528984953 0.00134326374210825 -4.0454631084038954 0.0009671472355026632 -0.0009521222705802593 0.9999990790442793 0.2063186064510529
1.0 0.0 0.0 0.0 0.0 1.0 0.0 0.0 0.0 0.0 1.0 0.0
-0.827909296506778 0.5608619896803296 -0.00015902664129226635 2.5891106147611316 -0.5608616688947429 -0.8279090701544747 -0.0008717342242033663 -2.389682212993002 -0.0006205821901811848 -0.0006325249208671974 0.9999996073949078 0.3316565651285416
0.7961019591428121 0.6051625062491067 -0.00010807070045140322 4.96804746832943 -0.6051618364990071 0.7961013202807631 0.001356278870574523 -4.04811144117984 0.0009068043478026146 -0.0010143360024514707 0.9999990744137461 0.19930200733794373
1.0 0.0 0.0 0.0 0.0 1.0 0.0 0.0 0.0 0.0 1.0 0.0
-0.8279991177469119 0.5607293668987843 -0.00019521174085454024 2.5893178214301478 -0.5607292886126177 -0.8279991220926701 -0.0003445370162474197 -2.401001689699669 -0.00035482717304333167 -0.00017581540490581304 0.9999999215933073 0.33478417686320905
0.7960239797746154 0.6052650731260809 0.00012197320424919795 4.96949845323865 -0.6052650383555105 0.796023822251132 0.0005547550817953362 -4.056578673476001 0.00023868029889125356 -0.000515424464159149 0.9999998386846554 0.1791312638902648
1.0 0.0 0.0 0.0 0.0 1.0 0.0 0.0 0.0 0.0 1.0 0.0
-0.8279643374170389 0.5607807306283689 -0.0001676945913993461 2.59007585283983 -0.5607806835375307 -0.8279643455573311 -0.00025972485558161285 -2.3983067169548185 -0.00028449383689690966 -0.00012100303037189397 0.9999999522107605 0.3340236283976297
0.7960206429753405 0.605269473011299 3.158717872222647e-05 4.970529831769625 -0.605269458967343 0.7960206107701873 0.00026319277701725835 -4.054986888375912 0.00013415850814664163 -0.00022862563816325107 0.9999999648659055 0.186414082639614
1.0 0.0 0.0 0.0 0.0 1.0 0.0 0.0 0.0 0.0 1.0 0.0
-0.8278946926883399 0.5608835329601832 -0.00020068029517665318 2.589065935860205 -0.5608832829986174 -0.827894578982296 -0.0007134034060255096 -2.3898091586734918 -0.0005662783512827008 -0.000478064670802511 0.999999725391462 0.33327793861793925
0.7960949420049721 0.6051717292873677 -0.00014623760488283703 4.970201434800104 -0.6051712607606106 0.7960945854884994 0.0010752233755398687 -4.04831320116084 0.0007671137549876954 -0.0007674810950752432 0.9999994112544545 0.20097851349955367
1.0 0.0 0.0 0.0 0.0 1.0 0.0 0.0 0.0 0.0 1.0 0.0
-0.8279580704867919 0.5607899797338161 -0.00017929287119981515 2.5895405036892165 -0.5607898832402688 -0.8279580569906326 -0.0004033852525002225 -2.397574968268986 -0.0003746613848453484 -0.0002334404470169596 0.9999999025671975 0.3327410093565829
0.796028613203201 0.6052589911655413 2.3980406554231423e-05 4.971430276220066 -0.6052589634805366 0.7960285634568547 0.0003365817622556053 -4.055601137925773 0.00018463004928707168 -0.0002824430694526696 0.9999999430688271 0.18712269709181684
