1.0 0.0 0.0 0.0 0.0 1.0 0.0 0.0 0.0 0.0 1.0 0.0
-0.8280327045290653 0.5606798002661715 -4.247079605244077e-05 2.585744104942549 -0.5606798009768276 -0.828032705114375 6.128326464936875e-06 -2.411029199784312 -3.1731179285336534e-05 2.8886972215005873e-05 0.9999999990793376 0.3423185040781117
0.7949854930434361 0.6066284399665688 -4.091713107565945e-05 4.96614750236791 -0.6066284388357913 0.7949854940814484 3.73594020233674e-05 -4.062060705256233 5.519180143210227e-05 -4.878687291293688e-06 0.9999999984650316 0.1691067491872454
1.0 0.0 0.0 0.0 0.0 1.0 0.0 0.0 0.0 0.0 1.0 0.0
-0.8280399946737753 0.5606690285603136 -8.737212324567052e-05 2.5858522898375247 -0.5606690324489924 -0.8280399962103724 2.699326577164415e-05 -2.411078916235413 -5.721332450337257e-05 7.13383474489545e-05 0.9999999958187376 0.34185354667642476
0.7949836687135566 0.6066308313442571 -3.068075347577998e-05 4.966094328377231 -0.6066308301237977 0.7949836691837336 4.092040971667223e-05 -4.061959754293625 4.921428013686971e-05 -1.391916649197633e-05 0.9999999986921057 0.16905962657911394
1.0 0.0 0.0 0.0 0.0 1.0 0.0 0.0 0.0 0.0 1.0 0.0
-0.8280316625561293 0.5606813385894517 -4.860117094849769e-05 2.586034635328131 -0.5606813399069065 -0.8280316628786375 1.8725272317424196e-05 -2.410758700167883 -2.9744397649955338e-05 4.2754888017242216e-05 0.9999999986436453 0.3423889371111384
0.7949863777921451 0.6066272809069001 -3.44154837883466e-05 4.966278866503241 -0.6066272796347456 0.794986378450781 4.09958484161889e-05 -4.061734981889066 5.222904087267758e-05 -1.1713769729012304e-05 0.9999999985674575 0.16914405476653474
1.0 0.0 0.0 0.0 0.0 1.0 0.0 0.0 0.0 0.0 1.0 0.0
-0.8280438065984881 0.5606634020909067 -6.252788326800891e-05 2.5864540315859914 -0.5606634052125652 -0.828043804934316 5.626146507839191e-05 -2.4103915820447828 -2.023208195826319e-05 8.164405366209145e-05 0.9999999964624557 0.34156431603618287
0.7949757445405806 0.6066412144311685 -5.0454209499071745e-05 4.966255917232948 -0.6066412105164501 0.7949757456214477 7.467770343341548e-05 -4.061632142421125 8.541244551802039e-05 -2.875936016137217e-05 0.9999999959388066 0.16915657350874388
1.0 0.0 0.0 0.0 0.0 1.0 0.0 0.0 0.0 0.0 1.0 0.0
-0.8280311471560906 0.5606821000909565 -4.4463056594277216e-05 2.5863191605373985 -0.5606821018215364 -0.8280311453573483 5.49106821847996e-05 -2.411076518902746 -6.029359073073928e-06 7.039739518526481e-05 0.9999999975039269 0.3425429820023138
0.7949896514194373 0.6066229909867129 -3.069750085756836e-05 4.96671637570061 -0.6066229900975012 0.79498965196864 3.388136962230266e-05 -4.06190423578903 4.49574133020753e-05 -8.313528466914917e-06 0.9999999989548582 0.1691418056231813
1.0 0.0 0.0 0.0 0.0 1.0 0.0 0.0 0.0 0.0 1.0 0.0
-0.8280302098781627 0.5606834844161056 -4.2803515436326145e-05 2.585924503495879 -0.560683483012578 -0.8280302109259337 -4.0875877444550534e-05 -2.4102551534295795 -5.836103330930132e-05 -9.847237259363813e-06 0.9999999982485107 0.3426949896802819
0.7949839030352388 0.6066305246446547 -2.2004748710281945e-05 4.966115629632595 -0.6066305248445166 0.794983903180798 -3.2077791415901038e-06 -4.06130329518843 1.554748427461354e-05 1.5898885041234482e-05 0.9999999997527503 0.16933548935552484
1.0 0.0 0.0 0.0 0.0 1.0 0.0 0.0 0.0 0.0 1.0 0.0
-0.8280413847072653 0.5606669722970696 -0.00010671134832517361 2.5854475538737267 -0.5606669774739168 -0.8280413877203536 2.433953412667691e-05 -2.410170173652696 -7.471504004676228e-05 7.998367066901667e-05 0.9999999940101375 0.3417957480485129
0.7949742103752132 0.6066432263004459 -2.8672127647831903e-05 4.965811733309482 -0.606643223987595 0.7949742102613939 6.171879693706725e-05 -4.061348875069758 6.0234892130640907e-05 -3.1671099905484034e-05 0.9999999976843497 0.1691091051829585
1.0 0.0 0.0 0.0 0.0 1.0 0.0 0.0 0.0 0.0 1.0 0.0
-0.8280327996643096 0.5606796582318376 -5.9372683178094154e-05 2.5863228870812165 -0.5606796577903704 -0.8280328017022203 -2.540165253819213e-05 -2.4105963421259764 -6.340471906017083e-05 1.2255654219090424e-05 0.9999999979148201 0.34213990084777257
0.794981961428267 0.606633069426295 -9.060733498679895e-06 4.966512406284992 -0.6066330675641682 0.7949819600019963 6.789013819373334e-05 -4.061893919284751 4.83875225920778e-05 -4.8474894666202014e-05 0.999999997654416 0.16909692231669698
1.0 0.0 0.0 0.0 0.0 1.0 0.0 0.0 0.0 0.0 1.0 0.0
-0.828029684815998 0.560684254614204 -8.769967555641722e-05 2.58608544968721 -0.5606842573220403 -0.8280296875896819 7.833648683719634e-06 -2.4102264345451756 -6.82257314795647e-05 5.5658321107275055e-05 0.9999999961237007 0.34293877053966565
0.7949843510477781 0.6066299373110161 -2.733451343750215e-05 4.966541172996372 -0.6066299373172018 0.7949843514619194 9.011067191958498e-06 -4.061472751208712 2.719689356340847e-05 9.418276769343267e-06 0.9999999995858124 0.16930761746961237
1.0 0.0 0.0 0.0 0.0 1.0 0.0 0.0 0.0 0.0 1.0 0.0
-0.8280320798576336 0.5606807199367416 -7.083685195109552e-05 2.5860686199020546 -0.560680721310324 -0.8280320819573458 -5.632380184666858e-07 -2.410797454145991 -5.897098269806539e-05 3.9250478099413824e-05 0.9999999974909116 0.3422815154095751
0.7949877651632196 0.606625462850455 -3.259234566905398e-05 4.966365020387184 -0.6066254613024797 0.7949877656423218 4.6675296431033084e-05 -4.06197232457731 5.422493936167341e-05 -1.7334942871628413e-05 0.9999999983795779 0.16919384869894938
1.0 0.0 0.0 0.0 0.0 1.0 0.0 0.0 0.0 0.0 1.0 0.0
-0.828032556345642 0.5606800205936995 -1.1779242012503547e-05 2.5859688973886064 -0.5606800206206872 -0.8280325556297456 3.59730343812796e-05 -2.4107226768186947 1.0415765790730317e-05 3.6391229272717955e-05 0.9999999992835951 0.34246344251422484
0.7949848769709724 0.6066292484801091 -1.6610438987164316e-05 4.9661521876251316 -0.606629247303653 0.7949848766960258 4.6264545986877674e-05 -4.061793986497577 4.127047455336609e-05 -2.6703236299331995e-05 0.9999999987918424 0.16927140247879618
1.0 0.0 0.0 0.0 0.0 1.0 0.0 0.0 0.0 0.0 1.0 0.0
-0.8280429981019587 0.5606645969806767 -5.4651766634902305e-05 2.585513499429827 -0.5606645993604065 -0.8280429968508269 4.8891070220669675e-05 -2.410459572688445 -1.784252044632295e-05 7.112521921063804e-05 0.9999999973114239 0.341927188091891
0.7949756013947277 0.6066414039450251 -1.4377078750429973e-05 4.965596312564185 -0.6066414011204961 0.7949755996017344 8.052591720282524e-05 -4.061604712933379 6.027978226602121e-05 -5.52944082589935e-05 0.9999999966544383 0.1689850571675421
1.0 0.0 0.0 0.0 0.0 1.0 0.0 0.0 0.0 0.0 1.0 0.0
-0.8280229519283707 0.5606942023029016 -5.0830508828168625e-05 2.5858728418808283 -0.5606942019692496 -0.8280229534240044 -2.193298599045689e-05 -2.410698806897023 -5.438652612801531e-05 1.0339355778634769e-05 0.9999999984676017 0.34295859900649067
0.7949947389247749 0.6066163241899407 -1.7556002988368633e-05 4.966185690678582 -0.6066163243675995 0.7949947380324643 -3.8877183026333185e-05 -4.061626365609356 -9.626603865679146e-06 4.1556913973580534e-05 0.9999999990901757 0.1693948287503268
1.0 0.0 0.0 0.0 0.0 1.0 0.0 0.0 0.0 0.0 1.0 0.0
-0.8280263621378373 0.5606891684137747 -5.314946795286964e-06 2.585549106514325 -0.5606891683261235 -0.8280263617438088 2.7911853384143026e-05 -2.41093939461103 1.1248957805085227e-05 2.6091783516545577e-05 0.9999999995963398 0.34300127293563676
0.7949881150513525 0.6066250042923902 -3.308103597363964e-05 4.965821230421902 -0.6066250046502982 0.794988115465902 -9.9923783350308e-07 -4.061941235539315 2.5692867791301902e-05 2.0862165803098533e-05 0.9999999994523231 0.1693385055446119
1.0 0.0 0.0 0.0 0.0 1.0 0.0 0.0 0.0 0.0 1.0 0.0
-0.8280316958687969 0.5606812910852598 2.1531642867167456e-05 2.5855295144103825 -0.5606812895909816 -0.8280316956087732 5.069373711854749e-05 -2.4112005658278135 4.625191273011213e-05 2.990363182642445e-05 0.9999999984832667 0.3427599656738998
0.7949868343312381 0.606626682824776 -3.0413910681517357e-05 4.966046145422672 -0.6066266813994264 0.7949868347230072 4.5071203898062886e-05 -4.062165121266774 5.152005349584864e-05 -1.738112400131361e-05 0.9999999985217904 0.16920336837191144
1.0 0.0 0.0 0.0 0.0 1.0 0.0 0.0 0.0 0.0 1.0 0.0
-0.8280287626257088 0.5606856217739848 -4.243181475263769e-05 2.5867205505807522 -0.560685622675554 -0.8280287630072951 1.2551313183009873e-05 -2.4106766841137057 -2.809742224567472e-05 3.418375680009221e-05 0.9999999990210027 0.3423579397525755
0.7949898634496638 0.6066227136295681 1.7916037473813592e-05 4.966507130890378 -0.606622713497928 0.7949898615162773 5.962165266838871e-05 -4.061686874357276 2.192478058254219e-05 -5.826688478098073e-05 0.9999999980621371 0.16875106107431698
1.0 0.0 0.0 0.0 0.0 1.0 0.0 0.0 0.0 0.0 1.0 0.0
-0.8280301740750963 0.5606835388877898 -6.436643881076939e-06 2.5866436926846013 -0.5606835385873606 -0.8280301739205378 -2.5184910305967922e-05 -2.4105386618448303 -1.945049998923307e-05 -1.7244945396845816e-05 0.9999999996621449 0.3419053253481356
0.7949864150224886 0.6066272305969962 -5.5026446158201283e-05 4.966212537253384 -0.6066272318885704 0.794986415889167 -9.105320271983374e-06 -4.061890575529319 3.8221741990138804e-05 4.0619146634266014e-05 0.9999999984445919 0.16960036998815606
1.0 0.0 0.0 0.0 0.0 1.0 0.0 0.0 0.0 0.0 1.0 0.0
-0.8280265488878775 0.5606888926449738 1.1764219665589657e-06 2.5859993217541644 -0.560688892537795 -0.8280265486846897 -2.1402349593722517e-05 -2.4103879652726556 -1.1025951072943023e-05 -1.838132040176567e-05 0.9999999997702775 0.34295657676835783
0.7949932211835733 0.6066183130220149 -2.4051855227456843e-05 4.9657994839056965 -0.6066183134744703 0.7949932201714234 -4.048284293724976e-05 -4.061669782524977 -5.436572050556984e-06 4.677388156335455e-05 0.9999999988913237 0.1698008302574293
1.0 0.0 0.0 0.0 0.0 1.0 0.0 0.0 0.0 0.0 1.0 0.0
-0.8280280859865701 0.5606866224520938 1.4855308077685508e-05 2.585990806887326 -0.5606866221461849 -0.8280280860754908 2.04073624523861e-05 -2.41088557654803 2.3742747442209905e-05 8.568696764466233e-06 0.9999999996814296 0.3425534843500073
0.7949888526272312 0.6066240382678796 -1.984968042425955e-05 4.965798022838463 -0.6066240382675908 0.7949888528468335 6.722827940430996e-06 -4.061866866195983 1.9858503703660967e-05 6.6967200265069486e-06 0.9999999997803969 0.16933865584390828
1.0 0.0 0.0 0.0 0.0 1.0 0.0 0.0 0.0 0.0 1.0 0.0
-0.8280431939276531 0.5606643096886716 2.8834290614535304e-05 2.5869016476381512 -0.5606643072904034 -0.8280431936382662 6.3244858628827e-05 -2.4099583808570593 5.933517309124226e-05 3.620311716491048e-05 0.9999999975843359 0.34143746508888817
0.7949758527183841 0.6066410721125044 -5.675270301911609e-05 4.9666783334613225 -0.6066410677666421 0.7949758542781311 7.75480679912674e-05 -4.061231334823517 9.216087167168782e-05 -2.7220321119857037e-05 0.9999999953827139 0.16900710751596507
