1.0 0.0 0.0 0.0 0.0 1.0 0.0 0.0 0.0 0.0 1.0 0.0
-0.8280391364568206 0.5606703021388852 -2.8201663021973614e-05 2.58626369578357 -0.5606703028423696 -0.828039135629283 3.7107344520411076e-05 -2.410743449630777 -2.5470946081958345e-06 4.6538168460078536e-05 0.9999999989138555 0.34211443436432964
0.794976487265957 0.6066402431386918 9.945283741218259e-06 4.9658423870682284 -0.6066402422211787 0.7949764849090721 7.042333329489521e-05 -4.062164245605668 3.481536132263278e-05 -6.201810346207211e-05 0.9999999974708227 0.16912754238480532
1.0 0.0 0.0 0.0 0.0 1.0 0.0 0.0 0.0 0.0 1.0 0.0
-0.8280313674211147 0.5606817733680742 -5.982934508894e-05 2.5854648183552893 -0.5606817739310471 -0.8280313691579224 -8.484747733066784e-06 -2.4106084123934526 -5.429781793537455e-05 2.6519586069966935e-05 0.9999999981742294 0.3422812019968331
0.7949826167921391 0.6066322106499502 5.274341989526402e-07 4.965866302517561 -0.6066322102294235 0.7949826162080608 3.7936167026837006e-05 -4.062036152797195 2.2593999847711934e-05 -3.047855190792125e-05 0.9999999992802845 0.16919110932177064
1.0 0.0 0.0 0.0 0.0 1.0 0.0 0.0 0.0 0.0 1.0 0.0
-0.8280393514563341 0.5606699852723949 7.377350546371787e-06 2.585163902507487 -0.560669983828397 -0.828039350140468 6.207105545029454e-05 -2.4113522764861246 4.091011429732795e-05 4.726101748773776e-05 0.9999999980463793 0.34263494536221384
0.7949823042378047 0.6066326198100902 2.3045541537559482e-05 4.965306660810727 -0.6066326202456408 0.7949823037633883 2.7512996511076602e-05 -4.0621788855912 -1.6305165506634214e-06 -3.585252261077367e-05 0.999999999355969 0.16930368691500172
1.0 0.0 0.0 0.0 0.0 1.0 0.0 0.0 0.0 0.0 1.0 0.0
-0.8280362660481542 0.5606745414997318 -2.4961896632278018e-05 2.585352910687585 -0.5606745416626341 -0.8280362663139074 -5.653321307134023e-07 -2.4105029332262093 -2.0986323020684618e-05 1.3527384446738134e-05 0.999999999688292 0.34224575340386454
0.7949833081848197 0.606631302784919 4.678665751006483e-05 4.965269890816338 -0.6066313045882481 0.7949833059513584 5.9600407681749537e-05 -4.061785303320011 -1.0391387032701165e-06 -7.576358035065506e-05 0.9999999971294 0.16918024682290386
1.0 0.0 0.0 0.0 0.0 1.0 0.0 0.0 0.0 0.0 1.0 0.0
-0.8280388444014488 0.5606707325220501 -4.3075525013637664e-05 2.585579671679361 -0.5606707338131562 -0.8280388441875918 2.7602436761214392e-05 -2.410825062025928 -2.019232950676874e-05 4.7007076057203544e-05 0.9999999986913024 0.34210227623803946
0.794981923987581 0.6066331185500852 3.3468692255718897e-06 4.965615545762683 -0.6066331179844686 0.7949819229819696 4.792005056962952e-05 -4.0618941155288 2.6409189185220635e-05 -4.012589571321512e-05 0.9999999988462337 0.1691562265727237
1.0 0.0 0.0 0.0 0.0 1.0 0.0 0.0 0.0 0.0 1.0 0.0
-0.8280338891771887 0.5606780504960562 -4.545371781618559e-05 2.585229544985861 -0.5606780515252827 -0.828033889621529 1.3268502778803363e-05 -2.410934252274458 -3.0197860490074786e-05 3.6471671899254764e-05 0.9999999988789531 0.34232527353806996
0.7949861103285386 0.6066276319397255 -2.3492576471390258e-05 4.965495413902527 -0.6066276318318227 0.7949861106630172 1.2288347597261699e-05 -4.0621488629239435 2.6130723201826664e-05 4.4821803717567495e-06 0.9999999996485478 0.1693674585392303
1.0 0.0 0.0 0.0 0.0 1.0 0.0 0.0 0.0 0.0 1.0 0.0
-0.8280415681667302 0.5606667072256827 -6.925816075899217e-05 2.5857543283298825 -0.5606667107604937 -0.828041567110873 5.08092395997296e-05 -2.4111608335332773 -2.886158690707189e-05 8.090290762157973e-05 0.9999999963108642 0.3423607181992607
0.7949817110564277 0.6066333975870525 4.216928977118334e-06 4.965821555325152 -0.6066333970761619 0.7949817100591482 4.7151532447853565e-05 -4.062179134646943 2.5251312920854602e-05 -4.004273589494849e-05 0.999999998879475 0.16914413172889328
1.0 0.0 0.0 0.0 0.0 1.0 0.0 0.0 0.0 0.0 1.0 0.0
-0.8280398481849003 0.5606692511158012 -2.590702989198817e-05 2.585478117836105 -0.5606692516830645 -0.828039847742843 2.7697683308966307e-05 -2.4109788978294793 -5.9228137287532e-06 3.74600605450967e-05 0.9999999992808322 0.342041495621979
0.79497887261968 0.6066371172880606 -4.0956471898810585e-06 4.965463464238654 -0.606637116428803 0.7949788718196331 4.828384451972107e-05 -4.0619001472880205 3.2546725233408676e-05 -3.590006468085244e-05 0.9999999988259479 0.1692056982099875
1.0 0.0 0.0 0.0 0.0 1.0 0.0 0.0 0.0 0.0 1.0 0.0
-0.8280338406934024 0.5606781233061906 -2.669045742721748e-05 2.5860055229093604 -0.5606781238654567 -0.8280338404268175 2.295052199053212e-05 -2.4107750209089933 -9.232746367660627e-06 3.396856446513967e-05 0.9999999993804464 0.34218011080076194
0.794984800421759 0.6066293468160969 -5.176728127317347e-05 4.965711144387398 -0.6066293477910653 0.7949848013528901 -4.061121568543455e-06 -4.062061560131367 3.869060629506807e-05 3.463208199531931e-05 0.999999998651828 0.16965746260831546
1.0 0.0 0.0 0.0 0.0 1.0 0.0 0.0 0.0 0.0 1.0 0.0
-0.8280382145084553 0.5606716630035662 -4.023015495157604e-05 2.585531918212391 -0.560671663776693 -0.8280382148954292 1.0519802547720282e-05 -2.410624122089723 -2.7413950502164647e-05 3.126670642929308e-05 0.9999999991354341 0.3420966394058511
0.7949781163108737 0.6066381079720978 2.32991215966853e-05 4.965505606809375 -0.6066381077740574 0.794978113106957 7.666299107190624e-05 -4.061911331876519 2.7984400131359454e-05 -7.507953527131515e-05 0.9999999967899685 0.1690348496742447
1.0 0.0 0.0 0.0 0.0 1.0 0.0 0.0 0.0 0.0 1.0 0.0
-0.8280413710640158 0.5606670012903583 -3.834712302833182e-05 2.5856085310147896 -0.5606670025319471 -0.8280413701033832 4.085526867220165e-05 -2.4110790884893847 -8.84680331854627e-06 5.532981921053994e-05 0.9999999984301726 0.3421697059185057
0.7949791965671423 0.6066366927606265 -4.68082318971106e-06 4.965650695505557 -0.6066366918215185 0.7949791957225878 5.0041102808357026e-05 -4.062159711598038 3.407792616443039e-05 -3.694207661111021e-05 0.9999999987369887 0.1692261220405906
1.0 0.0 0.0 0.0 0.0 1.0 0.0 0.0 0.0 0.0 1.0 0.0
-0.8280299136397665 0.5606839199713866 -6.327115916583586e-05 2.58542987016006 -0.5606839214626397 -0.8280299150148743 7.3303774170396715e-06 -2.4109341155985007 -4.828038780193983e-05 4.1544893416155564e-05 0.999999997971513 0.3426434675276289
0.7949947542851777 0.6066163031044352 3.8300880823372576e-05 4.965475851630636 -0.6066163024019359 0.7949947552077985 -2.9194108231278583e-05 -4.062007107149364 -4.8158621382108185e-05 -2.4775803908992146e-08 0.9999999988403734 0.16944994828551138
1.0 0.0 0.0 0.0 0.0 1.0 0.0 0.0 0.0 0.0 1.0 0.0
-0.82804498762858 0.5606616609025398 2.1382005134160976e-05 2.5856020370522486 -0.5606616574737507 -0.8280449858217339 8.540650427215655e-05 -2.4104817491858275 6.558941467526072e-05 5.873235733480847e-05 0.9999999961242697 0.34192852428178605
0.7949712908804347 0.6066470510703266 -4.5864702159933204e-05 4.965445408200404 -0.6066470481206047 0.7949712918655496 6.415742457086192e-05 -4.0615666501175145 7.538203394729206e-05 -2.3179624452402994e-05 0.999999996890127 0.16904902906732897
1.0 0.0 0.0 0.0 0.0 1.0 0.0 0.0 0.0 0.0 1.0 0.0
-0.8280428909757479 0.5606647575405743 -1.8881047309123918e-05 2.5855691256856055 -0.5606647577213804 -0.8280428910484888 5.769385048416738e-06 -2.4107412882803807 -1.2399626130547049e-05 1.5363236089738425e-05 0.99999999980511 0.3415852246296513
0.7949776691301924 0.606638693509061 -3.349546365166911e-05 4.9653576968021325 -0.6066386919301925 0.794977669653858 4.695685496062625e-05 -4.0621329497856955 5.511399078238735e-05 -1.701000685103934e-05 0.9999999983365536 0.16936286189633598
1.0 0.0 0.0 0.0 0.0 1.0 0.0 0.0 0.0 0.0 1.0 0.0
-0.8280387107649115 0.5606709315407542 7.442392193745462e-08 2.5858834876546033 -0.5606709311708749 -0.8280387102234549 3.6214095947391155e-05 -2.4106132108260416 2.0365816798055366e-05 2.9944945990179572e-05 0.9999999993442669 0.3418825813237487
0.7949806594453932 0.6066347752795516 -2.3006424494108595e-05 4.965589983752123 -0.606634774187047 0.7949806595627065 4.084452311475006e-05 -4.06182469433858 4.306737061962146e-05 -1.8514108792661555e-05 0.9999999989012145 0.16933833723861627
1.0 0.0 0.0 0.0 0.0 1.0 0.0 0.0 0.0 0.0 1.0 0.0
-0.8280373607004734 0.56067292510498 1.8396187325778758e-05 2.586225246441835 -0.5606729240293741 -0.8280373605204225 4.2926948209790534e-05 -2.410297910153857 3.930070801549163e-05 2.5230872759623294e-05 0.9999999989094287 0.34161682575747054
0.7949796738429392 0.606636067162262 1.3945540291386623e-05 4.965912407778268 -0.6066360664629169 0.7949796712825354 7.151162283180245e-05 -4.061674256567178 3.229510859437191e-05 -6.531015430187745e-05 0.9999999973458047 0.16907278402300516
1.0 0.0 0.0 0.0 0.0 1.0 0.0 0.0 0.0 0.0 1.0 0.0
-0.8280429427833622 0.5606646787613043 -5.3815913727006105e-05 2.585442208525352 -0.5606646794890321 -0.8280429440373106 -1.8666399019211425e-06 -2.41106047558406 -4.560844669953798e-05 2.8627024023657374e-05 0.9999999985501814 0.34181201326028443
0.7949776980868831 0.6066386564544327 6.29611913340369e-06 4.9654634980762 -0.606638655787759 0.7949776966292429 5.626796587816203e-05 -4.062219667011274 2.9129048935378284e-05 -4.85512472376247e-05 0.9999999983971374 0.16924822412389423
1.0 0.0 0.0 0.0 0.0 1.0 0.0 0.0 0.0 0.0 1.0 0.0
-0.8280417666919458 0.5606664175924261 -2.8244596281783114e-05 2.5851301075703783 -0.5606664171828343 -0.8280417671712764 -2.1522844490605658e-05 -2.4111446692308665 -3.545484153515231e-05 -1.9860175741562942e-06 0.9999999993695049 0.34177792980332333
0.7949781716702207 0.6066380351448664 2.9722861966906564e-05 4.965027128655236 -0.6066380358666619 0.7949781704833997 4.352819555982423e-05 -4.06211061954335 2.776832599836268e-06 -5.2634983926193435e-05 0.9999999986109237 0.16947592597177524
1.0 0.0 0.0 0.0 0.0 1.0 0.0 0.0 0.0 0.0 1.0 0.0
-0.82803437634247 0.5606773256776126 8.981166785854345e-05 2.5846642524680856 -0.5606773234274536 -0.828034381172423 5.0898218040748305e-05 -2.411052468480926 0.00010290462559014717 -8.209891315169114e-06 0.9999999946716179 0.3432267054498185
0.794978454553006 0.6066376604213285 7.586205547477127e-05 4.964870591525674 -0.6066376648269903 0.7949784520672247 6.604585454258198e-05 -4.061826700589866 -2.024279675173592e-05 -9.85258115560842e-05 0.9999999949414466 0.1693483030894463
1.0 0.0 0.0 0.0 0.0 1.0 0.0 0.0 0.0 0.0 1.0 0.0
-0.8280474849983087 0.5606579702116634 -5.501011418280293e-05 2.5862303066072347 -0.5606579726658595 -0.8280474835491758 5.1711559206125064e-05 -2.4108916908715976 -1.655848879783939e-05 7.36614856398241e-05 0.999999997149901 0.3417107308007417
0.7949691775489206 0.6066498203970717 -4.646926404300567e-05 4.965823576517895 -0.6066498145381802 0.7949691773625397 9.779733426897338e-05 -4.062284840221371 9.627036787848614e-05 -4.955529597685004e-05 0.9999999941381444 0.16946068810761128
