1.0 0.0 0.0 0.0 0.0 1.0 0.0 0.0 0.0 0.0 1.0 0.0
-0.976027175427816 -0.21764869103092246 1.0905307349845705e-05 -2.038336009820689 0.21764869104665954 -0.9760271754851942 2.633193510714805e-07 0.8046647991069575 1.0586565218383126e-05 2.6305327126203577e-06 0.9999999999405026 0.4788309732096053
0.6895025475933398 -0.7242832561922732 -4.076533325443163e-05 -4.208109253696246 0.7242832547168324 0.689502548794267 -4.6292556576802784e-05 2.0680310140611646 6.163672479628406e-05 2.393187445176743e-06 0.9999999980975934 0.03915450493844369
1.0 0.0 0.0 0.0 0.0 1.0 0.0 0.0 0.0 0.0 1.0 0.0
-0.9760321571326974 -0.2176263476693829 -3.2295201511965265e-05 -2.037281295662667 0.21762634760124602 -0.9760321576658223 5.651792997347798e-06 0.8051411602197386 -3.275113428177458e-05 -1.5119550392313765e-06 0.9999999994625386 0.479166231624519
0.6894843404607565 -0.7243005738396519 -0.0001516408490934737 -4.207692508554549 0.7243005802172051 0.6894843502124879 -1.758076045008767e-05 2.068580977839077 0.00011728774718541162 -9.771189595931253e-05 0.9999999883479848 0.04011182759145582
1.0 0.0 0.0 0.0 0.0 1.0 0.0 0.0 0.0 0.0 1.0 0.0
-0.9760278553405981 -0.21764564004122394 3.11492931450039e-05 -2.038399247038252 0.21764564131206918 -0.9760278544771804 4.585335220075465e-05 0.804429346271455 2.042279556902997e-05 5.1533656891641027e-05 0.9999999984635959 0.47920920951136253
0.6894984370189904 -0.7242871687515902 -5.0300839866397914e-05 -4.208064666697791 0.7242871656651093 0.6894984387782593 -6.763981822411931e-05 2.067878141313793 8.367300299353467e-05 1.020529620836942e-05 0.9999999964473402 0.03898199878122999
1.0 0.0 0.0 0.0 0.0 1.0 0.0 0.0 0.0 0.0 1.0 0.0
-0.9760277720963554 -0.21764601538585845 9.125991057480065e-06 -2.0383963637979647 0.21764601517988635 -0.9760277719902087 -1.9497296069750456e-05 0.8049635564440251 1.3150729519415926e-05 -1.704366685664165e-05 0.9999999997682859 0.47898646950137974
0.6894999654831162 -0.7242857142192994 -4.214998806310384e-05 -4.208190500921383 0.724285711695048 0.6894999666674726 -6.164376701902462e-05 2.068353684241738 7.371011518708843e-05 1.1974741129643496e-05 0.9999999972117125 0.03929190887384926
1.0 0.0 0.0 0.0 0.0 1.0 0.0 0.0 0.0 0.0 1.0 0.0
-0.97602766838127 -0.2176464792895421 2.4639174196901403e-05 -2.038664845382577 0.21764648013540736 -0.9760276677052134 3.9478964641816584e-05 0.8042805441190011 1.5456058065296595e-05 4.389519134685946e-05 0.9999999989171613 0.47929394755416166
0.6895004790167701 -0.7242852257069067 -3.5473074615574086e-05 -4.2082187091327485 0.7242852238347879 0.6895004798414143 -5.322640967737679e-05 2.067732318283077 6.30098041156334e-05 1.1007011180844246e-05 0.999999997954305 0.03879428597149509
1.0 0.0 0.0 0.0 0.0 1.0 0.0 0.0 0.0 0.0 1.0 0.0
-0.9760283901342814 -0.21764324168981625 3.160112491945657e-05 -2.0385475716288903 0.21764324284358 -0.9760283895955437 3.934539918771955e-05 0.8048209397346111 2.2280334839748868e-05 4.527999793335518e-05 0.9999999987266541 0.4793341422392182
0.6895097699570679 -0.7242763816782224 8.76659625369472e-06 -4.207843785779453 0.7242763808854893 0.689509769686323 3.99816289550789e-05 2.068303304521814 -3.50024033170016e-05 -2.121828517601219e-05 0.999999999162308 0.038401798858881675
1.0 0.0 0.0 0.0 0.0 1.0 0.0 0.0 0.0 0.0 1.0 0.0
-0.9760256792569653 -0.21765539943877288 2.2937481566159346e-05 -2.039162295566526 0.21765539986132804 -0.9760256792686851 1.7869173008989355e-05 0.8041456397244846 1.8498249037412848e-05 2.2433238445943468e-05 0.9999999995772821 0.47920549172161353
0.6895009696578106 -0.7242847588246599 -3.1228887890615455e-05 -4.208582093733435 0.7242847571968845 0.6895009702632899 -4.998231829782927e-05 2.067556148680459 5.7733779854659634e-05 1.1844249448711101e-05 0.9999999982632625 0.03889788374694747
1.0 0.0 0.0 0.0 0.0 1.0 0.0 0.0 0.0 0.0 1.0 0.0
-0.9760290847908217 -0.2176401282337235 -1.4993296046739165e-05 -2.038524565452773 0.2176401280532824 -0.976029084862465 1.2786258312795854e-05 0.8043840811895395 -1.741669591839788e-05 9.216617127399397e-06 0.9999999998058564 0.4790032813796203
0.6895022551400295 -0.7242835342791427 -4.61403043106294e-05 -4.208072007333381 0.7242835349989264 0.6895022559259402 -1.5806053929844954e-06 2.067803102362177 3.2958650371617034e-05 -3.232883172907934e-05 0.999999998934287 0.039241588087976786
1.0 0.0 0.0 0.0 0.0 1.0 0.0 0.0 0.0 0.0 1.0 0.0
-0.9760253764446697 -0.21765675734788015 2.2734265816065715e-05 -2.039075215545414 0.21765675827586448 -0.9760253750563069 5.313226057139445e-05 0.8044065163275532 1.0624624773223249e-05 5.6806701224858166e-05 0.9999999983300581 0.47901920472362725
0.6895064683310237 -0.7242795241355102 3.236847337016972e-05 -4.208706622781433 0.7242795195459656 0.6895064679977444 9.030803335320087e-05 2.0675718156403304 -8.772653117061282e-05 -3.8824150798300916e-05 0.9999999953983707 0.03860946394425646
1.0 0.0 0.0 0.0 0.0 1.0 0.0 0.0 0.0 0.0 1.0 0.0
-0.9760276241592559 -0.2176466789417206 4.86606822910911e-06 -2.038660467399447 0.21764667875540125 -0.9760276238873531 -2.521012315247172e-05 0.804766128812643 1.023631659117771e-05 -2.3546693016609717e-05 0.9999999996703854 0.47905570352143023
0.689502603630625 -0.7242832035048317 -2.6596406145167032e-05 -4.2083259822567864 0.7242832024039181 0.6895026040854249 -4.0926077570204384e-05 2.0681657116696126 4.798036186585608e-05 8.955306825797876e-06 0.9999999988088436 0.039033913527442066
1.0 0.0 0.0 0.0 0.0 1.0 0.0 0.0 0.0 0.0 1.0 0.0
-0.9760297543140751 -0.21763712596277088 9.811796948321022e-06 -2.038371485245856 0.21763712618121075 -0.9760297530839366 4.901523434020836e-05 0.804360061940028 -1.0909289774172918e-06 4.9975738421228326e-05 0.9999999987506174 0.4796360573284279
0.6894924858464287 -0.7242928335205138 -5.72025899168613e-05 -4.20793071409121 0.7242928336475118 0.6894924877262048 -2.2270741755625955e-05 2.067856785306428 5.5571294676936613e-05 -2.6075916848135367e-05 0.9999999981159388 0.03911790361945422
1.0 0.0 0.0 0.0 0.0 1.0 0.0 0.0 0.0 0.0 1.0 0.0
-0.9760223141195418 -0.2176704902691298 -2.594519914386267e-06 -2.038117206150776 0.2176704897194432 -0.9760223106571876 -8.369409847535737e-05 0.8040512193029137 1.5685426125877453e-05 -8.225205809242059e-05 0.9999999964942828 0.4780296092182503
0.6895307850709628 -0.7242563740402252 3.318926229806162e-05 -4.2078832983999614 0.7242563746104459 0.6895307852161682 -8.678063932652367e-06 2.0673853267783437 -1.6599874975575366e-05 3.002132702436721e-05 0.9999999994115819 0.03789846328382657
1.0 0.0 0.0 0.0 0.0 1.0 0.0 0.0 0.0 0.0 1.0 0.0
-0.9760272053499751 -0.21764855680286888 1.1762087894499625e-05 -2.038256079020699 0.2176485567501409 -0.976027205416503 -5.606470736962459e-06 0.8051431540200444 1.2700358042188819e-05 -2.91206651067064e-06 0.9999999999151105 0.4786949391048406
0.6895099469224566 -0.7242762127824635 2.6315045211377734e-05 -4.208034956922142 0.7242762089037464 0.6895099463048692 8.463257206156808e-05 2.0686154598201063 -7.944184418150313e-05 -3.929563908725777e-05 0.999999996072423 0.03801375222254877
1.0 0.0 0.0 0.0 0.0 1.0 0.0 0.0 0.0 0.0 1.0 0.0
-0.9760282526076691 -0.21764386063688518 -6.2203245106803205e-06 -2.038260467035494 0.21764386057486165 -0.9760282525965895 9.344405807245989e-06 0.8043607836792666 -8.104965017991407e-06 7.766588631167827e-06 0.9999999999369947 0.4790504639574069
0.6895001082392928 -0.7242855776279834 -5.270769864632429e-05 -4.2079383442530425 0.7242855786698578 0.6895001091587141 9.950893141474951e-07 2.0677371871446573 3.562123513143897e-05 -3.8861540204239095e-05 0.9999999986104541 0.03918836147464577
1.0 0.0 0.0 0.0 0.0 1.0 0.0 0.0 0.0 0.0 1.0 0.0
-0.9760282526076691 -0.21764386063688518 -6.2203245106803205e-06 -2.038260467035494 0.21764386057486165 -0.9760282525965895 9.344405807245989e-06 0.8043607836792666 -8.104965017991407e-06 7.766588631167827e-06 0.9999999999369947 0.4790504639574069
0.6895001082392928 -0.7242855776279834 -5.270769864632429e-05 -4.2079383442530425 0.7242855786698578 0.6895001091587141 9.950893141474951e-07 2.0677371871446573 3.562123513143897e-05 -3.8861540204239095e-05 0.9999999986104541 0.03918836147464577
1.0 0.0 0.0 0.0 0.0 1.0 0.0 0.0 0.0 0.0 1.0 0.0
-0.9760258374107282 -0.21765468908782035 3.2012033114136634e-05 -2.039258010775934 0.2176546896225691 -0.9760258377123786 1.4253177393169926e-05 0.8043901219488945 2.814230054307861e-05 2.087903853257386e-05 0.9999999993860383 0.4793023383619308
0.6894891226377562 -0.7242960362977336 -3.9593037305601545e-05 -4.208720001435376 0.7242960331014783 0.6894891234763586 -7.10018601900873e-05 2.067471424488222 7.872533449304458e-05 2.0277930429222426e-05 0.9999999966955637 0.03933599937780824
1.0 0.0 0.0 0.0 0.0 1.0 0.0 0.0 0.0 0.0 1.0 0.0
-0.9760270023040448 -0.2176494675460075 7.093633138438525e-06 -2.0387491661825434 0.21764946748377983 -0.9760270023056982 -8.612759787474648e-06 0.8046757705605887 8.798140069420726e-06 -6.862360641871181e-06 0.9999999999377506 0.4789486393725539
0.6895046761056657 -0.7242812306410484 -2.3864394022531664e-05 -4.20845055688405 0.7242812297322064 0.6895046764675548 -3.7242114201580294e-05 2.068096429477464 4.342837558519893e-05 8.39407924059798e-06 0.9999999990217577 0.03902612175032821
1.0 0.0 0.0 0.0 0.0 1.0 0.0 0.0 0.0 0.0 1.0 0.0
-0.9760262601164245 -0.21765279432721896 2.616675437444951e-05 -2.0386949586717398 0.21765279483142327 -0.9760262601842606 1.8242683700080037e-05 0.8039759350924589 2.1568868329905284e-05 2.3500605567540864e-05 0.9999999994912528 0.47911769028022705
0.6895045338350021 -0.7242813658612719 -2.9784344869981762e-05 -4.208237725622135 0.7242813569245862 0.689504530839058 -0.00013402943773770413 2.067500729926158 0.00011761146496621237 7.0841659269966e-05 0.9999999905745013 0.038243225918351664
1.0 0.0 0.0 0.0 0.0 1.0 0.0 0.0 0.0 0.0 1.0 0.0
-0.9760273145254132 -0.21764806739846296 7.617340525166316e-06 -2.0385030719927033 0.2176480672659017 -0.9760273144652886 -1.5267439293223344e-05 0.8048332393635942 1.0757661072439064e-05 -1.3243538330033254e-05 0.9999999998544407 0.47875528910371307
0.6895006927603047 -0.7242850226790941 -2.461308660235667e-05 -4.208492359379605 0.7242850219034045 0.6895006931768154 -3.398641926351363e-05 2.0683274768989968 4.158659472059295e-05 5.606769657731102e-06 0.9999999991195596 0.03881831764042132
1.0 0.0 0.0 0.0 0.0 1.0 0.0 0.0 0.0 0.0 1.0 0.0
-0.9760283269667243 -0.21764352686683394 1.3095913508603403e-05 -2.0390589558756176 0.21764352723277136 -0.9760283260402339 4.267055290195235e-05 0.8044197971122466 3.495012912832623e-06 4.449790916798448e-05 0.9999999990038606 0.479653545174969
0.6894950296718247 -0.7242904126009971 -4.766682404744069e-05 -4.208700648548415 0.7242904109090179 0.6894950313193893 -4.9508784940935954e-05 2.0676357533619 6.872477661172906e-05 -3.885624341823472e-07 0.999999997638377 0.03911140287600606
