1.0 0.0 0.0 0.0 0.0 1.0 0.0 0.0 0.0 0.0 1.0 0.0
-0.9760259685139455 -0.21765409948211115 -4.201245097807721e-05 -2.0389375094952205 0.21765410057585985 -0.9760259688925778 -2.3448197669215194e-05 0.804312845285537 -3.5901646823259315e-05 -3.2030232070627116e-05 0.9999999988425681 0.47877008092890494
0.6895110909189581 -0.7242751232842232 -3.5935670188596e-05 -4.208371607630362 0.7242751231630485 0.6895110917299229 -1.8669835660781364e-05 2.0675735663210615 3.830014070870771e-05 -1.3154253198041362e-05 0.9999999991800325 0.03930574039036577
1.0 0.0 0.0 0.0 0.0 1.0 0.0 0.0 0.0 0.0 1.0 0.0
-0.9760268413825977 -0.21765018927767457 2.846335815976055e-06 -2.0382452593955884 0.2176501891804407 -0.976026841206321 -1.9862770036748904e-05 0.8040518324369099 7.101235813555533e-06 -1.876709117125246e-05 0.9999999997986844 0.4788037229698937
0.6895048059045896 -0.7242811066549465 -3.4309778160007174e-05 -4.207934370984805 0.7242811044660611 0.6895048065861996 -5.8377654692854204e-05 2.067488345370746 6.59385892990935e-05 1.5401749448447055e-05 0.9999999977074444 0.038803416040484706
1.0 0.0 0.0 0.0 0.0 1.0 0.0 0.0 0.0 0.0 1.0 0.0
-0.9760267135077243 -0.21765076231829816 1.3474926194860761e-05 -2.0388481559278477 0.2176507623069756 -0.976026713600512 -2.318839013922967e-06 0.8048784075080282 1.3656585009055078e-05 6.695791364218957e-07 0.9999999999065247 0.47887730419759283
0.6894964175900085 -0.7242890924999963 -2.4820894265043096e-05 -4.208716333403242 0.7242890908973966 0.6894964178190677 -5.120251153122947e-05 2.068065896244417 5.4199338293499225e-05 1.7326445329911663e-05 0.999999998381113 0.03943700877957951
1.0 0.0 0.0 0.0 0.0 1.0 0.0 0.0 0.0 0.0 1.0 0.0
-0.976027784910494 -0.21764595810933385 1.1761193889400212e-06 -2.0384603133778234 0.2176459579470626 -0.9760277843649948 -3.371738705949252e-05 0.8050394176677482 8.486378212843557e-06 -3.2653128973572e-05 0.9999999994308771 0.47910668356534125
0.6895133937795209 -0.7242729316765796 1.5468047510690943e-05 -4.2078847575627645 0.7242729300323523 0.6895133934093212 5.5959927099025666e-05 2.06841764182789 -5.119568638493134e-05 -2.738203115725601e-05 0.999999998314613 0.03844694343949567
1.0 0.0 0.0 0.0 0.0 1.0 0.0 0.0 0.0 0.0 1.0 0.0
-0.9760249809645378 -0.2176585319490425 -1.720692489748046e-06 -2.0386069265340834 0.2176585318752497 -0.9760249803575046 -3.492911718252684e-05 0.8044752523931241 5.923181514717615e-06 -3.44662143343138e-05 0.9999999993884978 0.47870700119692355
0.689515773539044 -0.7242706660328502 1.9109836630619295e-05 -4.207943640200147 0.7242706638780031 0.6895157731586519 6.333359176710854e-05 2.067762274917855 -5.9047196470710996e-05 -2.982881645524485e-05 0.9999999978118352 0.03871144402197274
1.0 0.0 0.0 0.0 0.0 1.0 0.0 0.0 0.0 0.0 1.0 0.0
-0.9760285385364518 -0.21764257310935545 4.8298417531560085e-05 -2.038706971171135 0.2176425752001685 -0.9760285383050074 4.3294690649701996e-05 0.8044657325633452 3.7717865990797116e-05 5.276864561087485e-05 0.9999999978964164 0.47933705465333887
0.6895009900082029 -0.7242847391879227 -3.6840064335659406e-05 -4.2082290998341865 0.7242847361561998 0.6895009906628984 -6.961339617711531e-05 2.067963358299057 7.582118134963963e-05 2.1315809304621245e-05 0.9999999968983924 0.03911403318982709
1.0 0.0 0.0 0.0 0.0 1.0 0.0 0.0 0.0 0.0 1.0 0.0
-0.9760259192663139 -0.2176543236986117 1.719439007585704e-05 -2.0383236704017724 0.21765432321187908 -0.9760259191692584 -2.6400422190700458e-05 0.8043859161534392 2.252833641562107e-05 -2.202506300270657e-05 0.9999999995036856 0.4785949698770481
0.6895070102299942 -0.7242790084214511 -2.8350209245757753e-05 -4.208113795733702 0.7242790032235846 0.6895070091586759 -9.904801383462444e-05 2.0678060147788906 9.128606523230791e-05 4.7760838594622986e-05 0.9999999946928781 0.038782558445383475
1.0 0.0 0.0 0.0 0.0 1.0 0.0 0.0 0.0 0.0 1.0 0.0
-0.9760271807071844 -0.21764866736235333 1.0778529446664926e-05 -2.038605779665528 0.2176486673781473 -0.976027180763131 3.0046301169378065e-07 0.8047398204112086 1.045474233450607e-05 2.6391926365678065e-06 0.9999999999418666 0.47883053167602097
0.6895068419637049 -0.7242791688492609 -2.136028083875271e-05 -4.208250391022446 0.7242791672713125 0.6895068419940126 -5.19636166604957e-05 2.0681487780503214 5.2364224870509016e-05 2.035846280203004e-05 0.9999999984217602 0.03933499580634775
1.0 0.0 0.0 0.0 0.0 1.0 0.0 0.0 0.0 0.0 1.0 0.0
-0.9760275272457624 -0.21764710764528059 5.091333138409792e-05 -2.0390744878294824 0.2176471107109898 -0.9760275257005174 6.537648239953365e-05 0.8046976363856555 3.546381055370949e-05 7.489038592885743e-05 0.999999996566874 0.4794007076065762
0.6895049259780776 -0.7242809929030799 1.9269007317628814e-05 -4.208401899570971 0.7242809922115455 0.6895049261928046 3.281638428993588e-05 2.0680066685209733 -3.705435886535078e-05 -8.670882881753295e-06 0.9999999992758953 0.03868365387909062
1.0 0.0 0.0 0.0 0.0 1.0 0.0 0.0 0.0 0.0 1.0 0.0
-0.976028674602171 -0.21764196741114164 -1.9383937087454353e-05 -2.038804773947081 0.21764196784994624 -0.9760286743898374 -2.4478960895105754e-05 0.8048305112175297 -1.3591629210531394e-05 -2.811092597048783e-05 0.9999999995125217 0.4792643328013614
0.6894970405918189 -0.7242884986341396 -4.196937001847273e-05 -4.208541218109248 0.7242884976435506 0.689497041856808 -3.810457600837077e-05 2.067955786528447 5.653646262452527e-05 -4.124939566946653e-06 0.9999999983933066 0.03932626085926799
1.0 0.0 0.0 0.0 0.0 1.0 0.0 0.0 0.0 0.0 1.0 0.0
-0.9760259120795638 -0.21765435324075313 3.827015894425837e-05 -2.0387376679401283 0.21765435619480059 -0.9760259059499652 0.00011019970995029627 0.8038410005433572 1.3367219957868372e-05 0.00011588743922162468 0.9999999931957091 0.4796814444037989
0.6894956534315622 -0.7242898196465559 3.248603698191769e-05 -4.207770142542648 0.7242898040636118 0.6894956467290989 0.0001813039373689002 2.0669071873257763 -0.00015371557717664035 -0.00010147897140544604 0.9999999830367698 0.03963695265350392
1.0 0.0 0.0 0.0 0.0 1.0 0.0 0.0 0.0 0.0 1.0 0.0
-0.9760279533014112 -0.21764520289179468 5.696282431918564e-06 -2.038330783933084 0.2176452020272395 -0.9760279511870497 -6.735081324686304e-05 0.8046950625894106 2.021831228544569e-05 -6.449650786581623e-05 0.9999999977157101 0.47907132831080146
0.6895306364898288 -0.7242565158640549 2.3882867702722827e-05 -4.207476729048627 0.7242565160498877 0.6895306367071575 1.225325056555624e-06 2.068264431897576 -1.7355418629712915e-05 1.645242338950046e-05 0.9999999997140536 0.038596541350168434
1.0 0.0 0.0 0.0 0.0 1.0 0.0 0.0 0.0 0.0 1.0 0.0
-0.9760279591250273 -0.217645176781959 -5.457471187250311e-06 -2.038560961964235 0.2176451767239788 -0.9760279591059279 9.607638086524597e-06 0.8043169079473025 -7.417700554559257e-06 8.189531112527148e-06 0.9999999999389546 0.47905851380023706
0.6894947910587924 -0.7242906400901269 -4.219747165879127e-05 -4.208231714508407 0.7242906408669442 0.6894947915171389 4.825774854013005e-06 2.067508321168007 2.5599673365982317e-05 -3.3890580415378766e-05 0.9999999990980426 0.03933633124233399
1.0 0.0 0.0 0.0 0.0 1.0 0.0 0.0 0.0 0.0 1.0 0.0
-0.9760306275016309 -0.2176332032917453 -5.480645031663067e-05 -2.0378549857998953 0.21763320332360253 -0.9760306290180442 5.454255434075696e-06 0.8049301921022776 -5.467980125847661e-05 -6.604182991330816e-06 0.9999999984832518 0.47951317654845416
0.6895136120929424 -0.7242727213609037 -6.189518514284543e-05 -4.2073691308977175 0.7242727239819023 0.6895136088607184 6.702016934034333e-05 2.0681709502500882 -5.863307955255131e-06 -9.104031338971494e-05 0.9999999958386414 0.039058810435237123
1.0 0.0 0.0 0.0 0.0 1.0 0.0 0.0 0.0 0.0 1.0 0.0
-0.9760285380479599 -0.21764257873570897 -2.89349713501639e-05 -2.038578126009952 0.21764257871788434 -0.9760285384734289 3.8015340089075264e-06 0.8050497072280991 -2.906873346252103e-05 -2.5870760987232544e-06 0.9999999995741579 0.47897617313887
0.6895091864745423 -0.7242769346880342 -6.0383111941403766e-05 -4.2083132788498565 0.7242769323762231 0.6895091891083442 -5.7990009852677856e-05 2.0684479477663165 8.36355371291846e-05 -3.749450567083681e-06 0.9999999964955193 0.039584784705818166
1.0 0.0 0.0 0.0 0.0 1.0 0.0 0.0 0.0 0.0 1.0 0.0
-0.9760303352288617 -0.2176345138201234 -5.5743283754483694e-05 -2.0377180698749013 0.2176345136580649 -0.976030336815035 9.03032308468068e-06 0.8046935508540016 -5.63724459922384e-05 -3.3177931820472906e-06 0.9999999984055697 0.47948162006928685
0.6895136405537545 -0.7242726943994714 -6.031282399285223e-05 -4.207228789665689 0.7242726969061812 0.6895136378643697 6.095317689125911e-05 2.0678773883622648 -2.5602069780594733e-06 -8.571097859294143e-05 0.999999996323537 0.039123159906129246
1.0 0.0 0.0 0.0 0.0 1.0 0.0 0.0 0.0 0.0 1.0 0.0
-0.976027175427816 -0.21764869103092246 1.0905307349845705e-05 -2.038336009820689 0.21764869104665954 -0.9760271754851942 2.633193510714805e-07 0.8046647991069575 1.0586565218383126e-05 2.6305327126203577e-06 0.9999999999405026 0.4788309732096053
0.6895025475933398 -0.7242832561922732 -4.076533325443163e-05 -4.208109253696246 0.7242832547168324 0.689502548794267 -4.6292556576802784e-05 2.0680310140611646 6.163672479628406e-05 2.393187445176743e-06 0.9999999980975934 0.03915450493844369
1.0 0.0 0.0 0.0 0.0 1.0 0.0 0.0 0.0 0.0 1.0 0.0
-0.97602667285025 -0.2176509439039665 -2.2418368209270367e-05 -2.0386521063574543 0.21765094460462325 -0.9760266722894223 -3.5949286759336e-05 0.8048344357394495 -1.405652912561237e-05 -3.996684176428336e-05 0.9999999991025328 0.4789306327630226
0.6895479322729806 -0.7242400460248368 6.951258324259694e-05 -4.207842834873355 0.7242400491969023 0.689547930982469 -4.491174387691668e-05 2.068382399085703 -1.5405374499699744e-05 8.131259683253145e-05 0.999999996575468 0.03871285621046322
1.0 0.0 0.0 0.0 0.0 1.0 0.0 0.0 0.0 0.0 1.0 0.0
-0.97602766838127 -0.2176464792895421 2.4639174196901403e-05 -2.038664845382577 0.21764648013540736 -0.9760276677052134 3.9478964641816584e-05 0.8042805441190011 1.5456058065296595e-05 4.389519134685946e-05 0.9999999989171613 0.47929394755416166
0.6895004790167701 -0.7242852257069067 -3.5473074615574086e-05 -4.2082187091327485 0.7242852238347879 0.6895004798414143 -5.322640967737679e-05 2.067732318283077 6.30098041156334e-05 1.1007011180844246e-05 0.999999997954305 0.03879428597149509
1.0 0.0 0.0 0.0 0.0 1.0 0.0 0.0 0.0 0.0 1.0 0.0
-0.976026644543898 -0.21765107096531636 2.1166710424618415e-05 -2.0390079825102454 0.21765106933371503 -0.9760266432029987 -6.144734725244736e-05 0.8045773955120219 3.403335426086677e-05 -5.536729099673677e-05 0.9999999978880969 0.47892640223863964
0.6895121233850107 -0.7242741410265976 1.8581648523642398e-05 -4.208531347699039 0.7242741374548223 0.689512116899253 -0.00012026297713795426 2.0681148364339417 7.429109265487997e-05 9.638098818794474e-05 0.9999999925957691 0.03907176780891791
