1.0 0.0 0.0 0.0 0.0 1.0 0.0 0.0 0.0 0.0 1.0 0.0
0.47380582380343544 -0.8806293225004056 0.00019411961451551858 0.24787300732243978 0.8806293248692212 0.47380584787724034 0.00010342973249129286 -1.205161945450648 -0.0001830582637953358 0.00012194181546587132 0.9999999758099325 -0.04657970957365354
-0.855373529755575 0.5180116727366464 0.00017748822183349835 -0.7585112928596836 -0.5180116703813801 -0.8553735473071904 6.257640045985539e-05 0.3424238918961935 0.000184234035791004 -3.841477372424438e-05 0.9999999822910625 -0.3325933010878181
1.0 0.0 0.0 0.0 0.0 1.0 0.0 0.0 0.0 0.0 1.0 0.0
0.4737973876646053 -0.8806338740812262 0.00012354305770800512 0.24757413213934854 0.8806338724373134 0.4737973989220384 8.654924963567907e-05 -1.204885416232914 -0.00013475258040241986 6.778939294043006e-05 0.9999999886231701 -0.0458294729099481
-0.8553691837497499 0.5180188595525315 0.00014366342842754524 -0.7588214657639174 -0.5180188576331446 -0.8553691953244791 5.3163928944176734e-05 0.34274395657160195 0.00015042518901261566 -2.8945578571786385e-05 0.999999988267208 -0.3321960324658435
1.0 0.0 0.0 0.0 0.0 1.0 0.0 0.0 0.0 0.0 1.0 0.0
0.4737827956094479 -0.880641716288836 0.0001735406286393033 0.24740783640335628 0.8806417172272262 0.4737828154684164 9.821355975900812e-05 -1.2055385523856579 -0.00016871152546389667 0.00010629522230423081 0.9999999801188733 -0.045866745270074616
-0.8553788671822953 0.5180028144749732 0.0002788797940814132 -0.7584992456388164 -0.5180028113257196 -0.8553789099171678 8.903688958182207e-05 0.34219168800068367 0.00028466925365475723 -6.83002436081746e-05 0.9999999571492457 -0.33345750276738434
1.0 0.0 0.0 0.0 0.0 1.0 0.0 0.0 0.0 0.0 1.0 0.0
0.4738164345759491 -0.880623608719953 0.00021468764003624864 0.2480039136105301 0.8806236086475266 0.47381646589225046 0.0001286156535458804 -1.2054079685533017 -0.00021498451983617548 0.0001281187939069787 0.9999999686836148 -0.04678924896798131
-0.8553806900323992 0.5179998273084401 0.0002324395016334974 -0.7583840353916234 -0.5179998168442805 -0.8553807211506872 0.00010785648359585758 0.34214963598114423 0.0002546939084079134 -2.814526591083826e-05 0.9999999671694277 -0.333365300828263
1.0 0.0 0.0 0.0 0.0 1.0 0.0 0.0 0.0 0.0 1.0 0.0
0.47380878794996073 -0.8806277376805653 0.00014173565877197557 0.24762747592806278 0.8806277302615778 0.4738088049638136 0.00013051092858208836 -1.205000218060408 -0.00018208714688333668 6.297912659578099e-05 0.9999999814389501 -0.04585315753057029
-0.855369317555162 0.5180186457462146 0.00011508463449563173 -0.7588079154870435 -0.5180186459193727 -0.8553693246441336 3.062185902184074e-05 0.3424977559242901 0.00011430256002616522 -3.3422987873766926e-05 0.9999999929089145 -0.3318117774237647
1.0 0.0 0.0 0.0 0.0 1.0 0.0 0.0 0.0 0.0 1.0 0.0
0.4737827223790478 -0.8806417591817893 0.00015479115546875746 0.24739898548719808 0.8806417536612589 0.47378274140295157 0.00012512844057834937 -1.205189122153726 -0.00018353070801750972 7.703186137900552e-05 0.9999999801912857 -0.045935009035006136
-0.8553723157625169 0.5180136431533461 0.00025871619192088455 -0.7588163590872732 -0.5180136383823969 -0.8553723530063337 9.034511253216489e-05 0.3423008634135094 0.00026809867872809346 -5.67398077609144e-05 0.9999999624518457 -0.33308683442480364
1.0 0.0 0.0 0.0 0.0 1.0 0.0 0.0 0.0 0.0 1.0 0.0
0.47380616046143276 -0.8806291437962525 0.0001827716468895978 0.2479815886538148 0.8806291417115688 0.4738061843114972 0.00012031843223354715 -1.2054878074192938 -0.00019255425457382553 0.00010394642412028517 0.9999999760589995 -0.04664117594930417
-0.8553784146071571 0.5180035972855506 0.00020254228132588828 -0.7584924510430646 -0.518003588640875 -0.8553784383079963 9.71233689901671e-05 0.34230838653929574 0.0002235605548092789 -2.184039519020296e-05 0.9999999747718372 -0.3329703711920654
1.0 0.0 0.0 0.0 0.0 1.0 0.0 0.0 0.0 0.0 1.0 0.0
0.473803393505612 -0.8806306251868806 0.00021514072063043443 0.24782193186172563 0.8806306281039694 0.4738034230706754 0.0001145937104232585 -1.2051682777181894 -0.00020284914072910758 0.0001351646190665845 0.9999999702913756 -0.047299174018223145
-0.8553779531420892 0.5180043652678549 0.00018665984223500853 -0.758593616925781 -0.5180043565700039 -0.8553779733848031 9.603439049215055e-05 0.34243481148202726 0.0002094109510540796 -1.4544911103978697e-05 0.9999999779677494 -0.3326997880128878
1.0 0.0 0.0 0.0 0.0 1.0 0.0 0.0 0.0 0.0 1.0 0.0
0.47381134727049296 -0.8806263509017307 0.00019311970638511545 0.24797439575331026 0.8806263468310749 0.4738113748050044 0.00013554462709198723 -1.2054209293750207 -0.00021086648392461448 0.00010584371915728148 0.9999999721662162 -0.046727243481502034
-0.8553783835916041 0.5180036468024926 0.000206841810250283 -0.7584962919886618 -0.5180036368152855 -0.8553784083961521 0.00010342051802894896 0.34225259383484996 0.0002305002239348693 -1.868113441330033e-05 0.9999999732603305 -0.3330113122550431
1.0 0.0 0.0 0.0 0.0 1.0 0.0 0.0 0.0 0.0 1.0 0.0
0.47380616046143276 -0.8806291437962525 0.0001827716468895978 0.2479815886538148 0.8806291417115688 0.4738061843114972 0.00012031843223354715 -1.2054878074192938 -0.00019255425457382553 0.00010394642412028517 0.9999999760589995 -0.04664117594930417
-0.8553784146071571 0.5180035972855506 0.00020254228132588828 -0.7584924510430646 -0.518003588640875 -0.8553784383079963 9.71233689901671e-05 0.34230838653929574 0.0002235605548092789 -2.184039519020296e-05 0.9999999747718372 -0.3329703711920654
1.0 0.0 0.0 0.0 0.0 1.0 0.0 0.0 0.0 0.0 1.0 0.0
0.47380953966312156 -0.8806273298366819 0.0001614587767962689 0.24751762898891982 0.8806273236437386 0.47380956043869044 0.0001314874910276626 -1.204795519052018 -0.00019229219019342437 7.988498289361662e-05 0.9999999783210514 -0.04584406214010417
-0.8553804494310546 0.5180002352719183 0.00020733876791129626 -0.7587144936985695 -0.5180002216001998 -0.8553804745422177 0.0001191388834051072 0.34237487786222776 0.0002390675033208441 -5.492456092589191e-06 0.9999999714082806 -0.3329989307770105
1.0 0.0 0.0 0.0 0.0 1.0 0.0 0.0 0.0 0.0 1.0 0.0
0.4738098896878228 -0.8806271309297105 0.00021143443145765626 0.24797184893133917 0.8806271368443532 0.47380991604153233 9.650923290489086e-05 -1.2050919563723643 -0.00018516837909849572 0.00014046786900834613 0.999999972990724 -0.04706041860630861
-0.8553740587626942 0.5180107905383355 0.00020120060431153024 -0.7583556226727151 -0.5180107877916017 -0.8553740812581315 6.959404481225517e-05 0.3425107982842732 0.00020815224823151016 -4.4695142966790734e-05 0.9999999773374926 -0.3331536032111461
1.0 0.0 0.0 0.0 0.0 1.0 0.0 0.0 0.0 0.0 1.0 0.0
0.47380884947369184 -0.8806276867758053 0.00022681338431064738 0.2479652140372579 0.8806276915991581 0.47380888125037096 0.00011330053008259665 -1.2052576667094437 -0.0002072417795899536 0.00014605535324608537 0.9999999678593388 -0.04723915234047893
-0.855379512660604 0.5180017716207562 0.00023220306960125046 -0.7583653782251893 -0.5180017622454051 -0.8553795435895774 0.00010353328380263196 0.3423722082002367 0.0002522521801270908 -3.172134940899448e-05 0.9999999676812962 -0.3335358623206337
1.0 0.0 0.0 0.0 0.0 1.0 0.0 0.0 0.0 0.0 1.0 0.0
0.47378109643930605 -0.8806426322888072 0.00016386643964023668 0.24725449488436269 0.8806426305862399 0.4737811156254451 0.00010803173677689746 -1.2049241987461716 -0.00017277417763225913 9.31243777691788e-05 0.9999999807384667 -0.046162390646766194
-0.8553734569963806 0.518011768740818 0.00023772267535575374 -0.7588974081451507 -0.5180117630690418 -0.8553734887677896 8.963995810090464e-05 0.34270424143449496 0.00024977622742396226 -4.6467501336741544e-05 0.9999999677263032 -0.33290696439621487
1.0 0.0 0.0 0.0 0.0 1.0 0.0 0.0 0.0 0.0 1.0 0.0
0.47379071258136624 -0.8806374225549206 0.0003011103919623473 0.24767479056758468 0.8806374430687761 0.4737907588991705 0.00010318447491520455 -1.2051792761849676 -0.00023353143115727846 0.00021628123976175125 0.9999999493427466 -0.04759503853040403
-0.8553776346736158 0.5180048708726527 0.0002363310752852371 -0.7585409109981995 -0.5180048652408376 -0.8553776660789276 8.921989324501123e-05 0.34222690756049445 0.00024836866287906837 -4.610394555560317e-05 0.9999999680937163 -0.3329443690055669
1.0 0.0 0.0 0.0 0.0 1.0 0.0 0.0 0.0 0.0 1.0 0.0
0.4737938038890764 -0.8806357675908998 0.0002761085069750372 0.24796586716902702 0.8806357823684 0.47379384504101274 0.0001058945243428382 -1.2052857344588652 -0.00022407301689656895 0.00019297886155912022 0.9999999562752202 -0.04732816989464983
-0.8553741676648076 0.5180105941559726 0.00024007064350062269 -0.7583044581817102 -0.5180105925262619 -0.8553741991603333 7.376590677463926e-05 0.34225719345227734 0.00024356175562303704 -6.126168517852135e-05 0.9999999684623382 -0.33330844976345686
1.0 0.0 0.0 0.0 0.0 1.0 0.0 0.0 0.0 0.0 1.0 0.0
0.473807557380313 -0.8806283816828709 0.00022791206544541675 0.24782093739202438 0.8806283852222432 0.4738075903817608 0.00012015612391822489 -1.2049928165771808 -0.00021379935950301766 0.00014377495458788345 0.9999999668092977 -0.04719774112438169
-0.8553819296294468 0.5179977927694882 0.00020285300615394342 -0.7584872819053388 -0.5179977811510684 -0.8553819536147149 0.00011023993581109765 0.34230275948956557 0.00023062084412577417 -1.0780158071241685e-05 0.9999999733489068 -0.33295278176650467
1.0 0.0 0.0 0.0 0.0 1.0 0.0 0.0 0.0 0.0 1.0 0.0
0.4738133074252797 -0.8806253008043107 0.0001711433149438892 0.2482217372417601 0.8806253009603742 0.47381332720525093 0.00010134662945863198 -1.2055702259823375 -0.00017033838953500963 0.0001026937515296198 0.9999999802194129 -0.046329236173418775
-0.8553723811067638 0.5180135717399583 0.0001706837851725259 -0.7585532020293737 -0.5180135690991501 -0.8553723974316343 6.27791258179365e-05 0.34238081295159173 0.00017851863772138773 -3.471698640987874e-05 0.9999999834629132 -0.3325420517812995
1.0 0.0 0.0 0.0 0.0 1.0 0.0 0.0 0.0 0.0 1.0 0.0
0.4738082428408761 -0.8806280168731158 0.00021192962180729703 0.24786456231301202 0.8806280260085286 0.4738082667116174 7.876581755482165e-05 -1.2049287020914838 -0.00016977739248405445 0.00014931127089331728 0.9999999744408904 -0.04693955412062989
-0.8553722082813264 0.5180138596461914 0.00016283237833513272 -0.7586362982134958 -0.5180138578220121 -0.8553722230206215 5.6472253617701646e-05 0.34255195379386905 0.00016853570349568365 -3.604463219612073e-05 0.9999999851482503 -0.3323111512458231
1.0 0.0 0.0 0.0 0.0 1.0 0.0 0.0 0.0 0.0 1.0 0.0
0.47380095243703874 -0.8806319485471811 0.00016931553290001062 0.24734896546999607 0.8806319452613504 0.47380097368057383 0.00011968521318766466 -1.2047062147837861 -0.00018562048684900854 9.239769909974984e-05 0.9999999785038496 -0.04602788181733297
-0.8553781498117821 0.5180040505542791 0.00015631357104405115 -0.7588862228872806 -0.5180040413965716 -0.8553781640910298 9.743243078102663e-05 0.3423148767752835 0.0001841776092220948 2.370510847191263e-06 0.9999999830364944 -0.3320445313375205
