1.0 0.0 0.0 0.0 0.0 1.0 0.0 0.0 0.0 0.0 1.0 0.0
0.8297997503404194 -0.5580611173296616 0.0004045488208542963 -0.681851310115416 0.5580611738336176 0.8297998102898837 -3.32011926996306e-05 -1.14420143570878 -0.0003171662401032504 0.0002533133312521057 0.9999999176189628 0.09821086731638706
0.3453553459604965 0.9384719907556796 -8.708373953597279e-05 -1.4269261069671906 -0.9384719908337161 0.34535535154251384 5.984603650857e-05 -2.2331730196445463 8.623866450212266e-05 6.1057501768789e-05 0.999999994417437 0.30182088425756803
1.0 0.0 0.0 0.0 0.0 1.0 0.0 0.0 0.0 0.0 1.0 0.0
0.8297970112006415 -0.5580652380626154 0.00033206716110411694 -0.6815497646879862 0.5580652565798171 0.8297970640957127 4.2622047008740894e-05 -1.144721782415683 -0.00029933423817743275 0.00014994749824418646 0.9999999439573792 0.09920229598676134
0.34536162913319846 0.9384696823977966 -1.8510582425806216e-05 -1.427127860781873 -0.938469682576055 0.34536162900476247 -9.837465395534265e-06 -2.2337054622415202 -2.8393181249453474e-06 2.0769103488985858e-05 0.9999999997802914 0.30113789655809736
1.0 0.0 0.0 0.0 0.0 1.0 0.0 0.0 0.0 0.0 1.0 0.0
0.8298009414409343 -0.5580592036980989 0.0005681122980093161 -0.681949246019979 0.5580593425829966 0.8298010351093044 -0.00011084837136404984 -1.144596897472475 -0.0004095602190917992 0.00040902245845547084 0.9999998324805137 0.09988276164990867
0.3453540551915874 0.9384724570128339 -0.0001548903534583457 -1.4273491845963413 -0.9384724601420799 0.34535407060754314 8.642728045690917e-05 -2.2332899957653716 0.0001346016363080146 0.00011551231927736204 0.9999999842696518 0.3010621127316333
1.0 0.0 0.0 0.0 0.0 1.0 0.0 0.0 0.0 0.0 1.0 0.0
0.8297963272127629 -0.558066256413772 0.0003298431870398003 -0.6815082582447509 0.5580662749928949 0.8297963792462494 4.1296124417590866e-05 -1.144648853265803 -0.00029674865588278406 0.00014980698635323997 0.9999999447490496 0.09918687623776007
0.34535723899048526 0.9384712980208578 -1.6368119532619855e-05 -1.4271133900728508 -0.9384712981605976 0.3453572388927501 -8.552112317591927e-06 -2.233646970334407 -2.373063379859634e-06 1.831454428376718e-05 0.999999999829473 0.3011558362290651
1.0 0.0 0.0 0.0 0.0 1.0 0.0 0.0 0.0 0.0 1.0 0.0
0.8297963747411262 -0.5580661809295187 0.0003378893691557448 -0.6815957802706336 0.5580662015459142 0.8297964287712924 3.86073061681604e-05 -1.144621954241563 -0.00030192482375446716 0.0001565284340906366 0.9999999421701234 0.09930432042649479
0.34536304292894726 0.93846916206205 -2.091439088950087e-05 -1.427256930343237 -0.938469162295015 0.34536304283392694 -8.110750703417312e-06 -2.2339633364734777 -3.886317397159092e-07 2.2428664441358276e-05 0.999999999748402 0.3010942370298012
1.0 0.0 0.0 0.0 0.0 1.0 0.0 0.0 0.0 0.0 1.0 0.0
0.8297933836161219 -0.5580705499295434 0.0004492307256728493 -0.6814895656276612 0.5580706187995051 0.8297934581789844 -3.458468011446624e-05 -1.1451047216810188 -0.00035346802592570517 0.0002794006077934508 0.999999898497822 0.0996052818444183
0.3453532744470619 0.9384727358402777 0.00019978277345569355 -1.4276601519942602 -0.9384727329029796 0.3453533060622332 -0.00015358872766809626 -2.233527546240186 -0.00021313447475611373 -0.00013444831537356072 0.9999999682486724 0.3016786575264928
1.0 0.0 0.0 0.0 0.0 1.0 0.0 0.0 0.0 0.0 1.0 0.0
0.8298052171377326 -0.5580530390938604 0.00032736692888153966 -0.6814388198336516 0.5580530611603017 0.8298052663989021 2.8040394649182958e-05 -1.1442127974550012 -0.00028729882908210805 0.00015942005101449728 0.9999999460223137 0.09862727232850743
0.3453711119651261 0.9384661926559146 -1.6182875986927613e-05 -1.4268464914598535 -0.9384661927826761 0.34537111199902476 -7.394774788556673e-07 -2.2337984642893414 4.8951232608235244e-06 1.5442476174883356e-05 0.9999999998687841 0.3016376771704804
1.0 0.0 0.0 0.0 0.0 1.0 0.0 0.0 0.0 0.0 1.0 0.0
0.8298045225626682 -0.5580540628165904 0.0003425031963244927 -0.6815980438798039 0.5580540828633784 0.829804578659861 4.283274257729058e-05 -1.144536590501703 -0.00030811370653253684 0.00015559250359824025 0.9999999404284566 0.0993169889595154
0.34536652296402576 0.9384678808282206 -3.833441658260272e-05 -1.4270754598013937 -0.938467881605656 0.3453665228137732 -1.068250325704903e-05 -2.2337356191281224 3.214237965643967e-06 3.966499772929961e-05 0.9999999992081782 0.30090230777782256
1.0 0.0 0.0 0.0 0.0 1.0 0.0 0.0 0.0 0.0 1.0 0.0
0.8297992425137977 -0.5580619241951577 0.0003254030218639535 -0.6817902298729521 0.558061944806098 0.8297992918370949 3.202954799407808e-05 -1.1440436465402826 -0.00028789366828902823 0.0001550169485636288 0.9999999465434893 0.09858024185825309
0.3453634972572538 0.9384689942359387 -4.0249529160895325e-05 -1.4272793374025081 -0.938468994770427 0.3453634979536942 1.1652174853560722e-05 -2.2340234072476335 2.483592299748081e-05 3.374869931353137e-05 0.9999999991221011 0.30122381900543294
1.0 0.0 0.0 0.0 0.0 1.0 0.0 0.0 0.0 0.0 1.0 0.0
0.8298003005677845 -0.5580603527746308 0.0003222400796287535 -0.6817418579339236 0.5580603723149511 0.8298003492955327 3.4069196294376575e-05 -1.144200959690771 -0.00028640759833575125 0.00015155878948724965 0.9999999475003092 0.09853237367522077
0.34536175387781887 0.9384696359563879 -3.6692249715003125e-05 -1.427145735177021 -0.9384696364308267 0.3453617544139543 9.247005055988402e-06 -2.2337538431091772 2.1350133203546955e-05 3.124100036561472e-05 0.9999999992840858 0.3012814344902231
1.0 0.0 0.0 0.0 0.0 1.0 0.0 0.0 0.0 0.0 1.0 0.0
0.829804572409279 -0.5580539819241666 0.00035336558501240794 -0.6818856545523904 0.5580540059519429 0.8298046307226893 3.56675150013943e-05 -1.1443485852551767 -0.00031312879755319154 0.000167600013247083 0.9999999369302938 0.09951635822321214
0.3453709400276054 0.938466255907774 -1.7518367792203357e-05 -1.4272270530934943 -0.9384662560196214 0.3453709397525539 -1.6939669341110253e-05 -2.2340844349940276 -9.846972915539658e-06 2.229086655762753e-05 0.9999999997030771 0.301235419438189
1.0 0.0 0.0 0.0 0.0 1.0 0.0 0.0 0.0 0.0 1.0 0.0
0.8298003005677845 -0.5580603527746308 0.0003222400796287535 -0.6817418579339236 0.5580603723149511 0.8298003492955327 3.4069196294376575e-05 -1.144200959690771 -0.00028640759833575125 0.00015155878948724965 0.9999999475003092 0.09853237367522077
0.34536175387781887 0.9384696359563879 -3.6692249715003125e-05 -1.427145735177021 -0.9384696364308267 0.3453617544139543 9.247005055988402e-06 -2.2337538431091772 2.1350133203546955e-05 3.124100036561472e-05 0.9999999992840858 0.3012814344902231
1.0 0.0 0.0 0.0 0.0 1.0 0.0 0.0 0.0 0.0 1.0 0.0
0.8298041490256529 -0.5580544679959116 0.0005338629158323386 -0.6815181850063734 0.5580545842756988 0.8298042379113839 -8.782473866585722e-05 -1.1443279991997901 -0.0003939907222083462 0.00037080198008704877 0.9999998536385905 0.09944463103069345
0.34536636811445326 0.9384679000060229 -0.0002691351288348482 -1.426967119991005 -0.9384679130596977 0.34536641141754976 0.00013424581883967178 -2.233455072163121 0.00021893562532314804 0.00020621069180148515 0.9999999547721703 0.3000472239945999
1.0 0.0 0.0 0.0 0.0 1.0 0.0 0.0 0.0 0.0 1.0 0.0
0.8298002819589003 -0.5580601457105377 0.0006048392045837921 -0.6820454975795158 0.5580603094911972 0.829800381629267 -0.00013273474583321641 -1.1444786077484075 -0.0004278218311874366 0.00044768008322058683 0.9999998082754936 0.10021385466531668
0.3453552141162271 0.9384720289502917 -0.00016419701131794554 -1.4275154140130866 -0.9384720324105726 0.34535523148860553 9.201425101667334e-05 -2.233536304758573 0.00014305909769740614 0.0001223167015656903 0.9999999822863594 0.3009752581323047
1.0 0.0 0.0 0.0 0.0 1.0 0.0 0.0 0.0 0.0 1.0 0.0
0.8297924561818515 -0.5580720079999147 0.0003369727470932715 -0.681204469282342 0.5580720275808153 0.8297925103930153 4.1563152567673835e-05 -1.144899743132921 -0.0003028126937568077 0.00015356627375402777 0.9999999423609343 0.09929334939731932
0.3453686077071639 0.9384671143237224 -1.1971697694377576e-05 -1.4267885191573377 -0.9384671143777701 0.345368607582887 -1.1301313713200056e-05 -2.2338520786642633 -6.47126270537418e-06 1.513816357184527e-05 0.9999999998644793 0.30126065533281876
1.0 0.0 0.0 0.0 0.0 1.0 0.0 0.0 0.0 0.0 1.0 0.0
0.8297924561818515 -0.5580720079999147 0.0003369727470932715 -0.681204469282342 0.5580720275808153 0.8297925103930153 4.1563152567673835e-05 -1.144899743132921 -0.0003028126937568077 0.00015356627375402777 0.9999999423609343 0.09929334939731932
0.3453686077071639 0.9384671143237224 -1.1971697694377576e-05 -1.4267885191573377 -0.9384671143777701 0.345368607582887 -1.1301313713200056e-05 -2.2338520786642633 -6.47126270537418e-06 1.513816357184527e-05 0.9999999998644793 0.30126065533281876
1.0 0.0 0.0 0.0 0.0 1.0 0.0 0.0 0.0 0.0 1.0 0.0
0.8298052171377326 -0.5580530390938604 0.00032736692888153966 -0.6814388198336516 0.5580530611603017 0.8298052663989021 2.8040394649182958e-05 -1.1442127974550012 -0.00028729882908210805 0.00015942005101449728 0.9999999460223137 0.09862727232850743
0.3453711119651261 0.9384661926559146 -1.6182875986927613e-05 -1.4268464914598535 -0.9384661927826761 0.34537111199902476 -7.394774788556673e-07 -2.2337984642893414 4.8951232608235244e-06 1.5442476174883356e-05 0.9999999998687841 0.3016376771704804
1.0 0.0 0.0 0.0 0.0 1.0 0.0 0.0 0.0 0.0 1.0 0.0
0.8298072347685721 -0.5580500286076217 0.0003445239752175599 -0.6816465465120025 0.5580500547457778 0.8298072883680679 2.3863561083462777e-05 -1.1442112402723055 -0.00029920556659837155 0.0001724594675969826 0.9999999403668788 0.0988663191610466
0.34536573483320293 0.9384681708099513 -3.97460252995965e-05 -1.4270968023216621 -0.9384681714730067 0.34536573528401665 4.882948491963493e-06 -2.2337154601488933 1.8309406991632006e-05 3.5613976592163575e-05 0.9999999991982051 0.30129318709670205
1.0 0.0 0.0 0.0 0.0 1.0 0.0 0.0 0.0 0.0 1.0 0.0
0.8297988467947277 -0.5580624989488522 0.00034803031896591145 -0.6816749240807543 0.5580625266319442 0.8297989009021026 2.075652210105618e-05 -1.1442914692685218 -0.00030037861275172476 0.00017699894104371595 0.9999999392220303 0.09892943682794869
0.34536291850879464 0.9384692076426744 -2.8733569793805065e-05 -1.4272412631557305 -0.9384692079552447 0.34536291880437725 5.897115937086469e-06 -2.233916101664118 1.5457771252505675e-05 2.4928925315292066e-05 0.9999999995698031 0.3014021305400228
1.0 0.0 0.0 0.0 0.0 1.0 0.0 0.0 0.0 0.0 1.0 0.0
0.8297988467947277 -0.5580624989488522 0.00034803031896591145 -0.6816749240807543 0.5580625266319442 0.8297989009021026 2.075652210105618e-05 -1.1442914692685218 -0.00030037861275172476 0.00017699894104371595 0.9999999392220303 0.09892943682794869
0.34536291850879464 0.9384692076426744 -2.8733569793805065e-05 -1.4272412631557305 -0.9384692079552447 0.34536291880437725 5.897115937086469e-06 -2.233916101664118 1.5457771252505675e-05 2.4928925315292066e-05 0.9999999995698031 0.3014021305400228
