1.0 0.0 0.0 0.0 0.0 1.0 0.0 0.0 0.0 0.0 1.0 0.0
0.8298008637322106 -0.5580595165350245 0.0003202404887818532 -0.6821975292328624 0.5580595322370718 0.8298009136726039 4.63406096129793e-05 -1.1441445924682725 -0.0002915966683827082 0.0001402597794902562 0.9999999476492871 0.09899027897477841
0.34536445299445834 0.9384686431431064 -2.109444256588105e-05 -1.4272894036889383 -0.9384686433797654 0.3453644529282399 -6.820637237207921e-06 -2.234164240017634 8.843164432128117e-07 2.2152078546155786e-05 0.9999999997542519 0.30108068760383555
1.0 0.0 0.0 0.0 0.0 1.0 0.0 0.0 0.0 0.0 1.0 0.0
0.8297976790338777 -0.5580642458107803 0.0003307833666664527 -0.6814390531260806 0.5580642684225203 0.8297977292829499 2.8051716656703663e-05 -1.144443596083054 -0.00029013794664411096 0.0001613211281503984 0.9999999448977313 0.09866602629303428
0.34536582446522107 0.9384681386417117 -6.768978849694923e-06 -1.4268974754898238 -0.9384681386656697 0.3453658244631603 -1.5081350367896321e-06 -2.233775167422017 9.22437280405634e-07 6.873329282128927e-06 0.9999999999759531 0.30174844638929504
1.0 0.0 0.0 0.0 0.0 1.0 0.0 0.0 0.0 0.0 1.0 0.0
0.8298072347685721 -0.5580500286076217 0.0003445239752175599 -0.6816465465120025 0.5580500547457778 0.8298072883680679 2.3863561083462777e-05 -1.1442112402723055 -0.00029920556659837155 0.0001724594675969826 0.9999999403668788 0.0988663191610466
0.34536573483320293 0.9384681708099513 -3.97460252995965e-05 -1.4270968023216621 -0.9384681714730067 0.34536573528401665 4.882948491963493e-06 -2.2337154601488933 1.8309406991632006e-05 3.5613976592163575e-05 0.9999999991982051 0.30129318709670205
1.0 0.0 0.0 0.0 0.0 1.0 0.0 0.0 0.0 0.0 1.0 0.0
0.8297973011766885 -0.5580648096034485 0.0003274784759468257 -0.6813796744720513 0.5580648321035075 0.8297973502380274 2.659386503796003e-05 -1.1443228085779626 -0.0002865818718296854 0.00016068670326040412 0.9999999460253055 0.09864323009636194
0.3453613328680862 0.9384697916003046 -3.6415222826263664e-06 -1.4268699062626364 -0.9384697916066632 0.34536133286998655 -1.1324329508422073e-07 -2.233702734819305 1.1513655776734304e-06 3.4565685130430146e-06 0.9999999999933631 0.30177393635435956
1.0 0.0 0.0 0.0 0.0 1.0 0.0 0.0 0.0 0.0 1.0 0.0
0.8298084502276035 -0.5580482263881439 0.00033608914078982107 -0.6818403546250895 0.5580482502591065 0.8298085018060748 2.6704068596719312e-05 -1.144120046563204 -0.0002937917845098353 0.0001653946951718245 0.9999999431654893 0.09874819498308374
0.3453653345677737 0.9384683189189027 -8.02613155991314e-06 -1.427073332944893 -0.9384683189491891 0.3453653345285797 -5.88605342552116e-06 -2.2336718898900028 -2.7519270521491893e-06 9.565109003293973e-06 0.9999999999504677 0.30174202854890386
1.0 0.0 0.0 0.0 0.0 1.0 0.0 0.0 0.0 0.0 1.0 0.0
0.8298004601758247 -0.5580601087322157 0.00033366716572755587 -0.6818075636826588 0.5580601326185397 0.8298005108111595 2.5284709138728235e-05 -1.144215723835071 -0.00029098757209285495 0.00016522507947763898 0.9999999440134516 0.09873782998363007
0.3453570113817408 0.9384713819168159 3.551714280043049e-06 -1.4270750934811804 -0.9384713819051346 0.3453570113961957 -4.955337455348502e-06 -2.2335984927457524 -5.877051818663771e-06 -1.621821674553683e-06 0.9999999999814151 0.3018599989632512
1.0 0.0 0.0 0.0 0.0 1.0 0.0 0.0 0.0 0.0 1.0 0.0
0.8297991622264953 -0.5580620345653188 0.0003405070094386983 -0.6815979292950551 0.5580620603897226 0.8297992144144696 2.259882477278738e-05 -1.1443119467805154 -0.00029516399506634034 0.00017127155740074087 0.999999941772133 0.09883848713172616
0.3453571751129402 0.9384713213462764 -2.4669513743008418e-05 -1.4271114848603546 -0.9384713215604874 0.34535717535566196 6.2347349936155244e-06 -2.2336397943351223 1.4370913571393543e-05 2.0998420699693697e-05 0.9999999996762716 0.3014448945499306
1.0 0.0 0.0 0.0 0.0 1.0 0.0 0.0 0.0 0.0 1.0 0.0
0.8298102363174159 -0.5580456231605457 0.00023275350348467728 -0.6816850826210548 0.5580456401226355 0.829810257496332 -9.694865726722104e-06 -1.1437055825143891 -0.00018773106727386105 0.0001379319766626436 0.9999999728659078 0.0980261394833355
0.34536107416147854 0.9384698868030737 -4.22556028430114e-06 -1.4272154511132147 -0.9384698867997764 0.3453610741297371 -6.78005184565804e-06 -2.2339342290261257 -4.903530449527899e-06 6.307127069955524e-06 0.999999999968088 0.30179010313139387
1.0 0.0 0.0 0.0 0.0 1.0 0.0 0.0 0.0 0.0 1.0 0.0
0.8297976790338777 -0.5580642458107803 0.0003307833666664527 -0.6814390531260806 0.5580642684225203 0.8297977292829499 2.8051716656703663e-05 -1.144443596083054 -0.00029013794664411096 0.0001613211281503984 0.9999999448977313 0.09866602629303428
0.34536582446522107 0.9384681386417117 -6.768978849694923e-06 -1.4268974754898238 -0.9384681386656697 0.3453658244631603 -1.5081350367896321e-06 -2.233775167422017 9.22437280405634e-07 6.873329282128927e-06 0.9999999999759531 0.30174844638929504
1.0 0.0 0.0 0.0 0.0 1.0 0.0 0.0 0.0 0.0 1.0 0.0
0.8297958624422674 -0.558066825657502 0.000494746655304965 -0.6814672159097945 0.5580669232013772 0.8297959409362401 -7.506189553062194e-05 -1.144592904750695 -0.0003686492125972289 0.00033838779402859515 0.9999998747957214 0.09912261337426459
0.3453599774402332 0.9384702676485206 -0.0002066934831612644 -1.4270813400810738 -0.9384702734180282 0.34536000472237516 0.00011423157493986689 -2.233464881428244 0.00017858659902838975 0.0001545246755118845 0.9999999721144753 0.30058750395614897
1.0 0.0 0.0 0.0 0.0 1.0 0.0 0.0 0.0 0.0 1.0 0.0
0.8298080975847867 -0.5580485730463394 0.0005579459298487801 -0.6818439682783737 0.5580487022999533 0.8298081925367513 -9.72637021349369e-05 -1.1442721963831026 -0.0004087102333954488 0.000392071209738298 0.999999839618043 0.09969558228088354
0.3453597448296479 0.9384703382261136 -0.00026630990338309007 -1.4273063402955888 -0.938470350940318 0.3453597872914705 0.0001331463323138371 -2.2334172494674682 0.00021692661510613006 0.0002039405651339004 0.9999999556755439 0.300077531832325
1.0 0.0 0.0 0.0 0.0 1.0 0.0 0.0 0.0 0.0 1.0 0.0
0.8298072347685721 -0.5580500286076217 0.0003445239752175599 -0.6816465465120025 0.5580500547457778 0.8298072883680679 2.3863561083462777e-05 -1.1442112402723055 -0.00029920556659837155 0.0001724594675969826 0.9999999403668788 0.0988663191610466
0.34536573483320293 0.9384681708099513 -3.97460252995965e-05 -1.4270968023216621 -0.9384681714730067 0.34536573528401665 4.882948491963493e-06 -2.2337154601488933 1.8309406991632006e-05 3.5613976592163575e-05 0.9999999991982051 0.30129318709670205
1.0 0.0 0.0 0.0 0.0 1.0 0.0 0.0 0.0 0.0 1.0 0.0
0.8297970112006415 -0.5580652380626154 0.00033206716110411694 -0.6815497646879862 0.5580652565798171 0.8297970640957127 4.2622047008740894e-05 -1.144721782415683 -0.00029933423817743275 0.00014994749824418646 0.9999999439573792 0.09920229598676134
0.34536162913319846 0.9384696823977966 -1.8510582425806216e-05 -1.427127860781873 -0.938469682576055 0.34536162900476247 -9.837465395534265e-06 -2.2337054622415202 -2.8393181249453474e-06 2.0769103488985858e-05 0.9999999997802914 0.30113789655809736
1.0 0.0 0.0 0.0 0.0 1.0 0.0 0.0 0.0 0.0 1.0 0.0
0.8297985031245805 -0.5580628432695525 0.0005542329014904505 -0.681668859657746 0.5580629737901959 0.8297985939188357 -0.00010399406930024837 -1.1446728044145331 -0.0004018664563634648 0.0003955909842173084 0.9999998410055497 0.09975308934187321
0.34535518397196163 0.9384720347833323 -0.0001919200996132378 -1.427327234673637 -0.9384720399830657 0.3453552072973857 0.00010470244460127098 -2.233390656688659 0.00016454092201820914 0.00014395211538020157 0.9999999761020365 0.3007074870572895
1.0 0.0 0.0 0.0 0.0 1.0 0.0 0.0 0.0 0.0 1.0 0.0
0.8297988467947277 -0.5580624989488522 0.00034803031896591145 -0.6816749240807543 0.5580625266319442 0.8297989009021026 2.075652210105618e-05 -1.1442914692685218 -0.00030037861275172476 0.00017699894104371595 0.9999999392220303 0.09892943682794869
0.34536291850879464 0.9384692076426744 -2.8733569793805065e-05 -1.4272412631557305 -0.9384692079552447 0.34536291880437725 5.897115937086469e-06 -2.233916101664118 1.5457771252505675e-05 2.4928925315292066e-05 0.9999999995698031 0.3014021305400228
1.0 0.0 0.0 0.0 0.0 1.0 0.0 0.0 0.0 0.0 1.0 0.0
0.8298084502276035 -0.5580482263881439 0.00033608914078982107 -0.6818403546250895 0.5580482502591065 0.8298085018060748 2.6704068596719312e-05 -1.144120046563204 -0.0002937917845098353 0.0001653946951718245 0.9999999431654893 0.09874819498308374
0.3453653345677737 0.9384683189189027 -8.02613155991314e-06 -1.427073332944893 -0.9384683189491891 0.3453653345285797 -5.88605342552116e-06 -2.2336718898900028 -2.7519270521491893e-06 9.565109003293973e-06 0.9999999999504677 0.30174202854890386
1.0 0.0 0.0 0.0 0.0 1.0 0.0 0.0 0.0 0.0 1.0 0.0
0.8297990397892876 -0.5580622280709062 0.0003211935753288695 -0.6816893942240885 0.5580622477794137 0.8297990880444133 3.2924886414469845e-05 -1.1440821926668026 -0.0002849002713650557 0.0001519249694884262 0.9999999478753182 0.0985315180087683
0.3453574077874598 0.9384712354086802 -3.4595259392331816e-05 -1.4271171336076254 -0.9384712357698205 0.345357408345909 1.1543955035968465e-05 -2.2337078857405466 2.2781398868897503e-05 2.847986544686245e-05 0.9999999993349526 0.3012873295484342
1.0 0.0 0.0 0.0 0.0 1.0 0.0 0.0 0.0 0.0 1.0 0.0
0.8298003005677845 -0.5580603527746308 0.0003222400796287535 -0.6817418579339236 0.5580603723149511 0.8298003492955327 3.4069196294376575e-05 -1.144200959690771 -0.00028640759833575125 0.00015155878948724965 0.9999999475003092 0.09853237367522077
0.34536175387781887 0.9384696359563879 -3.6692249715003125e-05 -1.427145735177021 -0.9384696364308267 0.3453617544139543 9.247005055988402e-06 -2.2337538431091772 2.1350133203546955e-05 3.124100036561472e-05 0.9999999992840858 0.3012814344902231
1.0 0.0 0.0 0.0 0.0 1.0 0.0 0.0 0.0 0.0 1.0 0.0
0.8298002819589003 -0.5580601457105377 0.0006048392045837921 -0.6820454975795158 0.5580603094911972 0.829800381629267 -0.00013273474583321641 -1.1444786077484075 -0.0004278218311874366 0.00044768008322058683 0.9999998082754936 0.10021385466531668
0.3453552141162271 0.9384720289502917 -0.00016419701131794554 -1.4275154140130866 -0.9384720324105726 0.34535523148860553 9.201425101667334e-05 -2.233536304758573 0.00014305909769740614 0.0001223167015656903 0.9999999822863594 0.3009752581323047
1.0 0.0 0.0 0.0 0.0 1.0 0.0 0.0 0.0 0.0 1.0 0.0
0.8298066040437736 -0.5580509772809795 0.00032655946448397713 -0.6817023971391478 0.5580509975075768 0.8298066540022578 3.3976100189133256e-05 -1.144005353177195 -0.00028994161247095535 0.00015404324258422414 0.9999999461022688 0.09857401344310573
0.34536630087313475 0.9384679621604899 -4.711205341221159e-05 -1.4271225600872715 -0.9384679630167555 0.3453663016416312 9.031323423263655e-06 -2.2337804784347624 2.4746523338372163e-05 4.109403803662133e-05 0.9999999988494448 0.30117317995961645
