1.0 0.0 0.0 0.0 0.0 1.0 0.0 0.0 0.0 0.0 1.0 0.0
0.8297997542948645 -0.5580611524583436 0.0003433497460342713 -0.6816447858373529 0.5580611783190845 0.8297998075869988 2.411836273399246e-05 -1.144401059824828 -0.00029837107449702364 0.00017159675237678171 0.9999999407646265 0.09885515529311639
0.34536143553896836 0.9384697534266229 -2.7310006818117805e-05 -1.4271304634105473 -0.9384697537203577 0.3453614357870678 4.811028288709723e-06 -2.2336937289563448 1.3946827697894247e-05 2.3968071736492253e-05 0.9999999996155087 0.3014258043622364
1.0 0.0 0.0 0.0 0.0 1.0 0.0 0.0 0.0 0.0 1.0 0.0
0.8297976790338777 -0.5580642458107803 0.0003307833666664527 -0.6814390531260806 0.5580642684225203 0.8297977292829499 2.8051716656703663e-05 -1.144443596083054 -0.00029013794664411096 0.0001613211281503984 0.9999999448977313 0.09866602629303428
0.34536582446522107 0.9384681386417117 -6.768978849694923e-06 -1.4268974754898238 -0.9384681386656697 0.3453658244631603 -1.5081350367896321e-06 -2.233775167422017 9.22437280405634e-07 6.873329282128927e-06 0.9999999999759531 0.30174844638929504
1.0 0.0 0.0 0.0 0.0 1.0 0.0 0.0 0.0 0.0 1.0 0.0
0.8298080975847867 -0.5580485730463394 0.0005579459298487801 -0.6818439682783737 0.5580487022999533 0.8298081925367513 -9.72637021349369e-05 -1.1442721963831026 -0.0004087102333954488 0.000392071209738298 0.999999839618043 0.09969558228088354
0.3453597448296479 0.9384703382261136 -0.00026630990338309007 -1.4273063402955888 -0.938470350940318 0.3453597872914705 0.0001331463323138371 -2.2334172494674682 0.00021692661510613006 0.0002039405651339004 0.9999999556755439 0.300077531832325
1.0 0.0 0.0 0.0 0.0 1.0 0.0 0.0 0.0 0.0 1.0 0.0
0.8297919730570495 -0.5580725443961793 0.0005627088617812206 -0.6814815949532402 0.5580726825008218 0.8297920630901598 -0.00011436307699581074 -1.1450378217786614 -0.0004031084539725321 0.00040893000726646066 0.9999998351398982 0.09991010293850383
0.34534860248456983 0.9384744681733587 0.0001238898148504438 -1.42765678762653 -0.9384744663147464 0.3453486150884738 -0.00010065646938340788 -2.233501640526949 -0.000137248702554977 -8.150585684101544e-05 0.9999999872597944 0.3014757888776316
1.0 0.0 0.0 0.0 0.0 1.0 0.0 0.0 0.0 0.0 1.0 0.0
0.8297997542948645 -0.5580611524583436 0.0003433497460342713 -0.6816447858373529 0.5580611783190845 0.8297998075869988 2.411836273399246e-05 -1.144401059824828 -0.00029837107449702364 0.00017159675237678171 0.9999999407646265 0.09885515529311639
0.34536143553896836 0.9384697534266229 -2.7310006818117805e-05 -1.4271304634105473 -0.9384697537203577 0.3453614357870678 4.811028288709723e-06 -2.2336937289563448 1.3946827697894247e-05 2.3968071736492253e-05 0.9999999996155087 0.3014258043622364
1.0 0.0 0.0 0.0 0.0 1.0 0.0 0.0 0.0 0.0 1.0 0.0
0.8297782991889423 -0.5580918810880551 -0.0011943444655009852 -0.6799603107859156 0.558093030317173 0.8297776612893122 0.0010965111194961856 -1.1464655121507903 0.0003790864040436413 -0.0015764164537712846 0.9999986856014673 0.09720478608113486
0.3453599291621895 0.9384699298866852 0.0008426313354743202 -1.427377335239374 -0.9384699458451863 0.34536044560724805 -0.0005686433813742766 -2.2335233730071167 -0.0008246662477508666 -0.0005943975458600761 0.999999483308435 0.3038004902978285
1.0 0.0 0.0 0.0 0.0 1.0 0.0 0.0 0.0 0.0 1.0 0.0
0.8298108551780748 -0.558044414232596 0.000613491997721659 -0.6820573707859747 0.5580445789144578 0.8298109616631703 -0.00012588816808905553 -1.1443873941509022 -0.00043883119558199584 0.0004468192519547525 0.9999998038898498 0.10022464197798286
0.3453579747646992 0.9384710045658358 -0.00020701598142369715 -1.427273149766732 -0.9384710122792124 0.34535800039453873 0.0001033204543542191 -2.2332695678734424 0.0001684578759842056 0.0001585959547771297 0.9999999732346334 0.3006469119233839
1.0 0.0 0.0 0.0 0.0 1.0 0.0 0.0 0.0 0.0 1.0 0.0
0.8297963272127629 -0.558066256413772 0.0003298431870398003 -0.6815082582447509 0.5580662749928949 0.8297963792462494 4.1296124417590866e-05 -1.144648853265803 -0.00029674865588278406 0.00014980698635323997 0.9999999447490496 0.09918687623776007
0.34535723899048526 0.9384712980208578 -1.6368119532619855e-05 -1.4271133900728508 -0.9384712981605976 0.3453572388927501 -8.552112317591927e-06 -2.233646970334407 -2.373063379859634e-06 1.831454428376718e-05 0.999999999829473 0.3011558362290651
1.0 0.0 0.0 0.0 0.0 1.0 0.0 0.0 0.0 0.0 1.0 0.0
0.8297972153668959 -0.5580649314985147 0.0003370473337143361 -0.6814680765859755 0.5580649561869158 0.8297972668534594 2.446682733543774e-05 -1.1442970992234596 -0.00029333503463732717 0.00016779180033037823 0.999999942900233 0.09876368155455073
0.34536735138014896 0.9384675767182491 -7.016976164027679e-06 -1.4270071448913662 -0.9384675767437392 0.34536735137963254 -1.32367931934015e-06 -2.2340332825201976 1.1812043492801312e-06 7.042360237315944e-06 0.9999999999745051 0.3017442304010892
1.0 0.0 0.0 0.0 0.0 1.0 0.0 0.0 0.0 0.0 1.0 0.0
0.8297940638908564 -0.5580696755246508 0.00022088754850463843 -0.6813716582285352 0.5580696641519668 0.8297940928475678 0.00011588180773167339 -1.14520035749349 -0.00024796130577275184 2.711260384063904e-05 0.9999999688900482 0.09892543263703368
0.3453528028861167 0.938472904621021 0.00022097711877351568 -1.4274698008789422 -0.9384729015634458 0.3453528412244663 -0.00016759855134500175 -2.2332856762934945 -0.00023360177510505208 -0.00014950040836786944 0.9999999615399185 0.3017453092586998
1.0 0.0 0.0 0.0 0.0 1.0 0.0 0.0 0.0 0.0 1.0 0.0
0.8297954908236294 -0.5580672133944052 0.0006547846791500889 -0.6816924830493818 0.5580674136316414 0.8297955987264852 -0.00016179197973451115 -1.1444251419351303 -0.0004530466455922728 0.0004996682476140365 0.9999997725401638 0.10076047066689348
0.34535666629405204 0.9384715066500771 -6.520884377390009e-05 -1.4271411071047382 -0.9384715064406275 0.3453566695958673 4.862828711561356e-05 -2.2335448166605154 6.815657098915043e-05 4.440253872390357e-05 0.9999999966915484 0.30204683298770596
1.0 0.0 0.0 0.0 0.0 1.0 0.0 0.0 0.0 0.0 1.0 0.0
0.8297985031245805 -0.5580628432695525 0.0005542329014904505 -0.681668859657746 0.5580629737901959 0.8297985939188357 -0.00010399406930024837 -1.1446728044145331 -0.0004018664563634648 0.0003955909842173084 0.9999998410055497 0.09975308934187321
0.34535518397196163 0.9384720347833323 -0.0001919200996132378 -1.427327234673637 -0.9384720399830657 0.3453552072973857 0.00010470244460127098 -2.233390656688659 0.00016454092201820914 0.00014395211538020157 0.9999999761020365 0.3007074870572895
1.0 0.0 0.0 0.0 0.0 1.0 0.0 0.0 0.0 0.0 1.0 0.0
0.8298052171377326 -0.5580530390938604 0.00032736692888153966 -0.6814388198336516 0.5580530611603017 0.8298052663989021 2.8040394649182958e-05 -1.1442127974550012 -0.00028729882908210805 0.00015942005101449728 0.9999999460223137 0.09862727232850743
0.3453711119651261 0.9384661926559146 -1.6182875986927613e-05 -1.4268464914598535 -0.9384661927826761 0.34537111199902476 -7.394774788556673e-07 -2.2337984642893414 4.8951232608235244e-06 1.5442476174883356e-05 0.9999999998687841 0.3016376771704804
1.0 0.0 0.0 0.0 0.0 1.0 0.0 0.0 0.0 0.0 1.0 0.0
0.8297992425137977 -0.5580619241951577 0.0003254030218639535 -0.6817902298729521 0.558061944806098 0.8297992918370949 3.202954799407808e-05 -1.1440436465402826 -0.00028789366828902823 0.0001550169485636288 0.9999999465434893 0.09858024185825309
0.3453634972572538 0.9384689942359387 -4.0249529160895325e-05 -1.4272793374025081 -0.938468994770427 0.3453634979536942 1.1652174853560722e-05 -2.2340234072476335 2.483592299748081e-05 3.374869931353137e-05 0.9999999991221011 0.30122381900543294
1.0 0.0 0.0 0.0 0.0 1.0 0.0 0.0 0.0 0.0 1.0 0.0
0.8297976790338777 -0.5580642458107803 0.0003307833666664527 -0.6814390531260806 0.5580642684225203 0.8297977292829499 2.8051716656703663e-05 -1.144443596083054 -0.00029013794664411096 0.0001613211281503984 0.9999999448977313 0.09866602629303428
0.34536582446522107 0.9384681386417117 -6.768978849694923e-06 -1.4268974754898238 -0.9384681386656697 0.3453658244631603 -1.5081350367896321e-06 -2.233775167422017 9.22437280405634e-07 6.873329282128927e-06 0.9999999999759531 0.30174844638929504
1.0 0.0 0.0 0.0 0.0 1.0 0.0 0.0 0.0 0.0 1.0 0.0
0.8297991622264953 -0.5580620345653188 0.0003405070094386983 -0.6815979292950551 0.5580620603897226 0.8297992144144696 2.259882477278738e-05 -1.1443119467805154 -0.00029516399506634034 0.00017127155740074087 0.999999941772133 0.09883848713172616
0.3453571751129402 0.9384713213462764 -2.4669513743008418e-05 -1.4271114848603546 -0.9384713215604874 0.34535717535566196 6.2347349936155244e-06 -2.2336397943351223 1.4370913571393543e-05 2.0998420699693697e-05 0.9999999996762716 0.3014448945499306
1.0 0.0 0.0 0.0 0.0 1.0 0.0 0.0 0.0 0.0 1.0 0.0
0.8298163954927703 -0.5580364643937267 0.00023276240171656403 -0.6814758266921235 0.5580364813691787 0.8298164166644537 -9.760756834828669e-06 -1.1437805006448742 -0.00018770320389272925 0.00013798954770289902 0.9999999728631959 0.0980283867309244
0.34536236185475855 0.9384694125180753 -2.796571778943447e-05 -1.427233632570152 -0.9384694127762769 0.3453623621907372 8.086064608545354e-06 -2.233940291757002 1.7246830658884637e-05 2.3452348380402206e-05 0.9999999995762671 0.3013959824518815
1.0 0.0 0.0 0.0 0.0 1.0 0.0 0.0 0.0 0.0 1.0 0.0
0.8297973011766885 -0.5580648096034485 0.0003274784759468257 -0.6813796744720513 0.5580648321035075 0.8297973502380274 2.659386503796003e-05 -1.1443228085779626 -0.0002865818718296854 0.00016068670326040412 0.9999999460253055 0.09864323009636194
0.3453613328680862 0.9384697916003046 -3.6415222826263664e-06 -1.4268699062626364 -0.9384697916066632 0.34536133286998655 -1.1324329508422073e-07 -2.233702734819305 1.1513655776734304e-06 3.4565685130430146e-06 0.9999999999933631 0.30177393635435956
1.0 0.0 0.0 0.0 0.0 1.0 0.0 0.0 0.0 0.0 1.0 0.0
0.8297995178077298 -0.5580615210116662 0.00031466204842820616 -0.6817307946284501 0.5580615397256407 0.8297995642272146 3.297532037320713e-05 -1.1441384648662982 -0.0002795086881078864 0.00014823788229382455 0.9999999499502104 0.09843122345824667
0.34536832854950317 0.9384672135969945 8.147647275501751e-05 -1.4269479017836346 -0.9384672151438901 0.34536833216935514 -3.51373025313319e-05 -2.23406640543692 -6.11145999063338e-05 -6.432768704116159e-05 0.9999999960634774 0.30307614752503564
1.0 0.0 0.0 0.0 0.0 1.0 0.0 0.0 0.0 0.0 1.0 0.0
0.8297995178077298 -0.5580615210116662 0.00031466204842820616 -0.6817307946284501 0.5580615397256407 0.8297995642272146 3.297532037320713e-05 -1.1441384648662982 -0.0002795086881078864 0.00014823788229382455 0.9999999499502104 0.09843122345824667
0.34536832854950317 0.9384672135969945 8.147647275501751e-05 -1.4269479017836346 -0.9384672151438901 0.34536833216935514 -3.51373025313319e-05 -2.23406640543692 -6.11145999063338e-05 -6.432768704116159e-05 0.9999999960634774 0.30307614752503564
