1.0 0.0 0.0 0.0 0.0 1.0 0.0 0.0 0.0 0.0 1.0 0.0
0.8298072347685721 -0.5580500286076217 0.0003445239752175599 -0.6816465465120025 0.5580500547457778 0.8298072883680679 2.3863561083462777e-05 -1.1442112402723055 -0.00029920556659837155 0.0001724594675969826 0.9999999403668788 0.0988663191610466
0.34536573483320293 0.9384681708099513 -3.97460252995965e-05 -1.4270968023216621 -0.9384681714730067 0.34536573528401665 4.882948491963493e-06 -2.2337154601488933 1.8309406991632006e-05 3.5613976592163575e-05 0.9999999991982051 0.30129318709670205
1.0 0.0 0.0 0.0 0.0 1.0 0.0 0.0 0.0 0.0 1.0 0.0
0.8297976790338777 -0.5580642458107803 0.0003307833666664527 -0.6814390531260806 0.5580642684225203 0.8297977292829499 2.8051716656703663e-05 -1.144443596083054 -0.00029013794664411096 0.0001613211281503984 0.9999999448977313 0.09866602629303428
0.34536582446522107 0.9384681386417117 -6.768978849694923e-06 -1.4268974754898238 -0.9384681386656697 0.3453658244631603 -1.5081350367896321e-06 -2.233775167422017 9.22437280405634e-07 6.873329282128927e-06 0.9999999999759531 0.30174844638929504
1.0 0.0 0.0 0.0 0.0 1.0 0.0 0.0 0.0 0.0 1.0 0.0
0.8298079551615202 -0.5580489816437557 0.00030271607790701213 -0.6819396689807178 0.5580489959886461 0.8298079996337144 4.266095976446213e-05 -1.143856484524501 -0.00027500312821748005 0.00013352999955824093 0.9999999532715083 0.09823630929828198
0.3453659390259348 0.9384680964082306 -1.358845136654038e-05 -1.4270986487157629 -0.9384680965051184 0.3453659390149729 -3.2195860600756683e-06 -2.2337418884159232 1.671509464947614e-06 1.3864263451321807e-05 0.9999999999024941 0.3016559392725752
1.0 0.0 0.0 0.0 0.0 1.0 0.0 0.0 0.0 0.0 1.0 0.0
0.829798174406787 -0.5580633352500598 0.0005509997667878008 -0.6816250339377046 0.5580634648951268 0.8297982635102799 -0.00010499795337759307 -1.1446029831589062 -0.0003986231416187549 0.00039461994903918006 0.9999998426873311 0.09973525461166721
0.34535090755423997 0.938473609066734 -0.00018904158868098092 -1.4273057088939929 -0.9384736136834555 0.3453509305559032 0.00010575485026159017 -2.233316693899136 0.00016453382456605117 0.0001408880093498007 0.9999999765395945 0.30072692450050575
1.0 0.0 0.0 0.0 0.0 1.0 0.0 0.0 0.0 0.0 1.0 0.0
0.8297997542948645 -0.5580611524583436 0.0003433497460342713 -0.6816447858373529 0.5580611783190845 0.8297998075869988 2.411836273399246e-05 -1.144401059824828 -0.00029837107449702364 0.00017159675237678171 0.9999999407646265 0.09885515529311639
0.34536143553896836 0.9384697534266229 -2.7310006818117805e-05 -1.4271304634105473 -0.9384697537203577 0.3453614357870678 4.811028288709723e-06 -2.2336937289563448 1.3946827697894247e-05 2.3968071736492253e-05 0.9999999996155087 0.3014258043622364
1.0 0.0 0.0 0.0 0.0 1.0 0.0 0.0 0.0 0.0 1.0 0.0
0.8298018901466289 -0.5580580495271364 0.00019096348115874286 -0.681821249209019 0.5580580448725534 0.8298019112180979 8.180351800447946e-05 -1.1439944726560327 -0.00020411297334042012 3.868799307674104e-05 0.9999999784205665 0.09658378356513375
0.3453672817758035 0.9384675977170632 9.334857811800357e-05 -1.4268021370772779 -0.9384675998754494 0.34536728639058323 -3.840856758373754e-05 -2.233850206958273 -6.828474126508977e-05 -7.433955347488453e-05 0.9999999949054122 0.3032532093845708
1.0 0.0 0.0 0.0 0.0 1.0 0.0 0.0 0.0 0.0 1.0 0.0
0.829796839706976 -0.5580655027894339 0.0003152914387707222 -0.6816343118413322 0.5580655172328065 0.8297968884855709 4.8325404021748236e-05 -1.144407488556146 -0.00028859659575098756 0.00013585301232185598 0.9999999491279806 0.0989247592007852
0.3453576396330681 0.9384711502630997 -2.9511530431665668e-05 -1.4271173365042973 -0.9384711506917176 0.34535763972241146 -2.174763385809568e-06 -2.2337327556688518 8.151079798252716e-06 2.8446791072567405e-05 0.9999999995621698 0.30092064416087877
1.0 0.0 0.0 0.0 0.0 1.0 0.0 0.0 0.0 0.0 1.0 0.0
0.8297988467947277 -0.5580624989488522 0.00034803031896591145 -0.6816749240807543 0.5580625266319442 0.8297989009021026 2.075652210105618e-05 -1.1442914692685218 -0.00030037861275172476 0.00017699894104371595 0.9999999392220303 0.09892943682794869
0.34536291850879464 0.9384692076426744 -2.8733569793805065e-05 -1.4272412631557305 -0.9384692079552447 0.34536291880437725 5.897115937086469e-06 -2.233916101664118 1.5457771252505675e-05 2.4928925315292066e-05 0.9999999995698031 0.3014021305400228
1.0 0.0 0.0 0.0 0.0 1.0 0.0 0.0 0.0 0.0 1.0 0.0
0.8297995770670372 -0.5580612766657808 0.0005228628171157012 -0.6818000441631789 0.5580613886153947 0.8297996619385175 -8.708260418531863e-05 -1.1444741246603627 -0.0003852739596157886 0.00036405065789781726 0.9999998595155374 0.09944631325581293
0.3453550504185143 0.9384720775700086 -0.0002208435146394234 -1.4273688062543428 -0.938472084486095 0.3453550812771162 0.00012031791538876439 -2.233415669397168 0.00018918443397161137 0.00016570307379356117 0.9999999683758701 0.30042182651185284
1.0 0.0 0.0 0.0 0.0 1.0 0.0 0.0 0.0 0.0 1.0 0.0
0.8297992425137977 -0.5580619241951577 0.0003254030218639535 -0.6817902298729521 0.558061944806098 0.8297992918370949 3.202954799407808e-05 -1.1440436465402826 -0.00028789366828902823 0.0001550169485636288 0.9999999465434893 0.09858024185825309
0.3453634972572538 0.9384689942359387 -4.0249529160895325e-05 -1.4272793374025081 -0.938468994770427 0.3453634979536942 1.1652174853560722e-05 -2.2340234072476335 2.483592299748081e-05 3.374869931353137e-05 0.9999999991221011 0.30122381900543294
1.0 0.0 0.0 0.0 0.0 1.0 0.0 0.0 0.0 0.0 1.0 0.0
0.8297984779463783 -0.5580630799368012 0.0002912204096604054 -0.6815913144519641 0.5580630922947128 0.8297985195444018 4.450150001930316e-05 -1.1439686383848802 -0.0002664889089598925 0.00012559208537205822 0.999999956605144 0.0980600234119316
0.34536823893226015 0.9384672499142845 -1.9368777852040135e-05 -1.4270159407485608 -0.9384672500549817 0.34536823906869857 4.102012594162366e-06 -2.2341787501730437 1.0538965178031519e-05 1.6760258822006577e-05 0.9999999998040122 0.3015528463342565
1.0 0.0 0.0 0.0 0.0 1.0 0.0 0.0 0.0 0.0 1.0 0.0
0.8298002819589003 -0.5580601457105377 0.0006048392045837921 -0.6820454975795158 0.5580603094911972 0.829800381629267 -0.00013273474583321641 -1.1444786077484075 -0.0004278218311874366 0.00044768008322058683 0.9999998082754936 0.10021385466531668
0.3453552141162271 0.9384720289502917 -0.00016419701131794554 -1.4275154140130866 -0.9384720324105726 0.34535523148860553 9.201425101667334e-05 -2.233536304758573 0.00014305909769740614 0.0001223167015656903 0.9999999822863594 0.3009752581323047
1.0 0.0 0.0 0.0 0.0 1.0 0.0 0.0 0.0 0.0 1.0 0.0
0.8298120194028281 -0.5580429291487237 0.0003188757016508219 -0.6815935010238636 0.5580429487079029 0.8298120668922361 3.220905918495204e-05 -1.1437567781338303 -0.000282580942801274 0.00015121887237520235 0.9999999486404305 0.09851224402098707
0.3453545843984377 0.938472274373969 -3.558556737965387e-05 -1.4271038959098004 -0.938472274768313 0.34535458497381466 1.1346924042119147e-05 -2.2336561798850685 2.2938412466415667e-05 2.9477356130941888e-05 0.9999999993024572 0.30127795830831255
1.0 0.0 0.0 0.0 0.0 1.0 0.0 0.0 0.0 0.0 1.0 0.0
0.8298072347685721 -0.5580500286076217 0.0003445239752175599 -0.6816465465120025 0.5580500547457778 0.8298072883680679 2.3863561083462777e-05 -1.1442112402723055 -0.00029920556659837155 0.0001724594675969826 0.9999999403668788 0.0988663191610466
0.34536573483320293 0.9384681708099513 -3.97460252995965e-05 -1.4270968023216621 -0.9384681714730067 0.34536573528401665 4.882948491963493e-06 -2.2337154601488933 1.8309406991632006e-05 3.5613976592163575e-05 0.9999999991982051 0.30129318709670205
1.0 0.0 0.0 0.0 0.0 1.0 0.0 0.0 0.0 0.0 1.0 0.0
0.8298072347685721 -0.5580500286076217 0.0003445239752175599 -0.6816465465120025 0.5580500547457778 0.8298072883680679 2.3863561083462777e-05 -1.1442112402723055 -0.00029920556659837155 0.0001724594675969826 0.9999999403668788 0.0988663191610466
0.34536573483320293 0.9384681708099513 -3.97460252995965e-05 -1.4270968023216621 -0.9384681714730067 0.34536573528401665 4.882948491963493e-06 -2.2337154601488933 1.8309406991632006e-05 3.5613976592163575e-05 0.9999999991982051 0.30129318709670205
1.0 0.0 0.0 0.0 0.0 1.0 0.0 0.0 0.0 0.0 1.0 0.0
0.8297980504080876 -0.5580637606429869 0.00018599985123550229 -0.6815707568624711 0.5580637754689545 0.8297980605093983 -3.583542510792742e-05 -1.143624985931548 -0.00013434386371027985 0.00013353594510724269 0.9999999820599387 0.09779913064654266
0.34536812157579727 0.9384672858129867 0.00011856648660864792 -1.4273295454946258 -0.9384672922678863 0.3453681125049994 9.059865262922425e-05 -2.2341518741610535 4.407478794488039e-05 -0.00014256065611719653 0.9999999888669363 0.30230470935780335
1.0 0.0 0.0 0.0 0.0 1.0 0.0 0.0 0.0 0.0 1.0 0.0
0.8297985031245805 -0.5580628432695525 0.0005542329014904505 -0.681668859657746 0.5580629737901959 0.8297985939188357 -0.00010399406930024837 -1.1446728044145331 -0.0004018664563634648 0.0003955909842173084 0.9999998410055497 0.09975308934187321
0.34535518397196163 0.9384720347833323 -0.0001919200996132378 -1.427327234673637 -0.9384720399830657 0.3453552072973857 0.00010470244460127098 -2.233390656688659 0.00016454092201820914 0.00014395211538020157 0.9999999761020365 0.3007074870572895
1.0 0.0 0.0 0.0 0.0 1.0 0.0 0.0 0.0 0.0 1.0 0.0
0.8297991622264953 -0.5580620345653188 0.0003405070094386983 -0.6815979292950551 0.5580620603897226 0.8297992144144696 2.259882477278738e-05 -1.1443119467805154 -0.00029516399506634034 0.00017127155740074087 0.999999941772133 0.09883848713172616
0.3453571751129402 0.9384713213462764 -2.4669513743008418e-05 -1.4271114848603546 -0.9384713215604874 0.34535717535566196 6.2347349936155244e-06 -2.2336397943351223 1.4370913571393543e-05 2.0998420699693697e-05 0.9999999996762716 0.3014448945499306
1.0 0.0 0.0 0.0 0.0 1.0 0.0 0.0 0.0 0.0 1.0 0.0
0.8297986836435856 -0.5580627422975473 0.00034681798355447964 -0.681903629460404 0.5580627653454182 0.829798739868329 3.532643063978957e-05 -1.1445232841556603 -0.000307503490475608 0.00016423237733121388 0.999999939234663 0.0994451339717709
0.34536338633610614 0.9384690359188459 -1.017658874241602e-07 -1.4272419764768713 -0.9384690358051068 0.34536338629255714 -1.5606804619389795e-05 -2.23397981367242 -1.4611356673428903e-05 5.485523027499165e-06 0.9999999998782088 0.30143964089902486
1.0 0.0 0.0 0.0 0.0 1.0 0.0 0.0 0.0 0.0 1.0 0.0
0.8298096211236327 -0.558046416077411 0.000436112153775897 -0.6819740010489674 0.5580464849019175 0.8298096882141028 -4.510684121586523e-05 -1.14408158098135 -0.0003367183792700709 0.0002808009452570648 0.9999999038857765 0.09849577030115264
0.34536530555079087 0.9384683157578219 -0.00016137064937811393 -1.4268996414717527 -0.9384683195582169 0.34536532193212344 8.713379571576733e-05 -2.233266014826313 0.00013750413278383624 0.00012134825216672387 0.9999999831836075 0.30112191652159337
