1.0 0.0 0.0 0.0 0.0 1.0 0.0 0.0 0.0 0.0 1.0 0.0
0.8298099918124713 -0.558045956792495 0.0002959657672775384 -0.6818173370312799 0.558045970677492 0.8298100342392718 4.106621910834854e-05 -1.1436030067157275 -0.0002685122010123937 0.00013108534494563087 0.9999999553589142 0.0981830260741301
0.34535215155014365 0.938473170318824 -3.3796714843256976e-06 -1.4270429363743347 -0.9384731703248973 0.34535215154848087 -1.0823303310019185e-06 -2.23358005461797 1.514388415745856e-07 3.5455161210549963e-06 0.9999999999937033 0.3017478349024516
1.0 0.0 0.0 0.0 0.0 1.0 0.0 0.0 0.0 0.0 1.0 0.0
0.8297963747411262 -0.5580661809295187 0.0003378893691557448 -0.6815957802706336 0.5580662015459142 0.8297964287712924 3.86073061681604e-05 -1.144621954241563 -0.00030192482375446716 0.0001565284340906366 0.9999999421701234 0.09930432042649479
0.34536304292894726 0.93846916206205 -2.091439088950087e-05 -1.427256930343237 -0.938469162295015 0.34536304283392694 -8.110750703417312e-06 -2.2339633364734777 -3.886317397159092e-07 2.2428664441358276e-05 0.999999999748402 0.3010942370298012
1.0 0.0 0.0 0.0 0.0 1.0 0.0 0.0 0.0 0.0 1.0 0.0
0.829798174406787 -0.5580633352500598 0.0005509997667878008 -0.6816250339377046 0.5580634648951268 0.8297982635102799 -0.00010499795337759307 -1.1446029831589062 -0.0003986231416187549 0.00039461994903918006 0.9999998426873311 0.09973525461166721
0.34535090755423997 0.938473609066734 -0.00018904158868098092 -1.4273057088939929 -0.9384736136834555 0.3453509305559032 0.00010575485026159017 -2.233316693899136 0.00016453382456605117 0.0001408880093498007 0.9999999765395945 0.30072692450050575
1.0 0.0 0.0 0.0 0.0 1.0 0.0 0.0 0.0 0.0 1.0 0.0
0.8297997542948645 -0.5580611524583436 0.0003433497460342713 -0.6816447858373529 0.5580611783190845 0.8297998075869988 2.411836273399246e-05 -1.144401059824828 -0.00029837107449702364 0.00017159675237678171 0.9999999407646265 0.09885515529311639
0.34536143553896836 0.9384697534266229 -2.7310006818117805e-05 -1.4271304634105473 -0.9384697537203577 0.3453614357870678 4.811028288709723e-06 -2.2336937289563448 1.3946827697894247e-05 2.3968071736492253e-05 0.9999999996155087 0.3014258043622364
1.0 0.0 0.0 0.0 0.0 1.0 0.0 0.0 0.0 0.0 1.0 0.0
0.8297924561818515 -0.5580720079999147 0.0003369727470932715 -0.681204469282342 0.5580720275808153 0.8297925103930153 4.1563152567673835e-05 -1.144899743132921 -0.0003028126937568077 0.00015356627375402777 0.9999999423609343 0.09929334939731932
0.3453686077071639 0.9384671143237224 -1.1971697694377576e-05 -1.4267885191573377 -0.9384671143777701 0.345368607582887 -1.1301313713200056e-05 -2.2338520786642633 -6.47126270537418e-06 1.513816357184527e-05 0.9999999998644793 0.30126065533281876
1.0 0.0 0.0 0.0 0.0 1.0 0.0 0.0 0.0 0.0 1.0 0.0
0.8297963272127629 -0.558066256413772 0.0003298431870398003 -0.6815082582447509 0.5580662749928949 0.8297963792462494 4.1296124417590866e-05 -1.144648853265803 -0.00029674865588278406 0.00014980698635323997 0.9999999447490496 0.09918687623776007
0.34535723899048526 0.9384712980208578 -1.6368119532619855e-05 -1.4271133900728508 -0.9384712981605976 0.3453572388927501 -8.552112317591927e-06 -2.233646970334407 -2.373063379859634e-06 1.831454428376718e-05 0.999999999829473 0.3011558362290651
1.0 0.0 0.0 0.0 0.0 1.0 0.0 0.0 0.0 0.0 1.0 0.0
0.8297977528592323 -0.5580639383373461 0.0005745234366036996 -0.6817130906417876 0.5580640824959563 0.8297978465164108 -0.00011723768393003265 -1.1445790867793022 -0.00041131218685141335 0.0004179044611962288 0.9999998280890584 0.09993225795022098
0.3453562410920822 0.9384716436808932 -0.00020185546941882846 -1.4274677752834233 -0.9384716492373808 0.34535626706536765 0.00011124902444102094 -2.233608687792074 0.00017411610623027437 0.00015101509038696533 0.9999999734390114 0.3006172375435153
1.0 0.0 0.0 0.0 0.0 1.0 0.0 0.0 0.0 0.0 1.0 0.0
0.8297950272778227 -0.5580680680122496 0.0004941356832624065 -0.6813888977641263 0.5580681658684105 0.8297951050688352 -7.64726714924326e-05 -1.1444454059818518 -0.0003673544151754667 0.0003392180369754498 0.9999998749909208 0.09912566355530755
0.3453556773282958 0.9384718503339387 -0.00020559160478929493 -1.4270194799364404 -0.9384718554177021 0.34535570485366107 0.00011710630731523347 -2.2333548765797246 0.00018090320649590333 0.00015249860672264735 0.9999999720091022 0.30058526714867917
1.0 0.0 0.0 0.0 0.0 1.0 0.0 0.0 0.0 0.0 1.0 0.0
0.8297980504080876 -0.5580637606429869 0.00018599985123550229 -0.6815707568624711 0.5580637754689545 0.8297980605093983 -3.583542510792742e-05 -1.143624985931548 -0.00013434386371027985 0.00013353594510724269 0.9999999820599387 0.09779913064654266
0.34536812157579727 0.9384672858129867 0.00011856648660864792 -1.4273295454946258 -0.9384672922678863 0.3453681125049994 9.059865262922425e-05 -2.2341518741610535 4.407478794488039e-05 -0.00014256065611719653 0.9999999888669363 0.30230470935780335
1.0 0.0 0.0 0.0 0.0 1.0 0.0 0.0 0.0 0.0 1.0 0.0
0.8297997542948645 -0.5580611524583436 0.0003433497460342713 -0.6816447858373529 0.5580611783190845 0.8297998075869988 2.411836273399246e-05 -1.144401059824828 -0.00029837107449702364 0.00017159675237678171 0.9999999407646265 0.09885515529311639
0.34536143553896836 0.9384697534266229 -2.7310006818117805e-05 -1.4271304634105473 -0.9384697537203577 0.3453614357870678 4.811028288709723e-06 -2.2336937289563448 1.3946827697894247e-05 2.3968071736492253e-05 0.9999999996155087 0.3014258043622364
1.0 0.0 0.0 0.0 0.0 1.0 0.0 0.0 0.0 0.0 1.0 0.0
0.8297997542948645 -0.5580611524583436 0.0003433497460342713 -0.6816447858373529 0.5580611783190845 0.8297998075869988 2.411836273399246e-05 -1.144401059824828 -0.00029837107449702364 0.00017159675237678171 0.9999999407646265 0.09885515529311639
0.34536143553896836 0.9384697534266229 -2.7310006818117805e-05 -1.4271304634105473 -0.9384697537203577 0.3453614357870678 4.811028288709723e-06 -2.2336937289563448 1.3946827697894247e-05 2.3968071736492253e-05 0.9999999996155087 0.3014258043622364
1.0 0.0 0.0 0.0 0.0 1.0 0.0 0.0 0.0 0.0 1.0 0.0
0.8297980507052077 -0.5580637016165879 0.0003162021969573253 -0.6816695030216415 0.5580637217203626 0.8297980969300726 2.8824423417394127e-05 -1.1439312944592999 -0.00027846984570956905 0.00015254252448569284 0.9999999495926601 0.09848593048151805
0.34536367083733915 0.93846892775269 8.067511511773649e-05 -1.4269037645066796 -0.9384689293555493 0.34536367429418346 -3.3350703681037455e-05 -2.2340411317642346 -5.916085330450748e-05 -6.419296746189224e-05 0.9999999961896281 0.3030529348813138
1.0 0.0 0.0 0.0 0.0 1.0 0.0 0.0 0.0 0.0 1.0 0.0
0.8297991845543281 -0.5580620221374564 0.00030456662039934744 -0.6816028307771518 0.5580620388508686 0.8297992284722449 3.493536316752535e-05 -1.1441901762541935 -0.00027222524603914697 0.00014097773327744384 0.9999999530093461 0.09830544283036668
0.3453617002838081 0.9384696541001925 6.565167829264219e-05 -1.4267816226460468 -0.9384696552417784 0.3453617024841742 -2.5448200751933853e-05 -2.2336675056310895 -4.655593954321707e-05 -5.2823274012475896e-05 0.999999997521123 0.30281273594399094
1.0 0.0 0.0 0.0 0.0 1.0 0.0 0.0 0.0 0.0 1.0 0.0
0.8298014021543159 -0.5580587067528303 0.0003358572470969921 -0.6818519469219115 0.5580587305097457 0.8298014537073249 2.6964087009124357e-05 -1.1443128286791069 -0.0002937423754043003 0.0001650532317394537 0.9999999432364223 0.09874608688935677
0.3453613664830253 0.9384697792352538 1.7639401210445219e-06 -1.427107407045261 -0.9384697792138816 0.34536136648710825 -6.356580041971399e-06 -2.233661873040635 -6.574655039284947e-06 5.399126735108064e-07 0.9999999999782411 0.30185044699674946
1.0 0.0 0.0 0.0 0.0 1.0 0.0 0.0 0.0 0.0 1.0 0.0
0.8297988928210477 -0.5580624630173407 0.0002912799054377514 -0.6815427927353781 0.5580624753956573 0.8297989344288261 4.4452862547159396e-05 -1.144190334084703 -0.0002665112291140083 0.00012566544893723692 0.9999999565899789 0.09806372825088572
0.34536637334919923 0.9384679365268825 -1.6449838705387124e-05 -1.426884719281066 -0.9384679366364894 0.34536637343385973 2.528683634629604e-06 -2.2338530070297917 8.05430964997312e-06 1.4564323891612346e-05 0.9999999998615042 0.3015992299066587
1.0 0.0 0.0 0.0 0.0 1.0 0.0 0.0 0.0 0.0 1.0 0.0
0.8297976790338777 -0.5580642458107803 0.0003307833666664527 -0.6814390531260806 0.5580642684225203 0.8297977292829499 2.8051716656703663e-05 -1.144443596083054 -0.00029013794664411096 0.0001613211281503984 0.9999999448977313 0.09866602629303428
0.34536582446522107 0.9384681386417117 -6.768978849694923e-06 -1.4268974754898238 -0.9384681386656697 0.3453658244631603 -1.5081350367896321e-06 -2.233775167422017 9.22437280405634e-07 6.873329282128927e-06 0.9999999999759531 0.30174844638929504
1.0 0.0 0.0 0.0 0.0 1.0 0.0 0.0 0.0 0.0 1.0 0.0
0.8298084015760314 -0.5580480905243533 0.0005876529197364255 -0.681769342227609 0.558048238864589 0.8298085020618888 -0.00011404356320577683 -1.1444648211893647 -0.0004239975963752039 0.00042257298381636796 0.9999998208290398 0.09999241593739655
0.34535940613642396 0.9384704696109378 -0.00024137382133887264 -1.4272609755970613 -0.938470480372169 0.34535944071945934 0.00011906289066010381 -2.2333920655405226 0.00019509773485293537 0.0001854027168498973 0.9999999637813526 0.3003291801372646
1.0 0.0 0.0 0.0 0.0 1.0 0.0 0.0 0.0 0.0 1.0 0.0
0.8297967338220068 -0.5580653513016242 0.0006664945039184401 -0.6819794759612776 0.5580655625556568 0.8297968413886143 -0.00017294772752202581 -1.1450286219215613 -0.0004565388998380141 0.0005154590896892512 0.999999762937052 0.10039391214900484
0.3453508416968254 0.9384733872128981 0.0007054306792934218 -1.4278433917392412 -0.9384733986687729 0.3453512034612476 -0.00047566684625030277 -2.2333688474832485 -0.0006900220104378933 -0.0004977559814019226 0.9999996380542386 0.30353895251216356
1.0 0.0 0.0 0.0 0.0 1.0 0.0 0.0 0.0 0.0 1.0 0.0
0.8297940638908564 -0.5580696755246508 0.00022088754850463843 -0.6813716582285352 0.5580696641519668 0.8297940928475678 0.00011588180773167339 -1.14520035749349 -0.00024796130577275184 2.711260384063904e-05 0.9999999688900482 0.09892543263703368
0.3453528028861167 0.938472904621021 0.00022097711877351568 -1.4274698008789422 -0.9384729015634458 0.3453528412244663 -0.00016759855134500175 -2.2332856762934945 -0.00023360177510505208 -0.00014950040836786944 0.9999999615399185 0.3017453092586998
1.0 0.0 0.0 0.0 0.0 1.0 0.0 0.0 0.0 0.0 1.0 0.0
0.8297991622264953 -0.5580620345653188 0.0003405070094386983 -0.6815979292950551 0.5580620603897226 0.8297992144144696 2.259882477278738e-05 -1.1443119467805154 -0.00029516399506634034 0.00017127155740074087 0.999999941772133 0.09883848713172616
0.3453571751129402 0.9384713213462764 -2.4669513743008418e-05 -1.4271114848603546 -0.9384713215604874 0.34535717535566196 6.2347349936155244e-06 -2.2336397943351223 1.4370913571393543e-05 2.0998420699693697e-05 0.9999999996762716 0.3014448945499306
