1.0 0.0 0.0 0.0 0.0 1.0 0.0 0.0 0.0 0.0 1.0 0.0
0.8297985031245805 -0.5580628432695525 0.0005542329014904505 -0.681668859657746 0.5580629737901959 0.8297985939188357 -0.00010399406930024837 -1.1446728044145331 -0.0004018664563634648 0.0003955909842173084 0.9999998410055497 0.09975308934187321
0.34535518397196163 0.9384720347833323 -0.0001919200996132378 -1.427327234673637 -0.9384720399830657 0.3453552072973857 0.00010470244460127098 -2.233390656688659 0.00016454092201820914 0.00014395211538020157 0.9999999761020365 0.3007074870572895
1.0 0.0 0.0 0.0 0.0 1.0 0.0 0.0 0.0 0.0 1.0 0.0
0.8297997542948645 -0.5580611524583436 0.0003433497460342713 -0.6816447858373529 0.5580611783190845 0.8297998075869988 2.411836273399246e-05 -1.144401059824828 -0.00029837107449702364 0.00017159675237678171 0.9999999407646265 0.09885515529311639
0.34536143553896836 0.9384697534266229 -2.7310006818117805e-05 -1.4271304634105473 -0.9384697537203577 0.3453614357870678 4.811028288709723e-06 -2.2336937289563448 1.3946827697894247e-05 2.3968071736492253e-05 0.9999999996155087 0.3014258043622364
1.0 0.0 0.0 0.0 0.0 1.0 0.0 0.0 0.0 0.0 1.0 0.0
0.829796839706976 -0.5580655027894339 0.0003152914387707222 -0.6816343118413322 0.5580655172328065 0.8297968884855709 4.8325404021748236e-05 -1.144407488556146 -0.00028859659575098756 0.00013585301232185598 0.9999999491279806 0.0989247592007852
0.3453576396330681 0.9384711502630997 -2.9511530431665668e-05 -1.4271173365042973 -0.9384711506917176 0.34535763972241146 -2.174763385809568e-06 -2.2337327556688518 8.151079798252716e-06 2.8446791072567405e-05 0.9999999995621698 0.30092064416087877
1.0 0.0 0.0 0.0 0.0 1.0 0.0 0.0 0.0 0.0 1.0 0.0
0.8297995770670372 -0.5580612766657808 0.0005228628171157012 -0.6818000441631789 0.5580613886153947 0.8297996619385175 -8.708260418531863e-05 -1.1444741246603627 -0.0003852739596157886 0.00036405065789781726 0.9999998595155374 0.09944631325581293
0.3453550504185143 0.9384720775700086 -0.0002208435146394234 -1.4273688062543428 -0.938472084486095 0.3453550812771162 0.00012031791538876439 -2.233415669397168 0.00018918443397161137 0.00016570307379356117 0.9999999683758701 0.30042182651185284
1.0 0.0 0.0 0.0 0.0 1.0 0.0 0.0 0.0 0.0 1.0 0.0
0.8297985031245805 -0.5580628432695525 0.0005542329014904505 -0.681668859657746 0.5580629737901959 0.8297985939188357 -0.00010399406930024837 -1.1446728044145331 -0.0004018664563634648 0.0003955909842173084 0.9999998410055497 0.09975308934187321
0.34535518397196163 0.9384720347833323 -0.0001919200996132378 -1.427327234673637 -0.9384720399830657 0.3453552072973857 0.00010470244460127098 -2.233390656688659 0.00016454092201820914 0.00014395211538020157 0.9999999761020365 0.3007074870572895
1.0 0.0 0.0 0.0 0.0 1.0 0.0 0.0 0.0 0.0 1.0 0.0
0.8298006368003954 -0.5580598653728189 0.0002997094094328709 -0.681954720558533 0.5580598795354186 0.8298006803444077 4.18673247584659e-05 -1.143919530508688 -0.0002720635454712416 0.00013251426417802668 0.9999999542106978 0.09821468518384946
0.34535730936297737 0.9384712722567049 -4.29501006996151e-06 -1.4270736351615199 -0.9384712722664327 0.3453573093614452 -1.1170108864669588e-06 -2.233673011731055 4.3503049369605063e-07 4.41651143903773e-06 0.9999999999901525 0.30173874883644647
1.0 0.0 0.0 0.0 0.0 1.0 0.0 0.0 0.0 0.0 1.0 0.0
0.8297963272127629 -0.558066256413772 0.0003298431870398003 -0.6815082582447509 0.5580662749928949 0.8297963792462494 4.1296124417590866e-05 -1.144648853265803 -0.00029674865588278406 0.00014980698635323997 0.9999999447490496 0.09918687623776007
0.34535723899048526 0.9384712980208578 -1.6368119532619855e-05 -1.4271133900728508 -0.9384712981605976 0.3453572388927501 -8.552112317591927e-06 -2.233646970334407 -2.373063379859634e-06 1.831454428376718e-05 0.999999999829473 0.3011558362290651
1.0 0.0 0.0 0.0 0.0 1.0 0.0 0.0 0.0 0.0 1.0 0.0
0.8297985031245805 -0.5580628432695525 0.0005542329014904505 -0.681668859657746 0.5580629737901959 0.8297985939188357 -0.00010399406930024837 -1.1446728044145331 -0.0004018664563634648 0.0003955909842173084 0.9999998410055497 0.09975308934187321
0.34535518397196163 0.9384720347833323 -0.0001919200996132378 -1.427327234673637 -0.9384720399830657 0.3453552072973857 0.00010470244460127098 -2.233390656688659 0.00016454092201820914 0.00014395211538020157 0.9999999761020365 0.3007074870572895
1.0 0.0 0.0 0.0 0.0 1.0 0.0 0.0 0.0 0.0 1.0 0.0
0.829798378787569 -0.5580631986360712 0.0003418912098952321 -0.6818731429882856 0.5580632256711978 0.8297984308136428 1.930477386964767e-05 -1.1440476095597356 -0.0002944740733346857 0.00017477784136286524 0.9999999413688615 0.09887208193174601
0.34535888206761806 0.9384706935037078 3.416990553201117e-06 -1.4272058802348866 -0.9384706934927245 0.34535888208104437 -4.797637901860433e-06 -2.233903085634979 -5.682530606455654e-06 -1.5498386317541804e-06 0.9999999999826533 0.3018574071641388
1.0 0.0 0.0 0.0 0.0 1.0 0.0 0.0 0.0 0.0 1.0 0.0
0.829798752785807 -0.558062482351392 0.000543752629654685 -0.6818726426836452 0.5580626072359028 0.8297988409113102 -0.00010013647948761875 -1.1443274507741243 -0.0003953228895131416 0.0003865411359836593 0.99999984715287 0.09963368999029715
0.34535624724346164 0.9384716320194837 -0.00024162905441789433 -1.4275453765072985 -0.9384716399351464 0.34535628450078876 0.00013339133080338508 -2.233682770797138 0.00020863209237750575 0.0001806944855344705 0.9999999619110759 0.3002294160590531
1.0 0.0 0.0 0.0 0.0 1.0 0.0 0.0 0.0 0.0 1.0 0.0
0.8298056136580537 -0.5580524388907112 0.00034494885253731573 -0.6816303146442877 0.5580524661753119 0.829805666758665 2.0269703804270785e-05 -1.1440973407682016 -0.0002975520702209252 0.00017567964385881689 0.9999999402997124 0.09890125015609869
0.3453699754666644 0.9384666102063538 -3.96730608539573e-05 -1.4272300333643795 -0.9384666108636639 0.3453699759222312 5.054294760139603e-06 -2.2339907877656904 1.8445170942429632e-05 3.548624130489652e-05 0.9999999992002511 0.30129261693854814
1.0 0.0 0.0 0.0 0.0 1.0 0.0 0.0 0.0 0.0 1.0 0.0
0.8298066040437736 -0.5580509772809795 0.00032655946448397713 -0.6817023971391478 0.5580509975075768 0.8298066540022578 3.3976100189133256e-05 -1.144005353177195 -0.00028994161247095535 0.00015404324258422414 0.9999999461022688 0.09857401344310573
0.34536630087313475 0.9384679621604899 -4.711205341221159e-05 -1.4271225600872715 -0.9384679630167555 0.3453663016416312 9.031323423263655e-06 -2.2337804784347624 2.4746523338372163e-05 4.109403803662133e-05 0.9999999988494448 0.30117317995961645
1.0 0.0 0.0 0.0 0.0 1.0 0.0 0.0 0.0 0.0 1.0 0.0
0.8297997542948645 -0.5580611524583436 0.0003433497460342713 -0.6816447858373529 0.5580611783190845 0.8297998075869988 2.411836273399246e-05 -1.144401059824828 -0.00029837107449702364 0.00017159675237678171 0.9999999407646265 0.09885515529311639
0.34536143553896836 0.9384697534266229 -2.7310006818117805e-05 -1.4271304634105473 -0.9384697537203577 0.3453614357870678 4.811028288709723e-06 -2.2336937289563448 1.3946827697894247e-05 2.3968071736492253e-05 0.9999999996155087 0.3014258043622364
1.0 0.0 0.0 0.0 0.0 1.0 0.0 0.0 0.0 0.0 1.0 0.0
0.8297970112006415 -0.5580652380626154 0.00033206716110411694 -0.6815497646879862 0.5580652565798171 0.8297970640957127 4.2622047008740894e-05 -1.144721782415683 -0.00029933423817743275 0.00014994749824418646 0.9999999439573792 0.09920229598676134
0.34536162913319846 0.9384696823977966 -1.8510582425806216e-05 -1.427127860781873 -0.938469682576055 0.34536162900476247 -9.837465395534265e-06 -2.2337054622415202 -2.8393181249453474e-06 2.0769103488985858e-05 0.9999999997802914 0.30113789655809736
1.0 0.0 0.0 0.0 0.0 1.0 0.0 0.0 0.0 0.0 1.0 0.0
0.8298071812627001 -0.5580501377206964 0.00029277083726623814 -0.6816438936742468 0.5580501518971287 0.8298072224879254 3.8398760019661e-05 -1.1440815288874937 -0.00026437178861464413 0.00013151724339158601 0.999999956405385 0.09814494362676313
0.3453711189505777 0.9384661870857832 7.675609507460762e-05 -1.4267787259825155 -0.9384661887049397 0.3453711218907468 -2.8662732982933366e-05 -2.233759548498103 -5.340834440181719e-05 -6.213371984203267e-05 0.9999999966434747 0.30296663573080285
1.0 0.0 0.0 0.0 0.0 1.0 0.0 0.0 0.0 0.0 1.0 0.0
0.8297992425137977 -0.5580619241951577 0.0003254030218639535 -0.6817902298729521 0.558061944806098 0.8297992918370949 3.202954799407808e-05 -1.1440436465402826 -0.00028789366828902823 0.0001550169485636288 0.9999999465434893 0.09858024185825309
0.3453634972572538 0.9384689942359387 -4.0249529160895325e-05 -1.4272793374025081 -0.938468994770427 0.3453634979536942 1.1652174853560722e-05 -2.2340234072476335 2.483592299748081e-05 3.374869931353137e-05 0.9999999991221011 0.30122381900543294
1.0 0.0 0.0 0.0 0.0 1.0 0.0 0.0 0.0 0.0 1.0 0.0
0.8297970112006415 -0.5580652380626154 0.00033206716110411694 -0.6815497646879862 0.5580652565798171 0.8297970640957127 4.2622047008740894e-05 -1.144721782415683 -0.00029933423817743275 0.00014994749824418646 0.9999999439573792 0.09920229598676134
0.34536162913319846 0.9384696823977966 -1.8510582425806216e-05 -1.427127860781873 -0.938469682576055 0.34536162900476247 -9.837465395534265e-06 -2.2337054622415202 -2.8393181249453474e-06 2.0769103488985858e-05 0.9999999997802914 0.30113789655809736
1.0 0.0 0.0 0.0 0.0 1.0 0.0 0.0 0.0 0.0 1.0 0.0
0.8297976790338777 -0.5580642458107803 0.0003307833666664527 -0.6814390531260806 0.5580642684225203 0.8297977292829499 2.8051716656703663e-05 -1.144443596083054 -0.00029013794664411096 0.0001613211281503984 0.9999999448977313 0.09866602629303428
0.34536582446522107 0.9384681386417117 -6.768978849694923e-06 -1.4268974754898238 -0.9384681386656697 0.3453658244631603 -1.5081350367896321e-06 -2.233775167422017 9.22437280405634e-07 6.873329282128927e-06 0.9999999999759531 0.30174844638929504
1.0 0.0 0.0 0.0 0.0 1.0 0.0 0.0 0.0 0.0 1.0 0.0
0.8297988467947277 -0.5580624989488522 0.00034803031896591145 -0.6816749240807543 0.5580625266319442 0.8297989009021026 2.075652210105618e-05 -1.1442914692685218 -0.00030037861275172476 0.00017699894104371595 0.9999999392220303 0.09892943682794869
0.34536291850879464 0.9384692076426744 -2.8733569793805065e-05 -1.4272412631557305 -0.9384692079552447 0.34536291880437725 5.897115937086469e-06 -2.233916101664118 1.5457771252505675e-05 2.4928925315292066e-05 0.9999999995698031 0.3014021305400228
1.0 0.0 0.0 0.0 0.0 1.0 0.0 0.0 0.0 0.0 1.0 0.0
0.8298004825194567 -0.5580600700663587 0.00034264851844883733 -0.6819121683921168 0.5580600961636757 0.8298005353966222 2.2918728291615932e-05 -1.1441773558799397 -0.0002971199511779569 0.0001722004933607815 0.9999999410333605 0.09884918395215642
0.3453630659325872 0.9384691538248167 2.996127892720593e-06 -1.4272312514327652 -0.9384691537983956 0.34536306594537874 -7.052157983391057e-06 -2.233918046346332 -7.652984650296491e-06 -3.762187055558896e-07 0.9999999999706451 0.3018692009928843
