1.0 0.0 0.0 0.0 0.0 1.0 0.0 0.0 0.0 0.0 1.0 0.0
0.8296194505797759 -0.5583292568305506 -9.048069353507579e-05 -0.6749812359426925 0.5583291681901497 0.8296192020633834 0.000720774451829227 -1.140319405898847 -0.0003273649432595486 -0.0006484865150772094 0.999999736148682 0.09563871768457895
0.3455753919236598 0.9383909505833479 -0.0002689983083107874 -1.4268900394427781 -0.9383909224602851 0.3455754612339791 0.0002779155581266042 -2.230685631892628 0.0003537526592379686 0.0001563847927547185 0.9999999252014236 0.2949024716565588
1.0 0.0 0.0 0.0 0.0 1.0 0.0 0.0 0.0 0.0 1.0 0.0
0.8295564829837828 -0.55842277406167 -0.0002166768237578978 -0.6749000705779094 0.5584227874460812 0.8295562536737645 0.0006422240245632053 -1.138101606114104 -0.00017888690719110285 -0.0006537583790021914 0.9999997702997018 0.09881517091276946
0.34565603070061157 0.9383612382680544 -0.0003081498689806553 -1.4266007540226189 -0.938361170675038 0.34565613334689027 0.0003883929052069735 -2.22913993280518 0.00047096673966774694 0.0001549055218339479 0.9999998770972972 0.29566975897414366
1.0 0.0 0.0 0.0 0.0 1.0 0.0 0.0 0.0 0.0 1.0 0.0
0.8296113145800716 -0.558341344215265 -0.00010030262459659446 -0.6767235224799315 0.5583413490120689 0.8296113170016493 2.6194887788777497e-05 -1.1392261056584754 6.858650363074867e-05 -7.773467802043882e-05 0.9999999946266057 0.09250733195027419
0.34556577841774905 0.9383944597613735 -0.0003614909334220761 -1.4288055038634004 -0.9383945040201841 0.34556583300922317 9.940500111393017e-05 -2.230654601140964 0.00021820001785116672 0.00030487013858786216 0.9999999297214729 0.2961124572851225
1.0 0.0 0.0 0.0 0.0 1.0 0.0 0.0 0.0 0.0 1.0 0.0
0.8296169235448717 -0.5583329984935829 -0.00015152922897297152 -0.6761828747302768 0.5583330180465126 0.8296168751739309 0.0002852818169315148 -1.1394488304441797 -3.3571046824998354e-05 -0.0003212783950407548 0.9999999478265875 0.09448447094873808
0.34556730056989293 0.9383939205934791 -0.0003009485613020562 -1.4284487673972814 -0.9383939467275291 0.3455673442917888 0.00010632145342630308 -2.230533803346591 0.00020376940062150073 0.00024566709054904545 0.9999999490628547 0.2952136451994404
1.0 0.0 0.0 0.0 0.0 1.0 0.0 0.0 0.0 0.0 1.0 0.0
0.82956086695216 -0.5584162637160255 -0.00021080563357771915 -0.6750613780346979 0.5584162796291473 0.8295606619751749 0.0006055975986670477 -1.1382548387964315 -0.00016329948742422094 -0.0006200973666017175 0.9999997944062455 0.09841033338824351
0.3456580190921631 0.9383604952534776 -0.0003387992468265051 -1.4269840541878025 -0.9383604701872416 0.34565811958355497 0.00030390120080448185 -2.229229907834295 0.00040227759186939327 0.0002128699334814077 0.9999998964295599 0.29572132273110074
1.0 0.0 0.0 0.0 0.0 1.0 0.0 0.0 0.0 0.0 1.0 0.0
0.8295860601411493 -0.558378856918383 -0.0001447964273063793 -0.6745742194675606 0.5583787889717977 0.8295857588832172 0.0007724535878173516 -1.1389464509999463 -0.00031120069735741533 -0.0007216679822860709 0.999999691174677 0.09780996215161143
0.34562140692806564 0.9383740189143455 -0.00020904450307694815 -1.4263289130812462 -0.9383739292313364 0.3456214660554112 0.00041369149235956007 -2.229486369317991 0.00046044761590034733 5.3181276113020703e-05 0.9999998925798667 0.2945956882502742
1.0 0.0 0.0 0.0 0.0 1.0 0.0 0.0 0.0 0.0 1.0 0.0
0.8295031054627753 -0.5585020381841368 -0.00026715496829543 -0.6738706456653294 0.5585020431829124 0.8295027034092546 0.0008560357764366628 -1.1364340026108386 -0.0002564919574681432 -0.0008592909305809135 0.9999995979154054 0.10229528587792504
0.34574513270647333 0.9383284274459561 -0.0002558448405700707 -1.4252548305965216 -0.9383282494093785 0.3457452250821852 0.000579390369113365 -2.2273709743937067 0.0006321155859164707 3.974504131457057e-05 0.9999997994250888 0.29513882199605357
1.0 0.0 0.0 0.0 0.0 1.0 0.0 0.0 0.0 0.0 1.0 0.0
0.8296089204357735 -0.5583449053106999 -7.64655205826949e-05 -0.675236911913576 0.5583448390515718 0.8296087371208742 0.0006196750620699619 -1.140195389307211 -0.00028255594989095526 -0.0005567820880475715 0.9999998050779018 0.09508674048779454
0.34558246805663584 0.9383883318604851 -0.00031048346306233654 -1.4271142888267119 -0.9383883473060879 0.3455825274590074 0.00016234282584346823 -2.23082097451765 0.00025963827343206125 0.00023525122934266174 0.9999999386224111 0.2948080709101276
1.0 0.0 0.0 0.0 0.0 1.0 0.0 0.0 0.0 0.0 1.0 0.0
0.8295687321905174 -0.5584045762884309 -0.0002185222084629454 -0.6754794637431791 0.5584046143874904 0.829568611200867 0.0004538072528024716 -1.1381757695761072 -7.212888172662892e-05 -0.0004984881169180616 0.9999998731535028 0.0975535584730711
0.3456373213490245 0.9383681209329456 -0.00033422663541694456 -1.427273577906293 -0.9383680767028385 0.34563742870107006 0.0003471396382282734 -2.229387020781206 0.00044126600489452494 0.00019364319036778432 0.9999998838933072 0.29618784355889427
1.0 0.0 0.0 0.0 0.0 1.0 0.0 0.0 0.0 0.0 1.0 0.0
0.8295913002859263 -0.558371071160656 -0.0001462217752776617 -0.6752951210513349 0.5583710329791534 0.8295910680023899 0.0006703882810375337 -1.139967313904957 -0.0002530211438586778 -0.0006377942894682082 0.9999997645993448 0.0965391309727964
0.3456014811313498 0.9383813000076396 -0.00038991767025541523 -1.427089168451937 -0.9383813361541843 0.3456015632612426 0.00016561664404227908 -2.2308430424438197 0.0002901677181227358 0.00030865410692339224 0.9999999102676648 0.29573495324524274
1.0 0.0 0.0 0.0 0.0 1.0 0.0 0.0 0.0 0.0 1.0 0.0
0.8295977253520772 -0.5583615332710132 -0.00011069734673365438 -0.6743910014259162 0.5583614547808776 0.8295974638986562 0.0007305531465202442 -1.1387257277483445 -0.00031607853691645695 -0.000667874360164584 0.9999997270190615 0.09714835454841775
0.345619471496759 0.9383747484894331 -0.00011099411701212247 -1.426013048305777 -0.9383745839895443 0.34561947749478006 0.0005629375498592878 -2.2288816790165726 0.0005666081104912235 -9.040812009150634e-05 0.999999835390797 0.2940914891262504
1.0 0.0 0.0 0.0 0.0 1.0 0.0 0.0 0.0 0.0 1.0 0.0
0.8295732062496357 -0.5583978068785256 -0.00042982083725752386 -0.6756958177758552 0.5583979720443006 0.8295729366491547 0.0006690262403015914 -1.1382742601599674 -1.7015051131871664e-05 -0.0007950173270991151 0.9999996838289188 0.10140949096243891
0.34562752883959946 0.9383717493497427 -0.00026707777013960015 -1.427691890806914 -0.9383717577131881 0.3456275754634456 0.00015298863379026594 -2.2293790579193753 0.00023586965407394744 0.00019774115317457153 0.9999999526319702 0.29454913344109274
1.0 0.0 0.0 0.0 0.0 1.0 0.0 0.0 0.0 0.0 1.0 0.0
0.8296044934928554 -0.5583514591631242 -0.00018007463152370273 -0.6758428071725507 0.5583514767289834 0.8296043679246988 0.0004702710116822053 -1.1396521641547006 -0.00011318580471038356 -0.0004906838808836757 0.9999998732091433 0.09593404552222262
0.3455834893836013 0.9383879421620294 -0.00034909936422235915 -1.4279701819236246 -0.9383879831868801 0.3455835406464187 9.718407513896648e-05 -2.230661831845435 0.00021183935860594194 0.00029400543652538524 0.9999999343424426 0.29543680181381304
1.0 0.0 0.0 0.0 0.0 1.0 0.0 0.0 0.0 0.0 1.0 0.0
0.8295792951388272 -0.5583888865581407 -0.0002108206028368429 -0.6751630698746017 0.5583889096035899 0.8295791186413225 0.0005581630590775182 -1.138534230366737 -0.0001367796791833606 -0.0005807604036620954 0.9999998220043206 0.09775351629969058
0.34565100676223603 0.9383630712366439 -0.0003578597296074214 -1.427423682037085 -0.9383630714584065 0.3456511017759005 0.0002489261963547173 -2.2293199605093394 0.0003572777599426813 0.00024976076464618135 0.9999999049860768 0.29587073151878723
1.0 0.0 0.0 0.0 0.0 1.0 0.0 0.0 0.0 0.0 1.0 0.0
0.8295884821050546 -0.5583752758067662 -4.154935970668239e-05 -0.6755104921781053 0.5583752625759957 0.8295884407354238 0.0002917899176824266 -1.1387486700189176 -0.00012845940723093665 -0.00026526568953980637 0.9999999565661464 0.0938381003033998
0.345619801822892 0.938374569510615 -0.00034624221730535304 -1.4277508202299563 -0.9383745926836559 0.3456198719845427 0.00016701847468940397 -2.229848238002944 0.0002763940801077114 0.00026718000751088655 0.9999999261105753 0.2955333833678308
