1.0 0.0 0.0 0.0 0.0 1.0 0.0 0.0 0.0 0.0 1.0 0.0
-0.7381436750335877 -0.6746430722948423 -0.000800007803271977 -1.2957232011998023 0.6746430336086304 -0.7381440571415201 0.00035792457406107713 0.6579099049105532 -0.0008319923399464402 -0.00027551993082770794 0.9999996159386833 0.46996129314420537
-0.844231555883751 0.5359738188422137 0.002268383960959918 -2.57306289144881 -0.5359772803053753 -0.8442313455945116 -0.0013379507216409131 1.2831420174072086 0.0011979342859856357 -0.0023453424855103405 0.999996532155023 0.658968914589672
1.0 0.0 0.0 0.0 0.0 1.0 0.0 0.0 0.0 0.0 1.0 0.0
-0.7381694385022903 -0.6746149115653429 -0.0007753417942818858 -1.2964675627092612 0.6746148911853618 -0.7381697919295322 0.0003269153919941481 0.6582118633306295 -0.0007928758892188114 -0.00028173816883486126 0.9999996459856516 0.47001380523317277
-0.8442125985493603 0.536002552181997 0.002520417608722715 -2.573508637400903 -0.5360068332458742 -0.8442123236966912 -0.0014923914909291047 1.2838624332902113 0.0013278419581531087 -0.0026108567595188037 0.9999957101221562 0.6591367434758186
1.0 0.0 0.0 0.0 0.0 1.0 0.0 0.0 0.0 0.0 1.0 0.0
-0.7381356880476755 -0.6746520161130964 -0.0006026482546013879 -1.2953928123814764 0.6746519926162255 -0.7381359053901422 0.00027208974889403125 0.6577111066910206 -0.0006284022126970487 -0.00020573869180290176 0.999999781391101 0.46954930427733815
-0.8442399613058849 0.5359590432269695 0.0026060923753714197 -2.5720698696791646 -0.5359635488446994 -0.8442398056452625 -0.0014916011010297177 1.2833452561079073 0.0014007298214929187 -0.002656039773938315 0.9999954916941808 0.6581637878282257
1.0 0.0 0.0 0.0 0.0 1.0 0.0 0.0 0.0 0.0 1.0 0.0
-0.738261988486349 -0.6745133162924687 -0.0010111875779520516 -1.2994978979030065 0.674513462744569 -0.7382625082455272 0.00023978188895492372 0.6595806138294709 -0.0009082579547114587 -0.0005050377805458572 0.9999994600020181 0.4748278924278486
-0.8442049187376028 0.5360149167682654 0.0024625558160693705 -2.573515470579533 -0.5360191187902935 -0.8442044218653917 -0.0015486749811410537 1.2838785543371927 0.0012487876178987611 -0.002627376035106585 0.9999957687033758 0.6610889177815455
1.0 0.0 0.0 0.0 0.0 1.0 0.0 0.0 0.0 0.0 1.0 0.0
-0.7383276310849023 -0.6744408839985532 -0.001342820839232391 -1.300943528427076 0.6744410852711216 -0.7383285781270774 0.0003649919994724766 0.660777114630209 -0.0012376085276864768 -0.0006361698658011164 0.9999990318060483 0.4753137985590044
-0.844159042570573 0.5360858561079536 0.0027323483188109233 -2.574614098027291 -0.5360912330456845 -0.8441579788968676 -0.0018698974069986192 1.2852977337870422 0.001304108082184785 -0.003043278784138792 0.9999945188631546 0.6645813510965854
1.0 0.0 0.0 0.0 0.0 1.0 0.0 0.0 0.0 0.0 1.0 0.0
-0.7381312620856033 -0.6746569073714015 -0.0005452228636283446 -1.2955232488425312 0.6746568705094307 -0.7381314453087475 0.00027662400656213804 0.6576437577502955 -0.0005890724371172623 -0.00016365352381880177 0.9999998131055765 0.4686910200211792
-0.8442395897649215 0.5359609410074424 0.002320514592284605 -2.573002646456543 -0.5359644942819384 -0.8442395021318214 -0.0013129772733233265 1.2829211787395238 0.0012553655491482352 -0.002352180824528788 0.9999964456450366 0.6579117175587695
1.0 0.0 0.0 0.0 0.0 1.0 0.0 0.0 0.0 0.0 1.0 0.0
-0.7382613151061219 -0.6745138839309097 -0.0011184821046904714 -1.2991269422965817 0.6745139693286265 -0.738261998597137 0.00035582004105551453 0.6597223279036316 -0.0010657383918767306 -0.0004917436326070481 0.9999993111947028 0.4734259734922659
-0.8441548110780743 0.536092319993986 0.00277116892405197 -2.5752287192623204 -0.5360977773413008 -0.8441538851831509 -0.0018415373762461777 1.2853914859388111 0.001352058969349812 -0.0030401601367598396 0.9999944646661232 0.6635742664943658
1.0 0.0 0.0 0.0 0.0 1.0 0.0 0.0 0.0 0.0 1.0 0.0
-0.7381415322040437 -0.6746456949185046 -0.0005145516447951112 -1.29538134498919 0.6746456651872993 -0.738141694515859 0.0002554628016744052 0.6577965980966981 -0.0005521589023664433 -0.00015857233282693368 0.9999998349876673 0.46816380014030706
-0.8442132783054279 0.5359997635139456 0.0028625593087465355 -2.572680160173605 -0.5360053174236211 -0.8442128611054318 -0.0017160529666880842 1.2844413483114014 0.0014968053997987396 -0.002983061711682139 0.9999944304426998 0.6596931482047834
1.0 0.0 0.0 0.0 0.0 1.0 0.0 0.0 0.0 0.0 1.0 0.0
-0.7380546630542082 -0.6747408075149455 -0.00039625499181987 -1.293123073617767 0.6747407349015271 -0.7380547686018768 0.00031497392998401804 0.656428606610055 -0.0005049836501585254 -3.4901406623723574e-05 0.9999998718866943 0.4663670662354197
-0.84425475735793 0.5359366600509203 0.0024085456122742857 -2.5724736825446906 -0.5359403536456897 -0.8442549054152695 -0.0012617513176465859 1.2827366593764509 0.0013572076610846584 -0.0023560763397398182 0.9999963034389907 0.6556972293667276
1.0 0.0 0.0 0.0 0.0 1.0 0.0 0.0 0.0 0.0 1.0 0.0
-0.7382166772440051 -0.6745631249884109 -0.0008531381425171794 -1.297816908924508 0.6745631557718096 -0.7382170833581196 0.00029447140548505957 0.658733203147829 -0.0008284407027743271 -0.00035811185522513554 0.9999995927208676 0.471253719327831
-0.8441724912039992 0.5360648963745301 0.0026892321205361177 -2.574487855806674 -0.5360699756175958 -0.8441717526143648 -0.0017416455844492457 1.2848028240963378 0.001336538732630843 -0.002911865889104817 0.9999948673374579 0.662338962317167
1.0 0.0 0.0 0.0 0.0 1.0 0.0 0.0 0.0 0.0 1.0 0.0
-0.7382155809430246 -0.6745643550931897 -0.0008287886717085864 -1.2977060041273956 0.6745644105621921 -0.7382159522160299 0.0002527778922673566 0.6588238173062436 -0.0007823399743503575 -0.0003724667632220247 0.9999996246062669 0.47207053647364616
-0.8441848000225092 0.5360465388146387 0.0024762140056537483 -2.573655626479381 -0.5360508997920598 -0.8441840531151819 -0.001648422927300722 1.2847588706181499 0.001206748970991156 -0.002718950325044295 0.9999955755232375 0.6626232293675728
1.0 0.0 0.0 0.0 0.0 1.0 0.0 0.0 0.0 0.0 1.0 0.0
-0.7382893161088535 -0.6744836036496759 -0.0008684050139610713 -1.2996608896868351 0.674483729670207 -0.738289689128582 0.00018258309934503258 0.6605972890674516 -0.000764283774606786 -0.00045092590113229283 0.9999996062679942 0.4736669311965813
-0.8441969979862556 0.5360257998955155 0.00278755042389043 -2.5730227623674433 -0.5360312468378483 -0.8441962275166204 -0.0017977375136648825 1.2849273546968427 0.001389605863096277 -0.0030118587415445403 0.9999944988361017 0.6619835706150593
1.0 0.0 0.0 0.0 0.0 1.0 0.0 0.0 0.0 0.0 1.0 0.0
-0.7382600289222172 -0.674515536918013 -0.000959245522237142 -1.2994819940571132 0.6745157041137839 -0.7382604759985965 0.00018569386640313452 0.6596026841831216 -0.0008334264538456072 -0.0005099358096683237 0.9999995226827941 0.4754927730673269
-0.8442320864375448 0.5359742256295159 0.0019528671614452134 -2.5734611973586827 -0.5359768740812181 -0.8442317617775341 -0.0012340405697064422 1.2824404137951604 0.000987258545480596 -0.002088508281599122 0.9999973317233012 0.6612801966706804
1.0 0.0 0.0 0.0 0.0 1.0 0.0 0.0 0.0 0.0 1.0 0.0
-0.7382208866511215 -0.6745585209426177 -0.0008510791621316197 -1.2982018859989157 0.6745585970198482 -0.7382212695323869 0.00023747969499165865 0.6593772670772937 -0.0007884786913488417 -0.000398790294561953 0.9999996096337509 0.4732785849888793
-0.844219785187931 0.5359925397143336 0.0022252343296769108 -2.573829405703609 -0.5359959020225843 -0.844219520813297 -0.001339288155582928 1.2834682644415076 0.001160737799576872 -0.0023233700407577634 0.9999966273140196 0.6592923005835222
1.0 0.0 0.0 0.0 0.0 1.0 0.0 0.0 0.0 0.0 1.0 0.0
-0.7382596223352156 -0.6745162479271092 -0.0007492074474081749 -1.2992329252428885 0.6745163343040199 -0.7382599042926108 0.00016873331835209546 0.659769931608571 -0.0006669231832140163 -0.0003807836651770482 0.9999997051085905 0.47257028868094497
-0.8441675964784165 0.536073904543473 0.002416179498394456 -2.5754354489187548 -0.5360780547908358 -0.8441668892930656 -0.001606920328636264 1.2846237352145553 0.001178230676270986 -0.002651770877081988 0.9999957899329821 0.6627334351938309
