1.0 0.0 0.0 0.0 0.0 1.0 0.0 0.0 0.0 0.0 1.0 0.0
-0.7381578191433035 -0.6746280707882041 1.192426459684765e-05 -1.2975660875180037 0.6746280708878867 -0.7381578189491004 1.7157972847267932e-05 0.6566271419100698 -2.77326097320711e-06 2.0709735439585236e-05 0.9999999997817081 0.4783937764088577
-0.8443123761468448 0.5358512958696332 1.4145798789640018e-05 -2.57784343493866 -0.5358512943234073 -0.8443123752452311 5.81350560483228e-05 1.2800224178539121 4.309521809476331e-05 4.150410271891971e-05 0.999999998210106 0.6704170713940654
1.0 0.0 0.0 0.0 0.0 1.0 0.0 0.0 0.0 0.0 1.0 0.0
-0.7381644549861747 -0.6746208098083573 1.9195820861536582e-05 -1.297564839259449 0.6746208100523262 -0.7381644549199088 1.1710549390311606e-05 0.6567204488984997 6.2694923300009815e-06 2.159421152752169e-05 0.9999999997471916 0.47845272893198015
-0.8443051600454929 0.535862664342034 4.1046434300401915e-05 -2.5777195479275776 -0.5358626633744294 -0.8443051610246588 3.268619054607845e-05 1.2801712773366072 5.217102547469011e-05 5.601867734043401e-06 0.9999999986234016 0.6706102236427387
1.0 0.0 0.0 0.0 0.0 1.0 0.0 0.0 0.0 0.0 1.0 0.0
-0.738170017443032 -0.6746147206780722 6.318702575893623e-05 -1.2978346727645196 0.6746147231572523 -0.7381700172131278 3.141710033410915e-05 0.6566164488338684 2.544832952571405e-05 6.581805939111945e-05 0.9999999975101829 0.479123580505583
-0.8442988692255162 0.5358725533263701 0.00016129473647850294 -2.5784482893247453 -0.5358725500721201 -0.8442988840862942 6.640664662406552e-05 1.2801085946220274 0.00017176646530208214 -3.0366365096183006e-05 0.9999999847870824 0.6725252840277783
1.0 0.0 0.0 0.0 0.0 1.0 0.0 0.0 0.0 0.0 1.0 0.0
-0.7381644549861747 -0.6746208098083573 1.9195820861536582e-05 -1.297564839259449 0.6746208100523262 -0.7381644549199088 1.1710549390311606e-05 0.6567204488984997 6.2694923300009815e-06 2.159421152752169e-05 0.9999999997471916 0.47845272893198015
-0.8443051600454929 0.535862664342034 4.1046434300401915e-05 -2.5777195479275776 -0.5358626633744294 -0.8443051610246588 3.268619054607845e-05 1.2801712773366072 5.217102547469011e-05 5.601867734043401e-06 0.9999999986234016 0.6706102236427387
1.0 0.0 0.0 0.0 0.0 1.0 0.0 0.0 0.0 0.0 1.0 0.0
-0.7381581134448408 -0.6746277486520629 1.7441408110041744e-05 -1.2974330822117164 0.6746277488501817 -0.7381581129354751 2.8086911863302912e-05 0.6562452668921903 -6.073693219482255e-06 3.249903976356176e-05 0.9999999994534613 0.47871033632758075
-0.8443064702843761 0.5358606004060497 3.418195324441371e-05 -2.576991685258685 -0.5358605932565964 -0.8443064667705001 0.00012150803684323265 1.279290637810032 9.397141374808322e-05 8.427325995408002e-05 0.9999999920336956 0.6719600057820211
1.0 0.0 0.0 0.0 0.0 1.0 0.0 0.0 0.0 0.0 1.0 0.0
-0.7381581134448408 -0.6746277486520629 1.7441408110041744e-05 -1.2974330822117164 0.6746277488501817 -0.7381581129354751 2.8086911863302912e-05 0.6562452668921903 -6.073693219482255e-06 3.249903976356176e-05 0.9999999994534613 0.47871033632758075
-0.8443064702843761 0.5358606004060497 3.418195324441371e-05 -2.576991685258685 -0.5358605932565964 -0.8443064667705001 0.00012150803684323265 1.279290637810032 9.397141374808322e-05 8.427325995408002e-05 0.9999999920336956 0.6719600057820211
1.0 0.0 0.0 0.0 0.0 1.0 0.0 0.0 0.0 0.0 1.0 0.0
-0.738165140395396 -0.6746200600717984 7.332706324256912e-06 -1.2975369662236078 0.6746200600112597 -0.7381651404294592 -9.228275777251447e-06 0.6568122043305245 1.163832815278088e-05 -1.8652007042083084e-06 0.9999999999305351 0.47837610710823975
-0.8443035880282295 0.5358651387648483 6.556819204900106e-05 -2.5772987984024383 -0.5358651354173212 -0.8443035903915089 6.241941683752672e-05 1.2801896646768176 8.88078494277223e-05 1.756522948714982e-05 0.9999999959023143 0.6704655860229815
1.0 0.0 0.0 0.0 0.0 1.0 0.0 0.0 0.0 0.0 1.0 0.0
-0.7381644549861747 -0.6746208098083573 1.9195820861536582e-05 -1.297564839259449 0.6746208100523262 -0.7381644549199088 1.1710549390311606e-05 0.6567204488984997 6.2694923300009815e-06 2.159421152752169e-05 0.9999999997471916 0.47845272893198015
-0.8443051600454929 0.535862664342034 4.1046434300401915e-05 -2.5777195479275776 -0.5358626633744294 -0.8443051610246588 3.268619054607845e-05 1.2801712773366072 5.217102547469011e-05 5.601867734043401e-06 0.9999999986234016 0.6706102236427387
1.0 0.0 0.0 0.0 0.0 1.0 0.0 0.0 0.0 0.0 1.0 0.0
-0.7381581134448408 -0.6746277486520629 1.7441408110041744e-05 -1.2974330822117164 0.6746277488501817 -0.7381581129354751 2.8086911863302912e-05 0.6562452668921903 -6.073693219482255e-06 3.249903976356176e-05 0.9999999994534613 0.47871033632758075
-0.8443064702843761 0.5358606004060497 3.418195324441371e-05 -2.576991685258685 -0.5358605932565964 -0.8443064667705001 0.00012150803684323265 1.279290637810032 9.397141374808322e-05 8.427325995408002e-05 0.9999999920336956 0.6719600057820211
1.0 0.0 0.0 0.0 0.0 1.0 0.0 0.0 0.0 0.0 1.0 0.0
-0.7381604869334103 -0.6746251516386446 1.751477467497697e-05 -1.2973980820772506 0.6746251518537862 -0.7381604865150032 2.5183150252345938e-05 0.6563664304871253 -4.060471962443268e-06 3.0405113977581247e-05 0.9999999995295209 0.4786598394894028
-0.8443082626631696 0.5358577762792187 3.463800014374548e-05 -2.5773394557076585 -0.5358577719872112 -0.8443082615593254 8.754182941194179e-05 1.2796049058140326 7.61551197253488e-05 5.535124831802631e-05 0.9999999955683188 0.671400412614739
1.0 0.0 0.0 0.0 0.0 1.0 0.0 0.0 0.0 0.0 1.0 0.0
-0.7381644549861747 -0.6746208098083573 1.9195820861536582e-05 -1.297564839259449 0.6746208100523262 -0.7381644549199088 1.1710549390311606e-05 0.6567204488984997 6.2694923300009815e-06 2.159421152752169e-05 0.9999999997471916 0.47845272893198015
-0.8443051600454929 0.535862664342034 4.1046434300401915e-05 -2.5777195479275776 -0.5358626633744294 -0.8443051610246588 3.268619054607845e-05 1.2801712773366072 5.217102547469011e-05 5.601867734043401e-06 0.9999999986234016 0.6706102236427387
1.0 0.0 0.0 0.0 0.0 1.0 0.0 0.0 0.0 0.0 1.0 0.0
-0.7381644549861747 -0.6746208098083573 1.9195820861536582e-05 -1.297564839259449 0.6746208100523262 -0.7381644549199088 1.1710549390311606e-05 0.6567204488984997 6.2694923300009815e-06 2.159421152752169e-05 0.9999999997471916 0.47845272893198015
-0.8443051600454929 0.535862664342034 4.1046434300401915e-05 -2.5777195479275776 -0.5358626633744294 -0.8443051610246588 3.268619054607845e-05 1.2801712773366072 5.217102547469011e-05 5.601867734043401e-06 0.9999999986234016 0.6706102236427387
1.0 0.0 0.0 0.0 0.0 1.0 0.0 0.0 0.0 0.0 1.0 0.0
-0.7381688360492238 -0.6746160133069515 6.384018777703722e-05 -1.2978938822752415 0.6746160158548995 -0.7381688357693567 3.2418744268852264e-05 0.6565906612510357 2.525463307159427e-05 6.699811985269785e-05 0.9999999974367276 0.47914576471748166
-0.844296524463857 0.5358762475647744 0.0001614749158841057 -2.5782467824569437 -0.5358762442656162 -0.8442965393645113 6.669998818855874e-05 1.2798126463155812 0.00017207565205822815 -3.0216003257697362e-05 0.9999999847384814 0.6725330214193636
1.0 0.0 0.0 0.0 0.0 1.0 0.0 0.0 0.0 0.0 1.0 0.0
-0.7381604869334103 -0.6746251516386446 1.751477467497697e-05 -1.2973980820772506 0.6746251518537862 -0.7381604865150032 2.5183150252345938e-05 0.6563664304871253 -4.060471962443268e-06 3.0405113977581247e-05 0.9999999995295209 0.4786598394894028
-0.8443082626631696 0.5358577762792187 3.463800014374548e-05 -2.5773394557076585 -0.5358577719872112 -0.8443082615593254 8.754182941194179e-05 1.2796049058140326 7.61551197253488e-05 5.535124831802631e-05 0.9999999955683188 0.671400412614739
1.0 0.0 0.0 0.0 0.0 1.0 0.0 0.0 0.0 0.0 1.0 0.0
-0.7381618105885723 -0.6746237034260236 1.2820154168560226e-05 -1.2977271488628885 0.6746237035334203 -0.7381618105637474 7.49006235746657e-06 0.6570024688244711 4.410374606286334e-06 1.4177657876265234e-05 0.9999999998897715 0.47823593714008916
-0.8443083193154766 0.5358576878495953 1.752600065558982e-05 -2.5781788461109807 -0.5358576875983603 -0.8443083194818415 1.7189754893459853e-05 1.2806306710443867 2.4008610472669656e-05 5.122010879391844e-06 0.999999999698676 0.6697900822442285
1.0 0.0 0.0 0.0 0.0 1.0 0.0 0.0 0.0 0.0 1.0 0.0
-0.7381583655552639 -0.6746274729132361 -1.2307828203081864e-05 -1.297365434582388 0.6746274730031174 -0.7381583652592875 -2.16139850898485e-05 0.6572350587202864 5.496261794471933e-06 -2.4257742945845932e-05 0.9999999996906765 0.47819409598937024
-0.8443097414601145 0.5358554440526907 -5.962086968309527e-05 -2.577674551864726 -0.5358554426669005 -0.8443097435649678 -3.8542434485144306e-05 1.28078754937376 -7.099165453915539e-05 -5.935853791714785e-07 0.9999999974799163 0.6688471279692197
1.0 0.0 0.0 0.0 0.0 1.0 0.0 0.0 0.0 0.0 1.0 0.0
-0.7381685117194215 -0.6746163708858539 2.0945970252205653e-05 -1.2977801244741245 0.6746163712047406 -0.7381685114907757 1.8602170904820924e-05 0.6568516303769538 2.912326656391865e-06 2.7862031254468535e-05 0.9999999996076128 0.4784365318587265
-0.8443020514241769 0.5358675625288745 3.7286575262151535e-05 -2.5780051362201934 -0.5358675622849101 -0.8443020522292891 1.709498105263024e-05 1.2804378716194686 4.064177784257892e-05 -5.547338619892946e-06 0.9999999991587363 0.6706510425024312
1.0 0.0 0.0 0.0 0.0 1.0 0.0 0.0 0.0 0.0 1.0 0.0
-0.7381684966056337 -0.6746163842438536 6.87657474369565e-05 -1.297549548372488 0.6746163877469195 -0.7381684929968516 7.300722692556596e-05 0.6560111362226291 1.5088367031448804e-06 0.00010028213507762732 0.9999999949706083 0.47982201820986814
-0.8442885593801923 0.5358887921152866 0.00017602538992366577 -2.577333440650297 -0.5358887640382651 -0.8442885755342009 0.00018384768322076865 1.2787682508199385 0.00024713813861087434 6.0890466966304574e-05 0.9999999676075451 0.6744235019175333
1.0 0.0 0.0 0.0 0.0 1.0 0.0 0.0 0.0 0.0 1.0 0.0
-0.7381665241567469 -0.6746185455805793 2.3939310890577373e-05 -1.2973732397453435 0.6746185459958662 -0.7381665238695998 2.0897244994890528e-05 0.6567380722587233 3.5735288788363867e-06 3.1575549807478925e-05 0.9999999994951073 0.47841526930267064
-0.844304993388626 0.5358629283286875 1.3492077331083549e-05 -2.5773489488276358 -0.5358629283853372 -0.8443049934601815 -7.030502861955368e-07 1.2802437617065685 1.1014689677663781e-05 -7.823492935878798e-06 0.9999999999087347 0.6707827447943138
1.0 0.0 0.0 0.0 0.0 1.0 0.0 0.0 0.0 0.0 1.0 0.0
-0.7381626214364743 -0.6746228159914179 2.1397253126148865e-05 -1.297142272741163 0.6746228162614941 -0.7381626214438785 9.083643536988475e-06 0.6565168583316225 9.666619276905376e-06 2.1140281289691112e-05 0.9999999997298222 0.4783553851208644
-0.8443058753187718 0.5358615384183846 2.3368464351527614e-05 -2.5767573212889223 -0.5358615381206152 -0.8443058756377306 1.8072471427374886e-05 1.2796793185968056 2.941447409872446e-05 2.736432556742673e-06 0.9999999995636505 0.6705980767385991
