1.0 0.0 0.0 0.0 0.0 1.0 0.0 0.0 0.0 0.0 1.0 0.0
-0.7381627243205161 -0.6746227034403541 2.0652901972854714e-05 -1.2971919493632993 0.6746227037223573 -0.7381627242452088 1.2539090366037424e-05 0.6565799844531908 6.7860473424311575e-06 2.3188805673741263e-05 0.9999999997081147 0.47844220720669733
-0.8443076629011995 0.5358587219254825 2.2421066562410187e-05 -2.577130091856734 -0.5358587214956467 -0.8443076631693602 2.2595254192760197e-05 1.2799395700002858 3.103814234839024e-05 7.062822197445214e-06 0.9999999994933751 0.6707075120477162
1.0 0.0 0.0 0.0 0.0 1.0 0.0 0.0 0.0 0.0 1.0 0.0
-0.7381639337892895 -0.6746213801074741 1.8831042590330185e-05 -1.2975776182910754 0.6746213803174528 -0.7381639337932658 8.0885451770309e-06 0.6566911001141271 8.44369096552007e-06 1.8674496271602268e-05 0.9999999997899836 0.4783822696817499
-0.8443039155471046 0.5358646252322549 4.0205996469573094e-05 -2.5774862142743538 -0.5358646246792157 -0.844303916503854 2.4365050286811273e-05 1.2799775350364362 4.700244882690474e-05 -9.734638483637945e-07 0.9999999988949111 0.6704523443041109
1.0 0.0 0.0 0.0 0.0 1.0 0.0 0.0 0.0 0.0 1.0 0.0
-0.7381685117194215 -0.6746163708858539 2.0945970252205653e-05 -1.2977801244741245 0.6746163712047406 -0.7381685114907757 1.8602170904820924e-05 0.6568516303769538 2.912326656391865e-06 2.7862031254468535e-05 0.9999999996076128 0.4784365318587265
-0.8443020514241769 0.5358675625288745 3.7286575262151535e-05 -2.5780051362201934 -0.5358675622849101 -0.8443020522292891 1.709498105263024e-05 1.2804378716194686 4.064177784257892e-05 -5.547338619892946e-06 0.9999999991587363 0.6706510425024312
1.0 0.0 0.0 0.0 0.0 1.0 0.0 0.0 0.0 0.0 1.0 0.0
-0.7381653549714231 -0.6746198252783124 7.834002029578852e-06 -1.2975344873462777 0.6746198252594887 -0.7381653550116275 -5.235862239394889e-06 0.6568266835516035 9.315005358447379e-06 1.4200409717489995e-06 0.999999999955607 0.478450451504521
-0.8443048842601276 0.5358630962978509 6.663761949379308e-05 -2.5775867749883403 -0.5358630921655537 -0.8443048865479131 7.07537072762185e-05 1.2803757241437497 9.417676842211846e-05 2.402905979632434e-05 0.9999999952766703 0.670617006898824
1.0 0.0 0.0 0.0 0.0 1.0 0.0 0.0 0.0 0.0 1.0 0.0
-0.7381665241567469 -0.6746185455805793 2.3939310890577373e-05 -1.2973732397453435 0.6746185459958662 -0.7381665238695998 2.0897244994890528e-05 0.6567380722587233 3.5735288788363867e-06 3.1575549807478925e-05 0.9999999994951073 0.47841526930267064
-0.844304993388626 0.5358629283286875 1.3492077331083549e-05 -2.5773489488276358 -0.5358629283853372 -0.8443049934601815 -7.030502861955368e-07 1.2802437617065685 1.1014689677663781e-05 -7.823492935878798e-06 0.9999999999087347 0.6707827447943138
1.0 0.0 0.0 0.0 0.0 1.0 0.0 0.0 0.0 0.0 1.0 0.0
-0.7381627243205161 -0.6746227034403541 2.0652901972854714e-05 -1.2971919493632993 0.6746227037223573 -0.7381627242452088 1.2539090366037424e-05 0.6565799844531908 6.7860473424311575e-06 2.3188805673741263e-05 0.9999999997081147 0.47844220720669733
-0.8443076629011995 0.5358587219254825 2.2421066562410187e-05 -2.577130091856734 -0.5358587214956467 -0.8443076631693602 2.2595254192760197e-05 1.2799395700002858 3.103814234839024e-05 7.062822197445214e-06 0.9999999994933751 0.6707075120477162
1.0 0.0 0.0 0.0 0.0 1.0 0.0 0.0 0.0 0.0 1.0 0.0
-0.7381612753284603 -0.6746242890296444 1.602212777963749e-05 -1.298303607618715 0.6746242892196304 -0.7381612750985458 1.8433621339627072e-05 0.6574159675732716 -6.088544188755028e-07 2.441590200210787e-05 0.9999999997017466 0.47821424140969815
-0.8443057652815534 0.5358617112409899 -3.373733514261835e-05 -2.579141779275945 -0.535861710697758 -0.8443057659522106 -2.4247122279619596e-05 1.2810990413631078 -4.147773102620894e-05 -2.393439008264625e-06 0.9999999991369346 0.6688254101487302
1.0 0.0 0.0 0.0 0.0 1.0 0.0 0.0 0.0 0.0 1.0 0.0
-0.7381644549861747 -0.6746208098083573 1.9195820861536582e-05 -1.297564839259449 0.6746208100523262 -0.7381644549199088 1.1710549390311606e-05 0.6567204488984997 6.2694923300009815e-06 2.159421152752169e-05 0.9999999997471916 0.47845272893198015
-0.8443051600454929 0.535862664342034 4.1046434300401915e-05 -2.5777195479275776 -0.5358626633744294 -0.8443051610246588 3.268619054607845e-05 1.2801712773366072 5.217102547469011e-05 5.601867734043401e-06 0.9999999986234016 0.6706102236427387
1.0 0.0 0.0 0.0 0.0 1.0 0.0 0.0 0.0 0.0 1.0 0.0
-0.7381720438315289 -0.6746125062492903 1.0845915545415316e-05 -1.2979787309787127 0.6746125060859144 -0.7381720430237749 3.9122736635118134e-05 0.6566678221469289 -1.8386535776128205e-05 3.619610072911691e-05 0.9999999991758889 0.4783796533865233
-0.8443070905352139 0.5358596206137882 6.219010105588673e-05 -2.57892397579856 -0.5358596213671616 -0.8443070923311687 5.246836486501806e-06 1.2806954863753264 5.5319111203355243e-05 -2.889522275615904e-05 0.9999999980524311 0.6710251547619805
1.0 0.0 0.0 0.0 0.0 1.0 0.0 0.0 0.0 0.0 1.0 0.0
-0.7381653549714231 -0.6746198252783124 7.834002029578852e-06 -1.2975344873462777 0.6746198252594887 -0.7381653550116275 -5.235862239394889e-06 0.6568266835516035 9.315005358447379e-06 1.4200409717489995e-06 0.999999999955607 0.478450451504521
-0.8443048842601276 0.5358630962978509 6.663761949379308e-05 -2.5775867749883403 -0.5358630921655537 -0.8443048865479131 7.07537072762185e-05 1.2803757241437497 9.417676842211846e-05 2.402905979632434e-05 0.9999999952766703 0.670617006898824
1.0 0.0 0.0 0.0 0.0 1.0 0.0 0.0 0.0 0.0 1.0 0.0
-0.7381649904480371 -0.6746202238917567 1.982638764998802e-05 -1.2975714878159517 0.6746202240692667 -0.7381649894648284 4.0063969056634876e-05 0.6564947846978546 -1.2392818544198865e-05 4.294910141491984e-05 0.9999999990008963 0.47869331997269904
-0.8443048819990316 0.535863102919686 3.4086456672158475e-05 -2.5775614752731753 -0.5358630989639488 -0.8443048810742825 8.344396633851346e-05 1.2798532849365598 7.349390446891111e-05 5.218647384792923e-05 0.999999995937609 0.6713929074013215
1.0 0.0 0.0 0.0 0.0 1.0 0.0 0.0 0.0 0.0 1.0 0.0
-0.7381674406171908 -0.6746175431565058 8.84000884135368e-06 -1.2971373480088875 0.6746175430322341 -0.7381674406590033 -1.3567887530634715e-05 0.6565877866376575 1.5678541653569465e-05 -4.051747768133673e-06 0.9999999998688833 0.47859363113077696
-0.8443073962655482 0.5358591289722424 0.00012045082327184303 -2.577216635795904 -0.5358591252869488 -0.8443074047894208 6.375311970299902e-05 1.2803212245197777 0.00013586021319471342 -1.071744229829511e-05 0.9999999907135695 0.6714004371729417
1.0 0.0 0.0 0.0 0.0 1.0 0.0 0.0 0.0 0.0 1.0 0.0
-0.7381700687547689 -0.67461466693228 2.7466864329215104e-05 -1.2976449161253223 0.6746146673645292 -0.738170068793809 1.0657821943294543e-05 0.6566104029395934 1.308529413094666e-05 2.6396834699665885e-05 0.9999999995659911 0.47856862141659673
-0.844302604291731 0.535866684371599 9.46931315332842e-05 -2.578086435941967 -0.5358666843498444 -0.8443026091599118 2.7742917962309074e-05 1.2802641245383257 9.481616348633675e-05 -2.731947653921748e-05 0.9999999951317708 0.6714287774691983
1.0 0.0 0.0 0.0 0.0 1.0 0.0 0.0 0.0 0.0 1.0 0.0
-0.7381618105885723 -0.6746237034260236 1.2820154168560226e-05 -1.2977271488628885 0.6746237035334203 -0.7381618105637474 7.49006235746657e-06 0.6570024688244711 4.410374606286334e-06 1.4177657876265234e-05 0.9999999998897715 0.47823593714008916
-0.8443083193154766 0.5358576878495953 1.752600065558982e-05 -2.5781788461109807 -0.5358576875983603 -0.8443083194818415 1.7189754893459853e-05 1.2806306710443867 2.4008610472669656e-05 5.122010879391844e-06 0.999999999698676 0.6697900822442285
1.0 0.0 0.0 0.0 0.0 1.0 0.0 0.0 0.0 0.0 1.0 0.0
-0.7381707435778087 -0.6746139290481645 7.744876366010016e-06 -1.2978035635684353 0.6746139290250849 -0.7381707436177127 -5.675467543690031e-06 0.6570055207677323 9.545790605159667e-06 1.0353373782124942e-06 0.999999999953903 0.47845096770875195
-0.8443008649843017 0.5358694289469753 6.713272496862866e-05 -2.57791815299873 -0.5358694247160749 -0.8443008672967499 7.166881779883758e-05 1.280728291026497 9.50853463821794e-05 2.4535670151400428e-05 0.9999999951783888 0.6706144463177206
1.0 0.0 0.0 0.0 0.0 1.0 0.0 0.0 0.0 0.0 1.0 0.0
-0.7381628494180827 -0.674622566258465 2.887594365730462e-05 -1.2977243618756442 0.674622566831101 -0.7381628491885865 2.0000113142472555e-05 0.6567769841949707 7.822621189451473e-06 3.424370373569477e-05 0.9999999993830877 0.478609686394278
-0.8443037035440069 0.5358649600751636 2.7304167457698453e-05 -2.5779877980669226 -0.5358649596755037 -0.8443037039800735 2.0916478086487345e-05 1.2800827797890522 3.426141741335509e-05 3.02851331982642e-06 0.9999999994084917 0.6703773532588441
1.0 0.0 0.0 0.0 0.0 1.0 0.0 0.0 0.0 0.0 1.0 0.0
-0.7381644549861747 -0.6746208098083573 1.9195820861536582e-05 -1.297564839259449 0.6746208100523262 -0.7381644549199088 1.1710549390311606e-05 0.6567204488984997 6.2694923300009815e-06 2.159421152752169e-05 0.9999999997471916 0.47845272893198015
-0.8443051600454929 0.535862664342034 4.1046434300401915e-05 -2.5777195479275776 -0.5358626633744294 -0.8443051610246588 3.268619054607845e-05 1.2801712773366072 5.217102547469011e-05 5.601867734043401e-06 0.9999999986234016 0.6706102236427387
1.0 0.0 0.0 0.0 0.0 1.0 0.0 0.0 0.0 0.0 1.0 0.0
-0.738160011270586 -0.6746256711340196 4.0099647693721075e-05 -1.2979278556864946 0.6746256713443693 -0.7381600056865882 9.781582126462862e-05 0.656411557111376 -3.6389107898546726e-05 9.925597947319183e-05 0.9999999944120416 0.47959725196687586
-0.8442983268862851 0.5358734304474662 4.192236158365981e-05 -2.5774557322369205 -0.5358734202006176 -0.8442983220522565 0.0001445760535661595 1.27921937029625 0.00011286944532660897 9.96002408490107e-05 0.9999999886701401 0.6722555233856851
1.0 0.0 0.0 0.0 0.0 1.0 0.0 0.0 0.0 0.0 1.0 0.0
-0.7381671972844324 -0.6746178087957837 3.0146639657679508e-05 -1.2979960982974186 0.6746178094531372 -0.7381671968395962 2.6050383333517303e-05 0.6569185029815636 4.679207967492196e-06 3.9566998461709234e-05 0.9999999992062788 0.47858907043681864
-0.844299792806077 0.5358711218737708 2.4685260844523124e-05 -2.578376635469146 -0.5358711218803944 -0.8442997931345193 6.9033177620893614e-06 1.280345534438963 2.4541049258326196e-05 -7.399648666457654e-06 0.9999999996714911 0.6704322208863922
1.0 0.0 0.0 0.0 0.0 1.0 0.0 0.0 0.0 0.0 1.0 0.0
-0.7381644549861747 -0.6746208098083573 1.9195820861536582e-05 -1.297564839259449 0.6746208100523262 -0.7381644549199088 1.1710549390311606e-05 0.6567204488984997 6.2694923300009815e-06 2.159421152752169e-05 0.9999999997471916 0.47845272893198015
-0.8443051600454929 0.535862664342034 4.1046434300401915e-05 -2.5777195479275776 -0.5358626633744294 -0.8443051610246588 3.268619054607845e-05 1.2801712773366072 5.217102547469011e-05 5.601867734043401e-06 0.9999999986234016 0.6706102236427387
