1.0 0.0 0.0 0.0 0.0 1.0 0.0 0.0 0.0 0.0 1.0 0.0
-0.7381721709011255 -0.6746123669272706 2.2268924498019556e-05 -1.2970324967595264 0.6746123672647362 -0.7381721701542936 3.381078279958986e-05 0.6560496763405865 -6.3708718883838516e-06 3.998107081108229e-05 0.9999999991804628 0.4787257743011041
-0.8443074883505398 0.5358589939953354 6.057647291159271e-05 -2.5771051560609504 -0.5358589949390191 -0.8443074899243478 7.689438920574854e-07 1.2795015628984334 5.15572152928695e-05 -3.181122280520139e-05 0.9999999981649497 0.6721631192637927
1.0 0.0 0.0 0.0 0.0 1.0 0.0 0.0 0.0 0.0 1.0 0.0
-0.7381551001976132 -0.6746310457714629 1.1556574525902663e-05 -1.297650735079607 0.6746310458558662 -0.7381551001859785 6.070295755226755e-06 0.6565283348973985 4.435334453481296e-06 1.2277243730351754e-05 0.9999999999147988 0.4781938465042089
-0.8443117865742376 0.5358522248366419 1.376373191262749e-05 -2.5775766906567084 -0.5358522238193648 -0.844311786129055 4.507113250000388e-05 1.2796912303731194 3.577234770100204e-05 3.0678762050585585e-05 0.9999999988895764 0.6701886785120251
1.0 0.0 0.0 0.0 0.0 1.0 0.0 0.0 0.0 0.0 1.0 0.0
-0.7381604011894329 -0.6746252456472889 7.15478721573657e-06 -1.297324333616145 0.6746252456851937 -0.7381604011444503 8.152074345092852e-06 0.6564183597479705 -2.182145563220153e-07 1.0844338552344687e-05 0.9999999999411764 0.4786371813849045
-0.8443088726893162 0.5358568123879915 6.415198815048534e-05 -2.577112854631587 -0.5358568011555156 -0.8443088712853217 0.00013610394318248214 1.27973273701088 0.00012709631785324822 8.053748767888955e-05 0.9999999886801196 0.6714657411168197
1.0 0.0 0.0 0.0 0.0 1.0 0.0 0.0 0.0 0.0 1.0 0.0
-0.7381677084721538 -0.6746172493987946 3.1346033971380194e-05 -1.2972206198009726 0.6746172499666002 -0.7381677085131205 1.2489586730607418e-05 0.6564773333543457 1.4712939421297758e-05 3.0365984851829264e-05 0.9999999994307179 0.4785537983476691
-0.8443058360281336 0.5358615939234785 8.606174492551597e-05 -2.5774515416019623 -0.5358615940214909 -0.8443058400149444 2.3862245142164766e-05 1.2800560911110566 8.544929455896597e-05 -2.5970150985791866e-05 0.9999999960119846 0.6714494507860183
1.0 0.0 0.0 0.0 0.0 1.0 0.0 0.0 0.0 0.0 1.0 0.0
-0.7381685117194215 -0.6746163708858539 2.0945970252205653e-05 -1.2977801244741245 0.6746163712047406 -0.7381685114907757 1.8602170904820924e-05 0.6568516303769538 2.912326656391865e-06 2.7862031254468535e-05 0.9999999996076128 0.4784365318587265
-0.8443020514241769 0.5358675625288745 3.7286575262151535e-05 -2.5780051362201934 -0.5358675622849101 -0.8443020522292891 1.709498105263024e-05 1.2804378716194686 4.064177784257892e-05 -5.547338619892946e-06 0.9999999991587363 0.6706510425024312
1.0 0.0 0.0 0.0 0.0 1.0 0.0 0.0 0.0 0.0 1.0 0.0
-0.7381689606349099 -0.6746158794136253 -2.825169824944133e-05 -1.2972329870535582 0.6746158797861566 -0.7381689586807841 -5.6395724838011916e-05 0.6569387000746447 1.7190924829012796e-05 -6.0688617857937196e-05 0.9999999980106817 0.47853177904309485
-0.8443037697848705 0.5358648558993072 2.3217904684121607e-05 -2.5765527860287536 -0.5358648559029645 -0.844303770076085 6.588173062274662e-06 1.2803212636403631 2.3133334866717435e-05 -6.879239795454682e-06 0.9999999997087622 0.6706288679016054
1.0 0.0 0.0 0.0 0.0 1.0 0.0 0.0 0.0 0.0 1.0 0.0
-0.738162570730472 -0.6746228697879211 -5.226558149855364e-05 -1.2990581194515265 0.6746228711372778 -0.7381625712426707 -1.2446111320791629e-05 0.6576443406230041 -3.0184064689544497e-05 -4.4446810180361195e-05 0.9999999985567016 0.4766662430385171
-0.8443055008600582 0.5358621085073976 0.00014793056555639303 -2.580474123502789 -0.5358621145395972 -0.8443055099899034 -1.3565902747865647e-06 1.2815606902550107 0.0001241716462701507 -8.041576229550276e-05 0.9999999890573535 0.6724423551982359
1.0 0.0 0.0 0.0 0.0 1.0 0.0 0.0 0.0 0.0 1.0 0.0
-0.7381543725629613 -0.6746318419290787 1.1025419674840332e-05 -1.2970798694694219 0.6746318420099986 -0.7381543723691196 1.727855190841337e-05 0.6563347008535274 -3.5181995596453826e-06 2.019233782692067e-05 0.9999999997899458 0.47840724978484794
-0.844317535856486 0.5358431656115027 -2.2642336903328976e-05 -2.577114367265273 -0.5358431658772034 -0.8443175335770503 6.385187769125984e-05 1.279549479256401 1.5097270223684762e-05 6.604400152123157e-05 0.9999999977051311 0.6709955329784352
1.0 0.0 0.0 0.0 0.0 1.0 0.0 0.0 0.0 0.0 1.0 0.0
-0.7381639337892895 -0.6746213801074741 1.8831042590330185e-05 -1.2975776182910754 0.6746213803174528 -0.7381639337932658 8.0885451770309e-06 0.6566911001141271 8.44369096552007e-06 1.8674496271602268e-05 0.9999999997899836 0.4783822696817499
-0.8443039155471046 0.5358646252322549 4.0205996469573094e-05 -2.5774862142743538 -0.5358646246792157 -0.844303916503854 2.4365050286811273e-05 1.2799775350364362 4.700244882690474e-05 -9.734638483637945e-07 0.9999999988949111 0.6704523443041109
1.0 0.0 0.0 0.0 0.0 1.0 0.0 0.0 0.0 0.0 1.0 0.0
-0.7381653549714231 -0.6746198252783124 7.834002029578852e-06 -1.2975344873462777 0.6746198252594887 -0.7381653550116275 -5.235862239394889e-06 0.6568266835516035 9.315005358447379e-06 1.4200409717489995e-06 0.999999999955607 0.478450451504521
-0.8443048842601276 0.5358630962978509 6.663761949379308e-05 -2.5775867749883403 -0.5358630921655537 -0.8443048865479131 7.07537072762185e-05 1.2803757241437497 9.417676842211846e-05 2.402905979632434e-05 0.9999999952766703 0.670617006898824
1.0 0.0 0.0 0.0 0.0 1.0 0.0 0.0 0.0 0.0 1.0 0.0
-0.7381608702658186 -0.6746247322627899 1.5092020456698403e-05 -1.2973068303131756 0.6746247324112424 -0.7381608702326315 8.744378035580392e-06 0.6568736623164844 5.241165262829503e-06 1.66362079628209e-05 0.9999999998478833 0.47821834099122723
-0.8443099242903548 0.535855159291761 2.2840823289956704e-06 -2.577549334338007 -0.5358551592544404 -0.8443099242696985 8.949540837388263e-06 1.280416399253756 6.724131009227045e-06 6.332248846694614e-06 0.9999999999573443 0.669878049713415
1.0 0.0 0.0 0.0 0.0 1.0 0.0 0.0 0.0 0.0 1.0 0.0
-0.7381578191433035 -0.6746280707882041 1.192426459684765e-05 -1.2975660875180037 0.6746280708878867 -0.7381578189491004 1.7157972847267932e-05 0.6566271419100698 -2.77326097320711e-06 2.0709735439585236e-05 0.9999999997817081 0.4783937764088577
-0.8443123761468448 0.5358512958696332 1.4145798789640018e-05 -2.57784343493866 -0.5358512943234073 -0.8443123752452311 5.81350560483228e-05 1.2800224178539121 4.309521809476331e-05 4.150410271891971e-05 0.999999998210106 0.6704170713940654
1.0 0.0 0.0 0.0 0.0 1.0 0.0 0.0 0.0 0.0 1.0 0.0
-0.7381627243205161 -0.6746227034403541 2.0652901972854714e-05 -1.2971919493632993 0.6746227037223573 -0.7381627242452088 1.2539090366037424e-05 0.6565799844531908 6.7860473424311575e-06 2.3188805673741263e-05 0.9999999997081147 0.47844220720669733
-0.8443076629011995 0.5358587219254825 2.2421066562410187e-05 -2.577130091856734 -0.5358587214956467 -0.8443076631693602 2.2595254192760197e-05 1.2799395700002858 3.103814234839024e-05 7.062822197445214e-06 0.9999999994933751 0.6707075120477162
1.0 0.0 0.0 0.0 0.0 1.0 0.0 0.0 0.0 0.0 1.0 0.0
-0.7381644549861747 -0.6746208098083573 1.9195820861536582e-05 -1.297564839259449 0.6746208100523262 -0.7381644549199088 1.1710549390311606e-05 0.6567204488984997 6.2694923300009815e-06 2.159421152752169e-05 0.9999999997471916 0.47845272893198015
-0.8443051600454929 0.535862664342034 4.1046434300401915e-05 -2.5777195479275776 -0.5358626633744294 -0.8443051610246588 3.268619054607845e-05 1.2801712773366072 5.217102547469011e-05 5.601867734043401e-06 0.9999999986234016 0.6706102236427387
1.0 0.0 0.0 0.0 0.0 1.0 0.0 0.0 0.0 0.0 1.0 0.0
-0.7381792117405652 -0.674604659144044 -7.221652314534767e-05 -1.2975299748935583 0.674604660948055 -0.7381791968865707 -0.0001571975104152934 0.6567884038723162 5.2737437874625224e-05 -0.00016475753743724496 0.999999985036858 0.4790742618141812
-0.8442996072132267 0.5358713899120956 -0.0001635031214340317 -2.577677294394042 -0.5358712848325838 -0.8442995756026319 -0.00043900921631966164 1.280802569550684 -0.00037329809496989354 -0.00028303868114468015 0.9999998902688125 0.6730346896381318
1.0 0.0 0.0 0.0 0.0 1.0 0.0 0.0 0.0 0.0 1.0 0.0
-0.7381639337892895 -0.6746213801074741 1.8831042590330185e-05 -1.2975776182910754 0.6746213803174528 -0.7381639337932658 8.0885451770309e-06 0.6566911001141271 8.44369096552007e-06 1.8674496271602268e-05 0.9999999997899836 0.4783822696817499
-0.8443039155471046 0.5358646252322549 4.0205996469573094e-05 -2.5774862142743538 -0.5358646246792157 -0.844303916503854 2.4365050286811273e-05 1.2799775350364362 4.700244882690474e-05 -9.734638483637945e-07 0.9999999988949111 0.6704523443041109
1.0 0.0 0.0 0.0 0.0 1.0 0.0 0.0 0.0 0.0 1.0 0.0
-0.738158837930344 -0.6746269555181649 2.9556989429668574e-05 -1.2975592956437791 0.6746269561517769 -0.7381588369257875 3.875248990207305e-05 0.6563847006968544 -4.325721340954651e-06 4.8545434724965244e-05 0.9999999988123144 0.4789056299657851
-0.8443057147166994 0.5358617911353121 2.9966279930306688e-05 -2.577552791907165 -0.5358617874790832 -0.8443057135581267 8.229717318571254e-05 1.279434341138943 6.940061198790053e-05 5.342618929817079e-05 0.9999999961645987 0.6713032049146769
1.0 0.0 0.0 0.0 0.0 1.0 0.0 0.0 0.0 0.0 1.0 0.0
-0.7381682488336839 -0.6746166587114315 1.4242073661353889e-05 -1.297342686170925 0.6746166587982872 -0.73816824888934 1.8654280181016143e-06 0.6562978133835644 9.254597758517733e-06 1.0984939881225984e-05 0.9999999998968417 0.47869180284288393
-0.8443056569590073 0.5358618722878034 0.00010702910609958223 -2.577471778481674 -0.5358618634092139 -0.8443056632640258 0.00010160658851813183 1.2798462493656393 0.00014481237717407325 2.8434201236622773e-05 0.9999999891104357 0.6718804871677562
1.0 0.0 0.0 0.0 0.0 1.0 0.0 0.0 0.0 0.0 1.0 0.0
-0.7381582442976604 -0.6746276055296956 1.5253376717914079e-05 -1.2979515791983252 0.6746276056848005 -0.738158244252101 9.521021444274605e-06 0.6571518350045942 4.836261877864136e-06 1.7318369487051804e-05 0.9999999998383424 0.4782788131996183
-0.8443088997007387 0.5358567725902527 -3.398949243485277e-05 -2.578591685670607 -0.5358567719680152 -0.844308900376222 -2.61057930085063e-05 1.2806478430214927 -4.268659696946945e-05 -3.827853673856223e-06 0.9999999990816008 0.6688403646705631
1.0 0.0 0.0 0.0 0.0 1.0 0.0 0.0 0.0 0.0 1.0 0.0
-0.7381628494180827 -0.674622566258465 2.887594365730462e-05 -1.2977243618756442 0.674622566831101 -0.7381628491885865 2.0000113142472555e-05 0.6567769841949707 7.822621189451473e-06 3.424370373569477e-05 0.9999999993830877 0.478609686394278
-0.8443037035440069 0.5358649600751636 2.7304167457698453e-05 -2.5779877980669226 -0.5358649596755037 -0.8443037039800735 2.0916478086487345e-05 1.2800827797890522 3.426141741335509e-05 3.02851331982642e-06 0.9999999994084917 0.6703773532588441
