1.0 0.0 0.0 0.0 0.0 1.0 0.0 0.0 0.0 0.0 1.0 0.0
0.95699948957371 0.29008960158927344 -2.3315565356903046e-06 1.0850017726363785 -0.29008960114694565 0.9569994876041348 -6.349668638143746e-05 -1.315253960696538 -1.6188430044651892e-05 6.144265676213895e-05 0.9999999979813673 0.14795107914203215
-0.19430619757905296 -0.9809409266525893 5.736741071210316e-07 1.3259978455736565 0.980940924353042 -0.1943061971635339 -6.836113854516902e-05 0.6469925998377315 6.716970702569341e-05 -1.2720252483970214e-05 0.9999999976632128 0.42414288538339845
1.0 0.0 0.0 0.0 0.0 1.0 0.0 0.0 0.0 0.0 1.0 0.0
0.9569995613074843 0.29008936454369666 -1.535959177862564e-05 1.0850041535045336 -0.29008936486426035 0.9569995583923365 -7.503014997429762e-05 -1.3155263926827545 -7.0663259784354e-06 7.625947483387493e-05 0.9999999970672797 0.14811713922935965
-0.19430755316025747 -0.9809406580684481 -1.15374527605303e-05 1.3252391657793203 0.9809406528384245 -0.194307550875005 -0.0001062162099588747 0.6462183298568842 0.00010194998470534784 -3.195616830606863e-05 0.999999994292502 0.4246038473691417
1.0 0.0 0.0 0.0 0.0 1.0 0.0 0.0 0.0 0.0 1.0 0.0
0.9569974360160448 0.2900963757890385 1.4586996547424182e-05 1.084825669975114 -0.29009637445973213 0.9569974346484624 -6.001317184252512e-05 -1.3152916912460633 -3.136932192622983e-05 5.320081676782301e-05 0.9999999980928193 0.14792914887763697
-0.19429514714514978 -0.9809431154529737 6.423323397667772e-06 1.32496849030548 0.9809431139533751 -0.1942951472043969 -5.440844281048116e-05 0.6472042629686907 5.461960796255181e-05 -4.270381546160447e-06 0.9999999984992313 0.4241297199117572
1.0 0.0 0.0 0.0 0.0 1.0 0.0 0.0 0.0 0.0 1.0 0.0
0.9570011098671911 0.2900842560531513 1.0151529740471993e-05 1.0852563496059475 -0.29008425474549604 0.9570011079224948 -6.77042703542071e-05 -1.3152173310554591 -2.935496810606171e-05 6.184826293243831e-05 0.9999999976565392 0.1482719779309638
-0.1943050637009951 -0.9809411511514409 1.406552930337088e-05 1.3261844462563692 0.9809411492054766 -0.19430506420187438 -6.181380114536743e-05 0.6464111080698758 6.336870482690912e-05 1.786721909887719e-06 0.9999999979906075 0.42410651356824225
1.0 0.0 0.0 0.0 0.0 1.0 0.0 0.0 0.0 0.0 1.0 0.0
0.956996500178582 0.290099462661994 2.0227890900880566e-05 1.0849442771647642 -0.29009946073769166 0.9569964985659769 -6.791289590051546e-05 -1.3155400889470739 -3.9059515374069545e-05 5.912430345157255e-05 0.9999999974893358 0.14759245004990496
-0.1942952170944581 -0.9809431015617531 1.0612507800974588e-05 1.3249119410536814 0.9809430993962418 -0.19429521737112618 -6.521962864673395e-05 0.6461664116342605 6.60387043174738e-05 -2.2615956120787184e-06 0.9999999978168872 0.42370854224191495
1.0 0.0 0.0 0.0 0.0 1.0 0.0 0.0 0.0 0.0 1.0 0.0
0.9569994776820884 0.29008964082817995 -6.225774207455475e-07 1.085010040000991 -0.29008964032095064 0.9569994758773444 -6.122866092530563e-05 -1.3151729848597378 -1.716599399086299e-05 5.877639978474279e-05 0.9999999981253319 0.14783217124261894
-0.19430599209950067 -0.9809409673479836 -3.554160909564818e-06 1.3258781953968333 0.9809409657839017 -0.19430599158210787 -5.7290836465895154e-05 0.6469783971867384 5.550833378326052e-05 -1.4618374852892605e-05 0.999999998352564 0.4237791395571877
1.0 0.0 0.0 0.0 0.0 1.0 0.0 0.0 0.0 0.0 1.0 0.0
0.9569964127732306 0.2900997512060069 1.701120322296037e-05 1.0849396575713035 -0.2900997491576731 0.9569964104959454 -7.639719048394876e-05 -1.3155601599353044 -3.844246637481512e-05 6.81768914512383e-05 0.9999999969370442 0.14782175615032384
-0.19429696804944052 -0.9809427547947821 4.73479753982488e-06 1.3248875201542232 0.9809427514110993 -0.19429696777628758 -8.226155632460488e-05 0.6464860202825802 8.161383447979801e-05 -1.1338605654810264e-05 0.999999996605309 0.424183099897698
1.0 0.0 0.0 0.0 0.0 1.0 0.0 0.0 0.0 0.0 1.0 0.0
0.9569991737030843 0.2900906429261821 2.045209723628872e-05 1.0849518597027314 -0.29009064046572247 0.9569991712707566 -8.06304640268222e-05 -1.3152578793699314 -4.2962783254853716e-05 7.12303254628204e-05 0.9999999965402201 0.14759738452565369
-0.19430230149028943 -0.9809416983772149 4.516937550698702e-06 1.3249980142320865 0.9809416962329268 -0.19430230136663657 -6.538576554102097e-05 0.6472320063561097 6.501727526073824e-05 -8.273752346561439e-06 0.9999999978521494 0.4241539750161827
1.0 0.0 0.0 0.0 0.0 1.0 0.0 0.0 0.0 0.0 1.0 0.0
0.9570001906026515 0.29008728879146817 -8.252543432322208e-06 1.0850652712386566 -0.2900872886976023 0.9570001884327711 -6.538895540955264e-05 -1.3151163228725706 -1.1070819171889403e-05 6.49712007393987e-05 0.9999999978280898 0.14815970620475477
-0.19430346392366532 -0.9809414681125891 6.662077597746652e-06 1.325453177025242 0.9809414661509845 -0.19430346395812378 -6.228508421226062e-05 0.6468730716446645 6.239248670309369e-05 -5.567099446874641e-06 0.9999999980380926 0.4238764739848417
1.0 0.0 0.0 0.0 0.0 1.0 0.0 0.0 0.0 0.0 1.0 0.0
0.9569976312264994 0.2900957317468622 1.5783583088747283e-05 1.0848672017099954 -0.29009572962335667 0.9569976286064273 -8.059756275410663e-05 -1.3155570231613842 -3.8485860531003126e-05 7.255292658609785e-05 0.9999999966274555 0.1478640436921742
-0.19430391773038955 -0.9809413782417922 -2.777536913960709e-06 1.3246616463206369 0.9809413726094893 -0.1943039163096584 -0.00010774850713992245 0.6462575473743057 0.00010515528279726326 -2.3660557939740464e-05 0.9999999941912723 0.42449139407751035
1.0 0.0 0.0 0.0 0.0 1.0 0.0 0.0 0.0 0.0 1.0 0.0
0.9569985358595582 0.29009274786108563 -1.0323153500681241e-06 1.0849024595551153 -0.290092747062902 0.9569985329499946 -7.767274919930016e-05 -1.3154856169099163 -2.1544376973608703e-05 7.463217445570372e-05 0.9999999969829391 0.1481430541282795
-0.19430539075187828 -0.9809410864188761 -1.0005705014282751e-05 1.325075724699401 0.9809410811127417 -0.19430538861459862 -0.00010649269341640811 0.6462535897875097 0.00010251889597444589 -3.0507111500511438e-05 0.9999999942795962 0.42460765693929753
1.0 0.0 0.0 0.0 0.0 1.0 0.0 0.0 0.0 0.0 1.0 0.0
0.9569991403350571 0.2900907537254411 9.836245405664402e-07 1.0849834761126727 -0.2900907529861161 0.9569991381274023 -6.823017514686231e-05 -1.3152850333480401 -2.073427077274004e-05 6.50108785768305e-05 0.9999999976718377 0.1479771124744917
-0.19430499157801562 -0.9809411655382084 6.391351866799203e-07 1.3255428323717466 0.9809411631334191 -0.19430499114721625 -6.989803850973826e-05 0.6468609940720413 6.86900505213734e-05 -1.2954583770530912e-05 0.9999999975569279 0.4241386891209734
1.0 0.0 0.0 0.0 0.0 1.0 0.0 0.0 0.0 0.0 1.0 0.0
0.9570044498456334 0.29007323516358186 3.489112070658005e-05 1.0852964599204025 -0.29007323263498713 0.9570044491413886 -6.350020480874876e-05 -1.3151923940202517 -5.1810667594151774e-05 5.064899839446705e-05 0.9999999973751666 0.1482024197304248
-0.19432067129004557 -0.9809380593041337 2.2760186742214685e-05 1.3259020604174423 0.9809380569623549 -0.19432067241275686 -6.838109067719344e-05 0.6473939520421124 7.150038917397579e-05 9.038473915069059e-06 0.9999999974030003 0.4245797839403232
1.0 0.0 0.0 0.0 0.0 1.0 0.0 0.0 0.0 0.0 1.0 0.0
0.9569974148183541 0.29009644577428007 1.3420757503440332e-05 1.0848048129246681 -0.2900964443754907 0.9569974131776855 -6.427998156418437e-05 -1.315337192940032 -3.1491024399884417e-05 5.762246214892452e-05 0.9999999978439835 0.14783580075914687
-0.19429256090536165 -0.9809436276716537 1.0354326960958285e-05 1.325110724390135 0.9809436253997638 -0.19429256116071295 -6.682198451892898e-05 0.6467828014828596 6.756036860655741e-05 -2.8260034693062133e-06 0.9999999977138052 0.42409466258333683
1.0 0.0 0.0 0.0 0.0 1.0 0.0 0.0 0.0 0.0 1.0 0.0
0.9570041774190675 0.29007413333759247 3.9634564498691186e-05 1.0855776325445636 -0.29007413023805395 0.9570041766673505 -6.933890639501553e-05 -1.315243642306256 -5.804386694475034e-05 5.486066125338106e-05 0.9999999968106085 0.14809001154666362
-0.19430439863912932 -0.9809412796038797 8.147754889830376e-05 1.3259992749350729 0.9809412788999483 -0.19430440474196412 -7.515321767931133e-05 0.6469598200110229 8.955234015522068e-05 6.532209025096712e-05 0.9999999938567018 0.4240171387800502
1.0 0.0 0.0 0.0 0.0 1.0 0.0 0.0 0.0 0.0 1.0 0.0
0.9569955235234958 0.2901026808396478 5.0255740841297846e-05 1.0850191738992607 -0.29010267860534217 0.9569955243504461 -4.732038438390252e-05 -1.3155686408347291 -6.182228942614998e-05 3.070607099338179e-05 0.9999999976175707 0.14822304585788015
-0.19429409478303994 -0.9809433237453712 1.8215976293968392e-05 1.3253297735914606 0.980943321447358 -0.19429409557791624 -6.731556256628913e-05 0.6472972321089943 6.957200832267538e-05 4.78982399557372e-06 0.9999999975683967 0.42436340399724015
1.0 0.0 0.0 0.0 0.0 1.0 0.0 0.0 0.0 0.0 1.0 0.0
0.9570020330924423 0.2900812097654855 1.99479816991511e-05 1.0853389154471254 -0.2900812080855268 0.9570020318072493 -6.190668310497733e-05 -1.3153524354898396 -3.7048224544190616e-05 5.3458286963316115e-05 0.9999999978848202 0.1480799652373112
-0.19430619564813403 -0.9809409266295306 2.8212529127564613e-05 1.3262444391463986 0.980940924239357 -0.19430619718541983 -6.991263202038106e-05 0.6466505370373536 7.406203128494254e-05 1.4090366841896684e-05 0.9999999971581384 0.4242607592811148
1.0 0.0 0.0 0.0 0.0 1.0 0.0 0.0 0.0 0.0 1.0 0.0
0.9569992145324321 0.29009050894966576 1.2772543331503414e-06 1.0847964916143829 -0.2900905084371907 0.9569992130856733 -5.5390018295198266e-05 -1.3152175508405732 -1.7290449989712863e-05 5.263768464253323e-05 0.9999999984651575 0.148023061832819
-0.1943018960211897 -0.980941778700833 1.3478835462790225e-06 1.32518470050789 0.980941776366537 -0.19430189565326533 -6.873434509120661e-05 0.6466145505271198 6.768628705976508e-05 -1.2033018292773929e-05 0.9999999976368865 0.4240917066059076
1.0 0.0 0.0 0.0 0.0 1.0 0.0 0.0 0.0 0.0 1.0 0.0
0.9569995413875053 0.29008943063170933 4.458158546660716e-06 1.0850295998560435 -0.2900894298184108 0.9569995396532024 -6.173482504122822e-05 -1.3151974635397097 -2.2175075923213988e-05 5.7786934581255035e-05 0.9999999980844682 0.14793735750178916
-0.19430424306630015 -0.9809413137973284 3.4645933896577256e-06 1.3256238875363593 0.9809413118012495 -0.19430424289415538 -6.320579695421192e-05 0.6469749971938024 6.267436269937917e-05 -8.882591750080559e-06 0.9999999979965121 0.4239343263836854
1.0 0.0 0.0 0.0 0.0 1.0 0.0 0.0 0.0 0.0 1.0 0.0
0.9569995413875053 0.29008943063170933 4.458158546660716e-06 1.0850295998560435 -0.2900894298184108 0.9569995396532024 -6.173482504122822e-05 -1.3151974635397097 -2.2175075923213988e-05 5.7786934581255035e-05 0.9999999980844682 0.14793735750178916
-0.19430424306630015 -0.9809413137973284 3.4645933896577256e-06 1.3256238875363593 0.9809413118012495 -0.19430424289415538 -6.320579695421192e-05 0.6469749971938024 6.267436269937917e-05 -8.882591750080559e-06 0.9999999979965121 0.4239343263836854
