1.0 0.0 0.0 0.0 0.0 1.0 0.0 0.0 0.0 0.0 1.0 0.0
0.9569998651808066 0.290088362366454 7.966592416561353e-06 1.085088374359088 -0.29008836116201914 0.9569998630993493 -6.889239086599695e-05 -1.3152813204810054 -2.7608908697843612e-05 6.361899303257761e-05 0.999999997595186 0.14761928832302051
-0.19429973066483214 -0.9809422075003982 1.4415907037926684e-05 1.3252997078165403 0.9809422050289691 -0.194299731198659 -6.963498796073963e-05 0.6467493200719197 7.110890567191658e-05 6.111122316496486e-07 0.9999999974715751 0.42371316098667583
1.0 0.0 0.0 0.0 0.0 1.0 0.0 0.0 0.0 0.0 1.0 0.0
0.9569951577617704 0.290103890951207 2.1805848038976196e-05 1.0848940770703202 -0.29010388942297777 0.9569951568763182 -5.528952686215862e-05 -1.3154684230527076 -3.690779783644856e-05 4.6585848153755496e-05 0.9999999982337865 0.14832503328064517
-0.19429982039847207 -0.9809421897917479 -8.927082562219706e-06 1.3252212170091893 0.980942188698958 -0.19429981972845187 -4.983964056387844e-05 0.647102772802048 4.7155275620622135e-05 -1.8440785117560435e-05 0.9999999987181588 0.4247445759075256
1.0 0.0 0.0 0.0 0.0 1.0 0.0 0.0 0.0 0.0 1.0 0.0
0.9569988551470618 0.29009169453890343 2.5999251906270873e-06 1.08485733249175 -0.29009169377941757 0.956998853218173 -6.433730888957507e-05 -1.3152201932247802 -2.115184438372923e-05 6.081651424831222e-05 0.9999999979269754 0.14795481210199207
-0.19430432887437046 -0.9809412967891448 -5.857565221331111e-06 1.32544975549843 0.9809412952137585 -0.19430432821509291 -5.814838565409143e-05 0.6469593413138146 5.590200255441605e-05 -1.7044410664660567e-05 0.9999999982922272 0.42431273766737504
1.0 0.0 0.0 0.0 0.0 1.0 0.0 0.0 0.0 0.0 1.0 0.0
0.9570001030430805 0.2900875763329406 2.8858522143617474e-05 1.0846690326074562 -0.29008757279539843 0.9570001003222086 -8.996086653189234e-05 -1.3151705387443164 -5.3714138323642194e-05 7.772105989776291e-05 0.999999995537114 0.1474830899145893
-0.19431558484600783 -0.9809390671595202 2.482767055710981e-06 1.3246693446440787 0.9809390642290213 -0.1943155844600016 -7.6846983828841e-05 0.6470579368221866 7.586464896259458e-05 -1.2497123414025973e-05 0.9999999970441884 0.4241793574933844
1.0 0.0 0.0 0.0 0.0 1.0 0.0 0.0 0.0 0.0 1.0 0.0
0.956998361975048 0.29009332147513534 3.5494426187800742e-06 1.0848556151709392 -0.2900933204967579 0.9569983596201636 -7.132658177229824e-05 -1.3152123231741708 -2.4088175779531658e-05 6.722975232617421e-05 0.9999999974499599 0.147923552030714
-0.19430781133609482 -0.9809406069713721 -6.957848676255056e-06 1.3253775970833352 0.98094060527311 -0.19430781056952387 -6.064735446301084e-05 0.6472349178115877 5.813948835558841e-05 -1.8609491000919543e-05 0.9999999981367433 0.4242895408803658
1.0 0.0 0.0 0.0 0.0 1.0 0.0 0.0 0.0 0.0 1.0 0.0
0.9569980251591477 0.29009443262711637 -4.93022712535959e-07 1.084866528914688 -0.2900944322380778 0.956998023784911 -5.3443828318194406e-05 -1.3152957867164576 -1.5031935291809887e-05 5.1288661301330395e-05 0.9999999985717573 0.1481368664930462
-0.1942982886651718 -0.9809424932250465 -2.686187058436776e-06 1.3252797923078337 0.980942491918512 -0.19429828826339324 -5.221700458755951e-05 0.646808790018286 5.069995712144598e-05 -1.278066965744448e-05 0.9999999986330845 0.42422570533827625
1.0 0.0 0.0 0.0 0.0 1.0 0.0 0.0 0.0 0.0 1.0 0.0
0.9569989543420054 0.2900913666275486 1.9911509775562223e-05 1.0849643681538765 -0.2900913644972004 0.9569989523653437 -7.35920355445761e-05 -1.3153115006590692 -4.040370815925052e-05 6.465134402406945e-05 0.9999999970938722 0.14777385192252035
-0.19430093463618334 -0.9809419690308393 1.3907006302763857e-05 1.3250708787541763 0.9809419662919581 -0.19430093513294655 -7.330572057804151e-05 0.6468132335408312 7.461080221457472e-05 -6.014039146246121e-07 0.9999999972164331 0.4240104265961703
1.0 0.0 0.0 0.0 0.0 1.0 0.0 0.0 0.0 0.0 1.0 0.0
0.9570004302029615 0.29008649816638676 1.3149511486512047e-05 1.0848372804228683 -0.2900864964813457 0.9570004279778873 -7.354806671666497e-05 -1.3152982060776268 -3.391938924103498e-05 6.657103577087935e-05 0.9999999972088861 0.14767961556853082
-0.19430572068029048 -0.9809410210518618 1.1342135169246289e-05 1.3252616257156546 0.9809410169727907 -0.19430572090921885 -8.967907272141281e-05 0.6464633369185618 9.017372291304207e-05 -6.2991912475113604e-06 0.9999999959145099 0.4241076699929325
1.0 0.0 0.0 0.0 0.0 1.0 0.0 0.0 0.0 0.0 1.0 0.0
0.9570008829413074 0.2900850045421989 1.3759020086548618e-05 1.0852357129402632 -0.29008500300701784 0.957000881097063 -6.789597823146484e-05 -1.3152178070211538 -3.2862999499529154e-05 6.0985225732496585e-05 0.9999999976004129 0.14830975748332137
-0.19430565407272143 -0.9809410341446044 1.807445383025986e-05 1.325566011197762 0.980941031884904 -0.19430565485507822 -6.6752670519214e-05 0.6467256240532064 6.899240223866648e-05 4.7595520846761334e-06 0.9999999976086975 0.42419108915195136
1.0 0.0 0.0 0.0 0.0 1.0 0.0 0.0 0.0 0.0 1.0 0.0
0.9569996578115817 0.29008904611188285 -1.656537292338312e-05 1.0849717723979095 -0.29008904658283036 0.9569996560308636 -5.839068480078664e-05 -1.3152464569644682 -1.0854418659676756e-06 6.0685298611363656e-05 0.9999999981580582 0.14793913491569544
-0.19430382597400822 -0.9809413963653149 -1.0427290524989239e-05 1.325656585026949 0.9809413949554661 -0.19430382509178562 -5.672322247570026e-05 0.6469856621542784 5.3616094627305066e-05 -2.1250100061791225e-05 0.9999999983368738 0.4243065933194648
1.0 0.0 0.0 0.0 0.0 1.0 0.0 0.0 0.0 0.0 1.0 0.0
0.9569995236168285 0.29008948925564804 4.534440237124718e-06 1.0849930355341488 -0.29008948812138735 0.956999521044809 -7.484302047925311e-05 -1.3152476123004582 -2.6050630720309025e-05 7.030934149738352e-05 0.9999999971889807 0.14802215871235547
-0.19430012046779055 -0.980942130233478 1.7866403956926094e-05 1.3248689780109686 0.9809421275243323 -0.19430012126041674 -7.29809852158288e-05 0.646699541904423 7.506156755947277e-05 3.3456940894212414e-06 0.9999999971772837 0.42394574568066395
1.0 0.0 0.0 0.0 0.0 1.0 0.0 0.0 0.0 0.0 1.0 0.0
0.9569994985034546 0.29008957148638165 -1.9467511473895093e-05 1.0849639316640283 -0.2900895721393218 0.9569994964407004 -6.283527326154126e-05 -1.3152276819635658 4.025411828012869e-07 6.578064707370271e-05 0.9999999978363723 0.147869629859067
-0.19430724821839207 -0.980940718341679 -1.9725794738664437e-05 1.3255997997862208 0.980940717492908 -0.1943072470425544 -5.011229130709333e-05 0.6471806851233812 4.5324322161133086e-05 -2.9087016669859006e-05 0.9999999985498255 0.4242217722662432
1.0 0.0 0.0 0.0 0.0 1.0 0.0 0.0 0.0 0.0 1.0 0.0
0.9569978450117388 0.29009502691745737 8.043583890970752e-07 1.0848788555229056 -0.29009502640180584 0.9569978434687937 -5.70351923500321e-05 -1.3152996431010981 -1.731539490376259e-05 5.434921580068931e-05 0.9999999983731699 0.14815070654913048
-0.19429816567132085 -0.9809425175904781 1.244554238786704e-07 1.3252715749643045 0.9809425158204064 -0.19429816532833663 -6.004977206007681e-05 0.646914723757471 5.8929556045869814e-05 -1.1545476943641953e-05 0.9999999981970046 0.424272011548481
1.0 0.0 0.0 0.0 0.0 1.0 0.0 0.0 0.0 0.0 1.0 0.0
0.9570017931877688 0.29008200147608515 -1.5969432334862378e-05 1.085382863221315 -0.29008200191539685 0.9570017918102615 -5.134885182814991e-05 -1.31527607921063 3.87397646851455e-07 5.377338817882383e-05 0.9999999985541363 0.14834997884555418
-0.1943033767320699 -0.9809414849274734 3.063983443483096e-05 1.3265652267400299 0.9809414836886423 -0.19430337814538842 -5.310380693040279e-05 0.6466464189246635 5.804515056211377e-05 1.9737635646575575e-05 0.999999998120593 0.42433555573979403
1.0 0.0 0.0 0.0 0.0 1.0 0.0 0.0 0.0 0.0 1.0 0.0
0.9569972756900365 0.2900969050538405 1.7488846432057562e-07 1.0849738692666664 -0.2900969043075657 0.9569972732710565 -7.115426034714302e-05 -1.315491434396644 -2.080899849157995e-05 6.804369870386473e-05 0.9999999974685203 0.14808974280930215
-0.19429965079837624 -0.9809422234133779 -4.944370609368435e-06 1.325253405835599 0.9809422204205863 -0.19429964980609532 -7.925628534241513e-05 0.6464800547624652 7.67851472853641e-05 -2.024961044974569e-05 0.999999996846997 0.4243309304134289
1.0 0.0 0.0 0.0 0.0 1.0 0.0 0.0 0.0 0.0 1.0 0.0
0.9569984318293518 0.2900930900732858 -2.3830518984540392e-05 1.085072683675992 -0.2900930909768284 0.9569984302233445 -5.5835147143420234e-05 -1.315572046227961 6.60837889008149e-06 6.034721716902277e-05 0.9999999981572714 0.1479407306007194
-0.19429459581312822 -0.9809432246218585 -1.0309412423262446e-05 1.3257717922019698 0.9809432222143041 -0.19429459457023998 -7.288761476023245e-05 0.6460402080480976 6.949554875086514e-05 -2.4274617891234158e-05 0.9999999972905559 0.42426090848561576
1.0 0.0 0.0 0.0 0.0 1.0 0.0 0.0 0.0 0.0 1.0 0.0
0.9569980667302963 0.29009429472925824 2.0976401124308035e-05 1.085216796515013 -0.2900942931990187 0.9569980657613273 -5.641311598196507e-05 -1.315541660704708 -3.643949839686603e-05 4.790210867496897e-05 0.9999999981887755 0.14830079144289315
-0.19429638546894507 -0.9809428701204675 1.2390440373180684e-05 1.3256800305814402 0.9809428676978016 -0.1942963858600429 -6.895316468880303e-05 0.6466981952229214 7.004653305744261e-05 -1.2430365539696754e-06 0.9999999975459688 0.4244677916987107
1.0 0.0 0.0 0.0 0.0 1.0 0.0 0.0 0.0 0.0 1.0 0.0
0.9569976141068505 0.2900957873253099 2.774716883467974e-05 1.0850639658204244 -0.29009578483166465 0.9569976126488512 -7.076228297683054e-05 -1.3154230123664084 -4.7081814525659566e-05 5.966999925762608e-05 0.9999999971113969 0.14810637985820868
-0.19430700198132408 -0.9809407673138258 -1.6707853612070599e-06 1.3253886184103942 0.9809407650245201 -0.19430700141088836 -6.867180958071985e-05 0.6469105921355958 6.703833228940457e-05 -1.4982354910678933e-05 0.9999999976406955 0.4245120647784443
1.0 0.0 0.0 0.0 0.0 1.0 0.0 0.0 0.0 0.0 1.0 0.0
0.9569991651157453 0.29009067197604743 5.017854051433784e-07 1.0848344852362084 -0.29009067142728445 0.9569991634089708 -5.987817987193735e-05 -1.3152084661796932 -1.7850309648685463e-05 5.715780488100492e-05 0.999999998207176 0.14793731703331892
-0.19430409674609744 -0.9809413427329005 -1.0249709257339017e-05 1.325464111881531 0.9809413417172196 -0.19430409603583565 -4.87207962737151e-05 0.6468407905749124 4.580068282387597e-05 -1.9521013863823655e-05 0.9999999987606136 0.4242563137126249
1.0 0.0 0.0 0.0 0.0 1.0 0.0 0.0 0.0 0.0 1.0 0.0
0.9569990512202976 0.2900910465696747 2.5759662240237744e-05 1.0850946985839234 -0.2900910449666826 0.9569990506056486 -5.263103351589193e-05 -1.3152704584522334 -3.991976390249741e-05 4.2895201802189503e-05 0.999999998283207 0.14829973857659529
-0.1943044302320166 -0.9809412766369437 1.3494245070694295e-05 1.3258137361568003 0.9809412749145816 -0.19430443069095296 -5.816201592237285e-05 0.6471271189481733 5.9675513756735193e-05 1.9359245987169825e-06 0.9999999982175426 0.42433733295004816
