1.0 0.0 0.0 0.0 0.0 1.0 0.0 0.0 0.0 0.0 1.0 0.0
0.9570020330924423 0.2900812097654855 1.99479816991511e-05 1.0853389154471254 -0.2900812080855268 0.9570020318072493 -6.190668310497733e-05 -1.3153524354898396 -3.7048224544190616e-05 5.3458286963316115e-05 0.9999999978848202 0.1480799652373112
-0.19430619564813403 -0.9809409266295306 2.8212529127564613e-05 1.3262444391463986 0.980940924239357 -0.19430619718541983 -6.991263202038106e-05 0.6466505370373536 7.406203128494254e-05 1.4090366841896684e-05 0.9999999971581384 0.4242607592811148
1.0 0.0 0.0 0.0 0.0 1.0 0.0 0.0 0.0 0.0 1.0 0.0
0.9570016460110911 0.2900824861466695 2.762298994285242e-05 1.085128964901294 -0.2900824838229123 0.9570016447501644 -6.726522780828886e-05 -1.315273588650482 -4.594771132208561e-05 5.63599881986098e-05 0.9999999973561798 0.14814090141635927
-0.19431176704698366 -0.9809398232957899 1.61091309510347e-05 1.3255799969629045 0.9809398199308967 -0.19431176771473532 -8.124971040927514e-05 0.6466105937599991 8.283127028315252e-05 1.4313212673438857e-08 0.9999999965694903 0.4243465742243459
1.0 0.0 0.0 0.0 0.0 1.0 0.0 0.0 0.0 0.0 1.0 0.0
0.9569964684354304 0.29009956800349757 -6.804291165292162e-06 1.0846730956767878 -0.2900995680391922 0.956996467617716 -3.988342444883832e-05 -1.3151891564616474 -5.058481593278531e-06 4.0142218274511844e-05 0.9999999991815072 0.14832374445591756
-0.1943015699150921 -0.9809418431046205 -1.9365965379522177e-05 1.3254713709864996 0.9809418431225685 -0.19430156947190994 -2.2628540353487464e-05 0.6475441524465051 1.8434444613533927e-05 -2.339364668880676e-05 0.9999999995564542 0.42478433669172255
1.0 0.0 0.0 0.0 0.0 1.0 0.0 0.0 0.0 0.0 1.0 0.0
0.9569987185566459 0.2900921450926042 6.042276242430043e-06 1.0848819511812984 -0.2900921440338215 0.956998716480282 -6.800700569962185e-05 -1.3152228377736352 -2.5510748773353198e-05 6.332980043740011e-05 0.9999999976692691 0.1479870529592867
-0.1943062050488551 -0.9809409251579901 -5.449700366519211e-06 1.3252293314949952 0.9809409235471199 -0.19430620440389607 -5.865727632875787e-05 0.647113375820223 5.6480412315823886e-05 -1.6743306872531674e-05 0.9999999982648125 0.42432319598207763
1.0 0.0 0.0 0.0 0.0 1.0 0.0 0.0 0.0 0.0 1.0 0.0
0.9570018971798605 0.29008165834919364 -1.68383136797799e-05 1.08499862815511 -0.2900816588372171 0.9570018954395005 -5.77187294901161e-05 -1.31533181599334 -6.288466607406724e-07 6.0121419589101706e-05 0.9999999981925098 0.14793555947269127
-0.1943070425191108 -0.9809407592765771 4.167655081010695e-06 1.3256891203604855 0.9809407558323617 -0.19430704218985348 -8.308108283581999e-05 0.6463414964254304 8.230742521015373e-05 -1.205501676989428e-05 0.9999999965400821 0.42430602351237506
1.0 0.0 0.0 0.0 0.0 1.0 0.0 0.0 0.0 0.0 1.0 0.0
0.9569984180848218 0.2900931363889838 1.7748417617286255e-06 1.0846273621620828 -0.29009313583854696 0.9569984166118949 -5.6050734885122984e-05 -1.3151259018572068 -1.7958454235434802e-05 5.3125595205273046e-05 0.9999999984275826 0.14801431145231464
-0.1943052751702019 -0.9809411093226263 -9.051344347380232e-06 1.324932607389071 0.9809411080267159 -0.19430527441508513 -5.4016637730181013e-05 0.6470492725109205 5.12284165896784e-05 -1.9374553411183874e-05 0.999999998500138 0.42429817123242647
1.0 0.0 0.0 0.0 0.0 1.0 0.0 0.0 0.0 0.0 1.0 0.0
0.9569998449774351 0.2900884276888135 2.888247880687443e-05 1.0851136794708522 -0.2900884252662477 0.9569998437417397 -6.785893528852809e-05 -1.3151072207936565 -4.73256195475396e-05 5.656251775658311e-05 0.9999999972804836 0.14791452006797873
-0.19431266415054096 -0.9809396457109903 4.807759012470676e-06 1.3259146417983203 0.9809396440001802 -0.19431266409744136 -5.831083801316512e-05 0.6472968564614181 5.813362124379074e-05 -6.6144128690633925e-06 0.9999999982883659 0.42404994216620623
1.0 0.0 0.0 0.0 0.0 1.0 0.0 0.0 0.0 0.0 1.0 0.0
0.9569991403350571 0.2900907537254411 9.836245405664402e-07 1.0849834761126727 -0.2900907529861161 0.9569991381274023 -6.823017514686231e-05 -1.3152850333480401 -2.073427077274004e-05 6.50108785768305e-05 0.9999999976718377 0.1479771124744917
-0.19430499157801562 -0.9809411655382084 6.391351866799203e-07 1.3255428323717466 0.9809411631334191 -0.19430499114721625 -6.989803850973826e-05 0.6468609940720413 6.86900505213734e-05 -1.2954583770530912e-05 0.9999999975569279 0.4241386891209734
1.0 0.0 0.0 0.0 0.0 1.0 0.0 0.0 0.0 0.0 1.0 0.0
0.9569972756900365 0.2900969050538405 1.7488846432057562e-07 1.0849738692666664 -0.2900969043075657 0.9569972732710565 -7.115426034714302e-05 -1.315491434396644 -2.080899849157995e-05 6.804369870386473e-05 0.9999999974685203 0.14808974280930215
-0.19429965079837624 -0.9809422234133779 -4.944370609368435e-06 1.325253405835599 0.9809422204205863 -0.19429964980609532 -7.925628534241513e-05 0.6464800547624652 7.67851472853641e-05 -2.024961044974569e-05 0.999999996846997 0.4243309304134289
1.0 0.0 0.0 0.0 0.0 1.0 0.0 0.0 0.0 0.0 1.0 0.0
0.9570002846882016 0.2900869783629919 -9.535779199785957e-06 1.08504422782468 -0.29008697834511504 0.9570002824545749 -6.61548629239456e-05 -1.315179139808839 -1.0064920902007914e-05 6.607642802595886e-05 0.9999999977663016 0.14828065586460493
-0.19430441974594984 -0.9809412788036431 2.502389133370571e-06 1.3253726315928125 0.9809412770742568 -0.19430441955374816 -5.893899943513438e-05 0.6468307239678085 5.8301922745357496e-05 -8.99741129343094e-06 0.9999999982599661 0.4241199224045768
1.0 0.0 0.0 0.0 0.0 1.0 0.0 0.0 0.0 0.0 1.0 0.0
0.9569994132572435 0.2900898533637247 8.396433471832071e-07 1.084976234318503 -0.29008985274853244 0.9569994114084082 -6.242031510073285e-05 -1.3152951422521737 -1.8911038243537242e-05 5.9492632911790033e-05 0.9999999980514997 0.14798614890442757
-0.194301225535553 -0.9809419115051693 2.822508078609091e-06 1.325618897021711 0.9809419092243402 -0.1943012252785559 -6.769459072001599e-05 0.6466077583064793 6.695287799748248e-05 -1.0384425475596195e-05 0.999999997704738 0.42416435974546157
1.0 0.0 0.0 0.0 0.0 1.0 0.0 0.0 0.0 0.0 1.0 0.0
0.9570024067356514 0.2900799759742741 3.226352779185629e-05 1.0854132244170727 -0.2900799730851693 0.9570024053516566 -7.325333177858236e-05 -1.3152846617966465 -5.2125598424297454e-05 6.0744611540010356e-05 0.9999999967965071 0.148005566897988
-0.19430137523167876 -0.9809418791632188 7.2710457651854e-05 1.325727010814555 0.9809418775023513 -0.19430138082025988 -7.983421316314642e-05 0.6465503675442477 9.244046540359582e-05 5.581283543492323e-05 0.999999994169844 0.42392665870072593
1.0 0.0 0.0 0.0 0.0 1.0 0.0 0.0 0.0 0.0 1.0 0.0
0.9570002937897337 0.290086944407216 4.869134789923329e-05 1.085182737306861 -0.2900869405264167 0.957000293363956 -7.373822482329001e-05 -1.3152976569157695 -6.798813054885501e-05 5.644277867723297e-05 0.9999999960959133 0.14783294659332658
-0.19430424678047617 -0.9809413126856091 2.738076472957631e-05 1.3253963343178268 0.9809413103928591 -0.194304248236278 -6.842569315095228e-05 0.6467622080832367 7.244178816783809e-05 1.3563520465261621e-05 0.9999999972841092 0.4239991674785187
1.0 0.0 0.0 0.0 0.0 1.0 0.0 0.0 0.0 0.0 1.0 0.0
0.9570011483217653 0.2900841290086869 -1.4425443355726985e-05 1.0849274906571482 -0.2900841292269981 0.9570011451283957 -7.869912802970854e-05 -1.3151928358342482 -9.024202197824907e-06 7.949974807091426e-05 0.999999996799177 0.14825486453967984
-0.19430983640587657 -0.9809402058604971 -1.5124886769709875e-06 1.3252004489824527 0.9809402023621261 -0.19430983558219714 -8.47689248371445e-05 0.6465269157159985 8.285935515419966e-05 -1.795509686626661e-05 0.9999999964059709 0.4242908123046065
1.0 0.0 0.0 0.0 0.0 1.0 0.0 0.0 0.0 0.0 1.0 0.0
0.956997970446699 0.2900946131105896 -2.2617873226869137e-06 1.084870825146949 -0.29009461288647415 0.956997969336741 -4.7535264908077236e-05 -1.3152626219932166 -1.1625198407735646e-05 4.614728435947992e-05 0.9999999988676413 0.14820101099695426
-0.19429861509904175 -0.9809424285709091 4.2174417855423915e-08 1.3256648617011413 0.9809424270929642 -0.19429861480865987 -5.488534344951507e-05 0.6470728659867762 5.3847556527289376e-05 -1.0622775545660033e-05 0.9999999984937987 0.42432603400089597
1.0 0.0 0.0 0.0 0.0 1.0 0.0 0.0 0.0 0.0 1.0 0.0
0.9570013190259044 0.2900835661660737 -4.801285890354361e-06 1.0848366035942845 -0.29008356592363194 0.9570013172338644 -5.994729415575716e-05 -1.3152800456106313 -1.2794887949220962e-05 5.876241371117985e-05 0.9999999981916348 0.14789317550690606
-0.19430793069622904 -0.9809405833526266 -5.976047107247265e-07 1.3256910073409296 0.98094058020482 -0.1943079300238214 -8.023271493998098e-05 0.6462405913091027 7.858740686287325e-05 -1.6176067525805482e-05 0.9999999967811771 0.42422329827178695
1.0 0.0 0.0 0.0 0.0 1.0 0.0 0.0 0.0 0.0 1.0 0.0
0.9569991492753378 0.29009072318481827 2.4665545062251615e-05 1.085096148290401 -0.29009072159066257 0.9569991485747358 -5.361193745095542e-05 -1.31527896448494 -3.915723133018876e-05 4.415133276602879e-05 0.9999999982586858 0.14828082565541173
-0.19430153816691212 -0.9809418494907455 1.3551656662616438e-05 1.3256096294926496 0.9809418477708549 -0.1943015386292009 -5.812249465470781e-05 0.6469998745277401 5.964789514413097e-05 2.0000970134726632e-06 0.9999999982190642 0.42433798107201676
1.0 0.0 0.0 0.0 0.0 1.0 0.0 0.0 0.0 0.0 1.0 0.0
0.9570002009610423 0.2900872544980713 -1.1759904051028289e-05 1.0850409670567664 -0.29008725464263685 0.9570001988342682 -6.422669810103793e-05 -1.3151898143721836 -7.377116002495065e-06 6.487636127077563e-05 0.999999997868318 0.14824546754913037
-0.19430198505353402 -0.9809417610585786 3.9434202911784786e-06 1.325625851882724 0.9809417588987741 -0.1943019848898418 -6.569966669228482e-05 0.6467635644889538 6.52137611359218e-05 -8.897310019162266e-06 0.9999999978340016 0.424173614180963
1.0 0.0 0.0 0.0 0.0 1.0 0.0 0.0 0.0 0.0 1.0 0.0
0.9569972529520885 0.2900969800474815 -3.0802499224798816e-06 1.0849578066985845 -0.2900969795987273 0.9569972507625432 -6.678794410973113e-05 -1.315461743602293 -1.6427190182336673e-05 6.480945024225262e-05 0.9999999977649413 0.14786475818581768
-0.194299189517508 -0.9809423147643782 -7.585673632711008e-06 1.3255148233090432 0.9809423127931399 -0.1942991886215586 -6.53685639703044e-05 0.6462508718619802 6.264890022186995e-05 -2.0142167236723803e-05 0.9999999978347042 0.42389265200026477
1.0 0.0 0.0 0.0 0.0 1.0 0.0 0.0 0.0 0.0 1.0 0.0
0.9569999948829834 0.29008792899238456 -5.698139173549579e-05 1.0849316460250185 -0.29008793342096195 0.956999990193309 -9.825254005916997e-05 -1.3153436334152642 2.602931546803934e-05 0.0001105572945059384 0.9999999935497795 0.14874460999847688
-0.19431882838397002 -0.9809384237214288 -4.245467478853807e-05 1.3248190041590968 0.9809384197708687 -0.1943188229250913 -0.00010804831045249592 0.6468974671657999 9.773899690842731e-05 -6.264124269495731e-05 0.9999999932615815 0.42508726982183814
