1.0 0.0 0.0 0.0 0.0 1.0 0.0 0.0 0.0 0.0 1.0 0.0
-0.11476625017104601 -0.9933924582923835 0.00036280778870926254 0.007783194918859593 0.9933925236405277 -0.11476622682831415 8.458543650702066e-05 -1.2012760434987229 -4.238845373335759e-05 0.0003701180981893272 0.999999930607904 0.2975442569403313
-0.18560005507003477 -0.9826251996545138 0.0005801395753013919 0.3000928160452472 0.9826253622003153 -0.1855999424649499 0.00024272969756757758 -2.685794485235089 -0.00013083844573684228 0.0006151105055429468 0.9999998022601642 0.45555952775536956
1.0 0.0 0.0 0.0 0.0 1.0 0.0 0.0 0.0 0.0 1.0 0.0
-0.11478033635016725 -0.9933908970248329 -9.774453506023182e-06 0.007952637939278251 0.9933908963054108 -0.11478033586914527 -4.043881765952173e-05 -1.2010124358712142 3.9049638293055636e-05 -1.4351434221803325e-05 0.9999999991345809 0.2948496577090177
-0.18562808588593877 -0.9826199760862029 0.0004430876582155981 0.3009336486290257 0.9826200708454941 -0.18562801991941585 0.00018599030587479175 -2.6855237410186135 -0.00010050830526566036 0.0004699118505794528 0.9999998845404601 0.4545781713815171
1.0 0.0 0.0 0.0 0.0 1.0 0.0 0.0 0.0 0.0 1.0 0.0
-0.11478812859688317 -0.9933899845709464 0.00015520103014315313 0.008501461111237063 0.9933899965497806 -0.11478812450994265 3.501879928438947e-05 -1.2012940089555766 -1.697208930866904e-05 0.0001581948932339978 0.9999999873431619 0.29597764001512855
-0.18562089940229082 -0.9826213427368867 0.00042249620493759935 0.3010966585401089 0.9826214274727149 -0.18562083320606074 0.0001911841299636528 -2.685518653529453 -0.00010943750890795205 0.00045064159415288363 0.9999998924727871 0.4544048064762394
1.0 0.0 0.0 0.0 0.0 1.0 0.0 0.0 0.0 0.0 1.0 0.0
-0.11482007448407293 -0.9933860342827783 -0.0007330671226134611 0.0093997872660333 0.9933863034784252 -0.11482008063536808 -3.3828353086819394e-05 -1.2013199543062516 -5.0566212610382746e-05 -0.0007321030131556554 0.9999997307340819 0.29464543623410344
-0.18561278918457239 -0.9826228716579269 0.00042963455794043075 0.3013325858405329 0.9826229629325441 -0.1856127388279576 0.00015460417833115762 -2.685219806974576 -7.217195468761566e-05 0.0004508652950612769 0.9999998957558419 0.45418651559638573
1.0 0.0 0.0 0.0 0.0 1.0 0.0 0.0 0.0 0.0 1.0 0.0
-0.11478756756536163 -0.993390056485728 0.00010003854633617954 0.008542661312658684 0.9933900614511444 -0.11478756576479704 2.357722088758775e-05 -1.2011789657211072 -1.1938195572714626e-05 0.00010208366952801016 0.9999999947182019 0.29565863518262253
-0.1856211955070323 -0.9826212836382779 0.00042979018586123156 0.3011401477605671 0.9826213715226462 -0.18562112782492007 0.00019269654851687893 -2.68548334097877 -0.00010956959082867575 0.00045808958560371207 0.999999889074212 0.4544470395736359
1.0 0.0 0.0 0.0 0.0 1.0 0.0 0.0 0.0 0.0 1.0 0.0
-0.11476613344063222 -0.993392538005099 7.132741010532022e-06 0.008016868713631276 0.9933925379658386 -0.11476613351223475 -1.0603967143987707e-05 -1.2012039794108045 1.1352498941213263e-05 5.868635386855077e-06 0.99999999991834 0.2949510123913955
-0.18561922005172374 -0.9826215924432671 0.0005578634665507129 0.3010498016435441 0.9826217428799713 -0.185619116554381 0.00023235554103482144 -2.685896013954567 -0.0001247674479255463 0.0005912984260927062 0.9999998173996109 0.45535072162931156
1.0 0.0 0.0 0.0 0.0 1.0 0.0 0.0 0.0 0.0 1.0 0.0
-0.11479914265401411 -0.9933887182431103 0.00010636358814622291 0.008551361380334743 0.9933887238073505 -0.11479914024864837 2.8470580733787316e-05 -1.2011062582204035 -1.607190522982907e-05 0.00010892878734725732 0.9999999939381067 0.2956914206003551
-0.18562014239994742 -0.9826214983006907 0.00039218965998155344 0.3011109485494585 0.982621572758293 -0.18562009175318217 0.0001621343891409308 -2.6852786141730647 -8.651845571330136e-05 0.0004154694289108797 0.9999999099498512 0.45421491947345205
1.0 0.0 0.0 0.0 0.0 1.0 0.0 0.0 0.0 0.0 1.0 0.0
-0.11476786553451278 -0.9933923356875959 6.661677632962193e-05 0.007934429722026515 0.9933923378950144 -0.11476786576081997 4.2825555416487524e-07 -1.201167592644559 7.220039457993583e-06 6.622574515696742e-05 0.9999999977810107 0.29533714707045555
-0.18562114978403416 -0.9826212513501058 0.0005149252433735226 0.3009485836681516 0.9826213783278678 -0.18562105617550653 0.00022440439311620537 -2.685780998206388 -0.0001249235580458838 0.0005476307538463184 0.9999998422473187 0.45507249210573986
1.0 0.0 0.0 0.0 0.0 1.0 0.0 0.0 0.0 0.0 1.0 0.0
-0.11478812859688317 -0.9933899845709464 0.00015520103014315313 0.008501461111237063 0.9933899965497806 -0.11478812450994265 3.501879928438947e-05 -1.2012940089555766 -1.697208930866904e-05 0.0001581948932339978 0.9999999873431619 0.29597764001512855
-0.18562089940229082 -0.9826213427368867 0.00042249620493759935 0.3010966585401089 0.9826214274727149 -0.18562083320606074 0.0001911841299636528 -2.685518653529453 -0.00010943750890795205 0.00045064159415288363 0.9999998924727871 0.4544048064762394
1.0 0.0 0.0 0.0 0.0 1.0 0.0 0.0 0.0 0.0 1.0 0.0
-0.11478756756536163 -0.993390056485728 0.00010003854633617954 0.008542661312658684 0.9933900614511444 -0.11478756576479704 2.357722088758775e-05 -1.2011789657211072 -1.1938195572714626e-05 0.00010208366952801016 0.9999999947182019 0.29565863518262253
-0.1856211955070323 -0.9826212836382779 0.00042979018586123156 0.3011401477605671 0.9826213715226462 -0.18562112782492007 0.00019269654851687893 -2.68548334097877 -0.00010956959082867575 0.00045808958560371207 0.999999889074212 0.4544470395736359
1.0 0.0 0.0 0.0 0.0 1.0 0.0 0.0 0.0 0.0 1.0 0.0
-0.11479613374554218 -0.9933890431805532 0.0002378358685898156 0.00890362883127116 0.9933890713926912 -0.11479612495794755 5.0321024243093415e-05 -1.201531284735129 -2.2685718034594192e-05 0.0002420402116715367 0.9999999704509467 0.2961596323101517
-0.18563502355758776 -0.9826186548280318 0.00046606085875738727 0.3018688080475127 0.9826187591711973 -0.18563494829460123 0.00020024114649087096 -2.6856307186290316 -0.00011024350258852037 0.0004951319126764697 0.9999998713453715 0.4545079100166948
1.0 0.0 0.0 0.0 0.0 1.0 0.0 0.0 0.0 0.0 1.0 0.0
-0.11478482956272808 -0.9933903707461261 0.00011921044587093369 0.00854293332331868 0.9933903777387261 -0.11478482656225736 3.1736170789299155e-05 -1.2010310739881946 -1.7842856112736763e-05 0.00012206534080914682 0.9999999923908424 0.29570162209909073
-0.18561366155110678 -0.9826227013000189 0.00044219390023337077 0.30115229297016 0.9826227943747927 -0.18561359009409725 0.000197857159661335 -2.6851815439418063 -0.00011234173935794313 0.00047123479777164265 0.9999998826585428 0.4544801911037782
1.0 0.0 0.0 0.0 0.0 1.0 0.0 0.0 0.0 0.0 1.0 0.0
-0.11479914265401411 -0.9933887182431103 0.00010636358814622291 0.008551361380334743 0.9933887238073505 -0.11479914024864837 2.8470580733787316e-05 -1.2011062582204035 -1.607190522982907e-05 0.00010892878734725732 0.9999999939381067 0.2956914206003551
-0.18562014239994742 -0.9826214983006907 0.00039218965998155344 0.3011109485494585 0.982621572758293 -0.18562009175318217 0.0001621343891409308 -2.6852786141730647 -8.651845571330136e-05 0.0004154694289108797 0.9999999099498512 0.45421491947345205
1.0 0.0 0.0 0.0 0.0 1.0 0.0 0.0 0.0 0.0 1.0 0.0
-0.114767805660503 -0.9933923448281579 -4.548329981966776e-06 0.008130823497284556 0.9933923447528726 -0.11476780558925852 -1.3660721555171847e-05 -1.2010903616146287 1.3048454366610589e-05 -6.086087222123046e-06 0.9999999998963486 0.2948769320231949
-0.18561983151270434 -0.9826215084801815 0.0004992207204141624 0.30111550704548895 0.9826216279004666 -0.18561974383361585 0.00021698244238150546 -2.6858006509160184 -0.00012054639260691934 0.0005308213213710804 0.9999998518486352 0.45497089025443804
1.0 0.0 0.0 0.0 0.0 1.0 0.0 0.0 0.0 0.0 1.0 0.0
-0.11478406629367455 -0.9933904594438974 0.00011493881721918682 0.00857460015465028 0.9933904659088614 -0.11478406327435166 3.255158984302602e-05 -1.2008836606740747 -1.914329432142537e-05 0.00011791552903488328 0.9999999928647311 0.29555194686847225
-0.18561345898539622 -0.9826227401172108 0.00044096260796008027 0.3011390521751125 0.9826228325861222 -0.18561338755685905 0.00019809112566885717 -2.6850575584810397 -0.00011280028124825577 0.0004700683059279978 0.9999998831559354 0.45443827424625477
1.0 0.0 0.0 0.0 0.0 1.0 0.0 0.0 0.0 0.0 1.0 0.0
-0.11478812859688317 -0.9933899845709464 0.00015520103014315313 0.008501461111237063 0.9933899965497806 -0.11478812450994265 3.501879928438947e-05 -1.2012940089555766 -1.697208930866904e-05 0.0001581948932339978 0.9999999873431619 0.29597764001512855
-0.18562089940229082 -0.9826213427368867 0.00042249620493759935 0.3010966585401089 0.9826214274727149 -0.18562083320606074 0.0001911841299636528 -2.685518653529453 -0.00010943750890795205 0.00045064159415288363 0.9999998924727871 0.4544048064762394
1.0 0.0 0.0 0.0 0.0 1.0 0.0 0.0 0.0 0.0 1.0 0.0
-0.11478756756536163 -0.993390056485728 0.00010003854633617954 0.008542661312658684 0.9933900614511444 -0.11478756576479704 2.357722088758775e-05 -1.2011789657211072 -1.1938195572714626e-05 0.00010208366952801016 0.9999999947182019 0.29565863518262253
-0.1856211955070323 -0.9826212836382779 0.00042979018586123156 0.3011401477605671 0.9826213715226462 -0.18562112782492007 0.00019269654851687893 -2.68548334097877 -0.00010956959082867575 0.00045808958560371207 0.999999889074212 0.4544470395736359
1.0 0.0 0.0 0.0 0.0 1.0 0.0 0.0 0.0 0.0 1.0 0.0
-0.11476231934976305 -0.9933928195912455 -0.0005621761446805729 0.008269315397713445 0.9933929783625374 -0.11476231486291054 -4.0339969914900146e-05 -1.2018369982662982 -2.4443199268260444e-05 -0.0005630913432385322 0.9999998411653219 0.2945476921888793
-0.1856292687868549 -0.9826197197155895 0.0005108773970047146 0.30141422916069116 0.9826198419237084 -0.1856291653363668 0.00024338108154676956 -2.6867027310223115 -0.00014431730533836276 0.0005471769192912448 0.9999998398849544 0.4557093696420993
1.0 0.0 0.0 0.0 0.0 1.0 0.0 0.0 0.0 0.0 1.0 0.0
-0.11478756756536163 -0.993390056485728 0.00010003854633617954 0.008542661312658684 0.9933900614511444 -0.11478756576479704 2.357722088758775e-05 -1.2011789657211072 -1.1938195572714626e-05 0.00010208366952801016 0.9999999947182019 0.29565863518262253
-0.1856211955070323 -0.9826212836382779 0.00042979018586123156 0.3011401477605671 0.9826213715226462 -0.18562112782492007 0.00019269654851687893 -2.68548334097877 -0.00010956959082867575 0.00045808958560371207 0.999999889074212 0.4544470395736359
1.0 0.0 0.0 0.0 0.0 1.0 0.0 0.0 0.0 0.0 1.0 0.0
-0.1148078295512653 -0.9933877132298985 0.00011609307177253788 0.008502347267205668 0.9933877199951177 -0.11480782805312269 1.9509663796486855e-05 -1.2010778824258885 -6.052266882454439e-06 0.00011756529403109555 0.999999993070886 0.2957636420209906
-0.18562713409305234 -0.982620178713446 0.00038919603923632113 0.30104586213974294 0.9826202516659909 -0.18562708246627221 0.00016513911079754358 -2.6850972717501556 -9.002369729359137e-05 0.00041308620988580026 0.9999999106277545 0.45419756027703606
