1.0 0.0 0.0 0.0 0.0 1.0 0.0 0.0 0.0 0.0 1.0 0.0
-0.11476618291897847 -0.9933924542349042 -0.0003938621094384494 0.008293019358777368 0.9933925318702718 -0.11476616199003883 -7.540853715884649e-05 -1.2015611904817511 2.970822914493897e-05 -0.00039991402807205365 0.9999999195930924 0.2933485440954481
-0.18567690492433508 -0.9826106830586246 0.0005766426820320818 0.3028444246264733 0.982610844333213 -0.18567679691584374 0.00023597848027919575 -2.686600989424498 -0.00012480580952959784 0.0006104311065170987 0.9999998058986683 0.45544174113609737
1.0 0.0 0.0 0.0 0.0 1.0 0.0 0.0 0.0 0.0 1.0 0.0
-0.11476856054591168 -0.9933922573090984 -2.5070981110513736e-05 0.008066720828619811 0.9933922574444698 -0.11476856000668074 -2.1985749727682772e-05 -1.2008672262309954 1.8963113150607493e-05 -2.742859137049191e-05 0.9999999994440364 0.29461269203369533
-0.1856215227796352 -0.9826212027522817 0.00047136252404431187 0.3009810093885483 0.9826213081761802 -0.185621440192906 0.00021367930307784585 -2.6856403218724054 -0.00012247082322755322 0.0005028343376254463 0.9999998660792543 0.45476777836312654
1.0 0.0 0.0 0.0 0.0 1.0 0.0 0.0 0.0 0.0 1.0 0.0
-0.11476786553451278 -0.9933923356875959 6.661677632962193e-05 0.007934429722026515 0.9933923378950144 -0.11476786576081997 4.2825555416487524e-07 -1.201167592644559 7.220039457993583e-06 6.622574515696742e-05 0.9999999977810107 0.29533714707045555
-0.18562114978403416 -0.9826212513501058 0.0005149252433735226 0.3009485836681516 0.9826213783278678 -0.18562105617550653 0.00022440439311620537 -2.685780998206388 -0.0001249235580458838 0.0005476307538463184 0.9999998422473187 0.45507249210573986
1.0 0.0 0.0 0.0 0.0 1.0 0.0 0.0 0.0 0.0 1.0 0.0
-0.11476971990181513 -0.9933921215318116 -6.536196224498744e-05 0.008116827526654102 0.9933921232097571 -0.11476971756975586 -3.838970925099244e-05 -1.200766825375065 3.063446077117228e-05 -6.933603462955594e-05 0.9999999971270221 0.2943483915960486
-0.185618486540087 -0.9826217960493928 0.00042823268659455347 0.30104827216463503 0.982621884809818 -0.1856184261008847 0.00017715708310018225 -2.68554962049945 -9.459053388813809e-05 0.00045367443928362065 0.9999998926160613 0.45447966128700634
1.0 0.0 0.0 0.0 0.0 1.0 0.0 0.0 0.0 0.0 1.0 0.0
-0.11479785595711291 -0.9933888671880327 0.00010399292045600638 0.008555105249671957 0.9933888724199005 -0.11479785314405083 3.264714207443286e-05 -1.2009675288052044 -2.0493143471717767e-05 0.0001070532319047151 0.9999999940598184 0.2955709428501586
-0.1856204032110642 -0.9826214490517189 0.00039214189153938934 0.30107990162843823 0.9826215234824939 -0.18562035253488565 0.00016221518783307738 -2.685171284517863 -8.660660677549697e-05 0.0004154375114582675 0.9999999099554808 0.4542129673663758
1.0 0.0 0.0 0.0 0.0 1.0 0.0 0.0 0.0 0.0 1.0 0.0
-0.1148078295512653 -0.9933877132298985 0.00011609307177253788 0.008502347267205668 0.9933877199951177 -0.11480782805312269 1.9509663796486855e-05 -1.2010778824258885 -6.052266882454439e-06 0.00011756529403109555 0.999999993070886 0.2957636420209906
-0.18562713409305234 -0.982620178713446 0.00038919603923632113 0.30104586213974294 0.9826202516659909 -0.18562708246627221 0.00016513911079754358 -2.6850972717501556 -9.002369729359137e-05 0.00041308620988580026 0.9999999106277545 0.45419756027703606
1.0 0.0 0.0 0.0 0.0 1.0 0.0 0.0 0.0 0.0 1.0 0.0
-0.11476613344063222 -0.993392538005099 7.132741010532022e-06 0.008016868713631276 0.9933925379658386 -0.11476613351223475 -1.0603967143987707e-05 -1.2012039794108045 1.1352498941213263e-05 5.868635386855077e-06 0.99999999991834 0.2949510123913955
-0.18561922005172374 -0.9826215924432671 0.0005578634665507129 0.3010498016435441 0.9826217428799713 -0.185619116554381 0.00023235554103482144 -2.685896013954567 -0.0001247674479255463 0.0005912984260927062 0.9999998173996109 0.45535072162931156
1.0 0.0 0.0 0.0 0.0 1.0 0.0 0.0 0.0 0.0 1.0 0.0
-0.11478756756536163 -0.993390056485728 0.00010003854633617954 0.008542661312658684 0.9933900614511444 -0.11478756576479704 2.357722088758775e-05 -1.2011789657211072 -1.1938195572714626e-05 0.00010208366952801016 0.9999999947182019 0.29565863518262253
-0.1856211955070323 -0.9826212836382779 0.00042979018586123156 0.3011401477605671 0.9826213715226462 -0.18562112782492007 0.00019269654851687893 -2.68548334097877 -0.00010956959082867575 0.00045808958560371207 0.999999889074212 0.4544470395736359
1.0 0.0 0.0 0.0 0.0 1.0 0.0 0.0 0.0 0.0 1.0 0.0
-0.1147971277717155 -0.9933889395557226 -0.00018499654347159272 0.008957996277644709 0.9933889566214759 -0.11479712910488003 -3.4311372068946554e-06 -1.2014534672487809 -1.7828618333437274e-05 -0.0001841674079941694 0.9999999828822528 0.2951428509248458
-0.18564107391328272 -0.9826175470630301 0.00038455189013717703 0.30177477242396616 0.9826176157029884 -0.18564101306155995 0.00018862569133857907 -2.6858433445780037 -0.00011395831167638083 0.0004128841373084014 0.999999908270092 0.4543771502713164
1.0 0.0 0.0 0.0 0.0 1.0 0.0 0.0 0.0 0.0 1.0 0.0
-0.11479511007636495 -0.9933891896601249 -2.3852801236553912e-05 0.00892402493111455 0.993389189818208 -0.1147951104143412 1.3314778454840682e-05 -1.2013190199627566 -1.596494193140165e-05 -2.21666434369079e-05 0.9999999996268804 0.2955020038159834
-0.1856342684757147 -0.9826188412370863 0.00036223386313854816 0.30176366457348935 0.9826189002175785 -0.18563420798211608 0.00019432459891261555 -2.6853818156613016 -0.00012370401591934875 0.00039201114498474497 0.9999999155122857 0.4542643298594281
1.0 0.0 0.0 0.0 0.0 1.0 0.0 0.0 0.0 0.0 1.0 0.0
-0.1147872982386615 -0.9933900884184452 9.162457866270418e-05 0.008568642233980128 0.9933900925751379 -0.11478729665717832 2.2353887527006624e-05 -1.201073853420036 -1.168879261490326e-05 9.35848910342489e-05 0.9999999955526203 0.2955141967168696
-0.1856211322851911 -0.9826212965336232 0.0004276069982087266 0.3011141826656034 0.9826213834551063 -0.1856210649875031 0.0001923789971295196 -2.685419248979839 -0.00010966283318163387 0.00045588538743001364 0.9999998900712823 0.45441024488166903
1.0 0.0 0.0 0.0 0.0 1.0 0.0 0.0 0.0 0.0 1.0 0.0
-0.11480655838189445 -0.9933878607514447 0.00011074372729781428 0.008483982029421355 0.9933878668346268 -0.1148065561598123 2.6238767987935977e-05 -1.2009041416781003 -1.3351167652925522e-05 0.00011302385767456706 0.9999999935236769 0.2956336939275324
-0.1856287726389747 -0.9826198693798757 0.00038867521684041525 0.3009835614220635 0.9826199420565019 -0.18562872078097659 0.00016581343353465737 -2.6849346788251354 -9.078229109990079e-05 0.00041269976320461673 0.9999999107187365 0.45418611982726237
1.0 0.0 0.0 0.0 0.0 1.0 0.0 0.0 0.0 0.0 1.0 0.0
-0.11478912375983416 -0.9933898746423977 0.00011842470901403969 0.00850775174203422 0.9933898816588663 -0.11478912183786454 2.2923252022119137e-05 -1.201148079300701 -9.177858101022778e-06 0.0001202732476862824 0.9999999927250565 0.29577526097836226
-0.18562345584207993 -0.9826208640426443 0.00041254009677853964 0.30107430298710014 0.9826209441016841 -0.18562338980632592 0.00019331198585546532 -2.6853453298289267 -0.00011337529937603399 0.00044125377824650577 0.9999998962205668 0.45434387261120085
1.0 0.0 0.0 0.0 0.0 1.0 0.0 0.0 0.0 0.0 1.0 0.0
-0.11478947908201026 -0.993389833931333 0.00011547276664583305 0.008618852864450632 0.9933898404869234 -0.11478947623008212 3.105138407328401e-05 -1.2012274670859853 -1.7591070865782824e-05 0.00011827384544143073 0.9999999928509259 0.29589516774059416
-0.18561259700807733 -0.9826229091351417 0.000426936421102496 0.3007788863481564 0.9826229958585768 -0.18561253023300367 0.00019139074393163382 -2.685461195768543 -0.00010882018021418402 0.0004550420781693296 0.9999998905474317 0.4544052930761526
1.0 0.0 0.0 0.0 0.0 1.0 0.0 0.0 0.0 0.0 1.0 0.0
-0.1147678288282817 -0.9933923418005007 2.6798491979075304e-05 0.00812653724301704 0.9933923421521236 -0.11476782890548907 -1.3561312381268706e-06 -1.2011400141518518 4.42277512881098e-06 2.6465776475434187e-05 0.9999999996400011 0.2951858592080553
-0.18560289265384208 -0.9826247037234943 0.000507809848560881 0.30054079773132436 0.9826248273602903 -0.18560280225380085 0.00022011518884359487 -2.6858222183273046 -0.00012203969131750026 0.0005398405805404059 0.9999998468392189 0.4550505556087385
1.0 0.0 0.0 0.0 0.0 1.0 0.0 0.0 0.0 0.0 1.0 0.0
-0.11478756756536163 -0.993390056485728 0.00010003854633617954 0.008542661312658684 0.9933900614511444 -0.11478756576479704 2.357722088758775e-05 -1.2011789657211072 -1.1938195572714626e-05 0.00010208366952801016 0.9999999947182019 0.29565863518262253
-0.1856211955070323 -0.9826212836382779 0.00042979018586123156 0.3011401477605671 0.9826213715226462 -0.18562112782492007 0.00019269654851687893 -2.68548334097877 -0.00010956959082867575 0.00045808958560371207 0.999999889074212 0.4544470395736359
1.0 0.0 0.0 0.0 0.0 1.0 0.0 0.0 0.0 0.0 1.0 0.0
-0.11479849111195606 -0.9933887991020047 -1.6034182990246812e-05 0.008937783367743646 0.9933887990573951 -0.11479849137900863 1.6864479399321743e-05 -1.2016363814684503 -1.859368495574486e-05 -1.3992160996122071e-05 0.999999999729247 0.29559909526722017
-0.18564210732123962 -0.9826173827317426 0.0002951995087509203 0.30182915911301894 0.9826174197494166 -0.18564206087895582 0.00017786965339067171 -2.6859459407813375 -0.00011997636810716943 0.0003230882768840562 0.9999999406098166 0.4541451153800774
1.0 0.0 0.0 0.0 0.0 1.0 0.0 0.0 0.0 0.0 1.0 0.0
-0.11478658707277858 -0.9933901660467127 0.00013202222240781548 0.0086267233195787 0.9933901745615382 -0.11478658299972888 3.8050527731312104e-05 -1.2010626646635973 -2.264464027095005e-05 0.00013551726877830366 0.999999990561145 0.2959257789670805
-0.1856066546135428 -0.9826240261519854 0.0004393085838492099 0.300792951759439 0.9826241180184665 -0.18560658409740866 0.0001965403842500922 -2.6851112197847478 -0.00011158673806036311 0.00046815441295988876 0.9999998841899163 0.4544336178894548
1.0 0.0 0.0 0.0 0.0 1.0 0.0 0.0 0.0 0.0 1.0 0.0
-0.11479423913864732 -0.9933892849708504 -0.00010566778787366823 0.008954897388678384 0.9933892903955659 -0.11479424057578093 7.617336273776615e-06 -1.2013318640456063 -1.969703369667159e-05 -0.00010409482249168028 0.9999999943881476 0.295292057758716
-0.18563372850793966 -0.9826188877619723 0.0004901567764620476 0.3017950707499727 0.9826190039971574 -0.185633649075151 0.00020326012792022305 -2.685563270571558 -0.0001087376497897604 0.0005193692988924252 0.9999998592158176 0.4545674217939791
1.0 0.0 0.0 0.0 0.0 1.0 0.0 0.0 0.0 0.0 1.0 0.0
-0.11479741163213127 -0.9933889107796929 0.00016193362300263148 0.008520745611854341 0.9933889231162406 -0.11479740321656105 6.037126708728455e-05 -1.2009278023606456 -4.138258784007663e-05 0.00016779353256947464 0.9999999850664059 0.29587878545235735
-0.18559559050078864 -0.9826261452612851 0.00036801577697100996 0.3010778491244208 0.9826262111415279 -0.18559554747568904 0.00014810416808596578 -2.6848481768622445 -7.72289381768143e-05 0.0003891094290968627 0.9999999213147684 0.4541210666544113
