1.0 0.0 0.0 0.0 0.0 1.0 0.0 0.0 0.0 0.0 1.0 0.0
-0.1143460098453406 -0.9932807129346338 0.017844196381876357 -0.00012778244105665594 0.9934403999644856 -0.11434698321763381 0.0009690961919434637 -1.1920004423148225 0.0010778454677747389 0.017837957873361125 0.9998403100035804 0.27901476086837135
-0.1853520503552042 -0.9826681184153621 0.0028260359399500104 0.2989095821017112 0.9826672659695582 -0.18535945341613536 -0.0026300990826986967 -2.6862965108035124 0.0031083469940049735 0.0022895587530269157 0.9999925480220747 0.3792779012266777
1.0 0.0 0.0 0.0 0.0 1.0 0.0 0.0 0.0 0.0 1.0 0.0
-0.11432621794090303 -0.9932745605033866 0.018307467004845736 -0.0016183253214030581 0.9934426313514051 -0.11432750442487616 0.0009797681236907614 -1.1926708082970354 0.0011198682625506097 0.018299431378713593 0.9998319242284126 0.27843015971620694
-0.185350765035452 -0.9826693308442652 0.0024657897024380937 0.299894933925681 0.9826674196972739 -0.18535724601383974 -0.002726465783104378 -2.6875538488664543 0.0031362662951462117 0.0019176986856695999 0.9999932431099107 0.3788934962242879
1.0 0.0 0.0 0.0 0.0 1.0 0.0 0.0 0.0 0.0 1.0 0.0
-0.11438187896609531 -0.9933129607232134 0.015689098873732606 0.0017260129614894426 0.9934364456853193 -0.11438191082376803 0.0008982540975455457 -1.1915781971687318 0.000902301671165842 0.01568886661259272 0.9998765150337848 0.2798590718372066
-0.1853401179686358 -0.9826676666457826 0.003646587487675782 0.2968070956027019 0.982669690854463 -0.18534947565866888 -0.0024187908240962063 -2.6840198136194022 0.0030527606140029473 0.0031350920225086953 0.99999042587949 0.3817977549311668
1.0 0.0 0.0 0.0 0.0 1.0 0.0 0.0 0.0 0.0 1.0 0.0
-0.11437687789188988 -0.993303443514343 0.0163156031531883 0.0013310103612680188 0.9934369821247296 -0.11437701657649768 0.0009276992884218078 -1.1914424274002704 0.0009446431145725877 0.016314630906280315 0.9998664613175992 0.2796855130931608
-0.18534804524272697 -0.9826662620338477 0.003622096785754616 0.2976629275299135 0.9826679964286257 -0.18535754303826946 -0.0024879778467470515 -2.684658353628575 0.0031162348515402782 0.003098176760826271 0.9999903451439462 0.380819833904904
1.0 0.0 0.0 0.0 0.0 1.0 0.0 0.0 0.0 0.0 1.0 0.0
-0.11435712886868754 -0.9932859070903709 0.017480098757430396 0.001968643926680588 0.9934391527155761 -0.11435791158039499 0.0009580765780516764 -1.1905752537750194 0.0010473436252267038 0.01747497738566857 0.9998467523759333 0.2779807122441465
-0.18534938238663012 -0.9826697369163202 0.0024071970639796734 0.29724623928232075 0.982668114711955 -0.18535543552787703 -0.002595929260091271 -2.6835449607232786 0.002997128183262615 0.00188432191552379 0.9999937332571498 0.3810580970569086
1.0 0.0 0.0 0.0 0.0 1.0 0.0 0.0 0.0 0.0 1.0 0.0
-0.11435628454106661 -0.9932816896328834 0.01772357825064246 0.0005854847384819599 0.9934392492639644 -0.1143568399917465 0.000985479047587886 -1.1919476255545378 0.0010479541086040114 0.01771999399396459 0.9998424393898471 0.27902880257524243
-0.18535566689745853 -0.982669769856254 0.0018439521835461321 0.2984766470825261 0.9826670716540554 -0.18536013866037626 -0.0026542951322855316 -2.685507024495453 0.0029500908191988084 0.0013200024480879147 0.9999947772652092 0.38024167488865107
1.0 0.0 0.0 0.0 0.0 1.0 0.0 0.0 0.0 0.0 1.0 0.0
-0.11435829176374446 -0.9932784204141367 0.017893033406211886 -0.00016201505170347586 0.9934390078933353 -0.11435885236235999 0.0009952297571979227 -1.1923170587707037 0.0010576865244370653 0.017889450130215038 0.9998394115423009 0.27877252127320584
-0.18535236248344322 -0.9826713350233106 0.0012446064882642958 0.2993003011457278 0.9826678048326857 -0.18535515414123682 -0.002729867870129466 -2.686865790719767 0.0029132571318548073 0.000717047266707016 0.9999954993779226 0.3806743045831069
1.0 0.0 0.0 0.0 0.0 1.0 0.0 0.0 0.0 0.0 1.0 0.0
-0.11436147746398162 -0.993279245737233 0.017826734415724996 -0.0004215000460779388 0.9934386489519476 -0.11436197214759147 0.0009950351966165963 -1.1922850772135463 0.001050352695156327 0.01782356064839677 0.9998405960176996 0.2781760885725065
-0.18535583944602108 -0.9826714554218158 0.00015323978115539772 0.29920169584655953 0.9826677064560978 -0.1853555592319427 -0.002737763708814043 -2.686838950232349 0.0027187260936740176 -0.0003568767061662981 0.9999962405766555 0.3821535499204161
1.0 0.0 0.0 0.0 0.0 1.0 0.0 0.0 0.0 0.0 1.0 0.0
-0.11433826704710026 -0.9932815402681295 0.01784775759691062 -0.0008506896799248894 0.9934412791042426 -0.11433943636839716 0.0009582602379795309 -1.1925289263112355 0.0010888803389125247 0.01784026495120807 0.9998402568841076 0.2777601008826659
-0.1853663503637899 -0.9826676543364566 0.0018966480156007816 0.2999110089747134 0.9826647880349401 -0.18537108653044032 -0.0027339778290905404 -2.6870630123437174 0.0030381752837379816 0.0013569817280731922 0.999994464030444 0.38018080664269627
1.0 0.0 0.0 0.0 0.0 1.0 0.0 0.0 0.0 0.0 1.0 0.0
-0.11446734872442765 -0.9933120772872696 0.015111028795221979 0.002011754136672775 0.9934267223349424 -0.11446566701746042 0.0009789918802144588 -1.192898933488534 0.0007572495321819459 0.015123762412097194 0.9998853426186667 0.28237719462660144
-0.18534059060025943 -0.9826707631597104 0.0026526792227988065 0.2974307754480556 0.98267062166766 -0.18534664294803171 -0.002251945645303274 -2.68620250110709 0.0027045863346281396 0.0021893330050523907 0.9999939459985503 0.38660873954199665
1.0 0.0 0.0 0.0 0.0 1.0 0.0 0.0 0.0 0.0 1.0 0.0
-0.11439005012265313 -0.9933149195196141 0.015504421713806617 0.0015409398540476935 0.9934355249320886 -0.114389896497201 0.0008996567488185649 -1.19155536515323 0.0008799067240433043 0.015505555104614486 0.9998793944896828 0.27992764636499196
-0.18534378889660186 -0.9826640315293252 0.004368186807486681 0.2976617037649341 0.9826684647318025 -0.1853555285687314 -0.002452845418791347 -2.6849675122442345 0.0032199905425364106 0.0038378597602782005 0.9999874511679466 0.3807382843957362
1.0 0.0 0.0 0.0 0.0 1.0 0.0 0.0 0.0 0.0 1.0 0.0
-0.1143847254389374 -0.9932958103423226 0.016720279383060015 0.00148044949353304 0.9934360633721365 -0.11438474261675724 0.0009584613560195167 -1.1920567180885318 0.0009605092044023874 0.016720161867841563 0.9998597469691344 0.2798347865192907
-0.1853486848809931 -0.9826680825634424 0.003050331780986462 0.29737318624293624 0.982668155736096 -0.185356473539257 -0.0025046794826241205 -2.684791243829696 0.003026667326674587 0.0025332248574523597 0.9999922109980234 0.3814874034396149
1.0 0.0 0.0 0.0 0.0 1.0 0.0 0.0 0.0 0.0 1.0 0.0
-0.1143765323700554 -0.9932943197918624 0.016864255460076766 -0.00012449334866478177 0.9934369987666573 -0.11437654916740203 0.0009666861195842553 -1.1926158696725202 0.0009686715121964163 0.01686414153694119 0.9998573210242166 0.28079192774980255
-0.18534032010330703 -0.9826699573806322 0.0029530671428924303 0.29832239838534325 0.9826696889617067 -0.18534789566516485 -0.0025377092815337308 -2.6864596075738665 0.0030410754522222083 0.002431549720220527 0.9999924196842954 0.37983244810763567
1.0 0.0 0.0 0.0 0.0 1.0 0.0 0.0 0.0 0.0 1.0 0.0
-0.11436478247282111 -0.9932760503368512 0.01798289067889745 -0.0006644852801393967 0.9934382935778416 -0.11436468419790247 0.0010372374174838356 -1.192712559568474 0.0010263445281575726 0.017983515661263966 0.9998377567292458 0.280218294417542
-0.18533294428419333 -0.9826755479258487 0.0006835726625203704 0.29836172838693664 0.9826720080219288 -0.1853341158119346 -0.002643892274332275 -2.687024368747496 0.002724777624337843 0.00018172738133545585 0.9999962712740766 0.38177080546187064
1.0 0.0 0.0 0.0 0.0 1.0 0.0 0.0 0.0 0.0 1.0 0.0
-0.11431642693464106 -0.9932791798884801 0.0181169901740138 -0.0019265471553132994 0.9934437432353185 -0.1143181391370387 0.000944505608097522 -1.1928888515140967 0.0011329428476460966 0.018106183040967182 0.9998354277460821 0.27728534679925976
-0.18537882923622262 -0.9826643858066061 0.0023226145467594873 0.3006657854855989 0.9826619991428291 -0.18538498181328045 -0.002793556641352289 -2.687624355233093 0.003175706476700707 0.0017644787941779316 0.9999934007297042 0.37870470267981565
