1.0 0.0 0.0 0.0 0.0 1.0 0.0 0.0 0.0 0.0 1.0 0.0
-0.8621378725044551 -0.5066737498558715 6.937041482015224e-07 -0.7440489714280791 0.5066737496737574 -0.8621378722297166 -2.5666157524069856e-05 -0.6859388244279927 1.3602436895399764e-05 -2.1776284761232626e-05 0.9999999996703834 0.3035561849294439
0.4976868360489431 -0.8673567969332137 -6.111235973442479e-06 -1.4620838374841936 0.867356796712343 0.49768683606407776 -2.0135299440780978e-05 -1.8738494966558896 2.0505970524308693e-05 4.720451413705175e-06 0.999999999778611 0.5627641297567392
1.0 0.0 0.0 0.0 0.0 1.0 0.0 0.0 0.0 0.0 1.0 0.0
-0.8621469557393777 -0.5066582938303985 -1.4810304145707864e-06 -0.7446156921643958 0.5066582937630907 -0.8621469555690703 -1.9080272386300188e-05 -0.6856817213806963 8.390312390030023e-06 -1.7200375095388263e-05 0.9999999998168748 0.30337786961588903
0.49767708954913864 -0.8673623891802469 1.9324397259260914e-05 -1.4622948761684733 0.8673623893947021 0.49767708939463173 -1.2458007911633488e-05 -1.8738227412787758 1.18829772436544e-06 2.29613204994444e-05 0.9999999997356829 0.5624767616703488
1.0 0.0 0.0 0.0 0.0 1.0 0.0 0.0 0.0 0.0 1.0 0.0
-0.8621419533941552 -0.5066668058895509 -2.7185354160279653e-06 -0.7442415496350189 0.5066668058087107 -0.8621419531316998 -2.327778989299101e-05 -0.6861462494790587 9.450320020019432e-06 -2.144615090475701e-05 0.9999999997253771 0.30320456577102306
0.49767764271881276 -0.8673620719933072 -2.3072321468335525e-06 -1.4622262997910935 0.8673620717809469 0.49767764265272957 -2.0963941698413244e-05 -1.874031174654725 1.933158576456951e-05 8.432079431597652e-06 0.999999999777595 0.5624447836912988
1.0 0.0 0.0 0.0 0.0 1.0 0.0 0.0 0.0 0.0 1.0 0.0
-0.8621405106162795 -0.5066692609045804 2.9507551885889304e-06 -0.7442519368462088 0.5066692607626464 -0.8621405104874863 -1.93548283423792e-05 -0.685754928037877 1.235046215578451e-05 -1.5191524639895754e-05 0.999999999808342 0.30340670303103145
0.4976808004085186 -0.8673602601225594 8.053753896489413e-06 -1.4623272789981292 0.8673602601293201 0.4976808002914542 -1.3025204387330053e-05 -1.8738612595962998 7.289345980992889e-06 1.3467900219641617e-05 0.9999999998827406 0.5625544998095242
1.0 0.0 0.0 0.0 0.0 1.0 0.0 0.0 0.0 0.0 1.0 0.0
-0.8621417009991191 -0.5066672350688859 1.749273678655526e-05 -0.7439315416952713 0.5066672348003866 -0.8621417011529259 -1.7688111483683837e-05 -0.6860239888856654 2.4043204390011745e-05 -6.386661945268912e-06 0.9999999996905675 0.3033798717038742
0.4976761721184009 -0.867362915637267 1.6816527037498868e-05 -1.462162595442275 0.8673629157967837 0.497676171967743 -1.2491426464388439e-05 -1.8740071156369353 2.465415276802888e-06 2.0802717231913772e-05 0.9999999997805843 0.5626255948965975
1.0 0.0 0.0 0.0 0.0 1.0 0.0 0.0 0.0 0.0 1.0 0.0
-0.8621444170396981 -0.5066626124558297 3.614848145011978e-05 -0.7443456322193938 0.5066626123801424 -0.862144417759886 -1.1899414121577734e-05 -0.685981946764791 3.719419973824977e-05 8.056070594131032e-06 0.9999999992758457 0.3030796644964069
0.4976795233884573 -0.8673609917333976 4.4934340898211996e-05 -1.4622061217141493 0.8673609927615021 0.49767952355949635 -8.085440211793948e-06 -1.873978519102625 -1.5349905928973817e-05 4.299825256154552e-05 0.9999999989577651 0.5623781405944125
1.0 0.0 0.0 0.0 0.0 1.0 0.0 0.0 0.0 0.0 1.0 0.0
-0.8621437203366736 -0.5066637988907717 1.943221346250195e-05 -0.7442841331238972 0.5066637985214123 -0.8621437205156586 -2.105400126107268e-05 -0.6861680578640055 2.7420661073202742e-05 -8.305975888605373e-06 0.999999999589559 0.3035062739075519
0.49767924295397403 -0.8673611533966451 2.666834636635338e-05 -1.4621906656762347 0.8673611537762657 0.49767924295856214 -6.935170203977924e-06 -1.8740502148528968 -7.256985203438002e-06 2.6582577930501348e-05 0.9999999996203514 0.562337206002286
1.0 0.0 0.0 0.0 0.0 1.0 0.0 0.0 0.0 0.0 1.0 0.0
-0.8621467347562367 -0.5066586692320518 2.5321232464013497e-05 -0.7445291475206925 0.5066586689530986 -0.8621467351263157 -1.6902906481839358e-05 -0.685966460696509 3.0394622002468493e-05 -1.7435636947362444e-06 0.9999999995365634 0.30320246446420673
0.49767248160946626 -0.8673650330811341 2.090069743921004e-05 -1.462390405335865 0.8673650333273886 0.49767248137546627 -1.5574488454538834e-05 -1.8739380178385403 3.1070647365422873e-06 2.5879528449890706e-05 0.9999999996602981 0.5625163420716719
1.0 0.0 0.0 0.0 0.0 1.0 0.0 0.0 0.0 0.0 1.0 0.0
-0.8621396142181074 -0.5066707861912184 4.028104536281481e-06 -0.7440137955639471 0.5066707860822685 -0.8621396141547989 -1.5355460648146328e-05 -0.6860180296793637 1.1252951809609312e-05 -1.1197628027515461e-05 0.999999999873992 0.30314093350932503
0.49768055033048586 -0.8673604035765925 1.1410311470204542e-05 -1.4622608908500354 0.8673604036515142 0.49768055028012737 -7.095898462719952e-06 -1.8739586868377351 4.7601126300120847e-07 1.3428343014603096e-05 0.9999999999097267 0.5622158449775608
1.0 0.0 0.0 0.0 0.0 1.0 0.0 0.0 0.0 0.0 1.0 0.0
-0.8621413282099313 -0.5066678695597061 1.2175568925493497e-05 -0.7441761952015968 0.5066678691780849 -0.8621413281596914 -2.4931555450489422e-05 -0.6858401441933175 2.312907924943329e-05 -1.5325554766917876e-05 0.9999999996150867 0.3033627055615706
0.4976816420108149 -0.867359776886281 2.5400788945673044e-05 -1.4620767609606067 0.8673597772459164 0.49768164163440215 -1.9899751037571086e-05 -1.8739822083146862 4.618737278748501e-06 3.193536341377342e-05 0.9999999994793999 0.5624496057670045
1.0 0.0 0.0 0.0 0.0 1.0 0.0 0.0 0.0 0.0 1.0 0.0
-0.8621395422444527 -0.506670908348125 1.822667133752209e-05 -0.7442416853662466 0.5066709080417658 -0.8621395424073656 -1.901975862175305e-05 -0.6858222459210346 2.535069246398817e-05 -7.1627618746001786e-06 0.9999999996530187 0.3034496072967727
0.4976861305819394 -0.8673572011756776 3.1544778495759144e-05 -1.4621169324820151 0.8673572017483911 0.4976861303049568 -1.6651707051043667e-05 -1.8739726720933305 -1.256420718288746e-06 3.5647914455667615e-05 0.9999999993638239 0.5627096722055079
1.0 0.0 0.0 0.0 0.0 1.0 0.0 0.0 0.0 0.0 1.0 0.0
-0.8621490010845001 -0.5066548130642856 1.810501476930517e-05 -0.7446885681663966 0.5066548126808605 -0.8621490012188036 -2.2016842669742626e-05 -0.6857905274301608 2.6764159707517508e-05 -9.808806048223296e-06 0.9999999995937334 0.3034390446534416
0.49767160067700866 -0.8673655382702011 3.001380113959381e-05 -1.4622859531440469 0.86736553877796 0.49767160019400747 -2.237755608404519e-05 -1.873863895796216 4.472504536966096e-06 3.716961095180416e-05 0.9999999992992084 0.5627400607741556
1.0 0.0 0.0 0.0 0.0 1.0 0.0 0.0 0.0 0.0 1.0 0.0
-0.8621397051250089 -0.5066706312611482 1.6260129686435297e-05 -0.7440901655084097 0.5066706308762945 -0.8621397052025003 -2.2820240389929637e-05 -0.6861088980285324 2.55808490183189e-05 -1.1435705154298086e-05 0.9999999996074223 0.30342785288676943
0.4976803705321614 -0.8673605066891331 1.493123536236106e-05 -1.4622686226186994 0.8673605068122867 0.49768037051588243 -5.050502721517134e-06 -1.8739665278426152 -3.0503761478238086e-06 1.5464299937047224e-05 0.9999999998757753 0.5620633728468737
1.0 0.0 0.0 0.0 0.0 1.0 0.0 0.0 0.0 0.0 1.0 0.0
-0.8621383646224788 -0.5066729124846927 5.967395471365372e-07 -0.7438100549299247 0.5066729124176936 -0.8621383645264836 -1.5289601638592596e-05 -0.6862029244689332 8.261299050175959e-06 -1.28794003881247e-05 0.9999999998829361 0.3032823221956279
0.49768761778290105 -0.8673563483894622 3.7522433402866554e-06 -1.4618747466467368 0.8673563483898856 0.4976876177556095 -6.3647875817310015e-06 -1.8739448369087022 3.6530938658966385e-06 6.422208051147075e-06 0.9999999999727051 0.5623176846098686
1.0 0.0 0.0 0.0 0.0 1.0 0.0 0.0 0.0 0.0 1.0 0.0
-0.8621462694456435 -0.5066594599788647 4.116898261559984e-05 -0.7446280110106525 0.5066594598463402 -0.8621462703868944 -1.4359084757560184e-05 -0.685996156787887 4.2768850946717476e-05 8.479023138059109e-06 0.9999999990494658 0.30319260330426345
0.49767551308810526 -0.8673632930321041 3.9660999778312144e-05 -1.4623260670659053 0.8673632938985556 0.49767551298556995 -1.3114826580679825e-05 -1.873960825322495 -8.362989239632584e-06 4.092742345462769e-05 0.999999999127503 0.5625180687301281
1.0 0.0 0.0 0.0 0.0 1.0 0.0 0.0 0.0 0.0 1.0 0.0
-0.862146635335642 -0.506658838602865 2.1095677720332698e-05 -0.7443752722172063 0.5066588382913528 -0.8621466355774738 -1.853911058426368e-05 -0.6858890998910141 2.7580571809167195e-05 -5.295120245585257e-06 0.9999999996056367 0.30341507760197595
0.49767406654236634 -0.8673641230215157 3.982840493671854e-05 -1.4622334256076637 0.8673641238401674 0.4976740666451505 -7.991045608322212e-06 -1.8739788358417933 -1.2890417986755712e-05 3.852266571570598e-05 0.9999999991749207 0.5623818436112644
1.0 0.0 0.0 0.0 0.0 1.0 0.0 0.0 0.0 0.0 1.0 0.0
-0.8621374189897888 -0.50667452148302 7.5880997561037274e-06 -0.7438963152678806 0.5066745212577674 -0.8621374189128692 -2.0456520080714743e-05 -0.6860328195980507 1.6906782261274695e-05 -1.3791634612720888e-05 0.9999999997619755 0.30335412173525467
0.49768474992261713 -0.8673579938471628 1.4278877390846874e-05 -1.4620693823177549 0.8673579939044871 0.497684749626657 -1.9975860995943854e-05 -1.873886662991925 1.0219843199597133e-05 2.232657983318866e-05 0.9999999996985391 0.5626632748146506
1.0 0.0 0.0 0.0 0.0 1.0 0.0 0.0 0.0 0.0 1.0 0.0
-0.8621402070913172 -0.5066697763727624 3.204553813633713e-05 -0.7440339933277409 0.506669775667085 -0.8621402076518462 -2.784775362448404e-05 -0.6861420215382772 4.173736200457359e-05 -7.772162458172767e-06 0.999999999098793 0.3035015934246609
0.4976757083548487 -0.8673631815655645 2.404082369725605e-05 -1.4623427596476308 0.8673631818627917 0.4976757078907214 -2.2898108093374637e-05 -1.8739685019882657 7.896441935894167e-06 3.224795750201135e-05 0.9999999994488576 0.5626209923570696
1.0 0.0 0.0 0.0 0.0 1.0 0.0 0.0 0.0 0.0 1.0 0.0
-0.8621454224563404 -0.5066609024245451 2.217934412310872e-05 -0.7443557441766456 0.506660902049386 -0.8621454227173149 -2.0544673294697344e-05 -0.685901712441936 2.953100272612047e-05 -6.475089536604674e-06 0.9999999995429965 0.30319910149126733
0.4976749480711505 -0.8673636177081162 2.7178401543282355e-05 -1.4622941716842457 0.8673636181256399 0.4976749476851043 -1.9965624971257562e-05 -1.8738815183739916 3.7914471386547547e-06 3.350994806823285e-05 0.9999999994313542 0.562540486836785
1.0 0.0 0.0 0.0 0.0 1.0 0.0 0.0 0.0 0.0 1.0 0.0
-0.8621428163765155 -0.5066653374238732 4.850181485864553e-06 -0.7441098908392805 0.5066653372240973 -0.8621428162415822 -2.141556432790682e-05 -0.685935790048724 1.5032073251821454e-05 -1.6005856105825127e-05 0.9999999997589247 0.30351646766903695
0.4976766932130351 -0.8673626167289935 1.1557306408567533e-05 -1.4621507049802882 0.8673626167210757 0.49767669293367917 -2.0624364666059618e-05 -1.873886726725452 1.2137000872489005e-05 2.0288641135407747e-05 0.9999999997205322 0.5628474560120242
