1.0 0.0 0.0 0.0 0.0 1.0 0.0 0.0 0.0 0.0 1.0 0.0
-0.8621404350932416 -0.5066693884982146 3.059543909172226e-05 -0.7439357634260261 0.5066693879870673 -0.8621404356243833 -2.3199349293042426e-05 -0.6862215419579485 3.813196530651961e-05 -4.49932469358384e-06 0.9999999992628547 0.30345377393320877
0.49767740934474197 -0.8673622054927991 2.6656592337312216e-05 -1.4622618072851956 0.8673622058611686 0.49767740938576693 -5.542563604654995e-06 -1.8739190157837768 -8.458973625269275e-06 2.5879329426324724e-05 0.9999999996293533 0.5621591566382984
1.0 0.0 0.0 0.0 0.0 1.0 0.0 0.0 0.0 0.0 1.0 0.0
-0.8621417413426531 -0.506667166696388 5.1489574012233636e-06 -0.7442605436989127 0.5066671664261706 -0.8621417411414117 -2.544269095342566e-05 -0.6858911278440125 1.7330107237461056e-05 -1.932639822650007e-05 0.9999999996630788 0.3034306978825254
0.4976798740501232 -0.8673607916924956 1.422378744681472e-07 -1.4622275825390498 0.8673607914888579 0.49767987392971186 -2.1751527611904655e-05 -1.873882122054475 1.8795633282548674e-05 1.0948669077671938e-05 0.9999999997634255 0.5626364991831674
1.0 0.0 0.0 0.0 0.0 1.0 0.0 0.0 0.0 0.0 1.0 0.0
-0.8621393933649635 -0.5066711617647488 1.5628606656677994e-05 -0.7442397367402609 0.5066711615591858 -0.8621393934900021 -1.5393392652760366e-05 -0.6860510642369455 2.12734256029507e-05 -5.352685915195361e-06 0.9999999997593949 0.30333201584235997
0.49768854518515415 -0.8673558160406271 1.9286856238444873e-05 -1.4620733817378393 0.8673558162525469 0.4976885450071228 -1.3474804928266064e-05 -1.8739392561947206 2.0886030054714903e-06 2.343482299704432e-05 0.9999999997232233 0.5626362222171367
1.0 0.0 0.0 0.0 0.0 1.0 0.0 0.0 0.0 0.0 1.0 0.0
-0.8621399032569029 -0.5066702942295696 1.2549918044912512e-05 -0.743992559371238 0.5066702940151683 -0.8621399033095244 -1.685312538123491e-05 -0.6858202043403168 1.9358763125377933e-05 -8.171081220074113e-06 0.999999999779236 0.3031069806009848
0.49767579654876587 -0.8673631310300643 2.1430683253544644e-05 -1.4623560230825152 0.8673631312913159 0.4976757963246376 -1.5138064993402038e-05 -1.8738161400516624 2.464667096422497e-06 2.612203308630696e-05 0.9999999996557823 0.5623880657509674
1.0 0.0 0.0 0.0 0.0 1.0 0.0 0.0 0.0 0.0 1.0 0.0
-0.862144115568079 -0.5066631266695968 8.04510301669445e-06 -0.7442182348407225 0.5066631264201752 -0.8621441154846856 -2.14770217880188e-05 -0.686002417174226 1.7817653234978153e-05 -1.4440130907660663e-05 0.999999999737007 0.30346969466661616
0.49767442016567587 -0.867363920955192 1.1747017063913563e-05 -1.462259277360421 0.8673639209844789 0.49767441994539796 -1.7505473917039885e-05 -1.8738909235243 9.337426591483738e-06 1.8900965361820042e-05 0.9999999997777829 0.5626186026692616
1.0 0.0 0.0 0.0 0.0 1.0 0.0 0.0 0.0 0.0 1.0 0.0
-0.86214485213409 -0.506661873113934 1.6473274391861395e-05 -0.7441135993856145 0.5066618729394449 -0.862144852284323 -1.3752716750673907e-05 -0.6859405768420821 2.1170325946508078e-05 -3.5104538926282034e-06 0.9999999997697471 0.30310058424869457
0.4976719577990846 -0.8673653337414141 1.5622807483134645e-05 -1.4622959461391825 0.8673653338667731 0.4976719576024361 -1.4911120966502282e-05 -1.8739482783051535 5.158356230191939e-06 2.0971528392920133e-05 0.9999999997667931 0.5625502561935962
1.0 0.0 0.0 0.0 0.0 1.0 0.0 0.0 0.0 0.0 1.0 0.0
-0.862145341674251 -0.5066610401528449 1.4853478761774645e-05 -0.7445214669194697 0.5066610399919024 -0.8621453417928489 -1.3387109972652416e-05 -0.6859641778610808 1.9588584587268688e-05 -4.015955504463315e-06 0.9999999998000797 0.3030937907642859
0.49767529065638566 -0.8673634215558755 4.118994820844472e-06 -1.4624544062827105 0.8673634215213146 0.49767529057731374 -1.2474947144709441e-05 -1.873946255690445 8.770390894815264e-06 9.781138387201426e-06 0.9999999999137047 0.5624878259988173
1.0 0.0 0.0 0.0 0.0 1.0 0.0 0.0 0.0 0.0 1.0 0.0
-0.8621397269406553 -0.5066705942175568 1.3635274603758336e-05 -0.7442829875159234 0.5066705938996677 -0.8621397269725535 -2.128494688774209e-05 -0.68598153603795 2.2539968611580966e-05 -1.1442005616276729e-05 0.9999999996805152 0.3033720801562948
0.4976900837326686 -0.8673549330530471 2.5743193307521277e-05 -1.4619672254915128 0.8673549334322171 0.49769008343559185 -1.7339743116205236e-05 -1.8739509654512574 2.227579704591465e-06 3.0958303920989955e-05 0.9999999995183104 0.5625190874342046
1.0 0.0 0.0 0.0 0.0 1.0 0.0 0.0 0.0 0.0 1.0 0.0
-0.8621404356467699 -0.5066693884082482 8.532827506509602e-06 -0.7442493631762019 0.5066693879590104 -0.8621404354016288 -3.083394827111554e-05 -0.6857258523040599 2.2979113334407883e-05 -2.2259871104882524e-05 0.9999999994882292 0.30342955756816137
0.4976823768398968 -0.8673593553702896 2.084768229799534e-05 -1.4622642132214707 0.8673593555095416 0.49768237624723416 -2.7981760997742132e-05 -1.8739300509545345 1.3894718115810217e-05 3.200846160338079e-05 0.9999999993911974 0.5625510302202092
1.0 0.0 0.0 0.0 0.0 1.0 0.0 0.0 0.0 0.0 1.0 0.0
-0.8621443491697256 -0.5066627283904882 2.9233832577083356e-05 -0.7443202970419649 0.5066627278882503 -0.8621443496500654 -2.3136618164731443e-05 -0.6860589113063362 3.692624566001912e-05 -5.135411249486795e-06 0.9999999993050399 0.30336014213391693
0.49767317803258515 -0.8673646332441168 2.9398038484006684e-05 -1.4623624507959665 0.86736463374176 0.4976731777079603 -1.8002301892016676e-05 -1.8738061420365106 9.839447473993121e-07 3.4458081676908544e-05 0.9999999994058362 0.562480372748559
1.0 0.0 0.0 0.0 0.0 1.0 0.0 0.0 0.0 0.0 1.0 0.0
-0.8621416732848624 -0.506667279975443 5.0871042628485887e-05 -0.744204616111352 0.5066672792348127 -0.8621416747831685 -2.7474782560322605e-05 -0.6860968265365912 5.7778619237451776e-05 2.0875377507176295e-06 0.999999998328637 0.3034146421648566
0.49768258778800123 -0.8673592329565121 5.3082297217959294e-05 -1.4621582635448749 0.8673592345223794 0.49768258753292743 -1.8848947845429118e-05 -1.8739090126975526 -1.0069326086377121e-05 5.542221382244924e-05 0.9999999984134936 0.5624469490229168
1.0 0.0 0.0 0.0 0.0 1.0 0.0 0.0 0.0 0.0 1.0 0.0
-0.8621451716319298 -0.5066613297138521 2.083594324249875e-06 -0.7443677851351023 0.5066613294950922 -0.8621451713671279 -2.6126820614149485e-05 -0.6858551820047474 1.503381045930164e-05 -2.1469435572131203e-05 0.999999999656524 0.3037111665515444
0.497677594818107 -0.8673620992594713 1.9602755759535736e-05 -1.4621404360905075 0.8673620994520778 0.49767759448989635 -1.9412239703256125e-05 -1.8738024992834106 7.081588648568517e-06 2.666372415618089e-05 0.9999999996194484 0.5627462783659034
1.0 0.0 0.0 0.0 0.0 1.0 0.0 0.0 0.0 0.0 1.0 0.0
-0.8621440318618496 -0.5066632685119457 2.580284419101505e-05 -0.7443261493353082 0.5066632681177681 -0.862144032235649 -2.0510463284132162e-05 -0.6860449438381231 3.2637666500219774e-05 -4.609620146583432e-06 0.9999999994567672 0.30320167183209507
0.49767660983417095 -0.8673626641995664 2.7867460901555504e-05 -1.4621982342455564 0.8673626646471649 0.4976766095636417 -1.6413643158351528e-05 -1.8740060193106842 3.675978004115071e-07 3.2339881426605365e-05 0.9999999994769985 0.5623841884764659
1.0 0.0 0.0 0.0 0.0 1.0 0.0 0.0 0.0 0.0 1.0 0.0
-0.8621406873830715 -0.5066689595403927 2.443155513479795e-05 -0.7444085615860296 0.5066689595265892 -0.8621406877072154 -7.209285966565211e-06 -0.6861169981523396 2.471615916537738e-05 6.163291861006943e-06 0.9999999996755624 0.30297163272108635
0.4976897732465474 -0.8673551110354465 3.108839873847862e-05 -1.4620748824989642 0.8673551115455604 0.4976897732731327 -7.424623682093798e-06 -1.8740380684765618 -9.032592821397077e-06 3.065984083237104e-05 0.9999999994891932 0.5623746275144527
1.0 0.0 0.0 0.0 0.0 1.0 0.0 0.0 0.0 0.0 1.0 0.0
-0.8621416198444118 -0.506667372978766 2.215513540990478e-05 -0.7440907248960036 0.5066673723400199 -0.8621416200205844 -2.8884965832814496e-05 -0.6863922129584736 3.373593409116253e-05 -1.3677646990282694e-05 0.9999999993374044 0.3038758440903875
0.49767963859308467 -0.8673609267240575 1.105633556925874e-05 -1.4621114121922698 0.8673609267315415 0.4976796383628933 -1.839517961743068e-05 -1.8739578745536107 1.0452746952508897e-05 1.8744739809456926e-05 0.9999999997696876 0.5628190042206668
1.0 0.0 0.0 0.0 0.0 1.0 0.0 0.0 0.0 0.0 1.0 0.0
-0.8621426580133046 -0.506665606850938 8.253723664426997e-06 -0.7440216226916109 0.5066656067493087 -0.8621426580321563 -1.1772926630953794e-05 -0.6863237566337759 1.3080824274602624e-05 -5.968064349826616e-06 0.9999999998966372 0.30319135558780136
0.49767194373212936 -0.8673653419334415 -5.879492110326948e-06 -1.4623778839755583 0.8673653419255567 0.4976719437590211 -4.634602876504378e-06 -1.8739037690096332 6.945952175568001e-06 -2.7931558626473754e-06 0.9999999999719759 0.5622981481583221
1.0 0.0 0.0 0.0 0.0 1.0 0.0 0.0 0.0 0.0 1.0 0.0
-0.8621422041292892 -0.5066663785974247 2.5652728701485662e-05 -0.7442695615023941 0.5066663779667714 -0.8621422044451085 -2.7432875311983073e-05 -0.685865663228082 3.6015615661564765e-05 -1.0653664450931919e-05 0.9999999992946874 0.3035442593229993
0.4976788746821859 -0.8673613648534267 2.1323066137367412e-05 -1.462324511393772 0.8673613651042518 0.49767887439996844 -1.7334053349759872e-05 -1.8738498562295263 4.422848617886735e-06 2.7121595917906953e-05 0.9999999996224287 0.5625542772203381
1.0 0.0 0.0 0.0 0.0 1.0 0.0 0.0 0.0 0.0 1.0 0.0
-0.8621498360003315 -0.5066533881063005 6.786020462843346e-05 -0.7449163478598271 0.5066533886192961 -0.8621498383033979 -1.0677502929936383e-05 -0.6858630043158698 6.391545748360508e-05 2.5175995227457617e-05 0.9999999976404916 0.3029548060207583
0.4976740191152012 -0.8673641496797193 5.0478706375731515e-05 -1.4624834918098464 0.8673641508747001 0.4976740195777969 -3.832745266994571e-06 -1.8739902392167807 -2.1797554865654157e-05 4.5690878034110044e-05 0.9999999987186049 0.5621451722980059
1.0 0.0 0.0 0.0 0.0 1.0 0.0 0.0 0.0 0.0 1.0 0.0
-0.8621404709289874 -0.506669328346389 9.968095224048532e-06 -0.7439924575277667 0.5066693280628732 -0.8621404708763969 -2.184811271110193e-05 -0.6861270406169453 1.9663666903172424e-05 -1.3785614072425751e-05 0.9999999997116485 0.3031995808083421
0.497683233010856 -0.8673588639783496 2.565245657007485e-05 -1.4620253952949949 0.8673588643489893 0.49768323265572856 -1.919830532894182e-05 -1.8740189859787755 3.88502278906515e-06 3.180456026282229e-05 0.9999999994866883 0.5624314906902947
1.0 0.0 0.0 0.0 0.0 1.0 0.0 0.0 0.0 0.0 1.0 0.0
-0.8621328331862842 -0.5066823244469273 5.937032501360735e-06 -0.7436575511185028 0.506682324278469 -0.8621328331131632 -1.8221909197220946e-05 -0.686151323957489 1.4351229958595303e-05 -1.2701516775158104e-05 0.9999999998163568 0.30347289200724986
0.497690161580045 -0.8673548884094264 2.48736870216134e-05 -1.4619239175005505 0.8673548887537208 0.4976901612151731 -1.9612102063991486e-05 -1.8739520472273448 4.631263293389642e-06 3.133506428467839e-05 0.9999999994983326 0.5627537729862673
