1.0 0.0 0.0 0.0 0.0 1.0 0.0 0.0 0.0 0.0 1.0 0.0
-0.8621466202963399 -0.5066588637153953 3.0499562707801217e-05 -0.7446078096006408 0.5066588635561159 -0.8621466208266527 -1.3311992970548546e-05 -0.6857738372149846 3.303973415746535e-05 3.975984031525642e-06 0.9999999994462838 0.3030422389129077
0.49767352552832755 -0.8673644338815206 2.8733150919156655e-05 -1.462473096544406 0.8673644343509965 0.4976735253792593 -1.2631478501238368e-05 -1.8738400966858784 -3.3436333138779184e-06 3.120846563246496e-05 0.9999999995074259 0.5623800034799827
1.0 0.0 0.0 0.0 0.0 1.0 0.0 0.0 0.0 0.0 1.0 0.0
-0.8621423044520126 -0.5066662085375238 6.194590526546121e-07 -0.7440756154521653 0.5066662084611939 -0.8621423043421153 -1.6346979477514713e-05 -0.6861421396056926 8.816523968014157e-06 -1.3779563588068334e-05 0.999999999866196 0.303442538641199
0.4976826598162824 -0.8673591930958742 1.6439704155377954e-05 -1.461940911603247 0.8673591932487829 0.4976826597741456 -6.852202490590169e-06 -1.8739702554784685 -2.2384348667839896e-06 1.7669350894577185e-05 0.9999999998413919 0.5624480392448905
1.0 0.0 0.0 0.0 0.0 1.0 0.0 0.0 0.0 0.0 1.0 0.0
-0.8621447143739074 -0.5066621062833968 3.9161269235206205e-05 -0.7444614509410972 0.5066621059311928 -0.8621447152569801 -1.9178889873900683e-05 -0.6861012255128074 4.3479898053582374e-05 3.3065526093047143e-06 0.9999999990492824 0.3031425587949411
0.49767747715047844 -0.867362165529409 5.0450659496244195e-05 -1.4624374948134173 0.8673621667430617 0.49767747756962577 -4.7661414474649585e-06 -1.8739211561209146 -2.0974186192720055e-05 4.613099458559683e-05 0.9999999987160075 0.5619634855552083
1.0 0.0 0.0 0.0 0.0 1.0 0.0 0.0 0.0 0.0 1.0 0.0
-0.8621432279352325 -0.5066646369404392 -1.4121999942688619e-05 -0.7443216499669245 0.5066646371358358 -0.8621432276637251 -2.1669953919883763e-05 -0.6859505100563759 -1.1957872763205993e-06 -2.5837721998289707e-05 0.9999999996654911 0.30384253301852593
0.49767532211861926 -0.867363403051509 -2.830256979376603e-05 -1.4623815128881559 0.8673634031445033 0.4976753225935933 -1.2920889909473308e-05 -1.873767444740981 2.529259759467727e-05 -1.8118205206303937e-05 0.9999999995160074 0.5628871094729754
1.0 0.0 0.0 0.0 0.0 1.0 0.0 0.0 0.0 0.0 1.0 0.0
-0.8621397966244343 -0.50667047567352 1.2535831314389996e-05 -0.7441881263186905 0.5066704753481337 -0.8621397966204909 -2.221875591256957e-05 -0.6860117120305524 2.2065226686956525e-05 -1.2804138092763122e-05 0.9999999996745899 0.30357024631566787
0.49768509490812224 -0.8673577960139603 -3.1398389011024593e-07 -1.4621581395345158 0.8673577957940286 0.49768509479001516 -2.2342304819207934e-05 -1.8739793637545539 1.9535037367972196e-05 1.0847095719570206e-05 0.9999999997503614 0.5630595473778862
1.0 0.0 0.0 0.0 0.0 1.0 0.0 0.0 0.0 0.0 1.0 0.0
-0.8621423042250901 -0.5066662089083545 -3.985915669179855e-06 -0.7443116533878782 0.5066662088951132 -0.8621423040651481 -1.7466854367413797e-05 -0.6858212815706963 5.413438365057804e-06 -1.7078442852963737e-05 0.9999999998395108 0.30351737304271
0.4976819588383839 -0.8673595954656076 7.252153727624417e-07 -1.462151219254486 0.867359595416296 0.4976819588007984 -1.111206863047203e-05 -1.873859343404213 9.277232744843829e-06 6.159298595072951e-06 0.9999999999379979 0.5626451849293794
1.0 0.0 0.0 0.0 0.0 1.0 0.0 0.0 0.0 0.0 1.0 0.0
-0.8621429180079728 -0.5066651644153014 9.834367630214009e-06 -0.7441975253677979 0.5066651640793158 -0.8621429179124506 -2.453336492189422e-05 -0.6860254550964164 2.090883177634258e-05 -1.616853533333914e-05 0.9999999996506997 0.3034980948441617
0.49768061115086576 -0.8673603685568475 1.8477848623889008e-05 -1.462065906239789 0.8673603686939895 0.497680610753778 -2.2333265491052243e-05 -1.873962399864638 1.0174922398847986e-05 2.714178681366699e-05 0.9999999995798973 0.5627739454261244
1.0 0.0 0.0 0.0 0.0 1.0 0.0 0.0 0.0 0.0 1.0 0.0
-0.8621421830420756 -0.5066664151192265 -3.1105238446720196e-06 -0.7441008658742985 0.5066664150976656 -0.8621421829048628 -1.6374290181574468e-05 -0.6862280652841086 5.614589088999991e-06 -1.569296424836382e-05 0.9999999998611036 0.30333810549042983
0.4976759318579927 -0.8673630536529153 2.677461102539945e-06 -1.4621788779792513 0.8673630535753218 0.4976759317663531 -1.5263877596634367e-05 -1.873994665914708 1.1906815533827087e-05 9.918795344397129e-06 0.9999999998799225 0.5625519411981651
1.0 0.0 0.0 0.0 0.0 1.0 0.0 0.0 0.0 0.0 1.0 0.0
-0.8621369757848907 -0.5066752756414831 6.173355112582366e-06 -0.7438374366026311 0.5066752755098173 -0.8621369757478154 -1.534475299113341e-05 -0.6860294012235819 1.3097084658411742e-05 -1.0101392535452678e-05 0.9999999998632141 0.30321614831063315
0.4976865044626699 -0.8673569871246746 1.2717527928119581e-05 -1.4620280655713163 0.8673569872163488 0.49768650438046313 -9.194206208303983e-06 -1.8739033450326872 1.6453169769304588e-06 1.5606469057697132e-05 0.9999999998768657 0.562386240508626
1.0 0.0 0.0 0.0 0.0 1.0 0.0 0.0 0.0 0.0 1.0 0.0
-0.8621457002140389 -0.5066604302508876 4.519984098179568e-06 -0.7441954048784201 0.5066604299128354 -0.8621456999056515 -2.9912134244746525e-05 -0.685968301687133 1.9052179660053453e-05 -2.3498520836951134e-05 0.9999999995424171 0.3034295179458506
0.4976715228493673 -0.8673655834118997 7.571440768229334e-06 -1.4622159506358892 0.867365583239582 0.4976715225226173 -2.6105180702495375e-05 -1.8738857010370076 1.8874644835278045e-05 1.9559012172366786e-05 0.9999999996305964 0.5625581708513441
1.0 0.0 0.0 0.0 0.0 1.0 0.0 0.0 0.0 0.0 1.0 0.0
-0.8621414449870638 -0.5066676709986189 6.73506729800528e-07 -0.7442421833429069 0.5066676708150659 -0.8621414447090328 -2.580423770757278e-05 -0.6859963492360528 1.3654831086239423e-05 -2.1905658697929773e-05 0.9999999996668438 0.30361273517059784
0.49768513553592325 -0.8673577726069407 1.2841987074174861e-05 -1.462028087946653 0.8673577726061608 0.4976851352062663 -2.2235080409005202e-05 -1.8738917848362746 1.2894503743962207e-05 2.2204666311499773e-05 0.9999999996703423 0.5628344905765279
1.0 0.0 0.0 0.0 0.0 1.0 0.0 0.0 0.0 0.0 1.0 0.0
-0.8621410021982039 -0.5066684244217184 -4.763426832605465e-06 -0.744036173565698 0.5066684243687793 -0.8621410018698019 -2.534941630894194e-05 -0.6861120801563807 8.737003239465202e-06 -2.4268249149603687e-05 0.9999999996673584 0.3034252542746081
0.4976759434032281 -0.8673630469906396 -8.533518833607482e-06 -1.4623104066111545 0.867363046619538 0.4976759434457645 -2.5966161686732184e-05 -1.8740631565311965 2.6769016155684586e-05 5.521075120099739e-06 0.9999999996264687 0.562760250641728
1.0 0.0 0.0 0.0 0.0 1.0 0.0 0.0 0.0 0.0 1.0 0.0
-0.8621442455046804 -0.50666290545266 1.3469754178922478e-05 -0.7444504214474901 0.506662905394885 -0.8621442456098739 -7.654788753782752e-06 -0.6860323567010447 1.5491268565756908e-05 2.2509271262188712e-07 0.9999999998799848 0.30293588948235317
0.4976747461369403 -0.8673637339484471 9.409491013171454e-06 -1.4624756717325929 0.8673637339988002 0.49767474609361795 -6.656653251338503e-06 -1.873982524110989 1.0908735688257305e-06 1.1474299477200658e-05 0.9999999999335752 0.5622675274374705
1.0 0.0 0.0 0.0 0.0 1.0 0.0 0.0 0.0 0.0 1.0 0.0
-0.8621433523614551 -0.5066644247670672 2.5581403783933872e-05 -0.7444962142386484 0.506664424520048 -0.8621433527407016 -1.5836364921967734e-05 -0.6857353492495868 3.0078559949684604e-05 -6.920295164426046e-07 0.9999999995474005 0.3031793266523016
0.4976840193769824 -0.8673584122712916 3.897429461136925e-05 -1.4621219206339782 0.8673584130585756 0.4976840194652357 -8.089209912725541e-06 -1.8739112282907868 -1.238063933157535e-05 3.783055282714775e-05 0.9999999992077847 0.5622591335708647
1.0 0.0 0.0 0.0 0.0 1.0 0.0 0.0 0.0 0.0 1.0 0.0
-0.8621462375121393 -0.5066595159862525 2.058800404533572e-06 -0.7443940739288617 0.5066595157181432 -0.8621462371749021 -2.9281631833558726e-05 -0.6859528168991993 1.6610804433939805e-05 -2.4201937897596875e-05 0.9999999995691737 0.30379942284647543
0.497670542564376 -0.8673661459015943 -2.7372629224705996e-06 -1.4623879247258569 0.8673661456987612 0.4976705425120119 -2.0284832813730363e-05 -1.8739168018560548 1.8956632381524102e-05 7.72095456141396e-06 0.9999999997905165 0.562780620034389
1.0 0.0 0.0 0.0 0.0 1.0 0.0 0.0 0.0 0.0 1.0 0.0
-0.8621442222447512 -0.5066629452091496 -1.4081670383204425e-06 -0.7442685936201614 0.5066629451303937 -0.8621442220544712 -2.0245616832978236e-05 -0.6859343910574474 9.043660776399426e-06 -1.8168107637205328e-05 0.9999999997940661 0.3033608810695577
0.49767418839700817 -0.8673640540177777 -1.1067569313467898e-06 -1.462336090748022 0.8673640538906989 0.49767418834518606 -1.6530348900356275e-05 -1.8740270556514425 1.4888634794045695e-05 7.266766794260245e-06 0.9999999998627613 0.562588094584069
1.0 0.0 0.0 0.0 0.0 1.0 0.0 0.0 0.0 0.0 1.0 0.0
-0.8621525806858464 -0.5066487217318737 1.9600836951202322e-05 -0.7446948184744732 0.5066487214357422 -0.8621525808889725 -1.8275969852421186e-05 -0.6861001223403562 2.6158408929204103e-05 -5.825935592404102e-06 0.9999999996408979 0.303309887350357
0.4976726444603751 -0.8673649385013839 4.9135613524866886e-05 -1.4620704638967437 0.8673649396718766 0.49767264481442036 -5.605615587632775e-06 -1.8741001777438981 -1.95913363180682e-05 4.540826999405796e-05 0.9999999987771342 0.5623066257901155
1.0 0.0 0.0 0.0 0.0 1.0 0.0 0.0 0.0 0.0 1.0 0.0
-0.8621409951620291 -0.5066684363273717 9.518507607213959e-06 -0.7443317176514044 0.5066684360544722 -0.862140995103847 -2.1620896102043358e-05 -0.6858872600243124 1.9160921240405788e-05 -1.3817533518791342e-05 0.9999999997209673 0.30323497168370783
0.4976777069641453 -0.8673620349237933 1.9072674211864912e-05 -1.4624108329092753 0.8673620351115737 0.49767770667492695 -1.8052588285495414e-05 -1.873953816387644 6.166084949029979e-06 2.552728426211313e-05 0.9999999996551685 0.5623690814819222
1.0 0.0 0.0 0.0 0.0 1.0 0.0 0.0 0.0 0.0 1.0 0.0
-0.8621409359132244 -0.5066685357281155 3.906145352589701e-05 -0.7439826609387538 0.5066685348613823 -0.8621409367748251 -3.03058891013682e-05 -0.6861636417850079 4.903151858953225e-05 -6.336738166014412e-06 0.9999999987778782 0.3036285439978259
0.49767756710535077 -0.8673621148006088 3.176026639269029e-05 -1.4621501569235646 0.867362115373896 0.49767756660781143 -2.25709463335054e-05 -1.8738762381670853 3.770811651748334e-06 3.8780705501727295e-05 0.999999999240919 0.5626697422829203
1.0 0.0 0.0 0.0 0.0 1.0 0.0 0.0 0.0 0.0 1.0 0.0
-0.8621444257466837 -0.5066625988385641 9.595498406167202e-06 -0.744369256873374 0.50666259853397 -0.8621444256674172 -2.3181990554081444e-05 -0.6859545795377926 2.0018153042757992e-05 -1.5124543777217256e-05 0.9999999996852609 0.3035153257998875
0.49767890179873514 -0.8673613491141955 2.7698507869237027e-05 -1.462226257672445 0.8673613495551713 0.497678901599283 -1.4169060213394112e-05 -1.874072263786438 -1.4952677899348796e-06 3.1076257492650003e-05 0.9999999995160154 0.562464327063686
