1.0 0.0 0.0 0.0 0.0 1.0 0.0 0.0 0.0 0.0 1.0 0.0
-0.8621505437039451 -0.506652188380739 0.0 -0.7427240353069199 0.506652188380739 -0.8621505437039451 0.0 -0.6852302482685976 0.0 0.0 1.0 0.3032692245104683
0.49771765457414613 -0.8673391126458041 0.0 -1.4670284497382833 0.8673391126458041 0.49771765457414613 0.0 -1.8739574002580526 0.0 0.0 1.0 0.5663266177777749
1.0 0.0 0.0 0.0 0.0 1.0 0.0 0.0 0.0 0.0 1.0 0.0
-0.8621498656155583 -0.5066533422559006 0.0 -0.7438682403033623 0.5066533422559006 -0.8621498656155583 0.0 -0.6846961662996258 0.0 0.0 1.0 0.305403534055936
0.4977034071218534 -0.8673472883103391 0.0 -1.4689863373065772 0.8673472883103391 0.4977034071218534 0.0 -1.87386111686303 0.0 0.0 1.0 0.5681398797703219
1.0 0.0 0.0 0.0 0.0 1.0 0.0 0.0 0.0 0.0 1.0 0.0
-0.8621409056599983 -0.5066685887123435 0.0 -0.7439683257346615 0.5066685887123435 -0.8621409056599983 0.0 -0.6841329781382001 0.0 0.0 0.9999999999999999 0.3062840416195006
0.49766578633281533 -0.8673688748818121 0.0 -1.4718266019350836 0.8673688748818121 0.49766578633281533 0.0 -1.8732963409566161 0.0 0.0 1.0 0.5705054314063174
1.0 0.0 0.0 0.0 0.0 1.0 0.0 0.0 0.0 0.0 1.0 0.0
-0.862146693922359 -0.5066587393490279 0.0 -0.7441045028625969 0.5066587393490279 -0.862146693922359 0.0 -0.6845312026151011 0.0 0.0 1.0 0.30591627993688447
0.49768430760879684 -0.8673582477615305 0.0 -1.469751882157177 0.8673582477615305 0.49768430760879684 0.0 -1.8737550930101834 0.0 0.0 1.0 0.5686378409120191
1.0 0.0 0.0 0.0 0.0 1.0 0.0 0.0 0.0 0.0 1.0 0.0
-0.8621436539212745 -0.5066639122764456 0.0 -0.7442864419427001 0.5066639122764456 -0.8621436539212745 0.0 -0.6830309814258996 0.0 0.0 1.0 0.30769515290841526
0.497660334553314 -0.8673720028985739 0.0 -1.4720386252690025 0.8673720028985739 0.497660334553314 0.0 -1.8725116744308261 0.0 0.0 1.0 0.5684761293087495
1.0 0.0 0.0 0.0 0.0 1.0 0.0 0.0 0.0 0.0 1.0 0.0
-0.8621416607035054 -0.5066673039376054 0.0 -0.7434152772799415 0.5066673039376054 -0.8621416607035054 0.0 -0.6845248572497744 0.0 0.0 1.0 0.30541830335188713
0.4976704509188436 -0.8673661984895623 0.0 -1.4700257419870923 0.8673661984895623 0.4976704509188436 0.0 -1.874044197796624 0.0 0.0 1.0 0.5686803070490094
1.0 0.0 0.0 0.0 0.0 1.0 0.0 0.0 0.0 0.0 1.0 0.0
-0.862151675600713 -0.5066502622706149 0.0 -0.7436174113794715 0.5066502622706149 -0.862151675600713 0.0 -0.6834916977426878 0.0 0.0 1.0 0.30610732585935696
0.49767172273201565 -0.8673654687575173 0.0 -1.4712085038929548 0.8673654687575173 0.49767172273201565 0.0 -1.872410746615166 0.0 0.0 1.0 0.5682901087984386
1.0 0.0 0.0 0.0 0.0 1.0 0.0 0.0 0.0 0.0 1.0 0.0
-0.8621495664183655 -0.5066538513863528 0.0 -0.7436483640092918 0.5066538513863528 -0.8621495664183655 0.0 -0.6842173781657944 0.0 0.0 1.0 0.3055933079582522
0.4976738004982826 -0.8673642765860233 0.0 -1.470507406690977 0.8673642765860233 0.4976738004982826 0.0 -1.873333553132029 0.0 0.0 1.0 0.5685934439549145
1.0 0.0 0.0 0.0 0.0 1.0 0.0 0.0 0.0 0.0 1.0 0.0
-0.8621579122190061 -0.5066396494533019 0.0 -0.7437056989974883 0.5066396494533019 -0.8621579122190061 0.0 -0.683137846892133 0.0 0.0 0.9999999999999999 0.30637837051722416
0.49767683653877165 -0.8673625345683088 0.0 -1.4703129612456625 0.8673625345683088 0.49767683653877165 0.0 -1.8721627763660564 0.0 0.0 1.0 0.5659698305208103
1.0 0.0 0.0 0.0 0.0 1.0 0.0 0.0 0.0 0.0 1.0 0.0
-0.8621369563136613 -0.5066753088105006 0.0 -0.7429953731593903 0.5066753088105006 -0.8621369563136613 0.0 -0.6843198287115398 0.0 0.0 0.9999999999999999 0.3051133888827193
0.4976600399461656 -0.867372171931277 0.0 -1.4713468591221117 0.867372171931277 0.4976600399461656 0.0 -1.8736439269667111 0.0 0.0 1.0 0.5694112683813094
1.0 0.0 0.0 0.0 0.0 1.0 0.0 0.0 0.0 0.0 1.0 0.0
-0.8621504983299627 -0.5066522655918919 0.0 -0.7440377156238535 0.5066522655918919 -0.8621504983299627 0.0 -0.684714282967237 0.0 0.0 1.0 0.30552013671810035
0.49768239616269844 -0.8673593445335992 0.0 -1.46999745153717 0.8673593445335992 0.49768239616269844 0.0 -1.8736496366974138 0.0 0.0 1.0 0.5692252108405681
1.0 0.0 0.0 0.0 0.0 1.0 0.0 0.0 0.0 0.0 1.0 0.0
-0.8621550517711546 -0.5066445170980121 0.0 -0.7435766776990937 0.5066445170980121 -0.8621550517711546 0.0 -0.6832556599238571 0.0 0.0 0.9999999999999999 0.30626370527770114
0.4976780909300275 -0.8673618148202301 0.0 -1.4700253375583967 0.8673618148202301 0.4976780909300275 0.0 -1.8723071165388656 0.0 0.0 1.0 0.5661358505531067
1.0 0.0 0.0 0.0 0.0 1.0 0.0 0.0 0.0 0.0 1.0 0.0
-0.8621404810366962 -0.5066693112453272 0.0 -0.7432360054995116 0.5066693112453272 -0.8621404810366962 0.0 -0.6841755408996796 0.0 0.0 1.0 0.3055738821089933
0.4976783036054741 -0.867361692790486 0.0 -1.4702310104475242 0.867361692790486 0.4976783036054741 0.0 -1.8737502629804772 0.0 0.0 1.0 0.5682189707647666
1.0 0.0 0.0 0.0 0.0 1.0 0.0 0.0 0.0 0.0 1.0 0.0
-0.862143372562594 -0.5066643910384825 0.0 -0.7440670503723921 0.5066643910384825 -0.862143372562594 0.0 -0.6845187879425118 0.0 0.0 1.0 0.30609154313911285
0.4976978726197188 -0.8673504641088319 0.0 -1.470315499385229 0.8673504641088319 0.4976978726197188 0.0 -1.8738713311829491 0.0 0.0 1.0 0.5695530009106287
1.0 0.0 0.0 0.0 0.0 1.0 0.0 0.0 0.0 0.0 1.0 0.0
-0.8621558260091179 -0.5066431995779037 0.0 -0.7436341832064667 0.5066431995779037 -0.8621558260091179 0.0 -0.683358868913271 0.0 0.0 1.0 0.3061826094513279
0.4976682836028103 -0.8673674420312494 0.0 -1.4704263371156245 0.8673674420312494 0.4976682836028103 0.0 -1.8725861240856387 0.0 0.0 1.0 0.5670270198595125
