1.0 0.0 0.0 0.0 0.0 1.0 0.0 0.0 0.0 0.0 1.0 0.0
-0.8621453691955523 -0.5066609929542194 2.435796113787387e-05 -0.744382123168107 0.5066609929190118 -0.8621453695227341 -8.051749462337707e-06 -0.6857096305548929 2.5079610783636597e-05 5.399450262719476e-06 0.9999999996709297 0.3028061439760943
0.49767466341479766 -0.8673637806101725 3.8478528460185476e-05 -1.4623472003328424 0.8673637813022502 0.4976746636883421 -2.7851133213766927e-06 -1.873831741779746 -1.673408229078543e-05 3.476096227895929e-05 0.999999999255823 0.5620508793827584
1.0 0.0 0.0 0.0 0.0 1.0 0.0 0.0 0.0 0.0 1.0 0.0
-0.8621319439830238 -0.5066838374418533 6.265032475536524e-06 -0.7433982323226704 0.5066838371398099 -0.8621319437907716 -2.6015870782010525e-05 -0.6863150008658714 1.858310586824268e-05 -1.9254722557165775e-05 0.999999999641962 0.30372310945177106
0.4976947015219074 -0.8673522834026699 2.3520050882234385e-05 -1.46164282454358 0.8673522836110461 0.4976947008426077 -2.9459981082210684e-05 -1.873995055000588 1.3846377172999184e-05 3.506224633490434e-05 0.9999999992894583 0.5632165238462961
1.0 0.0 0.0 0.0 0.0 1.0 0.0 0.0 0.0 0.0 1.0 0.0
-0.8621451661870193 -0.5066613389756928 2.7774306375189914e-06 -0.7444346507323123 0.506661338588074 -0.8621451657180571 -3.4772485217667225e-05 -0.6860665281699525 2.001242231715311e-05 -2.857171332207826e-05 0.99999999939158 0.3040367235452025
0.4976780931320801 -0.8673618134120955 1.5839729454633743e-05 -1.46234841603935 0.8673618135169101 0.49767809285126074 -1.867051737550966e-05 -1.8739930198342236 8.31100746190023e-06 2.3030683950625127e-05 0.9999999997002575 0.562683493498735
1.0 0.0 0.0 0.0 0.0 1.0 0.0 0.0 0.0 0.0 1.0 0.0
-0.862131983828538 -0.5066837696749148 2.808664705665286e-06 -0.7434430946615348 0.5066837695982748 -0.8621319837728337 -1.3475940913622383e-05 -0.6862555027814992 9.249480216477397e-06 -1.0194934853215198e-05 0.9999999999052555 0.3029988523499316
0.4976900137228377 -0.8673549734708899 1.5358172806893636e-05 -1.4619227413269797 0.867354973604785 0.49769001360486276 -1.1001564837869036e-05 -1.874033050616628 1.8986527448838647e-06 1.8796356524673507e-05 0.999999999821546 0.5622106230592134
1.0 0.0 0.0 0.0 0.0 1.0 0.0 0.0 0.0 0.0 1.0 0.0
-0.8621440186501388 -0.5066632914093299 1.562219672323073e-05 -0.7441785844159736 0.506663291201438 -0.8621440187744405 -1.5504331691959356e-05 -0.6858951659844124 2.132405919120442e-05 -5.451773223802583e-06 0.9999999997577813 0.3032703248298297
0.497674160800082 -0.8673640694876088 2.5175953746675795e-05 -1.462376369617718 0.8673640698304566 0.49767416078671184 -7.237998635532858e-06 -1.8738845298768112 -6.251441701423357e-06 2.5438882600391544e-05 0.9999999996568915 0.5624187451095408
1.0 0.0 0.0 0.0 0.0 1.0 0.0 0.0 0.0 0.0 1.0 0.0
-0.8621424357527581 -0.5066659813514807 6.176926263861364e-05 -0.7445445740135872 0.506665980937891 -0.8621424378929797 -2.3327957721977094e-05 -0.6862892029138692 6.507338527024243e-05 1.1184361755042217e-05 0.9999999978201822 0.3034175680256377
0.49768158154421915 -0.8673598112868116 3.400221983610104e-05 -1.462401085573347 0.8673598119527228 0.4976815812062617 -1.836767692695339e-05 -1.8739786503395663 -9.908937394135547e-07 3.8633413505320867e-05 0.9999999992532388 0.562697088445512
1.0 0.0 0.0 0.0 0.0 1.0 0.0 0.0 0.0 0.0 1.0 0.0
-0.8621382072633107 -0.5066731800947991 1.2224073850701782e-05 -0.7440869225359519 0.5066731797946875 -0.8621382072649009 -2.123213794448564e-05 -0.686000351041173 2.1296595967661794e-05 -1.2111426975846404e-05 0.9999999996998842 0.3033598596257292
0.497687763531641 -0.8673562639486342 3.768209421726255e-05 -1.4619778948771232 0.8673562647594667 0.4976877632407486 -1.7404782070281394e-05 -1.8740140646104706 -3.657770433897845e-06 4.134594755191384e-05 0.9999999991385665 0.5625144985419387
1.0 0.0 0.0 0.0 0.0 1.0 0.0 0.0 0.0 0.0 1.0 0.0
-0.8621421360264987 -0.5066664949643706 1.2968667003406443e-05 -0.7440621001700825 0.5066664945272137 -0.8621421359667091 -2.6725768926274695e-05 -0.6858644617843588 2.4721885938058096e-05 -1.6470622459744003e-05 0.9999999995587735 0.3038704195447679
0.49767573201926024 -0.8673631683205102 3.1874104538340834e-07 -1.4623269196710889 0.8673631681826491 0.4976757319335372 -1.80159822764419e-05 -1.8738322191885395 1.5467769784645393e-05 9.242581410425386e-06 0.9999999998376616 0.5629372961929097
1.0 0.0 0.0 0.0 0.0 1.0 0.0 0.0 0.0 0.0 1.0 0.0
-0.8621452475525906 -0.5066612005155602 -3.822826851886134e-06 -0.7445226033535259 0.5066612004816302 -0.8621452473415346 -2.0320389417728063e-05 -0.6856476385584855 6.999720895564237e-06 -1.9456005206922704e-05 0.9999999997862338 0.30352594917954695
0.497677061186702 -0.8673624056652112 -2.6880344185599308e-06 -1.4624440030050692 0.8673624055683548 0.49767706117364746 -1.3719970379784319e-05 -1.8739628853099646 1.3237959584028564e-05 4.496614538645356e-06 0.9999999999022686 0.5627629614854214
1.0 0.0 0.0 0.0 0.0 1.0 0.0 0.0 0.0 0.0 1.0 0.0
-0.8621417034187747 -0.5066672312532609 5.727222547919565e-07 -0.7443717360023738 0.5066672311253221 -0.8621417032254083 -2.152655510668031e-05 -0.685886252347359 1.1400567814546415e-05 -1.8268761289369945e-05 0.9999999997681397 0.30364938931520113
0.4976832266975702 -0.8673588677042727 2.1878235826811356e-05 -1.4621875316072404 0.8673588679695585 0.4976832264081857 -1.750729437917064e-05 -1.8739555581961547 4.296676034877728e-06 2.768936861728024e-05 0.9999999996074186 0.5628037725511782
1.0 0.0 0.0 0.0 0.0 1.0 0.0 0.0 0.0 0.0 1.0 0.0
-0.8621409601875611 -0.5066684958967496 5.709322521034154e-06 -0.7439960930362086 0.506668495597284 -0.8621409599762242 -2.6466187321400254e-05 -0.686111612248844 1.8331824121348615e-05 -1.9924850297165578e-05 0.9999999996334722 0.3036722999636644
0.4976801209159386 -0.8673606500176011 6.792681162839917e-06 -1.4620358456326872 0.8673606499188321 0.4976801206955906 -2.089983094796606e-05 -1.8740497194531613 1.4747108575320155e-05 1.6293134741400818e-05 0.9999999997585282 0.5628405864251911
1.0 0.0 0.0 0.0 0.0 1.0 0.0 0.0 0.0 0.0 1.0 0.0
-0.8621470882716646 -0.506658068059243 1.5973895537869448e-05 -0.7443808065583719 0.5066580678844974 -0.8621470884110528 -1.3852519574998493e-05 -0.6860794616652193 2.0790338334180136e-05 -3.849606367002842e-06 0.999999999776471 0.30309422136042063
0.4976702539100485 -0.8673663114153244 1.3960035038033833e-05 -1.462431229525942 0.8673663115258283 0.4976702538114041 -1.0068407011785677e-05 -1.874002538375212 1.7855028710464973e-06 1.71192107737343e-05 0.9999999998518723 0.5623387655617549
1.0 0.0 0.0 0.0 0.0 1.0 0.0 0.0 0.0 0.0 1.0 0.0
-0.8621519039982993 -0.5066498714376486 4.6950197218558944e-05 -0.7451253023241762 0.5066498711350315 -0.8621519052449423 -1.9009791195363942e-05 -0.6858718947581615 5.010951024879418e-05 7.397983696855197e-06 0.9999999987171534 0.3031847458972323
0.4976704602164436 -0.8673661927738681 2.5708343063436507e-05 -1.4626146264516358 0.8673661931516858 0.49767046007620647 -1.2045333170642829e-05 -1.8739609673164104 -2.3465681472643284e-06 2.8293154157664734e-05 0.9999999995969956 0.5623182122357758
1.0 0.0 0.0 0.0 0.0 1.0 0.0 0.0 0.0 0.0 1.0 0.0
-0.8621436064637732 -0.5066639929723792 7.676099514116291e-06 -0.7443682015452053 0.5066639926888494 -0.8621436063398231 -2.3663404461435386e-05 -0.6860251268388637 1.8607295109476617e-05 -1.651204963549193e-05 0.9999999996905603 0.30362266373760016
0.4976783722399167 -0.8673616530090984 2.634293610192411e-05 -1.4622169899322923 0.8673616534076108 0.4976783719525996 -1.6988972539633303e-05 -1.8740803075898427 1.6252737532400429e-06 3.130389681253371e-05 0.9999999995087123 0.5626061040556046
1.0 0.0 0.0 0.0 0.0 1.0 0.0 0.0 0.0 0.0 1.0 0.0
-0.8621440419568941 -0.5066632518886124 1.0192471122434018e-05 -0.7441838507932217 0.5066632518116277 -0.8621440420124891 -9.275478518349579e-06 -0.6861069216716693 1.3486922360516833e-05 -2.8326479780062185e-06 0.9999999999050395 0.30298139078201247
0.4976728963905288 -0.867364795171348 1.7193793618922637e-05 -1.4623364286553264 0.8673647953363326 0.4976728963597906 -6.326107185923179e-06 -1.873906781132586 -3.069842406196005e-06 1.8061623369429964e-05 0.9999999998321768 0.5622573644049935
1.0 0.0 0.0 0.0 0.0 1.0 0.0 0.0 0.0 0.0 1.0 0.0
-0.8621400232909199 -0.5066700886039909 3.942025153916346e-05 -0.7439131687310785 0.5066700882367339 -0.8621400241864787 -1.954272738596773e-05 -0.6863131677342196 4.388749203162522e-05 3.124494881954126e-06 0.9999999990320628 0.3035755678682492
0.4976834699168572 -0.8673587276372919 3.6917951405392456e-05 -1.4619646312348529 0.8673587283340979 0.497683470024364 -6.867714761086014e-06 -1.8739583333507177 -1.2416681824674383e-05 3.5439055496373594e-05 0.9999999992949496 0.5624885632291236
1.0 0.0 0.0 0.0 0.0 1.0 0.0 0.0 0.0 0.0 1.0 0.0
-0.8621402635179014 -0.5066696811445136 1.517236624331363e-05 -0.7440894092040367 0.50666968082893 -0.8621402635938727 -2.0469445090094674e-05 -0.686012825190641 2.34519550493543e-05 -9.9601548221197e-06 0.9999999996754005 0.3033940362953167
0.49768229563524635 -0.8673594021429959 1.1197211908456714e-05 -1.4621166822861011 0.8673594021562674 0.49768229540933956 -1.8089070000599395e-05 -1.8739074048146804 1.0117070816261241e-05 1.8714616910533895e-05 0.999999999773704 0.5627129208673765
1.0 0.0 0.0 0.0 0.0 1.0 0.0 0.0 0.0 0.0 1.0 0.0
-0.8621425696397136 -0.5066657571021269 1.3969985839949227e-05 -0.7441271094371501 0.5066657568008054 -0.8621425696890113 -2.0383721833796533e-05 -0.686090715510467 2.2371853346048056e-05 -1.0495560872513613e-05 0.9999999996946716 0.30339421091754204
0.4976782549640498 -0.8673617202627469 2.754607607815628e-05 -1.4621704609023407 0.8673617206942787 0.4976782545927725 -1.9487203070589564e-05 -1.873913824824708 3.193370914958168e-06 3.359076916382784e-05 0.9999999994307314 0.5627189526587357
1.0 0.0 0.0 0.0 0.0 1.0 0.0 0.0 0.0 0.0 1.0 0.0
-0.862139038456491 -0.5066717658815826 -5.268397894249423e-06 -0.7442162021140373 0.5066717658296007 -0.8621390380907755 -2.666507024936118e-05 -0.6858281356120415 8.968346737771209e-06 -2.565834648933466e-05 0.9999999996306089 0.30330012698085435
0.4976847691199448 -0.8673579829454447 2.6146933895602862e-06 -1.462329744438676 0.8673579828194738 0.4976847689909656 -1.8808016136267036e-05 -1.8740554981930693 1.5011989863592844e-05 1.1628338352444716e-05 0.9999999998197109 0.5623059914355364
1.0 0.0 0.0 0.0 0.0 1.0 0.0 0.0 0.0 0.0 1.0 0.0
-0.8621357919930466 -0.5066772899176054 6.802456531808898e-06 -0.7437135315479886 0.5066772897621362 -0.8621357919514 -1.6602043922379407e-05 -0.6860125929905472 1.427651987094828e-05 -1.0866566046464774e-05 0.9999999998390492 0.30305653467104426
0.4976897904190283 -0.8673551016504487 1.2393671433668021e-05 -1.461887870892915 0.8673551016978159 0.4976897902053512 -1.6855999925310362e-05 -1.8737743937758005 8.451933792942036e-06 1.913877321689196e-05 0.9999999997811362 0.5624463694984732
