1.0 0.0 0.0 0.0 0.0 1.0 0.0 0.0 0.0 0.0 1.0 0.0
-0.8621465823032829 -0.5066589281753068 3.351145653828814e-05 -0.7446041384371913 0.506658927808017 -0.862146582954506 -1.9295056322850623e-05 -0.6858910935651785 3.8667800299933475e-05 3.4371177487913764e-07 0.9999999992523415 0.30339785604641023
0.49767421000771994 -0.8673640408666441 3.6120353054559214e-05 -1.4623777382700944 0.8673640415378393 0.49767421009853846 -7.0670336511768745e-06 -1.8739162914828675 -1.184647731027856e-05 3.4846575796614386e-05 0.9999999993226885 0.5622752948617447
1.0 0.0 0.0 0.0 0.0 1.0 0.0 0.0 0.0 0.0 1.0 0.0
-0.8621402264974287 -0.5066697443261714 6.278174401471324e-06 -0.744140157149384 0.50666974426227 -0.8621402265059285 -9.461133683802018e-06 -0.6861325961974138 1.0206336885132573e-05 -4.9758629186510545e-06 0.9999999999355357 0.30299454662062286
0.49768256290714885 -0.8673592488435674 4.867529399231423e-06 -1.4621743559607787 0.8673592488446263 0.4976825628618349 -8.182938678730817e-06 -1.8739021410564973 4.675063039499649e-06 8.294402537194795e-06 0.9999999999546734 0.5623240039081985
1.0 0.0 0.0 0.0 0.0 1.0 0.0 0.0 0.0 0.0 1.0 0.0
-0.8621500843207384 -0.5066529694031898 2.6470245874671774e-05 -0.7446923563092267 0.5066529695195624 -0.8621500846547726 -2.603248338296216e-06 -0.6859045593591553 2.4140268222375313e-05 1.1166837901946889e-05 0.9999999996462745 0.30293400475067
0.4976723059222796 -0.8673651331724247 4.0924116139668774e-05 -1.4623089162457692 0.8673651338859529 0.49767230636094056 6.200834546077256e-07 -1.8739834371912707 -2.0904638033192254e-05 3.518755311193044e-05 0.999999999162416 0.5621856775126475
1.0 0.0 0.0 0.0 0.0 1.0 0.0 0.0 0.0 0.0 1.0 0.0
-0.8621474677801623 -0.50665742036323 4.68095150247209e-05 -0.7446682782715843 0.506657420526063 -0.862147468906238 -9.189339240907309e-06 -0.6857643737672134 4.501255181393493e-05 1.579382258138226e-05 0.9999999988622126 0.3028385848138172
0.497675488001715 -0.8673633071572107 4.51614998346235e-05 -1.462311928500479 0.8673633081849416 0.49767548820403423 -7.439794997648871e-06 -1.8738870899724773 -1.6022766284489323e-05 4.287403150524028e-05 0.9999999989525443 0.5621487230602538
1.0 0.0 0.0 0.0 0.0 1.0 0.0 0.0 0.0 0.0 1.0 0.0
-0.8621410046738553 -0.5066684197569421 2.1930773103458294e-05 -0.7440561698575946 0.5066684190944288 -0.8621410048312348 -2.9680643181005265e-05 -0.685891757070717 3.3945663338027005e-05 -1.447726939359302e-05 0.9999999993190503 0.30367272399871414
0.4976780290886348 -0.8673618501310059 1.731394301556697e-05 -1.4622690885535414 0.8673618502653953 0.4976780287795601 -1.9346375654383577e-05 -1.8738084371850654 8.163539150532143e-06 2.4645719755045212e-05 0.9999999996629726 0.5626389046295084
1.0 0.0 0.0 0.0 0.0 1.0 0.0 0.0 0.0 0.0 1.0 0.0
-0.8621445063114269 -0.5066624618168045 4.770792700726279e-06 -0.7443907063305089 0.5066624616404893 -0.8621445061987258 -1.98935822612865e-05 -0.6859326367954957 1.4192444080004549e-05 -1.4733961083695083e-05 0.9999999997907424 0.3032418286141697
0.49767128528763394 -0.8673657197457949 3.1643517957184418e-06 -1.4624545664392854 0.8673657196234372 0.49767128514809644 -1.9004180486507568e-05 -1.874054895473865 1.4908767661021575e-05 1.2202485200996374e-05 0.999999999814414 0.5624673166234668
1.0 0.0 0.0 0.0 0.0 1.0 0.0 0.0 0.0 0.0 1.0 0.0
-0.8621408419212155 -0.5066686967237924 2.1250677387276515e-05 -0.74428385579555 0.5066686964146567 -0.8621408421679319 -1.8423962787958438e-05 -0.6857324995815866 2.7655922113565825e-05 -5.116997779796085e-06 0.9999999996044829 0.3033023265190529
0.49768467677310174 -0.8673580353107344 3.2972035383551946e-05 -1.4621351699592826 0.8673580359044253 0.49768467672623246 -1.0194203507396174e-05 -1.8738841633236554 -7.567652445138138e-06 3.3672058727587306e-05 0.9999999994044614 0.562386027458486
1.0 0.0 0.0 0.0 0.0 1.0 0.0 0.0 0.0 0.0 1.0 0.0
-0.8621427073067126 -0.5066655204409781 5.132373227030514e-05 -0.744278176933153 0.5066655208058733 -0.862142708594776 -6.586137423261835e-06 -0.6858373861366189 4.7585350299965006e-05 2.032577519164855e-05 0.9999999986612488 0.30285694896139725
0.49768080788124547 -0.8673602521486199 8.037010117501274e-05 -1.4621074454676064 0.8673602551821744 0.4976808090448501 -6.227162399153943e-06 -1.873893931652571 -3.459746382709985e-05 7.280897067779644e-05 0.9999999967509348 0.5621959080928459
1.0 0.0 0.0 0.0 0.0 1.0 0.0 0.0 0.0 0.0 1.0 0.0
-0.8621457765755668 -0.5066603002774485 -7.461825483295173e-06 -0.7444354006641145 0.5066603003047685 -0.862145776281257 -2.3140253507330283e-05 -0.6858844086333633 5.291066466746711e-06 -2.3730882570421525e-05 0.9999999997044248 0.3036543688350857
0.49767515723160866 -0.8673634981192194 2.2102247922444314e-06 -1.4623235737488294 0.867363498001339 0.49767515711822896 -1.795071058582731e-05 -1.8739424895400738 1.4469817156704922e-05 1.0850691020388049e-05 0.9999999998364435 0.5627445048058421
1.0 0.0 0.0 0.0 0.0 1.0 0.0 0.0 0.0 0.0 1.0 0.0
-0.8621412297305998 -0.5066680370542062 1.5041502139534562e-05 -0.7442814036602081 0.5066680367578245 -0.8621412298110043 -1.969624478763384e-05 -0.6861628957591321 2.2947356836671416e-05 -9.359896343359847e-06 0.9999999996929055 0.30337647017030456
0.4976850991851286 -0.8673577932431564 2.3440372543673464e-05 -1.4621339489851763 0.8673577935598497 0.4976850989946545 -1.3772089261730062e-05 -1.8740681772429468 2.7940482053142285e-07 2.7185353419910384e-05 0.9999999996304394 0.5625014918936733
1.0 0.0 0.0 0.0 0.0 1.0 0.0 0.0 0.0 0.0 1.0 0.0
-0.8621425644072173 -0.5066657661980973 4.924153654585125e-07 -0.7442579656057862 0.5066657659724629 -0.862142564051484 -2.902188874583419e-05 -0.6861382643049545 1.512892974368055e-05 -2.4771515578958057e-05 0.999999999578744 0.30376355719515186
0.4976778128851215 -0.8673619741432697 -1.929175997285622e-05 -1.462267505101507 0.8673619738284266 0.4976778132353599 -2.3868946194502807e-05 -1.8741052872647188 3.030409720873599e-05 -4.853894070727746e-06 0.9999999995290507 0.5629509389887359
1.0 0.0 0.0 0.0 0.0 1.0 0.0 0.0 0.0 0.0 1.0 0.0
-0.862137784262958 -0.5066738997450603 1.6226194117312668e-05 -0.7438892633743881 0.5066738993720975 -0.8621377843446744 -2.2368049854465374e-05 -0.685974320838632 2.5322522094102684e-05 -1.1062951894426975e-05 0.9999999996181904 0.3034096850550942
0.49768511378716995 -0.8673577846478595 3.0420534297167833e-05 -1.462046117764055 0.8673577851795266 0.49768511340864097 -1.949087314997362e-05 -1.8738763422817222 1.7657134945773977e-06 3.608580467342508e-05 0.9999999993473484 0.5626778132607212
1.0 0.0 0.0 0.0 0.0 1.0 0.0 0.0 0.0 0.0 1.0 0.0
-0.8621424579832442 -0.5066659469793469 1.7723767017435507e-05 -0.7441252113200025 0.5066659466984775 -0.8621424581397343 -1.813595422822877e-05 -0.6860410981897189 2.4469282487328572e-05 -6.655746961244245e-06 0.9999999996784779 0.3033453327164375
0.49767789371446874 -0.8673619277035819 2.1869067642659784e-05 -1.46215121662785 0.8673619279790519 0.49767789357435105 -1.1826206781337704e-05 -1.8739688606815577 -6.261500075507113e-07 2.4854038355212242e-05 0.9999999996909424 0.5624867846272127
1.0 0.0 0.0 0.0 0.0 1.0 0.0 0.0 0.0 0.0 1.0 0.0
-0.8621504041369186 -0.5066524258462839 5.533902393489616e-06 -0.7445902352704223 0.5066524257114947 -0.862150404083463 -1.610527286076959e-05 -0.6860258932393322 1.2930831748530942e-05 -1.1081402434335946e-05 0.999999999854998 0.3032961487949272
0.49767151028871104 -0.8673655903856989 2.1490042565900694e-05 -1.462295757913832 0.8673655906257329 0.49767151031346146 -4.559804003874441e-06 -1.8740595637028896 -6.7399648486056855e-06 2.0909008007970774e-05 0.9999999997586932 0.5622562954874987
1.0 0.0 0.0 0.0 0.0 1.0 0.0 0.0 0.0 0.0 1.0 0.0
-0.8621430485904092 -0.5066649413633932 3.09913515503351e-05 -0.7444589244988826 0.5066649411168531 -0.8621430491451803 -1.5928171376074157e-05 -0.6858722956597383 3.47892243390257e-05 1.9698690797437323e-06 0.9999999993929147 0.30311552733319974
0.4976803954390799 -0.8673604919490113 3.1647596266169344e-05 -1.4622903988043303 0.8673604925250918 0.49768039516989965 -1.6436635428391836e-05 -1.8739783175745721 -1.4939000247657606e-06 3.56300659043501e-05 0.9999999993641333 0.5625136348675357
1.0 0.0 0.0 0.0 0.0 1.0 0.0 0.0 0.0 0.0 1.0 0.0
-0.8621420967925424 -0.5066665616796946 1.4623080568923817e-05 -0.744366502550238 0.5066665613182488 -0.8621420968313361 -2.265409742272147e-05 -0.6861520003560955 2.40852469929549e-05 -1.212202510523116e-05 0.9999999996364788 0.3032810850541044
0.4976859314626348 -0.8673573155188541 2.8984440789459917e-05 -1.4620377321488425 0.8673573159809763 0.4976859309331455 -2.3779936811496836e-05 -1.8740889936417346 6.200553759150574e-06 3.697480677050573e-05 0.9999999992972085 0.5626336286226699
1.0 0.0 0.0 0.0 0.0 1.0 0.0 0.0 0.0 0.0 1.0 0.0
-0.8621449037696477 -0.5066617853817358 1.173955398460615e-05 -0.7443648611064144 0.5066617851835675 -0.8621449038111247 -1.6343413480524148e-05 -0.6858026359125695 1.840177969411782e-05 -8.142407263335358e-06 0.999999999797538 0.3033000445769821
0.49767974344483495 -0.8673608659511497 3.436793500275189e-05 -1.462180939168418 0.8673608664779118 0.497679743712693 -8.679322809161921e-07 -1.8738664740698958 -1.6351414589339757e-05 3.0241354197941275e-05 0.9999999994090459 0.5622044723377485
1.0 0.0 0.0 0.0 0.0 1.0 0.0 0.0 0.0 0.0 1.0 0.0
-0.8621419287884367 -0.5066668477151456 -7.165989676807349e-06 -0.7439635063944321 0.5066668477327764 -0.862141928484445 -2.3614679812841417e-05 -0.6860275230543067 5.786675221114508e-06 -2.398997500199718e-05 0.9999999996954978 0.30363090306246066
0.4976761223798215 -0.867362944244057 -1.2855584250309123e-05 -1.462062497110319 0.8673629440248319 0.4976761225438343 -1.9552766341260505e-05 -1.8739194444939997 2.3357262304602945e-05 -1.4195124679896806e-06 0.9999999997262115 0.5628663442034035
1.0 0.0 0.0 0.0 0.0 1.0 0.0 0.0 0.0 0.0 1.0 0.0
-0.8621480798158334 -0.5066563805224187 2.3362225917044157e-05 -0.7444273483344659 0.50665638026349 -0.8621480801293919 -1.6355500435754703e-05 -0.6859204263879661 2.842831687434057e-05 -2.264242477084829e-06 0.9999999995933521 0.30316256787347773
0.4976667242725936 -0.8673683364475891 2.1907285816715634e-05 -1.4623571144841445 0.8673683367190129 0.4976667240231025 -1.6043944741628107e-05 -1.8739066722334172 3.013482495956193e-06 2.698622348484318e-05 0.9999999996313313 0.5624367359255662
1.0 0.0 0.0 0.0 0.0 1.0 0.0 0.0 0.0 0.0 1.0 0.0
-0.8621439944749718 -0.5066633322232825 2.3898529537679135e-05 -0.744368673797372 0.5066633319735039 -0.8621439948045587 -1.5998255937429627e-05 -0.6859962929472658 2.870970338858743e-05 -1.6842916737017008e-06 0.9999999995864579 0.30323140815248634
0.49768270682024024 -0.8673591656115737 3.408331838787891e-05 -1.4621065910749336 0.8673591662382759 0.4976827068024402 -9.604061588691954e-06 -1.8740375223012187 -8.63250730604142e-06 3.434225398747471e-05 0.9999999993730446 0.5623653576162142
