1.0 0.0 0.0 0.0 0.0 1.0 0.0 0.0 0.0 0.0 1.0 0.0
-0.8621443045725447 -0.5066628050802193 -6.4316945258851055e-06 -0.7444242733289915 0.5066628050834734 -0.8621443042845627 -2.3122129649196692e-05 -0.6857230204865701 6.170074265098721e-06 -2.3193312776566098e-05 0.999999999712 0.30362953295367
0.4976792723905107 -0.8673611369039276 4.64522811868473e-06 -1.462312938275287 0.8673611367991004 0.49767927222802183 -1.9109114944257023e-05 -1.873868911868474 1.4262669913835691e-05 1.3539300763196287e-05 0.9999999998066318 0.5628103395688437
1.0 0.0 0.0 0.0 0.0 1.0 0.0 0.0 0.0 0.0 1.0 0.0
-0.8621392883837806 -0.5066713405112572 1.1385685583446583e-05 -0.7443181289276464 0.5066713402940396 -0.8621392884082545 -1.753711289188864e-05 -0.6858500969797738 1.8701599364579577e-05 -9.350633454188474e-06 0.9999999997814076 0.3032828086581455
0.4976851034354528 -0.8673577909417893 1.763582817609771e-05 -1.462265702179983 0.8673577911156832 0.4976851032577345 -1.3647766790890567e-05 -1.8738736990941618 3.060407888180586e-06 2.2088863198301912e-05 0.9999999997513581 0.5625144055781681
1.0 0.0 0.0 0.0 0.0 1.0 0.0 0.0 0.0 0.0 1.0 0.0
-0.862142093207346 -0.5066665676677576 1.8106057303390364e-05 -0.7440466103394873 0.506666567283172 -0.8621420933412597 -2.2059844352015426e-05 -0.6859103803101299 2.6786979766824096e-05 -9.844986484534121e-06 0.9999999995927672 0.30339517261936927
0.4976783685823358 -0.8673616550776352 2.7316860816074645e-05 -1.4621772938973727 0.8673616554993161 0.49767836819137956 -2.0096075010754747e-05 -1.8738161439588517 3.835554166840237e-06 3.369497944673479e-05 0.9999999994249685 0.5626853328709128
1.0 0.0 0.0 0.0 0.0 1.0 0.0 0.0 0.0 0.0 1.0 0.0
-0.8621463022920488 -0.5066594057589313 -3.9244003357411586e-07 -0.7444048482296217 0.5066594056454907 -0.862146302082096 -2.1843201514272165e-05 -0.6858303333557672 1.0728722775359335e-05 -1.9030868849910647e-05 0.9999999997613604 0.3035897314860938
0.49767492401310737 -0.8673636318448784 1.2704722571172752e-05 -1.462285382375749 0.8673636319046043 0.49767492381220974 -1.6055088190185736e-05 -1.8738814540702755 7.602777764562265e-06 1.90098291067476e-05 0.999999999790412 0.5627941821474003
1.0 0.0 0.0 0.0 0.0 1.0 0.0 0.0 0.0 0.0 1.0 0.0
-0.8621425603503178 -0.5066657726021428 2.2496074997505892e-05 -0.7442183137102942 0.5066657723057585 -0.8621425606349 -1.7768156938361544e-05 -0.6860597815132294 2.8397340665469368e-05 -3.92069310308718e-06 0.9999999995891096 0.30317489057891966
0.49767955262518926 -0.8673609758976113 1.9716340032667214e-05 -1.4621371370556542 0.8673609761164739 0.4976795524146875 -1.4784911390476224e-05 -1.8740234324529261 3.0114358894896098e-06 2.4459332022596663e-05 0.9999999996963361 0.5624195746908699
1.0 0.0 0.0 0.0 0.0 1.0 0.0 0.0 0.0 0.0 1.0 0.0
-0.8621322571294145 -0.5066833040907353 2.3929805562418035e-05 -0.7438328331356878 0.5066833035629921 -0.8621322574103277 -2.4961265709905278e-05 -0.686033861274101 3.327811387310396e-05 -9.395079411299077e-06 0.9999999994021499 0.30341944784126296
0.49769100653799575 -0.8673544038304168 1.292980460230107e-05 -1.4620712257799635 0.86735440388536 0.4976910063132184 -1.7193300898470876e-05 -1.873877772922885 8.477637786719146e-06 1.977167419305164e-05 0.9999999997686054 0.5624967501267497
1.0 0.0 0.0 0.0 0.0 1.0 0.0 0.0 0.0 0.0 1.0 0.0
-0.8621426089202164 -0.5066656893925032 3.2812548265381036e-05 -0.7441542949117963 0.5066656893078104 -0.8621426095182403 -1.145950602881724e-05 -0.6862177679147301 3.4095234508641135e-05 6.745263960202621e-06 0.9999999993960084 0.30303121071681177
0.4976819521666727 -0.8673595981749966 4.405993337858278e-05 -1.4619806196949057 0.8673595991642586 0.49768195232892903 -7.980116950751302e-06 -1.8739974678676248 -1.5006202631543472e-05 4.218736633701978e-05 0.99999999899752 0.5622577101329986
1.0 0.0 0.0 0.0 0.0 1.0 0.0 0.0 0.0 0.0 1.0 0.0
-0.8621421541073027 -0.5066664638645777 2.2498531122265272e-05 -0.7442567039947527 0.5066664635348097 -0.8621421543868136 -1.8931265385840618e-05 -0.6861272576492752 2.898876938181762e-05 -4.922190721277876e-06 0.9999999995677116 0.3033562643135939
0.49768579030310955 -0.8673573968316409 1.7082414468057284e-05 -1.4619648041824944 0.8673573969754911 0.497685790044977 -1.7297632024808686e-05 -1.8740016111772064 6.501554143977665e-06 2.3425344211710357e-05 0.9999999997044914 0.5627844070408892
1.0 0.0 0.0 0.0 0.0 1.0 0.0 0.0 0.0 0.0 1.0 0.0
-0.8621389740218266 -0.5066718755237493 5.0832368425066565e-06 -0.7437444992403722 0.5066718754336073 -0.862138973996015 -1.2715730523452488e-05 -0.6862004688024292 1.082515962894822e-05 -8.387193723161029e-06 0.9999999999062356 0.30313164588062025
0.4976782360006192 -0.8673617314726838 1.3712085974675641e-05 -1.4621069125163415 0.8673617315689155 0.49767823584775983 -1.316188605151674e-05 -1.8739402938396417 4.591909517422966e-06 1.84437228669688e-05 0.9999999998193717 0.56248606210277
1.0 0.0 0.0 0.0 0.0 1.0 0.0 0.0 0.0 0.0 1.0 0.0
-0.8621380701823793 -0.5066734130229723 2.185991283416586e-05 -0.7440569069786895 0.5066734127677878 -0.8621380704541807 -1.6364136811516493e-05 -0.6860219064867081 2.7137536120610598e-05 -3.0323086923896885e-06 0.9999999996271797 0.3033980194597551
0.49767559531291844 -0.8673632466920639 1.0850505394653283e-05 -1.4625884684017663 0.8673632467581351 0.4976755952474786 -8.261599160907901e-06 -1.8738717484601608 1.7657757400499044e-06 1.3522925868716719e-05 0.9999999999070063 0.5624588326798886
1.0 0.0 0.0 0.0 0.0 1.0 0.0 0.0 0.0 0.0 1.0 0.0
-0.8621419045050371 -0.5066668888110715 1.6701396340322444e-05 -0.7442396222273489 0.5066668886078475 -0.862141904655034 -1.5041029106056819e-05 -0.6861583139261889 2.2019765072928164e-05 -4.505456960054848e-06 0.9999999997474155 0.3033590843614994
0.4976818280564597 -0.8673596702390418 2.1568523690209515e-05 -1.4622579225145804 0.8673596705048796 0.4976818278435672 -1.4695353831732345e-05 -1.8739858408261654 2.011894959506972e-06 2.6021278160130112e-05 0.9999999996594228 0.5627360353333285
1.0 0.0 0.0 0.0 0.0 1.0 0.0 0.0 0.0 0.0 1.0 0.0
-0.8621438802014735 -0.5066635271659135 8.422726339213007e-06 -0.7443665932699441 0.5066635269282785 -0.8621438801381663 -2.0515959257284712e-05 -0.6860027611293411 1.7656290247922036e-05 -1.3420220486749879e-05 0.9999999997540765 0.30354368944006027
0.4976803606206708 -0.8673605122432064 2.1299802345087563e-05 -1.462155953320398 0.8673605125044351 0.49768036044996533 -1.3055141273637972e-05 -1.8739370104133464 7.230207138900499e-07 2.4971894895296638e-05 0.999999999687941 0.5626466530178182
1.0 0.0 0.0 0.0 0.0 1.0 0.0 0.0 0.0 0.0 1.0 0.0
-0.8621424928052976 -0.5066658855792772 4.989623481649685e-05 -0.7438982673831885 0.5066658853377214 -0.86214249419682 -1.8303831579693158e-05 -0.6862360517490629 5.2291591372544736e-05 9.500209002312575e-06 0.9999999985876679 0.3033046453656969
0.4976771197893157 -0.8673623714542603 3.199144866799681e-05 -1.4620529176118304 0.8673623720369289 0.49767711959804145 -1.425021512005724e-05 -1.8740015604429523 -3.56131164459211e-06 3.484018481889724e-05 0.9999999993867393 0.5625285953920386
1.0 0.0 0.0 0.0 0.0 1.0 0.0 0.0 0.0 0.0 1.0 0.0
-0.8621509055095434 -0.5066515727095289 1.8753729219869566e-07 -0.744613303117228 0.5066515726297477 -0.8621509053802355 -1.743108851890676e-05 -0.6859703894852345 8.99317385840689e-06 -1.4933212686575031e-05 0.9999999998480611 0.30325401406605945
0.4976628175413006 -0.8673705782632727 2.999856667357037e-07 -1.4625993248371483 0.8673705781874311 0.49766281749315094 -1.3400765414208518e-05 -1.8740959609691927 1.1474137934375871e-05 6.9292614144502834e-06 0.9999999999101649 0.5624548205070454
1.0 0.0 0.0 0.0 0.0 1.0 0.0 0.0 0.0 0.0 1.0 0.0
-0.8621426563432291 -0.5066656093554354 2.0246667220745677e-05 -0.7439874963891913 0.5066656090658536 -0.8621426565654781 -1.7892670690641053e-05 -0.6861082331079658 2.6521116362756662e-05 -5.167744659351932e-06 0.9999999996349626 0.30320468242242316
0.49767976351249144 -0.8673608542354412 3.911670591321779e-05 -1.4619882088094491 0.8673608550807885 0.49767976340022063 -1.3244773140540494e-05 -1.8739618656613715 -7.979595198551376e-06 4.0519955053188657e-05 0.9999999991472296 0.5623915608442871
1.0 0.0 0.0 0.0 0.0 1.0 0.0 0.0 0.0 0.0 1.0 0.0
-0.8621488283437241 -0.506655107325948 -2.4649483142765567e-06 -0.7445289717542267 0.5066551073227684 -0.8621488282886268 -1.0212802248999144e-05 -0.6855608855654189 3.049216118618082e-06 -1.0053834145796811e-05 0.9999999999448114 0.30322945528501566
0.4976654760512673 -0.867369052887301 -6.328712091113411e-06 -1.4625280488648744 0.8673690528592324 0.4976654760879141 -7.229763779828256e-06 -1.8736892437376937 9.420454878158257e-06 -1.891325179067352e-06 0.9999999999538389 0.5625279142330454
1.0 0.0 0.0 0.0 0.0 1.0 0.0 0.0 0.0 0.0 1.0 0.0
-0.8621492828056497 -0.5066543334970647 2.2502214790150115e-05 -0.7443305475302333 0.5066543332169241 -0.8621492830925164 -1.7192313827322752e-05 -0.6857170306604132 2.811082865277323e-05 -3.421496405591344e-06 0.9999999995990375 0.30337396528446775
0.497664093924692 -0.8673698454676858 2.81332010152658e-05 -1.4622692183484678 0.867369845923836 0.49766409367852227 -1.5658730887297436e-05 -1.8738858062379684 -4.189729956099713e-07 3.2194678348996634e-05 0.9999999994816635 0.5626100743402329
1.0 0.0 0.0 0.0 0.0 1.0 0.0 0.0 0.0 0.0 1.0 0.0
-0.8621408050240357 -0.5066687579009027 4.560333058257035e-05 -0.7442119154495486 0.5066687568583584 -0.8621408062139453 -3.292983099477022e-05 -0.6860436076853453 5.6001008762508156e-05 -5.284368188263766e-06 0.9999999984179812 0.30387380427991306
0.49768488105840264 -0.8673579176145857 4.3785548482090016e-05 -1.4621176772818443 0.8673579187195215 0.49768488046203785 -2.437269060435038e-05 -1.8739390201331965 -6.51559293019727e-07 5.010766182591246e-05 0.9999999987443989 0.562927199455576
1.0 0.0 0.0 0.0 0.0 1.0 0.0 0.0 0.0 0.0 1.0 0.0
-0.862143252299595 -0.5066645953348007 1.866814081423174e-05 -0.7440319292940621 0.5066645943502197 -0.8621432521219918 -4.065025678602824e-05 -0.6860878223329969 3.669065753740011e-05 -2.558785859940418e-05 0.9999999989995285 0.30370933064723477
0.49767596101195033 -0.8673630366142123 2.337100814697945e-05 -1.4620986158806064 0.867363036734334 0.49767596014856585 -3.460054534255538e-05 -1.8739081381564375 1.83800451576383e-05 3.749100825280105e-05 0.9999999991282991 0.5627399913745363
1.0 0.0 0.0 0.0 0.0 1.0 0.0 0.0 0.0 0.0 1.0 0.0
-0.8621432319195967 -0.5066646300607561 1.733864743755796e-05 -0.7442206057118931 0.5066646297558428 -0.8621432320587363 -1.922732060276598e-05 -0.6858316805816571 2.4690200821611164e-05 -7.791824941203656e-06 0.9999999996648409 0.30351123579091976
0.49767710192818493 -0.8673623818693134 2.7098953463817997e-05 -1.4622509029989603 0.8673623822886303 0.49767710177797786 -1.2508529190763136e-05 -1.8738926252814068 -2.6371009485110224e-06 2.9729821390959582e-05 0.9999999995545918 0.5626745846900743
