1.0 0.0 0.0 0.0 0.0 1.0 0.0 0.0 0.0 0.0 1.0 0.0
-0.7381584562701021 -0.6746273731156038 2.966614078813628e-05 -1.297961840318198 0.6746273736815104 -0.7381584561655425 1.6458738119263302e-05 0.6568467170433063 1.0794797422365744e-05 3.21627473694373e-05 0.999999999424515 0.4788148202528418
-0.8443138992546722 0.5358488858807835 0.00010500330599745978 -2.579038149911538 -0.5358488757268813 -0.8443139049619253 0.00011077085439957037 1.2806617994170475 0.00014801219023869827 3.725946853552545e-05 0.9999999883520617 0.6713620621491725
1.0 0.0 0.0 0.0 0.0 1.0 0.0 0.0 0.0 0.0 1.0 0.0
-0.7381777502066356 -0.6746062617341507 2.6998966856520743e-05 -1.2980136957127693 0.6746062621418498 -0.7381777502638268 9.717884853824139e-06 0.6566613289096104 1.3374290640391634e-05 2.538719849093466e-05 0.9999999995883092 0.478486070989622
-0.8442952857630202 0.5358782151645886 9.460631309565099e-05 -2.5783451574108636 -0.5358782199723309 -0.8442952873250914 -3.4057704158854804e-05 1.2803299232097634 6.16248825806047e-05 -7.945222172507925e-05 0.9999999949448595 0.6715867885210892
1.0 0.0 0.0 0.0 0.0 1.0 0.0 0.0 0.0 0.0 1.0 0.0
-0.7381628494180827 -0.674622566258465 2.887594365730462e-05 -1.2977243618756442 0.674622566831101 -0.7381628491885865 2.0000113142472555e-05 0.6567769841949707 7.822621189451473e-06 3.424370373569477e-05 0.9999999993830877 0.478609686394278
-0.8443037035440069 0.5358649600751636 2.7304167457698453e-05 -2.5779877980669226 -0.5358649596755037 -0.8443037039800735 2.0916478086487345e-05 1.2800827797890522 3.426141741335509e-05 3.02851331982642e-06 0.9999999994084917 0.6703773532588441
1.0 0.0 0.0 0.0 0.0 1.0 0.0 0.0 0.0 0.0 1.0 0.0
-0.7381630872338626 -0.6746223065100106 1.4299901044597599e-05 -1.2977551839307373 0.6746223065614915 -0.7381630873236372 -1.5778644549524256e-06 0.6568951123235811 1.1620121661464568e-05 8.48231092901513e-06 0.9999999998965117 0.47848101252314695
-0.8443020035485665 0.5358676367002058 5.235659639185365e-05 -2.577596057252129 -0.5358676347029148 -0.8443020050811488 4.78942126415509e-05 1.2800711324839673 6.986973785270085e-05 1.23809742220395e-05 0.9999999974824658 0.6702577077552198
1.0 0.0 0.0 0.0 0.0 1.0 0.0 0.0 0.0 0.0 1.0 0.0
-0.7363831707672265 -0.6763639958190797 -0.016479410500785305 -1.347588034855523 0.6027063548634279 -0.6447336482853351 -0.47017398117709747 3.0116651928642746 0.3073839221853434 -0.3561604525046677 0.8824198867056573 -8.984623669595708
-0.8071412295264622 0.5900617616205146 -0.018712377502763524 -1.2974438087520443 0.5707253475006122 0.7880130541106176 0.23088526213589872 39.82933981020014 0.15098216225374622 0.17567738620708154 -0.9728010293254375 4.768516145027908
1.0 0.0 0.0 0.0 0.0 1.0 0.0 0.0 0.0 0.0 1.0 0.0
-0.7381644549861747 -0.6746208098083573 1.9195820861536582e-05 -1.297564839259449 0.6746208100523262 -0.7381644549199088 1.1710549390311606e-05 0.6567204488984997 6.2694923300009815e-06 2.159421152752169e-05 0.9999999997471916 0.47845272893198015
-0.8443051600454929 0.535862664342034 4.1046434300401915e-05 -2.5777195479275776 -0.5358626633744294 -0.8443051610246588 3.268619054607845e-05 1.2801712773366072 5.217102547469011e-05 5.601867734043401e-06 0.9999999986234016 0.6706102236427387
1.0 0.0 0.0 0.0 0.0 1.0 0.0 0.0 0.0 0.0 1.0 0.0
-0.7381644549861747 -0.6746208098083573 1.9195820861536582e-05 -1.297564839259449 0.6746208100523262 -0.7381644549199088 1.1710549390311606e-05 0.6567204488984997 6.2694923300009815e-06 2.159421152752169e-05 0.9999999997471916 0.47845272893198015
-0.8443051600454929 0.535862664342034 4.1046434300401915e-05 -2.5777195479275776 -0.5358626633744294 -0.8443051610246588 3.268619054607845e-05 1.2801712773366072 5.217102547469011e-05 5.601867734043401e-06 0.9999999986234016 0.6706102236427387
1.0 0.0 0.0 0.0 0.0 1.0 0.0 0.0 0.0 0.0 1.0 0.0
-0.7381700687547689 -0.67461466693228 2.7466864329215104e-05 -1.2976449161253223 0.6746146673645292 -0.738170068793809 1.0657821943294543e-05 0.6566104029395934 1.308529413094666e-05 2.6396834699665885e-05 0.9999999995659911 0.47856862141659673
-0.844302604291731 0.535866684371599 9.46931315332842e-05 -2.578086435941967 -0.5358666843498444 -0.8443026091599118 2.7742917962309074e-05 1.2802641245383257 9.481616348633675e-05 -2.731947653921748e-05 0.9999999951317708 0.6714287774691983
1.0 0.0 0.0 0.0 0.0 1.0 0.0 0.0 0.0 0.0 1.0 0.0
-0.7381248423930323 -0.6746641491566384 -5.371229725026641e-05 -1.2973144811495132 0.6746641486608771 -0.7381248442070317 2.9597958447418265e-05 0.655070917699625 -5.961506249262478e-05 -1.4390772882734854e-05 0.9999999981194752 0.48004336448468565
-0.844336396108044 0.5358134136816247 -0.0001895418779643644 -2.576108794419925 -0.535813446949338 -0.8443363538334635 0.00026770035765281687 1.2779529804361758 -1.6599655661499813e-05 0.00032758824219065254 0.999999946205196 0.6776189637846018
1.0 0.0 0.0 0.0 0.0 1.0 0.0 0.0 0.0 0.0 1.0 0.0
-0.7381682488336839 -0.6746166587114315 1.4242073661353889e-05 -1.297342686170925 0.6746166587982872 -0.73816824888934 1.8654280181016143e-06 0.6562978133835644 9.254597758517733e-06 1.0984939881225984e-05 0.9999999998968417 0.47869180284288393
-0.8443056569590073 0.5358618722878034 0.00010702910609958223 -2.577471778481674 -0.5358618634092139 -0.8443056632640258 0.00010160658851813183 1.2798462493656393 0.00014481237717407325 2.8434201236622773e-05 0.9999999891104357 0.6718804871677562
1.0 0.0 0.0 0.0 0.0 1.0 0.0 0.0 0.0 0.0 1.0 0.0
-0.7381649904480371 -0.6746202238917567 1.982638764998802e-05 -1.2975714878159517 0.6746202240692667 -0.7381649894648284 4.0063969056634876e-05 0.6564947846978546 -1.2392818544198865e-05 4.294910141491984e-05 0.9999999990008963 0.47869331997269904
-0.8443048819990316 0.535863102919686 3.4086456672158475e-05 -2.5775614752731753 -0.5358630989639488 -0.8443048810742825 8.344396633851346e-05 1.2798532849365598 7.349390446891111e-05 5.218647384792923e-05 0.999999995937609 0.6713929074013215
1.0 0.0 0.0 0.0 0.0 1.0 0.0 0.0 0.0 0.0 1.0 0.0
-0.7381672762418062 -0.6746177230319874 7.542478383580691e-06 -1.2978850285227406 0.6746177229777159 -0.7381672762791943 -8.655467935162617e-06 0.6571280549042716 1.1406742794998314e-05 -1.300893597557984e-06 0.999999999934097 0.47832547531944564
-0.8443067772285365 0.5358601112049322 8.453047049366136e-05 -2.5786765471300193 -0.5358601083660195 -0.8443067814590745 5.5174059586919306e-05 1.2812705577412564 0.00010093522718359752 1.287325357489918e-06 0.9999999949052112 0.6704950500399867
1.0 0.0 0.0 0.0 0.0 1.0 0.0 0.0 0.0 0.0 1.0 0.0
-0.7381639337892895 -0.6746213801074741 1.8831042590330185e-05 -1.2975776182910754 0.6746213803174528 -0.7381639337932658 8.0885451770309e-06 0.6566911001141271 8.44369096552007e-06 1.8674496271602268e-05 0.9999999997899836 0.4783822696817499
-0.8443039155471046 0.5358646252322549 4.0205996469573094e-05 -2.5774862142743538 -0.5358646246792157 -0.844303916503854 2.4365050286811273e-05 1.2799775350364362 4.700244882690474e-05 -9.734638483637945e-07 0.9999999988949111 0.6704523443041109
1.0 0.0 0.0 0.0 0.0 1.0 0.0 0.0 0.0 0.0 1.0 0.0
-0.7380805671332175 -0.6745933323174093 -0.012685125667541465 -1.2969932485462632 0.6745745082490958 -0.7374187477685347 -0.03410019442724884 0.6688598901097578 0.013649514306304412 -0.03372575325147657 0.9993379129838027 0.11099990382557823
-0.8443279035306899 0.5358161199507087 -0.003387760386679334 -2.5791691361851568 -0.5357712304638483 -0.8443144974205785 -0.009067417090375675 1.2807005389016624 -0.007718803451600353 -0.005840808711467376 0.999953151416041 0.5717425311015694
1.0 0.0 0.0 0.0 0.0 1.0 0.0 0.0 0.0 0.0 1.0 0.0
-0.7381595795231015 -0.6746261445521821 1.5650453657484185e-05 -1.2970031306878156 0.6746261447330685 -0.7381595793559318 1.573755063306471e-05 0.6562390120539145 9.355691802599321e-07 2.2175028972294877e-05 0.9999999997536965 0.47842062577562994
-0.8443192829275775 0.5358404127584105 2.3055516098787342e-05 -2.577557227574455 -0.5358404112155987 -0.8443192826868922 5.090569876546818e-05 1.2797614776182815 4.674354745274702e-05 3.062658585142477e-05 0.9999999984385265 0.6712168161135409
1.0 0.0 0.0 0.0 0.0 1.0 0.0 0.0 0.0 0.0 1.0 0.0
-0.7381679742625374 -0.6746169589862212 2.052622432140681e-05 -1.2978190750469687 0.6746169592793237 -0.7381679741292395 1.4921590541622994e-05 0.656852282469786 5.085443389429464e-06 2.4861979300077162e-05 0.9999999996780105 0.47837246035345965
-0.8443009721392573 0.5358692631030606 3.613982667968948e-05 -2.577782553285284 -0.5358692632231867 -0.8443009728067146 7.09043438448027e-06 1.2802673980665844 3.431243667141507e-05 -1.3379761652152701e-05 0.9999999993218193 0.6704812708170239
1.0 0.0 0.0 0.0 0.0 1.0 0.0 0.0 0.0 0.0 1.0 0.0
-0.7381627748723764 -0.6746226484406643 -1.9019019270821267e-06 -1.2970908383492494 0.6746226483955795 -0.7381627747836313 -1.3980868190691478e-05 0.6566773896323559 8.027897122441972e-06 -1.1603222573797499e-05 0.9999999999004592 0.4784861489403157
-0.8443085657117168 0.5358572973091358 5.278609825665871e-05 -2.5768715722003646 -0.5358572945438937 -0.8443085671014204 5.833733746634027e-05 1.280124209872188 7.582824296887474e-05 2.0968897922301054e-05 0.9999999969051915 0.6706576394811075
1.0 0.0 0.0 0.0 0.0 1.0 0.0 0.0 0.0 0.0 1.0 0.0
-0.7381631038973702 -0.6746222884261647 1.8015041727136233e-06 -1.2977458073847303 0.6746222883415571 -0.7381631038424191 -1.4089967167544611e-05 0.6572067526984204 1.0835209806134069e-05 -9.185359030747218e-06 0.9999999998991136 0.47810465424510895
-0.8443059244559578 0.5358614596537788 4.456782669691526e-05 -2.5778394268958262 -0.5358614579962617 -0.8443059255246608 4.4250047503689375e-05 1.2808031568640006 6.134077521303894e-05 1.3478396671290511e-05 0.9999999980278209 0.669412222660768
1.0 0.0 0.0 0.0 0.0 1.0 0.0 0.0 0.0 0.0 1.0 0.0
-0.7381626214364743 -0.6746228159914179 2.1397253126148865e-05 -1.297142272741163 0.6746228162614941 -0.7381626214438785 9.083643536988475e-06 0.6565168583316225 9.666619276905376e-06 2.1140281289691112e-05 0.9999999997298222 0.4783553851208644
-0.8443058753187718 0.5358615384183846 2.3368464351527614e-05 -2.5767573212889223 -0.5358615381206152 -0.8443058756377306 1.8072471427374886e-05 1.2796793185968056 2.941447409872446e-05 2.736432556742673e-06 0.9999999995636505 0.6705980767385991
1.0 0.0 0.0 0.0 0.0 1.0 0.0 0.0 0.0 0.0 1.0 0.0
-0.7381665926707676 -0.6746184705885759 2.4608130409106706e-05 -1.2973375436220973 0.6746184710066184 -0.7381665924944175 1.737449445528016e-05 0.656708677834275 6.443744895077407e-06 2.9426370682354192e-05 0.9999999995462833 0.47833087850039646
-0.8443033787738569 0.5358654722813666 1.4412406639055216e-05 -2.5769543494589096 -0.5358654723977181 -0.8443033788037493 -5.704648603103004e-06 1.2800005479149066 9.111519404142925e-06 -1.2539565182343702e-05 0.9999999998798696 0.6706670764879287
