1.0 0.0 0.0 0.0 0.0 1.0 0.0 0.0 0.0 0.0 1.0 0.0
-0.9760283140387837 -0.21764358335742134 2.8599834495990998e-05 -2.038982221674629 0.21764358375210285 -0.9760283143024849 1.1462566767016943e-05 0.8047332477986492 2.5419494146805602e-05 1.7412360190596386e-05 0.9999999995253297 0.4795157795120229
0.6894995475709818 -0.7242861125638598 -3.235030594211813e-05 -4.208569068104221 0.7242861095187535 0.6894995478523362 -7.120120401354183e-05 2.0682892915614817 7.387556458480106e-05 2.56623207212846e-05 0.9999999969419232 0.038971252124267663
1.0 0.0 0.0 0.0 0.0 1.0 0.0 0.0 0.0 0.0 1.0 0.0
-0.9760257335110278 -0.21765515583384457 2.5752767126069753e-05 -2.038223825285639 0.2176551534541583 -0.9760257315837209 -7.390067751892124e-05 0.8052231523811932 4.122022685613517e-05 -6.652374050167048e-05 0.9999999969377426 0.47880442060875206
0.6895374795439021 -0.724250001203318 7.825402660368675e-06 -4.207782301664726 0.7242499984587285 0.6895374777982238 8.02757479893962e-05 2.069183757805462 -6.35356189910947e-05 -4.968558907239336e-05 0.9999999967472836 0.03754524709426482
1.0 0.0 0.0 0.0 0.0 1.0 0.0 0.0 0.0 0.0 1.0 0.0
-0.976028085366337 -0.21764461011185426 -1.6290531944711022e-05 -2.038548576784828 0.21764461022515824 -0.9760280854614224 -5.518112088468846e-06 0.8047216905849542 -1.4699029351099313e-05 -8.931378851992852e-06 0.9999999998520847 0.47911970186937347
0.6895054022900398 -0.7242805380533242 -4.909212417209368e-05 -4.208307457754975 0.7242805373602375 0.6895054039305347 -3.393753108059319e-05 2.0680734157103524 5.842957817835498e-05 -1.215635905504858e-05 0.9999999982191038 0.03915126931693169
1.0 0.0 0.0 0.0 0.0 1.0 0.0 0.0 0.0 0.0 1.0 0.0
-0.976028742104879 -0.2176416614171715 -4.243513853089657e-05 -2.038448519958357 0.21764166185582717 -0.9760287429113952 -5.952841607189949e-06 0.8048812534108243 -4.0122328578042446e-05 -1.5045798576764819e-05 0.9999999990819113 0.47906359671349646
0.6895312927843602 -0.7242558911121788 2.1457691318627704e-05 -4.207694771072308 0.7242558905929765 0.6895312931092269 2.764942728534373e-05 2.0682514328334727 -3.482101023935686e-05 -3.524286004764371e-06 0.9999999993875381 0.03885353143692799
1.0 0.0 0.0 0.0 0.0 1.0 0.0 0.0 0.0 0.0 1.0 0.0
-0.9760269825578277 -0.2176495562103396 7.107769130872425e-07 -2.0387163455773827 0.21764955621142273 -0.9760269825550261 2.3455587125074873e-06 0.8046127187898418 1.8322763289540842e-07 2.444028872286722e-06 0.9999999999969965 0.4785789527647102
0.6895073637427979 -0.7242786723954993 -7.580950161102417e-06 -4.208555935717775 0.724278671799826 0.6895073635385977 -3.466890832666982e-05 2.068135508816865 3.0337071854948892e-05 1.8413747070506407e-05 0.999999999370298 0.0389461725662123
1.0 0.0 0.0 0.0 0.0 1.0 0.0 0.0 0.0 0.0 1.0 0.0
-0.9760272311887209 -0.21764844103412662 9.669135529727972e-06 -2.0390610557787436 0.21764844094180022 -0.9760272312083828 -9.762191455558905e-06 0.8047491398482688 1.1562065330637036e-05 -7.423692423397009e-06 0.9999999999056035 0.4789701143526389
0.6895102632636636 -0.7242759120498281 8.857957580966097e-06 -4.208621323836322 0.7242759114252597 0.6895102620364691 -5.172532918087405e-05 2.068255408641447 3.135575731580178e-05 4.2080750641221155e-05 0.9999999986230134 0.03938471717298081
1.0 0.0 0.0 0.0 0.0 1.0 0.0 0.0 0.0 0.0 1.0 0.0
-0.9760270115624607 -0.21764942530171216 1.913863231767995e-05 -2.038095544453388 0.21764942558182412 -0.9760270115871733 1.4004021220246434e-05 0.804925786590839 1.5631854936390325e-05 1.783381531181939e-05 0.9999999997187999 0.4787469211697144
0.6895129957162368 -0.7242733108008464 4.120032510536117e-08 -4.2076597867017576 0.7242733106301987 0.6895129955550117 2.1668576129748302e-05 2.0682631589017406 -1.572237953341174e-05 -1.4910924544264512e-05 0.9999999997652355 0.038733241605746316
1.0 0.0 0.0 0.0 0.0 1.0 0.0 0.0 0.0 0.0 1.0 0.0
-0.976028635465294 -0.2176421437846367 -7.639465485886192e-07 -2.0379556049226975 0.21764214375711047 -0.9760286353869947 1.2861157074237197e-05 0.8045234047327668 -3.5447635045196836e-06 1.2386590625135364e-05 0.9999999999170033 0.47897761010501855
0.6894973934992757 -0.7242881602359187 -7.279953116706649e-05 -4.2077564640865255 0.7242881615150116 0.6894973958986216 -1.175676003065613e-05 2.0678913506817094 5.871036925528307e-05 -4.462158319100402e-05 0.9999999972810033 0.039442470191483225
1.0 0.0 0.0 0.0 0.0 1.0 0.0 0.0 0.0 0.0 1.0 0.0
-0.9760271270541647 -0.21764890771259346 1.5030281276906546e-05 -2.038443062003411 0.21764890731621203 -0.9760271269555055 -2.431132119138588e-05 0.8054580491934491 1.9961294754386857e-05 -2.0457184680748515e-05 0.9999999995915252 0.47905581946532083
0.6895306097772214 -0.7242565412135669 2.626050336548412e-05 -4.20763984875949 0.7242565408059041 0.6895306102737871 2.4399271839187395e-05 2.0689723779565155 -3.577875314208214e-05 2.1952965379119013e-06 0.9999999993575308 0.0388773224143355
1.0 0.0 0.0 0.0 0.0 1.0 0.0 0.0 0.0 0.0 1.0 0.0
-0.976028635465294 -0.2176421437846367 -7.639465485886192e-07 -2.0379556049226975 0.21764214375711047 -0.9760286353869947 1.2861157074237197e-05 0.8045234047327668 -3.5447635045196836e-06 1.2386590625135364e-05 0.9999999999170033 0.47897761010501855
0.6894973934992757 -0.7242881602359187 -7.279953116706649e-05 -4.2077564640865255 0.7242881615150116 0.6894973958986216 -1.175676003065613e-05 2.0678913506817094 5.871036925528307e-05 -4.462158319100402e-05 0.9999999972810033 0.039442470191483225
1.0 0.0 0.0 0.0 0.0 1.0 0.0 0.0 0.0 0.0 1.0 0.0
-0.9760276805067963 -0.21764642458001363 2.7423705682593447e-05 -2.0388561293282397 0.2176464254693874 -0.9760276800586343 3.5210202220921286e-05 0.8044352088864404 1.9102921213870815e-05 4.0334803518805194e-05 0.9999999990040912 0.4793468758343918
0.6895011177040841 -0.7242846178071464 -3.3057146644863494e-05 -4.208445101570439 0.724284615731108 0.6895011183264254 -5.693724613705531e-05 2.0679436735009764 6.403171113768395e-05 1.5315512095650856e-05 0.9999999978326876 0.038850033951703944
1.0 0.0 0.0 0.0 0.0 1.0 0.0 0.0 0.0 0.0 1.0 0.0
-0.9760276904602521 -0.21764637513144405 5.3357001288692586e-05 -2.0381444809380698 0.21764637905004053 -0.976027687424901 8.406191565493506e-05 0.804700636431606 3.3782139346827455e-05 9.36597155198032e-05 0.9999999950433124 0.4790358312742824
0.689508647960462 -0.7242774498114658 -9.073867473702452e-06 -4.207590423386644 0.7242774498572812 0.6895086479649786 3.1209189268801497e-06 2.068136042995439 3.996098892175164e-06 -8.72389818386278e-06 0.9999999999539625 0.03865942134155381
1.0 0.0 0.0 0.0 0.0 1.0 0.0 0.0 0.0 0.0 1.0 0.0
-0.9760267327892106 -0.21765067619528827 5.7055181680854035e-06 -2.038887869780405 0.2176506761678351 -0.976026732798868 -5.064765637969239e-06 0.8044936861211422 6.67108792239329e-06 -3.7015367707928832e-06 0.9999999999708976 0.4789166878817203
0.6894993258237507 -0.7242863242011868 -1.6239654638327245e-05 -4.208550177371572 0.7242863236584716 0.6894993259635334 -2.927676343499308e-05 2.0676891271299214 3.240199029984044e-05 8.424148895248674e-06 0.9999999994395724 0.03910643550519205
1.0 0.0 0.0 0.0 0.0 1.0 0.0 0.0 0.0 0.0 1.0 0.0
-0.9760290847908217 -0.2176401282337235 -1.4993296046739165e-05 -2.038524565452773 0.2176401280532824 -0.976029084862465 1.2786258312795854e-05 0.8043840811895395 -1.741669591839788e-05 9.216617127399397e-06 0.9999999998058564 0.4790032813796203
0.6895022551400295 -0.7242835342791427 -4.61403043106294e-05 -4.208072007333381 0.7242835349989264 0.6895022559259402 -1.5806053929844954e-06 2.067803102362177 3.2958650371617034e-05 -3.232883172907934e-05 0.999999998934287 0.039241588087976786
1.0 0.0 0.0 0.0 0.0 1.0 0.0 0.0 0.0 0.0 1.0 0.0
-0.9760270023040448 -0.2176494675460075 7.093633138438525e-06 -2.0387491661825434 0.21764946748377983 -0.9760270023056982 -8.612759787474648e-06 0.8046757705605887 8.798140069420726e-06 -6.862360641871181e-06 0.9999999999377506 0.4789486393725539
0.6895046761056657 -0.7242812306410484 -2.3864394022531664e-05 -4.20845055688405 0.7242812297322064 0.6895046764675548 -3.7242114201580294e-05 2.068096429477464 4.342837558519893e-05 8.39407924059798e-06 0.9999999990217577 0.03902612175032821
1.0 0.0 0.0 0.0 0.0 1.0 0.0 0.0 0.0 0.0 1.0 0.0
-0.9760265267512037 -0.21765159772349296 3.296049051935448e-05 -2.039281555975418 0.21765159849602664 -0.9760265268881584 2.19719040714536e-05 0.8040050085755204 2.7388093059955327e-05 2.8619064665716712e-05 0.9999999992154209 0.47926431819761506
0.6894989303143754 -0.7242867007398113 -1.505892695330496e-05 -4.208512916101348 0.7242866995636408 0.6894989301579216 -4.6328071579547e-05 2.067362940967544 4.3937920139618256e-05 2.1036175295649598e-05 0.9999999988134695 0.039043983620667744
1.0 0.0 0.0 0.0 0.0 1.0 0.0 0.0 0.0 0.0 1.0 0.0
-0.9760306810271819 -0.21763296767087673 -3.2808268414965616e-05 -2.0380050524978977 0.21763296437083313 -0.9760306787688217 8.319397199655193e-05 0.8041149807314958 -5.012762750822695e-05 7.405970843412974e-05 0.9999999960011902 0.47994472821289197
0.6894941758373307 -0.7242912193846635 -0.00010492224032334588 -4.207628186624404 0.7242912237229995 0.6894941792451876 4.98442182153449e-06 2.0674908603233444 6.873310101726926e-05 -7.943098765541389e-05 0.9999999944832394 0.03938502246275605
1.0 0.0 0.0 0.0 0.0 1.0 0.0 0.0 0.0 0.0 1.0 0.0
-0.9760260797764557 -0.21765360407752332 1.510856875991405e-05 -2.039158909595005 0.21765360442646545 -0.9760260794253418 2.760008689587532e-05 0.8040172119257427 8.739098746727152e-06 3.022683906279044e-05 0.9999999995049833 0.479504887384448
0.6895022068648438 -0.7242835807736037 -3.674612855505197e-05 -4.208789486300812 0.7242835714065663 0.6895022047287473 -0.00013365906847463902 2.067302765217753 0.00012214360537163743 6.554360545554972e-05 0.9999999903924875 0.038422746533222585
1.0 0.0 0.0 0.0 0.0 1.0 0.0 0.0 0.0 0.0 1.0 0.0
-0.9760249226658468 -0.21765879165161464 2.742054238080103e-05 -2.0383343458304015 0.21765879127488685 -0.9760249230025427 -1.6082129447641496e-05 0.8047489066627984 3.026354962867073e-05 -9.728237039731782e-06 0.9999999994947395 0.4785537421915377
0.6895317630593311 -0.7242554426071097 3.982802463384669e-05 -4.207681158263318 0.7242554436960001 0.6895317617830053 -4.2061094406057044e-05 2.0682442796702216 3.0002885514910428e-06 5.7848124234732743e-05 0.9999999983222962 0.038661677045517207
1.0 0.0 0.0 0.0 0.0 1.0 0.0 0.0 0.0 0.0 1.0 0.0
-0.9760276241592559 -0.2176466789417206 4.86606822910911e-06 -2.038660467399447 0.21764667875540125 -0.9760276238873531 -2.521012315247172e-05 0.804766128812643 1.023631659117771e-05 -2.3546693016609717e-05 0.9999999996703854 0.47905570352143023
0.689502603630625 -0.7242832035048317 -2.6596406145167032e-05 -4.2083259822567864 0.7242832024039181 0.6895026040854249 -4.0926077570204384e-05 2.0681657116696126 4.798036186585608e-05 8.955306825797876e-06 0.9999999988088436 0.039033913527442066
