1.0 0.0 0.0 0.0 0.0 1.0 0.0 0.0 0.0 0.0 1.0 0.0
-0.976025776198573 -0.21765495422092634 7.140769750095275e-05 -2.039195814708585 0.21765494335217586 -0.9760257718543246 -0.00013531641131075468 0.8060614363821079 9.914804037888843e-05 -0.00011653006702750041 0.9999999882952049 0.4804498445154084
0.6895367355431182 -0.7242506983630124 0.00012750383833116686 -4.2082660924237025 0.7242507095395591 0.6895367268171646 -0.00011000780724211422 2.069630295272744 -8.24534811900717e-06 0.0001681991696703534 0.9999999858205268 0.041267252873450455
1.0 0.0 0.0 0.0 0.0 1.0 0.0 0.0 0.0 0.0 1.0 0.0
-0.9760306981754238 -0.2176328771675523 -8.363592930002363e-05 -2.038027314876699 0.2176328744885258 -0.9760307015361347 4.000928352462915e-05 0.8044660908460421 -9.033857023520683e-05 2.0848361227960712e-05 0.9999999957021444 0.47893640578906826
0.6895019978811602 -0.7242837683100618 -0.00013371785855625766 -4.207995120935288 0.7242837772346454 0.6895020008142017 3.013183277310877e-05 2.0679077017062806 7.037473363213696e-05 -0.0001176256345757332 0.9999999906058035 0.03915165364159251
1.0 0.0 0.0 0.0 0.0 1.0 0.0 0.0 0.0 0.0 1.0 0.0
-0.9760257309362719 -0.21765516865447054 1.0407263124753872e-05 -2.0386007770190573 0.2176551682303995 -0.9760257305629538 -3.1963228943879736e-05 0.8042492867033837 1.7114718581012113e-05 -2.8931739286774117e-05 0.9999999994350203 0.4786923653229489
0.6895088982447098 -0.7242772114340708 -1.5448393457757703e-05 -4.208268496224851 0.7242772077368332 0.6895088966139238 -8.856176017145877e-05 2.067680014886889 7.479506942420874e-05 4.9875202404843583e-05 0.9999999959590807 0.03860514473383969
1.0 0.0 0.0 0.0 0.0 1.0 0.0 0.0 0.0 0.0 1.0 0.0
-0.9760289637996714 -0.21764067044030216 -1.9860396577101144e-05 -2.0384535732584785 0.21764067089374256 -0.9760289635914771 -2.4565602108877798e-05 0.8048320549029915 -1.4037848174917416e-05 -2.829916920671296e-05 0.9999999995010479 0.4792605246931502
0.6895026886658102 -0.7242831211471875 -5.238231374442418e-05 -4.208170981549127 0.7242831200977223 0.6895026905807502 -4.0291609932000974e-05 2.0681548763110156 6.530027926322442e-05 -1.0158452257955061e-05 0.9999999978163396 0.039190326487298865
1.0 0.0 0.0 0.0 0.0 1.0 0.0 0.0 0.0 0.0 1.0 0.0
-0.9760272311887209 -0.21764844103412662 9.669135529727972e-06 -2.0390610557787436 0.21764844094180022 -0.9760272312083828 -9.762191455558905e-06 0.8047491398482688 1.1562065330637036e-05 -7.423692423397009e-06 0.9999999999056035 0.4789701143526389
0.6895102632636636 -0.7242759120498281 8.857957580966097e-06 -4.208621323836322 0.7242759114252597 0.6895102620364691 -5.172532918087405e-05 2.068255408641447 3.135575731580178e-05 4.2080750641221155e-05 0.9999999986230134 0.03938471717298081
1.0 0.0 0.0 0.0 0.0 1.0 0.0 0.0 0.0 0.0 1.0 0.0
-0.9760249809645378 -0.2176585319490425 -1.720692489748046e-06 -2.0386069265340834 0.2176585318752497 -0.9760249803575046 -3.492911718252684e-05 0.8044752523931241 5.923181514717615e-06 -3.44662143343138e-05 0.9999999993884978 0.47870700119692355
0.689515773539044 -0.7242706660328502 1.9109836630619295e-05 -4.207943640200147 0.7242706638780031 0.6895157731586519 6.333359176710854e-05 2.067762274917855 -5.9047196470710996e-05 -2.982881645524485e-05 0.9999999978118352 0.03871144402197274
1.0 0.0 0.0 0.0 0.0 1.0 0.0 0.0 0.0 0.0 1.0 0.0
-0.9760252132587869 -0.2176574902911903 -1.8109841532780713e-06 -2.0393740720583216 0.2176574902207832 -0.9760252126528315 -3.488244384019674e-05 0.8045154385424232 5.824858988170655e-06 -3.4440318953748e-05 0.9999999993899678 0.47870715518961204
0.6895088202302254 -0.7242772857175291 1.4777394053660908e-05 -4.208801341451985 0.7242772856463926 0.6895088193704386 -3.882109655747744e-05 2.0678867245000454 1.7928094915918517e-05 3.747041934150549e-05 0.9999999991372754 0.03951241878716211
1.0 0.0 0.0 0.0 0.0 1.0 0.0 0.0 0.0 0.0 1.0 0.0
-0.9760267792726055 -0.2176504660721593 2.7591937328791502e-05 -2.038607829294948 0.21765046613756137 -0.976026779647815 -6.462111988279035e-07 0.8042420746628127 2.7071117903872086e-05 5.374678586135776e-06 0.9999999996191338 0.47888130966145304
0.689502207779368 -0.724283580280213 -2.8352302523442412e-05 -4.208525391753746 0.724283569433523 0.6895022033428152 -0.00015044613155763392 2.0679582539408736 0.00012851463786362147 8.319783298751296e-05 0.9999999882810541 0.03804123420514277
1.0 0.0 0.0 0.0 0.0 1.0 0.0 0.0 0.0 0.0 1.0 0.0
-0.9760282526076691 -0.21764386063688518 -6.2203245106803205e-06 -2.038260467035494 0.21764386057486165 -0.9760282525965895 9.344405807245989e-06 0.8043607836792666 -8.104965017991407e-06 7.766588631167827e-06 0.9999999999369947 0.4790504639574069
0.6895001082392928 -0.7242855776279834 -5.270769864632429e-05 -4.2079383442530425 0.7242855786698578 0.6895001091587141 9.950893141474951e-07 2.0677371871446573 3.562123513143897e-05 -3.8861540204239095e-05 0.9999999986104541 0.03918836147464577
1.0 0.0 0.0 0.0 0.0 1.0 0.0 0.0 0.0 0.0 1.0 0.0
-0.9760279951453036 -0.21764501456501925 -1.810058306320954e-05 -2.0383839802369854 0.21764501464711652 -0.9760279952911762 -2.672887761509568e-06 0.8045417083147156 -1.708493510500167e-05 -6.548314949020157e-06 0.9999999998326125 0.4790884088117641
0.6895059019533099 -0.7242800622088593 -5.155855275895881e-05 -4.208097017828868 0.7242800617755832 0.6895059036807915 -3.0061494267610282e-05 2.0678501282304262 5.7322867450768494e-05 -1.6615254058271636e-05 0.9999999982190112 0.039098369247135334
1.0 0.0 0.0 0.0 0.0 1.0 0.0 0.0 0.0 0.0 1.0 0.0
-0.9760270306165421 -0.2176493406374463 5.093170218416307e-06 -2.0385853239757896 0.2176493406110943 -0.9760270306215192 -5.262640994769604e-06 0.8045111288091245 6.116482147254099e-06 -4.027954723668054e-06 0.999999999973182 0.47891058902188266
0.6895045301965225 -0.7242813694525478 -2.6503121007288215e-05 -4.208246397492104 0.7242813687169573 0.6895045306973236 -3.282308860246047e-05 2.0678886863143218 4.204717357479427e-05 3.435951528003843e-06 0.9999999991101148 0.03896460011344327
1.0 0.0 0.0 0.0 0.0 1.0 0.0 0.0 0.0 0.0 1.0 0.0
-0.9760251109229336 -0.21765794821381965 2.0669418543192205e-05 -2.0381709897588944 0.21765794788877424 -0.9760251110683162 -1.6879819439790283e-05 0.8044924005886611 2.3847898394821566e-05 -1.1976264416916463e-05 0.9999999996439233 0.47830326783752497
0.6895175257011292 -0.7242689976949 2.7000319222441872e-05 -4.207971964405675 0.7242689981199628 0.6895175256954078 -1.1008477089576523e-05 2.068008082254216 -1.064409463543364e-05 2.7146032036697453e-05 0.9999999995748983 0.0379412027911506
1.0 0.0 0.0 0.0 0.0 1.0 0.0 0.0 0.0 0.0 1.0 0.0
-0.9760270115624607 -0.21764942530171216 1.913863231767995e-05 -2.038095544453388 0.21764942558182412 -0.9760270115871733 1.4004021220246434e-05 0.804925786590839 1.5631854936390325e-05 1.783381531181939e-05 0.9999999997187999 0.4787469211697144
0.6895129957162368 -0.7242733108008464 4.120032510536117e-08 -4.2076597867017576 0.7242733106301987 0.6895129955550117 2.1668576129748302e-05 2.0682631589017406 -1.572237953341174e-05 -1.4910924544264512e-05 0.9999999997652355 0.038733241605746316
1.0 0.0 0.0 0.0 0.0 1.0 0.0 0.0 0.0 0.0 1.0 0.0
-0.9760279951453036 -0.21764501456501925 -1.810058306320954e-05 -2.0383839802369854 0.21764501464711652 -0.9760279952911762 -2.672887761509568e-06 0.8045417083147156 -1.708493510500167e-05 -6.548314949020157e-06 0.9999999998326125 0.4790884088117641
0.6895059019533099 -0.7242800622088593 -5.155855275895881e-05 -4.208097017828868 0.7242800617755832 0.6895059036807915 -3.0061494267610282e-05 2.0678501282304262 5.7322867450768494e-05 -1.6615254058271636e-05 0.9999999982190112 0.039098369247135334
1.0 0.0 0.0 0.0 0.0 1.0 0.0 0.0 0.0 0.0 1.0 0.0
-0.9760269825578277 -0.2176495562103396 7.107769130872425e-07 -2.0387163455773827 0.21764955621142273 -0.9760269825550261 2.3455587125074873e-06 0.8046127187898418 1.8322763289540842e-07 2.444028872286722e-06 0.9999999999969965 0.4785789527647102
0.6895073637427979 -0.7242786723954993 -7.580950161102417e-06 -4.208555935717775 0.724278671799826 0.6895073635385977 -3.466890832666982e-05 2.068135508816865 3.0337071854948892e-05 1.8413747070506407e-05 0.999999999370298 0.0389461725662123
1.0 0.0 0.0 0.0 0.0 1.0 0.0 0.0 0.0 0.0 1.0 0.0
-0.9760239704255304 -0.21766305996136204 3.8510261130839834e-05 -2.038051728382901 0.2176630604258907 -0.9760239710466999 8.262357672452457e-06 0.804839513641006 3.5788527941484716e-05 1.644652043608414e-05 0.9999999992243467 0.4780076379663442
0.6895286780793258 -0.7242583791384358 4.851744608012741e-05 -4.20782694144984 0.7242583805701746 0.6895286778959544 -2.308516741977171e-05 2.0684576619143202 -1.6734544512943926e-05 5.1057051901585225e-05 0.9999999985565661 0.03823001747520499
1.0 0.0 0.0 0.0 0.0 1.0 0.0 0.0 0.0 0.0 1.0 0.0
-0.9760252380705043 -0.21765737903660304 -5.748177258401435e-07 -2.0388117138584745 0.21765737893883197 -0.9760252375458071 -3.266693795223277e-05 0.8042672137353528 6.549163488429414e-06 -3.200886921144532e-05 0.9999999994662704 0.47869674176230076
0.689505431968426 -0.7242805110648044 -2.4036217212427117e-05 -4.208346964108231 0.7242805107639694 0.6895054323813675 -2.10728978973996e-05 2.0675701458301368 3.1835791600611215e-05 -2.8790861118774997e-06 0.9999999994890967 0.03904363835080166
1.0 0.0 0.0 0.0 0.0 1.0 0.0 0.0 0.0 0.0 1.0 0.0
-0.9760273145254132 -0.21764806739846296 7.617340525166316e-06 -2.0385030719927033 0.2176480672659017 -0.9760273144652886 -1.5267439293223344e-05 0.8048332393635942 1.0757661072439064e-05 -1.3243538330033254e-05 0.9999999998544407 0.47875528910371307
0.6895006927603047 -0.7242850226790941 -2.461308660235667e-05 -4.208492359379605 0.7242850219034045 0.6895006931768154 -3.398641926351363e-05 2.0683274768989968 4.158659472059295e-05 5.606769657731102e-06 0.9999999991195596 0.03881831764042132
1.0 0.0 0.0 0.0 0.0 1.0 0.0 0.0 0.0 0.0 1.0 0.0
-0.9760257195081544 -0.21765521965974874 -1.4610151196981158e-05 -2.0384319608440724 0.21765521998745674 -0.9760257191749252 -2.6856710557091103e-05 0.8042709952846934 -8.414380093646152e-06 -2.9392815917944023e-05 0.9999999995326304 0.4785371285888618
0.6895073596328762 -0.7242786749093025 -4.564783744439183e-05 -4.208360449531062 0.7242786751184522 0.6895073607652111 -1.4807184504379472e-05 2.0676080988416152 4.219904789289509e-05 -2.2852092535033222e-05 0.9999999988485113 0.03900901349866437
1.0 0.0 0.0 0.0 0.0 1.0 0.0 0.0 0.0 0.0 1.0 0.0
-0.9760267086926252 -0.2176507841736465 8.199943174139457e-06 -2.038600845690068 0.21765078417714218 -0.9760267087261751 -4.7444209120787106e-07 0.8047339462711848 8.10662624119732e-06 1.3216559092898591e-06 0.999999999966268 0.4786389172169021
0.6895032033761682 -0.7242826326803989 -2.305543951284426e-05 -4.208626284675783 0.7242826320018249 0.6895032037419007 -3.178308856019521e-05 2.068250716986335 3.891673846483925e-05 5.215886963085092e-06 0.9999999992291413 0.038811389812197894
