1.0 0.0 0.0 0.0 0.0 1.0 0.0 0.0 0.0 0.0 1.0 0.0
-0.9760252380705043 -0.21765737903660304 -5.748177258401435e-07 -2.0388117138584745 0.21765737893883197 -0.9760252375458071 -3.266693795223277e-05 0.8042672137353528 6.549163488429414e-06 -3.200886921144532e-05 0.9999999994662704 0.47869674176230076
0.689505431968426 -0.7242805110648044 -2.4036217212427117e-05 -4.208346964108231 0.7242805107639694 0.6895054323813675 -2.10728978973996e-05 2.0675701458301368 3.1835791600611215e-05 -2.8790861118774997e-06 0.9999999994890967 0.03904363835080166
1.0 0.0 0.0 0.0 0.0 1.0 0.0 0.0 0.0 0.0 1.0 0.0
-0.9760285470687755 -0.21764253931114505 -1.9723411938168798e-05 -2.0380454655326674 0.21764253982256807 -0.9760285467177896 -2.9181202853693455e-05 0.8043202190555627 -1.2899542001096332e-05 -3.2774340491203275e-05 0.9999999993797222 0.47882444087047765
0.6894977380439429 -0.7242878336197321 -5.746930706603622e-05 -4.208378485463791 0.7242878319947348 0.6894977403954311 -4.913207512330822e-05 2.067598250222362 7.521072161642148e-05 -7.747865158174865e-06 0.999999997141659 0.039012763783198456
1.0 0.0 0.0 0.0 0.0 1.0 0.0 0.0 0.0 0.0 1.0 0.0
-0.9760271807071844 -0.21764866736235333 1.0778529446664926e-05 -2.038605779665528 0.2176486673781473 -0.976027180763131 3.0046301169378065e-07 0.8047398204112086 1.045474233450607e-05 2.6391926365678065e-06 0.9999999999418666 0.47883053167602097
0.6895068419637049 -0.7242791688492609 -2.136028083875271e-05 -4.208250391022446 0.7242791672713125 0.6895068419940126 -5.19636166604957e-05 2.0681487780503214 5.2364224870509016e-05 2.035846280203004e-05 0.9999999984217602 0.03933499580634775
1.0 0.0 0.0 0.0 0.0 1.0 0.0 0.0 0.0 0.0 1.0 0.0
-0.9760281783275453 -0.21764419383217296 -1.3257638893797467e-06 -2.0380657126823483 0.2176441938025989 -0.9760281782657594 1.1629266745076355e-05 0.804385741883497 -3.825025299357352e-06 1.1061947223608526e-05 0.999999999931501 0.4787562997200126
0.6894988233390209 -0.7242868010300355 -4.967677962168359e-05 -4.208060892539543 0.7242868020019082 0.6894988241036893 2.340446449764186e-06 2.0678664719109427 3.2556926662339444e-05 -3.759397091912953e-05 0.9999999987633699 0.03901408643557813
1.0 0.0 0.0 0.0 0.0 1.0 0.0 0.0 0.0 0.0 1.0 0.0
-0.9760268541678386 -0.21765013181838963 7.91647831972894e-06 -2.0384366932270033 0.21765013182539292 -0.9760268541983819 2.3723390067696778e-08 0.8045474156881873 7.721532031760506e-06 1.7461772156534624e-06 0.9999999999686646 0.47863315544349183
0.6895033360362003 -0.7242825063424829 -2.4519416062592816e-05 -4.208386084993408 0.7242825057564123 0.689503336467994 -2.9235533706666935e-05 2.068013194698574 3.808100481072168e-05 2.3990139160422834e-06 0.999999999272041 0.03877422528224156
1.0 0.0 0.0 0.0 0.0 1.0 0.0 0.0 0.0 0.0 1.0 0.0
-0.9760265640444726 -0.21765143288800867 6.429415024697579e-06 -2.0387546754702877 0.21765143288950975 -0.9760265640651998 -4.7377069591750844e-07 0.8045324200482318 6.378396726333093e-06 9.369586082911705e-07 0.9999999999792193 0.4786119854328083
0.6894984872224947 -0.7242871225359377 -1.570042423200418e-05 -4.208732659476516 0.7242871220901443 0.6894984873681211 -2.629543447328952e-05 2.067810173428828 2.9870863329496654e-05 6.7590472075966295e-06 0.9999999995310236 0.03890401420045625
1.0 0.0 0.0 0.0 0.0 1.0 0.0 0.0 0.0 0.0 1.0 0.0
-0.9760282712374581 -0.2176437727260733 -4.403159247259764e-05 -2.039039286585658 0.2176437728498153 -0.9760282722009742 2.019632694657979e-06 0.8045683750913046 -4.341563960247583e-05 -7.611983302820752e-06 0.9999999990285698 0.47893937690886534
0.6895010803355441 -0.7242846540936415 -7.782732105299916e-06 -4.208626341049786 0.7242846535276228 0.6895010801573217 -3.3559763265720065e-05 2.0676990352528573 2.9673023721556443e-05 1.7502579601131822e-05 0.9999999994065855 0.03948961763137987
1.0 0.0 0.0 0.0 0.0 1.0 0.0 0.0 0.0 0.0 1.0 0.0
-0.9760285992821909 -0.21764230605062315 4.5918143718543937e-07 -2.038445365538527 0.21764230586893202 -0.9760285983767197 4.297476595828746e-05 0.8042940980855813 -8.904952950611488e-06 4.204453792954887e-05 0.9999999990764793 0.47948836948514034
0.6895015353207995 -0.7242842185459818 -5.9627985845028404e-05 -4.208053318908039 0.7242842168906284 0.6895015378420047 -4.9765852945022854e-05 2.0676857354641216 7.715820984912544e-05 -8.873977020390738e-06 0.9999999969839316 0.03893134133396631
1.0 0.0 0.0 0.0 0.0 1.0 0.0 0.0 0.0 0.0 1.0 0.0
-0.976025712209878 -0.2176552518351767 -2.1301792640975477e-05 -2.0386124104513508 0.21765525238394626 -0.976025711913315 -2.817423418225145e-05 0.8042572699113899 -1.4658827291235538e-05 -3.213522403720657e-05 0.9999999993762232 0.4788755310168047
0.6895084583811472 -0.7242776286438645 -4.9667643148348005e-05 -4.208197321336204 0.724277628917036 0.6895084597076794 -1.5551850586515766e-05 2.0674960236063624 4.551011758835368e-05 -2.5250030290501045e-05 0.9999999986456326 0.03920160814997253
1.0 0.0 0.0 0.0 0.0 1.0 0.0 0.0 0.0 0.0 1.0 0.0
-0.9760276683865993 -0.21764648047455834 8.992051064698905e-06 -2.0388512904109417 0.21764648004694168 -0.9760276679047175 -3.475134596053244e-05 0.8049693979747596 1.6339998770441796e-05 -3.196118690862014e-05 0.9999999993557435 0.4791537734691742
0.6895024438010182 -0.7242833557826737 -2.2991572150852982e-05 -4.208562244305668 0.7242833543143611 0.6895024439669719 -4.9261648471900765e-05 2.0684193254508316 5.1532137255317064e-05 1.73136140087071e-05 0.9999999985223388 0.03913784528806902
1.0 0.0 0.0 0.0 0.0 1.0 0.0 0.0 0.0 0.0 1.0 0.0
-0.976026579415479 -0.21765136402954027 3.2558142433131213e-06 -2.038383469450789 0.21765136401915147 -0.9760265788832192 3.246724063266483e-05 0.8040969819788875 -3.888777972594454e-06 3.2397522228810626e-05 0.999999999467639 0.4793075946187177
0.6895006939097549 -0.7242850171289368 -8.40267993714383e-05 -4.207941311138408 0.7242850153762711 0.6895006986546967 -5.5281822747777217e-05 2.067400855568966 9.797633280811575e-05 -2.274249652957415e-05 0.9999999949417085 0.039298105577589504
1.0 0.0 0.0 0.0 0.0 1.0 0.0 0.0 0.0 0.0 1.0 0.0
-0.9760265542411358 -0.21765147658261338 -1.2553212585764374e-05 -2.0382761800302993 0.2176514769150943 -0.9760265534353855 -3.98211206233072e-05 0.8047099602030026 -3.5851431117866137e-06 -4.1598696407306595e-05 0.9999999991283479 0.4789746428961157
0.6895257770758637 -0.7242611425004868 1.455388738550116e-05 -4.20779469337037 0.7242611426128162 0.6895257767099529 -2.3531117646777888e-05 2.068046480730303 7.007393647529685e-06 2.6766127288139977e-05 0.9999999996172355 0.0383172744688281
1.0 0.0 0.0 0.0 0.0 1.0 0.0 0.0 0.0 0.0 1.0 0.0
-0.9760331264814123 -0.21762198278978503 -9.283082798832644e-05 -2.037965486418286 0.21762198222245352 -0.9760331308865227 1.6291818662978862e-05 0.8050839844320996 -9.415142156492389e-05 -4.300674092484459e-06 0.999999995558507 0.47949520503100673
0.6894962917256481 -0.7242891808627211 -0.0002148994842746861 -4.207657070605961 0.7242891986625445 0.6894963064775211 7.390850249652362e-06 2.068384407856098 0.00014281928779811808 -0.00016074533909814592 0.9999999768817931 0.03987480695803691
1.0 0.0 0.0 0.0 0.0 1.0 0.0 0.0 0.0 0.0 1.0 0.0
-0.9760282712374581 -0.2176437727260733 -4.403159247259764e-05 -2.039039286585658 0.2176437728498153 -0.9760282722009742 2.019632694657979e-06 0.8045683750913046 -4.341563960247583e-05 -7.611983302820752e-06 0.9999999990285698 0.47893937690886534
0.6895010803355441 -0.7242846540936415 -7.782732105299916e-06 -4.208626341049786 0.7242846535276228 0.6895010801573217 -3.3559763265720065e-05 2.0676990352528573 2.9673023721556443e-05 1.7502579601131822e-05 0.9999999994065855 0.03948961763137987
1.0 0.0 0.0 0.0 0.0 1.0 0.0 0.0 0.0 0.0 1.0 0.0
-0.9760270023040448 -0.2176494675460075 7.093633138438525e-06 -2.0387491661825434 0.21764946748377983 -0.9760270023056982 -8.612759787474648e-06 0.8046757705605887 8.798140069420726e-06 -6.862360641871181e-06 0.9999999999377506 0.4789486393725539
0.6895046761056657 -0.7242812306410484 -2.3864394022531664e-05 -4.20845055688405 0.7242812297322064 0.6895046764675548 -3.7242114201580294e-05 2.068096429477464 4.342837558519893e-05 8.39407924059798e-06 0.9999999990217577 0.03902612175032821
1.0 0.0 0.0 0.0 0.0 1.0 0.0 0.0 0.0 0.0 1.0 0.0
-0.9760270115624607 -0.21764942530171216 1.913863231767995e-05 -2.038095544453388 0.21764942558182412 -0.9760270115871733 1.4004021220246434e-05 0.804925786590839 1.5631854936390325e-05 1.783381531181939e-05 0.9999999997187999 0.4787469211697144
0.6895129957162368 -0.7242733108008464 4.120032510536117e-08 -4.2076597867017576 0.7242733106301987 0.6895129955550117 2.1668576129748302e-05 2.0682631589017406 -1.572237953341174e-05 -1.4910924544264512e-05 0.9999999997652355 0.038733241605746316
1.0 0.0 0.0 0.0 0.0 1.0 0.0 0.0 0.0 0.0 1.0 0.0
-0.9760240054429696 -0.2176629062906551 4.916114064550878e-06 -2.038526092616138 0.2176629051769134 -0.9760240022920162 -8.160772919014939e-05 0.8036791148810538 2.2561220836318148e-05 -7.858104704982654e-05 0.9999999966580051 0.478300947120953
0.6895073262496152 -0.7242787073052172 -3.4531002014945196e-05 -4.208032327146028 0.7242787055916118 0.6895073270412997 -5.082225821489305e-05 2.0670558249954687 6.061885838159017e-05 1.0032249933545505e-05 0.999999998112354 0.03885170392768034
1.0 0.0 0.0 0.0 0.0 1.0 0.0 0.0 0.0 0.0 1.0 0.0
-0.9760300337270006 -0.21763586550180514 -5.753391298679326e-05 -2.0380206898805806 0.21763586538903248 -0.9760300354126664 8.289560831289263e-06 0.8046584192596303 -5.7958932876076656e-05 -4.430582604354507e-06 0.9999999983105662 0.47946735394342244
0.6895083774220316 -0.7242777059841625 -4.559777285066365e-05 -4.207524787639382 0.7242777072178563 0.6895083743780972 6.700536979764587e-05 2.0676722308840123 -1.7090449292135472e-05 -7.922621418225727e-05 0.9999999967155618 0.03925075444409365
1.0 0.0 0.0 0.0 0.0 1.0 0.0 0.0 0.0 0.0 1.0 0.0
-0.9760275526609434 -0.21764699650797387 3.6847618997452086e-05 -2.038462043563674 0.21764699847211544 -0.9760275509353513 6.221911929394741e-05 0.804508112642592 2.242248688818386e-05 6.874734840883345e-05 0.9999999973855173 0.47921213989766576
0.689510319342011 -0.7242758587041256 4.390823918580661e-06 -4.2078109469053935 0.7242758584901235 0.6895103192648252 2.0873758375819915e-05 2.067958549428251 -1.814587767396538e-05 -1.1212504040470888e-05 0.9999999997725034 0.038517065912142434
1.0 0.0 0.0 0.0 0.0 1.0 0.0 0.0 0.0 0.0 1.0 0.0
-0.9760255682722597 -0.21765589782826483 1.4811616859641059e-05 -2.0386156011911845 0.2176558973013143 -0.9760255680127132 -3.09098812484594e-05 0.8044413359363904 2.118423471351759e-05 -2.6944998652690882e-05 0.9999999994125975 0.47838574220276986
0.6895078982869522 -0.7242781634813799 -1.0195584422990096e-05 -4.208685828489887 0.7242781598733701 0.6895078961345097 -9.109669245331555e-05 2.0680376974654755 7.300928107467583e-05 5.542744982966468e-05 0.9999999957987212 0.03842282366587357
