1.0 0.0 0.0 0.0 0.0 1.0 0.0 0.0 0.0 0.0 1.0 0.0
-0.9760257509782798 -0.21765507655865624 3.2795298860453414e-05 -2.039084426161672 0.21765507737435466 -0.9760257510585562 2.3743346110727402e-05 0.8039029635779813 2.684119638597365e-05 3.0312180529444692e-05 0.9999999991803611 0.47921774201345646
0.6894986799484961 -0.7242869386439177 -2.9310464908142114e-05 -4.208580671497508 0.7242869297977226 0.6894986769314505 -0.00013354388192191553 2.0672104245387484 0.00011693361618625983 7.084914366109651e-05 0.9999999906534642 0.03824880590586471
1.0 0.0 0.0 0.0 0.0 1.0 0.0 0.0 0.0 0.0 1.0 0.0
-0.9760267086926252 -0.2176507841736465 8.199943174139457e-06 -2.038600845690068 0.21765078417714218 -0.9760267087261751 -4.7444209120787106e-07 0.8047339462711848 8.10662624119732e-06 1.3216559092898591e-06 0.999999999966268 0.4786389172169021
0.6895032033761682 -0.7242826326803989 -2.305543951284426e-05 -4.208626284675783 0.7242826320018249 0.6895032037419007 -3.178308856019521e-05 2.068250716986335 3.891673846483925e-05 5.215886963085092e-06 0.9999999992291413 0.038811389812197894
1.0 0.0 0.0 0.0 0.0 1.0 0.0 0.0 0.0 0.0 1.0 0.0
-0.976027877810994 -0.21764554140471162 6.512865572607675e-06 -2.037777721085435 0.2176455414998554 -0.9760278775013148 2.4607169578638214e-05 0.8046497934171821 1.001097615903959e-06 2.54347796570437e-05 0.9999999996760348 0.47867164977534593
0.6895077723162567 -0.7242782834470486 -6.5168714156354056e-06 -4.207593562182599 0.7242782818245793 0.6895077701081783 7.37406490821087e-05 2.0681059091432012 -4.8915317259581665e-05 -5.556477910954692e-05 0.9999999972599236 0.038542278214446335
1.0 0.0 0.0 0.0 0.0 1.0 0.0 0.0 0.0 0.0 1.0 0.0
-0.9760257484801798 -0.21765508587362098 4.355515717090189e-05 -2.0382439540032227 0.2176550878544634 -0.9760257478534353 4.7520599485440306e-05 0.8041890492922863 3.216785468883494e-05 5.5861330241551207e-05 0.9999999979223706 0.4786823507511938
0.6895136475764805 -0.7242726901609069 9.63640681435108e-06 -4.207925932933216 0.7242726893009922 0.6895136459637009 -5.9687124172540705e-05 2.067847559467107 3.658531999586132e-05 4.813447298018626e-05 0.9999999981722932 0.03767565853151583
1.0 0.0 0.0 0.0 0.0 1.0 0.0 0.0 0.0 0.0 1.0 0.0
-0.9760262380692688 -0.21765289352810893 2.322052473209234e-05 -2.038745103873322 0.21765289389044537 -0.9760262381585623 1.4393070291554567e-05 0.8050894158464463 1.9531148006620536e-05 1.9102028656525403e-05 0.9999999996268233 0.4787769278813462
0.6895173770980004 -0.7242691363822102 6.902217837935286e-05 -4.208107615847751 0.7242691367593096 0.6895173797402736 2.3958968685453835e-05 2.068315339601243 -6.494473313851834e-05 3.3470508306096985e-05 0.9999999973309535 0.039372434024667224
1.0 0.0 0.0 0.0 0.0 1.0 0.0 0.0 0.0 0.0 1.0 0.0
-0.9760279951453036 -0.21764501456501925 -1.810058306320954e-05 -2.0383839802369854 0.21764501464711652 -0.9760279952911762 -2.672887761509568e-06 0.8045417083147156 -1.708493510500167e-05 -6.548314949020157e-06 0.9999999998326125 0.4790884088117641
0.6895059019533099 -0.7242800622088593 -5.155855275895881e-05 -4.208097017828868 0.7242800617755832 0.6895059036807915 -3.0061494267610282e-05 2.0678501282304262 5.7322867450768494e-05 -1.6615254058271636e-05 0.9999999982190112 0.039098369247135334
1.0 0.0 0.0 0.0 0.0 1.0 0.0 0.0 0.0 0.0 1.0 0.0
-0.9760279951453036 -0.21764501456501925 -1.810058306320954e-05 -2.0383839802369854 0.21764501464711652 -0.9760279952911762 -2.672887761509568e-06 0.8045417083147156 -1.708493510500167e-05 -6.548314949020157e-06 0.9999999998326125 0.4790884088117641
0.6895059019533099 -0.7242800622088593 -5.155855275895881e-05 -4.208097017828868 0.7242800617755832 0.6895059036807915 -3.0061494267610282e-05 2.0678501282304262 5.7322867450768494e-05 -1.6615254058271636e-05 0.9999999982190112 0.039098369247135334
1.0 0.0 0.0 0.0 0.0 1.0 0.0 0.0 0.0 0.0 1.0 0.0
-0.976027362773343 -0.21764785066300985 1.4814986478334904e-05 -2.038190196792183 0.21764785060715458 -0.97602736288383 -5.302968936556919e-06 0.8050587059853906 1.5614011974785028e-05 -1.9513928222280044e-06 0.9999999998761974 0.47862307783548635
0.6894971104024323 -0.7242884323486982 -3.889166082689363e-05 -4.208367298504811 0.7242884304162356 0.6894971114429507 -5.363778997842181e-05 2.068556688404974 6.566491861748087e-05 8.814321221900473e-06 0.9999999978052131 0.039082909835707225
1.0 0.0 0.0 0.0 0.0 1.0 0.0 0.0 0.0 0.0 1.0 0.0
-0.9760252664787856 -0.2176572516476743 4.4334923836349513e-07 -2.0388727684544055 0.21765725156216734 -0.9760252661485497 -2.6116219664517813e-05 0.8044824929923848 6.117104653972079e-06 -2.5393592080764465e-05 0.9999999996588733 0.47858421757997677
0.6895060140460525 -0.7242799571476519 -1.6386550723804876e-05 -4.20838039367447 0.7242799562412799 0.6895060140724902 -3.930644288343173e-05 2.067777391092782 3.976749404120514e-05 1.5233578517707013e-05 0.9999999990932423 0.039444458927960835
1.0 0.0 0.0 0.0 0.0 1.0 0.0 0.0 0.0 0.0 1.0 0.0
-0.9760267188638261 -0.21765073853874753 8.80065641145755e-06 -2.0387013099985776 0.21765073854958836 -0.9760267189010454 2.818247172631897e-07 0.8047349502373387 8.52833644359884e-06 2.190537821761211e-06 0.9999999999612346 0.47889252100683355
0.6895091054234964 -0.7242770139178313 2.5462921883780964e-05 -4.208164425196192 0.7242770127471839 0.6895091058069392 4.260670449659585e-05 2.0679246216171365 -4.8415973204987785e-05 -1.0935501704690051e-05 0.9999999987681542 0.03875940138012235
1.0 0.0 0.0 0.0 0.0 1.0 0.0 0.0 0.0 0.0 1.0 0.0
-0.9760287405797567 -0.21764166872189666 3.997800552072431e-05 -2.0389709046481252 0.2176416697564882 -0.9760287408821882 2.3612218002472652e-05 0.8046394888855426 3.388067986308355e-05 3.174708327435159e-05 0.999999998922111 0.47924983187741765
0.6895026322466561 -0.7242831764440902 -2.109483767705774e-05 -4.208709712102431 0.7242831742775628 0.6895026320064351 -6.256689492714033e-05 2.0683525034016697 5.986109549814915e-05 2.7861402750151375e-05 0.9999999978201959 0.038795484124989954
1.0 0.0 0.0 0.0 0.0 1.0 0.0 0.0 0.0 0.0 1.0 0.0
-0.9760278804350184 -0.2176455042150478 -0.00010539687734503726 -2.038544339692955 0.21764550223651075 -0.9760278861048901 3.003057863952509e-05 0.8042805167927958 -0.000109406311826999 6.371525713855074e-06 0.9999999939948312 0.4784957433288584
0.6895050863533553 -0.7242808229439878 -0.00015940022406068157 -4.208466416331835 0.7242808387856812 0.6895050831112413 8.325665763065759e-05 2.0677066726351954 4.9606064234610136e-05 -0.00017285641689441476 0.9999999838299486 0.039268610744864596
1.0 0.0 0.0 0.0 0.0 1.0 0.0 0.0 0.0 0.0 1.0 0.0
-0.9760258590532138 -0.21765459418409006 9.486452726034965e-06 -2.038743554987362 0.21765459385046806 -0.9760258587742467 -2.7924568973187882e-05 0.8043171014503467 1.5336933896281085e-05 -2.5190331405578054e-05 0.9999999995651128 0.47833811115982866
0.6895121619061547 -0.7242741045264945 9.790042210702144e-06 -4.208619469732653 0.7242741019547891 0.6895121581782543 -9.466757357316606e-05 2.0679173597674323 6.181491894403865e-05 7.236511734709886e-05 0.9999999954711029 0.038584151577538306
1.0 0.0 0.0 0.0 0.0 1.0 0.0 0.0 0.0 0.0 1.0 0.0
-0.976028159220985 -0.21764427917670318 -1.2220841652574048e-05 -2.0386144012590472 0.21764427922044532 -0.9760281592848978 -2.355271868714607e-06 0.8049556931396278 -1.1415274134942484e-05 -4.958607939427237e-06 0.9999999999225518 0.47906298720028456
0.6894961764581087 -0.7242893197904295 -6.234712818166369e-05 -4.208566646045111 0.724289318038054 0.6894961792077171 -5.132182169394616e-05 2.0680625945948874 8.01599539909404e-05 -9.771159125492048e-06 0.9999999967394531 0.03962579090851692
1.0 0.0 0.0 0.0 0.0 1.0 0.0 0.0 0.0 0.0 1.0 0.0
-0.9760232880053046 -0.2176661232135418 8.746509931044797e-06 -2.0389484200316903 0.21766612199520605 -0.9760232855141113 -7.395814793983727e-05 0.804133770466009 2.463498070182484e-05 -7.028105582944832e-05 0.9999999972268456 0.47819420155201253
0.6895116761602899 -0.7242745670146181 -3.7967076026771845e-06 -4.208433824033248 0.724274562180245 0.6895116721452991 -0.00011204467092210954 2.0674894279188263 8.376897972643225e-05 7.450625011591955e-05 0.9999999937157882 0.038971770834211716
1.0 0.0 0.0 0.0 0.0 1.0 0.0 0.0 0.0 0.0 1.0 0.0
-0.9760289637996714 -0.21764067044030216 -1.9860396577101144e-05 -2.0384535732584785 0.21764067089374256 -0.9760289635914771 -2.4565602108877798e-05 0.8048320549029915 -1.4037848174917416e-05 -2.829916920671296e-05 0.9999999995010479 0.4792605246931502
0.6895026886658102 -0.7242831211471875 -5.238231374442418e-05 -4.208170981549127 0.7242831200977223 0.6895026905807502 -4.0291609932000974e-05 2.0681548763110156 6.530027926322442e-05 -1.0158452257955061e-05 0.9999999978163396 0.039190326487298865
1.0 0.0 0.0 0.0 0.0 1.0 0.0 0.0 0.0 0.0 1.0 0.0
-0.9760289039234975 -0.21764093985721786 -1.9906147465482535e-06 -2.0384949133217702 0.21764093985518415 -0.9760289037401988 -1.9043548983550182e-05 0.8048355790271615 2.2017583701515094e-06 -1.90202935055447e-05 0.9999999998166904 0.47926002766388176
0.689497695320397 -0.724287874818942 -5.037978166013522e-05 -4.208233987881967 0.7242878753501072 0.6894976965289397 -1.0105155112819015e-05 2.0682940844353643 4.205578472767516e-05 -2.9521983858077064e-05 0.9999999986798819 0.03929301659917661
1.0 0.0 0.0 0.0 0.0 1.0 0.0 0.0 0.0 0.0 1.0 0.0
-0.976028229372828 -0.2176439635999838 2.399648326857001e-05 -2.038756352048367 0.21764396411901932 -0.9760282293115911 2.166655667599507e-05 0.8045366455025535 1.8705649801801022e-05 2.6369860692564563e-05 0.9999999994773645 0.4794070635749605
0.6894990215888279 -0.7242866131190027 -3.5842072895656843e-05 -4.208306394463781 0.7242866105580301 0.6894990222908903 -6.345287524006153e-05 2.0680236048722658 7.067114231873351e-05 1.7790761902059737e-05 0.9999999973445391 0.03887156867055741
1.0 0.0 0.0 0.0 0.0 1.0 0.0 0.0 0.0 0.0 1.0 0.0
-0.9760273317169905 -0.21764799018915448 -1.0393891841872905e-05 -2.0384379866709668 0.2176479904352733 -0.976027330386795 -5.0965809964568544e-05 0.8045383616037807 9.478836004027588e-07 -5.200623318071207e-05 0.9999999986472266 0.4790379531685317
0.6895088057612795 -0.7242772989558043 -3.1542635348551125e-05 -4.208181123861782 0.7242772936575158 0.6895088050083499 -9.852970329344763e-05 2.067912074977569 9.311175217429415e-05 4.5091483484811756e-05 0.9999999946484799 0.03882004437469949
1.0 0.0 0.0 0.0 0.0 1.0 0.0 0.0 0.0 0.0 1.0 0.0
-0.9760270306165421 -0.2176493406374463 5.093170218416307e-06 -2.0385853239757896 0.2176493406110943 -0.9760270306215192 -5.262640994769604e-06 0.8045111288091245 6.116482147254099e-06 -4.027954723668054e-06 0.999999999973182 0.47891058902188266
0.6895045301965225 -0.7242813694525478 -2.6503121007288215e-05 -4.208246397492104 0.7242813687169573 0.6895045306973236 -3.282308860246047e-05 2.0678886863143218 4.204717357479427e-05 3.435951528003843e-06 0.9999999991101148 0.03896460011344327
