1.0 0.0 0.0 0.0 0.0 1.0 0.0 0.0 0.0 0.0 1.0 0.0
-0.976024649818131 -0.21766001681010352 5.442424891806055e-06 -2.0386792835503984 0.21766001662562812 -0.9760246495851282 -2.3764654903871752e-05 0.8046529375442999 1.0484556033781803e-05 -2.2010290688166986e-05 0.9999999997028105 0.47856236684592746
0.6895086209968024 -0.7242774749825382 2.835501112059588e-05 -4.2080984053152335 0.7242774724864729 0.6895086211572552 6.479526566011067e-05 2.0676803703941253 -6.648077602378992e-05 -2.4139998485672507e-05 0.9999999974987834 0.039051960667340624
1.0 0.0 0.0 0.0 0.0 1.0 0.0 0.0 0.0 0.0 1.0 0.0
-0.976024291837319 -0.21766162162822827 1.4616074299435167e-05 -2.0388953439502546 0.2176616218068421 -0.9760242918333167 1.1986977008739026e-05 0.8033757761808822 1.1656538713342213e-05 1.488093918271411e-05 0.9999999998213414 0.47916561822278986
0.68949956846421 -0.7242860923856962 -3.8266536435831766e-05 -4.208206957942962 0.7242860789772826 0.6894995643175674 -0.00016311222741976258 2.0669307925138156 0.00014452467801863932 8.474989078601281e-05 0.9999999859650367 0.03813768684450097
1.0 0.0 0.0 0.0 0.0 1.0 0.0 0.0 0.0 0.0 1.0 0.0
-0.9760264364130581 -0.21765200522808317 -6.559054011612877e-06 -2.0385524655926273 0.21765200532685752 -0.9760264359480431 -3.012901954015654e-05 0.8044200767926148 1.5583140832504756e-07 -3.0834310833076004e-05 0.9999999995246103 0.47890419198101264
0.6895117328242998 -0.724274512582545 -2.685047947874489e-05 -4.20834244390532 0.724274508218911 0.6895117320177413 -9.030032761247305e-05 2.067826421828655 8.391594637846097e-05 4.2816017546760395e-05 0.9999999955624512 0.03877933197855993
1.0 0.0 0.0 0.0 0.0 1.0 0.0 0.0 0.0 0.0 1.0 0.0
-0.9760252079332243 -0.21765751412296153 4.9719526719874345e-06 -2.039015230532387 0.21765751417659437 -0.97602520754145 2.767916139734746e-05 0.8038346755875212 -1.171826324193284e-06 2.80977421174466e-05 0.9999999996045719 0.4790620240358881
0.6894980491450688 -0.724287538269739 -4.617688015772056e-05 -4.208788764251785 0.7242875375424016 0.6894980506185033 -3.397128479292954e-05 2.067011733831192 5.6443847086922614e-05 -1.0022204229150167e-05 0.9999999983568237 0.038905368783787475
1.0 0.0 0.0 0.0 0.0 1.0 0.0 0.0 0.0 0.0 1.0 0.0
-0.97602766838127 -0.2176464792895421 2.4639174196901403e-05 -2.038664845382577 0.21764648013540736 -0.9760276677052134 3.9478964641816584e-05 0.8042805441190011 1.5456058065296595e-05 4.389519134685946e-05 0.9999999989171613 0.47929394755416166
0.6895004790167701 -0.7242852257069067 -3.5473074615574086e-05 -4.2082187091327485 0.7242852238347879 0.6895004798414143 -5.322640967737679e-05 2.067732318283077 6.30098041156334e-05 1.1007011180844246e-05 0.999999997954305 0.03879428597149509
1.0 0.0 0.0 0.0 0.0 1.0 0.0 0.0 0.0 0.0 1.0 0.0
-0.9760252805521842 -0.21765718818734 1.2385929108515802e-05 -2.03917025036975 0.21765718761511904 -0.9760252800708821 -3.6633770655034904e-05 0.8043886143924663 2.006258344056704e-05 -3.3059599785582985e-05 0.9999999992522779 0.4787278026107056
0.689503387825853 -0.724282457446958 -3.3563956020162017e-06 -4.20888519493816 0.7242824541176467 0.6895033850864505 -9.279893899432751e-05 2.067650886594892 6.952688971264787e-05 6.155420437970117e-05 0.9999999956885457 0.03881923338327614
1.0 0.0 0.0 0.0 0.0 1.0 0.0 0.0 0.0 0.0 1.0 0.0
-0.9760239956075083 -0.2176629494776538 -2.0568017708833898e-05 -2.038038999934229 0.21766294780806852 -0.9760239941270017 6.356002615129576e-05 0.8029284962510221 -3.390954155642196e-05 5.7559215320028066e-05 0.9999999977685397 0.4794722785680059
0.6895091128633529 -0.7242770064809492 -3.4079129665747666e-05 -4.207906774268963 0.7242769863606694 0.6895091034920118 -0.0002079181328844752 2.0665857914185812 0.00017408819302229493 0.00011867871802127848 0.9999999778043315 0.03737325826130228
1.0 0.0 0.0 0.0 0.0 1.0 0.0 0.0 0.0 0.0 1.0 0.0
-0.9760276241592559 -0.2176466789417206 4.86606822910911e-06 -2.038660467399447 0.21764667875540125 -0.9760276238873531 -2.521012315247172e-05 0.804766128812643 1.023631659117771e-05 -2.3546693016609717e-05 0.9999999996703854 0.47905570352143023
0.689502603630625 -0.7242832035048317 -2.6596406145167032e-05 -4.2083259822567864 0.7242832024039181 0.6895026040854249 -4.0926077570204384e-05 2.0681657116696126 4.798036186585608e-05 8.955306825797876e-06 0.9999999988088436 0.039033913527442066
1.0 0.0 0.0 0.0 0.0 1.0 0.0 0.0 0.0 0.0 1.0 0.0
-0.9760270115624607 -0.21764942530171216 1.913863231767995e-05 -2.038095544453388 0.21764942558182412 -0.9760270115871733 1.4004021220246434e-05 0.804925786590839 1.5631854936390325e-05 1.783381531181939e-05 0.9999999997187999 0.4787469211697144
0.6895129957162368 -0.7242733108008464 4.120032510536117e-08 -4.2076597867017576 0.7242733106301987 0.6895129955550117 2.1668576129748302e-05 2.0682631589017406 -1.572237953341174e-05 -1.4910924544264512e-05 0.9999999997652355 0.038733241605746316
1.0 0.0 0.0 0.0 0.0 1.0 0.0 0.0 0.0 0.0 1.0 0.0
-0.9760261515097824 -0.21765328239852866 1.5170652343845678e-05 -2.0387662569482567 0.21765328141951135 -0.9760261505819215 -4.9674489905948626e-05 0.8046893619425799 2.5618769188484094e-05 -4.518165894719937e-05 0.9999999986511481 0.47875178256369444
0.6894988625305769 -0.7242867650656979 -2.2797077636038364e-05 -4.208601779290488 0.7242867584457898 0.689498859914879 -0.00011711605710791125 2.067914555355137 0.00010054416917938044 6.423976669693064e-05 0.9999999928820612 0.039065783308516455
1.0 0.0 0.0 0.0 0.0 1.0 0.0 0.0 0.0 0.0 1.0 0.0
-0.9760270306165421 -0.2176493406374463 5.093170218416307e-06 -2.0385853239757896 0.2176493406110943 -0.9760270306215192 -5.262640994769604e-06 0.8045111288091245 6.116482147254099e-06 -4.027954723668054e-06 0.999999999973182 0.47891058902188266
0.6895045301965225 -0.7242813694525478 -2.6503121007288215e-05 -4.208246397492104 0.7242813687169573 0.6895045306973236 -3.282308860246047e-05 2.0678886863143218 4.204717357479427e-05 3.435951528003843e-06 0.9999999991101148 0.03896460011344327
1.0 0.0 0.0 0.0 0.0 1.0 0.0 0.0 0.0 0.0 1.0 0.0
-0.9760255013440069 -0.21765619845106948 -1.4170948610675636e-06 -2.0384939433412557 0.21765619819026097 -0.9760254998115715 -5.5739885139025514e-05 0.8048686776276632 1.0749010781406328e-05 -5.471198881760919e-05 0.9999999984455284 0.4785445167350746
0.6895117155005301 -0.7242745286662492 3.6232556128070605e-05 -4.208152465665521 0.7242745206949269 0.689511714018854 0.00012207749879426786 2.068263411251321 -0.00011340039477912671 -5.793154839444088e-05 0.9999999918921431 0.03809519243667531
1.0 0.0 0.0 0.0 0.0 1.0 0.0 0.0 0.0 0.0 1.0 0.0
-0.9760283140387837 -0.21764358335742134 2.8599834495990998e-05 -2.038982221674629 0.21764358375210285 -0.9760283143024849 1.1462566767016943e-05 0.8047332477986492 2.5419494146805602e-05 1.7412360190596386e-05 0.9999999995253297 0.4795157795120229
0.6894995475709818 -0.7242861125638598 -3.235030594211813e-05 -4.208569068104221 0.7242861095187535 0.6894995478523362 -7.120120401354183e-05 2.0682892915614817 7.387556458480106e-05 2.56623207212846e-05 0.9999999969419232 0.038971252124267663
1.0 0.0 0.0 0.0 0.0 1.0 0.0 0.0 0.0 0.0 1.0 0.0
-0.9760255303988383 -0.217656067924984 1.025190742421974e-05 -2.03898148118789 0.21765606756070868 -0.9760255301139471 -2.8632082522335343e-05 0.8045324611967538 1.6238069876712746e-05 -2.5714253675336306e-05 0.999999999537551 0.4783471547553294
0.6895143058407504 -0.7242720631248214 2.4856844466083768e-05 -4.208933535016977 0.724272060942202 0.6895143000376107 -0.00010854574434417711 2.0682349320114053 6.147750048639683e-05 9.284696153341024e-05 0.9999999937999794 0.03881984339709299
1.0 0.0 0.0 0.0 0.0 1.0 0.0 0.0 0.0 0.0 1.0 0.0
-0.9760276904602521 -0.21764637513144405 5.3357001288692586e-05 -2.0381444809380698 0.21764637905004053 -0.976027687424901 8.406191565493506e-05 0.804700636431606 3.3782139346827455e-05 9.36597155198032e-05 0.9999999950433124 0.4790358312742824
0.689508647960462 -0.7242774498114658 -9.073867473702452e-06 -4.207590423386644 0.7242774498572812 0.6895086479649786 3.1209189268801497e-06 2.068136042995439 3.996098892175164e-06 -8.72389818386278e-06 0.9999999999539625 0.03865942134155381
1.0 0.0 0.0 0.0 0.0 1.0 0.0 0.0 0.0 0.0 1.0 0.0
-0.9760293863415033 -0.21763877249735525 -4.127557088966931e-05 -2.0391630403817342 0.21763876727127013 -0.9760293827628689 0.00010470995593972902 0.8034230284147066 -6.307511625760344e-05 9.32168296728625e-05 0.9999999936660763 0.4800980996918793
0.6894613058907324 -0.7243225088413264 -0.00010423652389431016 -4.208086204343383 0.7243225162236464 0.6894613012364084 8.117169729588493e-05 2.0661443332381584 1.307256196826193e-05 -0.0001314656056885319 0.9999999912729511 0.0400048693052506
1.0 0.0 0.0 0.0 0.0 1.0 0.0 0.0 0.0 0.0 1.0 0.0
-0.9760297058588046 -0.21763734220613745 2.363523932322228e-05 -2.037820915060826 0.21763734333817344 -0.9760297034745944 6.870224032289542e-05 0.8047994564428758 8.116522640713483e-06 7.219933810966164e-05 0.9999999973606888 0.47928662589686444
0.6895100588328978 -0.7242761053461331 -4.464180196371966e-05 -4.2073033879633694 0.7242761055080139 0.6895100599360756 -1.539783588399438e-05 2.0681018815740746 4.193325615247719e-05 -2.1716027742870718e-05 0.9999999988850079 0.038904898945805344
1.0 0.0 0.0 0.0 0.0 1.0 0.0 0.0 0.0 0.0 1.0 0.0
-0.9760306810271819 -0.21763296767087673 -3.2808268414965616e-05 -2.0380050524978977 0.21763296437083313 -0.9760306787688217 8.319397199655193e-05 0.8041149807314958 -5.012762750822695e-05 7.405970843412974e-05 0.9999999960011902 0.47994472821289197
0.6894941758373307 -0.7242912193846635 -0.00010492224032334588 -4.207628186624404 0.7242912237229995 0.6894941792451876 4.98442182153449e-06 2.0674908603233444 6.873310101726926e-05 -7.943098765541389e-05 0.9999999944832394 0.03938502246275605
1.0 0.0 0.0 0.0 0.0 1.0 0.0 0.0 0.0 0.0 1.0 0.0
-0.9760307145102403 -0.217632815557829 -4.3874844833532756e-05 -2.0376317135043465 0.21763281480674104 -0.9760307154318716 2.1280122137007217e-05 0.8046116280285309 -4.7454449088426504e-05 1.1221446833915456e-05 0.999999998811077 0.47937047562230695
0.6894968984655527 -0.7242886197866563 -0.00014917748966116514 -4.207504248919138 0.7242886281565178 0.6894969058043859 3.053811687415674e-06 2.0678641741512305 0.00010064557648486897 -0.0001101531530254956 0.9999999888683754 0.03995233386554847
1.0 0.0 0.0 0.0 0.0 1.0 0.0 0.0 0.0 0.0 1.0 0.0
-0.9760246634946236 -0.2176599555253199 -3.3047760204197954e-06 -2.039172764488414 0.21765995550912726 -0.9760246629013016 -3.4295257391801364e-05 0.8042385323697896 4.239161297336034e-06 -3.4192334456865314e-05 0.9999999994064569 0.4786577154143043
0.6894995679758928 -0.7242860937725912 -1.1344501278604871e-05 -4.2086814550117655 0.7242860936468529 0.689499568068309 -1.3542449800394619e-05 2.0673145956279546 1.7630636797586046e-05 1.1208487712540922e-06 0.9999999998439523 0.03923262614120432
