1657568167.1327314 0.3859646689027005 -12.731443945711565 0.0694940302337159
1657568167.2327313 0.38597284873996685 -12.731543730160483 0.06949827214979742
1657568167.3327315 0.3859810285772332 -12.731643514609402 0.06950251406587894
1657568167.4327314 0.38598367237182235 -12.731627714905837 0.06950725804021031
1657568167.5327315 0.385985033335677 -12.731585131647329 0.06951211835319562
1657568167.6327314 0.38598639429953174 -12.73154254838882 0.06951697866618095
1657568167.7327313 0.38598775526338647 -12.731499965130311 0.06952183897916626
1657568167.8327315 0.38598636420715476 -12.731477768417365 0.06952442017486579
1657568167.9327314 0.3859843335669606 -12.73146030964498 0.0695264716917044
1657568168.0327315 0.38598230292676644 -12.731442850872595 0.06952852320854301
1657568168.1327314 0.3859802722865723 -12.73142539210021 0.06953057472538161
1657568168.2327313 0.38597884268004 -12.731383546763121 0.06953269601591733
1657568168.3327315 0.3859775525902188 -12.731336040622795 0.06953483350287822
1657568168.4327314 0.3859762625003976 -12.731288534482466 0.0695369709898391
1657568168.5327315 0.3859749724105764 -12.731241028342138 0.0695391084768
1657568168.6327314 0.3859729895740892 -12.73125651252722 0.06954889332399698
1657568168.7327313 0.38597084690500977 -12.731286530029449 0.0695604425931256
1657568168.8327315 0.3859687042359303 -12.731316547531677 0.06957199186225424
1657568168.9327314 0.3859665615668509 -12.731346565033906 0.06958354113138288
1657568169.0327315 0.3859710295496661 -12.731380392107738 0.0695890551990202
1657568169.1327314 0.38597702064736095 -12.731415096918788 0.0695931787373512
1657568169.2327313 0.38598301174505584 -12.731449801729836 0.06959730227568221
1657568169.3327315 0.3859890028427507 -12.731484506540886 0.06960142581401323
1657568169.4327314 0.3859927285301697 -12.731457299172629 0.0696064988931271
1657568169.5327315 0.38599588934011764 -12.731414654073003 0.06961180873915328
1657568169.6327314 0.3859990501500655 -12.731372008973379 0.06961711858517945
1657568169.7327313 0.38600221096001347 -12.731329363873753 0.06962242843120563
1657568169.8327315 0.3860090807966731 -12.731322545984861 0.06964639151568125
1657568169.9327314 0.38601687548043834 -12.731324661623475 0.06967500579167722
1657568170.0327315 0.38602467016420355 -12.731326777262089 0.0697036200676732
1657568170.1327314 0.3860324648479688 -12.731328892900702 0.06973223434366917
1657568170.2327313 0.3860347242568901 -12.731296676828626 0.06974804409683252
1657568170.3327315 0.3860357095556483 -12.731256558279663 0.06976090650354341
1657568170.4327314 0.3860366948544065 -12.731216439730701 0.0697737689102543
1657568170.5327315 0.3860376801531647 -12.731176321181739 0.06978663131696519
1657568170.6327314 0.3860370096205988 -12.731093811980841 0.06979574852637617
1657568170.7327313 0.38603595770122956 -12.731001538962218 0.06980400310636034
1657568170.8327315 0.38603490578186034 -12.730909265943595 0.06981225768634451
1657568170.9327314 0.38603385386249117 -12.730816992924971 0.06982051226632868
1657568171.0327315 0.3860302459528688 -12.730850840798063 0.06983363251110028
1657568171.1327314 0.3860260008849983 -12.730916128136275 0.06984796567068964
1657568171.2327313 0.3860217558171277 -12.73098141547449 0.06986229883027902
1657568171.3327315 0.3860175107492572 -12.731046702812703 0.06987663198986838
1657568171.4327314 0.3860177308065749 -12.73105474558011 0.06989000746063162
1657568171.5327315 0.38601897702342575 -12.731049632599452 0.06990316283868138
1657568171.6327314 0.38602022324027657 -12.731044519618795 0.06991631821673115
1657568171.7327313 0.3860214694571274 -12.731039406638137 0.06992947359478092
1657568171.8327315 0.38601345613639904 -12.730873891788804 0.06993475825412138
1657568171.9327314 0.3860033191799661 -12.730671589450628 0.06993823779747968
1657568172.0327315 0.3859931822235332 -12.73046928711245 0.06994171734083798
1657568172.1327314 0.38598304526710026 -12.730266984774275 0.06994519688419629
1657568172.2327313 0.3859799652530436 -12.73025559903558 0.0699487030472229
1657568172.3327315 0.38597850489881513 -12.730288031133309 0.06995221531980872
1657568172.4327314 0.38597704454458664 -12.73032046323104 0.06995572759239455
1657568172.5327315 0.38597558419035816 -12.730352895328771 0.06995923986498039
1657568172.6327314 0.3859772398614931 -12.730365347670329 0.06995957485226616
1657568172.7327313 0.385979674693595 -12.730372804081389 0.06995911536056099
1657568172.8327315 0.38598210952569684 -12.730380260492451 0.06995865586885583
1657568172.9327314 0.3859845443577987 -12.730387716903513 0.06995819637715067
1657568173.0327315 0.38598869944317693 -12.730464188066465 0.06995888900099809
1657568173.1327314 0.385993250737493 -12.73055655471523 0.06995984698023572
1657568173.2327313 0.38599780203180917 -12.730648921363994 0.06996080495947335
1657568173.3327315 0.38600235332612526 -12.730741288012757 0.06996176293871098
1657568173.4327314 0.3859999757676383 -12.730744571875361 0.06996288034892179
1657568173.5327315 0.38599598691356934 -12.73072713965352 0.06996403483459515
1657568173.6327314 0.38599199805950035 -12.730709707431679 0.06996518932026852
1657568173.7327313 0.38598800920543136 -12.730692275209837 0.06996634380594188
1657568173.8327315 0.38598387753056346 -12.730720001969514 0.06996799005898018
1657568173.9327314 0.3859797145264967 -12.730757634812374 0.06996974418620559
1657568174.0327315 0.38597555152242996 -12.730795267655232 0.06997149831343101
1657568174.1327314 0.38597138851836316 -12.73083290049809 0.06997325244065641
1657568174.2327313 0.38596723357961127 -12.730763897902749 0.0699720453471733
1657568174.3327315 0.38596308041199584 -12.730671478253438 0.06997018797207348
1657568174.4327314 0.3859589272443804 -12.730579058604127 0.06996833059697366
1657568174.5327315 0.38595477407676504 -12.730486638954815 0.06996647322187385
1657568174.6327314 0.3859572595875533 -12.730568502088618 0.06995013693738558
1657568174.7327313 0.38596119787400185 -12.730688504407652 0.06993063215973214
1657568174.8327315 0.3859651361604505 -12.730808506726685 0.0699111273820787
1657568174.9327314 0.3859690744468991 -12.73092850904572 0.06989162260442526
1657568175.0327315 0.3859741844670751 -12.731054711231247 0.06986200242722605
1657568175.1327314 0.3859795533831033 -12.731182283284074 0.06983014724140267
1657568175.2327313 0.3859849222991315 -12.731309855336903 0.06979829205557928
1657568175.3327315 0.38599029121515976 -12.731437427389732 0.0697664368697559
1657568175.4327314 0.3859892413061407 -12.731351927885017 0.06977426674899548
1657568175.5327315 0.38598677289060457 -12.731219341352578 0.0697908666948759
1657568175.6327314 0.3859843044750685 -12.731086754820137 0.06980746664075631
1657568175.7327313 0.3859818360595324 -12.730954168287695 0.06982406658663672
1657568175.8327315 0.38597771631204714 -12.730911756338376 0.06984900516852213
1657568175.9327314 0.38597323217154794 -12.730889242864427 0.06987578380486018
1657568176.0327315 0.38596874803104875 -12.730866729390478 0.06990256244119822
1657568176.1327314 0.38596426389054955 -12.73084421591653 0.06992934107753628
1657568176.2327313 0.3859603429750508 -12.730725598733184 0.06994445488832529
1657568176.3327315 0.3859565476360016 -12.730585554300323 0.0699569679136799
1657568176.4327314 0.3859527522969524 -12.73044550986746 0.06996948093903452
1657568176.5327315 0.38594895695790327 -12.730305465434599 0.06998199396438914
1657568176.6327314 0.3859474567036167 -12.73023706912486 0.06998206823918796
1657568176.7327313 0.38594646580072517 -12.730184573784035 0.06997938196454981
1657568176.8327315 0.3859454748978337 -12.73013207844321 0.06997669568991166
1657568176.9327314 0.38594448399494224 -12.730079583102388 0.06997400941527351
1657568177.0327315 0.38594833828095026 -12.730195025104512 0.06996688993151168
1657568177.1327314 0.3859532594682521 -12.730347446587144 0.0699587942636118
1657568177.2327313 0.3859581806555539 -12.730499868069778 0.06995069859571193
1657568177.3327315 0.3859631018428557 -12.73065228955241 0.06994260292781204
1657568177.4327314 0.38596043924664863 -12.730620745177427 0.0699385176995348
1657568177.5327315 0.3859560929821043 -12.730548358722862 0.06993532282502402
1657568177.6327314 0.38595174671756 -12.730475972268296 0.06993212795051323
1657568177.7327313 0.3859474004530156 -12.73040358581373 0.06992893307600244
1657568177.8327315 0.38595921126450755 -12.730437207598618 0.06991769919845908
1657568177.9327314 0.38597460721748494 -12.730494351865927 0.06990468152270811
1657568178.0327315 0.38599000317046234 -12.730551496133236 0.06989166384695712
1657568178.1327314 0.38600539912343973 -12.730608640400543 0.06987864617120615
1657568178.2327313 0.38600774099996216 -12.730508471456268 0.0698584309262279
1657568178.3327315 0.3860072026365231 -12.730373593063183 0.0698366276158982
1657568178.4327314 0.3860066642730841 -12.730238714670097 0.06981482430556853
1657568178.5327315 0.3860061259096451 -12.730103836277014 0.06979302099523883
1657568178.6327314 0.3860049149555896 -12.730232468795723 0.06977578795694565
1657568178.7327313 0.3860035541311336 -12.730419818288674 0.06975957329221287
1657568178.8327315 0.3860021933066775 -12.730607167781624 0.06974335862748009
1657568178.9327314 0.3860008324822215 -12.730794517274575 0.0697271439627473
1657568179.0327315 0.3860043763255133 -12.730880690942918 0.06972001138186734
1657568179.1327314 0.3860090715737883 -12.730943112880336 0.06971501088355508
1657568179.2327313 0.38601376682206323 -12.731005534817754 0.06971001038524283
1657568179.3327315 0.3860184620703382 -12.731067956755172 0.06970500988693057
1657568179.4327314 0.3860220875914962 -12.731081732908725 0.06970532685962917
1657568179.5327315 0.3860254627352383 -12.731084123162578 0.06970688842511215
1657568179.6327314 0.3860288378789804 -12.731086513416432 0.06970844999059513
1657568179.7327313 0.38603221302272245 -12.731088903670285 0.0697100115560781
1657568179.8327315 0.38603900864366 -12.731085074065932 0.06971809458316718
1657568179.9327314 0.3860466050186006 -12.731079788355874 0.06972770432310615
1657568180.0327315 0.38605420139354124 -12.731074502645816 0.06973731406304512
1657568180.1327314 0.3860617977684819 -12.731069216935758 0.0697469238029841
1657568180.2327313 0.3860647189321433 -12.73101140854246 0.06974847434117187
1657568180.3327315 0.38606654681636493 -12.73094131792997 0.06974814026729632
1657568180.4327314 0.3860683747005866 -12.730871227317477 0.06974780619342079
1657568180.5327315 0.38607020258480823 -12.730801136704986 0.06974747211954524
1657568180.6327314 0.38607523408464295 -12.730872809072022 0.06976204370957913
1657568180.7327313 0.3860810136839529 -12.730977585538735 0.06978009602910588
1657568180.8327315 0.38608679328326284 -12.731082362005449 0.06979814834863264
1657568180.9327314 0.3860925728825728 -12.731187138472162 0.0698162006681594
1657568181.0327315 0.38609934319174927 -12.731222940379794 0.06983346767953215
1657568181.1327314 0.3861063447855082 -12.731242639942392 0.0698505513580497
1657568181.2327313 0.3861133463792671 -12.73126233950499 0.06986763503656726
1657568181.3327315 0.386120347973026 -12.73128203906759 0.06988471871508481
1657568181.4327314 0.3861130886022464 -12.731300254774098 0.06989096436936851
1657568181.5327315 0.3861024843040823 -12.731318122440271 0.06989466795127303
1657568181.6327314 0.38609188000591815 -12.731335990106444 0.06989837153317756
1657568181.7327313 0.386081275707754 -12.731353857772616 0.06990207511508208
1657568181.8327315 0.386075811950276 -12.731359172678307 0.0699035605184245
1657568181.9327314 0.38607145184272185 -12.731361792565322 0.06990456968925549
1657568182.0327315 0.3860670917351677 -12.731364412452336 0.06990557886008648
1657568182.1327314 0.38606273162761345 -12.73136703233935 0.06990658803091748
1657568182.2327313 0.386055623996376 -12.73136771063751 0.06990835767291112
1657568182.3327315 0.38604787388767015 -12.731367934916987 0.06991030514252106
1657568182.4327314 0.3860401237789643 -12.731368159196462 0.069912252612131
1657568182.5327315 0.38603237367025844 -12.731368383475937 0.06991420008174094
1657568182.6327314 0.38602516849300433 -12.731285204509906 0.06991557215086187
1657568182.7327313 0.3860180905666387 -12.731182549448198 0.06991680985404884
1657568182.8327315 0.3860110126402731 -12.731079894386488 0.06991804755723581
1657568182.9327314 0.3860039347139074 -12.73097723932478 0.06991928526042279
1657568183.0327315 0.38598822562882973 -12.730830211880825 0.06992424123668341
1657568183.1327314 0.3859706590943786 -12.730673635376734 0.06992999739565656
1657568183.2327313 0.38595309255992755 -12.73051705887264 0.06993575355462972
1657568183.3327315 0.3859355260254765 -12.73036048236855 0.06994150971360287
1657568183.4327314 0.3859319706347946 -12.730332809385164 0.0699416422106139
1657568183.5327315 0.38593169663852944 -12.730335325464148 0.06994045765219623
1657568183.6327314 0.38593142264226427 -12.730337841543133 0.06993927309377855
1657568183.7327313 0.3859311486459991 -12.730340357622119 0.06993808853536088
1657568183.8327315 0.38593060940348545 -12.73033679834488 0.06993747747623973
1657568183.9327314 0.3859300080796982 -12.730331817121604 0.06993700064547052
1657568184.0327315 0.38592940675591086 -12.730326835898326 0.0699365238147013
1657568184.1327314 0.38592880543212355 -12.730321854675049 0.0699360469839321
1657568184.2327313 0.38592373405768987 -12.730335243111409 0.06993607487356635
1657568184.3327315 0.3859176148638462 -12.730352937558473 0.06993622107412752
1657568184.4327314 0.38591149567000255 -12.730370632005537 0.06993636727468867
1657568184.5327315 0.38590537647615886 -12.7303883264526 0.06993651347524985
1657568184.6327314 0.3859046660347723 -12.730399800969638 0.06993642354992705
1657568184.7327313 0.38590522073046934 -12.730409820610678 0.06993627839345538
1657568184.8327315 0.38590577542616644 -12.730419840251718 0.06993613323698371
1657568184.9327314 0.3859063301218635 -12.730429859892759 0.06993598808051203
1657568185.0327315 0.38591374004522283 -12.730607839775583 0.06993771054735881
1657568185.1327314 0.38592262677762135 -12.730822003023208 0.0699398353528491
1657568185.2327313 0.3859315135100199 -12.731036166270833 0.06994196015833941
1657568185.3327315 0.3859404002424185 -12.731250329518458 0.0699440849638297
1657568185.4327314 0.38594454993211225 -12.731404359547266 0.0699450713336484
1657568185.5327315 0.38594759198305667 -12.7315443289295 0.06994579150880895
1657568185.6327314 0.3859506340340011 -12.731684298311732 0.0699465116839695
1657568185.7327313 0.3859536760849456 -12.731824267693966 0.06994723185913003
1657568185.8327315 0.3859554438762486 -12.731836574852574 0.06994668329196937
1657568185.9327314 0.38595691366576046 -12.731819026579789 0.06994583801331294
1657568186.0327315 0.3859583834552724 -12.731801478307004 0.0699449927346565
1657568186.1327314 0.38595985324478427 -12.731783930034219 0.06994414745600007
1657568186.2327313 0.3859569907245786 -12.731770652235163 0.069927741959284
1657568186.3327315 0.3859531151425397 -12.73175837303829 0.06990769788082726
1657568186.4327314 0.3859492395605008 -12.731746093841416 0.06988765380237053
1657568186.5327315 0.38594536397846185 -12.731733814644542 0.06986760972391379
1657568186.6327314 0.38594614786739045 -12.73171325046498 0.06985249942825997
1657568186.7327313 0.38594801882600643 -12.731690753372087 0.0698385402001343
1657568186.8327315 0.38594988978462236 -12.731668256279194 0.06982458097200862
1657568186.9327314 0.3859517607432383 -12.731645759186303 0.06981062174388296
1657568187.0327315 0.3859436140308261 -12.731392012905232 0.06980005825128377
1657568187.1327314 0.38593314767053166 -12.731084719578334 0.06979028106028111
1657568187.2327313 0.38592268131023716 -12.730777426251434 0.06978050386927843
1657568187.3327315 0.3859122149499427 -12.730470132924534 0.06977072667827577
1657568187.4327314 0.3859111671218106 -12.730422581010126 0.06976549844046882
1657568187.5327315 0.38591229678227845 -12.730435079213386 0.0697613218839169
1657568187.6327314 0.3859134264427463 -12.730447577416646 0.06975714532736499
1657568187.7327313 0.3859145561032141 -12.730460075619906 0.06975296877081306
1657568187.8327315 0.3859155819986963 -12.730458415169588 0.06973389190291307
1657568187.9327314 0.38591658408377927 -12.730453505808367 0.06971139593984749
1657568188.0327315 0.38591758616886224 -12.730448596447145 0.06968889997678192
1657568188.1327314 0.3859185882539452 -12.730443687085925 0.06966640401371633
1657568188.2327313 0.3859229770022328 -12.730550509711156 0.06964676221828575
1657568188.3327315 0.38592814236243306 -12.730682954131781 0.0696277749256658
1657568188.4327314 0.38593330772263335 -12.730815398552407 0.06960878763304584
1657568188.5327315 0.38593847308283363 -12.730947842973034 0.06958980034042589
1657568188.6327314 0.3859302406273088 -12.73090616215496 0.0695796970105217
1657568188.7327313 0.38591889542880214 -12.730824026450371 0.06957165771054313
1657568188.8327315 0.3859075502302955 -12.730741890745783 0.06956361841056456
1657568188.9327314 0.3858962050317889 -12.730659755041193 0.069555579110586
1657568189.0327315 0.3858952805753851 -12.730668494789876 0.06955556669049075
1657568189.1327314 0.38589678906561 -12.730698451369904 0.06955742831834316
1657568189.2327313 0.3858982975558349 -12.730728407949929 0.06955928994619559
1657568189.3327315 0.3858998060460598 -12.730758364529956 0.06956115157404802
1657568189.4327314 0.3859015991000074 -12.730792359038933 0.06956388494919998
1657568189.5327315 0.3859034586910189 -12.730827297701767 0.06956682215745218
1657568189.6327314 0.38590531828203045 -12.730862236364603 0.06956975936570438
1657568189.7327313 0.385907177873042 -12.730897175027437 0.0695726965739566
1657568189.8327315 0.3859082394906362 -12.730968630948798 0.06957324560914863
1657568189.9327314 0.38590911376447845 -12.73104866018861 0.0695732339623786
1657568190.0327315 0.38590998803832066 -12.731128689428424 0.06957322231560857
1657568190.1327314 0.38591086231216293 -12.731208718668235 0.06957321066883854
1657568190.2327313 0.3859075753389217 -12.73119963413297 0.06957376351828012
1657568190.3327315 0.38590331702615044 -12.73116974820556 0.06957444813530819
1657568190.4327314 0.38589905871337915 -12.731139862278146 0.06957513275233626
1657568190.5327315 0.3858948004006079 -12.731109976350735 0.06957581736936433
1657568190.6327314 0.38589727922350714 -12.731120416448155 0.0695774116748343
1657568190.7327313 0.38590133473123844 -12.731140294003092 0.06957921887374124
1657568190.8327315 0.3859053902389697 -12.731160171558031 0.06958102607264818
1657568190.9327314 0.38590944574670094 -12.731180049112968 0.06958283327155512
1657568191.0327315 0.38590961385635536 -12.731141271277695 0.06958318562675173
1657568191.1327314 0.385908873269074 -12.731088782478865 0.06958319790563111
1657568191.2327313 0.3859081326817927 -12.731036293680038 0.0695832101845105
1657568191.3327315 0.38590739209451136 -12.730983804881209 0.06958322246338988
1657568191.4327314 0.38590638813150435 -12.73100834214272 0.0695860896055118
1657568191.5327315 0.3859053221836568 -12.731051007301396 0.06958962863279898
1657568191.6327314 0.38590425623580926 -12.731093672460073 0.06959316766008616
1657568191.7327313 0.38590319028796166 -12.731136337618748 0.06959670668737335
1657568191.8327315 0.3859023989448968 -12.731193075902892 0.06960836529231966
1657568191.9327314 0.38590166711651047 -12.7312528642342 0.06962178364103079
1657568192.0327315 0.3859009352881241 -12.731312652565506 0.06963520198974191
1657568192.1327314 0.38590020345973775 -12.731372440896815 0.06964862033845304
1657568192.2327313 0.38589528525405214 -12.731317102940976 0.06965946687556802
1657568192.3327315 0.3858893803349486 -12.731234630151326 0.06966970724634186
1657568192.4327314 0.38588347541584506 -12.731152157361677 0.0696799476171157
1657568192.5327315 0.38587757049674154 -12.731069684572027 0.06969018798788953
1657568192.6327314 0.3858796032169242 -12.731110945211244 0.06969404675181387
1657568192.7327313 0.38588347378698135 -12.731180854603382 0.06969642794351252
1657568192.8327315 0.3858873443570385 -12.73125076399552 0.06969880913521119
1657568192.9327314 0.3858912149270956 -12.731320673387659 0.06970119032690984
1657568193.0327315 0.38588788910509325 -12.731299364609816 0.06970209691279909
1657568193.1327314 0.3858829011579434 -12.731256987494817 0.06970266291421516
1657568193.2327313 0.38587791321079357 -12.731214610379817 0.06970322891563123
1657568193.3327315 0.3858729252636437 -12.731172233264818 0.0697037949170473
1657568193.4327314 0.385872361181977 -12.73110942485393 0.0697039247445707
1657568193.5327315 0.38587281569262843 -12.731041912149674 0.06970395414332244
1657568193.6327314 0.3858732702032799 -12.73097439944542 0.06970398354207417
1657568193.7327313 0.3858737247139313 -12.730906886741165 0.06970401294082593
1657568193.8327315 0.3858751475950693 -12.730881881851502 0.06970423569239241
1657568193.9327314 0.3858767963376767 -12.730866791429076 0.06970450354131726
1657568194.0327315 0.38587844508028407 -12.730851701006651 0.06970477139024209
1657568194.1327314 0.3858800938228914 -12.730836610584225 0.06970503923916692
1657568194.2327313 0.3858833846326608 -12.730841992968246 0.0697048461559183
1657568194.3327315 0.3858870374900591 -12.730851889254746 0.06970455144503573
1657568194.4327314 0.38589069034745743 -12.730861785541245 0.06970425673415315
1657568194.5327315 0.3858943432048557 -12.730871681827745 0.06970396202327056
1657568194.6327314 0.3858975638371667 -12.73089996069794 0.06970454417770433
1657568194.7327313 0.38590068933791394 -12.73093228552471 0.0697053193278047
1657568194.8327315 0.3859038148386611 -12.730964610351482 0.06970609447790507
1657568194.9327314 0.38590694033940826 -12.730996935178254 0.06970686962800543
1657568195.0327315 0.385906300508605 -12.730980935109852 0.06970705778440982
1657568195.1327314 0.385904767716458 -12.730953474626144 0.06970710673323775
1657568195.2327313 0.38590323492431094 -12.730926014142435 0.0697071556820657
1657568195.3327315 0.3859017021321639 -12.730898553658726 0.06970720463089365
1657568195.4327314 0.38584820060280617 -12.729854785896311 0.07008221901989549
1657568195.5327315 0.3857823007678929 -12.728568555283033 0.07054668980806283
1657568195.6327314 0.3857164009329796 -12.727282324669757 0.07101116059623017
1657568195.7327313 0.3856505010980663 -12.725996094056478 0.07147563138439751
1657568195.8327315 0.38569358799127457 -12.726758195531083 0.07070255978612906
1657568195.9327314 0.3857626587305981 -12.728008645877901 0.06963444207092082
1657568196.0327315 0.3858317294699216 -12.729259096224718 0.06856632435571255
1657568196.1327314 0.38590080020924517 -12.730509546571536 0.06749820664050434
1657568196.2327313 0.3859258412955374 -12.730898385989098 0.06743535661510354
1657568196.3327315 0.3859395290281266 -12.731065053007816 0.0676317218880964
1657568196.4327314 0.3859532167607158 -12.731231720026534 0.06782808716108926
1657568196.5327315 0.38596690449330495 -12.731398387045251 0.06802445243408212
1657568196.6327314 0.38596439306474994 -12.731446272743186 0.06814146803810216
1657568196.7327313 0.3859580340600037 -12.731465945857904 0.06823963674663128
1657568196.8327315 0.38595167505525735 -12.731485618972622 0.06833780545516041
1657568196.9327314 0.3859453160505111 -12.731505292087341 0.06843597416368953
1657568197.0327315 0.3859465691338875 -12.731427506875669 0.06852983947517831
1657568197.1327314 0.3859496334539117 -12.731326532219844 0.06862268082710385
1657568197.2327313 0.38595269777393587 -12.731225557564022 0.06871552217902938
1657568197.3327315 0.3859557620939601 -12.731124582908198 0.0688083635309549
1657568197.4327314 0.3859547600602676 -12.731131044592606 0.06884088993206397
1657568197.5327315 0.3859528716947265 -12.731160923878305 0.06886026965052482
1657568197.6327314 0.3859509833291854 -12.731190803164003 0.06887964936898568
1657568197.7327313 0.3859490949636444 -12.7312206824497 0.06889902908744652
1657568197.8327315 0.3859527923508949 -12.731294744641946 0.06896561980755374
1657568197.9327314 0.38595780507142435 -12.7313792110267 0.06904332777611645
1657568198.0327315 0.38596281779195385 -12.731463677411455 0.06912103574467915
1657568198.1327314 0.3859678305124833 -12.731548143796209 0.06919874371324186
1657568198.2327313 0.3859648475074977 -12.7315198473073 0.06920817670702585
1657568198.3327315 0.38595998206448784 -12.731465002993465 0.06920153568621351
1657568198.4327314 0.3859551166214779 -12.731410158679632 0.06919489466540117
1657568198.5327315 0.385950251178468 -12.731355314365798 0.06918825364458882
1657568198.6327314 0.38594740201367195 -12.73130675602488 0.06915486945924819
1657568198.7327313 0.38594502711247425 -12.731259676253794 0.06911519481788171
1657568198.8327315 0.3859426522112765 -12.731212596482706 0.06907552017651523
1657568198.9327314 0.3859402773100788 -12.73116551671162 0.06903584553514876
1657568199.0327315 0.38593322410221015 -12.731247858525327 0.06906581428955973
1657568199.1327314 0.38592497562579553 -12.731363266480344 0.06911357635387178
1657568199.2327313 0.38591672714938086 -12.731478674435362 0.06916133841818384
1657568199.3327315 0.38590847867296624 -12.73159408239038 0.06920910048249589
1657568199.4327314 0.3859043772654724 -12.731638288390894 0.06924831881990512
1657568199.5327315 0.3859012543515187 -12.731665694416812 0.06928552128013886
1657568199.6327314 0.38589813143756496 -12.73169310044273 0.06932272374037259
1657568199.7327313 0.38589500852361125 -12.731720506468648 0.06935992620060633
1657568199.8327315 0.3858907897393294 -12.731656968968627 0.06937594037895281
1657568199.9327314 0.3858863127159817 -12.731572000857177 0.06938696159236521
1657568200.0327315 0.3858818356926341 -12.731487032745727 0.06939798280577761
1657568200.1327314 0.38587735866928646 -12.73140206463428 0.06940900401919002
1657568200.2327313 0.38587322380879596 -12.731315018358645 0.06942789522962269
1657568200.3327315 0.38586916949766836 -12.731227482857491 0.0694486391345608
1657568200.4327314 0.3858651151865407 -12.73113994735634 0.06946938303949893
1657568200.5327315 0.38586106087541305 -12.731052411855188 0.06949012694443704
1657568200.6327314 0.38586355667278666 -12.731078062867695 0.06951363173108613
1657568200.7327313 0.3858675928833413 -12.731130332370192 0.0695377858044727
1657568200.8327315 0.38587162909389605 -12.73118260187269 0.06956193987785927
1657568200.9327314 0.3858756653044507 -12.731234871375188 0.06958609395124585
1657568201.0327315 0.38587394390903196 -12.731202636792323 0.06956902767945847
1657568201.1327314 0.3858708679651303 -12.731150521571369 0.06954226380830812
1657568201.2327313 0.3858677920212286 -12.731098406350416 0.06951549993715778
1657568201.3327315 0.385864716077327 -12.731046291129461 0.06948873606600742
1657568201.4327314 0.3858644139696249 -12.731039771049394 0.0694659977532874
1657568201.5327315 0.3858648202663737 -12.731044895420702 0.06944428751984247
1657568201.6327314 0.3858652265631225 -12.73105001979201 0.06942257728639753
1657568201.7327313 0.3858656328598713 -12.731055144163317 0.06940086705295259
1657568201.8327315 0.38586745846310133 -12.731076394977602 0.06938030843799617
1657568201.9327314 0.3858696191890527 -12.73110145352301 0.06936002174001256
1657568202.0327315 0.3858717799150041 -12.731126512068416 0.06933973504202896
1657568202.1327314 0.3858739406409555 -12.731151570613823 0.06931944834404535
1657568202.2327313 0.3858743478489536 -12.73113213604274 0.06930219201589674
1657568202.3327315 0.38587434160613093 -12.731102210723336 0.06928565019933493
1657568202.4327314 0.3858743353633083 -12.73107228540393 0.06926910838277311
1657568202.5327315 0.3858743291204857 -12.731042360084526 0.0692525665662113
1657568202.6327314 0.38587664780547104 -12.731085141664133 0.06925238521045446
1657568202.7327313 0.3858795139374697 -12.731145043420364 0.06925605622610205
1657568202.8327315 0.38588238006946846 -12.731204945176597 0.06925972724174966
1657568202.9327314 0.3858852462014672 -12.731264846932827 0.06926339825739725
1657568203.0327315 0.38588645694795165 -12.731257990490837 0.06927950599391584
1657568203.1327314 0.3858872745642106 -12.73123527993795 0.06929856727257826
1657568203.2327313 0.38588809218046954 -12.731212569385063 0.06931762855124066
1657568203.3327315 0.3858889097967285 -12.731189858832174 0.06933668982990307
1657568203.4327314 0.3858918070871837 -12.73123873924657 0.06936473024854249
1657568203.5327315 0.38589515879697417 -12.731303262649577 0.06939473265470293
1657568203.6327314 0.3858985105067647 -12.731367786052587 0.06942473506086337
1657568203.7327313 0.3859018622165552 -12.731432309455595 0.06945473746702381
1657568203.8327315 0.38590119291299885 -12.731375941261208 0.06950444140434116
1657568203.9327314 0.3858995542062115 -12.731290427999392 0.06955889507171686
1657568204.0327315 0.3858979154994242 -12.731204914737578 0.06961334873909258
1657568204.1327314 0.3858962767926369 -12.731119401475764 0.06966780240646829
1657568204.2327313 0.38589835668421835 -12.731121802701935 0.06970114286241434
1657568204.3327315 0.3859012735899142 -12.731143992477449 0.06972973097508121
1657568204.4327314 0.3859041904956101 -12.731166182252961 0.06975831908774809
1657568204.5327315 0.38590710740130596 -12.731188372028475 0.06978690720041496
1657568204.6327314 0.38590521995440746 -12.731074400605866 0.06978556182762954
1657568204.7327313 0.38590215245884174 -12.73092698516823 0.06977686416982372
1657568204.8327315 0.3858990849632761 -12.730779569730593 0.0697681665120179
1657568204.9327314 0.38589601746771035 -12.730632154292957 0.0697594688542121
1657568205.0327315 0.3858990665913888 -12.730548753469108 0.06975284566541855
1657568205.1327314 0.38590362162412417 -12.730481113015953 0.06974673321001369
1657568205.2327313 0.3859081766568595 -12.730413472562798 0.06974062075460884
1657568205.3327315 0.38591273168959483 -12.730345832109643 0.06973450829920398
1657568205.4327314 0.3859128407335041 -12.730372678355739 0.06973023595446803
1657568205.5327315 0.3859118567830843 -12.730422753051226 0.06972641597940833
1657568205.6327314 0.38591087283266456 -12.730472827746715 0.06972259600434863
1657568205.7327313 0.38590988888224476 -12.730522902442202 0.06971877602928894
1657568205.8327315 0.3859097506985714 -12.730518729212378 0.06971770480457795
1657568205.9327314 0.38590982041922967 -12.730501220889044 0.069717309271015
1657568206.0327315 0.38590989013988786 -12.73048371256571 0.06971691373745202
1657568206.1327314 0.38590995986054605 -12.730466204242378 0.06971651820388906
1657568206.2327313 0.38590978898001865 -12.730448710763849 0.06971528127482753
1657568206.3327315 0.3859095589622573 -12.730431220934017 0.06971383753962608
1657568206.4327314 0.385909328944496 -12.730413731104186 0.06971239380442464
1657568206.5327315 0.38590909892673464 -12.730396241274352 0.06971095006922319
1657568206.6327314 0.38591026597408556 -12.730424836045048 0.06970975887211457
1657568206.7327313 0.3859117781771357 -12.730464816371347 0.06970863006648738
1657568206.8327315 0.38591329038018585 -12.730504796697646 0.06970750126086019
1657568206.9327314 0.385914802583236 -12.730544777023946 0.069706372455233
1657568207.0327315 0.38591808608537964 -12.730733186318238 0.06968564086089928
1657568207.1327314 0.3859218069274334 -12.730958243241243 0.0696600692698182
1657568207.2327313 0.38592552776948713 -12.731183300164249 0.06963449767873713
1657568207.3327315 0.3859292486115409 -12.731408357087254 0.06960892608765605
1657568207.4327314 0.3859335569446312 -12.73145325346178 0.06957992118176204
1657568207.5327315 0.3859380115887097 -12.731453281972401 0.06955006123017088
1657568207.6327314 0.3859424662327883 -12.731453310483023 0.06952020127857973
1657568207.7327313 0.3859469208768668 -12.731453338993644 0.06949034132698857
1657568207.8327315 0.3859456089495379 -12.73144949569896 0.0694680556196829
1657568207.9327314 0.38594286105648207 -12.731444688264698 0.06944765601668998
1657568208.0327315 0.3859401131634263 -12.731439880830436 0.06942725641369707
1657568208.1327314 0.3859373652703705 -12.731435073396176 0.06940685681070415
1657568208.2327313 0.3859376312829095 -12.731416179821471 0.06939316786720283
1657568208.3327315 0.38593864805581146 -12.731393777405637 0.06938115054114198
1657568208.4327314 0.3859396648287135 -12.731371374989804 0.06936913321508113
1657568208.5327315 0.38594068160161554 -12.73134897257397 0.06935711588902028
1657568208.6327314 0.3859434021867794 -12.7313994528781 0.06935269475540991
1657568208.7327313 0.3859465825598914 -12.731469601192025 0.06935032351768161
1657568208.8327315 0.3859497629330033 -12.73153974950595 0.06934795227995331
1657568208.9327314 0.38595294330611524 -12.731609897819878 0.069345581042225
1657568209.0327315 0.38595250116367097 -12.731612078475084 0.0693388496425997
1657568209.1327314 0.38595114658445545 -12.731597139482327 0.06933102000834117
1657568209.2327313 0.38594979200524 -12.731582200489571 0.06932319037408263
1657568209.3327315 0.38594843742602447 -12.731567261496814 0.0693153607398241
1657568209.4327314 0.38594942006844773 -12.731642656376046 0.06930590427212265
1657568209.5327315 0.3859509761828176 -12.731740216008742 0.06929604863674028
1657568209.6327314 0.38595253229718746 -12.731837775641438 0.06928619300135792
1657568209.7327313 0.3859540884115573 -12.731935335274134 0.06927633736597556
1657568209.8327315 0.3859508188633095 -12.731880331892912 0.06926902007010124
1657568209.9327314 0.38594636734714444 -12.73178796067185 0.06926232449938663
1657568210.0327315 0.3859419158309794 -12.73169558945079 0.069255628928672
1657568210.1327314 0.38593746431481435 -12.731603218229731 0.06924893335795737
1657568210.2327313 0.38593144292945536 -12.73158317844045 0.06925032361423478
1657568210.3327315 0.38592503690591057 -12.731580860784204 0.06925369500233972
1657568210.4327314 0.3859186308823658 -12.73157854312796 0.06925706639044467
1657568210.5327315 0.38591222485882093 -12.731576225471713 0.06926043777854962
1657568210.6327314 0.3859136583430737 -12.731567702621383 0.0692641898160499
1657568210.7327313 0.3859171657847692 -12.731557538174568 0.06926804255510785
1657568210.8327315 0.3859206732264647 -12.731547373727755 0.0692718952941658
1657568210.9327314 0.38592418066816025 -12.73153720928094 0.06927574803322376
1657568211.0327315 0.38592128029061096 -12.731424775796597 0.06927830965632188
1657568211.1327314 0.3859168147711201 -12.731287362587663 0.06928055591788078
1657568211.2327313 0.3859123492516293 -12.731149949378729 0.06928280217943969
1657568211.3327315 0.38590788373213847 -12.731012536169795 0.06928504844099859
1657568211.4327314 0.38590495053621265 -12.730911094045828 0.06930156780397177
1657568211.5327315 0.3859023936132518 -12.730818484877966 0.06932159202865318
1657568211.6327314 0.38589983669029093 -12.730725875710107 0.06934161625333458
1657568211.7327313 0.38589727976733007 -12.730633266542247 0.069361640478016
1657568211.8327315 0.38590067651807847 -12.73074370838625 0.06937871165034462
1657568211.9327314 0.3859055219014179 -12.730903556080792 0.0693950642935616
1657568212.0327315 0.38591036728475736 -12.731063403775334 0.06941141693677857
1657568212.1327314 0.3859152126680968 -12.731223251469876 0.06942776957999554
1657568212.2327313 0.3859147928046501 -12.731258541082209 0.06943576879525945
1657568212.3327315 0.38591309345616875 -12.731263562369314 0.06944173807983119
1657568212.4327314 0.38591139410768743 -12.73126858365642 0.06944770736440294
1657568212.5327315 0.38590969475920617 -12.731273604943526 0.06945367664897467
1657568212.6327314 0.3859116635871156 -12.731236269644569 0.06945708517251246
1657568212.7327313 0.3859145235650259 -12.731188644199314 0.06945987158251087
1657568212.8327315 0.3859173835429362 -12.731141018754059 0.06946265799250927
1657568212.9327314 0.38592024352084653 -12.731093393308804 0.06946544440250768
1657568213.0327315 0.38592111416596153 -12.731118289673995 0.06946730075450717
1657568213.1327314 0.38592150177431755 -12.73116079531017 0.0694689312759154
1657568213.2327313 0.3859218893826736 -12.731203300946348 0.06947056179732361
1657568213.3327315 0.38592227699102966 -12.731245806582523 0.06947219231873183
1657568213.4327314 0.3859279866254628 -12.731312320325472 0.06947427660509499
1657568213.5327315 0.38593498376816004 -12.731384642126372 0.06947647066659282
1657568213.6327314 0.38594198091085724 -12.731456963927272 0.06947866472809067
1657568213.7327313 0.38594897805355444 -12.731529285728172 0.0694808587895885
1657568213.8327315 0.38595368194802154 -12.73155521540468 0.06950091191293163
1657568213.9327314 0.3859578333047238 -12.731569967311426 0.06952526801838825
1657568214.0327315 0.38596198466142595 -12.731584719218173 0.06954962412384487
1657568214.1327314 0.3859661360181281 -12.73159947112492 0.06957398022930149
1657568214.2327313 0.3859672732030678 -12.731592072049802 0.06960482477609835
1657568214.3327315 0.3859676891079825 -12.731579372327603 0.06963722198263071
1657568214.4327314 0.38596810501289724 -12.731566672605405 0.06966961918916308
1657568214.5327315 0.385968520917812 -12.731553972883207 0.06970201639569544
1657568214.6327314 0.3859680320390679 -12.731480754142499 0.0697186617699993
1657568214.7327313 0.38596732819604973 -12.731393156907272 0.06973156472350778
1657568214.8327315 0.3859666243530316 -12.731305559672045 0.06974446767701625
1657568214.9327314 0.38596592051001344 -12.731217962436816 0.06975737063052473
1657568215.0327315 0.3859653451700855 -12.731279750415567 0.06976631044393045
1657568215.1327314 0.38596480030510794 -12.73137696561225 0.06977431038501297
1657568215.2327313 0.3859642554401304 -12.731474180808933 0.0697823103260955
1657568215.3327315 0.38596371057515283 -12.731571396005615 0.06979031026717802
1657568215.4327314 0.3859665885558855 -12.73161104586037 0.06979368178692463
1657568215.5327315 0.38597034473253644 -12.731635926235986 0.06979586579748466
1657568215.6327314 0.3859741009091873 -12.731660806611602 0.06979804980804469
1657568215.7327313 0.38597785708583826 -12.73168568698722 0.06980023381860471
1657568215.8327315 0.38597758938127635 -12.73168682848037 0.0698012173479271
1657568215.9327314 0.38597628356557234 -12.731681845638064 0.06980189116807001
1657568216.0327315 0.38597497774986833 -12.731676862795759 0.06980256498821291
1657568216.1327314 0.38597367193416426 -12.731671879953453 0.06980323880835582
1657568216.2327313 0.38597316251623687 -12.731681002911362 0.06980326262051638
1657568216.3327315 0.3859728423976638 -12.731693478740096 0.06980313192936848
1657568216.4327314 0.3859725222790907 -12.731705954568833 0.06980300123822057
1657568216.5327315 0.3859722021605176 -12.731718430397567 0.06980287054707265
1657568216.6327314 0.38597293294887697 -12.731724942334573 0.06980290528801275
1657568216.7327313 0.3859739348097387 -12.731729915936443 0.06980298270075247
1657568216.8327315 0.3859749366706004 -12.731734889538314 0.0698030601134922
1657568216.9327314 0.3859759385314621 -12.731739863140184 0.06980313752623193
1657568217.0327315 0.3859732218423555 -12.731659044908191 0.06980270378178831
1657568217.1327314 0.38596955549980894 -12.731556316923513 0.06980213949662809
1657568217.2327313 0.3859658891572624 -12.731453588938836 0.06980157521146788
1657568217.3327315 0.3859622228147158 -12.731350860954159 0.06980101092630767
1657568217.4327314 0.38595987806604265 -12.731250336155103 0.06980114490420244
1657568217.5327315 0.38595784738150185 -12.73115033492202 0.06980144481762769
1657568217.6327314 0.385955816696961 -12.731050333688938 0.06980174473105295
1657568217.7327313 0.38595378601242014 -12.730950332455857 0.0698020446444782
1657568217.8327315 0.38594929379501514 -12.730822441135743 0.06980162540800629
1657568217.9327314 0.38594421868047735 -12.730687945373333 0.0698010358750418
1657568218.0327315 0.38593914356593956 -12.730553449610921 0.06980044634207731
1657568218.1327314 0.38593406845140177 -12.730418953848512 0.06979985680911283
1657568218.2327313 0.3859338624823613 -12.730421499773568 0.06979966189233039
1657568218.3327315 0.38593490191597685 -12.73045909745086 0.06979956790825606
1657568218.4327314 0.38593594134959247 -12.730496695128151 0.06979947392418173
1657568218.5327315 0.38593698078320804 -12.730534292805443 0.06979937994010742
1657568218.6327314 0.38593370461364834 -12.73043483721096 0.06979857490793656
1657568218.7327313 0.3859294036670664 -12.730302837140533 0.06979760103129104
1657568218.8327315 0.38592510272048447 -12.730170837070105 0.0697966271546455
1657568218.9327314 0.38592080177390253 -12.730038836999677 0.06979565327799998
1657568219.0327315 0.3859223970552972 -12.730089531240827 0.06979631885315439
1657568219.1327314 0.3859255110702762 -12.730187283361651 0.06979740671362722
1657568219.2327313 0.38592862508525516 -12.730285035482478 0.06979849457410005
1657568219.3327315 0.3859317391002342 -12.730382787603302 0.06979958243457288
1657568219.4327314 0.3859318132637512 -12.730405608502943 0.06980582234867741
1657568219.5327315 0.38593116368079905 -12.730410589318145 0.0698132888952906
1657568219.6327314 0.3859305140978469 -12.730415570133347 0.0698207554419038
1657568219.7327313 0.38592986451489475 -12.73042055094855 0.06982822198851699
1657568219.8327315 0.3859324554274583 -12.730457775149128 0.06983195544309939
1657568219.9327314 0.38593581861987647 -12.730502683642696 0.06983479922147122
1657568220.0327315 0.38593918181229464 -12.730547592136263 0.06983764299984306
1657568220.1327314 0.3859425450047128 -12.73059250062983 0.06984048677821489
1657568220.2327313 0.38594109618771366 -12.730617378370416 0.0698366842431306
1657568220.3327315 0.38593850367051813 -12.730637495277401 0.06983130203740447
1657568220.4327314 0.38593591115332254 -12.730657612184386 0.06982591983167835
1657568220.5327315 0.385933318636127 -12.73067772909137 0.06982053762595224
1657568220.6327314 0.38593268286781635 -12.730691727391145 0.06981496039040219
1657568220.7327313 0.3859325126396458 -12.730704269981766 0.06980933675430874
1657568220.8327315 0.3859323424114753 -12.730716812572389 0.06980371311821529
1657568220.9327314 0.3859321721833048 -12.73072935516301 0.06979808948212184
1657568221.0327315 0.3859337146765637 -12.73072371015426 0.06978284610457712
1657568221.1327314 0.3859356641666627 -12.73071374319604 0.0697653167718815
1657568221.2327313 0.3859376136567617 -12.730703776237819 0.06974778743918589
1657568221.3327315 0.38593956314686073 -12.730693809279598 0.06973025810649028
1657568221.4327314 0.38594568956744313 -12.73074831941972 0.06971881136477476
1657568221.5327315 0.3859528100145884 -12.730818173829684 0.06970881215900221
1657568221.6327314 0.38595993046173377 -12.730888028239649 0.06969881295322967
1657568221.7327313 0.38596705090887906 -12.730957882649614 0.06968881374745713
1657568221.8327315 0.3859675054781685 -12.730925009993692 0.06968545906501626
1657568221.9327314 0.38596636327745865 -12.730867529701616 0.06968369603722983
1657568222.0327315 0.3859652210767488 -12.730810049409541 0.0696819330094434
1657568222.1327314 0.38596407887603895 -12.730752569117467 0.06968016998165696
1657568222.2327313 0.3859597791772692 -12.730525709649763 0.06967772020716385
1657568222.3327315 0.38595472221224536 -12.730258227786917 0.06967510572944807
1657568222.4327314 0.3859496652472215 -12.729990745924072 0.06967249125173228
1657568222.5327315 0.3859446082821976 -12.729723264061226 0.06966987677401648
1657568222.6327314 0.3859479458712988 -12.7297524590825 0.06966949216591908
1657568222.7327313 0.38595329238104575 -12.729852652552143 0.06966964119320565
1657568222.8327315 0.38595863889079274 -12.729952846021787 0.0696697902204922
1657568222.9327314 0.38596398540053967 -12.73005303949143 0.06966993924777877
1657568223.0327315 0.38596599122568515 -12.73006499770563 0.06966928025855346
1657568223.1327314 0.3859672598132083 -12.730057483758378 0.06966844295253294
1657568223.2327313 0.3859685284007315 -12.730049969811125 0.06966760564651243
1657568223.3327315 0.3859697969882547 -12.730042455863872 0.06966676834049192
1657568223.4327314 0.3859707859890907 -12.729968359318297 0.06966487970433613
1657568223.5327315 0.38597170797711894 -12.729878303905345 0.06966273907984373
1657568223.6327314 0.38597262996514725 -12.729788248492394 0.06966059845535133
1657568223.7327313 0.3859735519531755 -12.729698193079441 0.06965845783085893
1657568223.8327315 0.3859761890742586 -12.729809752029919 0.06965597304718132
1657568223.9327314 0.38597923769852993 -12.729969683293614 0.06965340569113326
1657568224.0327315 0.3859822863228013 -12.73012961455731 0.06965083833508522
1657568224.1327314 0.3859853349470726 -12.730289545821003 0.06964827097903716
1657568224.2327313 0.38598704417012925 -12.730334866026334 0.06964546998740431
1657568224.3327315 0.38598842861630217 -12.730352395438313 0.06964261234401073
1657568224.4327314 0.3859898130624751 -12.73036992485029 0.06963975470061715
1657568224.5327315 0.385991197508648 -12.730387454262269 0.06963689705722356
1657568224.6327314 0.38598723146250763 -12.73038876886806 0.06963725503609557
1657568224.7327313 0.38598205607304137 -12.730386418527434 0.06963833982496889
1657568224.8327315 0.38597688068357516 -12.730384068186808 0.06963942461384223
1657568224.9327314 0.3859717052941089 -12.730381717846182 0.06964050940271556
1657568225.0327315 0.38597648304499155 -12.73052992170088 0.0696596055251556
1657568225.1327314 0.3859835075769652 -12.730712111042305 0.06968276745218224
1657568225.2327313 0.3859905321089388 -12.730894300383731 0.0697059293792089
1657568225.3327315 0.38599755664091245 -12.731076489725156 0.06972909130623554
1657568225.4327314 0.3859954957879593 -12.730977827487603 0.06974994791408858
1657568225.5327315 0.3859913669123058 -12.730815237585405 0.06977027978331786
1657568225.6327314 0.38598723803665225 -12.730652647683208 0.06979061165254713
1657568225.7327313 0.3859831091609987 -12.73049005778101 0.06981094352177641
1657568225.8327315 0.3859837826722194 -12.730496627469348 0.06982361272487181
1657568225.9327314 0.3859855446410197 -12.73054153705893 0.06983454519012168
1657568226.0327315 0.38598730660981995 -12.730586446648509 0.06984547765537157
1657568226.1327314 0.3859890685786202 -12.730631356238089 0.06985641012062145
1657568226.2327313 0.3859887431229974 -12.730584542954496 0.06986919937388454
1657568226.3327315 0.3859879450527427 -12.730516962657035 0.06988240902329405
1657568226.4327314 0.385987146982488 -12.730449382359575 0.06989561867270357
1657568226.5327315 0.38598634891223327 -12.730381802062116 0.06990882832211308
1657568226.6327314 0.3859871022195229 -12.73045671294584 0.06991215349390223
1657568226.7327313 0.38598820681045326 -12.730563888587467 0.06991324049014414
1657568226.8327315 0.3859893114013836 -12.730671064229096 0.06991432748638604
1657568226.9327314 0.385990415992314 -12.730778239870723 0.06991541448262796
1657568227.0327315 0.3859915588843748 -12.73086178396843 0.06991633391998031
1657568227.1327314 0.38599271118234435 -12.730939524682714 0.06991721220858313
1657568227.2327313 0.38599386348031395 -12.731017265397 0.06991809049718596
1657568227.3327315 0.3859950157782835 -12.731095006111286 0.0699189687857888
1657568227.4327314 0.3859960163549333 -12.731086896796475 0.06992002545706519
1657568227.5327315 0.38599698257692266 -12.731059348232103 0.06992112252000302
1657568227.6327314 0.38599794879891197 -12.731031799667733 0.06992221958294083
1657568227.7327313 0.38599891502090133 -12.73100425110336 0.06992331664587866
1657568227.8327315 0.38599819296331483 -12.730986957173583 0.06992402173529622
1657568227.9327314 0.38599708868828536 -12.730971984838089 0.06992463808401067
1657568228.0327315 0.38599598441325594 -12.730957012502593 0.06992525443272513
1657568228.1327314 0.38599488013822647 -12.730942040167097 0.06992587078143957
1657568228.2327313 0.3859939335347392 -12.73096972882734 0.0699264364084177
1657568228.3327315 0.38599302292476045 -12.731007156207044 0.06992699045655777
1657568228.4327314 0.38599211231478175 -12.731044583586746 0.06992754450469785
1657568228.5327315 0.38599120170480306 -12.73108201096645 0.06992809855283792
1657568228.6327314 0.3859882098982621 -12.731063280112455 0.06992802384862198
1657568228.7327313 0.38598470379260497 -12.73103067160246 0.06992779376899036
1657568228.8327315 0.38598119768694783 -12.730998063092466 0.06992756368935872
1657568228.9327314 0.3859776915812907 -12.73096545458247 0.0699273336097271
1657568229.0327315 0.38598001461274256 -12.730980317236344 0.06992740697654895
1657568229.1327314 0.3859835623143351 -12.731005153324682 0.06992754409582744
1657568229.2327313 0.3859871100159276 -12.73102998941302 0.06992768121510594
1657568229.3327315 0.38599065771752017 -12.731054825501356 0.06992781833438444
1657568229.4327314 0.3859917558680115 -12.73111037603887 0.06992690261311164
1657568229.5327315 0.3859923000627472 -12.731172872520844 0.06992574879634342
1657568229.6327314 0.385992844257483 -12.731235369002817 0.06992459497957519
1657568229.7327313 0.38599338845221876 -12.731297865484791 0.06992344116280697
1657568229.8327315 0.38599163084391763 -12.73128714055877 0.06992375390546705
1657568229.9327314 0.3859893475809755 -12.731259694318053 0.06992440156113125
1657568230.0327315 0.3859870643180333 -12.731232248077339 0.06992504921679545
1657568230.1327314 0.38598478105509115 -12.731204801836624 0.06992569687245963
1657568230.2327313 0.38598311035277333 -12.731177404352481 0.0699151716910143
1657568230.3327315 0.3859815796939346 -12.731150018015054 0.06990209217793514
1657568230.4327314 0.3859800490350958 -12.731122631677627 0.06988901266485598
1657568230.5327315 0.3859785183762571 -12.7310952453402 0.06987593315177681
1657568230.6327314 0.385974604301531 -12.731112660324058 0.06986001212031
1657568230.7327313 0.3859701409805326 -12.731140399548364 0.06984343627514054
1657568230.8327315 0.38596567765953427 -12.73116813877267 0.06982686042997108
1657568230.9327314 0.38596121433853586 -12.731195877996976 0.06981028458480162
1657568231.0327315 0.38595899956628493 -12.731071085988141 0.0697946569310724
1657568231.1327314 0.38595730311831666 -12.730911133237473 0.06977924784972174
1657568231.2327313 0.38595560667034845 -12.730751180486807 0.0697638387683711
1657568231.3327315 0.3859539102223802 -12.73059122773614 0.06974842968702046
1657568231.4327314 0.38595572181037163 -12.73061006306416 0.06974423243995234
1657568231.5327315 0.3859583403367952 -12.730670024245383 0.06974261420292893
1657568231.6327314 0.3859609588632188 -12.730729985426605 0.06974099596590554
1657568231.7327313 0.3859635773896424 -12.730789946607826 0.06973937772888214
1657568231.8327315 0.38596600117519503 -12.730874356747966 0.06973131507041495
1657568231.9327314 0.3859683802282667 -12.73096438287711 0.06972177211169955
1657568232.0327315 0.38597075928133834 -12.731054409006251 0.06971222915298414
1657568232.1327314 0.38597313833441005 -12.731144435135395 0.06970268619426874
1657568232.2327313 0.3859718886979993 -12.731130878858938 0.06968234184208079
1657568232.3327315 0.3859698063087451 -12.731093551316514 0.06965951866353648
1657568232.4327314 0.38596772391949086 -12.731056223774088 0.06963669548499218
1657568232.5327315 0.3859656415302366 -12.731018896231664 0.06961387230644787
1657568232.6327314 0.3859672289260863 -12.731022084143946 0.06959991834485928
1657568232.7327313 0.38596965963566054 -12.731034582475788 0.0695880025223369
1657568232.8327315 0.38597209034523483 -12.73104708080763 0.06957608669981452
1657568232.9327314 0.38597452105480906 -12.731059579139469 0.06956417087729215
1657568233.0327315 0.3859752360999459 -12.731047712146191 0.06955285320560492
1657568233.1327314 0.3859755575398331 -12.731030255295325 0.06954167276081569
1657568233.2327313 0.38597587897972024 -12.731012798444457 0.06953049231602645
1657568233.3327315 0.38597620041960745 -12.73099534159359 0.06951931187123722
1657568233.4327314 0.3859724368226982 -12.73085388689712 0.06951443932123821
1657568233.5327315 0.38596773609556034 -12.730683986403175 0.06951101383749138
1657568233.6327314 0.38596303536842247 -12.730514085909228 0.06950758835374454
1657568233.7327313 0.3859583346412846 -12.730344185415282 0.06950416286999771
1657568233.8327315 0.3859611724313576 -12.730373289327098 0.06950409898453351
1657568233.9327314 0.38596574466573275 -12.730448179704343 0.06950480852769252
1657568234.0327315 0.3859703169001079 -12.730523070081588 0.06950551807085152
1657568234.1327314 0.3859748891344831 -12.730597960458836 0.06950622761401053
1657568234.2327313 0.38596730922626227 -12.730610193469696 0.06950772967016411
1657568234.3327315 0.38595693073333764 -12.730607996766144 0.0695094142385559
1657568234.4327314 0.385946552240413 -12.730605800062593 0.0695110988069477
1657568234.5327315 0.38593617374748834 -12.730603603359041 0.06951278337533949
1657568234.6327314 0.38593693784511984 -12.730619412857113 0.06951111234530945
1657568234.7327313 0.3859402427218259 -12.730639328202926 0.06950867615800202
1657568234.8327315 0.385943547598532 -12.73065924354874 0.0695062399706946
1657568234.9327314 0.3859468524752381 -12.730679158894553 0.06950380378338718
1657568235.0327315 0.38594754233237644 -12.73071744350359 0.06950438910900066
1657568235.1327314 0.38594763014325206 -12.730759957200014 0.06950567006633498
1657568235.2327313 0.3859477179541277 -12.73080247089644 0.06950695102366933
1657568235.3327315 0.38594780576500326 -12.730844984592865 0.06950823198100366
1657568235.4327314 0.38594715683760583 -12.73087124735507 0.06950942395930008
1657568235.5327315 0.38594633863011735 -12.730893776145894 0.0695105954929146
1657568235.6327314 0.3859455204226288 -12.73091630493672 0.06951176702652913
1657568235.7327313 0.38594470221514027 -12.730938833727544 0.06951293856014365
1657568235.8327315 0.38594523890853605 -12.731010081393174 0.06952245571546135
1657568235.9327314 0.3859460870166934 -12.731092526761127 0.06953389105521814
1657568236.0327315 0.3859469351248508 -12.73117497212908 0.0695453263949749
1657568236.1327314 0.38594778323300816 -12.731257417497035 0.06955676173473167
1657568236.2327313 0.3859456177513436 -12.731327669306948 0.0695842029135366
1657568236.3327315 0.385942758416392 -12.731395113654388 0.0696153292999151
1657568236.4327314 0.38593989908144033 -12.73146255800183 0.06964645568629357
1657568236.5327315 0.38593703974648874 -12.73153000234927 0.06967758207267206
1657568236.6327314 0.3859339343009199 -12.731514203644991 0.06969473991019548
1657568236.7327313 0.3859307721092938 -12.731479211477916 0.069708677000555
1657568236.8327315 0.38592760991766767 -12.731444219310843 0.06972261409091451
1657568236.9327314 0.38592444772604156 -12.731409227143768 0.06973655118127403
1657568237.0327315 0.3859197188971208 -12.731222024860967 0.06973992306656437
1657568237.1327314 0.38591462746316546 -12.730999592883034 0.06974084958906246
1657568237.2327313 0.3859095360292101 -12.7307771609051 0.06974177611156056
1657568237.3327315 0.38590444459525475 -12.730554728927167 0.06974270263405864
1657568237.4327314 0.38590604916738597 -12.730445537798403 0.06974458185856731
1657568237.5327315 0.38590920800181333 -12.730362631888015 0.06974668222218419
1657568237.6327314 0.3859123668362407 -12.730279725977628 0.06974878258580106
1657568237.7327313 0.38591552567066806 -12.730196820067242 0.06975088294941793
1657568237.8327315 0.3859203760351118 -12.730192388715066 0.06975040629918018
1657568237.9327314 0.38592558733407745 -12.730204702071452 0.06974937977205313
1657568238.0327315 0.38593079863304314 -12.730217015427838 0.06974835324492609
1657568238.1327314 0.3859360099320088 -12.730229328784224 0.06974732671779905
1657568238.2327313 0.38594092075625597 -12.7303007416175 0.06974767498022375
1657568238.3327315 0.38594576166436056 -12.730385906048488 0.06974834313639118
1657568238.4327314 0.3859506025724652 -12.730471070479476 0.06974901129255862
1657568238.5327315 0.3859554434805698 -12.730556234910464 0.06974967944872605
1657568238.6327314 0.38595215179287257 -12.730452181396418 0.06974561594487888
1657568238.7327313 0.38594712434078604 -12.730307742527096 0.06974054254859942
1657568238.8327315 0.3859420968886995 -12.730163303657772 0.06973546915231994
1657568238.9327314 0.385937069436613 -12.730018864788448 0.06973039575604048
1657568239.0327315 0.385938293511857 -12.73005657072091 0.06972772962602873
1657568239.1327314 0.385940968103272 -12.730136538962482 0.06972562204410686
1657568239.2327313 0.38594364269468706 -12.730216507204053 0.069723514462185
1657568239.3327315 0.38594631728610207 -12.730296475445627 0.06972140688026313
1657568239.4327314 0.3859474746155666 -12.730390699126731 0.06971909345040621
1657568239.5327315 0.3859482798768219 -12.73048823066583 0.06971673225522185
1657568239.6327314 0.3859490851380772 -12.730585762204928 0.0697143710600375
1657568239.7327313 0.3859498903993325 -12.730683293744026 0.06971200986485314
1657568239.8327315 0.38595526049069295 -12.730849690814079 0.06971314685447765
1657568239.9327314 0.3859616907453878 -12.731032081625246 0.06971509628337932
1657568240.0327315 0.3859681210000826 -12.731214472436411 0.06971704571228102
1657568240.1327314 0.3859745512547774 -12.731396863247577 0.0697189951411827
1657568240.2327313 0.3859809037423556 -12.7314534248652 0.06971048671336386
1657568240.3327315 0.3859872381943356 -12.731480804421375 0.06969955291978672
1657568240.4327314 0.38599357264631556 -12.731508183977553 0.06968861912620959
1657568240.5327315 0.38599990709829557 -12.731535563533729 0.06967768533263245
1657568240.6327314 0.38600232217555136 -12.731603774323286 0.06964525376832564
1657568240.7327313 0.38600382701090186 -12.731681467824316 0.06960782952708339
1657568240.8327315 0.3860053318462524 -12.731759161325346 0.06957040528584114
1657568240.9327314 0.38600683668160296 -12.731836854826378 0.06953298104459889
1657568241.0327315 0.3860044633949609 -12.731802829321106 0.06950765025348973
1657568241.1327314 0.38600118859887506 -12.731742833580904 0.06948513070955761
1657568241.2327313 0.3859979138027892 -12.731682837840703 0.06946261116562549
1657568241.3327315 0.38599463900670333 -12.731622842100501 0.06944009162169337
1657568241.4327314 0.38599302568825306 -12.731579440476533 0.06941739173984847
1657568241.5327315 0.38599176726864687 -12.731539583427917 0.06939465333704162
1657568241.6327314 0.3859905088490406 -12.7314997263793 0.06937191493423477
1657568241.7327313 0.38598925042943444 -12.731459869330683 0.0693491765314279
1657568241.8327315 0.3859834466906529 -12.731317527360472 0.06933151966541022
1657568241.9327314 0.3859766723807165 -12.731153301578615 0.06931494787017398
1657568242.0327315 0.38596989807078014 -12.730989075796758 0.06929837607493775
1657568242.1327314 0.38596312376084374 -12.730824850014903 0.0692818042797015
1657568242.2327313 0.38596372464991036 -12.730767325909097 0.06926244481784638
1657568242.3327315 0.3859660498249824 -12.730734748141241 0.06924243361296212
1657568242.4327314 0.38596837500005443 -12.730702170373386 0.06922242240807784
1657568242.5327315 0.38597070017512647 -12.730669592605532 0.06920241120319358
1657568242.6327314 0.3859693819655274 -12.73065157742442 0.06918955589591504
1657568242.7327313 0.38596727960474514 -12.730636696490897 0.06917824072399979
1657568242.8327315 0.3859651772439629 -12.730621815557376 0.06916692555208453
1657568242.9327314 0.38596307488318066 -12.730606934623856 0.06915561038016929
1657568243.0327315 0.3859557625546314 -12.73063937539743 0.06915453070632763
1657568243.1327314 0.38594732728344666 -12.730682015766256 0.06915565716459586
1657568243.2327313 0.3859388920122619 -12.730724656135079 0.0691567836228641
1657568243.3327315 0.3859304567410771 -12.730767296503904 0.06915791008113233
1657568243.4327314 0.38591958837309753 -12.730737142598464 0.0691586425461962
1657568243.5327315 0.38590815103340753 -12.730689965990587 0.06915928287724066
1657568243.6327314 0.3858967136937175 -12.73064278938271 0.06915992320828511
1657568243.7327313 0.3858852763540275 -12.730595612774833 0.06916056353932955
1657568243.8327315 0.3858818716394902 -12.730663658422003 0.06917134034324222
1657568243.9327314 0.38588034811022875 -12.730758688324695 0.0691844910390202
1657568244.0327315 0.3858788245809673 -12.730853718227387 0.06919764173479818
1657568244.1327314 0.38587730105170576 -12.730948748130078 0.06921079243057617
1657568244.2327313 0.3858814976557773 -12.731142790349429 0.06922079218818888
1657568244.3327315 0.3858870300842997 -12.731359954944754 0.0692300561062679
1657568244.4327314 0.3858925625128221 -12.731577119540077 0.06923932002434689
1657568244.5327315 0.3858980949413445 -12.7317942841354 0.0692485839424259
1657568244.6327314 0.3858969091846084 -12.73180192623384 0.06925507542838412
1657568244.7327313 0.38589411287756875 -12.731759339511855 0.06926090227929262
1657568244.8327315 0.38589131657052916 -12.731716752789872 0.06926672913020111
1657568244.9327314 0.3858885202634896 -12.731674166067888 0.06927255598110961
1657568245.0327315 0.3858933812471856 -12.731700907859585 0.06927421325381383
1657568245.1327314 0.3858999477451102 -12.731743091244219 0.06927494183317202
1657568245.2327313 0.38590651424303485 -12.731785274628852 0.06927567041253023
1657568245.3327315 0.3859130807409594 -12.731827458013486 0.06927639899188842
1657568245.4327314 0.38591375954561835 -12.73185588296763 0.06927915182487117
1657568245.5327315 0.3859130141253143 -12.731880979776221 0.06928239432204214
1657568245.6327314 0.3859122687050103 -12.731906076584814 0.06928563681921311
1657568245.7327313 0.3859115232847062 -12.731931173393406 0.06928887931638408
1657568245.8327315 0.3859115453754595 -12.731847768875207 0.06928915376105554
1657568245.9327314 0.38591173825534103 -12.731740220278782 0.06928876774475529
1657568246.0327315 0.38591193113522254 -12.731632671682359 0.06928838172845503
1657568246.1327314 0.38591212401510405 -12.731525123085934 0.06928799571215476
1657568246.2327313 0.38589930047386467 -12.73123385553239 0.06928942431942726
1657568246.3327315 0.38588357604901324 -12.730901643751011 0.0692912573398434
1657568246.4327314 0.38586785162416176 -12.730569431969633 0.06929309036025955
1657568246.5327315 0.3858521271993103 -12.730237220188256 0.06929492338067568
1657568246.6327314 0.38585224448297323 -12.730160263413357 0.06930202902918256
1657568246.7327313 0.3858558863972957 -12.730140098468771 0.06931030778768625
1657568246.8327315 0.3858595283116181 -12.730119933524188 0.06931858654618996
1657568246.9327314 0.3858631702259406 -12.730099768579603 0.06932686530469365
1657568247.0327315 0.38586883767617386 -12.730157194414154 0.06935571124640791
1657568247.1327314 0.3858749558640956 -12.730231886340233 0.06938913395448228
1657568247.2327313 0.38588107405201727 -12.730306578266314 0.06942255666255664
1657568247.3327315 0.38588719223993895 -12.730381270192392 0.06945597937063101
1657568247.4327314 0.38588718777325476 -12.730390603012985 0.06948040421748279
1657568247.5327315 0.3858858327748149 -12.730385518958355 0.06950284432109886
1657568247.6327314 0.38588447777637513 -12.730380434903726 0.06952528442471495
1657568247.7327313 0.3858831227779353 -12.730375350849096 0.06954772452833102
1657568247.8327315 0.3858776524013323 -12.73037457555001 0.06955443149991637
1657568247.9327314 0.3858712737832363 -12.730374751169748 0.06955766625515653
1657568248.0327315 0.38586489516514033 -12.730374926789485 0.06956090101039668
1657568248.1327314 0.38585851654704434 -12.730375102409225 0.06956413576563683
1657568248.2327313 0.3858630580697415 -12.730370905690236 0.06956679962738378
1657568248.3327315 0.3858702263905843 -12.730365657221874 0.06956932616288214
1657568248.4327314 0.3858773947114271 -12.73036040875351 0.0695718526983805
1657568248.5327315 0.3858845630322699 -12.730355160285148 0.06957437923387887
1657568248.6327314 0.3858846342848787 -12.730333777954591 0.06957582976319177
1657568248.7327313 0.38588312683550274 -12.730308806739238 0.06957704094112119
1657568248.8327315 0.3858816193861268 -12.730283835523887 0.0695782521190506
1657568248.9327314 0.38588011193675087 -12.730258864308535 0.06957946329698
1657568249.0327315 0.38588079385759 -12.730307473284926 0.06957874992712156
1657568249.1327314 0.3858819636214546 -12.730372477653518 0.06957760772288457
1657568249.2327313 0.3858831333853192 -12.730437482022111 0.06957646551864759
1657568249.3327315 0.3858843031491838 -12.730502486390705 0.0695753233144106
1657568249.4327314 0.38588761000649735 -12.730465109020134 0.06957513269677043
1657568249.5327315 0.38589139252056465 -12.730404944360721 0.06957515387548006
1657568249.6327314 0.385895175034632 -12.730344779701309 0.06957517505418968
1657568249.7327313 0.38589895754869935 -12.730284615041896 0.0695751962328993
1657568249.8327315 0.385905595036429 -12.730312390706125 0.0695752900406741
1657568249.9327314 0.38591286188127216 -12.730359552142271 0.06957539985897096
1657568250.0327315 0.38592012872611525 -12.730406713578416 0.06957550967726782
1657568250.1327314 0.3859273955709584 -12.730453875014561 0.06957561949556468
1657568250.2327313 0.3859313707914756 -12.730505286822243 0.06957708241018691
1657568250.3327315 0.3859345615181595 -12.730557711622275 0.0695788678086706
1657568250.4327314 0.38593775224484345 -12.730610136422305 0.0695806532071543
1657568250.5327315 0.38594094297152737 -12.730662561222337 0.06958243860563798
1657568250.6327314 0.38594407150812204 -12.730775624116786 0.0695815296357629
1657568250.7327313 0.3859471852694257 -12.73090309357514 0.06957998053050235
1657568250.8327315 0.3859502990307293 -12.731030563033496 0.06957843142524178
1657568250.9327314 0.38595341279203293 -12.73115803249185 0.06957688231998123
1657568251.0327315 0.38595016652347125 -12.731091713289512 0.06957528054711314
1657568251.1327314 0.38594540765601504 -12.730979305543546 0.06957366624836599
1657568251.2327313 0.3859406487885589 -12.730866897797581 0.06957205194961882
1657568251.3327315 0.3859358899211027 -12.730754490051615 0.06957043765087167
1657568251.4327314 0.38593673160210934 -12.730781468261805 0.06955433315747367
1657568251.5327315 0.38593890297287325 -12.730841539673394 0.06953478838255009
1657568251.6327314 0.3859410743436372 -12.730901611084981 0.06951524360762651
1657568251.7327313 0.3859432457144012 -12.73096168249657 0.06949569883270293
1657568251.8327315 0.3859472053820731 -12.731054059181261 0.06947354537450036
1657568251.9327314 0.3859515893123642 -12.731154100096495 0.06945077302197683
1657568252.0327315 0.3859559732426552 -12.731254141011728 0.06942800066945329
1657568252.1327314 0.38596035717294624 -12.731354181926962 0.06940522831692976
1657568252.2327313 0.3859568542560112 -12.731238099353133 0.0693803011849432
1657568252.3327315 0.38595148111301764 -12.731070766923754 0.06935486308519141
1657568252.4327314 0.3859461079700241 -12.730903434494374 0.06932942498543963
1657568252.5327315 0.38594073482703056 -12.730736102064995 0.06930398688568784
1657568252.6327314 0.38594364034953044 -12.730837840468125 0.06929214962345805
1657568252.7327313 0.3859484924651022 -12.731002846485922 0.06928351037618763
1657568252.8327315 0.385953344580674 -12.731167852503717 0.06927487112891723
1657568252.9327314 0.38595819669624576 -12.731332858521514 0.06926623188164681
1657568253.0327315 0.38596269239260383 -12.731463366459502 0.06926489098099252
1657568253.1327314 0.3859671046475565 -12.731585798042031 0.06926525869837961
1657568253.2327313 0.3859715169025092 -12.73170822962456 0.0692656264157667
1657568253.3327315 0.3859759291574618 -12.73183066120709 0.06926599413315379
1657568253.4327314 0.3859743869506382 -12.731827596366513 0.06926037517336013
1657568253.5327315 0.3859714534793349 -12.731795209192141 0.06925335742193334
1657568253.6327314 0.38596852000803167 -12.731762822017767 0.06924633967050654
1657568253.7327313 0.3859655865367284 -12.731730434843396 0.06923932191907975
1657568253.8327315 0.38596591703043037 -12.731704031825481 0.06923152723896286
1657568253.9327314 0.38596701078454215 -12.731679028169909 0.06922355087831034
1657568254.0327315 0.385968104538654 -12.731654024514336 0.06921557451765781
1657568254.1327314 0.3859691982927658 -12.731629020858763 0.06920759815700529
1657568254.2327313 0.3859652757604569 -12.731577746321538 0.06921101747031728
1657568254.3327315 0.38596018279219374 -12.731520342073635 0.06921709570407597
1657568254.4327314 0.3859550898239306 -12.731462937825732 0.06922317393783466
1657568254.5327315 0.3859499968556675 -12.73140553357783 0.06922925217159336
1657568254.6327314 0.3859471488937739 -12.731266954752922 0.06923533397163598
1657568254.7327313 0.38594482517142686 -12.731109420559331 0.06924141660445446
1657568254.8327315 0.38594250144907977 -12.730951886365741 0.06924749923727294
1657568254.9327314 0.38594017772673267 -12.730794352172149 0.06925358187009141
1657568255.0327315 0.38594616142477817 -12.730766336999324 0.06925705200931914
1657568255.1327314 0.3859540860553703 -12.73076858244543 0.06925991176968092
1657568255.2327313 0.3859620106859625 -12.730770827891535 0.06926277153004272
1657568255.3327315 0.3859699353165546 -12.730773073337641 0.0692656312904045
1657568255.4327314 0.38597456817330594 -12.730813934743576 0.0692733179996477
1657568255.5327315 0.38597843282410954 -12.730863808011035 0.06928213118082362
1657568255.6327314 0.3859822974749131 -12.730913681278492 0.06929094436199955
1657568255.7327313 0.3859861621257166 -12.730963554545951 0.06929975754317547
1657568255.8327315 0.38597892701703773 -12.730960934606461 0.06931124062450628
1657568255.9327314 0.38596912150416135 -12.730946158659476 0.0693233419825282
1657568256.0327315 0.38595931599128497 -12.73093138271249 0.0693354433405501
1657568256.1327314 0.3859495104784086 -12.730916606765504 0.06934754469857202
1657568256.2327313 0.38595273971532745 -12.730909603210097 0.06935158179881266
1657568256.3327315 0.385958987278193 -12.730904399429258 0.06935375153996437
1657568256.4327314 0.38596523484105855 -12.73089919564842 0.06935592128111609
1657568256.5327315 0.3859714824039241 -12.730893991867578 0.0693580910222678
1657568256.6327314 0.38597628411074913 -12.730874584079126 0.0693649287207038
1657568256.7327313 0.3859807512797512 -12.730851889810104 0.06937284647705996
1657568256.8327315 0.3859852184487532 -12.73082919554108 0.06938076423341615
1657568256.9327314 0.38598968561775526 -12.730806501272056 0.06938868198977231
1657568257.0327315 0.38599240488913117 -12.730850968917844 0.06939664017535586
1657568257.1327314 0.3859947220386 -12.730910887856005 0.06940460766210087
1657568257.2327313 0.3859970391880689 -12.730970806794168 0.06941257514884588
1657568257.3327315 0.38599935633753774 -12.73103072573233 0.06942054263559089
1657568257.4327314 0.3860034314555138 -12.731056023331456 0.0694254782642583
1657568257.5327315 0.38600791025410863 -12.731073370865774 0.0694297176902691
1657568257.6327314 0.38601238905270346 -12.731090718400091 0.0694339571162799
1657568257.7327313 0.3860168678512983 -12.731108065934409 0.06943819654229072
1657568257.8327315 0.3860196649632116 -12.731139692178392 0.06944405700678544
1657568257.9327314 0.3860220748714374 -12.731174606055614 0.0694502907108886
1657568258.0327315 0.38602448477966317 -12.731209519932838 0.06945652441499175
1657568258.1327314 0.386026894687889 -12.731244433810062 0.06946275811909491
1657568258.2327313 0.3860262673523565 -12.731202002665604 0.06949220566241776
1657568258.3327315 0.3860249430284964 -12.731141822344062 0.0695269803300233
1657568258.4327314 0.38602361870463625 -12.73108164202252 0.06956175499762884
1657568258.5327315 0.38602229438077607 -12.731021461700978 0.06959652966523439
1657568258.6327314 0.3860238502630637 -12.73099989791626 0.06962330688724831
1657568258.7327313 0.3860260666440836 -12.730987189807944 0.06964825010766501
1657568258.8327315 0.38602828302510356 -12.730974481699628 0.06967319332808172
1657568258.9327314 0.3860304994061235 -12.730961773591313 0.06969813654849842
1657568259.0327315 0.38603140542764175 -12.730908523121009 0.06970792403370228
1657568259.1327314 0.3860320097699486 -12.73084593873297 0.06971422227016118
1657568259.2327313 0.3860326141122555 -12.730783354344933 0.06972052050662007
1657568259.3327315 0.38603321845456234 -12.730720769956896 0.06972681874307897
1657568259.4327314 0.3860317713472659 -12.73066029606371 0.0697359238562942
1657568259.5327315 0.38602985230203485 -12.730600307691876 0.06974567469417993
1657568259.6327314 0.38602793325680373 -12.730540319320042 0.06975542553206567
1657568259.7327313 0.3860260142115727 -12.730480330948208 0.06976517636995141
1657568259.8327315 0.3860271270754545 -12.730517656008274 0.06976947983497418
1657568259.9327314 0.3860289483185816 -12.730577717506957 0.06977251056861432
1657568260.0327315 0.3860307695617087 -12.730637779005642 0.06977554130225444
1657568260.1327314 0.3860325908048357 -12.730697840504327 0.06977857203589458
1657568260.2327313 0.3860323402225751 -12.730735309333314 0.06978053188712521
1657568260.3327315 0.38603162738913194 -12.730767737443937 0.06978225281056633
1657568260.4327314 0.38603091455568883 -12.730800165554559 0.06978397373400745
1657568260.5327315 0.38603020172224567 -12.73083259366518 0.06978569465744858
1657568260.6327314 0.38602637286893265 -12.730857195181086 0.06978766225072307
1657568260.7327313 0.3860217906991904 -12.730879904570934 0.06978968947790422
1657568260.8327315 0.38601720852944815 -12.730902613960781 0.06979171670508537
1657568260.9327314 0.3860126263597059 -12.730925323350629 0.06979374393226652
1657568261.0327315 0.3860132993761315 -12.730878592878149 0.06979509219985658
1657568261.1327314 0.38601514264068615 -12.730816399229605 0.06979628927371805
1657568261.2327313 0.38601698590524075 -12.73075420558106 0.06979748634757951
1657568261.3327315 0.38601882916979535 -12.730692011932515 0.06979868342144098
1657568261.4327314 0.38601591974779387 -12.730633466132895 0.06979872094775114
1657568261.5327315 0.3860117637947505 -12.730575877088334 0.06979845434880494
1657568261.6327314 0.3860076078417071 -12.730518288043775 0.06979818774985874
1657568261.7327313 0.38600345188866375 -12.730460698999217 0.06979792115091255
1657568261.8327315 0.3860013939199819 -12.730433467269442 0.06979730017684597
1657568261.9327314 0.3859998430836886 -12.730413573619893 0.0697965935419401
1657568262.0327315 0.38599829224739535 -12.730393679970344 0.06979588690703423
1657568262.1327314 0.3859967414111021 -12.730373786320795 0.06979518027212835
1657568262.2327313 0.38599676651043396 -12.73033377974903 0.06979507536492133
1657568262.3327315 0.38599720471630516 -12.730288500893575 0.0697951281910908
1657568262.4327314 0.3859976429221764 -12.73024322203812 0.06979518101726026
1657568262.5327315 0.3859980811280476 -12.730197943182663 0.06979523384342973
1657568262.6327314 0.3859970317095086 -12.730138830427983 0.069795329852692
1657568262.7327313 0.38599564205995074 -12.730076553755314 0.06979543573825607
1657568262.8327315 0.38599425241039287 -12.730014277082645 0.06979554162382015
1657568262.9327314 0.385992862760835 -12.729952000409977 0.06979564750938423
1657568263.0327315 0.3859890824669738 -12.729965771289901 0.06979517066150975
1657568263.1327314 0.3859847056006467 -12.729998519428765 0.06979454839563062
1657568263.2327313 0.3859803287343196 -12.730031267567629 0.0697939261297515
1657568263.3327315 0.38597595186799244 -12.730064015706493 0.06979330386387238
1657568263.4327314 0.3859819367047305 -12.73021264582173 0.06978888422800347
1657568263.5327315 0.3859903183943639 -12.73038808157392 0.06978358619046669
1657568263.6327314 0.3859987000839973 -12.73056351732611 0.06977828815292993
1657568263.7327313 0.38600708177363063 -12.7307389530783 0.06977299011539316
1657568263.8327315 0.3860089033366181 -12.730792246942615 0.06976873789716993
1657568263.9327314 0.38600933617665917 -12.7308196844094 0.06976470706998943
1657568264.0327315 0.38600976901670025 -12.730847121876186 0.06976067624280892
1657568264.1327314 0.38601020185674134 -12.730874559342972 0.06975664541562841
1657568264.2327313 0.38600972103740844 -12.730895939617337 0.06975326912512075
1657568264.3327315 0.386009030000862 -12.73091592623653 0.06975004343217645
1657568264.4327314 0.38600833896431563 -12.730935912855724 0.06974681773923212
1657568264.5327315 0.38600764792776926 -12.73095589947492 0.06974359204628781
1657568264.6327314 0.3860081549184031 -12.7309679052381 0.06974090922480147
1657568264.7327313 0.3860089602711451 -12.730977923412796 0.06973836160247864
1657568264.8327315 0.3860097656238871 -12.730987941587495 0.06973581398015581
1657568264.9327314 0.3860105709766291 -12.730997959762192 0.06973326635783299
1657568265.0327315 0.38601204037682546 -12.731001842468697 0.0697337643322614
1657568265.1327314 0.38601366541342486 -12.731004287172247 0.06973497611971684
1657568265.2327313 0.38601529045002425 -12.7310067318758 0.06973618790717227
1657568265.3327315 0.38601691548662365 -12.73100917657935 0.06973739969462771
1657568265.4327314 0.38601387486410843 -12.730896467098464 0.06972387736103908
1657568265.5327315 0.38600973440698 -12.73075661235154 0.06970688175691749
1657568265.6327314 0.38600559394985157 -12.730616757604615 0.06968988615279591
1657568265.7327313 0.3860014534927231 -12.730476902857692 0.06967289054867432
1657568265.8327315 0.38600113628677724 -12.730468483706305 0.06966494270558939
1657568265.9327314 0.3860017191436426 -12.730491006882788 0.06965912486988433
1657568266.0327315 0.386002302000508 -12.730513530059273 0.06965330703417928
1657568266.1327314 0.3860028848573734 -12.730536053235756 0.06964748919847424
1657568266.2327313 0.3860027534811409 -12.730540362435583 0.06964585354846159
1657568266.3327315 0.3860024536224156 -12.730540375088248 0.06964520444621976
1657568266.4327314 0.3860021537636903 -12.730540387740914 0.06964455534397791
1657568266.5327315 0.386001853904965 -12.730540400393581 0.06964390624173608
1657568266.6327314 0.3860023559253854 -12.730516108219925 0.06964150789969505
1657568266.7327313 0.3860030469352017 -12.730486087808456 0.06963869729132337
1657568266.8327315 0.3860037379450181 -12.730456067396986 0.06963588668295168
1657568266.9327314 0.38600442895483444 -12.730426046985517 0.06963307607457998
1657568267.0327315 0.3860066210889276 -12.730474919247497 0.0696320716492853
1657568267.1327314 0.38600916681818065 -12.730542374959173 0.06963149267683544
1657568267.2327313 0.38601171254743377 -12.730609830670849 0.06963091370438558
1657568267.3327315 0.38601425827668684 -12.730677286382525 0.06963033473193571
1657568267.4327314 0.38601272516029556 -12.7306396062849 0.06962921972184913
1657568267.5327315 0.3860102304050253 -12.730577139105192 0.06962797833418492
1657568267.6327314 0.3860077356497551 -12.730514671925484 0.0696267369465207
1657568267.7327313 0.38600524089448485 -12.730452204745776 0.0696254955588565
1657568267.8327315 0.3860072737644663 -12.730482872770482 0.0696239959017805
1657568267.9327314 0.3860103652634471 -12.730535317250343 0.06962243585731073
1657568268.0327315 0.38601345676242793 -12.730587761730206 0.06962087581284096
1657568268.1327314 0.38601654826140874 -12.730640206210067 0.06961931576837119
1657568268.2327313 0.38601769142295 -12.730684603264013 0.06961726568664077
1657568268.3327315 0.38601838010452727 -12.730727123130896 0.06961510129610943
1657568268.4327314 0.3860190687861046 -12.730769642997776 0.06961293690557807
1657568268.5327315 0.3860197574676819 -12.730812162864659 0.06961077251504671
1657568268.6327314 0.3860158293590304 -12.730820299693537 0.06960923011009681
1657568268.7327313 0.386010830058924 -12.730820458941741 0.06960783201875159
1657568268.8327315 0.3860058307588176 -12.730820618189945 0.06960643392740637
1657568268.9327314 0.3860008314587112 -12.730820777438149 0.06960503583606113
1657568269.0327315 0.3859991909718979 -12.730859369594508 0.06961223999870264
1657568269.1327314 0.3859983291847376 -12.730906871949095 0.0696214384883907
1657568269.2327313 0.38599746739757723 -12.73095437430368 0.06963063697807877
1657568269.3327315 0.38599660561041693 -12.731001876658265 0.06963983546776682
1657568269.4327314 0.3859958490668375 -12.730937562136493 0.06966229391544146
1657568269.5327315 0.3859951168672772 -12.730847383118702 0.0696878195399295
1657568269.6327314 0.3859943846677169 -12.730757204100913 0.06971334516441755
1657568269.7327313 0.38599365246815664 -12.730667025083124 0.0697388707889056
1657568269.8327315 0.38598528390953046 -12.730526296375805 0.06974958313068297
1657568269.9327314 0.38597515842292635 -12.73037393749722 0.06975688732066773
1657568270.0327315 0.3859650329363223 -12.730221578618632 0.0697641915106525
1657568270.1327314 0.38595490744971817 -12.730069219740045 0.06977149570063725
1657568270.2327313 0.38595650122559694 -12.730081570335303 0.06977348181265075
1657568270.3327315 0.38596076654251127 -12.730131468354637 0.0697742556074599
1657568270.4327314 0.38596503185942554 -12.730181366373971 0.06977502940226904
1657568270.5327315 0.3859692971763399 -12.730231264393307 0.06977580319707818
1657568270.6327314 0.38596898334435276 -12.73023236465897 0.06977789560178191
1657568270.7327313 0.38596762997871914 -12.730222387122208 0.06978028735018063
1657568270.8327315 0.38596627661308547 -12.730212409585443 0.06978267909857935
1657568270.9327314 0.3859649232474518 -12.73020243204868 0.06978507084697809
1657568271.0327315 0.38596151247200067 -12.730194556573856 0.06978747361192955
1657568271.1327314 0.3859576354731634 -12.730187157440902 0.06978987887330856
1657568271.2327313 0.3859537584743262 -12.730179758307946 0.06979228413468758
1657568271.3327315 0.385949881475489 -12.730172359174992 0.06979468939606659
1657568271.4327314 0.3859491723534908 -12.73019545322388 0.06979644854814855
1657568271.5327315 0.3859491813603641 -12.730225459799794 0.06979806123312844
1657568271.6327314 0.3859491903672374 -12.730255466375707 0.06979967391810833
1657568271.7327313 0.3859491993741107 -12.730285472951621 0.06980128660308822
1657568271.8327315 0.3859525708862003 -12.730313344087355 0.06980150385555459
1657568271.9327314 0.38595670365143997 -12.730340731770882 0.06980140518958262
1657568272.0327315 0.3859608364166797 -12.730368119454411 0.06980130652361065
1657568272.1327314 0.38596496918191947 -12.730395507137938 0.06980120785763867
1657568272.2327313 0.38596205263661987 -12.730363966405573 0.06980180236437349
1657568272.3327315 0.38595753921970416 -12.730319076691886 0.06980255389466603
1657568272.4327314 0.38595302580278845 -12.7302741869782 0.06980330542495858
1657568272.5327315 0.38594851238587274 -12.730229297264513 0.06980405695525112
1657568272.6327314 0.38594826874552807 -12.730282187368497 0.06980538672829695
1657568272.7327313 0.3859489917260191 -12.730357213527492 0.06980684740783966
1657568272.8327315 0.3859497147065101 -12.730432239686488 0.06980830808738236
1657568272.9327314 0.38595043768700116 -12.730507265845484 0.06980976876692507
1657568273.0327315 0.38595105642810973 -12.730508764713523 0.06981005109497483
1657568273.1327314 0.38595165174199364 -12.730493738729583 0.06981006859504378
1657568273.2327313 0.3859522470558775 -12.730478712745645 0.06981008609511273
1657568273.3327315 0.3859528423697614 -12.730463686761706 0.06981010359518168
1657568273.4327314 0.3859526483145094 -12.73047115194698 0.0698107337515831
1657568273.5327315 0.38595227708039037 -12.730483665416637 0.06981150142255144
1657568273.6327314 0.38595190584627137 -12.730496178886291 0.06981226909351977
1657568273.7327313 0.38595153461215237 -12.730508692355947 0.0698130367644881
1657568273.8327315 0.3859523563956713 -12.73048235852021 0.06981216388121403
1657568273.9327314 0.3859534456712752 -12.730447314547769 0.069810923161572
1657568274.0327315 0.38595453494687915 -12.730412270575329 0.06980968244192999
1657568274.1327314 0.38595562422248303 -12.730377226602888 0.06980844172228798
1657568274.2327313 0.3859534864513578 -12.730338203072186 0.06980811684467457
1657568274.3327315 0.3859506257699467 -12.730298288056531 0.06980799713038176
1657568274.4327314 0.3859477650885357 -12.730258373040876 0.06980787741608896
1657568274.5327315 0.3859449044071246 -12.730218458025222 0.06980775770179615
1657568274.6327314 0.3859472814210836 -12.730310954306232 0.06980213689434601
1657568274.7327313 0.3859508447997247 -12.730433442420438 0.06979527006127328
1657568274.8327315 0.38595440817836574 -12.730555930534646 0.06978840322820055
1657568274.9327314 0.3859579715570068 -12.730678418648852 0.06978153639512782
1657568275.0327315 0.38595924575290697 -12.730713284471294 0.0697757742925182
1657568275.1327314 0.3859600014668121 -12.73072830452964 0.06977026240272222
1657568275.2327313 0.3859607571807172 -12.730743324587987 0.06976475051292624
1657568275.3327315 0.3859615128946223 -12.730758344646334 0.06975923862313026
1657568275.4327314 0.38596014229974623 -12.730765246861484 0.06975474405301317
1657568275.5327315 0.38595829484426575 -12.73077032851339 0.06975047763399117
1657568275.6327314 0.38595644738878526 -12.730775410165297 0.06974621121496917
1657568275.7327313 0.3859545999333048 -12.730780491817201 0.06974194479594717
1657568275.8327315 0.38595464354833725 -12.730758985753459 0.06973325111444592
1657568275.9327314 0.3859551116490232 -12.730731511586587 0.06972356365222973
1657568276.0327315 0.38595557974970907 -12.730704037419713 0.06971387619001353
1657568276.1327314 0.38595604785039495 -12.73067656325284 0.06970418872779734
1657568276.2327313 0.38595689177769404 -12.730681755005111 0.0696894631793711
1657568276.3327315 0.38595782005599777 -12.730694278337957 0.0696736068764471
1657568276.4327314 0.3859587483343015 -12.730706801670804 0.06965775057352311
1657568276.5327315 0.3859596766126052 -12.730719325003651 0.06964189427059911
1657568276.6327314 0.3859666319578785 -12.73092124183189 0.06961930590768023
1657568276.7327313 0.3859750622619292 -12.731169507506062 0.06959507005834224
1657568276.8327315 0.3859834925659799 -12.731417773180235 0.06957083420900427
1657568276.9327314 0.3859919228700306 -12.731666038854407 0.0695465983596663
1657568277.0327315 0.3859842119521992 -12.731624347073925 0.06953534094567287
1657568277.1327314 0.38597285668727277 -12.731517189022348 0.06952701378835334
1657568277.2327313 0.3859615014223464 -12.731410030970773 0.06951868663103379
1657568277.3327315 0.38595014615742 -12.731302872919196 0.06951035947371426
1657568277.4327314 0.3859496621968483 -12.731340235395997 0.06950257912157332
1657568277.5327315 0.385951634632443 -12.73141025261783 0.06949492232131727
1657568277.6327314 0.3859536070680376 -12.731480269839663 0.06948726552106123
1657568277.7327313 0.38595557950363224 -12.731550287061495 0.06947960872080519
1657568277.8327315 0.38595564060967674 -12.73157341311602 0.06947479192427379
1657568277.9327314 0.38595527015869285 -12.731585951664682 0.0694706163691064
1657568278.0327315 0.385954899707709 -12.731598490213344 0.06946644081393902
1657568278.1327314 0.38595452925672513 -12.731611028762005 0.06946226525877162
1657568278.2327313 0.38595451405813885 -12.731586836124329 0.06946086090863784
1657568278.3327315 0.3859545793204242 -12.731554324265485 0.06946008420682913
1657568278.4327314 0.3859546445827095 -12.731521812406639 0.06945930750502041
1657568278.5327315 0.3859547098449948 -12.731489300547793 0.0694585308032117
1657568278.6327314 0.3859534212107874 -12.731428274442523 0.0694590635877906
1657568278.7327313 0.3859518256110111 -12.731360783373407 0.06945989326894628
1657568278.8327315 0.3859502300112348 -12.73129329230429 0.06946072295010194
1657568278.9327314 0.3859486344114585 -12.731225801235174 0.06946155263125763
1657568279.0327315 0.3859465118293671 -12.731233788477285 0.06946124725468746
1657568279.1327314 0.38594426990124103 -12.73125886934265 0.06946068482084054
1657568279.2327313 0.3859420279731149 -12.731283950208015 0.06946012238699363
1657568279.3327315 0.3859397860449888 -12.731309031073382 0.06945955995314672
1657568279.4327314 0.3859399789896846 -12.731301422101104 0.06945898212109179
1657568279.5327315 0.3859407245532115 -12.731286393841993 0.06945840079425897
1657568279.6327314 0.3859414701167384 -12.731271365582883 0.06945781946742614
1657568279.7327313 0.3859422156802654 -12.73125633732377 0.06945723814059333
1657568279.8327315 0.38593861742943153 -12.731163967051922 0.0694578620715456
1657568279.9327314 0.38593403630744344 -12.731054096669107 0.06945875871514443
1657568280.0327315 0.3859294551854553 -12.730944226286292 0.06945965535874327
1657568280.1327314 0.3859248740634672 -12.730834355903475 0.0694605520023421
1657568323.5337672 -28.927620439465837 -10.780540352310895 0.5554974122097972
1657568323.6337671 -28.99715680471088 -10.78374937016163 0.5544917665754908
1657568323.7337673 -29.066693169955922 -10.786958388012364 0.5534861209411843
1657568323.8337672 -29.144218437648924 -10.787304663090989 0.551679061740929
1657568323.9337673 -29.22355841559467 -10.787000655018286 0.5496899583331882
1657568324.0337672 -29.302898393540417 -10.786696646945583 0.5477008549254475
1657568324.1337671 -29.382238371486167 -10.786392638872877 0.5457117515177068
1657568324.2337673 -29.461538897212485 -10.786798054003796 0.5452049469380806
1657568324.3337672 -29.540830545008923 -10.787363110583287 0.5450317039489576
1657568324.4337673 -29.62012219280536 -10.78792816716278 0.5448584609598345
1657568324.5337672 -29.699413840601796 -10.788493223742272 0.5446852179707115
1657568324.6337671 -29.787024416713596 -10.791209925668973 0.5446101670211432
1657568324.7337673 -29.87649218154283 -10.79440697930821 0.5445570373024222
1657568324.8337672 -29.965959946372063 -10.797604032947447 0.5445039075837014
1657568324.9337673 -30.055427711201297 -10.800801086586684 0.5444507778649804
1657568325.0337672 -30.141817088368615 -10.802890404756766 0.5437274403057482
1657568325.1337671 -30.22752218940533 -10.80473349112507 0.5428551263087924
1657568325.2337673 -30.313227290442043 -10.806576577493374 0.5419828123118368
1657568325.3337672 -30.39893239147876 -10.80841966386168 0.541110498314881
1657568325.4337673 -30.486626760844462 -10.8114608718814 0.5396107093612403
1657568325.5337672 -30.574763336698386 -10.814768417609422 0.5379714352044223
1657568325.6337671 -30.66289991255231 -10.818075963337442 0.5363321610476043
1657568325.7337673 -30.751036488406235 -10.821383509065463 0.5346928868907862
1657568325.8337672 -30.842746720539967 -10.821127008628162 0.5343469073037561
1657568325.9337673 -30.93527182982599 -10.820057822369279 0.5342958291044306
1657568326.0337672 -31.027796939112008 -10.818988636110396 0.5342447509051051
1657568326.1337671 -31.12032204839803 -10.81791944985151 0.5341936727057797
1657568326.2337673 -31.214084984089183 -10.82082202575254 0.5333841352253348
1657568326.3337672 -31.308131925993138 -10.824635880589366 0.532400577262616
1657568326.4337673 -31.40217886789709 -10.828449735426192 0.5314170192998973
1657568326.5337672 -31.49622580980104 -10.832263590263018 0.5304334613371785
1657568326.6337671 -31.588521876102824 -10.836369962236512 0.5285282669956609
1657568326.7337673 -31.680449412970077 -10.840537904075296 0.5264290839246734
1657568326.8337672 -31.772376949837327 -10.844705845914081 0.5243299008536859
1657568326.9337673 -31.864304486704576 -10.848873787752865 0.5222307177826984
1657568327.0337672 -31.950791163053083 -10.845157772133946 0.5223425628065566
1657568327.1337671 -32.03603006383221 -10.839633695185046 0.5229614722608401
1657568327.2337673 -32.12126896461134 -10.834109618236148 0.5235803817151236
1657568327.3337672 -32.20650786539046 -10.828585541287248 0.5241992911694071
1657568327.4337673 -32.28508487710553 -10.8347330618225 0.5237944151706893
1657568327.5337672 -32.36225828288815 -10.8433396931764 0.5231738358899771
1657568327.6337671 -32.43943168867076 -10.8519463245303 0.522553256609265
1657568327.7337673 -32.516605094453375 -10.860552955884199 0.5219326773285529
1657568327.8337672 -32.58412064103513 -10.86677820433978 0.5209917853745383
1657568327.9337673 -32.649417487783914 -10.872456377741894 0.519977307995434
1657568328.0337672 -32.71471433453271 -10.878134551144008 0.5189628306163296
1657568328.1337671 -32.780011181281495 -10.883812724546122 0.5179483532372253
1657568328.2337673 -32.85297275642842 -10.887350107555918 0.521566467854614
1657568328.3337672 -32.927689885250395 -10.890397157151986 0.5262456460194643
1657568328.4337673 -33.00240701407237 -10.893444206748054 0.5309248241843146
1657568328.5337672 -33.07712414289435 -10.896491256344122 0.5356040023491649
1657568328.6337671 -33.15656458160721 -10.90579297559473 0.538109779464611
1657568328.7337673 -33.23701353848899 -10.916430187991637 0.5401514933495517
1657568328.8337672 -33.31746249537076 -10.927067400388541 0.5421932072344923
1657568328.9337673 -33.397911452252536 -10.937704612785446 0.5442349211194328
1657568329.0337672 -33.47926466827987 -10.954657138094475 0.5445078855718716
1657568329.1337671 -33.56081233887124 -10.972967726990861 0.5444004929093327
1657568329.2337673 -33.64236000946261 -10.991278315887246 0.5442931002467939
1657568329.3337672 -33.72390768005398 -11.009588904783632 0.544185707584255
1657568329.4337673 -33.809546313270076 -11.026542555342076 0.5459457948676019
1657568329.5337672 -33.89606351886906 -11.043204790735347 0.5481069408886015
1657568329.6337671 -33.98258072446804 -11.059867026128618 0.550268086909601
1657568329.7337673 -34.06909793006703 -11.076529261521888 0.5524292329306005
1657568329.8337672 -34.15447450314321 -11.100303270254079 0.5542158238964549
1657568329.9337673 -34.23960661458183 -11.12560148219958 0.5559221398041193
1657568330.0337672 -34.32473872602045 -11.15089969414508 0.5576284557117839
1657568330.1337671 -34.40987083745906 -11.17619790609058 0.5593347716194483
1657568330.2337673 -34.492694567953734 -11.208113825265205 0.5600273215184102
1657568330.3337672 -34.57502414461217 -11.241446393378526 0.5605028550867015
1657568330.4337673 -34.6573537212706 -11.274778961491847 0.5609783886549928
1657568330.5337672 -34.73968329792904 -11.30811152960517 0.5614539222232842
1657568330.6337671 -34.82383846162676 -11.348276496655716 0.5616273385855715
1657568330.7337673 -34.908385206849694 -11.38990698747434 0.5617359519481786
1657568330.8337672 -34.99293195207263 -11.431537478292965 0.5618445653107857
1657568330.9337673 -35.077478697295575 -11.47316796911159 0.5619531786733929
1657568331.0337672 -35.168600336743005 -11.52099513381843 0.562215191765114
1657568331.1337671 -35.261126522231194 -11.570146048152013 0.5625099745067831
1657568331.2337673 -35.35365270771938 -11.619296962485597 0.562804757248452
1657568331.3337672 -35.446178893207566 -11.668447876819181 0.5630995399901211
1657568331.4337673 -35.548178185969384 -11.725578361083693 0.5634613450260043
1657568331.5337672 -35.65221205019514 -11.784422644718044 0.5638375446679359
1657568331.6337671 -35.756245914420894 -11.843266928352396 0.5642137443098674
1657568331.7337673 -35.86027977864665 -11.902111211986746 0.564589943951799
1657568331.8337672 -35.96216594826065 -11.95374354023361 0.5649738890992729
1657568331.9337673 -36.06359059779796 -12.003826084733195 0.5653594986855794
1657568332.0337672 -36.165015247335276 -12.05390862923278 0.5657451082718858
1657568332.1337671 -36.26643989687259 -12.103991173732366 0.5661307178581922
1657568332.2337673 -36.366347689197354 -12.146858356092066 0.5660848490367364
1657568332.3337672 -36.4659293283611 -12.18817409830937 0.5659462041481333
1657568332.4337673 -36.565510967524844 -12.229489840526671 0.5658075592595304
1657568332.5337672 -36.66509260668859 -12.270805582743975 0.5656689143709275
1657568332.6337671 -36.77286193758352 -12.309234182210856 0.5655611730670863
1657568332.7337673 -36.882389801443146 -12.347042688021663 0.5654600691617103
1657568332.8337672 -36.99191766530277 -12.384851193832471 0.5653589652563343
1657568332.9337673 -37.1014455291624 -12.422659699643278 0.5652578613509583
1657568333.0337672 -37.21178912223773 -12.453797726132157 0.5654377140759606
1657568333.1337671 -37.32230828433793 -12.483500068416893 0.5656780369676203
1657568333.2337673 -37.43282744643812 -12.513202410701627 0.5659183598592801
1657568333.3337672 -37.54334660853831 -12.542904752986361 0.5661586827509398
1657568333.4337673 -37.65339299011227 -12.562617002780987 0.5659127499901134
1657568333.5337672 -37.763337498137 -12.580176612771917 0.5655620400940052
1657568333.6337671 -37.87328200616173 -12.597736222762846 0.5652113301978969
1657568333.7337673 -37.983226514186455 -12.615295832753775 0.5648606203017887
1657568333.8337672 -38.09034913454119 -12.629288850752856 0.5645250495824605
1657568333.9337673 -38.19686430393518 -12.642514109724855 0.564192737783598
1657568334.0337672 -38.303379473329166 -12.655739368696855 0.5638604259847355
1657568334.1337671 -38.40989464272315 -12.668964627668855 0.5635281141858731
1657568334.2337673 -38.52033298870983 -12.683614963227315 0.5633126277032463
1657568334.3337672 -38.631613056494764 -12.69857105051494 0.5631222062190822
1657568334.4337673 -38.742893124279696 -12.713527137802561 0.562931784734918
1657568334.5337672 -38.85417319206463 -12.728483225090184 0.5627413632507537
1657568334.6337671 -38.9639561171334 -12.741437782685685 0.5624428619965601
1657568334.7337673 -39.073417563189594 -12.753962555076255 0.5621211529496998
1657568334.8337672 -39.18287900924578 -12.766487327466823 0.5617994439028394
1657568334.9337673 -39.29234045530197 -12.779012099857393 0.5614777348559791
1657568335.0337672 -39.39406842740347 -12.790132287546589 0.5611714927981766
1657568335.1337671 -39.49413677171366 -12.800951046948922 0.5608685700047873
1657568335.2337673 -39.59420511602385 -12.811769806351258 0.5605656472113979
1657568335.3337672 -39.694273460334045 -12.822588565753593 0.5602627244180086
1657568335.4337673 -39.791183409105074 -12.836188655618876 0.5604904778120475
1657568335.5337672 -39.887417417244144 -12.850383988938464 0.5608318033008556
1657568335.6337671 -39.98365142538322 -12.864579322258052 0.5611731287896636
1657568335.7337673 -40.07988543352229 -12.87877465557764 0.5615144542784717
1657568335.8337672 -40.18709629568723 -12.896329268813453 0.5617964707334704
1657568335.9337673 -40.296661234695364 -12.91460430732248 0.5620657678772024
1657568336.0337672 -40.406226173703494 -12.932879345831507 0.5623350650209344
1657568336.1337671 -40.51579111271163 -12.951154384340533 0.5626043621646666
1657568336.2337673 -40.625119998711654 -12.96777914740307 0.563194342502808
1657568336.3337672 -40.73439826003588 -12.984049987166205 0.563853097574567
1657568336.4337673 -40.8436765213601 -13.00032082692934 0.564511852646326
1657568336.5337672 -40.95295478268433 -13.016591666692475 0.565170607718085
1657568336.6337671 -41.060312217984304 -13.033682258306055 0.5655193055010908
1657568336.7337673 -41.16725810260086 -13.050948487603641 0.5658015712972986
1657568336.8337672 -41.27420398721742 -13.06821471690123 0.5660838370935065
1657568336.9337673 -41.38114987183398 -13.085480946198816 0.5663661028897143
1657568337.0337672 -41.49120306341197 -13.101782907775258 0.5668906077495663
1657568337.1337671 -41.60192733816513 -13.11787661704446 0.5674674288311493
1657568337.2337673 -41.71265161291829 -13.133970326313664 0.5680442499127322
1657568337.3337672 -41.82337588767145 -13.150064035582867 0.568621070994315
1657568337.4337673 -41.93409234055633 -13.165382606321371 0.5697358047125057
1657568337.5337672 -42.04480709815881 -13.18053317644134 0.5709671235984932
1657568337.6337671 -42.15552185576129 -13.195683746561311 0.5721984424844807
1657568337.7337673 -42.26623661336377 -13.21083431668128 0.5734297613704681
1657568337.8337672 -42.37670257342084 -13.228842182514756 0.5746991999473453
1657568337.9337673 -42.48711000039598 -13.247522266893847 0.5759776067115363
1657568338.0337672 -42.597517427371116 -13.266202351272941 0.5772560134757272
1657568338.1337671 -42.70792485434625 -13.284882435652035 0.5785344202399181
1657568338.2337673 -42.81601910370078 -13.302112376020768 0.5793367884093366
1657568338.3337672 -42.92361252768999 -13.319028346162018 0.5800360896110446
1657568338.4337673 -43.031205951679205 -13.335944316303268 0.5807353908127527
1657568338.5337672 -43.13879937566841 -13.352860286444518 0.5814346920144607
1657568338.6337671 -43.24849204160324 -13.370874013064906 0.5822458801505064
1657568338.7337673 -43.3586462428974 -13.389129090346238 0.5830816675360818
1657568338.8337672 -43.46880044419156 -13.40738416762757 0.5839174549216573
1657568338.9337673 -43.578954645485716 -13.425639244908899 0.5847532423072326
1657568339.0337672 -43.69020146473932 -13.445178591499257 0.5852177172398834
1657568339.1337671 -43.80168959661726 -13.465001578308636 0.5856001851162786
1657568339.2337673 -43.9131777284952 -13.484824565118014 0.585982652992674
1657568339.3337672 -44.02466586037314 -13.504647551927393 0.5863651208690693
1657568339.4337673 -44.13371607071872 -13.52521095415182 0.5865701907559152
1657568339.5337672 -44.24222949003911 -13.545937383916074 0.5867362004648953
1657568339.6337671 -44.3507429093595 -13.566663813680329 0.5869022101738753
1657568339.7337673 -44.45925632867989 -13.587390243444581 0.5870682198828554
1657568339.8337672 -44.559517844331396 -13.613153465392308 0.5868103529541667
1657568339.9337673 -44.65796495982903 -13.640024159855399 0.5864592854904899
1657568340.0337672 -44.756412075326665 -13.66689485431849 0.586108218026813
1657568340.1337671 -44.8548591908243 -13.693765548781581 0.585757150563136
1657568340.2337673 -44.95095934752287 -13.723070839126482 0.5854997465329862
1657568340.3337672 -45.04654381768221 -13.752911072106599 0.5852629227413592
1657568340.4337673 -45.14212828784156 -13.782751305086718 0.5850260989497321
1657568340.5337672 -45.237712758000896 -13.812591538066835 0.5847892751581051
1657568340.6337671 -45.3412143945412 -13.849960873857784 0.584938743789903
1657568340.7337673 -45.44646556842111 -13.888993992606874 0.585173575414756
1657568340.8337672 -45.55171674230103 -13.928027111355963 0.5854084070396091
1657568340.9337673 -45.656967916180946 -13.967060230105053 0.5856432386644621
1657568341.0337672 -45.76087480167765 -14.007955198626762 0.5861559250695297
1657568341.1337671 -45.8644825286331 -14.049264504034046 0.5867304454023227
1657568341.2337673 -45.96809025558855 -14.090573809441327 0.5873049657351156
1657568341.3337672 -46.071697982543995 -14.13188311484861 0.5878794860679085
1657568341.4337673 -46.17493870142415 -14.171797499588028 0.5879740449250886
1657568341.5337672 -46.27809590720917 -14.211394468580256 0.5879593880154411
1657568341.6337671 -46.38125311299419 -14.250991437572482 0.5879447311057936
1657568341.7337673 -46.4844103187792 -14.29058840656471 0.5879300741961461
1657568341.8337672 -46.58723260708037 -14.331064129480461 0.5880877724821857
1657568341.9337673 -46.68998407286033 -14.37172567598378 0.5882819174456634
1657568342.0337672 -46.79273553864029 -14.4123872224871 0.5884760624091411
1657568342.1337671 -46.89548700442025 -14.453048768990419 0.5886702073726187
1657568342.2337673 -46.98873629780657 -14.491045746883097 0.5889950438550592
1657568342.3337672 -47.07979949084084 -14.528429705548549 0.5893499476488236
1657568342.4337673 -47.17086268387512 -14.565813664214 0.5897048514425881
1657568342.5337672 -47.261925876909395 -14.603197622879451 0.5900597552363526
1657568342.6337671 -47.352989069943675 -14.6405815815449 0.590414659030117
1657568342.7337673 -47.444052262977955 -14.677965540210351 0.5907695628238815
1657568342.8337672 -47.53511545601223 -14.715349498875803 0.591124466617646
1657568342.9337673 -47.62617864904651 -14.752733457541252 0.5914793704114103
1657568343.0337672 -47.6984533716575 -14.78332269378996 0.5916603789785748
1657568343.1337671 -47.766401843503914 -14.812347370902758 0.5918013462682918
1657568343.2337673 -47.834350315350335 -14.841372048015558 0.5919423135580089
1657568343.3337672 -47.902298787196756 -14.870396725128357 0.5920832808477258
1657568343.4337673 -47.94619793103167 -14.888136879540085 0.5917599527508263
1657568343.5337672 -47.9850188944932 -14.903494229672367 0.5913385855021202
1657568343.6337671 -48.02383985795473 -14.91885157980465 0.5909172182534139
1657568343.7337673 -48.06266082141626 -14.934208929936933 0.5904958510047077
1657568343.8337672 -48.117519241364434 -14.958211522999735 0.5903985584245346
1657568343.9337673 -48.17604201739966 -14.984189444792674 0.590375312809682
1657568344.0337672 -48.234564793434885 -15.010167366585613 0.5903520671948295
1657568344.1337671 -48.2930875694701 -15.036145288378552 0.5903288215799768
1657568344.2337673 -48.369909896503515 -15.066597615061445 0.5907667507733388
1657568344.3337672 -48.450616785282946 -15.097999752046976 0.5913025764680085
1657568344.4337673 -48.531323674062385 -15.129401889032506 0.5918384021626784
1657568344.5337672 -48.612030562841824 -15.160804026018038 0.5923742278573481
1657568344.6337671 -48.657401090526754 -15.179540151448878 0.5922901770034882
1657568344.7337673 -48.69518091530628 -15.195555455387913 0.5920729687284287
1657568344.8337672 -48.7329607400858 -15.211570759326948 0.5918557604533694
1657568344.9337673 -48.77074056486533 -15.227586063265981 0.59163855217831
1657568345.0337672 -48.820850094885046 -15.240060247660848 0.5911096748244867
1657568345.1337671 -48.8735989427858 -15.251776413923913 0.5905140810523452
1657568345.2337673 -48.92634779068655 -15.263492580186979 0.5899184872802036
1657568345.3337672 -48.9790966385873 -15.275208746450044 0.589322893508062
1657568345.4337673 -49.058103395909164 -15.289374751790188 0.5887333749450044
1657568345.5337672 -49.14272731276992 -15.30406483300857 0.5881451560063043
1657568345.6337671 -49.22735122963068 -15.31875491422695 0.5875569370676043
1657568345.7337673 -49.311975146491434 -15.333444995445332 0.5869687181289042
1657568386.7341142 -38.279513466427666 17.586367695666947 0.1444399000379874
1657568386.834114 -38.16085950744132 17.59133062355166 0.14371930818453005
1657568386.9341142 -38.04220554845499 17.59629355143637 0.14299871633107267
1657568387.0341141 -37.92369405719987 17.591087708102645 0.1416990091296734
1657568387.1341143 -37.8052153700808 17.58354043803524 0.14026595679458687
1657568387.2341142 -37.686736682961744 17.57599316796783 0.1388329044595003
1657568387.334114 -37.56825799584268 17.56844589790042 0.13739985212441377
1657568387.4341142 -37.449927516379084 17.555154790529134 0.13592206323678954
1657568387.5341141 -37.33163107418495 17.54054455738547 0.1344340001829072
1657568387.6341143 -37.213334631990804 17.52593432424181 0.13294593712902483
1657568387.7341142 -37.09503818979667 17.511324091098146 0.1314578740751425
1657568387.834114 -36.974474144472715 17.484811023707344 0.12939740835700242
1657568387.9341142 -36.85338997351646 17.455567774342608 0.1272056492508053
1657568388.0341141 -36.7323058025602 17.426324524977872 0.12501389014460818
1657568388.1341143 -36.61122163160394 17.397081275613136 0.12282213103841105
1657568388.2341142 -36.49619086787413 17.362301896209942 0.12070003275733142
1657568388.334114 -36.38253857727626 17.326261837287362 0.11859379753852076
1657568388.4341142 -36.26888628667838 17.29022177836478 0.1164875623197101
1657568388.5341141 -36.155233996080504 17.2541817194422 0.11438132710089943
1657568388.6341143 -36.04701425158066 17.216550903851594 0.1107055663826767
1657568388.7341142 -35.939941056469706 17.178584355981375 0.10669855426414962
1657568388.834114 -35.83286786135875 17.14061780811116 0.10269154214562255
1657568388.9341142 -35.7257946662478 17.10265126024094 0.09868453002709547
1657568389.0341141 -35.62213148421203 17.06564823582056 0.09354097240273179
1657568389.1341143 -35.51925408324849 17.02886723943141 0.08813551667811674
1657568389.2341142 -35.416376682284955 16.992086243042255 0.08273006095350169
1657568389.334114 -35.31349928132142 16.955305246653104 0.07732460522888665
1657568389.4341142 -35.2105772192644 16.91294449093962 0.07298454170874068
1657568389.5341141 -35.10764490681044 16.869303096006213 0.06888900182524817
1657568389.6341143 -35.004712594356484 16.82566170107281 0.06479346194175566
1657568389.7341142 -34.901780281902525 16.782020306139408 0.06069792205826313
1657568389.834114 -34.79778603501886 16.740400426384607 0.05777449346171221
1657568389.9341142 -34.69356721088562 16.69920805543459 0.05509894224973688
1657568390.0341141 -34.58934838675238 16.65801568448457 0.05242339103776156
1657568390.1341143 -34.485129562619136 16.61682331353455 0.04974783982578623
1657568390.2341142 -34.38968698593641 16.577473043214095 0.048587212379836514
1657568390.334114 -34.29626276652764 16.538546418332768 0.04777498639133277
1657568390.4341142 -34.20283854711888 16.499619793451437 0.04696276040282902
1657568390.5341141 -34.10941432771012 16.46069316857011 0.04615053441432527
1657568390.6341143 -34.01587446872633 16.421920510424748 0.0446586178704004
1657568390.7341142 -33.92231022925626 16.38318031334553 0.04302340102241497
1657568390.834114 -33.82874598978619 16.344440116266313 0.041388184174429535
1657568390.9341142 -33.73518175031613 16.3056999191871 0.0397529673264441
1657568391.0341141 -33.63705036479186 16.2771456608087 0.03923365038717705
1657568391.1341143 -33.5378685830337 16.250934062709412 0.03897097885570212
1657568391.2341142 -33.43868680127554 16.224722464610124 0.038708307324227184
1657568391.334114 -33.339505019517375 16.198510866510837 0.03844563579275225
1657568391.4341142 -33.2388922388539 16.181174579015323 0.03798518426572832
1657568391.5341141 -33.137979613050916 16.165697984589013 0.03748329079899437
1657568391.6341143 -33.03706698724793 16.1502213901627 0.03698139733226043
1657568391.7341142 -32.93615436144494 16.13474479573639 0.03647950386552648
1657568391.834114 -32.83587160204342 16.11488541179481 0.03739388698605045
1657568391.9341142 -32.73572109544556 16.094105775240976 0.03860564515152127
1657568392.0341141 -32.635570588847706 16.073326138687143 0.03981740331699209
1657568392.1341143 -32.53542008224986 16.05254650213331 0.04102916148246291
1657568392.2341142 -32.428336726941616 16.035154493104272 0.0412712806277167
1657568392.334114 -32.319672564966545 16.018534920399702 0.04129230569005863
1657568392.4341142 -32.21100840299147 16.00191534769513 0.04131333075240056
1657568392.5341141 -32.10234424101639 15.985295774990565 0.04133435581474249
1657568392.6341143 -31.98988033069275 15.961033357725182 0.04241108952235173
1657568392.7341142 -31.876551373837334 15.93503097886926 0.04372816469954704
1657568392.834114 -31.763222416981918 15.90902860001334 0.04504523987674234
1657568392.9341142 -31.649893460126506 15.883026221157419 0.04636231505393764
1657568393.0341141 -31.541984819562526 15.869400927072528 0.04724614520889336
1657568393.1341143 -31.435311728559142 15.858596963114536 0.048031218083262626
1657568393.2341142 -31.328638637555763 15.847792999156546 0.0488162909576319
1657568393.334114 -31.221965546552383 15.836989035198556 0.04960136383200117
1657568393.4341142 -31.118152787122 15.826703750988985 0.04988635966960401
1657568393.5341141 -31.014990404071245 15.816536403126426 0.050057649006961684
1657568393.6341143 -30.911828021020487 15.806369055263868 0.05022893834431936
1657568393.7341142 -30.80866563796973 15.796201707401309 0.05040022768167703
1657568393.834114 -30.702581506060206 15.791180193502717 0.0506240098455273
1657568393.9341142 -30.59584311638503 15.787310969549095 0.05085954655812011
1657568394.0341141 -30.489104726709854 15.783441745595473 0.05109508327071292
1657568394.1341143 -30.382366337034675 15.779572521641851 0.05133061998330572
1657568467.9361727 48.95731634788672 31.25741543834966 -0.45731759427559354
1657568468.0361726 49.07137363351502 31.261621320226322 -0.45928874370623246
1657568468.1361728 49.185430919143336 31.265827202102983 -0.4612598931368714
1657568468.2361727 49.29957771554006 31.265714378664537 -0.4625848124563347
1657568468.3361728 49.41373937250127 31.264884564411087 -0.4638024447487186
1657568468.4361727 49.52790102946248 31.264054750157637 -0.4650200770411025
1657568468.5361726 49.64206268642368 31.263224935904187 -0.4662377093334864
1657568468.6361728 49.75655172968235 31.256819602410772 -0.4672262405096472
1657568468.7361727 49.871089968945995 31.249576441328305 -0.46818034489476074
1657568468.8361728 49.98562820820964 31.242333280245838 -0.46913444927987424
1657568468.9361727 50.100166447473285 31.23509011916337 -0.4700885536649878
1657568469.0361726 50.21290902781313 31.22582768584961 -0.47122926311432345
1657568469.1361728 50.32535251012831 31.216228907850528 -0.47240105486184125
1657568469.2361727 50.43779599244348 31.20663012985145 -0.4735728466093591
1657568469.3361728 50.55023947475866 31.197031351852374 -0.4747446383568769
1657568469.4361727 50.662001611475084 31.18373767095742 -0.47554740055208994
1657568469.5361726 50.77365010264486 31.169827695981745 -0.47628861018824875
1657568469.6361728 50.885298593814625 31.15591772100607 -0.47702981982440756
1657568469.7361727 50.9969470849844 31.142007746030394 -0.47777102946056643
1657568469.8361728 51.10812157894449 31.125012684356207 -0.4785792791459857
1657568469.9361727 51.219217137702366 31.107503860285473 -0.4793986930740142
1657568470.0361726 51.33031269646024 31.08999503621474 -0.48021810700204276
1657568470.1361728 51.44140825521812 31.072486212144007 -0.4810375209300713
1657568470.2361727 51.55039538251482 31.05309234712164 -0.48164413705701814
1657568470.3361728 51.65906195024791 31.03341188615534 -0.4822184000477556
1657568470.4361727 51.767728517981 31.01373142518904 -0.4827926630384931
1657568470.5361726 51.876395085714094 30.994050964222737 -0.4833669260292306
1657568470.6361728 51.98296428185892 30.97725148992439 -0.48385325306590865
1657568470.7361727 52.08917747423535 30.96094102869183 -0.4843246540250156
1657568470.8361728 52.195390666611786 30.944630567459267 -0.48479605498412265
1657568470.9361727 52.30160385898822 30.928320106226703 -0.4852674559432296
1657568471.0361726 52.412425791833755 30.912120343439916 -0.4858521184728313
1657568471.1361728 52.524027454602276 30.895939309173677 -0.48645594316533436
1657568471.2361727 52.635629117370804 30.87975827490744 -0.48705976785783744
1657568471.3361728 52.747230780139326 30.863577240641206 -0.4876635925503406
1657568471.4361727 52.86031398174201 30.84766353686778 -0.4884243236710264
1657568471.5361726 52.973621299241195 30.83179027281263 -0.4892087903995877
1657568471.6361728 53.08692861674039 30.815917008757477 -0.48999325712814895
1657568471.7361727 53.20023593423957 30.800043744702325 -0.4907777238567102
1657568471.8361728 53.318344104001795 30.781991717364658 -0.4923210178899179
1657568471.9361727 53.437257267886004 30.763574360802195 -0.49399155006468265
1657568472.0361726 53.55617043177021 30.745157004239733 -0.4956620822394474
1657568472.1361728 53.67508359565442 30.726739647677274 -0.4973326144142121
1657568472.2361727 53.78762586617296 30.7029836550665 -0.4990331117656683
1657568472.3361728 53.8992117616276 30.678426246061072 -0.500738107379162
1657568472.4361727 54.01079765708224 30.653868837055644 -0.5024431029926559
1657568472.5361726 54.12238355253688 30.629311428050215 -0.5041480986061497
1657568472.6361728 54.232385776665936 30.60407024824377 -0.5063806848854325
1657568472.7361727 54.34212532424096 30.57871565440067 -0.5087007802935261
1657568472.8361728 54.451864871815985 30.553361060557577 -0.5110208757016196
1657568472.9361727 54.56160441939102 30.52800646671448 -0.5133409711097131
1657568473.0361726 54.662358443713885 30.505648802869246 -0.5150803591365019
1657568473.1361728 54.761620931636834 30.48378860923853 -0.5167233536453377
1657568473.2361727 54.86088341955978 30.461928415607815 -0.5183663481541736
1657568473.3361728 54.960145907482726 30.4400682219771 -0.5200093426630095
1657568473.4361727 55.0608105416419 30.421933660149445 -0.5214702924235646
1657568473.5361726 55.1617080335452 30.404417822813336 -0.5229010095819001
1657568473.6361728 55.2626055254485 30.386901985477227 -0.5243317267402356
1657568473.7361727 55.363503017351796 30.369386148141118 -0.5257624438985712
1657568473.8361728 55.46682157671465 30.354933937675618 -0.5268458578928538
1657568473.9361727 55.57054316163527 30.340991717100504 -0.527871457698253
1657568474.0361726 55.67426474655589 30.32704949652539 -0.5288970575036523
1657568474.1361728 55.777986331476505 30.313107275950276 -0.5299226573090516
1657568474.2361727 55.88267153218918 30.304710790817676 -0.5307629017672312
1657568474.3361728 55.98751751559256 30.29723963118693 -0.5315722190325316
1657568474.4361727 56.09236349899594 30.28976847155618 -0.532381536297832
1657568474.5361726 56.197209482399316 30.282297311925433 -0.5331908535631324
1657568474.6361728 56.303833995259104 30.278204313855674 -0.5339379465518481
1657568474.7361727 56.41072563689325 30.27461870359112 -0.5346756936763839
1657568474.8361728 56.517617278527396 30.271033093326565 -0.5354134408009197
1657568474.9361727 56.624508920161546 30.26744748306201 -0.5361511879254554
1657568475.0361726 56.73557092967352 30.26443523085695 -0.5368571510209668
1657568475.1361728 56.847392080253464 30.261527348257253 -0.5375573284010582
1657568475.2361727 56.95921323083341 30.258619465657553 -0.5382575057811495
1657568475.3361728 57.071034381413355 30.255711583057856 -0.5389576831612408
1657568475.4361727 57.18795810030912 30.251925608860702 -0.5403537656151559
1657568475.5361726 57.3057198504241 30.247995419412238 -0.5418641415270662
1657568475.6361728 57.42348160053907 30.244065229963773 -0.5433745174389765
1657568475.7361727 57.54124335065404 30.24013504051531 -0.5448848933508867
1657568475.8361728 57.657966265712496 30.230360503601855 -0.5456426597306326
1657568475.9361727 57.7745176536589 30.219620978034808 -0.5462761590876745
1657568476.0361726 57.8910690416053 30.20888145246776 -0.5469096584447163
1657568476.1361728 58.0076204295517 30.198141926900714 -0.5475431578017582
1657568476.2361727 58.12071840633435 30.18343543119059 -0.5481554148685631
1657568476.3361728 58.23323747700112 30.168063939866446 -0.5487641110238084
1657568476.4361727 58.3457565476679 30.1526924485423 -0.5493728071790538
1657568476.5361726 58.45827561833467 30.137320957218154 -0.5499815033342991
1657568476.6361728 58.56816579123597 30.114585069556544 -0.5505933258481931
1657568476.7361727 58.67761426168601 30.09061182989251 -0.551205673646979
1657568476.8361728 58.78706273213606 30.06663859022848 -0.5518180214457651
1657568476.9361727 58.8965112025861 30.042665350564445 -0.552430369244551
1657568477.0361726 59.00582566374656 30.018292086273398 -0.5527655915988987
1657568477.1361728 59.11511938849344 29.99385692272047 -0.5530579319422363
1657568477.2361727 59.22441311324032 29.969421759167542 -0.5533502722855739
1657568477.3361728 59.3337068379872 29.944986595614616 -0.5536426126289115
1657568477.4361727 59.444175233851645 29.91952973761523 -0.5541747135334667
1657568477.5361726 59.55482727174212 29.893913153173845 -0.5547442973679803
1657568477.6361728 59.6654793096326 29.868296568732458 -0.5553138812024938
1657568477.7361727 59.776131347523076 29.84267998429107 -0.5558834650370073
1657568505.5361097 68.1941910274445 7.949495134694956 -0.4292892902418482
1657568505.6361096 68.07938081727491 7.908670404693805 -0.42960546381369175
1657568505.7361097 67.96457060710532 7.867845674692653 -0.4299216373855353
1657568505.8361096 67.85677260248492 7.833680954870197 -0.4303629052134503
1657568505.9361098 67.7501721764487 7.800653663992793 -0.4308255372471093
1657568506.0361097 67.64357175041248 7.767626373115388 -0.43128816928076835
1657568506.1361096 67.53697132437625 7.734599082237984 -0.4317508013144274
1657568506.2361097 67.43716941243432 7.702538949481698 -0.4330434390358587
1657568506.3361096 67.3385396504934 7.6706455670442235 -0.43447918025818544
1657568506.4361098 67.23990988855249 7.638752184606749 -0.43591492148051214
1657568506.5361097 67.14128012661158 7.606858802169274 -0.43735066270283884
1657568506.6361096 67.04197175718961 7.573571368593603 -0.43839319135839344
1657568506.7361097 66.94253411512989 7.540018372564123 -0.43936081422947637
1657568506.8361096 66.84309647307015 7.506465376534644 -0.4403284371005593
1657568506.9361098 66.74365883101042 7.472912380505164 -0.44129605997164223
1657568507.0361097 66.64392434040451 7.434199313728617 -0.44152146514994745
1657568507.1361096 66.54413303163419 7.394498585897808 -0.4416048064797372
1657568507.2361097 66.44434172286385 7.354797858066998 -0.44168814780952703
1657568507.3361096 66.34455041409353 7.31509713023619 -0.4417714891393168
1657568507.4361098 66.24618356015885 7.271818043418185 -0.441732634874503
1657568507.5361097 66.1480891046606 7.22785466716635 -0.4416704131514361
1657568507.6361096 66.04999464916233 7.183891290914516 -0.44160819142836927
1657568507.7361097 65.95190019366406 7.13992791466268 -0.44154596970530235
1657568507.8361096 65.84664871205442 7.091894424219482 -0.4423711838752756
1657568507.9361098 65.74015959378099 7.043157104773762 -0.4433498588795233
1657568508.0361097 65.63367047550757 6.994419785328043 -0.444328533883771
1657568508.1361096 65.52718135723416 6.9456824658823235 -0.4453072088880187
1657568508.2361097 65.42296022154999 6.903955873210146 -0.44588666764772317
1657568508.3361096 65.31912900038796 6.863434573820589 -0.446397492630445
1657568508.4361098 65.21529777922595 6.822913274431032 -0.44690831761316685
1657568508.5361097 65.11146655806392 6.7823919750414765 -0.44741914259588866
1657568508.6361096 65.00856604619143 6.744045771104939 -0.4477864391522173
1657568508.7361097 64.905825577816 6.706073593608941 -0.4481290547565603
1657568508.8361096 64.80308510944057 6.668101416112943 -0.44847167036090335
1657568508.9361098 64.70034464106514 6.630129238616945 -0.44881428596524636
1657568509.0361097 64.59154203705685 6.591790833327973 -0.44861986397722187
1657568509.1361096 64.48159180997611 6.553383097444895 -0.4483237753870141
1657568509.2361097 64.37164158289538 6.514975361561816 -0.4480276867968063
1657568509.3361096 64.26169135581465 6.4765676256787374 -0.4477315982065985
1657568509.4361098 64.15293442420266 6.442588937934845 -0.4472215680440714
1657568509.5361097 64.04438050831432 6.409363765507679 -0.4466751399363062
1657568509.6361096 63.93582659242598 6.376138593080514 -0.44612871182854097
1657568509.7361097 63.82727267653764 6.342913420653348 -0.4455822837207757
1657568509.8361096 63.720578108711 6.309853653050174 -0.44534962943831574
1657568509.9361098 63.61422974798268 6.276824683512915 -0.44517539924966704
1657568510.0361097 63.50788138725435 6.243795713975656 -0.4450011690610183
1657568510.1361096 63.401533026526025 6.210766744438397 -0.44482693887236957
1657568510.2361097 63.29574745759285 6.177160316772773 -0.444778583532367
1657568510.3361096 63.19006660844798 6.143446440325067 -0.4447536499757242
1657568510.4361098 63.08438575930311 6.10973256387736 -0.4447287164190814
1657568510.5361097 62.978704910158235 6.076018687429654 -0.4447037828624386
1657568510.6361096 62.87302406101336 6.042304810981948 -0.4446788493057958
1657568510.7361097 62.76734321186849 6.008590934534241 -0.44465391574915303
1657568510.8361096 62.66166236272362 5.974877058086535 -0.44462898219251024
1657568510.9361098 62.55598151357874 5.941163181638829 -0.44460404863586744
1657568511.0361097 62.455516025339755 5.908824500408062 -0.44418297023393205
1657568511.1361096 62.356029900115544 5.876744059279541 -0.4436875020405749
1657568511.2361097 62.25654377489134 5.844663618151019 -0.4431920338472177
1657568511.3361096 62.15705764966714 5.812583177022498 -0.44269656565386056
1657568511.4361098 62.0568490054624 5.7793737072702465 -0.44188503466154994
1657568511.5361097 61.956503560700796 5.745950469093091 -0.4410136608580983
1657568511.6361096 61.8561581159392 5.712527230915937 -0.44014228705464664
1657568511.7361097 61.75581267117761 5.679103992738781 -0.43927091325119494
1657568511.8361096 61.645394961299154 5.640512173520466 -0.4387943060621615
1657568511.9361098 61.53324615534072 5.601032042658681 -0.43838554646558103
1657568512.0361097 61.421097349382286 5.561551911796896 -0.43797678686900055
1657568512.1361096 61.30894854342385 5.522071780935112 -0.43756802727242006
1657568512.2361097 61.201083621864456 5.48513049730953 -0.4367040956508318
1657568512.3361096 61.09394856512753 5.448621768607176 -0.43576261430607605
1657568512.4361098 60.98681350839061 5.412113039904822 -0.4348211329613203
1657568512.5361097 60.87967845165368 5.375604311202468 -0.43387965161656455
1657568512.6361096 60.77450349946506 5.338921920674521 -0.43412767766491533
1657568512.7361097 60.66966232251935 5.302209958245385 -0.4345782582756828
1657568512.8361096 60.56482114557363 5.26549799581625 -0.4350288388864503
1657568512.9361098 60.45997996862792 5.228786033387114 -0.4354794194972177
1657568513.0361097 60.35808121604608 5.193594409039672 -0.4353044464921311
1657568513.1361096 60.25673420312563 5.158687866215032 -0.43501217472333614
1657568513.2361097 60.15538719020518 5.123781323390392 -0.4347199029545411
1657568513.3361096 60.05404017728473 5.088874780565751 -0.4344276311857461
1657568513.4361098 59.947222420716415 5.050743861107454 -0.4348229727064143
1657568513.5361097 59.83938854269767 5.012014054464415 -0.43534602970015085
1657568513.6361096 59.73155466467893 4.9732842478213755 -0.4358690866938874
1657568513.7361097 59.623720786660186 4.934554441178336 -0.43639214368762397
1657568513.8361096 59.51561288702523 4.89373389853865 -0.436372090069559
1657568513.9361098 59.40745449005144 4.852528070221627 -0.43625195076861895
1657568514.0361097 59.299296093077665 4.811322241904605 -0.4361318114676789
1657568514.1361096 59.19113769610388 4.7701164135875835 -0.4360116721667388
1657568514.2361097 59.08435567754307 4.731453627480142 -0.4367150353281024
1657568514.3361096 58.97780373445838 4.6932159364204225 -0.437556055197323
1657568514.4361098 58.87125179137369 4.654978245360703 -0.43839707506654363
1657568514.5361097 58.76469984828899 4.616740554300985 -0.4392380949357642
1657568514.6361096 58.65720987625352 4.578436066848433 -0.4403960784193498
1657568514.7361097 58.54956289178162 4.540120398648876 -0.4416071170131324
1657568514.8361096 58.44191590730972 4.501804730449318 -0.4428181556069149
1657568514.9361098 58.33426892283782 4.46348906224976 -0.4440291942006975
1657568515.0361097 58.23024394497819 4.425450079606848 -0.4453822092542626
1657568515.1361096 58.12682612599813 4.3874574779097895 -0.4467590238966948
1657568515.2361097 58.02340830701807 4.349464876212731 -0.448135838539127
1657568515.3361096 57.91999048803801 4.311472274515673 -0.4495126531815592
1657568515.4361098 57.81835375868008 4.276708023231235 -0.4503657296883141
1657568515.5361097 57.71701416761818 4.242482356040869 -0.45113143122231797
1657568515.6361096 57.61567457655629 4.208256688850502 -0.45189713275632176
1657568515.7361097 57.51433498549439 4.174031021660136 -0.45266283429032556
1657568515.8361096 57.41031075590091 4.136832668946836 -0.4534901491260764
1657568515.9361098 57.30583652685818 4.099136034311265 -0.45432779159123676
1657568516.0361097 57.20136229781544 4.061439399675694 -0.4551654340563971
1657568516.1361096 57.096888068772714 4.023742765040124 -0.45600307652155747
1657568516.2361097 56.988469634824405 3.986252851493586 -0.4568118898809181
1657568516.3361096 56.87939113147674 3.948797533072895 -0.4576158786403898
1657568516.4361098 56.770312628129076 3.911342214652204 -0.4584198673998615
1657568516.5361097 56.66123412478141 3.8738868962315123 -0.45922385615933325
1657568516.6361096 56.5559914495837 3.836345141982879 -0.4597338570526729
1657568516.7361097 56.451391497008366 3.798788904743916 -0.4601945980092062
1657568516.8361096 56.34679154443303 3.7612326675049528 -0.4606553389657395
1657568516.9361098 56.2421915918577 3.7236764302659897 -0.4611160799222728
1657568517.0361097 56.13821160435549 3.6860848085740647 -0.4619572236815856
1657568517.1361096 56.03433539283151 3.6484872638771524 -0.4628620430811719
1657568517.2361097 55.93045918130753 3.61088971918024 -0.46376686248075816
1657568517.3361096 55.82658296978356 3.5732921744833277 -0.46467168188034447
1657568517.4361098 55.71782156024241 3.5347478861492987 -0.46572294934141506
1657568517.5361097 55.608242045762765 3.4960450503741405 -0.4667987418845633
1657568517.6361096 55.49866253128311 3.457342214598982 -0.46787453442771143
1657568517.7361097 55.389083016803454 3.418639378823823 -0.46895032697085964
1657568517.8361096 55.27815412976871 3.3860746813471403 -0.4698560776829504
1657568517.9361098 55.16700018276924 3.3545337553883234 -0.4707334673554201
1657568518.0361097 55.055846235769785 3.3229928294295066 -0.4716108570278898
1657568518.1361096 54.94469228877032 3.2914519034706897 -0.47248824670035955
1657568518.2361097 54.833538341770854 3.259910977511873 -0.47336563637282925
1657568518.3361096 54.72238439477139 3.2283700515530565 -0.47424302604529894
1657568518.4361098 54.61123044777193 3.1968291255942396 -0.47512041571776864
1657568518.5361097 54.500076500772465 3.1652881996354227 -0.4759978053902384
1657568518.6361096 54.39444005705478 3.1359392013670346 -0.4765341685266314
1657568518.7361097 54.28972847228052 3.1069576199943545 -0.47701336786524673
1657568518.8361096 54.185016887506265 3.077976038621674 -0.477492567203862
1657568518.9361098 54.08030530273201 3.0489944572489933 -0.4779717665424773
1657568519.0361097 53.9802453517591 3.0268418416501297 -0.4777022610655143
1657568519.1361096 53.88096471816534 3.0058333255088696 -0.4773073203759906
1657568519.2361097 53.78168408457157 2.98482480936761 -0.47691237968646694
1657568519.3361096 53.68240345097781 2.96381629322635 -0.4765174389969432
1657568519.4361098 53.5722771719047 2.939501010222144 -0.47635276830352746
1657568519.5361097 53.460337152203024 2.9146327294807386 -0.47622660615700074
1657568519.6361096 53.34839713250134 2.889764448739333 -0.47610044401047397
1657568519.7361097 53.23645711279966 2.8648961679979275 -0.4759742818639472
1657568519.8361096 53.12508026517085 2.84296821251032 -0.47487226021297824
1657568519.9361098 53.01379770670055 2.821532541365834 -0.4736068551558698
1657568520.0361097 52.90251514823026 2.8000968702213482 -0.47234145009876133
1657568520.1361096 52.791232589759964 2.7786611990768626 -0.4710760450416529
1657568520.2361097 52.686567950499835 2.7575855183532263 -0.4700195639979759
1657568520.3361096 52.583010293779935 2.7365700534010244 -0.46899802977485644
1657568520.4361098 52.479452637060035 2.7155545884488226 -0.46797649555173704
1657568520.5361097 52.37589498034013 2.6945391234966203 -0.4669549613286176
1657568573.5384953 -0.11851594233280856 -13.069118543429544 0.06778505288468717
1657568573.6384952 -0.11868105972079426 -13.069196881220686 0.06777039832406195
1657568573.7384953 -0.11884617710877998 -13.069275219011828 0.06775574376343674
1657568573.8384953 -0.11886023671666113 -13.06929422333367 0.06773460317542382
1657568573.9384954 -0.1188519372615778 -13.06930444531557 0.06771250254751986
1657568574.0384953 -0.11884363780649447 -13.06931466729747 0.06769040191961591
1657568574.1384952 -0.11883533835141113 -13.069324889279368 0.06766830129171195
1657568574.2384953 -0.11882716747347566 -13.069339457291703 0.06764724178634186
1657568574.3384953 -0.11881901355152343 -13.06935459843247 0.0676263195779685
1657568574.4384954 -0.1188108596295712 -13.069369739573238 0.06760539736959512
1657568574.5384953 -0.11880270570761897 -13.069384880714006 0.06758447516122175
1657568574.6384952 -0.11880226701412225 -13.06934986017555 0.06756258113361191
1657568574.7384953 -0.11880295916014687 -13.069307487319575 0.067540544664128
1657568574.8384953 -0.1188036513061715 -13.069265114463601 0.06751850819464408
1657568574.9384954 -0.11880434345219612 -13.069222741607627 0.06749647172516017
1657568575.0384953 -0.11880575707542793 -13.069328418436951 0.06747579007967491
1657568575.1384952 -0.11880727837937012 -13.069456191730485 0.06745531064211695
1657568575.2384953 -0.11880879968331232 -13.06958396502402 0.06743483120455897
1657568575.3384953 -0.11881032098725453 -13.069711738317555 0.06741435176700099
1657568575.4384954 -0.11881101282050541 -13.069703572794635 0.06739304765013387
1657568575.5384953 -0.11881158679551608 -13.069676091930198 0.0673716263558268
1657568575.6384952 -0.11881216077052674 -13.069648611065759 0.06735020506151974
1657568575.7384953 -0.11881273474553741 -13.06962113020132 0.06732878376721269
1657568575.8384953 -0.11880987727329084 -13.069591500413605 0.0673303270665897
1657568575.9384954 -0.1188065865390095 -13.069561599298138 0.06733476992578555
1657568576.0384953 -0.11880329580472815 -13.069531698182672 0.06733921278498141
1657568576.1384952 -0.1188000050704468 -13.069501797067204 0.06734365564417726
1657568576.2384953 -0.11880050442458548 -13.06950886012762 0.06737909482077
1657568576.3384953 -0.11880154334178662 -13.06952118546736 0.06741894668279025
1657568576.4384954 -0.11880258225898777 -13.069533510807103 0.06745879854481052
1657568576.5384953 -0.11880362117618891 -13.069545836146846 0.06749865040683078
1657568576.6384952 -0.11880156489601945 -13.06959820489191 0.06749198118459523
1657568576.7384953 -0.11879911906521212 -13.069655613358913 0.06747945698257114
1657568576.8384953 -0.11879667323440479 -13.069713021825917 0.06746693278054705
1657568576.9384954 -0.11879422740359746 -13.06977043029292 0.06745440857852297
1657568577.0384953 -0.11878792194739624 -13.069821622685676 0.06743782091226055
1657568577.1384952 -0.1187810677875505 -13.069871931370237 0.06742065556360431
1657568577.2384953 -0.11877421362770477 -13.0699222400548 0.06740349021494806
1657568577.3384953 -0.11876735946785903 -13.06997254873936 0.06738632486629181
1657568577.4384954 -0.1187633213741943 -13.069863230791974 0.06737963608677934
1657568577.5384953 -0.11875963888238038 -13.069733755816268 0.06737427024754526
1657568577.6384952 -0.11875595639056645 -13.069604280840561 0.06736890440831118
1657568577.7384953 -0.11875227389875252 -13.069474805864857 0.0673635385690771
1657568577.8384953 -0.11875128436136081 -13.06942557747386 0.06735918818996395
1657568577.9384954 -0.11875068538283166 -13.069387987235588 0.06735498508291247
1657568578.0384953 -0.1187500864043025 -13.069350396997317 0.06735078197586099
1657568578.1384952 -0.11874948742577335 -13.069312806759045 0.06734657886880951
1657568578.2384953 -0.11875002734860612 -13.069330587114031 0.06734331694527583
1657568578.3384953 -0.11875071438464417 -13.069355519752548 0.06734017659550497
1657568578.4384954 -0.11875140142068223 -13.069380452391064 0.0673370362457341
1657568578.5384953 -0.11875208845672029 -13.069405385029581 0.06733389589596324
1657568578.6384952 -0.11875141905322553 -13.069478627919548 0.06733165982736831
1657568578.7384953 -0.11875055227306675 -13.069558900475075 0.06732955534149238
1657568578.8384953 -0.11874968549290794 -13.0696391730306 0.06732745085561642
1657568578.9384954 -0.11874881871274916 -13.069719445586127 0.06732534636974047
1657568579.0384953 -0.11874250663345073 -13.069680029379075 0.06732058986241198
1657568579.1384952 -0.11873548979109932 -13.069625122339367 0.06731549011466867
1657568579.2384953 -0.11872847294874792 -13.06957021529966 0.06731039036692536
1657568579.3384953 -0.1187214561063965 -13.069515308259952 0.06730529061918206
1657568579.4384954 -0.11871859433819268 -13.069517876794835 0.06730211909486684
1657568579.5384953 -0.11871627261256079 -13.069527915535069 0.06729919818527051
1657568579.6384952 -0.11871395088692889 -13.069537954275303 0.06729627727567417
1657568579.7384953 -0.118711629161297 -13.069547993015536 0.06729335636607783
1657568579.8384953 -0.1187075510026145 -13.069504885264788 0.06728961614540792
1657568579.9384954 -0.11870324637128987 -13.069454924861029 0.06728577028362433
1657568580.0384953 -0.11869894173996526 -13.06940496445727 0.06728192442184075
1657568580.1384952 -0.11869463710864063 -13.069355004053511 0.06727807856005716
