1.0 0.0 0.0 0.0 0.0 1.0 0.0 0.0 0.0 0.0 1.0 0.0
0.9998082373263909 -0.019582844379791596 -2.793371317626401e-05 1.403214476188794 0.019582842955279286 0.9998082364747279 -5.038932245430579e-05 -0.9481952923367722 2.8915122768973485e-05 4.983263814481786e-05 0.9999999983403118 0.34843739104593485
0.3868036883144917 0.9221620570437207 0.00021738260947375558 -1.1851266449900044 -0.9221620808713037 0.3868036621089266 0.00015356506699220102 1.5527968026367396 5.752748864433467e-05 -0.00025986153380638853 0.999999964581285 0.1216051452804841
1.0 0.0 0.0 0.0 0.0 1.0 0.0 0.0 0.0 0.0 1.0 0.0
0.9998085123150583 -0.019568806861713556 -2.236872160525475e-05 1.40349525534175 0.01956880571815116 0.9998085113250269 -5.024738079656102e-05 -0.9484255989771166 2.3347719538508727e-05 4.9800029874681875e-05 0.9999999984874204 0.3484645854958858
0.38679529636802235 0.9221655756715718 0.00022305580425315707 -1.1853330968175 -0.9221656017374839 0.38679527392073076 0.00013800264688303553 1.5529006519178994 4.0984359401386974e-05 -0.0002590731646508483 0.999999965600688 0.12214459851929982
1.0 0.0 0.0 0.0 0.0 1.0 0.0 0.0 0.0 0.0 1.0 0.0
0.9998076817819738 -0.019611180828124495 -3.219133128211249e-05 1.402867842601918 0.019611179121166573 0.9998076809547163 -5.251122749199691e-05 -0.9488113748931886 3.321494745387154e-05 5.186981866237863e-05 0.9999999981031448 0.34833077768182186
0.38683084173384463 0.9221506712833976 0.00019833069421574214 -1.1857665156943813 -0.9221506916783501 0.38683082272118113 0.00012817953960402696 1.5525843726871722 4.148042287630655e-05 -0.00023247458605017184 0.9999999721174703 0.12194980128864771
1.0 0.0 0.0 0.0 0.0 1.0 0.0 0.0 0.0 0.0 1.0 0.0
0.999808308365117 -0.019579215130904576 -2.9307701047232736e-05 1.403297800469451 0.019579213523048176 0.9998083073582443 -5.417805722546124e-05 -0.9483975903649751 3.0362846814380982e-05 5.35938500084186e-05 0.9999999981028983 0.34850973574316346
0.3868012395718372 0.9221630879941551 0.00020051626906808327 -1.1851512033255367 -0.9221631087075868 0.3868012194150735 0.00013265658974178566 1.5529086311251552 4.4771073050962634e-05 -0.00023622043937976343 0.9999999710977271 0.12213105935324917
1.0 0.0 0.0 0.0 0.0 1.0 0.0 0.0 0.0 0.0 1.0 0.0
0.9998084693667147 -0.019571004263639093 -1.935717693563918e-05 1.4034669372711128 0.01957100320782306 0.9998084681536766 -5.330702498339853e-05 -0.9485346014753047 2.0396741433031438e-05 5.291797568323657e-05 0.9999999983918303 0.34849807803395105
0.3867922387504579 0.9221668651258998 0.000192110073070049 -1.1852162654285836 -0.9221668851238265 0.38679222925842993 8.582723535584288e-05 1.5529321122350996 4.840349144758839e-06 -0.0002103548561929768 0.9999999778637026 0.12267961776338013
1.0 0.0 0.0 0.0 0.0 1.0 0.0 0.0 0.0 0.0 1.0 0.0
0.9998077001932874 -0.019610221239413674 -4.3094687232702384e-05 1.402544795904776 0.0196102187078388 0.9998076994659597 -5.8402206231999564e-05 -0.9483840744926371 4.423168028640499e-05 5.754587925723334e-05 0.999999997366015 0.3485205001908206
0.38685070540863203 0.9221423418022096 0.00018215482693100915 -1.1855330143386034 -0.9221423586167582 0.3868506873899878 0.00012692760164431828 1.5529183656780443 4.6578595809966096e-05 -0.00021707471397152742 0.999999975354501 0.12248938215281235
1.0 0.0 0.0 0.0 0.0 1.0 0.0 0.0 0.0 0.0 1.0 0.0
0.9998088403587184 -0.019552041962960492 -1.9890552399234046e-05 1.4036743253479211 0.019552040619071925 0.9998088384273021 -6.565271132991468e-05 -0.9486484497210048 2.1170394656852295e-05 6.525126029271956e-05 0.9999999976470438 0.3485938768063284
0.3867522839871451 0.922183620512642 0.0002022100910139026 -1.1848535311084527 -0.9221836425048701 0.38675227031419307 0.00010441870937375009 1.5524523657256721 1.8088011679463522e-05 -0.00022685901262370519 0.999999974103906 0.1228715301503785
1.0 0.0 0.0 0.0 0.0 1.0 0.0 0.0 0.0 0.0 1.0 0.0
0.9998088222603057 -0.01955296969116636 -1.7513342767783913e-05 1.4036801504484873 0.019552968811444617 0.9998088212268286 -4.906810260478632e-05 -0.9485062448493324 1.8469421711431863e-05 4.8716284030911914e-05 0.999999998642802 0.3485662304777122
0.386782035820012 0.9221711445947113 0.0001919474086055328 -1.1849517843334305 -0.9221711644897157 0.3867820301770785 6.719955407514151e-05 1.552792217765976 -1.2272318689947079e-05 -0.0002029999456459329 0.9999999793202059 0.12318391099388981
1.0 0.0 0.0 0.0 0.0 1.0 0.0 0.0 0.0 0.0 1.0 0.0
0.9998086918865293 -0.01955962086473136 -2.9321927906289422e-05 1.403606308591977 0.019559619142354396 0.9998086906725573 -5.791918888680638e-05 -0.9484143988199722 3.04491957233992e-05 5.7334582733679165e-05 0.999999997892796 0.3484032944009989
0.38678222565931825 0.9221710637459597 0.00019774647869684527 -1.185016343959379 -0.9221710849268622 0.3867822153086823 8.969795175184637e-05 1.5533253393964292 6.232034482981266e-06 -0.0002170496582160062 0.9999999764253037 0.12265322795564643
1.0 0.0 0.0 0.0 0.0 1.0 0.0 0.0 0.0 0.0 1.0 0.0
0.999807642942814 -0.01961317542180209 -2.1517625680624967e-05 1.4028728050445194 0.019613174537850348 0.9998076423694018 -4.054979688746001e-05 -0.9488004857055818 2.230879688080541e-05 4.011996789974893e-05 0.9999999989463529 0.34831298176692244
0.3868304207569409 0.9221508457367337 0.00020804815332617634 -1.1859022730186863 -0.922150867572522 0.3868303967990092 0.000146790891992252 1.5525584906034338 5.488399549263379e-05 -0.0002486349675992344 0.9999999675841994 0.12184387849982126
1.0 0.0 0.0 0.0 0.0 1.0 0.0 0.0 0.0 0.0 1.0 0.0
0.9998089102415617 -0.019548227747186925 -9.896224170436001e-05 1.4030935247401266 0.01954821557639649 0.9998089078735314 -0.0001224929210091386 -0.9479392817242145 0.00010133785031645673 0.00012053497863169167 0.9999999876009796 0.3484811624348378
0.38675430522869614 0.9221824010760186 0.0008523688978899226 -1.185150562110894 -0.9221827411536171 0.3867538015919533 0.0006991942312897115 1.5528794652145435 0.00031512770341157655 -0.0010564562658725819 0.9999993922971598 0.1210688362509762
1.0 0.0 0.0 0.0 0.0 1.0 0.0 0.0 0.0 0.0 1.0 0.0
0.9998077277150228 -0.019608853145548166 -2.190064994655541e-05 1.4030747506684302 0.019608852169536027 0.9998077270091482 -4.39248553365012e-05 -0.9490144160130596 2.27577550808214e-05 4.348696319698012e-05 0.9999999987954842 0.34834001357064803
0.3868353906150419 0.9221487649023472 0.0001896227395871656 -1.185711621472659 -0.9221487841710325 0.38683537777331856 0.00010175883271505474 1.5523965142348812 2.0483997803487506e-05 -0.00021422429656335005 0.999999976844178 0.12251878492498763
1.0 0.0 0.0 0.0 0.0 1.0 0.0 0.0 0.0 0.0 1.0 0.0
0.9998084731821112 -0.019570815636903622 -1.1338522856395065e-05 1.4035160954483183 0.019570815131725143 0.9998084723285047 -4.307228780557524e-05 -0.9485157850634214 1.2179311019214238e-05 4.284213417265548e-05 0.999999999008108 0.3482923917694694
0.38676403200211534 0.9221786869072688 0.00023013789678695746 -1.1850566357026526 -0.9221787136933789 0.3867640030014218 0.00016122388400878677 1.5524287069766678 5.966817544966093e-05 -0.00027458386906537057 0.9999999605217031 0.12213175979385946
1.0 0.0 0.0 0.0 0.0 1.0 0.0 0.0 0.0 0.0 1.0 0.0
0.9998083475300642 -0.019577236456898555 -4.6810769765918595e-06 1.4031359370303056 0.01957723628760165 0.9998083469721307 -3.3825931680594845e-05 -0.9481216795472256 5.342398096903694e-06 3.372780630719893e-05 0.9999999994169471 0.3483210566906477
0.3868047116146526 0.9221616272576073 0.0002197414551539388 -1.1853193560131239 -0.922161651674429 0.3868046851530431 0.00015402838867082522 1.5528352702879453 5.704204516466705e-05 -0.0002622160496863873 0.9999999639944734 0.12191971494325224
1.0 0.0 0.0 0.0 0.0 1.0 0.0 0.0 0.0 0.0 1.0 0.0
0.9998085688813707 -0.019565911176627832 -2.666859529046042e-05 1.4034523834894408 0.019565909929201323 0.9998085681912646 -4.625986866959139e-05 -0.9485271865392848 2.756860655446057e-05 4.572921775780191e-05 0.9999999985744055 0.3483897581904792
0.38680088552968017 0.9221632415800495 0.00017559051678356708 -1.1849415876426053 -0.9221632577563437 0.386800871768808 0.00010790318289012869 1.5528664743887441 3.158578394454155e-05 -0.00020366016968161252 0.9999999787624366 0.12259681673288994
1.0 0.0 0.0 0.0 0.0 1.0 0.0 0.0 0.0 0.0 1.0 0.0
0.9998090827061289 -0.019539644640786738 -2.063106925170742e-05 1.4039193626828763 0.019539642983707195 0.9998090799338138 -7.76786294306327e-05 -0.9487738000874977 2.214494318185259e-05 7.726067550935242e-05 0.9999999967701947 0.3486275328975205
0.38673809543600507 0.92218957280531 0.0001932555086876844 -1.1847682506045079 -0.9221895923355969 0.3867380949186703 4.1552175181913495e-05 1.5527570051155077 -3.642028458227626e-05 -0.00019428802786438848 0.9999999804628624 0.12327887553225286
1.0 0.0 0.0 0.0 0.0 1.0 0.0 0.0 0.0 0.0 1.0 0.0
0.9998083916632589 -0.019574973267051026 -1.9527467141241818e-05 1.4033694209351855 0.019574972278761156 0.9998083906440391 -4.957885547346106e-05 -0.94838042201807 2.0494230266338902e-05 4.918710612345331e-05 0.9999999985803077 0.3484769664084874
0.3867970584614985 0.9221648422654322 0.00019812900747076992 -1.1853602808629558 -0.9221648624960351 0.3867970388215617 0.00013090661228818692 1.5530311523295621 4.408176207789358e-05 -0.00023334190149699617 0.9999999718041774 0.12200176355583756
1.0 0.0 0.0 0.0 0.0 1.0 0.0 0.0 0.0 0.0 1.0 0.0
0.9998085537729526 -0.01956661452440506 -5.829658243662275e-05 1.403455184586802 0.019566610035073914 0.9998085526253829 -7.660856802514387e-05 -0.9481953351715686 5.978439202877437e-05 7.545323510891549e-05 0.9999999953663179 0.3484936154419544
0.38676603839411683 0.9221778292951097 0.00028757864999897427 -1.1846872060275353 -0.9221778675169889 0.3867659794503239 0.0002404197382177979 1.5522890654189316 0.0001104841140735342 -0.0003581848559017186 0.9999999297484324 0.12197956662376386
1.0 0.0 0.0 0.0 0.0 1.0 0.0 0.0 0.0 0.0 1.0 0.0
0.9998084646133519 -0.019571255925824614 -5.383037421597696e-06 1.4034679089242055 0.019571255738160872 0.9998084640886375 -3.29476861847198e-05 -0.9483079315221485 6.0268339751138376e-06 3.283602273489095e-05 0.9999999994427365 0.3483014920991911
0.38679565778771074 0.922165422149544 0.00023088595793567887 -1.185321722329578 -0.9221654493031097 0.38679562950386576 0.00015845599671260088 1.5530218467130954 5.681696165726603e-05 -0.0002742051446163898 0.9999999607916852 0.12168478814594971
1.0 0.0 0.0 0.0 0.0 1.0 0.0 0.0 0.0 0.0 1.0 0.0
0.999807647152943 -0.019612972426605778 2.6627166055323504e-06 1.4032514641644014 0.019612972472456865 0.999807646985339 -1.8450859233938524e-05 -0.9490825360808319 -2.3003282305685255e-06 1.8499533946120943e-05 0.999999999826238 0.34828844741161497
0.38683529749837114 0.9221488021564392 0.00019821904941919524 -1.1858510329518044 -0.9221488234592786 0.3868352882301174 8.469115170090164e-05 1.55250944492506 1.419720979460804e-06 -0.0002155489900728276 0.9999999767683085 0.12303032457314356
