1.0 0.0 0.0 0.0 0.0 1.0 0.0 0.0 0.0 0.0 1.0 0.0
-0.8621367551655745 -0.5066756506888185 1.9789821610984356e-05 -0.7436641614065821 0.5066756502018012 -0.8621367553151276 -2.504570578784448e-05 -0.6861208426587595 2.9751581868975047e-05 -1.1565802786641845e-05 0.999999999490538 0.30340566902521215
0.49767931756940537 -0.8673611108940921 1.31231838943217e-05 -1.4622729050360066 0.8673611109828854 0.4976793174320371 -1.2446548808987674e-05 -1.8739032851905542 4.264515198703543e-06 1.7576929279560806e-05 0.9999999998364326 0.5622602764593709
1.0 0.0 0.0 0.0 0.0 1.0 0.0 0.0 0.0 0.0 1.0 0.0
-0.8621417499579654 -0.5066671519963961 8.202258588187945e-06 -0.7439404134634168 0.5066671518473939 -0.8621417499505226 -1.5201961176145597e-05 -0.6858438512746474 1.477384394664884e-05 -8.950430413597901e-06 0.9999999998508118 0.3031817392790239
0.4976755410102166 -0.8673632776959943 1.9612505214266474e-05 -1.4621960450181304 0.8673632779173551 0.49767554086175364 -1.2182897891544386e-05 -1.8737618333824813 8.063341068814457e-07 2.3074297110060797e-05 0.9999999997334633 0.5625066239962535
1.0 0.0 0.0 0.0 0.0 1.0 0.0 0.0 0.0 0.0 1.0 0.0
-0.8621417846153163 -0.5066670916741383 3.787860097676238e-05 -0.7443832135696489 0.5066670912256339 -0.8621417854470531 -2.1333621378697144e-05 -0.6858447762661477 4.3465768575161133e-05 7.992341688515781e-07 0.999999999055044 0.3032600014144462
0.4976834158309802 -0.8673587580812354 4.885268551239579e-05 -1.4622480490794092 0.8673587594079001 0.49768341561277146 -1.738951450804501e-05 -1.873978696073813 -9.230223680332687e-06 5.102727767977941e-05 0.9999999986555101 0.5625090609830737
1.0 0.0 0.0 0.0 0.0 1.0 0.0 0.0 0.0 0.0 1.0 0.0
-0.8621373737101553 -0.5066745979175932 2.6023085424681893e-05 -0.7441126099890392 0.5066745976987833 -0.8621373741028314 -1.489460002518819e-05 -0.6861223814468396 2.998219001299637e-05 3.440449902545319e-07 0.999999999550475 0.303205282691769
0.4976923779578822 -0.8673536161011675 3.9482383956226506e-05 -1.4619426347684725 0.8673536169258269 0.4976923779942969 -9.595214186270428e-06 -1.8740753808574695 -1.132763783832824e-05 3.902065349466485e-05 0.9999999991745366 0.562272481502769
1.0 0.0 0.0 0.0 0.0 1.0 0.0 0.0 0.0 0.0 1.0 0.0
-0.8621429341842614 -0.506665136740862 1.5732667470911717e-05 -0.7439603017191101 0.5066651364433908 -0.8621429342827264 -1.9472334437785824e-05 -0.6859888904834683 2.3429761088046656e-05 -8.816741436840287e-06 0.9999999996866556 0.3032746064969878
0.49767044727978565 -0.8673662001943869 2.5781548156496965e-05 -1.4622908544415043 0.8673662005723652 0.497670446954167 -1.8251009076512876e-05 -1.8738931955922915 2.999593798192305e-06 3.144503131979041e-05 0.9999999995011062 0.5625196898027205
1.0 0.0 0.0 0.0 0.0 1.0 0.0 0.0 0.0 0.0 1.0 0.0
-0.8621430446774471 -0.5066649489017107 8.2902440047234e-06 -0.7441392307010074 0.5066649487048096 -0.8621430446405103 -1.821931210678715e-05 -0.6858340519323782 1.6378463044656957e-05 -1.1507277158270405e-05 0.9999999997996644 0.30316255613027243
0.4976754095828431 -0.8673633531234058 1.8843344801233063e-05 -1.4622813029140156 0.8673633533162032 0.4976754093448415 -1.6047296905048084e-05 -1.8738387498184252 4.5409679147486015e-06 2.433037179440669e-05 0.9999999996937065 0.5624064227080243
1.0 0.0 0.0 0.0 0.0 1.0 0.0 0.0 0.0 0.0 1.0 0.0
-0.8621398378436064 -0.5066704016072985 6.432806204151641e-05 -0.744225278596018 0.5066704015581908 -0.8621398400789066 -1.8264160241934078e-05 -0.6862645225603075 6.471369452585514e-05 1.6846864876701568e-05 0.9999999977641604 0.30312731529306913
0.4976812041395373 -0.8673600267640016 5.4937882664736257e-05 -1.462298818718172 0.867360028362284 0.4976812042044108 -1.3454583802016799e-05 -1.873976240270622 -1.567158343441355e-05 5.434701693403238e-05 0.9999999984004015 0.5623003598483981
1.0 0.0 0.0 0.0 0.0 1.0 0.0 0.0 0.0 0.0 1.0 0.0
-0.862142038365057 -0.5066666611773073 -1.1626875169498959e-05 -0.7442967150768585 0.5066666613086491 -0.8621420380690444 -2.2638498986655285e-05 -0.6857738010539194 1.4461548406262994e-06 -2.540855168546278e-05 0.9999999996761569 0.3035973589898276
0.49768053277738483 -0.8673604135639006 -1.663361859150372e-05 -1.4622478353955142 0.8673604133666676 0.4976805330311934 -1.913611241807442e-05 -1.8738540975986986 2.4876134547804664e-05 -4.903671673794231e-06 0.9999999996785657 0.562880271283302
1.0 0.0 0.0 0.0 0.0 1.0 0.0 0.0 0.0 0.0 1.0 0.0
-0.8621479280947101 -0.5066566390413982 -1.4045373874885729e-05 -0.7444687723669359 0.5066566392357893 -0.8621479277332783 -2.497014568607628e-05 -0.6859705940382632 5.42100109213186e-07 -2.86441412917306e-05 0.9999999995896095 0.30367525067720014
0.4976693231321227 -0.8673668455225824 -1.0070780507338531e-05 -1.4623444191398884 0.8673668452504835 0.49766932322946406 -2.183007432115055e-05 -1.8740256344786275 2.3946601220942664e-05 2.1290971934667795e-06 0.9999999997110137 0.5628693661532514
1.0 0.0 0.0 0.0 0.0 1.0 0.0 0.0 0.0 0.0 1.0 0.0
-0.8621437757608825 -0.5066637049122904 6.428117692447251e-06 -0.7444831421527529 0.5066637046388514 -0.8621437756036426 -2.4280254940653384e-05 -0.6858253440860373 1.7843885581835547e-05 -1.7676176747061202e-05 0.9999999996845742 0.3034380893309785
0.4976799696954771 -0.8673607367050991 1.3649051220688155e-05 -1.462344752180892 0.8673607367794394 0.4976799694775119 -1.6561727842385025e-05 -1.874060329987337 7.572133067573957e-06 2.0081091333818556e-05 0.9999999997697063 0.562465623118713
1.0 0.0 0.0 0.0 0.0 1.0 0.0 0.0 0.0 0.0 1.0 0.0
-0.8621424217350478 -0.5066660086176585 1.8875313860235525e-05 -0.7440925889633703 0.5066660083476068 -0.8621424219244233 -1.7418149940082463e-05 -0.6857169068287448 2.5098393313693364e-05 -5.45344604161439e-06 0.9999999996701652 0.3033341055450529
0.4976739403120647 -0.8673641959953318 2.5291002110388726e-05 -1.462332278013459 0.867364196363963 0.49767394008702054 -1.4971858912553061e-05 -1.873865093684735 3.9938169921644417e-07 2.938761373952562e-05 0.9999999995681043 0.562615249895293
1.0 0.0 0.0 0.0 0.0 1.0 0.0 0.0 0.0 0.0 1.0 0.0
-0.8621404550274354 -0.5066693554660142 6.061407853598653e-06 -0.7442561696610686 0.50666935525659 -0.8621404549202458 -2.082745956645275e-05 -0.6858681195886689 1.5778420438884832e-05 -1.4885065858556719e-05 0.9999999997647381 0.3034308529725741
0.4976823889080361 -0.8673593486909628 3.029734451060298e-06 -1.462283347665529 0.8673593486081199 0.49768238880463384 -1.5994085426357875e-05 -1.8738959081190565 1.2364774039265721e-05 1.058784314331294e-05 0.9999999998675049 0.5626667727256139
1.0 0.0 0.0 0.0 0.0 1.0 0.0 0.0 0.0 0.0 1.0 0.0
-0.8621447996320071 -0.5066619626761859 6.678522463439034e-06 -0.7443689924352481 0.5066619623301417 -0.8621447994106044 -2.7875069482186863e-05 -0.6856466697469976 1.9881090823176076e-05 -2.0648592896657235e-05 0.999999999589189 0.30344718483280164
0.49767531865154685 -0.8673634053642751 1.5490932237979126e-05 -1.4623150621229373 0.8673634053933283 0.49767531822596783 -2.4762258311138997e-05 -1.8737805770980778 1.3768422062106677e-05 2.5759832534180533e-05 0.9999999995734307 0.5626098910105781
1.0 0.0 0.0 0.0 0.0 1.0 0.0 0.0 0.0 0.0 1.0 0.0
-0.8621413322876343 -0.5066678624912717 1.6728060582839967e-05 -0.7444314368127449 0.5066678622282084 -0.8621413324234252 -1.7670824663111817e-05 -0.6858739466892949 2.3375191400269442e-05 -6.759177622943918e-06 0.999999999703957 0.30328695042479836
0.4976809819560847 -0.8673601558409381 1.6087640642747046e-05 -1.4623056844318238 0.8673601559680155 0.49768098172533043 -1.6372271928424763e-05 -1.8739822495259375 6.194143542589752e-06 2.210194686723546e-05 0.9999999997365684 0.5625456958275875
1.0 0.0 0.0 0.0 0.0 1.0 0.0 0.0 0.0 0.0 1.0 0.0
-0.8621484437993013 -0.506655761511569 1.3475028352532138e-05 -0.7446703911188615 0.5066557612383046 -0.862148443848454 -1.9331920554749824e-05 -0.6860709776452545 2.1412103655092526e-05 -9.839784474272275e-06 0.9999999997223504 0.3033334735095428
0.49767412311922665 -0.8673640907518703 3.537922864465957e-05 -1.462359458294971 0.8673640914128746 0.4976741231524232 -8.484389957375329e-06 -1.8741678515437883 -1.0248271412579346e-05 3.4909133840506814e-05 0.9999999993381627 0.5623157681624326
1.0 0.0 0.0 0.0 0.0 1.0 0.0 0.0 0.0 0.0 1.0 0.0
-0.8621370099168508 -0.5066752175767876 -5.014604813410555e-06 -0.7438635155427901 0.5066752175535222 -0.86213700965647 -2.230896583042856e-05 -0.686238562574367 6.980123717604827e-06 -2.1774161080157268e-05 0.9999999997385819 0.30338233442356677
0.49768277560152296 -0.8673591268078382 3.5648270199021392e-06 -1.462200479162433 0.8673591266657569 0.49768277543530565 -2.0606470556117802e-05 -1.8739842378355291 1.6099057302935745e-05 1.3347470712420964e-05 0.9999999997813328 0.5626204079886247
1.0 0.0 0.0 0.0 0.0 1.0 0.0 0.0 0.0 0.0 1.0 0.0
-0.8621467757822632 -0.506658599773606 1.6843305792169328e-05 -0.7442501967592687 0.506658599490789 -0.8621467759151031 -1.8472279811239952e-05 -0.6856065612975151 2.388054120825944e-05 -7.392010757153675e-06 0.9999999996875389 0.3033820899889377
0.49767086882233214 -0.8673659583817286 2.3794338137818235e-05 -1.4623171491283768 0.8673659587074714 0.49767086866778326 -1.2446788526905311e-05 -1.87379830641666 -1.0458282710081366e-06 2.683280297095299e-05 0.9999999996394535 0.5625893841404132
1.0 0.0 0.0 0.0 0.0 1.0 0.0 0.0 0.0 0.0 1.0 0.0
-0.8621429276346301 -0.5066651478862471 1.5716102504767576e-05 -0.744195846773851 0.5066651473980094 -0.8621429276416821 -2.7010768987191812e-05 -0.6860118505217656 2.7234941887997532e-05 -1.5324342060176476e-05 0.9999999995117114 0.3038410148505818
0.4976767953283786 -0.8673625582132651 1.1889516761609858e-06 -1.4623497451635057 0.8673625580859404 0.4976767952308251 -1.7871399402489603e-05 -1.8739055229727448 1.4909269044716423e-05 9.925432949947072e-06 0.9999999998395996 0.562884215360109
1.0 0.0 0.0 0.0 0.0 1.0 0.0 0.0 0.0 0.0 1.0 0.0
-0.8621435811306548 -0.5066640361260702 3.4133695832295935e-06 -0.7440359190790018 0.5066640359005992 -0.8621435809139076 -2.477623619930326e-05 -0.68604492206563 1.549604250821543e-05 -1.9631241394749298e-05 0.9999999996872434 0.3034206857057011
0.49767840269787517 -0.8673616357506496 1.777775001388566e-05 -1.462033698175677 0.8673616359251 0.497678402502312 -1.4425005675532438e-05 -1.8740838060661495 3.6640942914449578e-06 2.259875211862193e-05 0.9999999997379356 0.5622746896403749
1.0 0.0 0.0 0.0 0.0 1.0 0.0 0.0 0.0 0.0 1.0 0.0
-0.862142609197881 -0.5066656896989328 1.695212688384586e-05 -0.7442188375057919 0.5066656893670212 -0.8621426093171718 -2.0445533001162803e-05 -0.6861265476195406 2.4974200984413254e-05 -9.03790411422301e-06 0.9999999996473028 0.30336762896686115
0.49767898258668336 -0.8673613028653462 2.414978246979994e-05 -1.462250433954297 0.8673613032014276 0.4976789824081936 -1.3336577283376002e-05 -1.8740110845399975 -4.5120811667357047e-07 2.7583921008624167e-05 0.9999999996194616 0.5624728673950389
