-0.9871759202605228 -0.15963615648652374 0.0 -15.17854371745609 0.15963615648652374 -0.9871759202605228 0.0 288.7217641793292 0.0 0.0 1.0 1.0385203768658189
0.34301675947803834 0.9393292834342947 0.0 -9.581101559040315 -0.9393292834342947 0.34301675947803834 0.0 290.38126611151637 0.0 0.0 1.0 1.0487609974510284
-0.9921064008683644 0.12539892087263024 0.0 -4.57382753255081 -0.12539892087263024 -0.9921064008683644 0.0 289.22268169029405 0.0 0.0 1.0 0.9709360190432939
