-0.9871759202605228 -0.15963615648652374 0.0 -15.17854371745609 0.15963615648652374 -0.9871759202605228 0.0 288.7217641793292 0.0 0.0 1.0 1.0385203768658189
-0.9871741231099218 -0.15964726951049613 0.0 -15.17529346392124 0.15964726951049613 -0.9871741231099218 0.0 288.7212348721091 0.0 0.0 1.0 1.0378810549523476
-0.9871700920947099 -0.1596721931762761 0.0 -15.16800394939855 0.1596721931762761 -0.9871700920947099 0.0 288.7222715933401 0.0 0.0 1.0 1.0432300054720174
0.34301675947803834 0.9393292834342947 0.0 -9.581101559040315 -0.9393292834342947 0.34301675947803834 0.0 290.38126611151637 0.0 0.0 1.0 1.0487609974510284
0.34303711016311467 0.9393218516839364 0.0 -9.58739272350009 -0.9393218516839364 0.34303711016311467 0.0 290.3835901503554 0.0 0.0 1.0 1.0466530323608265
0.3430221701509971 0.939327307590331 0.0 -9.58277419774188 -0.939327307590331 0.3430221701509971 0.0 290.38351772852826 0.0 0.0 1.0 1.0524669891939058
-0.9921064008683644 0.12539892087263024 0.0 -4.57382753255081 -0.12539892087263024 -0.9921064008683644 0.0 289.22268169029405 0.0 0.0 1.0 0.9709360190432939
-0.99210436033927 0.1254150636718256 0.0 -4.578533539986335 -0.1254150636718256 -0.99210436033927 0.0 289.2224885492469 0.0 0.0 1.0 0.9687914969343157
-0.9921079747649667 0.12538646820034532 0.0 -4.570197290093885 -0.12538646820034532 -0.9921079747649667 0.0 289.2230739482908 0.0 0.0 1.0 0.9749027830816522
