1.0 0.0 0.0 0.0 0.0 1.0 0.0 0.0 0.0 0.0 1.0 0.0
0.32310742112700086 -0.9463622717876007 -0.00021201337007773345 0.9559352405323196 0.9463622869260707 0.32310737985875415 0.00020727968269382055 1.7945762491501522 -0.00012765858690866246 -0.00026761506149289706 0.9999999560427311 0.22073658952005404
0.38622813763818176 0.9224032469518225 -0.00027515318865047 -2.0949973872811345 -0.9224032869716112 0.38622813405143747 -6.819907411913073e-05 -7.045753879608924 4.33648552242203e-05 0.00028014260701757427 0.9999999598198037 -0.08463199627405005
1.0 0.0 0.0 0.0 0.0 1.0 0.0 0.0 0.0 0.0 1.0 0.0
0.3231036076874303 -0.9463635880290477 -0.00013398564639811804 0.9561474174060063 0.9463635919394168 0.3231035871790454 0.000154284011507507 1.7936029966047276 -0.00010271752772401451 -0.0001766488583202128 0.999999979122145 0.22228205610086027
0.3862454224202524 0.9223960205410514 -0.00023441295282955406 -2.095354057057879 -0.9223960066550151 0.3862454698631216 0.00020956406709344563 -7.047366438727199 0.00028384200264306683 0.0001352784099795807 0.9999999505667335 -0.08437828936405456
1.0 0.0 0.0 0.0 0.0 1.0 0.0 0.0 0.0 0.0 1.0 0.0
0.32311949735172113 -0.9463581625197693 -0.00013661396875815914 0.9566767686242272 0.9463581674562236 0.3231194775773763 0.00014865739775850662 1.7936467611141147 -9.654050757279963e-05 -0.00017731984876425097 0.9999999796188007 0.22240072355087703
0.3862396375191276 0.9223984435327389 -0.00023189970721722425 -2.095209888453681 -0.9223984271062816 0.38623968526148755 0.00021725783001066358 -7.047334913828001 0.0002899671541749472 0.0001299903396720599 0.9999999495107793 -0.08447379841054681
1.0 0.0 0.0 0.0 0.0 1.0 0.0 0.0 0.0 0.0 1.0 0.0
0.32312961235737614 -0.9463547111155487 -0.00011986316108338972 0.956817408404044 0.9463547148773025 0.3231295970644023 0.00013088351813115347 1.793920931769101 -8.513089904704012e-05 -0.00015572540810905342 0.9999999842511634 0.22304119673043699
0.38622958526298584 0.9224026691163733 -0.00015321414022753877 -2.0950857138787633 -0.9224026571293414 0.38622960803651835 0.0001673221101868928 -7.046963921744515 0.00021351419836430801 7.670038083285189e-05 0.9999999742643689 -0.08227952654289705
1.0 0.0 0.0 0.0 0.0 1.0 0.0 0.0 0.0 0.0 1.0 0.0
0.3230716862763737 -0.9463744779344172 -0.0001817715585367206 0.9555485426556611 0.9463744852355052 0.323071648712003 0.00020855153033052856 1.7936645796627708 -0.00013864260853355663 -0.00023940105972005007 0.9999999617326791 0.22103859415663463
0.3862304942407104 0.9224022592521249 -0.0002782896902020479 -2.095350397468625 -0.9224022369148469 0.3862305623983136 0.00025691237503334177 -7.046663518288576 0.000344460538716979 0.00015746763916703947 0.9999999282754374 -0.085094749950825
1.0 0.0 0.0 0.0 0.0 1.0 0.0 0.0 0.0 0.0 1.0 0.0
0.32308503113656073 -0.9463699157485661 -0.00021265356746794211 0.955825140232383 0.9463699251310553 0.3230849786783015 0.00024770927077106934 1.7929881106413994 -0.00016571942839852658 -0.0002812800981833741 0.9999999467092872 0.22029203196899394
0.38631568672866945 0.9223665392034391 -0.00039691967296862736 -2.095933559112469 -0.9223664133918926 0.38631585371808513 0.0005105023429177502 -7.049137063829462 0.0006242066416126606 0.00016889031197989381 0.9999997909210435 -0.08916534448036906
1.0 0.0 0.0 0.0 0.0 1.0 0.0 0.0 0.0 0.0 1.0 0.0
0.32306644470015944 -0.9463762763646784 -0.00012586867896243644 0.9551961749210403 0.9463762802260544 0.323066427320583 0.00014058381903768927 1.7928626924340172 -9.238124675405543e-05 -0.00016453704679231555 0.9999999821966324 0.22267739494886885
0.3862837073735456 0.9223799761955008 -0.00027736498729653554 -2.0959138289798123 -0.9223799489716701 0.38628377729365754 0.00027043439650334573 -7.048376163369941 0.00035658486719112345 0.00015137150154646175 0.9999999249669476 -0.08582645546949452
1.0 0.0 0.0 0.0 0.0 1.0 0.0 0.0 0.0 0.0 1.0 0.0
0.32311949735172113 -0.9463581625197693 -0.00013661396875815914 0.9566767686242272 0.9463581674562236 0.3231194775773763 0.00014865739775850662 1.7936467611141147 -9.654050757279963e-05 -0.00017731984876425097 0.9999999796188007 0.22240072355087703
0.3862396375191276 0.9223984435327389 -0.00023189970721722425 -2.095209888453681 -0.9223984271062816 0.38623968526148755 0.00021725783001066358 -7.047334913828001 0.0002899671541749472 0.0001299903396720599 0.9999999495107793 -0.08447379841054681
1.0 0.0 0.0 0.0 0.0 1.0 0.0 0.0 0.0 0.0 1.0 0.0
0.32311175397484854 -0.9463608047491162 -0.00014723417306688783 0.9562795110309263 0.9463608115135377 0.32311173297630286 0.00014981484557917562 1.793792084056136 -9.420580901266657e-05 -0.00018774358903265537 0.9999999779388049 0.2221139439950086
0.38623754205695937 0.9223993154944495 -0.00025274724505753074 -2.0951843753563537 -0.9223993060373196 0.38623759381396366 0.0002033388102892279 -7.047111479773144 0.00028518006719835447 0.00015459680115301858 0.999999947386078 -0.08472259781060387
1.0 0.0 0.0 0.0 0.0 1.0 0.0 0.0 0.0 0.0 1.0 0.0
0.3231001377040816 -0.9463647804355254 -5.8024335571554816e-05 0.9561493646498782 0.9463647758802322 0.32310012784040976 0.00013550892294383838 1.793545869547767 -0.00010949320186777498 -9.869513899206237e-05 0.9999999891352542 0.22333516145273546
0.3862225112952684 0.9224056401411681 -8.248962968368969e-05 -2.0952783362145713 -0.9224056255767363 0.38622251989902495 0.00016439962981757344 -7.047316679420636 0.0001835024984228548 1.2594060587803795e-05 0.9999999830841111 -0.0815175407723796
1.0 0.0 0.0 0.0 0.0 1.0 0.0 0.0 0.0 0.0 1.0 0.0
0.32306644470015944 -0.9463762763646784 -0.00012586867896243644 0.9551961749210403 0.9463762802260544 0.323066427320583 0.00014058381903768927 1.7928626924340172 -9.238124675405543e-05 -0.00016453704679231555 0.9999999821966324 0.22267739494886885
0.3862837073735456 0.9223799761955008 -0.00027736498729653554 -2.0959138289798123 -0.9223799489716701 0.38628377729365754 0.00027043439650334573 -7.048376163369941 0.00035658486719112345 0.00015137150154646175 0.9999999249669476 -0.08582645546949452
1.0 0.0 0.0 0.0 0.0 1.0 0.0 0.0 0.0 0.0 1.0 0.0
0.3231329209956094 -0.9463535733773398 -0.00017182777351418003 0.9568300933319218 0.9463535783075991 0.3231328847623161 0.00020882908151341524 1.7937835073931048 -0.00014210294337741548 -0.00023008937941604952 0.9999999634328146 0.22132432177635353
0.3862296301792136 0.9224026340341471 -0.0002312974162067269 -2.095315159112719 -0.9224026220799962 0.38622967561082067 0.00020114051478311887 -7.047202415352425 0.00027486646667807896 0.0001356629165506827 0.9999999530219982 -0.0833733749520329
1.0 0.0 0.0 0.0 0.0 1.0 0.0 0.0 0.0 0.0 1.0 0.0
0.32311175397484854 -0.9463608047491162 -0.00014723417306688783 0.9562795110309263 0.9463608115135377 0.32311173297630286 0.00014981484557917562 1.793792084056136 -9.420580901266657e-05 -0.00018774358903265537 0.9999999779388049 0.2221139439950086
0.38623754205695937 0.9223993154944495 -0.00025274724505753074 -2.0951843753563537 -0.9223993060373196 0.38623759381396366 0.0002033388102892279 -7.047111479773144 0.00028518006719835447 0.00015459680115301858 0.999999947386078 -0.08472259781060387
1.0 0.0 0.0 0.0 0.0 1.0 0.0 0.0 0.0 0.0 1.0 0.0
0.3231229104755616 -0.9463569987751452 -0.00012488034893613423 0.9565176370626833 0.9463570066311761 0.32312290377452424 7.110836538419227e-05 1.7943711948809469 -2.6942198280324953e-05 -0.00014115813518841735 0.9999999896742494 0.22346882200649154
0.3862410873402853 0.9223978487408047 -0.00017631939792437 -2.095162917583476 -0.9223978536884607 0.38624110600972855 8.68291649167963e-05 -7.046588398091671 0.0001481928341924709 0.00012909964313877212 0.9999999806860829 -0.0822824627641634
1.0 0.0 0.0 0.0 0.0 1.0 0.0 0.0 0.0 0.0 1.0 0.0
0.323120834036355 -0.9463577064080732 -0.0001346614328747442 0.9568168733453994 0.946357710842724 0.3231208141686677 0.0001502647521313332 1.7936052679218157 -9.869229435338365e-05 -0.00017599155738909488 0.9999999796434013 0.22228142184472177
0.38623911484292806 0.9223986620004542 -0.00023346332255714603 -2.0952440762443167 -0.9223986461679465 0.38623916286224264 0.00021591436549370365 -7.047401362607946 0.0002893318001016035 0.0001319516792464089 0.9999999494379305 -0.0843934898625458
1.0 0.0 0.0 0.0 0.0 1.0 0.0 0.0 0.0 0.0 1.0 0.0
0.3231036076874303 -0.9463635880290477 -0.00013398564639811804 0.9561474174060063 0.9463635919394168 0.3231035871790454 0.000154284011507507 1.7936029966047276 -0.00010271752772401451 -0.0001766488583202128 0.999999979122145 0.22228205610086027
0.3862454224202524 0.9223960205410514 -0.00023441295282955406 -2.095354057057879 -0.9223960066550151 0.3862454698631216 0.00020956406709344563 -7.047366438727199 0.00028384200264306683 0.0001352784099795807 0.9999999505667335 -0.08437828936405456
1.0 0.0 0.0 0.0 0.0 1.0 0.0 0.0 0.0 0.0 1.0 0.0
0.32308101079079926 -0.946371308155831 -8.69817019459445e-05 0.9556036713365632 0.9463713050137064 0.3230809956991811 0.00015252764016966547 1.793502290915976 -0.00011624564748497617 -0.00013159577094243828 0.9999999845847513 0.22251866165515533
0.3862312250232253 0.9224019770416708 -0.00018321211115384628 -2.0953686920971144 -0.9224019581116016 0.38623125821310483 0.00020700484672308577 -7.047339899921861 0.0002617039240853953 8.90434745424502e-05 0.999999961791157 -0.08378745610058358
1.0 0.0 0.0 0.0 0.0 1.0 0.0 0.0 0.0 0.0 1.0 0.0
0.3231030297411963 -0.9463637748638922 -0.00019441559488289726 0.9561510048548243 0.946363784641424 0.3231029892928816 0.00021314118353587012 1.7935738478408503 -0.00013889283515815324 -0.00025285444032977324 0.9999999583867053 0.22094361579301658
0.38624836022575876 0.9223947735787885 -0.00029308266404218524 -2.095435285189561 -0.9223947501880321 0.3862484351820887 0.0002667300987163273 -7.04736252901142 0.0003592331693773856 0.00016731384743159955 0.9999999214788001 -0.08535155612101719
1.0 0.0 0.0 0.0 0.0 1.0 0.0 0.0 0.0 0.0 1.0 0.0
0.3230806501068906 -0.94637143059721 -9.421199058582285e-05 0.9555378467105591 0.9463714284335046 0.32308063418591837 0.00015250820582990839 1.7935052401672085 -0.00011389133926268199 -0.0001384319863924269 0.9999999839326738 0.22259495061541934
0.38623288847442366 0.9224012810870205 -0.00018030453838674862 -2.095331094468783 -0.9224012618868184 0.38623292090997285 0.00020706268578159066 -7.04727847371103 0.0002606344351446915 8.633871450716437e-05 0.9999999623076582 -0.08380951578648599
1.0 0.0 0.0 0.0 0.0 1.0 0.0 0.0 0.0 0.0 1.0 0.0
0.32315743447149836 -0.9463452099476379 -0.00012710216807848625 0.9577619877207155 0.9463452113385162 0.3231574126133839 0.00016628193664405285 1.794004801796639 -0.0001162861064701392 -0.00017401777215666152 0.9999999780976779 0.22204356862591257
0.386207068955304 0.9224120788077551 -0.00023824044196988728 -2.0946385167233146 -0.9224120657897774 0.38620711732119783 0.0002083647897152246 -7.04651988014327 0.00028420835315411445 0.00013928390352269733 0.9999999499128019 -0.08462341489296743
