1.0 0.0 0.0 0.0 0.0 1.0 0.0 0.0 0.0 0.0 1.0 0.0
0.3230162370753288 -0.9463934227188933 -4.484774121970274e-06 0.9537082084716602 0.9463934201798433 0.3230162358536158 7.493503635166826e-05 1.7924021213277683 -6.946937067888824e-05 -2.8449594187447015e-05 0.9999999971823137 0.2254619346018748
0.3862887142211374 0.9223779173832094 -8.239655820649135e-05 -2.096341954067414 -0.9223779048320419 0.38628872264084096 0.00015309526267021464 -7.0485429129267345 0.00017304055076257675 1.6861792553653586e-05 0.9999999848863236 -0.08142207632557019
1.0 0.0 0.0 0.0 0.0 1.0 0.0 0.0 0.0 0.0 1.0 0.0
0.3230697613157656 -0.9463751445127409 -0.0001231741187650441 0.9552814655211286 0.9463751519201846 0.3230697537049997 7.790403025720111e-05 1.7930985484377793 -3.393260568055288e-05 -0.0001417373618196381 0.9999999893795491 0.22363932384442275
0.3863092218621716 0.922369291080456 -0.0002756374094195363 -2.0959510883655916 -0.9223692811367621 0.3863092827003091 0.00021751971309759766 -7.048810222469931 0.00030711479348409515 0.0001702096080742691 0.9999999383545944 -0.08548726619816094
1.0 0.0 0.0 0.0 0.0 1.0 0.0 0.0 0.0 0.0 1.0 0.0
0.32308406812436746 -0.9463702635728976 -9.565131276991877e-05 0.9556112019772574 0.9463702659716816 0.3230840583923405 0.00010439072726456263 1.7937892013802372 -6.788886575566808e-05 -0.000124248539145702 0.999999989976701 0.22322349333246183
0.38624832677814264 0.9223948160235421 -0.0001828496114931214 -2.0953351638579623 -0.922394813515257 0.38624835247735806 0.00013493954784832542 -7.047409433047801 0.00019509290060223199 0.00011653935872192296 0.9999999741786688 -0.08352060928839777
1.0 0.0 0.0 0.0 0.0 1.0 0.0 0.0 0.0 0.0 1.0 0.0
0.3230832442801861 -0.9463705260134665 -0.00021156177627972074 0.9555922368573562 0.9463705407672048 0.32308320252305883 0.00020932136205741833 1.7936602874124024 -0.0001297435113042357 -0.0002678440573741544 0.9999999557130899 0.2207265295566464
0.38622448852622054 0.9224047709704535 -0.0002880166730502967 -2.0952257039662854 -0.922404750851974 0.38622455974402614 0.0002550612491215596 -7.046955785088453 0.0003465088258272145 0.00016715704706133904 0.9999999259950747 -0.08540587339761463
1.0 0.0 0.0 0.0 0.0 1.0 0.0 0.0 0.0 0.0 1.0 0.0
0.3230495277832032 -0.9463820536638067 -0.00010536661921415759 0.9549193651785064 0.9463820595190525 0.32304952629731115 3.129791928272094e-05 1.7928751827809677 4.418847298495171e-06 -0.00010982785614134468 0.9999999939591581 0.22402963001270004
0.3863080281446616 0.9223697923405436 -0.00027123540870544594 -2.0958576416122323 -0.9223697846637382 0.3863080859543305 0.0002075226993765403 -7.049274801829021 0.0002961931007099198 0.0001700116607294085 0.9999999416828395 -0.086260891121964
1.0 0.0 0.0 0.0 0.0 1.0 0.0 0.0 0.0 0.0 1.0 0.0
0.3230881185288213 -0.9463688781488977 -0.0001188978678907169 0.955741225884875 0.9463688784175494 0.3230880980229035 0.0001639471006663705 1.7929935830635486 -0.00011673994773761057 -0.00016549060217453326 0.9999999794923224 0.2222307562939081
0.38627176698985594 0.9223849778600225 -0.0002732118215088477 -2.0958076207542824 -0.9223849450076108 0.3862718374406389 0.00028429480992737483 -7.048375056606911 0.000367763294265294 0.00014219141238118967 0.9999999222658781 -0.08595411495466498
1.0 0.0 0.0 0.0 0.0 1.0 0.0 0.0 0.0 0.0 1.0 0.0
0.3230806501068906 -0.94637143059721 -9.421199058582285e-05 0.9555378467105591 0.9463714284335046 0.32308063418591837 0.00015250820582990839 1.7935052401672085 -0.00011389133926268199 -0.0001384319863924269 0.9999999839326738 0.22259495061541934
0.38623288847442366 0.9224012810870205 -0.00018030453838674862 -2.095331094468783 -0.9224012618868184 0.38623292090997285 0.00020706268578159066 -7.04727847371103 0.0002606344351446915 8.633871450716437e-05 0.9999999623076582 -0.08380951578648599
1.0 0.0 0.0 0.0 0.0 1.0 0.0 0.0 0.0 0.0 1.0 0.0
0.3231061795264755 -0.9463627096520255 -0.00013613185215269563 0.9562362817822319 0.946362714295195 0.32310615942207094 0.000150782462597153 1.7937564180617365 -9.870985994736239e-05 -0.00017754885453461053 0.9999999793663839 0.22227450191664966
0.3862342137969165 0.9224007124155117 -0.0002404746017383211 -2.0951561132737275 -0.922400702157679 0.38623426155263246 0.00019965448288084797 -7.04674224999248 0.00027704096747079954 0.00014470054926800417 0.9999999511550254 -0.08450526680133974
1.0 0.0 0.0 0.0 0.0 1.0 0.0 0.0 0.0 0.0 1.0 0.0
0.32312731052981586 -0.9463554928065187 -0.00014974878495540805 0.9568272861998377 0.946355500544473 0.3231272903336651 0.00014432893656698482 1.7938405499841803 -8.819856277765229e-05 -0.00018835220744692032 0.9999999783722295 0.2222305679940274
0.3862313125042067 0.9224019246170966 -0.00025040757480130954 -2.09501085597112 -0.9224019125580836 0.3862313647711846 0.00021113071177592172 -7.047059180619341 0.00029146263425251795 0.00014943113399657864 0.9999999463599331 -0.0848249132642489
1.0 0.0 0.0 0.0 0.0 1.0 0.0 0.0 0.0 0.0 1.0 0.0
0.32306644470015944 -0.9463762763646784 -0.00012586867896243644 0.9551961749210403 0.9463762802260544 0.323066427320583 0.00014058381903768927 1.7928626924340172 -9.238124675405543e-05 -0.00016453704679231555 0.9999999821966324 0.22267739494886885
0.3862837073735456 0.9223799761955008 -0.00027736498729653554 -2.0959138289798123 -0.9223799489716701 0.38628377729365754 0.00027043439650334573 -7.048376163369941 0.00035658486719112345 0.00015137150154646175 0.9999999249669476 -0.08582645546949452
1.0 0.0 0.0 0.0 0.0 1.0 0.0 0.0 0.0 0.0 1.0 0.0
0.32312017848248903 -0.9463579320834593 -0.0001209965423396685 0.9567048150559714 0.9463579338827469 0.32312015949487616 0.00015331400523794004 1.7931358448557937 -0.0001059935028973031 -0.00016404488655187652 0.999999980927326 0.2224637126530853
0.38626265190704145 0.9223887968511324 -0.00026680565868329135 -2.095642021087352 -0.9223887420212259 0.3862627268108104 0.0003383329391294546 -7.048418333156375 0.00041513159391028516 0.00011541315758137917 0.9999999071727771 -0.08667407440052477
1.0 0.0 0.0 0.0 0.0 1.0 0.0 0.0 0.0 0.0 1.0 0.0
0.3231285744774657 -0.9463550652076723 -0.00012211446407358578 0.9567821295549184 0.9463550648712101 0.32312855198007795 0.00017345853976821553 1.7937592409202665 -0.00012469469776111655 -0.00017161305225628378 0.9999999775000962 0.22198440877482217
0.38622726760740334 0.9224036218468089 -0.000236981872745142 -2.095119064721505 -0.9224036091284089 0.38622731538311555 0.00020668535693934954 -7.047249457034976 0.00028217619432815283 0.00013876541405307736 0.9999999505603764 -0.08437296680306283
1.0 0.0 0.0 0.0 0.0 1.0 0.0 0.0 0.0 0.0 1.0 0.0
0.3231001377040816 -0.9463647804355254 -5.8024335571554816e-05 0.9561493646498782 0.9463647758802322 0.32310012784040976 0.00013550892294383838 1.793545869547767 -0.00010949320186777498 -9.869513899206237e-05 0.9999999891352542 0.22333516145273546
0.3862225112952684 0.9224056401411681 -8.248962968368969e-05 -2.0952783362145713 -0.9224056255767363 0.38622251989902495 0.00016439962981757344 -7.047316679420636 0.0001835024984228548 1.2594060587803795e-05 0.9999999830841111 -0.0815175407723796
1.0 0.0 0.0 0.0 0.0 1.0 0.0 0.0 0.0 0.0 1.0 0.0
0.3231036076874303 -0.9463635880290477 -0.00013398564639811804 0.9561474174060063 0.9463635919394168 0.3231035871790454 0.000154284011507507 1.7936029966047276 -0.00010271752772401451 -0.0001766488583202128 0.999999979122145 0.22228205610086027
0.3862454224202524 0.9223960205410514 -0.00023441295282955406 -2.095354057057879 -0.9223960066550151 0.3862454698631216 0.00020956406709344563 -7.047366438727199 0.00028384200264306683 0.0001352784099795807 0.9999999505667335 -0.08437828936405456
1.0 0.0 0.0 0.0 0.0 1.0 0.0 0.0 0.0 0.0 1.0 0.0
0.3230880146035743 -0.9463689193877783 -5.688875216661503e-05 0.9555605313758928 0.946368914616533 0.3230880047720097 0.0001364550037900218 1.7937093897270913 -0.00011075670105033925 -9.79247228990469e-05 0.999999989071851 0.22331706121135841
0.38622316844285387 0.9224053673877518 -4.8705542605782444e-05 -2.0953684451328023 -0.9224053538123846 0.38622317116030463 0.00015911356750343585 -7.047022082263004 0.00016557841780766248 -1.6527092923509046e-05 0.9999999861553214 -0.08067273534340758
1.0 0.0 0.0 0.0 0.0 1.0 0.0 0.0 0.0 0.0 1.0 0.0
0.32308581770979294 -0.9463696690098771 -6.303118832626651e-05 0.9555079048464972 0.9463696689091119 0.3230858117009854 8.970157938697068e-05 1.7938609914437489 -6.452637135121552e-05 -8.863211295336225e-05 0.9999999939903481 0.2240278253391914
0.38625128289027166 0.9223935921053302 -8.779888790143815e-05 -2.095469861094175 -0.9223935886340444 0.38625129019616333 9.202504065346601e-05 -7.047444813962068 0.00011879574154168731 4.544034127906448e-05 0.9999999919113735 -0.08126891062572561
1.0 0.0 0.0 0.0 0.0 1.0 0.0 0.0 0.0 0.0 1.0 0.0
0.3230820855725621 -0.946370943175545 -6.241083917907121e-05 0.9554768435194863 0.9463709392365198 0.3230820753985354 0.00013388339176377786 1.793705732796182 -0.00010653952828968708 -0.00010231912992700892 0.9999999890900624 0.2234292574051464
0.3862206318969228 0.9224064265672104 -8.788998920964533e-05 -2.0952284401312884 -0.9224064139675519 0.38622064129327016 0.0001539822599817948 -7.046499435930352 0.000175979154180369 2.159916401943817e-05 0.9999999842824064 -0.08158769020092604
1.0 0.0 0.0 0.0 0.0 1.0 0.0 0.0 0.0 0.0 1.0 0.0
0.32311666973728154 -0.9463591269950038 -0.00014314727916572826 0.9563988297220067 0.9463591371228389 0.3231166599908697 8.729525243759024e-05 1.7941624205374573 -3.635938815662828e-05 -0.00016367528684418703 0.9999999859441976 0.22301212153462446
0.3862469649529084 0.922395369811989 -0.00025261447050488523 -2.095101177791726 -0.9223953859838654 0.38624699748641733 9.406594864990292e-05 -7.046759020128169 0.00018433757624577497 0.0001966777348550209 0.9999999636687625 -0.08425903045654959
1.0 0.0 0.0 0.0 0.0 1.0 0.0 0.0 0.0 0.0 1.0 0.0
0.3230912735889232 -0.9463677987182936 -0.00013594035214004648 0.9558746913802416 0.9463678007337877 0.32309124922944726 0.00017437215540157567 1.7929295265591279 -0.00012109905467153225 -0.00018498769385288794 0.9999999755572857 0.22154577568997447
0.38627323346431813 0.9223843507359489 -0.0003140484723049484 -2.095796571821337 -0.9223843262741045 0.3862733183949594 0.00027953535271738473 -7.048536164895763 0.00037914758035807354 0.00018169636398267561 0.999999911616768 -0.08672869723513577
1.0 0.0 0.0 0.0 0.0 1.0 0.0 0.0 0.0 0.0 1.0 0.0
0.3230740795902281 -0.9463736644102736 -0.00016250414719925875 0.9553533587496261 0.946373668598675 0.3230740468286564 0.0001991201664374049 1.7936979917542626 -0.00013594120910724025 -0.000218120210447074 0.9999999669717802 0.2216276127690524
0.38622605283605344 0.9224041497580336 -0.00014359610281547766 -2.095410275783186 -0.9224041320125265 0.3862260750303408 0.000190296808226706 -7.046424049815947 0.00023099112477411161 5.895605346919371e-05 0.9999999715836414 -0.08243924785113332
