1.0 0.0 0.0 0.0 0.0 1.0 0.0 0.0 0.0 0.0 1.0 0.0
0.3231147342655257 -0.9463597917390505 -0.00011436843428036522 0.9562440934195049 0.9463597969706701 0.3231147241335389 9.861915592465093e-05 1.7940112182619785 -5.6375078770186406e-05 -0.00014009899060548491 0.9999999885970615 0.22347355277561654
0.38626380717617015 0.9223883364618525 -0.00016740641348982004 -2.095450397447415 -0.922388337306669 0.38626382681709115 0.00010626973128186061 -7.0475750285742 0.00016268500256165724 0.00011336557240081317 0.9999999803409182 -0.08225087377381168
1.0 0.0 0.0 0.0 0.0 1.0 0.0 0.0 0.0 0.0 1.0 0.0
0.32310259829382865 -0.9463639277697545 -0.00016489990793500388 0.9561189261039207 0.9463639292962333 0.32310256030177703 0.00022102812133001826 1.7936188107159392 -0.00015589345860212326 -0.00022747008511169128 0.9999999619772943 0.22096700908617717
0.38619093333691745 0.9224188237313221 -0.0002768293429822343 -2.0949106807330367 -0.9224188016769869 0.386191000760876 0.0002554292552964139 -7.0469930514962815 0.00034252175422336024 0.0001567081283182091 0.9999999290607026 -0.0850844364252199
1.0 0.0 0.0 0.0 0.0 1.0 0.0 0.0 0.0 0.0 1.0 0.0
0.3230575450889137 -0.9463793198194119 -7.469452409920738e-05 0.9548953631418975 0.9463793204545015 0.3230575377755703 9.540682439431628e-05 1.792756838640198 -6.616041653561205e-05 -0.00010151124743223262 0.9999999926591328 0.22441705175920745
0.38627320621540273 0.922384397165132 -0.0001844624321115565 -2.095869453912769 -0.9223843849725866 0.38627323720522794 0.00018049303786906554 -7.047716922646476 0.00023773686272184316 0.00010042564255652908 0.9999999666979367 -0.08309293283906927
1.0 0.0 0.0 0.0 0.0 1.0 0.0 0.0 0.0 0.0 1.0 0.0
0.3230806501068906 -0.94637143059721 -9.421199058582285e-05 0.9555378467105591 0.9463714284335046 0.32308063418591837 0.00015250820582990839 1.7935052401672085 -0.00011389133926268199 -0.0001384319863924269 0.9999999839326738 0.22259495061541934
0.38623288847442366 0.9224012810870205 -0.00018030453838674862 -2.095331094468783 -0.9224012618868184 0.38623292090997285 0.00020706268578159066 -7.04727847371103 0.0002606344351446915 8.633871450716437e-05 0.9999999623076582 -0.08380951578648599
1.0 0.0 0.0 0.0 0.0 1.0 0.0 0.0 0.0 0.0 1.0 0.0
0.3230710241825327 -0.9463747191300529 -6.57659715739187e-05 0.9553350561013403 0.9463747205899489 0.32307102021865863 6.421192641911648e-05 1.7926874197125962 -3.952146429763716e-05 -8.298426580555015e-05 0.9999999957758329 0.22529077771711847
0.38629336524571734 0.9223759557963653 -0.00017926483342662496 -2.096166668815302 -0.9223759411886159 0.3862933957535401 0.0001884505631565917 -7.048674717239429 0.00024307108955549093 9.255236722969184e-05 0.9999999661752518 -0.08304583495833939
1.0 0.0 0.0 0.0 0.0 1.0 0.0 0.0 0.0 0.0 1.0 0.0
0.3230412675843731 -0.9463848778934899 -4.829084993966905e-05 0.9545404133081679 0.9463848732320618 0.3230412594575063 0.00012808451693798037 1.7929021009114798 -0.00010561731293766457 -8.707831460801055e-05 0.9999999906311753 0.22324216402136654
0.3862776376203122 0.9223825385477924 -0.00019813278567012212 -2.0958443101299142 -0.9223825071417612 0.3862776792472837 0.00025501806247914906 -7.048658520878888 0.00031175848047647364 8.424644086846151e-05 0.9999999478545923 -0.08505960042465954
1.0 0.0 0.0 0.0 0.0 1.0 0.0 0.0 0.0 0.0 1.0 0.0
0.32311175397484854 -0.9463608047491162 -0.00014723417306688783 0.9562795110309263 0.9463608115135377 0.32311173297630286 0.00014981484557917562 1.793792084056136 -9.420580901266657e-05 -0.00018774358903265537 0.9999999779388049 0.2221139439950086
0.38623754205695937 0.9223993154944495 -0.00025274724505753074 -2.0951843753563537 -0.9223993060373196 0.38623759381396366 0.0002033388102892279 -7.047111479773144 0.00028518006719835447 0.00015459680115301858 0.999999947386078 -0.08472259781060387
1.0 0.0 0.0 0.0 0.0 1.0 0.0 0.0 0.0 0.0 1.0 0.0
0.32314927809935917 -0.9463480036765808 1.1012102327946251e-06 0.9573993621319801 0.9463479858713806 0.3231492722447135 0.00019361015648672946 1.7940360414837144 -0.000183578440368046 -6.152285421557024e-05 0.9999999812569471 0.22262293655741439
0.38616366528120866 0.922430280567152 -3.3307467030529746e-05 -2.0942431879695267 -0.92243025790573 0.386163663400173 0.0002106402738841695 -7.046086276524848 0.00020716310042482013 -5.061780481580187e-05 0.9999999772606435 -0.08179468830570125
1.0 0.0 0.0 0.0 0.0 1.0 0.0 0.0 0.0 0.0 1.0 0.0
0.323199882574946 -0.946330689405481 -0.00024938501948370845 0.9585648121139254 0.9463307051372273 0.32319991564170636 -0.00010508887530020853 1.795342055398125 0.00018005004507112406 -0.00020203598918172483 0.9999999633817197 0.22437454719329375
0.3861926487051952 0.9224180233449227 -0.0004778017479515546 -2.0938942704036663 -0.9224181398046681 0.38619252872924104 -0.0003257499182396111 -7.0451770202231705 -0.0001159541304146758 0.0005665352232813502 0.9999998327962262 -0.08547566121179373
1.0 0.0 0.0 0.0 0.0 1.0 0.0 0.0 0.0 0.0 1.0 0.0
0.3231285744774657 -0.9463550652076723 -0.00012211446407358578 0.9567821295549184 0.9463550648712101 0.32312855198007795 0.00017345853976821553 1.7937592409202665 -0.00012469469776111655 -0.00017161305225628378 0.9999999775000962 0.22198440877482217
0.38622726760740334 0.9224036218468089 -0.000236981872745142 -2.095119064721505 -0.9224036091284089 0.38622731538311555 0.00020668535693934954 -7.047249457034976 0.00028217619432815283 0.00013876541405307736 0.9999999505603764 -0.08437296680306283
1.0 0.0 0.0 0.0 0.0 1.0 0.0 0.0 0.0 0.0 1.0 0.0
0.3230886812042239 -0.9463686877459785 -0.00010455462724726598 0.955656676059915 0.946368687354359 0.32308866451416085 0.00014985874581421486 1.7936768921138864 -0.00010804120973735387 -0.0001473648898968485 0.9999999833053431 0.22247364988406038
0.3862242059740908 0.9224049136733447 -0.0001948100425022399 -2.095157014305535 -0.9224048968130757 0.386224241855074 0.00020331928877246504 -7.047009316846446 0.0002627830719794751 0.0001011669062870693 0.9999999603551565 -0.08405814944554169
1.0 0.0 0.0 0.0 0.0 1.0 0.0 0.0 0.0 0.0 1.0 0.0
0.32307369682559833 -0.9463737898510611 -0.00019053183730393126 0.955454295227165 0.9463737987853401 0.32307365715571545 0.00021219009279621853 1.7934695595222596 -0.00013925532480601986 -0.0002488673763683095 0.9999999593364912 0.2209869387294917
0.3862346111225239 0.9224005398124983 -0.0002632957353580836 -2.095403596342029 -0.9224005146976972 0.386234674378179 0.00025844420256881153 -7.047263047989799 0.0003400830145720686 0.00014304402573597322 0.9999999319409727 -0.08499291097803852
1.0 0.0 0.0 0.0 0.0 1.0 0.0 0.0 0.0 0.0 1.0 0.0
0.32309366342262735 -0.9463669861120498 -0.00011069480934256156 0.9557827405727704 0.9463669872646906 0.3230936469917875 0.0001438370558142622 1.7939235655642989 -0.00010035785134846205 -0.0001512307545222759 0.9999999835287802 0.22242634995629507
0.38620895300224767 0.9224112968809485 -0.00020977920574821873 -2.0949043347938083 -0.9224112854783195 0.3862089911327145 0.000188654404328931 -7.046179895083519 0.0002550355691718748 0.00012064268686572527 0.9999999602010993 -0.08434903179806774
1.0 0.0 0.0 0.0 0.0 1.0 0.0 0.0 0.0 0.0 1.0 0.0
0.3230806501068906 -0.94637143059721 -9.421199058582285e-05 0.9555378467105591 0.9463714284335046 0.32308063418591837 0.00015250820582990839 1.7935052401672085 -0.00011389133926268199 -0.0001384319863924269 0.9999999839326738 0.22259495061541934
0.38623288847442366 0.9224012810870205 -0.00018030453838674862 -2.095331094468783 -0.9224012618868184 0.38623292090997285 0.00020706268578159066 -7.04727847371103 0.0002606344351446915 8.633871450716437e-05 0.9999999623076582 -0.08380951578648599
1.0 0.0 0.0 0.0 0.0 1.0 0.0 0.0 0.0 0.0 1.0 0.0
0.3230613110212118 -0.9463780191875557 -0.0001847157149892771 0.9550770118141312 0.9463780215890251 0.32306126406595886 0.00024477203305818383 1.792930303730591 -0.00017197237942083465 -0.00025388726680906204 0.9999999529833772 0.22073332132085388
0.3863103068330163 0.9223688293665534 -0.00029907783988696555 -2.0960799506435315 -0.9223687657756583 0.3863103994306264 0.00036771352819057253 -7.0484068913297655 0.0004547043763269612 0.00013380853214545332 0.9999998876695974 -0.08567879897412412
1.0 0.0 0.0 0.0 0.0 1.0 0.0 0.0 0.0 0.0 1.0 0.0
0.3231103917157703 -0.9463612608577551 -0.00019675619668882451 0.9562569165892381 0.9463612679941837 0.32311034530661426 0.00023493888709089493 1.7938384164829522 -0.00015876309875851146 -0.0002621136396213565 0.9999999530453579 0.22063307323221049
0.3862666660655389 0.9223871082849597 -0.00029181556251232536 -2.095425688652581 -0.9223870895803308 0.3862667382192021 0.0002528260745900502 -7.047594684334996 0.0003459221573334041 0.0001715086224736648 0.999999925461324 -0.08527499406400385
1.0 0.0 0.0 0.0 0.0 1.0 0.0 0.0 0.0 0.0 1.0 0.0
0.3232073497478799 -0.9463281475305453 -0.00021508221436271252 0.9584863196890083 0.9463281640751242 0.32320730933971964 0.00020265138698830594 1.7947148287588703 -0.00012225856785213275 -0.00026903677475427934 0.9999999563360272 0.22088788081061483
0.3862223659562896 0.9224056384922698 -0.0003494464119923799 -2.0946652906404246 -0.9224056680442443 0.38622242967977616 0.00013554372980702464 -7.046880875591446 0.00025999034291883486 0.00026998133108288775 0.9999999297575488 -0.08545074278191023
1.0 0.0 0.0 0.0 0.0 1.0 0.0 0.0 0.0 0.0 1.0 0.0
0.32312702176628777 -0.946355588336865 -0.00016801201038346806 0.9565963415832073 0.9463556032296209 0.32312701547503553 6.407883185470328e-05 1.7942967268629086 -6.352141140690412e-06 -0.00017970470953175698 0.9999999838329339 0.22278266541489555
0.3862548305607222 0.922392068949474 -0.0002775024617624771 -2.0951662404502063 -0.922392089020535 0.3862548692222671 0.0001005704873800055 -7.047327915510599 0.00019995209700662342 0.00021712023885106434 0.9999999564389794 -0.08466848102242253
1.0 0.0 0.0 0.0 0.0 1.0 0.0 0.0 0.0 0.0 1.0 0.0
0.3231036076874303 -0.9463635880290477 -0.00013398564639811804 0.9561474174060063 0.9463635919394168 0.3231035871790454 0.000154284011507507 1.7936029966047276 -0.00010271752772401451 -0.0001766488583202128 0.999999979122145 0.22228205610086027
0.3862454224202524 0.9223960205410514 -0.00023441295282955406 -2.095354057057879 -0.9223960066550151 0.3862454698631216 0.00020956406709344563 -7.047366438727199 0.00028384200264306683 0.0001352784099795807 0.9999999505667335 -0.08437828936405456
1.0 0.0 0.0 0.0 0.0 1.0 0.0 0.0 0.0 0.0 1.0 0.0
0.3231316008914663 -0.9463540179911536 -0.00020282336498231472 0.9569896884162645 0.9463540292374205 0.3231315579804505 0.00021813579647872835 1.793097013562484 -0.0001408950575437782 -0.0002624292778024163 0.9999999556397273 0.22078775760067193
0.3862673235854624 0.9223868085376594 -0.0003607850241496953 -2.0957857301638985 -0.9223867324056029 0.38626745320276934 0.00041289025247268996 -7.048474562708309 0.0005202040346866052 0.0001732973067691635 0.9999998496778915 -0.08822786997628707
