1.0 0.0 0.0 0.0 0.0 1.0 0.0 0.0 0.0 0.0 1.0 0.0
0.32320310329957114 -0.9463295984736719 -0.0002122973992718982 0.9505755912943603 0.946329621407413 0.3232031045377066 2.9395423528643396e-05 1.7878045629676815 4.079741918516788e-05 -0.0002104040095860238 0.9999999770328614 0.2032636000732898
0.38620412673250637 0.9223735934476 -0.008563095546813029 -2.104831509394501 -0.9224008671621409 0.3862305416951052 0.0016152152910391747 -7.053388260837242 0.004797160963819852 0.007274803947011829 0.999962031516307 -0.07581088840742094
1.0 0.0 0.0 0.0 0.0 1.0 0.0 0.0 0.0 0.0 1.0 0.0
0.3231666636833883 -0.9463420315725979 -0.00025838497682033015 0.9513843825245232 0.9463420652236495 0.3231666670745257 2.9667832457976828e-05 1.7879524751224707 5.5425494940503084e-05 -0.0002541082270210854 0.9999999661785112 0.20558431104273556
0.3862197602200639 0.9223800862885595 -0.007019489573049455 -2.1034277016497516 -0.9223981249166298 0.38623794264200384 0.001396715417495874 -7.052499009855803 0.003999495698402026 0.0059353249264117326 0.9999743876480919 -0.0788934498926252
1.0 0.0 0.0 0.0 0.0 1.0 0.0 0.0 0.0 0.0 1.0 0.0
0.32310526205819967 -0.9463623682560277 0.0011214183628183922 0.9506227293245852 0.9463629965905712 0.32310535015946873 -0.00010668852572180456 1.787074074436441 -0.00026137026692588106 0.001095740466330472 0.9999993655190057 0.1984769435688264
0.38623752008027834 0.922377125677993 -0.006404381956172736 -2.1033813673698596 -0.9223915357813501 0.3862535308820444 0.0014368716280154152 -7.0533694150118595 0.003799052665906095 0.005352373974006154 0.9999784594138436 -0.0825714004382025
1.0 0.0 0.0 0.0 0.0 1.0 0.0 0.0 0.0 0.0 1.0 0.0
0.3231605394717534 -0.946344136080271 0.00020453559830997407 0.9506999031214737 0.9463441558427966 0.32316054632634805 4.905587322544095e-07 1.7874873837529177 -6.656207307273454e-05 0.0001934025388979077 0.999999979082474 0.20207277911555271
0.38620236474197756 0.9223815641601975 -0.007744905751025648 -2.103839389565304 -0.9224034873723382 0.3862245536905784 0.0015493901581211623 -7.053314576141885 0.004420401684607687 0.0065455499311418 0.9999688074260344 -0.07805488996148738
1.0 0.0 0.0 0.0 0.0 1.0 0.0 0.0 0.0 0.0 1.0 0.0
0.3231939487623542 -0.9463326406620693 -0.00045243889231931695 0.9517144472948214 0.9463327441125161 0.3231939578901858 5.480650213592956e-05 1.7878588029030869 9.436033442042357e-05 -0.0004458708683549306 0.9999998961476426 0.20650813436909346
0.38619893019045026 0.9223870870956499 -0.007242090786077821 -2.1032607968404116 -0.9224064422405209 0.3862180541167535 0.0014035624150498496 -7.052505246617994 0.004091654058710615 0.006138096893221125 0.9999727906966236 -0.07820425130539294
1.0 0.0 0.0 0.0 0.0 1.0 0.0 0.0 0.0 0.0 1.0 0.0
0.32314780815664446 -0.9463481369789947 -0.000835296320107648 0.9495716769093867 0.9463485036533776 0.3231477384683532 0.00022080715987545725 1.7893889550943611 6.096367241398282e-05 -0.0008618347723800684 0.9999996267620582 0.203000124519346
0.38626677403021525 0.9223595423847735 -0.007131188683669843 -2.104973482024958 -0.9223785775997624 0.38628490956343464 0.0013146210891693706 -7.0506932662732344 0.003967223881966828 0.006069861227453372 0.9999737086140564 -0.0766294890628784
1.0 0.0 0.0 0.0 0.0 1.0 0.0 0.0 0.0 0.0 1.0 0.0
0.3231347879726352 -0.9463524656006636 -0.0009589856228583471 0.9496731584606466 0.9463529492668425 0.32313469082839963 0.0002588381404054696 1.7893484427270983 6.492941038699351e-05 -0.0009911784801156232 0.9999995066745744 0.2037605783346876
0.38624888692852544 0.9223635022132254 -0.007574109282864288 -2.105015089689063 -0.9223850151322753 0.38626928466412225 0.0013869334877802406 -7.050893036969429 0.004204902603785664 0.006450543389589265 0.9999703542025992 -0.07536907328887124
1.0 0.0 0.0 0.0 0.0 1.0 0.0 0.0 0.0 0.0 1.0 0.0
0.32313843828388056 -0.9463512789020669 -0.0008981224175816485 0.949337793017313 0.946351703889632 0.3231383399119686 0.00025656213213501035 1.7896347223439366 4.741988519127438e-05 -0.0009328447668807555 0.9999995637759026 0.2026325112033071
0.3862522467236388 0.9223604179951637 -0.007775681110251897 -2.105351141147975 -0.9223831423837215 0.3862736659744601 0.0014119564381196513 -7.050737184558879 0.004305873578360361 0.006626785830148268 0.9999687720935532 -0.07484260089932952
1.0 0.0 0.0 0.0 0.0 1.0 0.0 0.0 0.0 0.0 1.0 0.0
0.32317854932531 -0.9463379577380031 -0.000308221111121937 0.950659064931862 0.9463380072776574 0.3231785440689785 6.808235749104083e-05 1.7878595682907896 3.518153079762332e-05 -0.00031368410962863413 0.9999999501822684 0.2038443953166541
0.3862208560239976 0.9223724011615135 -0.007912265644830415 -2.1044907619973348 -0.9223954830113255 0.3862437148361145 0.001538073438533177 -7.05318478129703 0.00447473936609206 0.0067042020511192055 0.9999675146635831 -0.07731074146548131
1.0 0.0 0.0 0.0 0.0 1.0 0.0 0.0 0.0 0.0 1.0 0.0
0.3231688202357721 -0.9463413285580724 5.907927985901792e-05 0.9512819919972242 0.946341330401408 0.3231688195246115 -2.1474690695918128e-05 1.7879581182279454 1.2298061931592663e-06 6.284911475812338e-05 0.9999999980242382 0.20368038599845498
0.38624219004980487 0.9223753689324292 -0.006375689162376653 -2.1034963911605717 -0.9223899204972722 0.3862576724800778 0.0013583134059621444 -7.052452041411308 0.0037155336852662587 0.005356233474907092 0.9999787525604711 -0.08105965964638348
1.0 0.0 0.0 0.0 0.0 1.0 0.0 0.0 0.0 0.0 1.0 0.0
0.32309716841674896 -0.9463651245989632 -0.0011272550144072026 0.9480257006328757 0.9463657959415263 0.3230969464377301 0.0003787803802109356 1.7902633088262483 5.748111297609881e-06 -0.0011891784572364839 0.999999292910528 0.2005234990310611
0.38629492563802326 0.9223468618515421 -0.007245471615153012 -2.106377399401412 -0.9223666718159873 0.3863134010040805 0.0012957344478298776 -7.0500234510398805 0.003994139383277119 0.006182445897234822 0.9999729117397704 -0.07560794789311572
1.0 0.0 0.0 0.0 0.0 1.0 0.0 0.0 0.0 0.0 1.0 0.0
0.32317660056968456 -0.9463385801876375 -0.00042011030618960125 0.9499507976757241 0.9463386726865742 0.3231765861578433 0.00010362034076759097 1.7887550756565676 3.770988840348655e-05 -0.00043105429902057235 0.9999999063850734 0.2023107000187025
0.38621249931310575 0.9223723216305202 -0.008318994184900204 -2.1051023662796844 -0.9223981476160126 0.38623730032517956 0.0015508423728356271 -7.052150789122574 0.004643559935312103 0.007074470117326814 0.9999641939708073 -0.07484311764782205
1.0 0.0 0.0 0.0 0.0 1.0 0.0 0.0 0.0 0.0 1.0 0.0
0.3231454519183925 -0.9463492853987431 -0.00021663274427657128 0.9495536134339279 0.9463493095817435 0.3231454350090628 0.00010994071529178317 1.788874147627513 -3.4038434966160436e-05 -0.00024053709010610214 0.9999999704916461 0.20072699527737264
0.3862546705227764 0.9223591602772874 -0.007804418743164888 -2.1051868728056617 -0.9223817169506707 0.38627676010088197 0.0014942694197015787 -7.052004502724637 0.004392918673764306 0.006621484617743329 0.9999684286051148 -0.07640290203338664
1.0 0.0 0.0 0.0 0.0 1.0 0.0 0.0 0.0 0.0 1.0 0.0
0.3231314360268669 -0.9463538617119821 -0.0006659384605488394 0.9493829254364236 0.9463540960130525 0.3231313536079685 0.00023081334556884368 1.789319559301644 -3.245504736987259e-06 -0.0007047966376408504 0.9999997516255523 0.2016419203744927
0.3862653141893647 0.9223593462654545 -0.007234874632957312 -2.105045231557384 -0.9223789017491258 0.3862840379377739 0.0013429976040756136 -7.050683839296467 0.0040334429793235736 0.006154542326745949 0.9999729261067426 -0.07628867152939567
1.0 0.0 0.0 0.0 0.0 1.0 0.0 0.0 0.0 0.0 1.0 0.0
0.323225049883466 -0.9463221007206529 -0.00022094225685653917 0.9519987838114958 0.9463221191070083 0.32322506775378 -4.964257383253227e-05 1.7872617254279417 0.0001183919406964884 -0.00019303682130537847 0.9999999743600667 0.2067071667492817
0.38617216111499275 0.922393100217232 -0.007875954000590485 -2.1031941795125664 -0.9224159355250925 0.38619486381462553 0.0015391726907608438 -7.053313789687417 0.004461375252668889 0.006670519833286968 0.9999677996295724 -0.07729731889031338
