1.0 0.0 0.0 0.0 0.0 1.0 0.0 0.0 0.0 0.0 1.0 0.0
0.3230881185288213 -0.9463688781488977 -0.0001188978678907169 0.955741225884875 0.9463688784175494 0.3230880980229035 0.0001639471006663705 1.7929935830635486 -0.00011673994773761057 -0.00016549060217453326 0.9999999794923224 0.2222307562939081
0.38627176698985594 0.9223849778600225 -0.0002732118215088477 -2.0958076207542824 -0.9223849450076108 0.3862718374406389 0.00028429480992737483 -7.048375056606911 0.000367763294265294 0.00014219141238118967 0.9999999222658781 -0.08595411495466498
1.0 0.0 0.0 0.0 0.0 1.0 0.0 0.0 0.0 0.0 1.0 0.0
0.32310269202159275 -0.946363903643433 -0.00011085649498497591 0.956053716683881 0.9463639051964982 0.3231026761497693 0.00014002174905204255 1.7936100469263359 -9.669349882964273e-05 -0.00015015198957066449 0.9999999840523734 0.22295853299609414
0.3862468204462764 0.9223954507177929 -0.00016183405876674388 -2.0954627650523125 -0.9223954399609309 0.3862468448632002 0.00016484084561585926 -7.047355464587408 0.0002145563406786045 8.560574533799975e-05 0.9999999733186162 -0.08243247372951101
1.0 0.0 0.0 0.0 0.0 1.0 0.0 0.0 0.0 0.0 1.0 0.0
0.3231036076874303 -0.9463635880290477 -0.00013398564639811804 0.9561474174060063 0.9463635919394168 0.3231035871790454 0.000154284011507507 1.7936029966047276 -0.00010271752772401451 -0.0001766488583202128 0.999999979122145 0.22228205610086027
0.3862454224202524 0.9223960205410514 -0.00023441295282955406 -2.095354057057879 -0.9223960066550151 0.3862454698631216 0.00020956406709344563 -7.047366438727199 0.00028384200264306683 0.0001352784099795807 0.9999999505667335 -0.08437828936405456
1.0 0.0 0.0 0.0 0.0 1.0 0.0 0.0 0.0 0.0 1.0 0.0
0.32304597682295594 -0.9463832706588527 -4.330767683960265e-05 0.9545675277211618 0.9463832581666038 0.32304596415768116 0.00018358485250808416 1.7927122433232086 -0.00015975126293996914 -0.00010029200831947871 0.9999999822105234 0.222369510447314
0.3862507679047418 0.9223937916997637 -0.0001932012677145948 -2.095726342991295 -0.9223937431713299 0.3862508115149215 0.00030522524112383147 -7.04824665149108 0.0003561620139231824 6.031415674471611e-05 0.9999999347554089 -0.08538237425501305
1.0 0.0 0.0 0.0 0.0 1.0 0.0 0.0 0.0 0.0 1.0 0.0
0.3230881185288213 -0.9463688781488977 -0.0001188978678907169 0.955741225884875 0.9463688784175494 0.3230880980229035 0.0001639471006663705 1.7929935830635486 -0.00011673994773761057 -0.00016549060217453326 0.9999999794923224 0.2222307562939081
0.38627176698985594 0.9223849778600225 -0.0002732118215088477 -2.0958076207542824 -0.9223849450076108 0.3862718374406389 0.00028429480992737483 -7.048375056606911 0.000367763294265294 0.00014219141238118967 0.9999999222658781 -0.08595411495466498
1.0 0.0 0.0 0.0 0.0 1.0 0.0 0.0 0.0 0.0 1.0 0.0
0.3231036076874303 -0.9463635880290477 -0.00013398564639811804 0.9561474174060063 0.9463635919394168 0.3231035871790454 0.000154284011507507 1.7936029966047276 -0.00010271752772401451 -0.0001766488583202128 0.999999979122145 0.22228205610086027
0.3862454224202524 0.9223960205410514 -0.00023441295282955406 -2.095354057057879 -0.9223960066550151 0.3862454698631216 0.00020956406709344563 -7.047366438727199 0.00028384200264306683 0.0001352784099795807 0.9999999505667335 -0.08437828936405456
1.0 0.0 0.0 0.0 0.0 1.0 0.0 0.0 0.0 0.0 1.0 0.0
0.3231115785120414 -0.946360866201494 -0.00013694457110814567 0.956274568833944 0.9463608742082992 0.3231115653063858 0.00011014972594562007 1.7939156371142726 -5.999301532683379e-05 -0.00016518963585496075 0.9999999845566111 0.2228472315358372
0.3862605487803162 0.9223896851041481 -0.0002393102602602129 -2.0953397051902822 -0.9223896888232214 0.3862605874892847 0.00014319579260500736 -7.047522253659794 0.00022451844376956127 0.00016542643105894568 0.9999999611127817 -0.08413920991614887
1.0 0.0 0.0 0.0 0.0 1.0 0.0 0.0 0.0 0.0 1.0 0.0
0.32302179331923114 -0.946391494548209 -0.00024512779392386175 0.9540766221883725 0.9463915157254059 0.3230217401680377 0.00023311323897602288 1.792571197505568 -0.00014143478007664912 -0.0003072875209385099 0.9999999427852896 0.21986719281666833
0.3862783558217266 0.9223821421493054 -0.0004644003901322205 -2.095840697486322 -0.9223821010318595 0.38627853540081775 0.0003908767734612819 -7.048314856481975 0.000539925658161479 0.00027736737018864394 0.9999998157737959 -0.08948952345234229
1.0 0.0 0.0 0.0 0.0 1.0 0.0 0.0 0.0 0.0 1.0 0.0
0.3230889397384736 -0.946368582373993 -0.00020812041872047852 0.9561785337689388 0.9463685939925556 0.32308889414678604 0.00022535208270447994 1.7937260494737401 -0.0001460247351102915 -0.0002697673935144754 0.9999999529511641 0.22074711626034005
0.3862362667280361 0.9223998455441732 -0.0002668409177968725 -2.09524368116643 -0.9223998226018637 0.3862363304711914 0.0002535511764401581 -7.047451851865092 0.00033693922289534955 0.0001482033554259911 0.9999999322538603 -0.08496467525993823
1.0 0.0 0.0 0.0 0.0 1.0 0.0 0.0 0.0 0.0 1.0 0.0
0.3230361385535464 -0.9463866261305598 -8.408108524180507e-05 0.9543803816153815 0.9463866248533451 0.3230361264239334 0.00013161957744978355 1.7928150870062076 -9.740177975339157e-05 -0.00012209109453342846 0.9999999878033288 0.2231084984129167
0.3862627187477643 0.9223887775501612 -0.0002348512383250139 -2.0957231197090707 -0.9223887502715178 0.3862627719332306 0.000253753825354791 -7.047635918243801 0.00032477397107505163 0.0001186084977441452 0.9999999402269439 -0.08541939281124544
1.0 0.0 0.0 0.0 0.0 1.0 0.0 0.0 0.0 0.0 1.0 0.0
0.3231210528929739 -0.9463576311122235 -0.000138610954232034 0.9567742107032284 0.9463576367062065 0.3231210334973225 0.0001454629358346325 1.7937891983723784 -9.287184458558314e-05 -0.00017817767205241647 0.9999999798137686 0.22239003903816268
0.3862291313625199 0.9224028412052845 -0.0002379566615847095 -2.0949898354630534 -0.9224028283932285 0.3862291795264992 0.00020749568706337254 -7.046677531008099 0.0002833004174518208 0.00013935101870478359 0.9999999501610825 -0.0846094505155961
1.0 0.0 0.0 0.0 0.0 1.0 0.0 0.0 0.0 0.0 1.0 0.0
0.3230523244269814 -0.946381101181272 -8.372124430999318e-05 0.95484462423188 0.9463811001176154 0.32305231265663475 0.00012894716494675937 1.7927313147061312 -9.498681836369029e-05 -0.0001208888846576349 0.9999999881816907 0.22325433198444156
0.3862675148308018 0.922386773769864 -0.0002157796539358465 -2.0958354058310515 -0.9223867310385853 0.3862675656056092 0.000293538871921206 -7.048342881070276 0.0003541050546804587 8.564775905528122e-05 0.9999999336370337 -0.08558695683891959
1.0 0.0 0.0 0.0 0.0 1.0 0.0 0.0 0.0 0.0 1.0 0.0
0.3231030297411963 -0.9463637748638922 -0.00019441559488289726 0.9561510048548243 0.946363784641424 0.3231029892928816 0.00021314118353587012 1.7935738478408503 -0.00013889283515815324 -0.00025285444032977324 0.9999999583867053 0.22094361579301658
0.38624836022575876 0.9223947735787885 -0.00029308266404218524 -2.095435285189561 -0.9223947501880321 0.3862484351820887 0.0002667300987163273 -7.04736252901142 0.0003592331693773856 0.00016731384743159955 0.9999999214788001 -0.08535155612101719
1.0 0.0 0.0 0.0 0.0 1.0 0.0 0.0 0.0 0.0 1.0 0.0
0.32308996633765624 -0.9463682340707638 -0.00019797403025935103 0.9557943562691236 0.9463682412422857 0.32308991926544234 0.00023672142439866954 1.7929516659530087 -0.00016006222292174258 -0.0002638386518685584 0.9999999523846242 0.22038037651712206
0.38627645864318577 0.922382979965587 -0.0003684669363043162 -2.0959224105787353 -0.922382925805066 0.3862765845715852 0.0003720147816355403 -7.048430735738982 0.0004854702525594242 0.0001961670583577061 0.9999998629185503 -0.08769907397214993
1.0 0.0 0.0 0.0 0.0 1.0 0.0 0.0 0.0 0.0 1.0 0.0
0.3231021634921408 -0.9463640864357888 -8.860729230685717e-05 0.9562961543484043 0.9463640885921837 0.3231021553214065 9.513015546666788e-05 1.7938497310488142 -6.139855554917861e-05 -0.00011459151847123353 0.9999999915495005 0.2232486221628619
0.3862352080246186 0.9224003111878417 -0.00017321302730571544 -2.095149463438803 -0.9224003042831089 0.3862352336018664 0.0001516012555781438 -7.047441015540288 0.00020673801938618752 0.0001012180066075154 0.999999973507153 -0.08362296068635877
1.0 0.0 0.0 0.0 0.0 1.0 0.0 0.0 0.0 0.0 1.0 0.0
0.3231173884297443 -0.9463588691749238 -0.0002098292195436586 0.9564058730633214 0.9463588837866038 0.32311734755524674 0.00020685027257643144 1.794024064945324 -0.00012795512918542564 -0.0002654106658640217 0.9999999565923308 0.2207557168533143
0.386221809371976 0.9224058821732537 -0.00032015249152127695 -2.095029390794412 -0.922405870533119 0.38622189045807637 0.0002476631347499556 -7.046169177501813 0.00035209583280104733 0.00019965763362717477 0.9999999180826736 -0.08587688776150104
1.0 0.0 0.0 0.0 0.0 1.0 0.0 0.0 0.0 0.0 1.0 0.0
0.3231030297411963 -0.9463637748638922 -0.00019441559488289726 0.9561510048548243 0.946363784641424 0.3231029892928816 0.00021314118353587012 1.7935738478408503 -0.00013889283515815324 -0.00025285444032977324 0.9999999583867053 0.22094361579301658
0.38624836022575876 0.9223947735787885 -0.00029308266404218524 -2.095435285189561 -0.9223947501880321 0.3862484351820887 0.0002667300987163273 -7.04736252901142 0.0003592331693773856 0.00016731384743159955 0.9999999214788001 -0.08535155612101719
1.0 0.0 0.0 0.0 0.0 1.0 0.0 0.0 0.0 0.0 1.0 0.0
0.3230656944355153 -0.9463765173219912 -0.0002110459582103808 0.9552996618776053 0.9463765239584617 0.3230656384958042 0.00026100497613609747 1.7929085593177252 -0.00017882728307819172 -0.0002840506941931615 0.9999999436680015 0.2199267011686621
0.3863172278920687 0.9223658921596768 -0.00040051750466635794 -2.096081062898053 -0.9223657832413389 0.38631739242269464 0.00048396004213727145 -7.04917344414769 0.0006011151140579257 0.00018246154000444426 0.9999998026841835 -0.08861339342550667
1.0 0.0 0.0 0.0 0.0 1.0 0.0 0.0 0.0 0.0 1.0 0.0
0.32312271499763584 -0.9463570668997048 -0.00011393657724900631 0.9567629369026776 0.9463570697963551 0.32312270028622914 0.00013040779187732882 1.7938547218602494 -8.659684091983168e-05 -0.0001499624051562547 0.999999985006132 0.22314961471518335
0.38622373294530293 0.9224051174477729 -0.0001655776419742662 -2.09499950412855 -0.9224051073398896 0.38622375803502107 0.00016334807172014188 -7.046465332541317 0.00021462311640975813 8.964076058918909e-05 0.9999999729507255 -0.08255212770875153
1.0 0.0 0.0 0.0 0.0 1.0 0.0 0.0 0.0 0.0 1.0 0.0
0.32313070354926215 -0.9463543387767719 -0.00011790732599570791 0.9569307444563186 0.9463543372212382 0.32313068091441105 0.00017741008628265783 1.7937248470384652 -0.00012979333036252828 -0.00016890875534344 0.9999999773117616 0.2218210395819381
0.38622613143016676 0.9224040967571163 -0.00024017946610651868 -2.0951476542715355 -0.9224040853426467 0.38622617967850525 0.00020365201223211402 -7.047322934112302 0.0002806130480272281 0.0001428867919097176 0.9999999504198399 -0.08428532973503478
