1.0 0.0 0.0 0.0 0.0 1.0 0.0 0.0 0.0 0.0 1.0 0.0
0.3231211117288192 -0.9463576000548917 -0.00019993368427785284 0.9567356933578726 0.9463576122923706 0.323121072539837 0.0002052729594852572 1.7936065868805198 -0.0001296588387939265 -0.00025553679094674907 0.9999999589447663 0.22111033038475258
0.3862430389639543 0.9223970023982057 -0.00029123648979038317 -2.0953038352454474 -0.922396977395967 0.3862431138551823 0.00027035205859711963 -7.047332041976947 0.0003618600171270552 0.00016421405718735949 0.9999999210455326 -0.08539493464227887
1.0 0.0 0.0 0.0 0.0 1.0 0.0 0.0 0.0 0.0 1.0 0.0
0.32310269202159275 -0.946363903643433 -0.00011085649498497591 0.956053716683881 0.9463639051964982 0.3231026761497693 0.00014002174905204255 1.7936100469263359 -9.669349882964273e-05 -0.00015015198957066449 0.9999999840523734 0.22295853299609414
0.3862468204462764 0.9223954507177929 -0.00016183405876674388 -2.0954627650523125 -0.9223954399609309 0.3862468448632002 0.00016484084561585926 -7.047355464587408 0.0002145563406786045 8.560574533799975e-05 0.9999999733186162 -0.08243247372951101
1.0 0.0 0.0 0.0 0.0 1.0 0.0 0.0 0.0 0.0 1.0 0.0
0.3230312894670011 -0.946388279636948 -0.00010095099684626585 0.9542875519016452 0.9463882849188544 0.32303128602586323 4.91612138403477e-05 1.7928792724703264 -1.3915266254372745e-05 -0.00011141945106479627 0.9999999936960355 0.2240256433802008
0.38631589889486145 0.922366493394175 -0.0002795081196106065 -2.0959109295369682 -0.9223664982046491 0.38631595189136436 0.00016823781624006068 -7.048961621871258 0.00026315536991036725 0.0001928159822961082 0.9999999467856228 -0.08574655136570097
1.0 0.0 0.0 0.0 0.0 1.0 0.0 0.0 0.0 0.0 1.0 0.0
0.32309366342262735 -0.9463669861120498 -0.00011069480934256156 0.9557827405727704 0.9463669872646906 0.3230936469917875 0.0001438370558142622 1.7939235655642989 -0.00010035785134846205 -0.0001512307545222759 0.9999999835287802 0.22242634995629507
0.38620895300224767 0.9224112968809485 -0.00020977920574821873 -2.0949043347938083 -0.9224112854783195 0.3862089911327145 0.000188654404328931 -7.046179895083519 0.0002550355691718748 0.00012064268686572527 0.9999999602010993 -0.08434903179806774
1.0 0.0 0.0 0.0 0.0 1.0 0.0 0.0 0.0 0.0 1.0 0.0
0.323049595946369 -0.9463820140985939 -0.00020481595817966483 0.9546778799494167 0.9463820269642881 0.32304955487107195 0.00021008704755263194 1.7924817462601688 -0.0001326568990784523 -0.0002617026774821475 0.999999956956927 0.2208151454458408
0.38630218351776974 0.9223722225563312 -0.00032567759785337295 -2.096206889985762 -0.9223721892905362 0.3863022780626263 0.0003072246892337955 -7.048705476447029 0.00040918551739747665 0.0001817143906533116 0.9999998997735413 -0.08632193308045855
1.0 0.0 0.0 0.0 0.0 1.0 0.0 0.0 0.0 0.0 1.0 0.0
0.32316141047390995 -0.9463438604363796 2.4390241737870412e-05 0.9576295813075779 0.9463438326547132 0.32316140705254076 0.00023534700122573716 1.7940113327088554 -0.00023060117452044447 -5.297351402131781e-05 0.9999999720084523 0.22136723312009843
0.38616613142604844 0.9224292407712991 -0.00012128282860683357 -2.094415123414242 -0.9224292154797858 0.38616614947289896 0.00021778572518304669 -7.0471226066302926 0.0002477272440516971 2.7773353469218074e-05 0.9999999689299262 -0.0837734085485271
1.0 0.0 0.0 0.0 0.0 1.0 0.0 0.0 0.0 0.0 1.0 0.0
0.3230648329444637 -0.9463768131512043 -0.0002030870164175939 0.955182709382111 0.946376823743919 0.32306478867128113 0.0002231617149440936 1.7928166358134447 -0.00014558480856531524 -0.0002642925476989279 0.9999999544772554 0.2206355622119699
0.3862882404811914 0.9223780454809636 -0.00036943289454520554 -2.095995265409238 -0.9223779930092529 0.3862883662657945 0.0003689172343891617 -7.048422528577127 0.00048298878687881173 0.0001982483824668299 0.9999998637096962 -0.08767175173925645
1.0 0.0 0.0 0.0 0.0 1.0 0.0 0.0 0.0 0.0 1.0 0.0
0.3231036076874303 -0.9463635880290477 -0.00013398564639811804 0.9561474174060063 0.9463635919394168 0.3231035871790454 0.000154284011507507 1.7936029966047276 -0.00010271752772401451 -0.0001766488583202128 0.999999979122145 0.22228205610086027
0.3862454224202524 0.9223960205410514 -0.00023441295282955406 -2.095354057057879 -0.9223960066550151 0.3862454698631216 0.00020956406709344563 -7.047366438727199 0.00028384200264306683 0.0001352784099795807 0.9999999505667335 -0.08437828936405456
1.0 0.0 0.0 0.0 0.0 1.0 0.0 0.0 0.0 0.0 1.0 0.0
0.32312948095476296 -0.9463547393534387 -0.00021410555928337308 0.9568840909433298 0.9463547558509134 0.32312944114550024 0.00020085655301489995 1.7938112481514583 -0.0001208977411584714 -0.00026752248800400344 0.9999999569077261 0.22092531469443788
0.38623397725880654 0.9224007904456656 -0.0003107990586499426 -2.095108013062962 -0.9224007710789577 0.38623405817925177 0.00026422590695443493 -7.047025364079741 0.00036376336713163485 0.00018462826841149731 0.9999999167943041 -0.0857650658811937
1.0 0.0 0.0 0.0 0.0 1.0 0.0 0.0 0.0 0.0 1.0 0.0
0.3230779341077665 -0.9463723605342043 -6.090629131779103e-05 0.9553650535867941 0.9463723562994687 0.32307792396030394 0.0001352098091598888 1.7934905723976673 -0.00010828134810694736 -0.00010132333624235084 0.9999999890043658 0.22344767148943123
0.38623423596558326 0.9224007306394059 -8.416633528796277e-05 -2.0954653808113264 -0.9224007173898552 0.3862342447664644 0.0001572525300606862 -7.047258801151099 0.00017755776956758322 1.6898777248055366e-05 0.9999999840938347 -0.08150154247411501
1.0 0.0 0.0 0.0 0.0 1.0 0.0 0.0 0.0 0.0 1.0 0.0
0.32311045914670106 -0.946361257802545 -3.0337983444999916e-05 0.9562932419501209 0.9463612470022227 0.32311045017609935 0.00016480108005239658 1.7939236355206365 -0.00014615883791725532 -8.195964448814371e-05 0.9999999859601053 0.2224007271821552
0.38620297840061457 0.9224138051360752 -0.0001776763379050531 -2.0949327502967794 -0.9224137998832644 0.38620300428904497 0.00014581849646907403 -7.0472008405622795 0.0002031241296772626 0.00010757556835409274 0.9999999735840422 -0.08353487663227921
1.0 0.0 0.0 0.0 0.0 1.0 0.0 0.0 0.0 0.0 1.0 0.0
0.3231023868375502 -0.9463640009837329 -0.00015894005017789406 0.9561114502302477 0.9463640143298304 0.3231023820700462 5.55174714856012e-05 1.7933936020442403 -1.1858276208130768e-06 -0.00016835297147231793 0.9999999858279353 0.22308437850317897
0.3863134598198942 0.9223674936863956 -0.00034256774401239634 -2.0958832449829288 -0.9223675212897344 0.38631352187658546 0.00013596006742471874 -7.049256812554063 0.00025774369830271096 0.00026345015687435496 0.9999999320810983 -0.08624172342172476
1.0 0.0 0.0 0.0 0.0 1.0 0.0 0.0 0.0 0.0 1.0 0.0
0.32312961235737614 -0.9463547111155487 -0.00011986316108338972 0.956817408404044 0.9463547148773025 0.3231295970644023 0.00013088351813115347 1.793920931769101 -8.513089904704012e-05 -0.00015572540810905342 0.9999999842511634 0.22304119673043699
0.38622958526298584 0.9224026691163733 -0.00015321414022753877 -2.0950857138787633 -0.9224026571293414 0.38622960803651835 0.0001673221101868928 -7.046963921744515 0.00021351419836430801 7.670038083285189e-05 0.9999999742643689 -0.08227952654289705
1.0 0.0 0.0 0.0 0.0 1.0 0.0 0.0 0.0 0.0 1.0 0.0
0.32306644470015944 -0.9463762763646784 -0.00012586867896243644 0.9551961749210403 0.9463762802260544 0.323066427320583 0.00014058381903768927 1.7928626924340172 -9.238124675405543e-05 -0.00016453704679231555 0.9999999821966324 0.22267739494886885
0.3862837073735456 0.9223799761955008 -0.00027736498729653554 -2.0959138289798123 -0.9223799489716701 0.38628377729365754 0.00027043439650334573 -7.048376163369941 0.00035658486719112345 0.00015137150154646175 0.9999999249669476 -0.08582645546949452
1.0 0.0 0.0 0.0 0.0 1.0 0.0 0.0 0.0 0.0 1.0 0.0
0.3230886812042239 -0.9463686877459785 -0.00010455462724726598 0.955656676059915 0.946368687354359 0.32308866451416085 0.00014985874581421486 1.7936768921138864 -0.00010804120973735387 -0.0001473648898968485 0.9999999833053431 0.22247364988406038
0.3862242059740908 0.9224049136733447 -0.0001948100425022399 -2.095157014305535 -0.9224048968130757 0.386224241855074 0.00020331928877246504 -7.047009316846446 0.0002627830719794751 0.0001011669062870693 0.9999999603551565 -0.08405814944554169
1.0 0.0 0.0 0.0 0.0 1.0 0.0 0.0 0.0 0.0 1.0 0.0
0.3230847792023129 -0.9463700171523872 -0.00012681791155469936 0.9558510965946745 0.9463700217040771 0.3230847627182382 0.00013460729510419213 1.7928168773102264 -8.641537331350811e-05 -0.00016350623792824425 0.9999999828990465 0.2227313169056635
0.386280625880392 0.9223812667017274 -0.0002773214176847661 -2.095933611379122 -0.9223812318989563 0.3862806988326 0.00029111846539194865 -7.048555338729495 0.0003756461298930147 0.00014334264785909943 0.9999999191714318 -0.08611818483654599
1.0 0.0 0.0 0.0 0.0 1.0 0.0 0.0 0.0 0.0 1.0 0.0
0.32306641160932603 -0.9463762855262134 -0.00014100879506018173 0.9551687213430764 0.9463762919413954 0.323066392774762 0.00014110548773739681 1.7928518210828521 -8.798368458267375e-05 -0.00017903382418188324 0.9999999801028804 0.22238709930673206
0.3862831368468018 0.9223802019498842 -0.0003181802712068782 -2.0957839120689474 -0.9223801811443435 0.38628322191013115 0.00027185079714130513 -7.048341447715552 0.00037365749347746403 0.0001884717975183189 0.9999999124292257 -0.08672358453203755
1.0 0.0 0.0 0.0 0.0 1.0 0.0 0.0 0.0 0.0 1.0 0.0
0.3231211117288192 -0.9463576000548917 -0.00019993368427785284 0.9567356933578726 0.9463576122923706 0.323121072539837 0.0002052729594852572 1.7936065868805198 -0.0001296588387939265 -0.00025553679094674907 0.9999999589447663 0.22111033038475258
0.3862430389639543 0.9223970023982057 -0.00029123648979038317 -2.0953038352454474 -0.922396977395967 0.3862431138551823 0.00027035205859711963 -7.047332041976947 0.0003618600171270552 0.00016421405718735949 0.9999999210455326 -0.08539493464227887
1.0 0.0 0.0 0.0 0.0 1.0 0.0 0.0 0.0 0.0 1.0 0.0
0.32314082304931085 -0.946350880387179 -0.00014024772986043907 0.9566290932076562 0.9463508903283804 0.3231408147712127 7.87634372640576e-05 1.7945970363531636 -2.9218082500285575e-05 -0.00015817524596366972 0.9999999870634475 0.22328091005061168
0.3862569952383035 0.922391187108425 -0.0001776912699445602 -2.095254513715769 -0.9223911904565221 0.38625701558977193 9.836605748464426e-05 -7.047326469079419 0.0001593664841595862 0.0001259062842204352 0.9999999793749653 -0.08243013618716599
1.0 0.0 0.0 0.0 0.0 1.0 0.0 0.0 0.0 0.0 1.0 0.0
0.32310269202159275 -0.946363903643433 -0.00011085649498497591 0.956053716683881 0.9463639051964982 0.3231026761497693 0.00014002174905204255 1.7936100469263359 -9.669349882964273e-05 -0.00015015198957066449 0.9999999840523734 0.22295853299609414
0.3862468204462764 0.9223954507177929 -0.00016183405876674388 -2.0954627650523125 -0.9223954399609309 0.3862468448632002 0.00016484084561585926 -7.047355464587408 0.0002145563406786045 8.560574533799975e-05 0.9999999733186162 -0.08243247372951101
