1.0 0.0 0.0 0.0 0.0 1.0 0.0 0.0 0.0 0.0 1.0 0.0
0.32306644470015944 -0.9463762763646784 -0.00012586867896243644 0.9551961749210403 0.9463762802260544 0.323066427320583 0.00014058381903768927 1.7928626924340172 -9.238124675405543e-05 -0.00016453704679231555 0.9999999821966324 0.22267739494886885
0.3862837073735456 0.9223799761955008 -0.00027736498729653554 -2.0959138289798123 -0.9223799489716701 0.38628377729365754 0.00027043439650334573 -7.048376163369941 0.00035658486719112345 0.00015137150154646175 0.9999999249669476 -0.08582645546949452
1.0 0.0 0.0 0.0 0.0 1.0 0.0 0.0 0.0 0.0 1.0 0.0
0.3231036076874303 -0.9463635880290477 -0.00013398564639811804 0.9561474174060063 0.9463635919394168 0.3231035871790454 0.000154284011507507 1.7936029966047276 -0.00010271752772401451 -0.0001766488583202128 0.999999979122145 0.22228205610086027
0.3862454224202524 0.9223960205410514 -0.00023441295282955406 -2.095354057057879 -0.9223960066550151 0.3862454698631216 0.00020956406709344563 -7.047366438727199 0.00028384200264306683 0.0001352784099795807 0.9999999505667335 -0.08437828936405456
1.0 0.0 0.0 0.0 0.0 1.0 0.0 0.0 0.0 0.0 1.0 0.0
0.32311154935973113 -0.946360874538506 -0.00014769247821330188 0.9563592753534476 0.9463608814381829 0.32311152841652274 0.00014929127529858955 1.793764907719611 -9.356227948144613e-05 -0.00018800811913136857 0.9999999779495233 0.22198747474694636
0.38623758014571136 0.9223992996340783 -0.00025242374520537657 -2.095228234093815 -0.9223992900396765 0.38623763185769616 0.0002036449330613493 -7.047167318147069 0.00028533749320258 0.00015418015721204985 0.9999999474054956 -0.08463203649823381
1.0 0.0 0.0 0.0 0.0 1.0 0.0 0.0 0.0 0.0 1.0 0.0
0.32313335640308294 -0.946353434730093 -0.00010273380363376523 0.9568877391597805 0.9463534333044648 0.32313333890272194 0.00015672405943089707 1.7940091332689505 -0.00011511963496098156 -0.00014786525913828465 0.9999999824416672 0.22264142453838554
0.38621186615572345 0.9224100849653245 -0.00017203132482507613 -2.0949142850670786 -0.9224100779173554 0.38621189150120266 0.0001517219909403238 -7.04641072273157 0.00020639043791255345 0.00010008659447819179 0.9999999736928301 -0.08247430157291702
1.0 0.0 0.0 0.0 0.0 1.0 0.0 0.0 0.0 0.0 1.0 0.0
0.32310397801127755 -0.9463634618088309 -0.0001324631768243114 0.9562293526934926 0.9463634654320561 0.32310395762690114 0.00015447091075911364 1.793577397072447 -0.00010338624918295792 -0.00017526847681487596 0.9999999792961219 0.22219017700510024
0.3862450390361496 0.9223961807597234 -0.00023566891777669592 -2.0953964578422326 -0.9223961671044405 0.38624508680696523 0.00020935261119704496 -7.04742100259919 0.0002841320106045939 0.00013651869897876245 0.9999999503158215 -0.08430635089519845
1.0 0.0 0.0 0.0 0.0 1.0 0.0 0.0 0.0 0.0 1.0 0.0
0.32307369682559833 -0.9463737898510611 -0.00019053183730393126 0.955454295227165 0.9463737987853401 0.32307365715571545 0.00021219009279621853 1.7934695595222596 -0.00013925532480601986 -0.0002488673763683095 0.9999999593364912 0.2209869387294917
0.3862346111225239 0.9224005398124983 -0.0002632957353580836 -2.095403596342029 -0.9224005146976972 0.386234674378179 0.00025844420256881153 -7.047263047989799 0.0003400830145720686 0.00014304402573597322 0.9999999319409727 -0.08499291097803852
1.0 0.0 0.0 0.0 0.0 1.0 0.0 0.0 0.0 0.0 1.0 0.0
0.32310269202159275 -0.946363903643433 -0.00011085649498497591 0.956053716683881 0.9463639051964982 0.3231026761497693 0.00014002174905204255 1.7936100469263359 -9.669349882964273e-05 -0.00015015198957066449 0.9999999840523734 0.22295853299609414
0.3862468204462764 0.9223954507177929 -0.00016183405876674388 -2.0954627650523125 -0.9223954399609309 0.3862468448632002 0.00016484084561585926 -7.047355464587408 0.0002145563406786045 8.560574533799975e-05 0.9999999733186162 -0.08243247372951101
1.0 0.0 0.0 0.0 0.0 1.0 0.0 0.0 0.0 0.0 1.0 0.0
0.32306250826315647 -0.9463776248360949 -8.34524425066695e-05 0.9551005549445151 0.946377628335832 0.3230625086642769 8.99939972357997e-06 1.7930129346405455 1.8443524895012234e-05 -8.188489326584494e-05 0.9999999964773502 0.22532822319269386
0.38630579388127634 0.9223707508376203 -0.0001778004540532414 -2.0959949290634263 -0.9223707562048267 0.38630581256905466 8.528480642614956e-05 -7.048381484512961 0.00014734955981651342 0.0001310519244061818 0.9999999805567498 -0.08230048440391902
1.0 0.0 0.0 0.0 0.0 1.0 0.0 0.0 0.0 0.0 1.0 0.0
0.323113759356901 -0.9463601313039883 -1.9812844517185763e-05 0.9561474743136014 0.9463601222995598 0.32311375321978986 0.00014629211546897725 1.794046518626045 -0.00013204322305003768 -6.601908135384131e-05 0.9999999891030341 0.2233502455825862
0.38621242407099937 0.9224098639613453 -7.97497008992359e-05 -2.09505837116709 -0.9224098587073487 0.3862124308598108 0.0001039655930651792 -7.047140352478438 0.00012669921440057274 3.340910662073187e-05 0.9999999914155703 -0.08128958518741691
1.0 0.0 0.0 0.0 0.0 1.0 0.0 0.0 0.0 0.0 1.0 0.0
0.3230820855725621 -0.946370943175545 -6.241083917907121e-05 0.9554768435194863 0.9463709392365198 0.3230820753985354 0.00013388339176377786 1.793705732796182 -0.00010653952828968708 -0.00010231912992700892 0.9999999890900624 0.2234292574051464
0.3862206318969228 0.9224064265672104 -8.788998920964533e-05 -2.0952284401312884 -0.9224064139675519 0.38622064129327016 0.0001539822599817948 -7.046499435930352 0.000175979154180369 2.159916401943817e-05 0.9999999842824064 -0.08158769020092604
1.0 0.0 0.0 0.0 0.0 1.0 0.0 0.0 0.0 0.0 1.0 0.0
0.3230806501068906 -0.94637143059721 -9.421199058582285e-05 0.9555378467105591 0.9463714284335046 0.32308063418591837 0.00015250820582990839 1.7935052401672085 -0.00011389133926268199 -0.0001384319863924269 0.9999999839326738 0.22259495061541934
0.38623288847442366 0.9224012810870205 -0.00018030453838674862 -2.095331094468783 -0.9224012618868184 0.38623292090997285 0.00020706268578159066 -7.04727847371103 0.0002606344351446915 8.633871450716437e-05 0.9999999623076582 -0.08380951578648599
1.0 0.0 0.0 0.0 0.0 1.0 0.0 0.0 0.0 0.0 1.0 0.0
0.32308406812436746 -0.9463702635728976 -9.565131276991877e-05 0.9556112019772574 0.9463702659716816 0.3230840583923405 0.00010439072726456263 1.7937892013802372 -6.788886575566808e-05 -0.000124248539145702 0.999999989976701 0.22322349333246183
0.38624832677814264 0.9223948160235421 -0.0001828496114931214 -2.0953351638579623 -0.922394813515257 0.38624835247735806 0.00013493954784832542 -7.047409433047801 0.00019509290060223199 0.00011653935872192296 0.9999999741786688 -0.08352060928839777
1.0 0.0 0.0 0.0 0.0 1.0 0.0 0.0 0.0 0.0 1.0 0.0
0.32310514753963593 -0.9463630706854771 -4.556472644025544e-05 0.9561104746118474 0.9463630569143552 0.32310513355431136 0.00019281744751771288 1.7936268511998108 -0.00016775311469276476 -0.00010542108362989853 0.9999999803726437 0.22213727887700152
0.38620030566028857 0.9224149279326788 -0.000156954931315216 -2.0949527477396934 -0.9224149017264476 0.38620033334053766 0.00022715775416912385 -7.047085065124092 0.00027014975023463285 5.70491734513888e-05 0.9999999618822513 -0.08379453904018153
1.0 0.0 0.0 0.0 0.0 1.0 0.0 0.0 0.0 0.0 1.0 0.0
0.3231210528929739 -0.9463576311122235 -0.000138610954232034 0.9567742107032284 0.9463576367062065 0.3231210334973225 0.0001454629358346325 1.7937891983723784 -9.287184458558314e-05 -0.00017817767205241647 0.9999999798137686 0.22239003903816268
0.3862291313625199 0.9224028412052845 -0.0002379566615847095 -2.0949898354630534 -0.9224028283932285 0.3862291795264992 0.00020749568706337254 -7.046677531008099 0.0002833004174518208 0.00013935101870478359 0.9999999501610825 -0.0846094505155961
1.0 0.0 0.0 0.0 0.0 1.0 0.0 0.0 0.0 0.0 1.0 0.0
0.32312731052981586 -0.9463554928065187 -0.00014974878495540805 0.9568272861998377 0.946355500544473 0.3231272903336651 0.00014432893656698482 1.7938405499841803 -8.819856277765229e-05 -0.00018835220744692032 0.9999999783722295 0.2222305679940274
0.3862313125042067 0.9224019246170966 -0.00025040757480130954 -2.09501085597112 -0.9224019125580836 0.3862313647711846 0.00021113071177592172 -7.047059180619341 0.00029146263425251795 0.00014943113399657864 0.9999999463599331 -0.0848249132642489
1.0 0.0 0.0 0.0 0.0 1.0 0.0 0.0 0.0 0.0 1.0 0.0
0.3231329209956094 -0.9463535733773398 -0.00017182777351418003 0.9568300933319218 0.9463535783075991 0.3231328847623161 0.00020882908151341524 1.7937835073931048 -0.00014210294337741548 -0.00023008937941604952 0.9999999634328146 0.22132432177635353
0.3862296301792136 0.9224026340341471 -0.0002312974162067269 -2.095315159112719 -0.9224026220799962 0.38622967561082067 0.00020114051478311887 -7.047202415352425 0.00027486646667807896 0.0001356629165506827 0.9999999530219982 -0.0833733749520329
1.0 0.0 0.0 0.0 0.0 1.0 0.0 0.0 0.0 0.0 1.0 0.0
0.3231327586527703 -0.9463536257029851 -0.00018816021060885757 0.9569352929470138 0.9463536326482677 0.32313271690485296 0.00022189888816313993 1.7938857269568516 -0.00014919409728521846 -0.00024976889870369765 0.9999999576783084 0.2208205932867342
0.3862223808889265 0.9224056473923508 -0.00030685368913056435 -2.0950396610511532 -0.9224056333692549 0.38622245722357373 0.00024711302403239134 -7.046602309095654 0.00034645223473578937 0.00018760299098372947 0.9999999223879802 -0.08538291397110864
1.0 0.0 0.0 0.0 0.0 1.0 0.0 0.0 0.0 0.0 1.0 0.0
0.32311949735172113 -0.9463581625197693 -0.00013661396875815914 0.9566767686242272 0.9463581674562236 0.3231194775773763 0.00014865739775850662 1.7936467611141147 -9.654050757279963e-05 -0.00017731984876425097 0.9999999796188007 0.22240072355087703
0.3862396375191276 0.9223984435327389 -0.00023189970721722425 -2.095209888453681 -0.9223984271062816 0.38623968526148755 0.00021725783001066358 -7.047334913828001 0.0002899671541749472 0.0001299903396720599 0.9999999495107793 -0.08447379841054681
1.0 0.0 0.0 0.0 0.0 1.0 0.0 0.0 0.0 0.0 1.0 0.0
0.3230859970415565 -0.946369601878301 -0.00012311120761490733 0.9558056904797105 0.9463696098315698 0.3230859928947985 5.2748695552692066e-05 1.7931457123431276 -1.0144255261081539e-05 -0.00013355107041170556 0.9999999910306029 0.22418243505491975
0.38630513847579906 0.9223710010898689 -0.00027628910059895726 -2.0958633368120623 -0.9223709815477398 0.3863052044997761 0.00024773987379944753 -7.048858542153152 0.0003352399929141862 0.00015913786265633404 0.9999999311446416 -0.0858771571703687
1.0 0.0 0.0 0.0 0.0 1.0 0.0 0.0 0.0 0.0 1.0 0.0
0.3230806501068906 -0.94637143059721 -9.421199058582285e-05 0.9555378467105591 0.9463714284335046 0.32308063418591837 0.00015250820582990839 1.7935052401672085 -0.00011389133926268199 -0.0001384319863924269 0.9999999839326738 0.22259495061541934
0.38623288847442366 0.9224012810870205 -0.00018030453838674862 -2.095331094468783 -0.9224012618868184 0.38623292090997285 0.00020706268578159066 -7.04727847371103 0.0002606344351446915 8.633871450716437e-05 0.9999999623076582 -0.08380951578648599
