1.0 0.0 0.0 0.0 0.0 1.0 0.0 0.0 0.0 0.0 1.0 0.0
-0.9299132492723017 0.3677787864453482 0.00033625677293271637 -0.6044364541052101 -0.3677789224998337 -0.9299130993059086 -0.0005402815388981547 0.7841897536184339 0.00011398548916567882 -0.0006260831149910919 0.9999997975136002 0.4877363454703555
0.4623269236525212 0.8867095316142287 0.00014903177962524646 0.6803461854465631 -0.886709130145903 0.4623268636804034 -0.0008886142788761699 0.5288907547065875 -0.0008568441462708616 0.00027868246619092 0.9999995940770133 0.21169123309481644
1.0 0.0 0.0 0.0 0.0 1.0 0.0 0.0 0.0 0.0 1.0 0.0
-0.9299208180547198 0.3677597189969728 0.0002474504158043145 -0.6044088269987977 -0.3677597432763257 -0.9299208394786931 -5.940180566883573e-05 0.7842298882278889 0.00020826370703340736 -0.00014624127711132027 0.9999999676198581 0.48777481552969104
0.4623265313830213 0.886709738493229 0.00013431535268772362 0.6803312210001486 -0.886709480850398 0.46232650417088755 -0.0007071853675079965 0.528913837610792 -0.0006891656997538407 0.00020785186135282836 0.9999997409240876 0.2115197851118528
1.0 0.0 0.0 0.0 0.0 1.0 0.0 0.0 0.0 0.0 1.0 0.0
-0.9299196210301585 0.3677627622547912 0.00022163450227218965 -0.604538617708922 -0.3677627561990339 -0.9299196472796754 6.89647249158375e-05 0.7843544656182218 0.00023146493591114835 -1.7377264566243618e-05 0.9999999730610065 0.48775124737115527
0.4623192277348291 0.8867135502273132 0.00010728441359235451 0.6802657658562197 -0.8867133663420207 0.46231920437534013 -0.0005993464380632758 0.528817728404734 -0.000581048252645092 0.00018195885885853612 0.9999998146369337 0.21169725185128815
1.0 0.0 0.0 0.0 0.0 1.0 0.0 0.0 0.0 0.0 1.0 0.0
-0.9299244866399333 0.3677504282972793 0.00026764645375320555 -0.6043550488044946 -0.36775048907904906 -0.9299244725374565 -0.00023056030494531915 0.7838484938507704 0.00016410233644098296 -0.0003128307874838207 0.999999937603659 0.48791594251836234
0.4623240764531609 0.8867110176698494 0.0001395515377100053 0.6804497884292093 -0.8867107267995122 0.4623240432038267 -0.0007523658335936082 0.5288228316180934 -0.000731649105115213 0.00022409499374224728 0.9999997072354675 0.21154379476128757
1.0 0.0 0.0 0.0 0.0 1.0 0.0 0.0 0.0 0.0 1.0 0.0
-0.929926337441916 0.36774566146794413 0.0003679719658329229 -0.6042501034994512 -0.36774584154436746 -0.9299260097367046 -0.0007825867328537687 0.7834864275012459 5.4393826152619954e-05 -0.0008630681744533262 0.9999996260772493 0.4880022092061331
0.4623172036529088 0.8867145924015849 0.00018662434401914792 0.6804287489553253 -0.8867139907062012 0.46231711861597313 -0.0010865176054714433 0.5285866187662718 -0.0010497106446632869 0.0003368333642330716 0.999999392325239 0.21163925893339325
1.0 0.0 0.0 0.0 0.0 1.0 0.0 0.0 0.0 0.0 1.0 0.0
-0.9299219060628936 0.36775690032954317 0.000332993035088264 -0.604286289260326 -0.36775703617539623 -0.9299217449998801 -0.0005572430941156281 0.7838212953201817 0.00010472747124007995 -0.0006406530918715121 0.9999997892978642 0.4879185473968818
0.462337048908058 0.8867042574727629 0.00011395904520076846 0.6803711678692093 -0.8867040229413505 0.4623370139075513 -0.0006791691057360448 0.5291609961278256 -0.000654909622265968 0.00021295709622544046 0.999999762871303 0.21175680954961693
1.0 0.0 0.0 0.0 0.0 1.0 0.0 0.0 0.0 0.0 1.0 0.0
-0.9299214420388122 0.3677580811627958 0.0003246165657337823 -0.6044018671240039 -0.367758205053632 -0.9299213173118948 -0.0004962102798189001 0.7838844272809964 0.00011938252406896787 -0.0005808169845085908 0.9999998241997063 0.48781576546008504
0.4623285290584075 0.8867086948783665 0.00014712509677456477 0.6804769563761681 -0.8867083418640447 0.4623284828631904 -0.0008309044093976897 0.5289176436491512 -0.0008047902872085871 0.00025369376277740844 0.9999996439759707 0.21162997127065247
1.0 0.0 0.0 0.0 0.0 1.0 0.0 0.0 0.0 0.0 1.0 0.0
-0.9299256331721039 0.3677475234767445 0.0002752202437198232 -0.6043987167661147 -0.3677476036371345 -0.9299255787147801 -0.0003436147943411652 0.7837975258095407 0.00012957085476624788 -0.0004207477902953817 0.9999999030913406 0.4881024233457819
0.4623259983471657 0.8867100157663291 0.00013853509390327395 0.6801360243766599 -0.8867096747075929 0.46232594842328617 -0.0008186540557746625 0.5287648445044475 -0.0007899571193818694 0.0002556446455864284 0.9999996553067231 0.21170037213175033
1.0 0.0 0.0 0.0 0.0 1.0 0.0 0.0 0.0 0.0 1.0 0.0
-0.9299198864944219 0.36776208107620534 0.00023753883900218863 -0.6044295550770045 -0.3677621020798476 -0.9299199071707067 -5.021389828945261e-05 0.7842828645847271 0.00020242532738047803 -0.00013405268535479967 0.9999999705269318 0.4878891700428628
0.4623211506439658 0.8867125481294839 0.00010323253870908442 0.6802991616383096 -0.8867123691417329 0.4623211262594021 -0.0005921362118107768 0.5288953172963078 -0.0005727811927770677 0.0001822195258110735 0.9999998193588586 0.21173161996386722
1.0 0.0 0.0 0.0 0.0 1.0 0.0 0.0 0.0 0.0 1.0 0.0
-0.9299198389333164 0.36776213946698977 0.00031926931537259773 -0.604378140419696 -0.36776225119985434 -0.929919752361019 -0.00042516024728670034 0.7839568011527955 0.00014053700052926333 -0.0005127801508382104 0.9999998586529242 0.48773228741426217
0.4623363865780686 0.8867045993172017 0.0001385483851536229 0.680490422119755 -0.8867042954687449 0.4623363484977393 -0.0007702305198663544 0.5290566233124436 -0.000747022898982218 0.00023325414714121044 0.9999996937745986 0.2116209165976422
1.0 0.0 0.0 0.0 0.0 1.0 0.0 0.0 0.0 0.0 1.0 0.0
-0.9299170846955753 0.3677691271972051 0.0002909843446196201 -0.6044769976422337 -0.3677692148296545 -0.9299170300123464 -0.000349165571590237 0.7841180711568025 0.00014217898001771262 -0.00043171011435774823 0.9999998967057521 0.48786784656298937
0.46231576545193453 0.8867153542820085 0.00011616851497891771 0.6805425973634769 -0.8867151016057053 0.4623157261577315 -0.0007056427088639204 0.5287426835402327 -0.0006794107559459321 0.0002232213725210785 0.999999744286589 0.21179001278469717
1.0 0.0 0.0 0.0 0.0 1.0 0.0 0.0 0.0 0.0 1.0 0.0
-0.9299203213565085 0.3677609767907355 0.0002447000861164141 -0.6044027683387068 -0.36776100264485534 -0.9299203407605898 -6.908950394710441e-05 0.7841897433886276 0.00020214316400794723 -0.0001542388827302981 0.9999999676742537 0.4878164696098903
0.46232357009317676 0.8867112859089697 0.00010944387444677962 0.680412243409986 -0.886711090317449 0.46232354445382917 -0.0006185076321577835 0.5288275944785368 -0.0005990361778081363 0.0001889055593897927 0.9999998027351544 0.21169531421939236
1.0 0.0 0.0 0.0 0.0 1.0 0.0 0.0 0.0 0.0 1.0 0.0
-0.9299139908644887 0.3677769954809683 0.00022625090337504575 -0.604483326666335 -0.3677769962507511 -0.9299140172361977 3.970404533551951e-05 0.7845607426793388 0.00022499612096274496 -4.628853039086492e-05 0.9999999736170585 0.4877641266283181
0.4623406711794653 0.8867023700868512 0.00010322636411735686 0.6803763967919796 -0.8867021983880498 0.46234064909111494 -0.0005792856002458656 0.5292602689134553 -0.0005613796588844932 0.00017629624922779625 0.9999998268862407 0.21171792957165986
1.0 0.0 0.0 0.0 0.0 1.0 0.0 0.0 0.0 0.0 1.0 0.0
-0.9299188060142601 0.3677648000930107 0.0002569699610301662 -0.6043748399017872 -0.3677648493277265 -0.9299188045854485 -0.00018021466177037506 0.784198678122928 0.00017268458991573146 -0.0002620895220998112 0.9999999507445559 0.48785827580965935
0.4623228013548227 0.8867116804762493 0.0001518368030525214 0.6803490214551147 -0.8867112686166025 0.46232274068501805 -0.0008997520926394977 0.5287032444273594 -0.0008680182970005088 0.00028134050373658363 0.9999995836957919 0.2117191984203837
1.0 0.0 0.0 0.0 0.0 1.0 0.0 0.0 0.0 0.0 1.0 0.0
-0.9299201731906714 0.367761335024745 0.0002682421457277753 -0.6043850023423971 -0.367761392708228 -0.929920165119787 -0.00021103765548734514 0.7840668476570776 0.0001718322905247399 -0.0002948972782364334 0.9999999417546278 0.4878212278692807
0.4623267307086621 0.8867096372209381 0.00011546321321860017 0.6803043736768277 -0.8867094254881452 0.4623267040435454 -0.0006430231070512554 0.5288503931908708 -0.0006235565127837415 0.00019490445139505345 0.9999997865947425 0.21165637128162543
1.0 0.0 0.0 0.0 0.0 1.0 0.0 0.0 0.0 0.0 1.0 0.0
-0.9299217866926778 0.3677572200356276 0.00031264351245078746 -0.6043651625234041 -0.36775732578877784 -0.9299217086380991 -0.00040636471897093676 0.78389609847099 0.00014129042992355707 -0.000492864347578446 0.9999998685608658 0.487756491855335
0.4623362458480999 0.8867046748146483 0.00012424545669490104 0.6803424873987023 -0.8867044202740471 0.4623362120218593 -0.0007057759872818363 0.5290799452193511 -0.0006832580411039646 0.0002161368247192817 0.999999743221628 0.21166504757887783
1.0 0.0 0.0 0.0 0.0 1.0 0.0 0.0 0.0 0.0 1.0 0.0
-0.9299295342505423 0.3677376393694105 0.0002998659413648072 -0.6043198952062134 -0.36773773321853476 -0.9299294737728949 -0.00036520646272940153 0.7836195549473213 0.00014455401456921928 -0.0004498882973381837 0.999999888352322 0.4879051518744155
0.46231541816185523 0.8867155278097246 0.00016392361104660699 0.6804729512381815 -0.8867151323424364 0.4623153740831297 -0.0008769043911972325 0.5285790073195056 -0.0008533491456411806 0.0002600528738410786 0.99999960208379 0.21150727482987047
1.0 0.0 0.0 0.0 0.0 1.0 0.0 0.0 0.0 0.0 1.0 0.0
-0.9299167700242484 0.3677699329903767 0.00027787753359285035 -0.6044183719697056 -0.36776999318390124 -0.9299167642239615 -0.00020911420182205634 0.7842944909668272 0.00018149706089777107 -0.0002966538217599772 0.9999999395276615 0.4876856649555377
0.46231535519064015 0.8867155694627552 0.00010595892887743034 0.6803264082457137 -0.8867153918755319 0.4623153329628669 -0.0005888280361439059 0.5287520329387281 -0.0005711094248693307 0.00017826882953380626 0.9999998210271085 0.21166813418104047
1.0 0.0 0.0 0.0 0.0 1.0 0.0 0.0 0.0 0.0 1.0 0.0
-0.9299220880474777 0.3677564691819813 0.00029922603767576874 -0.6044010860169902 -0.3677565693670711 -0.9299220042751712 -0.00041430931786759967 0.7838891191924917 0.0001258919447985906 -0.0004953177270498873 0.9999998694057751 0.4879881696789238
0.46232040378927 0.8867129310486548 0.00014883289307163555 0.6804120324713168 -0.886712558122897 0.46232035282221806 -0.0008547710152174533 0.5287683091598678 -0.0008267449879153363 0.0002632060855543147 0.99999962360757 0.21167656597101062
1.0 0.0 0.0 0.0 0.0 1.0 0.0 0.0 0.0 0.0 1.0 0.0
-0.9299195529199582 0.3677629025678743 0.0002694290213337364 -0.6043624123425637 -0.36776296852131674 -0.9299195297132324 -0.0002593112206421857 0.7841319340614823 0.000155182261637963 -0.00034022459105822073 0.9999999300828446 0.4879299464869276
0.4623117520221506 0.8867174415633327 0.00015089594865537 0.6804240669386772 -0.8867170590001007 0.4623116998822037 -0.000865696389551561 0.5285823756563977 -0.0008373890502420034 0.0002664196027661221 0.9999996139000124 0.21163225414354947
