1.0 0.0 0.0 0.0 0.0 1.0 0.0 0.0 0.0 0.0 1.0 0.0
-0.48866465058246006 -0.8724716746873017 -0.0001901038052830463 -5.255261413191914 0.8724716930823961 -0.4886646218095064 -0.00017933685769049685 -2.537238793397343 6.356932444919895e-05 -0.00025349577175657803 0.9999999658494166 0.01230593251442149
0.9593589283345708 -0.2821886038110523 -0.0001962241381545113 -10.383769345961625 0.2821885845972269 0.9593589465347058 -0.00012011175428006664 -2.1886397905185078 0.0002221435507061864 5.985807205687419e-05 0.9999999735346267 -0.06777181434475246
1.0 0.0 0.0 0.0 0.0 1.0 0.0 0.0 0.0 0.0 1.0 0.0
-0.48865681364410524 -0.8724760815110715 -7.530124133306504e-05 -5.254113352504345 0.8724760833642637 -0.48865681592499427 1.4401438154241323e-05 -2.5371865216227043 -4.936137515396607e-05 -5.8661171230397015e-05 0.9999999970611607 0.004894257011636566
0.959347256107181 -0.28222832583287577 -0.0001195708795029945 -10.38458459600713 0.28222832839046247 0.9593472627946045 4.735547745121972e-06 -2.1895040132774746 0.00011337349024913534 -3.8289324181767285e-05 0.9999999928401897 -0.07230206686163579
1.0 0.0 0.0 0.0 0.0 1.0 0.0 0.0 0.0 0.0 1.0 0.0
-0.4886560345440551 -0.8724765211149862 2.601961607303794e-06 -5.254358155457107 0.8724765194816663 -0.48865603380761957 -5.9804377930390574e-05 -2.5371659763255323 5.344937984329017e-05 -2.69536197608771e-05 0.9999999982083329 0.008144561621196575
0.9593570768428483 -0.28219496264807525 -4.655745538761139e-05 -10.383731214124914 0.2821949613724518 0.9593570778093063 -3.214324975444492e-05 -2.1888470404322504 5.3735887514732584e-05 1.769857479994607e-05 0.9999999983996074 -0.0697435238983716
1.0 0.0 0.0 0.0 0.0 1.0 0.0 0.0 0.0 0.0 1.0 0.0
-0.4886375639307358 -0.8724868652048119 3.407221268298377e-05 -5.2539599807742015 0.8724868486616156 -0.48863756167668826 -0.0001795304523508171 -2.53727374033825 0.00017328692450671774 -5.799776541737746e-05 0.9999999833039503 0.011315186889289855
0.9593655142413354 -0.2821662749974645 -5.77798642660522e-05 -10.383096503062845 0.2821662641366011 0.9593655076999851 -0.00014838714083867326 -2.1885691865290546 9.730185560439806e-05 0.00012605397723522554 0.9999999873213721 -0.06682257919931602
1.0 0.0 0.0 0.0 0.0 1.0 0.0 0.0 0.0 0.0 1.0 0.0
-0.488658916273045 -0.8724749045174652 6.733567357889111e-05 -5.254674483431022 0.8724749004292808 -0.48865892062772326 -8.609218497342831e-05 -2.536946761659795 0.00010801744843519094 1.6678971292388734e-05 0.9999999940270212 0.008772297827588461
0.9593574532644236 -0.28219368558735114 -2.6088813025150914e-05 -10.384049186265388 0.28219368437843684 0.9593574530496168 -4.2131638416288524e-05 -2.188524665156315 3.691777954142352e-05 3.305720306428436e-05 0.9999999987721493 -0.06938557233057602
1.0 0.0 0.0 0.0 0.0 1.0 0.0 0.0 0.0 0.0 1.0 0.0
-0.48864427127042975 -0.8724831048516627 -8.889878523593212e-05 -5.253764614709085 0.8724831087802132 -0.48864427217785794 -1.268799941234624e-05 -2.5369370884801548 -3.236981708747591e-05 -8.376260673616488e-05 0.9999999959680104 0.005383435977341922
0.9593542260917215 -0.2822046420278982 -9.432846980710111e-05 -10.384139697932426 0.2822046425971694 0.9593542305324034 -7.495599515885743e-06 -2.189100953712952 9.26097095472564e-05 -1.9428997035988256e-05 0.9999999955229778 -0.07144119734452681
1.0 0.0 0.0 0.0 0.0 1.0 0.0 0.0 0.0 0.0 1.0 0.0
-0.4886671037200214 -0.8724703213854211 6.5958788657513205e-06 -5.2546280625478525 0.8724703208198122 -0.4886671036534519 -3.309864123877416e-05 -2.5373608960367307 3.210077118044922e-05 -1.0419508601159609e-05 0.9999999994304871 0.0075114839793647
0.9593510851485793 -0.2822153273605013 -6.653606783589741e-05 -10.384086017906942 0.2822153262259853 0.9593510874357151 -2.6059008482366047e-05 -2.1891569480842463 7.118570064160767e-05 6.2222399753837756e-06 0.9999999974469399 -0.07032266342090986
1.0 0.0 0.0 0.0 0.0 1.0 0.0 0.0 0.0 0.0 1.0 0.0
-0.4886572602914929 -0.8724758345757175 6.768912939762887e-06 -5.254312260415123 0.8724758322026775 -0.48865725950835326 -7.037066573289075e-05 -2.537253622980643 6.470438376194499e-05 -2.8481423771694474e-05 0.9999999975010758 0.008475557276231865
0.9593578896406617 -0.2821921893315736 -8.868184488179689e-05 -10.383558219739916 0.2821921865284583 0.9593578936033212 -4.293350424526607e-05 -2.188749760620908 9.719312746531009e-05 1.6163272315039846e-05 0.9999999951461223 -0.0703399812298468
1.0 0.0 0.0 0.0 0.0 1.0 0.0 0.0 0.0 0.0 1.0 0.0
-0.4886518202800873 -0.8724788698220816 -0.00014230579764373284 -5.254501590361929 0.8724788786375068 -0.4886518252614683 2.70378049364967e-07 -2.5369624653459297 -6.977388689884363e-05 -0.000124026682025834 0.9999999898744933 0.004412290040524354
0.9593533326679328 -0.2822076654600817 -0.00012905231779667946 -10.384627661204702 0.282207669332823 0.9593533401276454 1.2476637373734714e-05 -2.1891394390483185 0.00012028576942341529 -4.838905747237114e-05 0.9999999915949165 -0.07329766042679603
1.0 0.0 0.0 0.0 0.0 1.0 0.0 0.0 0.0 0.0 1.0 0.0
-0.48866139474774245 -0.8724735186614055 -2.275472422824679e-05 -5.254651258928779 0.8724735167056434 -0.4886613914458689 -8.460185593172537e-05 -2.5373814243545567 6.269352372669961e-05 -6.119455518692944e-05 0.9999999961623742 0.008990119905083527
0.9593578927233439 -0.28219218131667734 -8.045595335831425e-05 -10.383605038093561 0.2821921790098686 0.9593578959850337 -3.894650969685029e-05 -2.1888034993638 8.817645465932406e-05 1.465960067919488e-05 0.9999999960050046 -0.07044453270461917
1.0 0.0 0.0 0.0 0.0 1.0 0.0 0.0 0.0 0.0 1.0 0.0
-0.48864296275941527 -0.8724838418492225 -2.5646089662912462e-05 -5.253989402795909 0.8724838358166469 -0.48864295539564234 -0.00013557611234276407 -2.5373140125094693 0.00010575618631257689 -8.862411189736622e-05 0.9999999904806979 0.01015386523671194
0.9593632649646643 -0.28217391213842524 -9.562863297976664e-05 -10.382992829507113 0.28217390033267675 0.9593632656431165 -0.00012043927547180687 -2.1887841668396604 0.00012572741915944322 8.856111219519462e-05 0.9999999881747728 -0.06776061658468106
1.0 0.0 0.0 0.0 0.0 1.0 0.0 0.0 0.0 0.0 1.0 0.0
-0.48865018447872716 -0.8724797951037002 -6.591442561744742e-05 -5.254059974775606 0.8724797970107689 -0.4886501855191632 -3.660779401839818e-07 -2.537084600934744 -3.1889700700127396e-05 -5.7687888735792335e-05 0.9999999978275773 0.005291855113448055
0.9593494841789451 -0.2822207624353396 -9.195655860831e-05 -10.38465185722262 0.2822207600001677 0.9593494885206796 -3.8730338425709355e-05 -2.189237881713421 9.914898310689782e-05 1.1203880333326982e-05 0.9999999950219761 -0.07097382330921904
1.0 0.0 0.0 0.0 0.0 1.0 0.0 0.0 0.0 0.0 1.0 0.0
-0.48864998542320104 -0.8724799089182137 -1.6732329203168366e-05 -5.253993224159778 0.8724799050326429 -0.4886499812203505 -0.00010567677645920853 -2.537338265050984 8.402461194897738e-05 -6.623757627048963e-05 0.999999994276224 0.009748920319502086
0.9593623677832505 -0.282176953999339 -0.00011795325150283238 -10.382847143989475 0.28217694508622626 0.9593623737353719 -8.673314379825123e-05 -2.1885802848590004 0.00013763400567932146 4.9924826027492566e-05 0.9999999892821961 -0.06889640592735952
1.0 0.0 0.0 0.0 0.0 1.0 0.0 0.0 0.0 0.0 1.0 0.0
-0.4886593371755471 -0.8724746713705143 2.8406680207122677e-06 -5.2546146164621685 0.8724746692295001 -0.48865933619955954 -6.854108615149759e-05 -2.537105754402546 6.118848056476439e-05 -3.101483083632577e-05 0.9999999976470253 0.00802259983225731
0.9593559636719288 -0.28219874051056726 -7.629779620058354e-05 -10.383880704895525 0.28219873778074417 0.9593559664689553 -4.466956794776243e-05 -2.1888605279202054 8.580244182745832e-05 2.1322874622083427e-05 0.999999996091638 -0.07007958365531615
1.0 0.0 0.0 0.0 0.0 1.0 0.0 0.0 0.0 0.0 1.0 0.0
-0.488659833380832 -0.8724743923443607 -4.408579459012502e-05 -5.254722239785147 0.8724743920439532 -0.48865982908788325 -8.162926151798431e-05 -2.5373008137360387 4.9676483490812914e-05 -7.835266816519464e-05 0.9999999956965534 0.008595872611727201
0.9593565927033912 -0.28219660365970173 -7.013892948432829e-05 -10.383828201046372 0.28219660141222785 0.9593565950815945 -4.0309279224050765e-05 -2.1889546293882063 7.866338626575906e-05 1.8878005243524325e-05 0.9999999967278465 -0.07020507920737398
1.0 0.0 0.0 0.0 0.0 1.0 0.0 0.0 0.0 0.0 1.0 0.0
-0.4886493011575056 -0.8724802711923392 -0.00019198547624863128 -5.254025377457751 0.8724802849229962 -0.48864931383124616 2.264813295326412e-05 -2.5370879346216455 -0.00011357362041552372 -0.0001564365486783445 0.9999999813143192 0.002869783575918744
0.9593550410578155 -0.2822017885192501 -0.00023612177758132054 -10.383943223946993 0.28220180977982473 0.9593550618915933 6.148145468624378e-05 -2.1892335388659916 0.00020917444607226692 -0.0001256165364467031 0.9999999702332681 -0.07700229725479896
1.0 0.0 0.0 0.0 0.0 1.0 0.0 0.0 0.0 0.0 1.0 0.0
-0.4886498571975422 -0.8724799725372812 -0.00012075663787906827 -5.254202576621777 0.8724799802104467 -0.4886498576131188 -2.8047397060943414e-05 -2.537144974243894 -3.453692168795442e-05 -0.00011906310559559663 0.9999999923155889 0.005827748033715607
0.9593532978630906 -0.2822077869139336 -0.00012200144060414341 -10.384328281367704 0.28220778853590434 0.9593533051348389 -4.066352292415103e-06 -2.18921247190967 0.00011819004155605023 -3.052868826908977e-05 0.9999999925495566 -0.07235680246579167
1.0 0.0 0.0 0.0 0.0 1.0 0.0 0.0 0.0 0.0 1.0 0.0
-0.4886719209025118 -0.872467622067786 4.6527753767904644e-05 -5.254616518612876 0.8724676218679196 -0.48867192246530106 -3.14038787189139e-05 -2.537498449182909 5.013567427130608e-05 2.524776494341043e-05 0.9999999984244823 0.008087299417185834
0.9593519767205799 -0.28221229517786056 -7.219944896176791e-05 -10.383883205875623 0.28221229399030107 0.9593519794248612 -2.6350189639760292e-05 -2.1890445065146977 7.670103177146649e-05 4.903534401563258e-06 0.9999999970464535 -0.07042958854102177
1.0 0.0 0.0 0.0 0.0 1.0 0.0 0.0 0.0 0.0 1.0 0.0
-0.4886854113741821 -0.8724600499799683 0.00017291326615697226 -5.254809699770186 0.8724600665057771 -0.48868540884095746 5.9486812123094156e-05 -2.5378000345343246 3.260032308788082e-05 0.00017993025694475542 0.9999999832811607 0.00797530166753227
0.9593517560589202 -0.2822130521285499 3.680970311604369e-05 -10.383869122267686 0.2822130508718402 0.9593517564644882 3.586236911739691e-05 -2.18914421488115 -4.543428198449218e-05 -2.4016448171142225e-05 0.9999999986794679 -0.06968289994409216
1.0 0.0 0.0 0.0 0.0 1.0 0.0 0.0 0.0 0.0 1.0 0.0
-0.48863759208533897 -0.8724868466148076 -7.800762888041058e-05 -5.253414698474533 0.8724868497965904 -0.4886375923271694 -1.7225817739347714e-05 -2.5372557328999257 -2.3088160559459384e-05 -7.64778124838363e-05 0.9999999968090404 0.005875604279370811
0.9593510537339691 -0.28221541312541454 -0.00012764785321840437 -10.384077952466734 0.28221540264278566 0.9593510606889706 -9.416006046642906e-05 -2.1894677704472265 0.0001490325237441793 5.4308362935555845e-05 0.9999999874199542 -0.06923491822959987
