1.0 0.0 0.0 0.0 0.0 1.0 0.0 0.0 0.0 0.0 1.0 0.0
-0.4886532840686551 -0.8724780536056734 -0.0001180905317769905 -5.254198220799568 0.8724780607917157 -0.48865328495842936 -2.3161675307339136e-05 -2.536987350689685 -3.7497272884919804e-05 -0.00011434942686610782 0.9999999927590815 0.005516219914870973
0.9593539782425282 -0.28220547144803215 -0.0001277302986924082 -10.3842977530387 0.28220547507331334 0.9593539856169118 1.0935823452280458e-05 -2.1889684979494177 0.00011945242192158565 -4.6537515358054136e-05 0.9999999917826892 -0.07294042578012444
1.0 0.0 0.0 0.0 0.0 1.0 0.0 0.0 0.0 0.0 1.0 0.0
-0.4886593371755471 -0.8724746713705143 2.8406680207122677e-06 -5.2546146164621685 0.8724746692295001 -0.48865933619955954 -6.854108615149759e-05 -2.537105754402546 6.118848056476439e-05 -3.101483083632577e-05 0.9999999976470253 0.00802259983225731
0.9593559636719288 -0.28219874051056726 -7.629779620058354e-05 -10.383880704895525 0.28219873778074417 0.9593559664689553 -4.466956794776243e-05 -2.1888605279202054 8.580244182745832e-05 2.1322874622083427e-05 0.999999996091638 -0.07007958365531615
1.0 0.0 0.0 0.0 0.0 1.0 0.0 0.0 0.0 0.0 1.0 0.0
-0.48865728462847513 -0.8724758202300701 3.596374662374355e-05 -5.254452983033168 0.8724758162115662 -0.48865728585317053 -8.431235452640873e-05 -2.5370898726298137 9.113443748522952e-05 -9.822347033922974e-06 0.999999995799018 0.0087778162131541
0.9593592521387826 -0.2821875606494537 -7.713900914911358e-05 -10.383598557710803 0.28218755764285824 0.9593592549413199 -4.764446098690112e-05 -2.1885762546478347 8.744869656855522e-05 2.3940485870172076e-05 0.9999999958897892 -0.07023945274797865
1.0 0.0 0.0 0.0 0.0 1.0 0.0 0.0 0.0 0.0 1.0 0.0
-0.48867334322502315 -0.8724668242703563 6.456685234195399e-05 -5.2548185419396525 0.8724668257848124 -0.4886733447107363 -8.613731306783145e-06 -2.537260769443332 3.906729448972779e-05 5.212313583836401e-05 0.9999999978784625 0.007480949281172475
0.9593496306161047 -0.2822202794353694 -1.0590825014485196e-05 -10.384180848543584 0.2822202795323378 0.9593496306024184 9.148400229420822e-06 -2.189109774512886 7.578439996284319e-06 -1.176545997688971e-05 0.9999999999020707 -0.0700841107958041
1.0 0.0 0.0 0.0 0.0 1.0 0.0 0.0 0.0 0.0 1.0 0.0
-0.488669658650945 -0.8724688890182193 4.908444958606846e-05 -5.254627051996707 0.8724688899459839 -0.48866965943676016 -4.731198887585951e-06 -2.5374460910064016 2.8113905100020224e-05 4.0512661898578625e-05 0.9999999987841663 0.007459846160356123
0.9593512360152543 -0.28221482213967264 -1.0985282114546675e-05 -10.384051106911276 0.28221482225759775 0.9593512359771853 1.1276472561446126e-05 -2.189242899688608 7.356356275864477e-06 -1.3918307329107829e-05 0.9999999998760825 -0.07012361220497934
1.0 0.0 0.0 0.0 0.0 1.0 0.0 0.0 0.0 0.0 1.0 0.0
-0.4886588003181007 -0.872474971803273 -2.1179080534381547e-05 -5.254806523133999 0.8724749692904801 -0.48865879668849166 -9.15452450372288e-05 -2.53722765630296 6.952159107367124e-05 -6.321260725355753e-05 0.9999999955854574 0.008858909737956076
0.9593569173653416 -0.2821955045304518 -4.8229376863305105e-05 -10.384064361757495 0.28219550220486095 0.9593569179694624 -4.9794382566565915e-05 -2.188758895026343 6.0320937254319184e-05 3.416047213620879e-05 0.9999999975972232 -0.06984093597931018
1.0 0.0 0.0 0.0 0.0 1.0 0.0 0.0 0.0 0.0 1.0 0.0
-0.4886740764256553 -0.8724664156732587 2.349018739049943e-05 -5.254985610995064 0.8724664154632517 -0.48867407688890907 -2.157490878307113e-05 -2.5375108849831953 3.030242897344601e-05 9.951300967611673e-06 0.9999999994913672 0.007921208321417905
0.9593504346596342 -0.28221754622505596 1.100362945621585e-05 -10.384167583199442 0.2822175459307331 0.9593504345420593 2.264500341337547e-05 -2.189220669651835 -1.6947153997941083e-05 -1.8619076566018173e-05 0.9999999996830621 -0.07035935579896135
1.0 0.0 0.0 0.0 0.0 1.0 0.0 0.0 0.0 0.0 1.0 0.0
-0.48865033952311093 -0.8724797106403265 -1.43150817391687e-05 -5.2543353042350995 0.8724797062614791 -0.48865033527337853 -0.0001095403954701366 -2.5371594790720025 8.857670305188143e-05 -6.601656974887702e-05 0.9999999938979903 0.009415616344218045
0.9593620029898273 -0.2821782019716188 -9.773131641453681e-05 -10.38315942834019 0.28217819287006757 0.9593620057185815 -9.722244137085848e-05 -2.188678612228486 0.00012119376543427624 6.569386983643865e-05 0.9999999904981934 -0.06828788164995002
1.0 0.0 0.0 0.0 0.0 1.0 0.0 0.0 0.0 0.0 1.0 0.0
-0.4886558159459405 -0.8724766434160953 -1.5348960741179984e-05 -5.254395848709888 0.8724766420719228 -0.4886558140174505 -6.682698225549524e-05 -2.5371946457327574 5.080462226259587e-05 -4.604700326802797e-05 0.9999999976492818 0.00804034278318519
0.9593566272929014 -0.28219648392806096 -7.828045309457877e-05 -10.38376849190916 0.282196481169041 0.9593566302648817 -4.452665091758215e-05 -2.1889006578941235 8.766413602646575e-05 2.062646924132657e-05 0.9999999959447741 -0.07008579323527361
1.0 0.0 0.0 0.0 0.0 1.0 0.0 0.0 0.0 0.0 1.0 0.0
-0.4886549329291007 -0.872477138023585 1.2256851429095961e-05 -5.254458868291228 0.872477134562275 -0.4886549321608891 -8.331170175307891e-05 -2.5371247088291575 7.867692601298608e-05 -3.0016851418747475e-05 0.9999999964544649 0.008506624611781755
0.9593573222474469 -0.2821941251185366 -6.323600321551004e-05 -10.383931371145493 0.28219412202934874 0.9593573237455856 -5.35517806470412e-05 -2.1887042278661752 7.577792069743374e-05 3.353046447508053e-05 0.9999999965667073 -0.069753916078933
1.0 0.0 0.0 0.0 0.0 1.0 0.0 0.0 0.0 0.0 1.0 0.0
-0.48863256329562493 -0.872489660170204 -0.00010480090020422166 -5.253265413319043 0.8724896662678495 -0.488632562210109 -3.746733071257805e-05 -2.5370558732961612 -1.8519273747803393e-05 -0.00010974546028967851 0.9999999938064854 0.006188111498401511
0.9593576904108184 -0.282192844170827 -0.0001433471342535331 -10.383576948642762 0.28219283922020566 0.9593577010521709 -5.408081597337953e-05 -2.1889983709039242 0.00015278239644450373 1.1431311898667129e-05 0.9999999882634323 -0.07050335033769844
1.0 0.0 0.0 0.0 0.0 1.0 0.0 0.0 0.0 0.0 1.0 0.0
-0.48866096989900626 -0.8724737569104033 -9.941440576722347e-08 -5.254743915328138 0.8724737552630066 -0.48866096896931277 -6.150804978869452e-05 -2.537022473328296 5.3615579339533284e-05 -3.014331972627271e-05 0.9999999981083751 0.0076414265359407985
0.9593565427576962 -0.2821967715412671 -7.745764869122697e-05 -10.383739065854648 0.2821967690281788 0.959356545709701 -4.1880873406433554e-05 -2.1889414885438967 8.612814955184091e-05 1.8320391721681558e-05 0.9999999961231525 -0.07023711576528381
1.0 0.0 0.0 0.0 0.0 1.0 0.0 0.0 0.0 0.0 1.0 0.0
-0.4886549329291007 -0.872477138023585 1.2256851429095961e-05 -5.254458868291228 0.872477134562275 -0.4886549321608891 -8.331170175307891e-05 -2.5371247088291575 7.867692601298608e-05 -3.0016851418747475e-05 0.9999999964544649 0.008506624611781755
0.9593573222474469 -0.2821941251185366 -6.323600321551004e-05 -10.383931371145493 0.28219412202934874 0.9593573237455856 -5.35517806470412e-05 -2.1887042278661752 7.577792069743374e-05 3.353046447508053e-05 0.9999999965667073 -0.069753916078933
1.0 0.0 0.0 0.0 0.0 1.0 0.0 0.0 0.0 0.0 1.0 0.0
-0.48865612802828706 -0.8724764684597273 2.290074194066757e-05 -5.254675508098665 0.8724764637813697 -0.4886561278755209 -9.40066886474431e-05 -2.537020243448964 9.320921160492454e-05 -2.595658613685168e-05 0.9999999953191493 0.008413727475637837
0.959358891510613 -0.2821887909865446 -5.933868624047085e-05 -10.383613706602295 0.2821887869913048 0.9593588921401548 -6.758691088415991e-05 -2.188964451192966 7.599936496162342e-05 4.809539201459814e-05 0.999999995955465 -0.06952436227306791
1.0 0.0 0.0 0.0 0.0 1.0 0.0 0.0 0.0 0.0 1.0 0.0
-0.4886543146213257 -0.8724774843787249 -7.357652686150068e-06 -5.254373395306039 0.8724774811635726 -0.4886543120583829 -9.038371582529946e-05 -2.5371656487749235 7.52624083003511e-05 -5.0585778992429696e-05 0.9999999958883247 0.009136069166836
0.9593601705513387 -0.2821844357103961 -8.60378577006413e-05 -10.383244144544314 0.2821844297977416 0.9593601732373189 -7.47381087631989e-05 -2.188682093941985 0.00010363122511607952 4.74222209534716e-05 0.9999999935058509 -0.06845083108063692
1.0 0.0 0.0 0.0 0.0 1.0 0.0 0.0 0.0 0.0 1.0 0.0
-0.4886592517487745 -0.8724747189749216 2.0735435131724927e-05 -5.254567515040589 0.8724747168873871 -0.4886592520419433 -6.153114731047921e-05 -2.5370615325503216 6.38169326801601e-05 -1.1976621507895504e-05 0.9999999978919797 0.008126744739135328
0.9593564532117671 -0.28219708306277713 -4.4629568947494866e-05 -10.38384118825472 0.2821970818145088 0.9593564540738417 -3.228373403134364e-05 -2.188797224257371 5.192604058632688e-05 1.837727445711439e-05 0.9999999984829812 -0.06973760397469185
1.0 0.0 0.0 0.0 0.0 1.0 0.0 0.0 0.0 0.0 1.0 0.0
-0.4886453887535139 -0.872482478013892 -9.802380063363603e-05 -5.253863531569333 0.8724824827668615 -0.488645389916928 -1.3338168070390831e-05 -2.537014010574268 -3.6261560351539574e-05 -9.204168326909549e-05 0.9999999951067138 0.005251433312900677
0.959353995443612 -0.28220541133558774 -0.0001312984807785878 -10.38415158424948 0.28220541247089626 0.9593540040404558 -1.0182244238747069e-05 -2.1891249149314973 0.00012883520768309072 -2.7284765231902196e-05 0.9999999913285154 -0.07216062158217809
1.0 0.0 0.0 0.0 0.0 1.0 0.0 0.0 0.0 0.0 1.0 0.0
-0.4886549329291007 -0.872477138023585 1.2256851429095961e-05 -5.254458868291228 0.872477134562275 -0.4886549321608891 -8.331170175307891e-05 -2.5371247088291575 7.867692601298608e-05 -3.0016851418747475e-05 0.9999999964544649 0.008506624611781755
0.9593573222474469 -0.2821941251185366 -6.323600321551004e-05 -10.383931371145493 0.28219412202934874 0.9593573237455856 -5.35517806470412e-05 -2.1887042278661752 7.577792069743374e-05 3.353046447508053e-05 0.9999999965667073 -0.069753916078933
1.0 0.0 0.0 0.0 0.0 1.0 0.0 0.0 0.0 0.0 1.0 0.0
-0.48863256329562493 -0.872489660170204 -0.00010480090020422166 -5.253265413319043 0.8724896662678495 -0.488632562210109 -3.746733071257805e-05 -2.5370558732961612 -1.8519273747803393e-05 -0.00010974546028967851 0.9999999938064854 0.006188111498401511
0.9593576904108184 -0.282192844170827 -0.0001433471342535331 -10.383576948642762 0.28219283922020566 0.9593577010521709 -5.408081597337953e-05 -2.1889983709039242 0.00015278239644450373 1.1431311898667129e-05 0.9999999882634323 -0.07050335033769844
1.0 0.0 0.0 0.0 0.0 1.0 0.0 0.0 0.0 0.0 1.0 0.0
-0.4886777451407534 -0.8724643476253986 0.0001533842759777766 -5.254677227415589 0.8724643588852845 -0.48867774889376686 1.4526164802066485e-05 -2.5375988259684483 6.22819218029889e-05 0.00014092092746505132 0.9999999881311271 0.008577588696807248
0.9593515876938387 -0.28221362542540973 2.8522930624385393e-05 -10.383872207476411 0.28221362503892866 0.9593515880834916 1.6854389508482974e-05 -2.189052154879729 -3.212005715881872e-05 -8.119725686337207e-06 0.9999999994511859 -0.06946447564395883
