1.0 0.0 0.0 0.0 0.0 1.0 0.0 0.0 0.0 0.0 1.0 0.0
-0.48865384319088784 -0.8724777479434199 -2.963701840312188e-05 -5.254607041390316 0.8724777449955886 -0.4886538379546678 -0.00010554423371854497 -2.5373278900210217 7.760275255495422e-05 -7.74322344179497e-05 0.9999999939910307 0.00916861410024302
0.9593592521606 -0.28218756557596547 -5.5929991960074004e-05 -10.383662752782312 0.2821875620126096 0.9593592527110488 -6.389896358553168e-05 -2.1889571822998697 7.16884482679698e-05 4.5519313844658245e-05 0.9999999963943791 -0.06955910782932127
1.0 0.0 0.0 0.0 0.0 1.0 0.0 0.0 0.0 0.0 1.0 0.0
-0.48864483832934047 -0.8724827831477963 -0.00012282005948128954 -5.253857109369228 0.8724827888796239 -0.4886448433593722 1.292775394233875e-05 -2.536914556668414 -7.129463146607287e-05 -0.00010084130779147473 0.999999992374053 0.0038646987328871674
0.9593542349482752 -0.28220459041032786 -0.00014504533184592292 -10.384061279671112 0.28220459398525083 0.9593542448514307 4.377264685700441e-06 -2.189242543314215 0.00013791457061451494 -4.5131806396760035e-05 0.9999999894713456 -0.07300415960189625
1.0 0.0 0.0 0.0 0.0 1.0 0.0 0.0 0.0 0.0 1.0 0.0
-0.48864427127042975 -0.8724831048516627 -8.889878523593212e-05 -5.253764614709085 0.8724831087802132 -0.48864427217785794 -1.268799941234624e-05 -2.5369370884801548 -3.236981708747591e-05 -8.376260673616488e-05 0.9999999959680104 0.005383435977341922
0.9593542260917215 -0.2822046420278982 -9.432846980710111e-05 -10.384139697932426 0.2822046425971694 0.9593542305324034 -7.495599515885743e-06 -2.189100953712952 9.26097095472564e-05 -1.9428997035988256e-05 0.9999999955229778 -0.07144119734452681
1.0 0.0 0.0 0.0 0.0 1.0 0.0 0.0 0.0 0.0 1.0 0.0
-0.4886558159459405 -0.8724766434160953 -1.5348960741179984e-05 -5.254395848709888 0.8724766420719228 -0.4886558140174505 -6.682698225549524e-05 -2.5371946457327574 5.080462226259587e-05 -4.604700326802797e-05 0.9999999976492818 0.00804034278318519
0.9593566272929014 -0.28219648392806096 -7.828045309457877e-05 -10.38376849190916 0.282196481169041 0.9593566302648817 -4.452665091758215e-05 -2.1889006578941235 8.766413602646575e-05 2.062646924132657e-05 0.9999999959447741 -0.07008579323527361
1.0 0.0 0.0 0.0 0.0 1.0 0.0 0.0 0.0 0.0 1.0 0.0
-0.4886428211003057 -0.8724839180452101 -7.835569022338328e-05 -5.2538274308890625 0.8724839212931159 -0.4886428212147973 -1.897978190566133e-05 -2.536837496724086 -2.1728391048296198e-05 -7.763841403597729e-05 0.9999999967500769 0.005603256157397887
0.9593556114907854 -0.2821999336984529 -9.012063513335212e-05 -10.384295216167908 0.28219993395691817 0.9593556155945115 -1.0098813138996575e-05 -2.1888129281049586 8.930762179437862e-05 -1.5743684228490637e-05 0.9999999958881423 -0.07133407848154169
1.0 0.0 0.0 0.0 0.0 1.0 0.0 0.0 0.0 0.0 1.0 0.0
-0.48865096155813825 -0.8724793614754206 -3.959481606951457e-05 -5.254229162954031 0.8724793598814743 -0.488650956228754 -9.77626543123106e-05 -2.5372236800340744 6.594785347659029e-05 -8.231747481320986e-05 0.999999994437357 0.0091056956841368
0.959361829512887 -0.28217878797340623 -0.00010812745445566633 -10.382888611966374 0.2821787788370078 0.9593618338465503 -9.237228170098607e-05 -2.18884388609424 0.0001297988514884665 5.8107168111847927e-05 0.9999999898879075 -0.06846622618549005
1.0 0.0 0.0 0.0 0.0 1.0 0.0 0.0 0.0 0.0 1.0 0.0
-0.48866156967297875 -0.8724734209545295 7.2554289957903295e-06 -5.254585886026954 0.8724734157134885 -0.4886615676178663 -0.00010586069432064753 -2.5374086282063786 9.590609142540338e-05 -4.539988413501272e-05 0.999999994370436 0.009386642213958407
0.9593548086853866 -0.2822026581813315 -0.00010376711971051326 -10.383587241797878 0.2822026442056353 0.9593548094317057 -0.00013123872707269217 -2.189024052288353 0.00013658540299138974 9.662114833904197e-05 0.9999999860043908 -0.0675411451601172
1.0 0.0 0.0 0.0 0.0 1.0 0.0 0.0 0.0 0.0 1.0 0.0
-0.48864483832934047 -0.8724827831477963 -0.00012282005948128954 -5.253857109369228 0.8724827888796239 -0.4886448433593722 1.292775394233875e-05 -2.536914556668414 -7.129463146607287e-05 -0.00010084130779147473 0.999999992374053 0.0038646987328871674
0.9593542349482752 -0.28220459041032786 -0.00014504533184592292 -10.384061279671112 0.28220459398525083 0.9593542448514307 4.377264685700441e-06 -2.189242543314215 0.00013791457061451494 -4.5131806396760035e-05 0.9999999894713456 -0.07300415960189625
1.0 0.0 0.0 0.0 0.0 1.0 0.0 0.0 0.0 0.0 1.0 0.0
-0.48864826383957366 -0.8724808711948943 6.0378543755615957e-05 -5.254346046526423 0.872480859794532 -0.48864826728363453 -0.000142031317264017 -2.5371324550922267 0.000153423478210758 -1.672423282286823e-05 0.9999999880907681 0.00999400160685647
0.9593609140237828 -0.28218192012089083 -2.450182525122963e-05 -10.38373762389662 0.28218191639342827 0.9593609101189537 -0.00010097655529563714 -2.18864645579389 5.199985163311163e-05 8.995898837886883e-05 0.999999994601698 -0.0683384425982442
1.0 0.0 0.0 0.0 0.0 1.0 0.0 0.0 0.0 0.0 1.0 0.0
-0.4886597809559156 -0.8724744137650838 -0.0001257035824668305 -5.254820675888753 0.872474417296986 -0.48865975657807115 -0.00018292989539835753 -2.5373801580094266 9.817537123853919e-05 -0.00019906364248055986 0.999999975367631 0.012390153945617988
0.9593640280231609 -0.28217130310609007 -0.0001320552415631928 -10.382586013514866 0.28217128895474086 0.9593640342479111 -0.0001161085397204476 -2.1888959651319553 0.0001594515472443006 7.41281586289821e-05 0.9999999845401102 -0.06766447752052099
1.0 0.0 0.0 0.0 0.0 1.0 0.0 0.0 0.0 0.0 1.0 0.0
-0.48866180091535005 -0.8724732860525715 -9.721520120291113e-05 -5.254483170354071 0.8724732902251475 -0.48866180313442353 -1.0584352832277717e-06 -2.5373309321898923 -4.658189900226142e-05 -8.533488334506081e-05 0.9999999952740422 0.005424380714416768
0.9593462689109444 -0.2822316865859472 -0.00010683398926836388 -10.384800552504915 0.2822316895914397 0.9593462738750033 1.3874734662141316e-05 -2.189588520915713 9.857489976317615e-05 -4.346261222726652e-05 0.9999999941969951 -0.07255654252213285
1.0 0.0 0.0 0.0 0.0 1.0 0.0 0.0 0.0 0.0 1.0 0.0
-0.4886479000667143 -0.8724810769068936 -1.4134275535944996e-05 -5.254184565217473 0.8724810721424264 -0.48864789555681254 -0.00011367101905669614 -2.537230064966657 9.22691291238327e-05 -6.787699263406285e-05 0.9999999934395608 0.009609851021851565
0.9593606258536233 -0.2821828839248187 -9.788573253982507e-05 -10.3834261461537 0.28218287527648855 0.9593606288458986 -9.338681063763019e-05 -2.1886160651370687 0.00012025987747072537 6.196995164317107e-05 0.9999999908486435 -0.06847069875827273
1.0 0.0 0.0 0.0 0.0 1.0 0.0 0.0 0.0 0.0 1.0 0.0
-0.4886432426276927 -0.8724836787553919 -0.00010835013422876617 -5.254073690652153 0.8724836853754608 -0.4886432407507575 -4.4969460671121674e-05 -2.5371579674336466 -1.3709440247348314e-05 -0.0001165077475043884 0.999999993118998 0.006307617475655364
0.9593558764150442 -0.2821990272267883 -0.00010686522137223027 -10.384160516949356 0.28219902621890347 0.959355882345341 -2.4708169308661815e-05 -2.1892263493992985 0.00010949440008503469 -6.453333986182904e-06 0.9999999939846652 -0.07168614504263915
1.0 0.0 0.0 0.0 0.0 1.0 0.0 0.0 0.0 0.0 1.0 0.0
-0.4886638364783207 -0.8724721513023675 1.0959314054291182e-05 -5.254768830198927 0.8724721484535272 -0.48866383583288825 -7.564372432476506e-05 -2.5373156094921825 7.135246333802832e-05 -2.7402656255512063e-05 0.99999999707896 0.009229302041539544
0.9593593471913678 -0.28218724629592606 -3.1376346905267695e-05 -10.383330946017473 0.28218724560005126 0.9593593475875569 -2.4840163717161314e-05 -2.1888025391979866 3.711076909361008e-05 1.4976638337636962e-05 0.9999999991992456 -0.06989670199121495
1.0 0.0 0.0 0.0 0.0 1.0 0.0 0.0 0.0 0.0 1.0 0.0
-0.488665229527969 -0.8724713660650008 -9.405874949651966e-05 -5.254395773814848 0.8724713702560039 -0.4886652310354365 -7.790613170136002e-06 -2.5375876424687007 -3.916615363858778e-05 -8.587056783074572e-05 0.9999999955461288 0.005610590222326961
0.9593465133435031 -0.28223082976874136 -0.00016144259698074837 -10.384640144342672 0.28223083379720293 0.9593465257397835 2.267540263932017e-06 -2.189726146694653 0.00015423942474967965 -4.773943560233309e-05 0.9999999869655728 -0.0735046933954954
1.0 0.0 0.0 0.0 0.0 1.0 0.0 0.0 0.0 0.0 1.0 0.0
-0.488658235805245 -0.8724752882257693 -3.881547752238101e-06 -5.25491829267547 0.8724752832597107 -0.4886582325390832 -0.00010896177219239527 -2.5372258718523213 9.316970333502751e-05 -5.663162184437104e-05 0.9999999940561328 0.009154593248784072
0.9593587141899257 -0.28218939703330376 -4.13501330801079e-05 -10.38379594350389 0.2821893940501466 0.9593587136981723 -6.585590371518545e-05 -2.188927676417183 5.82534482434571e-05 5.151086611224293e-05 0.9999999969765833 -0.06949053971648501
1.0 0.0 0.0 0.0 0.0 1.0 0.0 0.0 0.0 0.0 1.0 0.0
-0.48866139474774245 -0.8724735186614055 -2.275472422824679e-05 -5.254651258928779 0.8724735167056434 -0.4886613914458689 -8.460185593172537e-05 -2.5373814243545567 6.269352372669961e-05 -6.119455518692944e-05 0.9999999961623742 0.008990119905083527
0.9593578927233439 -0.28219218131667734 -8.045595335831425e-05 -10.383605038093561 0.2821921790098686 0.9593578959850337 -3.894650969685029e-05 -2.1888034993638 8.817645465932406e-05 1.465960067919488e-05 0.9999999960050046 -0.07044453270461917
1.0 0.0 0.0 0.0 0.0 1.0 0.0 0.0 0.0 0.0 1.0 0.0
-0.4886588003181007 -0.872474971803273 -2.1179080534381547e-05 -5.254806523133999 0.8724749692904801 -0.48865879668849166 -9.15452450372288e-05 -2.53722765630296 6.952159107367124e-05 -6.321260725355753e-05 0.9999999955854574 0.008858909737956076
0.9593569173653416 -0.2821955045304518 -4.8229376863305105e-05 -10.384064361757495 0.28219550220486095 0.9593569179694624 -4.9794382566565915e-05 -2.188758895026343 6.0320937254319184e-05 3.416047213620879e-05 0.9999999975972232 -0.06984093597931018
1.0 0.0 0.0 0.0 0.0 1.0 0.0 0.0 0.0 0.0 1.0 0.0
-0.488659833380832 -0.8724743923443607 -4.408579459012502e-05 -5.254722239785147 0.8724743920439532 -0.48865982908788325 -8.162926151798431e-05 -2.5373008137360387 4.9676483490812914e-05 -7.835266816519464e-05 0.9999999956965534 0.008595872611727201
0.9593565927033912 -0.28219660365970173 -7.013892948432829e-05 -10.383828201046372 0.28219660141222785 0.9593565950815945 -4.0309279224050765e-05 -2.1889546293882063 7.866338626575906e-05 1.8878005243524325e-05 0.9999999967278465 -0.07020507920737398
1.0 0.0 0.0 0.0 0.0 1.0 0.0 0.0 0.0 0.0 1.0 0.0
-0.4886558159459405 -0.8724766434160953 -1.5348960741179984e-05 -5.254395848709888 0.8724766420719228 -0.4886558140174505 -6.682698225549524e-05 -2.5371946457327574 5.080462226259587e-05 -4.604700326802797e-05 0.9999999976492818 0.00804034278318519
0.9593566272929014 -0.28219648392806096 -7.828045309457877e-05 -10.38376849190916 0.282196481169041 0.9593566302648817 -4.452665091758215e-05 -2.1889006578941235 8.766413602646575e-05 2.062646924132657e-05 0.9999999959447741 -0.07008579323527361
