1.0 0.0 0.0 0.0 0.0 1.0 0.0 0.0 0.0 0.0 1.0 0.0
-0.4886421665951769 -0.8724842851260024 -7.234182225029233e-05 -5.253253221666671 0.8724842879094167 -0.4886421666383665 -1.8280045110420646e-05 -2.53738016173779 -1.9400212672724436e-05 -7.204950412032597e-05 0.9999999972162502 0.006003747966369294
0.9593524333821112 -0.2822106921846414 -0.0001837946888152391 -10.383730708331885 0.28221068140229333 0.9593524505944524 -8.270956338794042e-05 -2.189346573405235 0.0001996654082551416 2.7478796531518566e-05 0.99999997968932 -0.07076401507686689
1.0 0.0 0.0 0.0 0.0 1.0 0.0 0.0 0.0 0.0 1.0 0.0
-0.48865131331763584 -0.8724791652890251 1.1380490482920236e-05 -5.254281445785129 0.8724791617836322 -0.4886513124527982 -8.421097526766428e-05 -2.537171067031206 7.903341302055202e-05 -3.122056286308107e-05 0.9999999963894981 0.00868332315289562
0.9593596638778409 -0.28218616854870227 -4.004996894589004e-05 -10.383595612967945 0.28218616647977063 0.9593596639981281 -5.040684932408524e-05 -2.1888146848965313 5.264644043044846e-05 3.70567508202174e-05 0.9999999979275747 -0.06930116827613204
1.0 0.0 0.0 0.0 0.0 1.0 0.0 0.0 0.0 0.0 1.0 0.0
-0.4886688915528598 -0.8724693198842663 -1.7005437201439308e-05 -5.255049506362888 0.8724693187133128 -0.48866888963243704 -6.48793400087687e-05 -2.537464130887816 4.829520553712954e-05 -4.654123737639089e-05 0.9999999977507432 0.008252508935296388
0.9593527423092159 -0.28220969744910734 -4.989459644021317e-05 -10.38390593419397 0.28220969560660153 0.9593527432768512 -4.0900000202240065e-05 -2.1894011842562264 5.9408894652352375e-05 2.5156788480651993e-05 0.9999999979188596 -0.07009990467398679
1.0 0.0 0.0 0.0 0.0 1.0 0.0 0.0 0.0 0.0 1.0 0.0
-0.4886593371755471 -0.8724746713705143 2.8406680207122677e-06 -5.2546146164621685 0.8724746692295001 -0.48865933619955954 -6.854108615149759e-05 -2.537105754402546 6.118848056476439e-05 -3.101483083632577e-05 0.9999999976470253 0.00802259983225731
0.9593559636719288 -0.28219874051056726 -7.629779620058354e-05 -10.383880704895525 0.28219873778074417 0.9593559664689553 -4.466956794776243e-05 -2.1888605279202054 8.580244182745832e-05 2.1322874622083427e-05 0.999999996091638 -0.07007958365531615
1.0 0.0 0.0 0.0 0.0 1.0 0.0 0.0 0.0 0.0 1.0 0.0
-0.48865127060502445 -0.8724791892844547 -1.2794844014590252e-06 -5.254315795706592 0.8724791855684906 -0.4886512683874 -9.302219459189561e-05 -2.5372067727684176 8.053470724732986e-05 -4.657173709034475e-05 0.9999999956726171 0.008677417087592454
0.959358843509108 -0.2821889527853893 -6.562583850371237e-05 -10.383642172623663 0.28218894844520753 0.9593588446081116 -6.817312951982912e-05 -2.188888980275106 8.219643263065528e-05 4.6883608336340054e-05 0.9999999955228366 -0.06943784050236294
1.0 0.0 0.0 0.0 0.0 1.0 0.0 0.0 0.0 0.0 1.0 0.0
-0.4886719209025118 -0.872467622067786 4.6527753767904644e-05 -5.254616518612876 0.8724676218679196 -0.48867192246530106 -3.14038787189139e-05 -2.537498449182909 5.013567427130608e-05 2.524776494341043e-05 0.9999999984244823 0.008087299417185834
0.9593519767205799 -0.28221229517786056 -7.219944896176791e-05 -10.383883205875623 0.28221229399030107 0.9593519794248612 -2.6350189639760292e-05 -2.1890445065146977 7.670103177146649e-05 4.903534401563258e-06 0.9999999970464535 -0.07042958854102177
1.0 0.0 0.0 0.0 0.0 1.0 0.0 0.0 0.0 0.0 1.0 0.0
-0.48866139474774245 -0.8724735186614055 -2.275472422824679e-05 -5.254651258928779 0.8724735167056434 -0.4886613914458689 -8.460185593172537e-05 -2.5373814243545567 6.269352372669961e-05 -6.119455518692944e-05 0.9999999961623742 0.008990119905083527
0.9593578927233439 -0.28219218131667734 -8.045595335831425e-05 -10.383605038093561 0.2821921790098686 0.9593578959850337 -3.894650969685029e-05 -2.1888034993638 8.817645465932406e-05 1.465960067919488e-05 0.9999999960050046 -0.07044453270461917
1.0 0.0 0.0 0.0 0.0 1.0 0.0 0.0 0.0 0.0 1.0 0.0
-0.4886560345440551 -0.8724765211149862 2.601961607303794e-06 -5.254358155457107 0.8724765194816663 -0.48865603380761957 -5.9804377930390574e-05 -2.5371659763255323 5.344937984329017e-05 -2.69536197608771e-05 0.9999999982083329 0.008144561621196575
0.9593570768428483 -0.28219496264807525 -4.655745538761139e-05 -10.383731214124914 0.2821949613724518 0.9593570778093063 -3.214324975444492e-05 -2.1888470404322504 5.3735887514732584e-05 1.769857479994607e-05 0.9999999983996074 -0.0697435238983716
1.0 0.0 0.0 0.0 0.0 1.0 0.0 0.0 0.0 0.0 1.0 0.0
-0.4886761545664967 -0.8724652519895602 -5.375364208322167e-06 -5.255262629923105 0.8724652510988353 -0.4886761537680659 -4.861579828174955e-05 -2.5373503195833713 3.978878239214745e-05 -2.844719983926878e-05 0.999999998803805 0.007961541520909082
0.9593496331877488 -0.2822202666345013 -4.9023285773009506e-05 -10.384315024353453 0.2822202660530757 0.9593496344321635 -1.8541993194604428e-05 -2.1891321716004732 5.226339754831635e-05 3.952889616154505e-06 0.9999999986264559 -0.07050395914484558
1.0 0.0 0.0 0.0 0.0 1.0 0.0 0.0 0.0 0.0 1.0 0.0
-0.48866946427439023 -0.8724689978283318 5.014186667672237e-05 -5.254698503623079 0.8724689980859455 -0.48866946579777626 -2.399629565609221e-05 -2.5373754960757147 4.5438823225685355e-05 3.202096723876186e-05 0.9999999984549858 0.007925486427435513
0.9593528708659618 -0.2822092601550836 -5.141942796871648e-05 -10.383671983766101 0.28220925866389396 0.9593528720656441 -3.440603566869696e-05 -2.188961255149099 5.903907777268845e-05 1.84964904459146e-05 0.9999999980861337 -0.06902219268959633
1.0 0.0 0.0 0.0 0.0 1.0 0.0 0.0 0.0 0.0 1.0 0.0
-0.48862221915564796 -0.8724954525185757 -0.00011082335318143868 -5.252957945906857 0.8724954588378858 -0.48862221996800337 -2.146640615485169e-05 -2.536957126073858 -3.5421411103794654e-05 -0.0001071818353966666 0.999999993628689 0.005072410709951486
0.9593622786962374 -0.2821772525404206 -0.00012791991104325147 -10.38302250079821 0.28217724371019764 0.9593622862425815 -8.287052056957536e-05 -2.189116395152773 0.00014610571412533287 4.340676353651704e-05 0.9999999883844864 -0.06960810536142319
1.0 0.0 0.0 0.0 0.0 1.0 0.0 0.0 0.0 0.0 1.0 0.0
-0.48865302800022564 -0.8724782020338996 -7.212423305290151e-05 -5.253931692675924 0.8724782014702094 -0.48865303179701136 4.9748353619824936e-05 -2.5370213233651135 -7.864807926770343e-05 -3.8617137502064e-05 0.9999999961615981 0.0038165011258238235
0.9593427280172148 -0.2822437354594844 -6.320099899482732e-05 -10.384819453234268 0.2822437379401707 0.9593427287536697 3.436604784880457e-05 -2.1902499164643565 5.0931817117860154e-05 -5.0806904292297376e-05 0.9999999974123042 -0.07192438033864965
1.0 0.0 0.0 0.0 0.0 1.0 0.0 0.0 0.0 0.0 1.0 0.0
-0.4886558159459405 -0.8724766434160953 -1.5348960741179984e-05 -5.254395848709888 0.8724766420719228 -0.4886558140174505 -6.682698225549524e-05 -2.5371946457327574 5.080462226259587e-05 -4.604700326802797e-05 0.9999999976492818 0.00804034278318519
0.9593566272929014 -0.28219648392806096 -7.828045309457877e-05 -10.38376849190916 0.282196481169041 0.9593566302648817 -4.452665091758215e-05 -2.1889006578941235 8.766413602646575e-05 2.062646924132657e-05 0.9999999959447741 -0.07008579323527361
1.0 0.0 0.0 0.0 0.0 1.0 0.0 0.0 0.0 0.0 1.0 0.0
-0.48864296275941527 -0.8724838418492225 -2.5646089662912462e-05 -5.253989402795909 0.8724838358166469 -0.48864295539564234 -0.00013557611234276407 -2.5373140125094693 0.00010575618631257689 -8.862411189736622e-05 0.9999999904806979 0.01015386523671194
0.9593632649646643 -0.28217391213842524 -9.562863297976664e-05 -10.382992829507113 0.28217390033267675 0.9593632656431165 -0.00012043927547180687 -2.1887841668396604 0.00012572741915944322 8.856111219519462e-05 0.9999999881747728 -0.06776061658468106
1.0 0.0 0.0 0.0 0.0 1.0 0.0 0.0 0.0 0.0 1.0 0.0
-0.48866096989900626 -0.8724737569104033 -9.941440576722347e-08 -5.254743915328138 0.8724737552630066 -0.48866096896931277 -6.150804978869452e-05 -2.537022473328296 5.3615579339533284e-05 -3.014331972627271e-05 0.9999999981083751 0.0076414265359407985
0.9593565427576962 -0.2821967715412671 -7.745764869122697e-05 -10.383739065854648 0.2821967690281788 0.959356545709701 -4.1880873406433554e-05 -2.1889414885438967 8.612814955184091e-05 1.8320391721681558e-05 0.9999999961231525 -0.07023711576528381
1.0 0.0 0.0 0.0 0.0 1.0 0.0 0.0 0.0 0.0 1.0 0.0
-0.48864483196256253 -0.8724827877452633 -0.00011525854387113223 -5.253662154703764 0.872482793941392 -0.48864483443403234 -7.560321223401314e-06 -2.537027749303121 -4.972424194976592e-05 -0.00010425540827608659 0.9999999933291549 0.004829332681671267
0.9593553104774509 -0.2822009069398994 -0.0001907380728727101 -10.38391883809528 0.2822009138355038 0.95935532736117 9.703012201981005e-06 -2.1889856299234864 0.00018024738749759396 -6.313509475149876e-05 0.9999999817624196 -0.07393619641742291
1.0 0.0 0.0 0.0 0.0 1.0 0.0 0.0 0.0 0.0 1.0 0.0
-0.4886558159459405 -0.8724766434160953 -1.5348960741179984e-05 -5.254395848709888 0.8724766420719228 -0.4886558140174505 -6.682698225549524e-05 -2.5371946457327574 5.080462226259587e-05 -4.604700326802797e-05 0.9999999976492818 0.00804034278318519
0.9593566272929014 -0.28219648392806096 -7.828045309457877e-05 -10.38376849190916 0.282196481169041 0.9593566302648817 -4.452665091758215e-05 -2.1889006578941235 8.766413602646575e-05 2.062646924132657e-05 0.9999999959447741 -0.07008579323527361
1.0 0.0 0.0 0.0 0.0 1.0 0.0 0.0 0.0 0.0 1.0 0.0
-0.48865756640140406 -0.8724756631535977 1.8295705890414982e-06 -5.254360881938228 0.8724756612380342 -0.4886575654654105 -6.527383056773172e-05 -2.5371829382192317 5.7843862121046015e-05 -3.030029538546693e-05 0.9999999978679901 0.008179285678262538
0.9593584642208004 -0.28219023472258586 -9.249388799881189e-05 -10.383394025225016 0.28219023225217327 0.9593584686126012 -3.902241531050073e-05 -2.188819362118707 9.974653928247878e-05 1.1335612686179003e-05 0.9999999949610658 -0.07058717876168255
1.0 0.0 0.0 0.0 0.0 1.0 0.0 0.0 0.0 0.0 1.0 0.0
-0.4886560345440551 -0.8724765211149862 2.601961607303794e-06 -5.254358155457107 0.8724765194816663 -0.48865603380761957 -5.9804377930390574e-05 -2.5371659763255323 5.344937984329017e-05 -2.69536197608771e-05 0.9999999982083329 0.008144561621196575
0.9593570768428483 -0.28219496264807525 -4.655745538761139e-05 -10.383731214124914 0.2821949613724518 0.9593570778093063 -3.214324975444492e-05 -2.1888470404322504 5.3735887514732584e-05 1.769857479994607e-05 0.9999999983996074 -0.0697435238983716
1.0 0.0 0.0 0.0 0.0 1.0 0.0 0.0 0.0 0.0 1.0 0.0
-0.48867011935176624 -0.8724686309849893 4.8988869313715664e-05 -5.254637855136837 0.8724686318690202 -0.4886701201906325 -6.1214904172131e-06 -2.5373893220348087 2.9280205019425435e-05 3.974986233415508e-05 0.999999998781309 0.00748551473868192
0.9593506087391226 -0.2822169544658849 -1.1129977985287703e-05 -10.384088941129198 0.282216954569281 0.9593506087295973 9.153759624874465e-06 -2.1891795106732346 8.09420499208913e-06 -1.192273335980266e-05 0.9999999998961663 -0.07008433451907498
