1.0 0.0 0.0 0.0 0.0 1.0 0.0 0.0 0.0 0.0 1.0 0.0
-0.48865376327199606 -0.8724777929777164 2.0021222886590833e-05 -5.254254222093458 0.8724777881860722 -0.48865376279297296 -9.60739707190341e-05 -2.5372770184871634 9.360585183479343e-05 -2.947883508346219e-05 0.9999999951844714 0.009091036712899361
0.9593601908420428 -0.28218436947382963 -7.649951031628073e-05 -10.383439176060024 0.28218436477827974 0.959360192955762 -6.668254118137854e-05 -2.188720252053308 9.220735581621324e-05 4.238560970914612e-05 0.999999994850632 -0.06970122160603709
1.0 0.0 0.0 0.0 0.0 1.0 0.0 0.0 0.0 0.0 1.0 0.0
-0.48865131331763584 -0.8724791652890251 1.1380490482920236e-05 -5.254281445785129 0.8724791617836322 -0.4886513124527982 -8.421097526766428e-05 -2.537171067031206 7.903341302055202e-05 -3.122056286308107e-05 0.9999999963894981 0.00868332315289562
0.9593596638778409 -0.28218616854870227 -4.004996894589004e-05 -10.383595612967945 0.28218616647977063 0.9593596639981281 -5.040684932408524e-05 -2.1888146848965313 5.264644043044846e-05 3.70567508202174e-05 0.9999999979275747 -0.06930116827613204
1.0 0.0 0.0 0.0 0.0 1.0 0.0 0.0 0.0 0.0 1.0 0.0
-0.4886566087492959 -0.8724761985574165 4.09443195986874e-05 -5.254375492095825 0.8724761940241214 -0.48865661040063035 -8.92913685352061e-05 -2.5371788974742735 9.79123062138468e-05 -7.909873208628416e-06 0.999999995175307 0.009062128482127521
0.9593588182171013 -0.2821890369083678 -7.319709735627144e-05 -10.383724811344297 0.2821890336677685 0.9593588205766581 -5.1569512901506376e-05 -2.1885129123290525 8.477463216886279e-05 2.8818248782971757e-05 0.9999999959913851 -0.06999450975857921
1.0 0.0 0.0 0.0 0.0 1.0 0.0 0.0 0.0 0.0 1.0 0.0
-0.4886341430361011 -0.8724887497829995 -0.00023613867474620826 -5.25323794993705 0.872488768950905 -0.48863416431577905 3.896094865655717e-05 -2.5366850236520087 -0.0001493784133809786 -0.00018699069187234075 0.9999999713602852 0.0010846312436216532
0.9593580176211454 -0.2821916809090408 -0.0002219273683583484 -10.38366863355485 0.2821916939739562 0.9593580390000453 2.9293294164672935e-05 -2.189087302234732 0.00020464148098901815 -9.072881663564178e-05 0.9999999749450729 -0.07551415796803398
1.0 0.0 0.0 0.0 0.0 1.0 0.0 0.0 0.0 0.0 1.0 0.0
-0.4886558159459405 -0.8724766434160953 -1.5348960741179984e-05 -5.254395848709888 0.8724766420719228 -0.4886558140174505 -6.682698225549524e-05 -2.5371946457327574 5.080462226259587e-05 -4.604700326802797e-05 0.9999999976492818 0.00804034278318519
0.9593566272929014 -0.28219648392806096 -7.828045309457877e-05 -10.38376849190916 0.282196481169041 0.9593566302648817 -4.452665091758215e-05 -2.1889006578941235 8.766413602646575e-05 2.062646924132657e-05 0.9999999959447741 -0.07008579323527361
1.0 0.0 0.0 0.0 0.0 1.0 0.0 0.0 0.0 0.0 1.0 0.0
-0.48864952819004337 -0.8724801642776969 -3.9263348596829185e-05 -5.254133373048851 0.8724801623975037 -0.48864952256552113 -0.00010158401874398082 -2.5372799380260744 6.944402481553417e-05 -8.389547559090353e-05 0.9999999940695383 0.009283860177896383
0.9593602879569523 -0.2821840288321334 -0.00010845837627672783 -10.383199869106528 0.2821840202049939 0.9593602925623478 -8.829289572869151e-05 -2.1887902220108586 0.00012896550462963746 5.409947722808716e-05 0.9999999902205726 -0.06866010538645996
1.0 0.0 0.0 0.0 0.0 1.0 0.0 0.0 0.0 0.0 1.0 0.0
-0.48865569750604887 -0.8724767041412362 -0.00010012853175227947 -5.254087287800907 0.8724767060189497 -0.48865570292807375 3.808140323687821e-05 -2.5370818203462875 -8.215351525175313e-05 -6.875111690102332e-05 0.9999999942620419 0.0035881701137329136
0.9593471370386261 -0.28222872436523516 -0.00013341275827836112 -10.38451821446783 0.2822287291278672 0.9593471447463414 1.7941903725793e-05 -2.1896789067424827 0.00012292542812586746 -5.48654271907162e-05 0.999999990939562 -0.07310467144791508
1.0 0.0 0.0 0.0 0.0 1.0 0.0 0.0 0.0 0.0 1.0 0.0
-0.48864952819004337 -0.8724801642776969 -3.9263348596829185e-05 -5.254133373048851 0.8724801623975037 -0.48864952256552113 -0.00010158401874398082 -2.5372799380260744 6.944402481553417e-05 -8.389547559090353e-05 0.9999999940695383 0.009283860177896383
0.9593602879569523 -0.2821840288321334 -0.00010845837627672783 -10.383199869106528 0.2821840202049939 0.9593602925623478 -8.829289572869151e-05 -2.1887902220108586 0.00012896550462963746 5.409947722808716e-05 0.9999999902205726 -0.06866010538645996
1.0 0.0 0.0 0.0 0.0 1.0 0.0 0.0 0.0 0.0 1.0 0.0
-0.4886549329291007 -0.872477138023585 1.2256851429095961e-05 -5.254458868291228 0.872477134562275 -0.4886549321608891 -8.331170175307891e-05 -2.5371247088291575 7.867692601298608e-05 -3.0016851418747475e-05 0.9999999964544649 0.008506624611781755
0.9593573222474469 -0.2821941251185366 -6.323600321551004e-05 -10.383931371145493 0.28219412202934874 0.9593573237455856 -5.35517806470412e-05 -2.1887042278661752 7.577792069743374e-05 3.353046447508053e-05 0.9999999965667073 -0.069753916078933
1.0 0.0 0.0 0.0 0.0 1.0 0.0 0.0 0.0 0.0 1.0 0.0
-0.488659833380832 -0.8724743923443607 -4.408579459012502e-05 -5.254722239785147 0.8724743920439532 -0.48865982908788325 -8.162926151798431e-05 -2.5373008137360387 4.9676483490812914e-05 -7.835266816519464e-05 0.9999999956965534 0.008595872611727201
0.9593565927033912 -0.28219660365970173 -7.013892948432829e-05 -10.383828201046372 0.28219660141222785 0.9593565950815945 -4.0309279224050765e-05 -2.1889546293882063 7.866338626575906e-05 1.8878005243524325e-05 0.9999999967278465 -0.07020507920737398
1.0 0.0 0.0 0.0 0.0 1.0 0.0 0.0 0.0 0.0 1.0 0.0
-0.4886402934532857 -0.8724853365370353 3.378969233302277e-05 -5.254125385712751 0.872485320507476 -0.48864029131668607 -0.0001766377995814408 -2.537203996578093 0.00017062489511807585 -5.683133567739163e-05 0.9999999838286722 0.011184056176498168
0.9593670033580003 -0.2821612120620226 -5.723268381741622e-05 -10.382818200141681 0.2821612007287553 0.9593669960482578 -0.00015393715812555634 -2.18867300404683 9.834224306778485e-05 0.00013153338730951232 0.9999999865138853 -0.0665663469527425
1.0 0.0 0.0 0.0 0.0 1.0 0.0 0.0 0.0 0.0 1.0 0.0
-0.4886472252701029 -0.8724814549480038 -2.764784689928255e-06 -5.254269357018206 0.8724814471185742 -0.488647220455551 -0.00013555420594713814 -2.5372432255261224 0.0001169175264751653 -6.865040995698907e-05 0.9999999908087067 0.010036580880774894
0.9593629274902966 -0.28217505807903326 -9.97764660803998e-05 -10.383072661676902 0.28217504591279235 0.9593629287014864 -0.00012040523011856977 -2.1887737294886414 0.0001296971955161138 8.735788515440843e-05 0.9999999877736184 -0.0677629412852961
1.0 0.0 0.0 0.0 0.0 1.0 0.0 0.0 0.0 0.0 1.0 0.0
-0.48863256329562493 -0.872489660170204 -0.00010480090020422166 -5.253265413319043 0.8724896662678495 -0.488632562210109 -3.746733071257805e-05 -2.5370558732961612 -1.8519273747803393e-05 -0.00010974546028967851 0.9999999938064854 0.006188111498401511
0.9593576904108184 -0.282192844170827 -0.0001433471342535331 -10.383576948642762 0.28219283922020566 0.9593577010521709 -5.408081597337953e-05 -2.1889983709039242 0.00015278239644450373 1.1431311898667129e-05 0.9999999882634323 -0.07050335033769844
1.0 0.0 0.0 0.0 0.0 1.0 0.0 0.0 0.0 0.0 1.0 0.0
-0.48864405728958527 -0.872483226079772 -7.40608187963516e-05 -5.253343086964354 0.8724832285684677 -0.48864405845076153 -2.740714333619086e-06 -2.537230995761284 -3.3798151785275074e-05 -6.595605606571361e-05 0.9999999972537417 0.0055878947522664535
0.9593522330956413 -0.28221135658577606 -0.0002075293289804015 -10.384015132019421 0.2822113585737183 0.9593522547437746 -2.0248763277658776e-05 -2.1888954689562325 0.00020480816063658507 -3.914143760760573e-05 0.9999999782607824 -0.07271671384628178
1.0 0.0 0.0 0.0 0.0 1.0 0.0 0.0 0.0 0.0 1.0 0.0
-0.48864382985493643 -0.8724833545414229 -5.994035395933636e-05 -5.254010064527259 0.872483356576347 -0.4886438281781824 -4.0995637357451806e-05 -2.536909967603222 6.478527182140402e-06 -7.232922646250811e-05 0.9999999973632558 0.006002492411966195
0.959355574033625 -0.28220005290442596 -0.00011274463871673973 -10.384167917502907 0.2822000510746597 0.9593555806580757 -3.2150679410429435e-05 -2.189087770104802 0.00011723512177273007 -9.726093028989316e-07 0.99999999312749 -0.07143839425015187
1.0 0.0 0.0 0.0 0.0 1.0 0.0 0.0 0.0 0.0 1.0 0.0
-0.48865470593594523 -0.872477257219682 -0.0001183261380712004 -5.254522246945177 0.8724772611230358 -0.4886546859537272 -0.00016345858818983089 -2.5374192393537385 8.479327885356864e-05 -0.00018311167320821797 0.9999999796401072 0.011550935322574299
0.9593613102701993 -0.2821805454339711 -0.00012702453596520778 -10.383089270220722 0.28218053368250884 0.9593613166215592 -0.00010286302787823137 -2.1888412162730475 0.00015088837137849424 6.283895785419677e-05 0.9999999866419823 -0.06821613018271669
1.0 0.0 0.0 0.0 0.0 1.0 0.0 0.0 0.0 0.0 1.0 0.0
-0.48863795145682276 -0.8724866441664835 -9.026177121641718e-05 -5.2535669169750925 0.8724866487231611 -0.4886379504387224 -3.450901325540251e-05 -2.536993048702662 -1.3996673721465202e-05 -9.561460382033605e-05 0.9999999953309702 0.006028470063532854
0.9593566789248487 -0.2821962779379013 -0.00015270978854655797 -10.38374833652163 0.28219627260736274 0.9593566910217516 -5.5841795088234003e-05 -2.1889792941011947 0.00016226150415392637 1.0478065962545829e-05 0.9999999867807071 -0.07045508135859856
1.0 0.0 0.0 0.0 0.0 1.0 0.0 0.0 0.0 0.0 1.0 0.0
-0.48867011935176624 -0.8724686309849893 4.8988869313715664e-05 -5.254637855136837 0.8724686318690202 -0.4886701201906325 -6.1214904172131e-06 -2.5373893220348087 2.9280205019425435e-05 3.974986233415508e-05 0.999999998781309 0.00748551473868192
0.9593506087391226 -0.2822169544658849 -1.1129977985287703e-05 -10.384088941129198 0.282216954569281 0.9593506087295973 9.153759624874465e-06 -2.1891795106732346 8.09420499208913e-06 -1.192273335980266e-05 0.9999999998961663 -0.07008433451907498
1.0 0.0 0.0 0.0 0.0 1.0 0.0 0.0 0.0 0.0 1.0 0.0
-0.48867214188126135 -0.8724674962110219 7.618694758969099e-05 -5.2548682623145435 0.8724674965015493 -0.48867214560246464 -4.075050420937023e-05 -2.537245166853875 7.278392952244262e-05 4.655699925493664e-05 0.9999999962674728 0.008280339981295168
0.9593518687763632 -0.28221266643111476 -5.273652715851186e-05 -10.384051994661565 0.28221266497138875 0.9593518700709738 -3.3482421909641334e-05 -2.188635044044961 6.004204951626431e-05 1.7238508159436662e-05 0.9999999980488933 -0.06905462602029636
1.0 0.0 0.0 0.0 0.0 1.0 0.0 0.0 0.0 0.0 1.0 0.0
-0.48864952819004337 -0.8724801642776969 -3.9263348596829185e-05 -5.254133373048851 0.8724801623975037 -0.48864952256552113 -0.00010158401874398082 -2.5372799380260744 6.944402481553417e-05 -8.389547559090353e-05 0.9999999940695383 0.009283860177896383
0.9593602879569523 -0.2821840288321334 -0.00010845837627672783 -10.383199869106528 0.2821840202049939 0.9593602925623478 -8.829289572869151e-05 -2.1887902220108586 0.00012896550462963746 5.409947722808716e-05 0.9999999902205726 -0.06866010538645996
