1.0 0.0 0.0 0.0 0.0 1.0 0.0 0.0 0.0 0.0 1.0 0.0
0.9569785246131468 0.29015875522784257 -1.392384084043662e-05 1.0847299440826035 -0.2901587555321796 0.956978524100315 -3.160379931339043e-05 -1.3151597948123381 4.154697588044986e-06 3.4284281569589516e-05 0.9999999994036632 0.14806794832292125
-0.19425574025178413 -0.9809509197252467 -2.1666215913606603e-05 1.3257646577410132 0.9809509198175252 -0.19425573979293304 -2.1602128513381666e-05 0.6470527639470376 1.698184103241413e-05 -2.5449831894796064e-05 0.9999999995319616 0.4243621876350202
1.0 0.0 0.0 0.0 0.0 1.0 0.0 0.0 0.0 0.0 1.0 0.0
0.9569872346875907 0.2901300258615501 -2.717675241003674e-05 1.0859079241528768 -0.29013002659937376 0.9569872344130442 -2.891229376932529e-05 -1.3149398630033748 1.7619480590197526e-05 3.555348796239262e-05 0.9999999992127518 0.1484579904396528
-0.19428016111034285 -0.9809460835349457 -1.4013964134524775e-05 1.326262056826186 0.9809460834389073 -0.19428016076598129 -2.2773113904923458e-05 0.6468271700272894 1.9616561689910475e-05 -1.8171307469648926e-05 0.9999999996424971 0.4242048156440642
1.0 0.0 0.0 0.0 0.0 1.0 0.0 0.0 0.0 0.0 1.0 0.0
0.9569871134274585 0.290130423867287 -4.336321552614793e-05 1.0860585712156818 -0.29013042539338 0.9569871133318658 -3.431907632498781e-05 -1.3147268604892504 3.154103029025278e-05 4.5423901954775924e-05 0.9999999984709161 0.14837706967311243
-0.19427983401824012 -0.9809461482048734 -2.0392838584249154e-05 1.3265099268990326 0.9809461482118852 -0.1942798335106919 -2.4481117412496627e-05 0.6473378152134301 2.0052740544584266e-05 -2.4760463887806155e-05 0.9999999994924035 0.42414415274771516
1.0 0.0 0.0 0.0 0.0 1.0 0.0 0.0 0.0 0.0 1.0 0.0
0.9569947656471209 0.2901051838060343 -2.9204100002850588e-05 1.0848974857953433 -0.2901051845431648 0.9569947655358968 -2.5260040521303376e-05 -1.315247996358675 2.0620102136536624e-05 3.264598737966333e-05 0.9999999992545255 0.14827054568185372
-0.19430162224264985 -0.9809418327930222 -1.6448159363193796e-05 1.3257457789383391 0.980941832668459 -0.19430162177546476 -2.6390711143388114e-05 0.645938036586216 2.269184851821714e-05 -2.126244557705053e-05 0.9999999995164942 0.4240516988905354
1.0 0.0 0.0 0.0 0.0 1.0 0.0 0.0 0.0 0.0 1.0 0.0
0.956994637902271 0.2901056040676627 -3.892092617510627e-05 1.0847789518445703 -0.29010560529739815 0.9569946378248566 -3.0813983799352806e-05 -1.3154936665580124 2.8307808264911986e-05 4.077999611515212e-05 0.99999999876783 0.14878890283262328
-0.1943008847763058 -0.9809419786966368 -2.4614458264800912e-05 1.3257278120910003 0.9809419786528412 -0.19430088397248121 -3.1688514004698666e-05 0.6462526930033761 2.6301982630371065e-05 -3.0302461702103685e-05 0.9999999991949834 0.42469698507893827
1.0 0.0 0.0 0.0 0.0 1.0 0.0 0.0 0.0 0.0 1.0 0.0
0.95699479090756 0.2901051019362658 -2.51897536491094e-06 1.0848319792580763 -0.29010510194505507 0.9569947908309985 -1.2156634426947705e-05 -1.3156278907378152 -1.1160553671837735e-06 1.2364603426591435e-05 0.9999999999229353 0.14758963711726897
-0.1943036776783393 -0.9809414255438272 -2.219721616330117e-05 1.3250917976538235 0.9809414254987714 -0.19430367701383655 -2.897137630486416e-05 0.6454365067588128 2.4106222452458048e-05 -2.7403413828769648e-05 0.9999999993339713 0.4240682777482394
1.0 0.0 0.0 0.0 0.0 1.0 0.0 0.0 0.0 0.0 1.0 0.0
0.9569872032585858 0.29013012722594506 -4.55540068248413e-05 1.0859234255050216 -0.2901301288894401 0.9569872031826282 -3.543005616268478e-05 -1.3147487593813905 3.331527488296385e-05 4.7122700229946e-05 0.9999999983347718 0.14874873286575258
-0.19428020847118546 -0.9809460741327239 -1.5491557489430025e-05 1.3262751468959575 0.9809460740597626 -0.19428020809316 -2.3022081340573323e-05 0.6473565626579842 1.957371729666065e-05 -1.9669117262614984e-05 0.9999999996149979 0.42428530755801863
1.0 0.0 0.0 0.0 0.0 1.0 0.0 0.0 0.0 0.0 1.0 0.0
0.9569871788908161 0.29013020962911873 -2.9986035005789256e-05 1.0859855513210848 -0.2901302104866806 0.9569871786353962 -2.9839902976008656e-05 -1.3148177904273304 2.0038793732905977e-05 3.7256259215281954e-05 0.9999999991052088 0.14838495885280145
-0.19427998339633445 -0.9809461187309941 -1.4075452142420463e-05 1.3265713529921959 0.9809461186413353 -0.19427998305568636 -2.2502919825824953e-05 0.6470541785170036 1.933957325952589e-05 -1.817912703735962e-05 0.99999999964775 0.4240321568162114
1.0 0.0 0.0 0.0 0.0 1.0 0.0 0.0 0.0 0.0 1.0 0.0
0.956998079663034 0.29009425245254467 -1.4671886513512627e-05 1.0850812455021694 -0.29009425276003764 0.9569980771709766 -6.93299946705219e-05 -1.3155200879707352 -6.071265794575206e-06 7.060490171745478e-05 0.9999999974890438 0.1480704728951261
-0.19429986800724244 -0.9809421803680474 -8.194524272742207e-06 1.325424187765841 0.9809421774767023 -0.1942998667758033 -7.885537958314857e-05 0.6464761033481411 7.576037300755905e-05 -2.3359944328153557e-05 0.9999999968573394 0.424326044428762
1.0 0.0 0.0 0.0 0.0 1.0 0.0 0.0 0.0 0.0 1.0 0.0
0.9569789152236843 0.29015746719532437 -6.934977383559914e-06 1.0850742000834313 -0.29015746727241126 0.9569789147802814 -2.918927998335169e-05 -1.3151383661367966 -1.8328604186792413e-06 2.994576096783648e-05 0.9999999995499458 0.148245429242307
-0.1942556172905374 -0.9809509441175326 -1.964673394558106e-05 1.3257882126012257 0.9809509441672422 -0.19425561687568663 -2.120477193083737e-05 0.6471718577556835 1.6984352623160813e-05 -2.3391628274647118e-05 0.9999999995821818 0.42433286921251706
1.0 0.0 0.0 0.0 0.0 1.0 0.0 0.0 0.0 0.0 1.0 0.0
0.9569871398326932 0.29013033876963873 -2.6837602576486634e-05 1.086014431841283 -0.2901303394935299 0.9569871395560942 -2.880303210788537e-05 -1.3150227747469931 1.7326607059159773e-05 3.5350534062145967e-05 0.9999999992250642 0.14858226444935957
-0.19427992672016117 -0.9809461299915773 -1.1320630429516386e-05 1.326411643685838 0.9809461298706809 -0.19427992644547407 -2.172724414697032e-05 0.6470224605573327 1.9113884814187838e-05 -1.5326096008235286e-05 0.9999999996998851 0.4242612793812953
1.0 0.0 0.0 0.0 0.0 1.0 0.0 0.0 0.0 0.0 1.0 0.0
0.956987063426276 0.2901305909390263 -2.5221485917258932e-05 1.0866086321322355 -0.29013059159694105 0.9569870631430467 -2.8221537140970384e-05 -1.3146808414138245 1.5948704488143884e-05 3.432517058404292e-05 0.9999999992837106 0.14862100268792372
-0.194279639478462 -0.9809461869411801 3.110935898411931e-06 1.3268654984018102 0.9809461868051051 -0.1942796395033305 -1.633951545524164e-05 0.6468445605201438 1.6632576887147867e-05 -1.2277446495500628e-07 0.999999999861671 0.42389321862734286
1.0 0.0 0.0 0.0 0.0 1.0 0.0 0.0 0.0 0.0 1.0 0.0
0.9569786771164083 0.29015825247743343 -7.985676547390294e-06 1.0847661399629676 -0.29015825258491995 0.9569786766340184 -3.040837142372362e-05 -1.315528823648961 -1.1811177386429285e-06 3.1417273011037714e-05 0.99999999950578 0.14808368279844714
-0.19425315121166714 -0.9809514324644967 -1.9753223288679605e-05 1.3249713005365713 0.9809514325114417 -0.19425315078777816 -2.1512126523775293e-05 0.6468393638385805 1.726522546681521e-05 -2.355575104825394e-05 0.9999999995735193 0.42429029468198365
1.0 0.0 0.0 0.0 0.0 1.0 0.0 0.0 0.0 0.0 1.0 0.0
0.9569946272893297 0.2901056415927184 -7.445370683151491e-06 1.0849658842984713 -0.29010564168195735 0.9569946271225294 -1.7969701546342896e-05 -1.3151392818238108 1.912067944380581e-06 1.9356851873437248e-05 0.9999999998108282 0.1486336382547148
-0.1943031399940475 -0.9809415322601097 -8.69724539546706e-06 1.3250814192134532 0.9809415320483208 -0.19430313973651328 -2.4315139803317154e-05 0.6466712820071052 2.2161828408387068e-05 -1.3255997236006893e-05 0.9999999996665659 0.4243955017504754
1.0 0.0 0.0 0.0 0.0 1.0 0.0 0.0 0.0 0.0 1.0 0.0
0.9569947112673726 0.29010536227391603 -3.723169111993727e-05 1.084951819668134 -0.29010536339701726 0.9569947111997065 -2.9395168499877292e-05 -1.3153543569265231 2.710283548403756e-05 3.8932134073432206e-05 0.9999999988748626 0.14844582010178095
-0.19430156571667542 -0.9809418438844119 -2.183341817216332e-05 1.3255956482136222 0.980941843812552 -0.19430156504226515 -2.9660706863769304e-05 0.6461875393375465 2.4853161160789145e-05 -2.718043526242768e-05 0.9999999993217722 0.42432077233145327
1.0 0.0 0.0 0.0 0.0 1.0 0.0 0.0 0.0 0.0 1.0 0.0
0.9569871831251141 0.29013019457633565 -3.910699991647189e-05 1.0859725729442313 -0.29013019587157035 0.956987182967041 -3.286839961385036e-05 -1.3146801359292017 2.788878250897679e-05 4.280075870600481e-05 0.9999999986951555 0.14850851834677808
-0.1942799973221855 -0.9809461159530153 -1.5400829464190958e-05 1.3265563047603817 0.9809461158812719 -0.19427999694894288 -2.286843112568926e-05 0.6477116853838814 1.9440625589370973e-05 -1.9550262582109452e-05 0.9999999996199246 0.42434850625480514
1.0 0.0 0.0 0.0 0.0 1.0 0.0 0.0 0.0 0.0 1.0 0.0
0.9569783462803014 0.2901593399702571 -4.6675952645520537e-05 1.085002261553356 -0.29015934191198883 0.9569783459007194 -4.217020344131144e-05 -1.3153699977567292 3.2431797559104035e-05 5.389943525431236e-05 0.9999999980215147 0.14794344340165633
-0.19425456547681916 -0.9809511515743307 -4.4904420223797134e-05 1.3258644553203602 0.9809511523985127 -0.19425456430031673 -2.926643975926283e-05 0.6467326459977301 1.9986059198600084e-05 -4.973418230480897e-05 0.9999999985635343 0.42425415858932974
1.0 0.0 0.0 0.0 0.0 1.0 0.0 0.0 0.0 0.0 1.0 0.0
0.9569869736016489 0.29013087966062046 -7.088096766805795e-05 1.0862976593972504 -0.2901308831281907 0.9569869741343723 -4.463624023463068e-05 -1.3149965122337033 5.488181112835469e-05 6.328105820160851e-05 0.9999999964917471 0.14870098251186276
-0.1942795945580728 -0.9809461956374718 -2.0067935406652648e-05 1.326433371890585 0.980946195628735 -0.19427959404770143 -2.4863042273011073e-05 0.6467144870216135 2.049051638550143e-05 -2.451594666356027e-05 0.9999999994895536 0.4241547534493717
1.0 0.0 0.0 0.0 0.0 1.0 0.0 0.0 0.0 0.0 1.0 0.0
0.9569869872386478 0.29013083942140877 -4.767102211562983e-05 1.0862540290018319 -0.2901308412195092 0.9569869871885355 -3.6401526251352716e-05 -1.315045590895779 3.5059342463109775e-05 4.866662068637578e-05 0.9999999982012013 0.1487334427198117
-0.19427963785037844 -0.980946187226376 -9.097389444368509e-06 1.3263126279336723 0.9809461870935127 -0.19427963763215142 -2.0693468535137374e-05 0.6465442198556541 1.8531741535384606e-05 -1.2944369060835273e-05 0.9999999997445089 0.42400491502719
1.0 0.0 0.0 0.0 0.0 1.0 0.0 0.0 0.0 0.0 1.0 0.0
0.9569871112952371 0.2901304310525995 -4.233237327022298e-05 1.0861871392641043 -0.29013043252468934 0.9569871111784278 -3.407937211648293e-05 -1.31474327421876 3.062407268304029e-05 4.489542964319338e-05 0.9999999985232831 0.14822649460861126
-0.19427982948585568 -0.9809461490924163 -2.0873573488851465e-05 1.3266616298416145 0.9809461491017761 -0.194279828956587 -2.495989137493523e-05 0.6468437993510001 2.042899503888492e-05 -2.5325054972188845e-05 0.999999999470649 0.4238968624467688
