1.0 0.0 0.0 0.0 0.0 1.0 0.0 0.0 0.0 0.0 1.0 0.0
0.9569946755927963 0.2901054787699118 -4.5549092253598383e-05 1.084934426999757 -0.2901054803825329 0.9569946755867951 -3.3919688931393485e-05 -1.3155675283833332 3.374995116733343e-05 4.567500299432652e-05 0.9999999983873673 0.14869184276754852
-0.19430389322757455 -0.9809413822141344 -4.1670503482919445e-05 1.3249930602709548 0.9809413826178272 -0.19430389162605813 -3.958274344546794e-05 0.6457597954659242 3.073161007447397e-05 -4.856740245699777e-05 0.9999999983483878 0.4247545750268469
1.0 0.0 0.0 0.0 0.0 1.0 0.0 0.0 0.0 0.0 1.0 0.0
0.9569872391484012 0.290130009605291 -4.0417246869500295e-05 1.085953765980085 -0.290130010982512 0.9569872389891315 -3.375271324350498e-05 -1.3149289304973766 2.888611447164351e-05 4.4027172138797415e-05 0.9999999986136003 0.14866864741614505
-0.19428010788309083 -0.9809460941151728 -1.100552469099017e-05 1.3262260368110583 0.9809460939911542 -0.19428010761573525 -2.1640635522475875e-05 0.6469128527176662 1.9090142368612422e-05 -1.5000171461914373e-05 0.9999999997052806 0.42414737549653003
1.0 0.0 0.0 0.0 0.0 1.0 0.0 0.0 0.0 0.0 1.0 0.0
0.9569870562539015 0.29013061318324496 -3.8162895243388195e-05 1.0860454405945483 -0.2901306144341815 0.9569870560762435 -3.27195687058769e-05 -1.314880320382247 2.7028448238585398e-05 4.23844279832918e-05 0.9999999987365115 0.14849989988522666
-0.19427979642651844 -0.9809461556265375 -2.1493901256257913e-05 1.3266593450376596 0.9809461556474213 -0.1942797958790533 -2.5174177653114807e-05 0.6470816401686719 2.051868204117596e-05 -2.597519391684439e-05 0.9999999994521362 0.42430161364979857
1.0 0.0 0.0 0.0 0.0 1.0 0.0 0.0 0.0 0.0 1.0 0.0
0.9570016460110911 0.2900824861466695 2.762298994285242e-05 1.085128964901294 -0.2900824838229123 0.9570016447501644 -6.726522780828886e-05 -1.315273588650482 -4.594771132208561e-05 5.63599881986098e-05 0.9999999973561798 0.14814090141635927
-0.19431176704698366 -0.9809398232957899 1.61091309510347e-05 1.3255799969629045 0.9809398199308967 -0.19431176771473532 -8.124971040927514e-05 0.6466105937599991 8.283127028315252e-05 1.4313212673438857e-08 0.9999999965694903 0.4243465742243459
1.0 0.0 0.0 0.0 0.0 1.0 0.0 0.0 0.0 0.0 1.0 0.0
0.9569871216029749 0.29013039545694375 -5.213493236476138e-05 1.0861368542320502 -0.29013039752338304 0.9569871216566618 -3.7632721989503456e-05 -1.3146632523884565 3.8974062348579265e-05 5.113995894666631e-05 0.9999999979328634 0.14815771437509245
-0.19427981240915318 -0.9809461523174078 -2.727521187159185e-05 1.326876849183396 0.9809461524627409 -0.19427981168058858 -2.723784404612613e-05 0.64718381963067 2.14198352885071e-05 -3.204727737475602e-05 0.9999999992570814 0.4238269547529281
1.0 0.0 0.0 0.0 0.0 1.0 0.0 0.0 0.0 0.0 1.0 0.0
0.9569948189382869 0.29010500760980235 -3.293923166975628e-05 1.084771411031348 -0.2901050085406768 0.9569948188076054 -2.8195971328899573e-05 -1.3153561135091145 2.334288156652276e-05 3.6539234561566924e-05 0.9999999990599971 0.14868028165146321
-0.19430318664488308 -0.9809415227822251 -2.326656972332773e-05 1.325053946033361 0.9809415227147498 -0.19430318589460752 -3.106886276054639e-05 0.6462398507743821 2.5955968925361732e-05 -2.8859923372556313e-05 0.9999999992466964 0.42460690536635803
1.0 0.0 0.0 0.0 0.0 1.0 0.0 0.0 0.0 0.0 1.0 0.0
0.9569945688623744 0.2901058344229498 -1.2967355421560326e-06 1.0848797395844185 -0.2901058344074892 0.9569945687419658 -1.5527798282553784e-05 -1.3154751767031705 -3.2637360065703604e-06 1.5236209169257172e-05 0.9999999998786031 0.14871451138660965
-0.19430162082447985 -0.9809418330022743 -2.0276072030626886e-05 1.3254047618099918 0.9809418328727596 -0.1943016201723392 -3.030899154847225e-05 0.646693530456826 2.5791684079728344e-05 -2.577873344460424e-05 0.999999999335123 0.42489879241029177
1.0 0.0 0.0 0.0 0.0 1.0 0.0 0.0 0.0 0.0 1.0 0.0
0.9569870090828074 0.2901307698498402 -2.8863150372460036e-05 1.086098051779465 -0.29013077065476595 0.9569870088266272 -2.9263228394940267e-05 -1.3149908941654873 1.913149695773657e-05 3.6378617478868956e-05 0.9999999991552911 0.14856480762891527
-0.19427955702809377 -0.9809462031660573 -1.4665092658579644e-05 1.326488294207231 0.9809462030814257 -0.19427955667039112 -2.2805521991227575e-05 0.646569564763567 1.952186250827774e-05 -1.881631367152245e-05 0.9999999996324217 0.4243180971958772
1.0 0.0 0.0 0.0 0.0 1.0 0.0 0.0 0.0 0.0 1.0 0.0
0.9569785030215678 0.2901588250386184 -3.173022517216022e-05 1.0850209517530178 -0.29015882610921667 0.9569785025084411 -3.698138636560396e-05 -1.3155358141938578 1.963466775336706e-05 4.459719665195196e-05 0.9999999988127848 0.14815875209633383
-0.19425349398608086 -0.9809513641172773 -3.6202949330405326e-05 1.3254079080664543 0.9809513646071859 -0.19425349311516008 -2.6227071118336546e-05 0.646676469919548 1.8694931821839068e-05 -4.060803275021804e-05 0.9999999990007435 0.42437421658555763
1.0 0.0 0.0 0.0 0.0 1.0 0.0 0.0 0.0 0.0 1.0 0.0
0.9569872791178694 0.2901298792392355 -2.791421402113606e-05 1.0858379498127084 -0.29012988000887097 0.9569872788457476 -2.9213853246545805e-05 -1.314955849379927 1.8237736002669108e-05 3.60560334954556e-05 0.9999999991836738 0.1484769240531571
-0.19428016958447272 -0.9809460818691117 -1.3109808233025243e-05 1.326281696492477 0.9809460817642592 -0.19428016926427255 -2.240521278115055e-05 0.6470025594736454 1.9431329928582346e-05 -1.7212903557564158e-05 0.9999999996630695 0.42418147678462714
1.0 0.0 0.0 0.0 0.0 1.0 0.0 0.0 0.0 0.0 1.0 0.0
0.9569872127472471 0.29013009821608066 -2.733831170021167e-05 1.085948866524335 -0.2901300989591615 0.9569872124765422 -2.888468526981496e-05 -1.314911459448294 1.778209813352741e-05 3.557394152640046e-05 0.999999999209146 0.1484168942171899
-0.1942800099234695 -0.9809461135051989 -1.1965905810783856e-05 1.3263854208410581 0.9809461133941173 -0.1942800096362537 -2.1741973473227532e-05 0.6469348218309932 1.9002968082273008e-05 -1.5961939620463066e-05 0.9999999996920518 0.42405537839251406
1.0 0.0 0.0 0.0 0.0 1.0 0.0 0.0 0.0 0.0 1.0 0.0
0.9569778243774041 0.2901610650077203 -1.8643352275173238e-06 1.0845935781792377 -0.2901610649427587 0.9569778239815583 -2.8263149163777677e-05 -1.3157870587488958 -6.416737992631285e-06 2.758816449183135e-05 0.9999999995988594 0.14800431189669772
-0.1942500286823889 -0.9809520508575469 -1.659108744915178e-05 1.3245847032830191 0.9809520508534 -0.19425002833574692 -2.044675099305987e-05 0.6465776965993975 1.6834463112894423e-05 -2.0246843225997974e-05 0.9999999996533332 0.42416502528051514
1.0 0.0 0.0 0.0 0.0 1.0 0.0 0.0 0.0 0.0 1.0 0.0
0.9569947169121387 0.2901053450279071 -2.425888256299129e-05 1.0849125232252677 -0.2901053455750898 0.9569947167706173 -2.3278367035070783e-05 -1.3153561264923077 1.6462443747149383e-05 2.931490578010565e-05 0.9999999994348122 0.1481894526289673
-0.1943014183525173 -0.9809418730790632 -2.1594900126855912e-05 1.3256849442603995 0.9809418730186653 -0.19430141770366305 -2.8930586352476094e-05 0.646413782422929 2.418330385605454e-05 -2.6804595740145037e-05 0.9999999993483408 0.42420774987372095
1.0 0.0 0.0 0.0 0.0 1.0 0.0 0.0 0.0 0.0 1.0 0.0
0.9569790008522041 0.29015718482938657 4.4500377893948295e-06 1.0851081829155422 -0.29015718462587 0.9569790005765949 -2.579555107064993e-05 -1.3152174890166428 -1.1743357196008382e-05 2.3394590253573042e-05 0.9999999996573934 0.1481717703929793
-0.19425580153131713 -0.9809509077020838 -1.580769807906374e-05 1.3258777188704318 0.9809509076892124 -0.19425580120583555 -2.0039681815961738e-05 0.6467020448095973 1.6587207011860872e-05 -1.939940023272589e-05 0.9999999996742638 0.42435272457392137
1.0 0.0 0.0 0.0 0.0 1.0 0.0 0.0 0.0 0.0 1.0 0.0
0.9569947128541468 0.2901053589169251 -1.7230537144142214e-05 1.0848723330298773 -0.29010535924336406 0.9569947126776488 -2.1102238244655556e-05 -1.3153611039516164 1.0367660543621307e-05 2.5193401597684274e-05 0.9999999996289022 0.14830480692183715
-0.19430145848612274 -0.9809418652083916 -1.7653530619020722e-05 1.3254820251759458 0.9809418650669067 -0.19430145794983594 -2.8242271229720566e-05 0.6468366866802917 2.4273919480562737e-05 -2.2804601741334556e-05 0.9999999994453637 0.42438677570840033
1.0 0.0 0.0 0.0 0.0 1.0 0.0 0.0 0.0 0.0 1.0 0.0
0.9569870747042072 0.29013055468269366 -9.412618549861585e-06 1.0862222378174375 -0.2901305548241231 0.9569870744492252 -2.2238703180337606e-05 -1.3147435782055261 2.555626999801995e-06 2.401303974398846e-05 0.9999999997084211 0.1488173268213454
-0.19427982304842475 -0.9809461505824065 -3.7190160107611986e-06 1.326633821670474 0.9809461504340099 -0.1942798229487473 -1.8539165426526505e-05 0.6473828774050314 1.7463393188049236e-05 -7.24994021768932e-06 0.9999999998212342 0.4242926790597633
1.0 0.0 0.0 0.0 0.0 1.0 0.0 0.0 0.0 0.0 1.0 0.0
0.9569870830228709 0.2901305241868234 -4.31561825227445e-05 1.0860685991990442 -0.29013052569332703 0.9569870829354451 -3.3994433612015895e-05 -1.3144838703880546 3.1437086379784155e-05 4.505315978361721e-05 0.9999999984909614 0.14834452346052113
-0.1942796679691794 -0.9809461810915557 -2.0388195104077312e-05 1.326886518625571 0.9809461811013819 -0.1942796674653527 -2.4334477759820744e-05 0.6475448571649489 1.9909801262311894e-05 -2.472741638627577e-05 0.9999999994960777 0.42405638484488095
1.0 0.0 0.0 0.0 0.0 1.0 0.0 0.0 0.0 0.0 1.0 0.0
0.956994767011702 0.290105179135338 -3.0839444283726434e-05 1.0848404179783273 -0.29010517993699036 0.9569947669192714 -2.5745994758249302e-05 -1.315385242116509 2.2044140372865876e-05 3.358546478824166e-05 0.9999999991930363 0.14829736558558435
-0.19430210762405828 -0.9809417364386653 -2.6182927228256274e-05 1.325436913891795 0.9809417364381023 -0.19430210677250095 -3.189936683532736e-05 0.6463667021774384 2.6204022372819734e-05 -3.188204030829388e-05 0.9999999991484425 0.42453768406858017
1.0 0.0 0.0 0.0 0.0 1.0 0.0 0.0 0.0 0.0 1.0 0.0
0.9569992792921668 0.2900902948988631 -1.548432281095215e-05 1.084978841642311 -0.2900902952694151 0.9569992768720458 -6.824137094874642e-05 -1.3152327800116774 -4.977673689892372e-06 6.979879459213372e-05 0.9999999975516756 0.14789135901446482
-0.19430706879733173 -0.9809407539983163 -1.2672955593579104e-05 1.325575404723193 0.980940752475216 -0.19430706772417303 -5.97142396542183e-05 0.6472774631382876 5.6113686430058495e-05 -2.403431746872292e-05 0.9999999981368027 0.4242789468040313
1.0 0.0 0.0 0.0 0.0 1.0 0.0 0.0 0.0 0.0 1.0 0.0
0.9569788942656038 0.2901575361188478 -1.279149850543186e-05 1.084921286270239 -0.2901575363834665 0.9569788937604032 -3.125689018511192e-05 -1.3153900993246879 3.171771846411968e-06 3.362373390052042e-05 0.9999999994296921 0.1481178084859734
-0.19425468372480423 -0.9809511289921918 -1.9491563703287635e-05 1.3254015082514918 0.9809511290364089 -0.1942546833100378 -2.1314604361359758e-05 0.646784821306607 1.7122257677901667e-05 -2.3260733150355852e-05 0.9999999995828831 0.42418343133743974
