1.0 0.0 0.0 0.0 0.0 1.0 0.0 0.0 0.0 0.0 1.0 0.0
0.956978326510157 0.29015940871053725 -1.1250360767507689e-05 1.0845075354936977 -0.2901594089220491 0.9569783260304657 -3.0363380073276603e-05 -1.31525130493036 1.95613100600965e-06 3.2321494680179135e-05 0.9999999994757471 0.14818236349981018
-0.19425459068923018 -0.9809511473834559 -2.1053277265870514e-05 1.3252052309377742 0.9809511474740196 -0.19425459026114578 -2.0781671059429453e-05 0.6474588209223953 1.6296108321355518e-05 -2.4689171497533243e-05 0.9999999995624408 0.4243173520333018
1.0 0.0 0.0 0.0 0.0 1.0 0.0 0.0 0.0 0.0 1.0 0.0
0.9569872676427459 0.29012991736742033 -2.4860500865213835e-05 1.0858046006125226 -0.2901299180075744 0.9569872673655465 -2.787725738289165e-05 -1.314792455387169 1.5703156407412214e-05 3.389095544987787e-05 0.9999999993024071 0.1486289770593494
-0.1942802837851625 -0.9809460592716025 -1.148350288850006e-05 1.32631255514699 0.9809460591575996 -0.19428028351093762 -2.1496167237861423e-05 0.6475738629153449 1.885556234454858e-05 -1.5440978375064495e-05 0.9999999997030221 0.4243779750337979
1.0 0.0 0.0 0.0 0.0 1.0 0.0 0.0 0.0 0.0 1.0 0.0
0.9569788715328622 0.290157609608177 -3.203370652791342e-05 1.0850026978895784 -0.2901576107098151 0.9569788709858832 -3.78649575627818e-05 -1.315141016703734 1.9668774732244952e-05 4.553078810738584e-05 0.9999999987700433 0.14782899067316618
-0.19425566595904212 -0.9809509341896063 -3.090870289473424e-05 1.3259026224615216 0.9809509344854069 -0.19425566520273108 -2.5862142907346534e-05 0.6468627448554045 1.9365302603733102e-05 -3.5343788781915784e-05 0.9999999991879008 0.42390231422890584
1.0 0.0 0.0 0.0 0.0 1.0 0.0 0.0 0.0 0.0 1.0 0.0
0.9569872710420023 0.29012990603541394 -2.6219535101676183e-05 1.0858723126943612 -0.29012990673477773 0.9569872707606035 -2.8639864127560453e-05 -1.3149878456530797 1.6782480249365462e-05 3.50150566881302e-05 0.999999999246147 0.14844398645212864
-0.194280151037136 -0.980946085569889 -1.0867341533847948e-05 1.326060005930679 0.9809460854437061 -0.19428015077234218 -2.1645902700576246e-05 0.6470427207418514 1.9122154771067467e-05 -1.4865645382810798e-05 0.9999999997066777 0.42413906210406127
1.0 0.0 0.0 0.0 0.0 1.0 0.0 0.0 0.0 0.0 1.0 0.0
0.9569870561605662 0.29013061229591564 -4.6367354326800266e-05 1.0862322977504382 -0.29013061399431295 0.9569870561169032 -3.53268519135778e-05 -1.314739330033238 3.4123556740961694e-05 4.725992899632188e-05 0.9999999983010411 0.14818073314581293
-0.19427951546503877 -0.9809462112772696 -2.1247129371636005e-05 1.3269607144086752 0.9809462112981862 -0.194279514930718 -2.4860005869304113e-05 0.6469030526944888 2.0258446581835454e-05 -2.5672080952815676e-05 0.9999999994652697 0.4239292683000661
1.0 0.0 0.0 0.0 0.0 1.0 0.0 0.0 0.0 0.0 1.0 0.0
0.9569871835689381 0.2901301957158539 -4.321112353564398e-06 1.0860772800527687 -0.29013019574225246 0.9569871833497179 -2.0565413404602455e-05 -1.3147625525023265 -1.831398275879377e-06 2.093452222596506e-05 0.9999999997791957 0.14875171725364367
-0.19428001483335175 -0.9809461126057237 2.6933448253484333e-07 1.3265543116418093 0.9809461124547478 -0.1942800148082535 -1.749355071965395e-05 0.6471094088057103 1.7212556881375307e-05 -3.1344446797105725e-06 0.999999999846952 0.4244033157349055
1.0 0.0 0.0 0.0 0.0 1.0 0.0 0.0 0.0 0.0 1.0 0.0
0.9569871007770797 0.29013046072458415 -6.860044393132113e-05 1.0861199946812126 -0.29013046398843056 0.9569871012577806 -4.3498157180096456e-05 -1.3146211261504717 5.302959959949832e-05 6.153025395653763e-05 0.9999999967009447 0.14858767328930245
-0.19427992866472532 -0.9809461294048284 -2.2884835950465252e-05 1.3265383903447456 0.9809461294538673 -0.19427992807696604 -2.561029281977005e-05 0.6474873101908144 2.0676253331972577e-05 -2.7424357110904518e-05 0.9999999994101987 0.42424054490712904
1.0 0.0 0.0 0.0 0.0 1.0 0.0 0.0 0.0 0.0 1.0 0.0
0.9569872674721618 0.29012991898436663 -2.5079982285094796e-06 1.0861016664780785 -0.2901299189749078 0.9569872672671942 -2.0101779976995557e-05 -1.3147562340003147 -3.4320054251536382e-06 1.996479281433618e-05 0.9999999997948144 0.14871672168996425
-0.19428014725763035 -0.980946086374883 2.7118895622143394e-06 1.3267806584352153 0.9809460862327869 -0.19428014727567516 -1.670686835267575e-05 0.6473830987677285 1.6915403429682567e-05 -5.855953914218137e-07 0.9999999998567629 0.42432387929238785
1.0 0.0 0.0 0.0 0.0 1.0 0.0 0.0 0.0 0.0 1.0 0.0
0.9569788649609401 0.2901576328031721 -1.2005457417873216e-05 1.0848836449957453 -0.29015763304086106 0.956978864461539 -3.1016591211455764e-05 -1.3154386279412158 2.489268323554425e-06 3.3165697360442306e-05 0.99999999944692 0.14815101804341835
-0.19425431656785005 -0.9809512016194908 -2.3152418751602893e-05 1.325270672096341 0.980951201737992 -0.19425431606391308 -2.2345693897601254e-05 0.6466493630613712 1.742257801005404e-05 -2.7052140493835977e-05 0.9999999994823177 0.42436222025315706
1.0 0.0 0.0 0.0 0.0 1.0 0.0 0.0 0.0 0.0 1.0 0.0
0.9569871398326932 0.29013033876963873 -2.6837602576486634e-05 1.086014431841283 -0.2901303394935299 0.9569871395560942 -2.880303210788537e-05 -1.3150227747469931 1.7326607059159773e-05 3.5350534062145967e-05 0.9999999992250642 0.14858226444935957
-0.19427992672016117 -0.9809461299915773 -1.1320630429516386e-05 1.326411643685838 0.9809461298706809 -0.19427992644547407 -2.172724414697032e-05 0.6470224605573327 1.9113884814187838e-05 -1.5326096008235286e-05 0.9999999996998851 0.4242612793812953
1.0 0.0 0.0 0.0 0.0 1.0 0.0 0.0 0.0 0.0 1.0 0.0
0.956987191217061 0.290130167614958 -4.106333127279627e-05 1.0860335889970503 -0.29013016902151667 0.9569871910754051 -3.378093322942873e-05 -1.3148994915444285 2.9496214230908895e-05 4.424163165068369e-05 0.9999999985863256 0.14834605353693037
-0.19427992414316744 -0.9809461304278243 -1.6540952349898487e-05 1.3262663220886537 0.98094613036447 -0.19427992373248848 -2.3610814876526488e-05 0.6471291405481256 1.994736252837878e-05 -2.0812890523346152e-05 0.9999999995844631 0.4241067324032258
1.0 0.0 0.0 0.0 0.0 1.0 0.0 0.0 0.0 0.0 1.0 0.0
0.9569871631057281 0.2901302596684097 -4.555865929751036e-05 1.0860951697360155 -0.29013026133440395 0.9569871630266973 -3.5498504674230965e-05 -1.3147625156201763 3.329986173344991e-05 4.718955901071792e-05 0.9999999983321324 0.1485531900652961
-0.19427990471199336 -0.9809461343152166 -1.4040347493207912e-05 1.3267245889559014 0.98094613422192 -0.19427990436921863 -2.2657400729553144e-05 0.6469203253334695 1.9497932290990172e-05 -1.8174702251353184e-05 0.9999999996447556 0.4240718220766032
1.0 0.0 0.0 0.0 0.0 1.0 0.0 0.0 0.0 0.0 1.0 0.0
0.9569872391484012 0.290130009605291 -4.0417246869500295e-05 1.085953765980085 -0.290130010982512 0.9569872389891315 -3.375271324350498e-05 -1.3149289304973766 2.888611447164351e-05 4.4027172138797415e-05 0.9999999986136003 0.14866864741614505
-0.19428010788309083 -0.9809460941151728 -1.100552469099017e-05 1.3262260368110583 0.9809460939911542 -0.19428010761573525 -2.1640635522475875e-05 0.6469128527176662 1.9090142368612422e-05 -1.5000171461914373e-05 0.9999999997052806 0.42414737549653003
1.0 0.0 0.0 0.0 0.0 1.0 0.0 0.0 0.0 0.0 1.0 0.0
0.9569872087110313 0.2901301106727596 -3.5277208537317834e-05 1.0859029275051038 -0.2901301117675164 0.9569872085179278 -3.128629884917461e-05 -1.314683025216616 2.4682739974779814e-05 4.017556826234794e-05 0.9999999988883431 0.14906120543212276
-0.1942801509963043 -0.9809460856263376 -4.818601935904378e-06 1.325839916629274 0.98094608548098 -0.19428015087488784 -1.8856639294725614e-05 0.6479089538728435 1.756118779311572e-05 -8.390259435978618e-06 0.9999999998106041 0.4244844780883186
1.0 0.0 0.0 0.0 0.0 1.0 0.0 0.0 0.0 0.0 1.0 0.0
0.9569871611714171 0.2901302687852897 -2.208276977650213e-05 1.0860965573241521 -0.2901302693180259 0.9569871608897963 -2.6786890416993e-05 -1.3147035322025373 1.3361239436392823e-05 3.204159015931472e-05 0.9999999993974069 0.14851113694198298
-0.194280149843119 -0.980946085819825 -9.57597085615741e-06 1.3261284899383665 0.9809460856933417 -0.19428014961609757 -2.0689550654132573e-05 0.6474613046070559 1.84349126808876e-05 -1.3413080129332386e-05 0.9999999997401217 0.424233143472969
1.0 0.0 0.0 0.0 0.0 1.0 0.0 0.0 0.0 0.0 1.0 0.0
0.9569780174949629 0.2901604269812611 2.5405958444663527e-05 1.0848909051333457 -0.2901604265506694 0.9569780177674988 -1.9331906680618417e-05 -1.315680707787518 -2.992229804867027e-05 1.1128405990385344e-05 0.9999999994904073 0.14806590403029546
-0.19425094070697843 -0.9809518702077511 -1.9245028141961735e-05 1.325031272591806 0.9809518702766707 -0.1942509403391693 -1.9443519408500948e-05 0.6463922481986728 1.53347919137602e-05 -2.265536828513591e-05 0.9999999996257893 0.4246757527651077
1.0 0.0 0.0 0.0 0.0 1.0 0.0 0.0 0.0 0.0 1.0 0.0
0.9569947512307184 0.29010523159501 -2.6796670307570133e-05 1.0847772413970915 -0.29010523224851736 0.9569947510827932 -2.4940284964483158e-05 -1.3152983170361559 1.840896568516979e-05 3.164157606827688e-05 0.9999999993299602 0.14837635892773138
-0.19430158937506375 -0.9809418390969725 -2.59879490493496e-05 1.3254907506191285 0.9809418390990481 -0.1943015885393475 -3.15604778101729e-05 0.6468424719216941 2.5909493362723846e-05 -3.162491753483394e-05 0.9999999991642815 0.42451976913096834
1.0 0.0 0.0 0.0 0.0 1.0 0.0 0.0 0.0 0.0 1.0 0.0
0.9569872632604685 0.2901299315609746 -2.7742817174730105e-05 1.0859194613871652 -0.2901299323222455 0.9569872629895835 -2.9092871964851125e-05 -1.3148745560020965 1.810880972358917e-05 3.589052959136305e-05 0.9999999991919705 0.14837700242381613
-0.19428010471497084 -0.9809460947219855 -1.2713164100801053e-05 1.326418875820062 0.9809460946158094 -0.19428010440719906 -2.212505733606295e-05 0.6469641134385168 1.9233573740457938e-05 -1.676938713096567e-05 0.9999999996744287 0.42394841733127336
1.0 0.0 0.0 0.0 0.0 1.0 0.0 0.0 0.0 0.0 1.0 0.0
0.9569871370822269 0.2901303458674141 -4.31974281724598e-05 1.086011212586902 -0.2901303473874518 0.9569871369792883 -3.436598546953696e-05 -1.3147602701534629 3.136876786127965e-05 4.5420690889421406e-05 0.9999999984764806 0.14843710189396903
-0.19428000510042723 -0.9809461142798224 -2.2304639001416324e-05 1.326366353211618 0.9809461143161244 -0.19428000452859684 -2.546500147779668e-05 0.6472118796540679 2.064644888357529e-05 -2.6826989576652762e-05 0.9999999994270184 0.42431907352173553
1.0 0.0 0.0 0.0 0.0 1.0 0.0 0.0 0.0 0.0 1.0 0.0
0.9569872127472471 0.29013009821608066 -2.733831170021167e-05 1.085948866524335 -0.2901300989591615 0.9569872124765422 -2.888468526981496e-05 -1.314911459448294 1.778209813352741e-05 3.557394152640046e-05 0.999999999209146 0.1484168942171899
-0.1942800099234695 -0.9809461135051989 -1.1965905810783856e-05 1.3263854208410581 0.9809461133941173 -0.1942800096362537 -2.1741973473227532e-05 0.6469348218309932 1.9002968082273008e-05 -1.5961939620463066e-05 0.9999999996920518 0.42405537839251406
