1.0 0.0 0.0 0.0 0.0 1.0 0.0 0.0 0.0 0.0 1.0 0.0
0.868441858487951 0.4957910220964064 -2.8889346953186698e-05 2.5257488435245907 -0.49579101451914864 0.8684418315285408 -0.00023489024433980912 5.3175573945078325 -9.13677569420214e-05 0.0002183115989698699 0.999999971995989 -0.2894172093741205
0.8963502143122672 0.443346691290023 6.800398198045803e-05 0.025009287663130843 -0.4433466907537223 0.8963501674309231 0.00029857039252485746 -5.451674883653306 7.14148150089064e-05 -0.0002977729756960656 0.9999999531155884 -0.2701453022873588
1.0 0.0 0.0 0.0 0.0 1.0 0.0 0.0 0.0 0.0 1.0 0.0
0.8684408228831472 0.4957928364655747 -2.1435069479252888e-05 2.5254647946869753 -0.49579282729377355 0.8684407966708475 -0.00023469501503349177 5.318237818544193 -9.774501839252686e-05 0.00021444608568261473 0.9999999722293935 -0.2896466508807011
0.8963503806454861 0.4433463531353058 7.923583153176349e-05 0.024059806261544223 -0.4433463534973356 0.8963503216322263 0.0003342909213361554 -5.451904245863143 7.718359778233555e-05 -0.0003347707115619299 0.9999999409856297 -0.27029718325004404
1.0 0.0 0.0 0.0 0.0 1.0 0.0 0.0 0.0 0.0 1.0 0.0
0.8684423723422265 0.49579012149990787 -3.665667936814065e-05 2.525523408061137 -0.4957901119563051 0.8684423353752191 -0.0002738875497803656 5.317244717033518 -0.0001039565293453476 0.0002560295726541373 0.9999999618209482 -0.2891973655162612
0.896350033383958 0.4433470565864246 7.119502056919942e-05 0.025412513646726538 -0.44334705574221667 0.8963499809361432 0.00031597544771834837 -5.451441241548284 7.627112936955949e-05 -0.0003147887058637146 0.9999999475453913 -0.26986491819287156
1.0 0.0 0.0 0.0 0.0 1.0 0.0 0.0 0.0 0.0 1.0 0.0
0.8684416447392992 0.49579139622858026 -3.3289875616653985e-05 2.5254757501950196 -0.4957913859164878 0.8684416083433272 -0.00027303674384600426 5.317158620776639 -0.00010645895533104022 0.0002536213124688545 0.9999999621713597 -0.28952355623934334
0.8963492471170647 0.4433486462404368 7.12000237583956e-05 0.02531214728234601 -0.4433486459858317 0.8963491971253986 0.0003080830778234572 -5.451620862519894 7.276813135146873e-05 -0.0003077164689840074 0.9999999500076856 -0.27017372629683356
1.0 0.0 0.0 0.0 0.0 1.0 0.0 0.0 0.0 0.0 1.0 0.0
0.8684422265337147 0.4957903781559717 -1.005597138601023e-05 2.525976624067421 -0.49579037015287597 0.8684422084904673 -0.00019843355027063678 5.317849276262339 -8.964841492852677e-05 0.00017731372799173993 0.9999999802615016 -0.28949748656021607
0.8963512544473434 0.4433445894927678 6.01511688468782e-05 0.02493066599465853 -0.44334458778375824 0.8963512125656099 0.00028322254553761 -5.451746203746415 7.164861005333478e-05 -0.0002805345791375372 0.9999999580834125 -0.2701930503043055
1.0 0.0 0.0 0.0 0.0 1.0 0.0 0.0 0.0 0.0 1.0 0.0
0.8684413376141735 0.49579193527797594 -6.0186656243474126e-06 2.526290672286573 -0.4957919311340773 0.8684413286512025 -0.00014040255130245988 5.318475988388742 -6.438359465669313e-05 0.00012491538531029644 0.9999999901254496 -0.29005135754694583
0.8963505868407986 0.4433459374946175 7.195258609341709e-05 0.0249466288177686 -0.4433459359617137 0.8963505305363952 0.00032783129018722565 -5.451455566692409 8.08479319698227e-05 -0.0003257516559705487 0.9999999436747337 -0.2697930888021991
1.0 0.0 0.0 0.0 0.0 1.0 0.0 0.0 0.0 0.0 1.0 0.0
0.8684431776416925 0.4957887121345587 -1.1294038485392608e-05 2.526160349076132 -0.4957887059043062 0.8684431626294141 -0.00017994430932999326 5.317719742595127 -7.940612687754728e-05 0.00016187086451818506 0.999999983746245 -0.28978110473839885
0.8963513598397568 0.4433443764510045 5.985556734630187e-05 0.025456183819624684 -0.4433443752199891 0.8963513201928677 0.00027522590885647926 -5.451544585516891 6.8368242133382e-05 -0.00027323574677522167 0.9999999603340043 -0.2698358731349146
1.0 0.0 0.0 0.0 0.0 1.0 0.0 0.0 0.0 0.0 1.0 0.0
0.8684449769780147 0.49578555987058215 -2.4196466610609167e-05 2.526010425729004 -0.4957855516976921 0.8684449514172641 -0.0002304033002187502 5.316694058514478 -9.321732992486134e-05 0.00021208884730180774 0.9999999731644248 -0.28928526374909724
0.8963503036011018 0.4433465133598528 4.822732041134736e-05 0.026151744269545186 -0.4433465131438645 0.8963502802471176 0.00021067532131487237 -5.451902013248296 5.017359698963539e-05 -0.0002102203025644879 0.999999976645017 -0.27059927974637077
1.0 0.0 0.0 0.0 0.0 1.0 0.0 0.0 0.0 0.0 1.0 0.0
0.8684399974554283 0.4957942819283388 -2.875375606899886e-05 2.5257146459665796 -0.4957942733207863 0.8684399681392416 -0.0002455211325248989 5.317637412320625 -9.675706259397107e-05 0.00022747631930064918 0.999999969446297 -0.28932039782117425
0.8963491743427743 0.4433487929917957 7.353736933208359e-05 0.02461745211747089 -0.4433487936073836 0.8963491248400607 0.00030594988953504596 -5.451967413384406 6.972735759748147e-05 -0.0003068406348534416 0.999999950493459 -0.2705890901352112
1.0 0.0 0.0 0.0 0.0 1.0 0.0 0.0 0.0 0.0 1.0 0.0
0.8684401800756365 0.49579396206501913 -2.8461667029740383e-05 2.525525637243647 -0.49579395280330724 0.8684401494156613 -0.00025148871902331296 5.31780595211833 -9.996933405130928e-05 0.00023251403083564097 0.9999999679716783 -0.28943220573981004
0.8963493377306821 0.4433484628154173 7.258769891944351e-05 0.024475388810333145 -0.44334846293293084 0.8963492874006861 0.00030885480403976734 -5.451915838387046 7.186637040369065e-05 -0.0003090234437997585 0.9999999496698667 -0.27044824997891004
1.0 0.0 0.0 0.0 0.0 1.0 0.0 0.0 0.0 0.0 1.0 0.0
0.8684450393395108 0.49578545108911865 -1.161699753919036e-05 2.526437626533521 -0.4957854466905648 0.8684450279888225 -0.0001555999049312172 5.31776747470383 -6.705544530268351e-05 0.00014088950387338567 0.9999999878268574 -0.2894234014748048
0.8963508786933798 0.44334534839732753 6.572715044924883e-05 0.025842204990541066 -0.4433453472373392 0.8963508321916058 0.0002978463007831799 -5.451484975928727 7.313418598680829e-05 -0.00029611461976141937 0.9999999534837604 -0.2700576396638992
1.0 0.0 0.0 0.0 0.0 1.0 0.0 0.0 0.0 0.0 1.0 0.0
0.8684365120864721 0.49580038701957435 -2.657673773220053e-05 2.5251439141695307 -0.4958003821204488 0.8684364929451167 -0.00019700356138693142 5.319454953510926 -7.459423306980031e-05 0.00018426184244261807 0.9999999802416367 -0.2901133538724956
0.896352392521935 0.4433422846787219 8.388119032128126e-05 0.023240380795061008 -0.44334228319504604 0.8963523184345932 0.00037572374592548924 -5.451785779135335 9.138712450912356e-05 -0.0003739689570217714 0.9999999258978036 -0.26994053120989675
1.0 0.0 0.0 0.0 0.0 1.0 0.0 0.0 0.0 0.0 1.0 0.0
0.8684431422204784 0.4957887730717805 -3.501714766218768e-05 2.525376191773997 -0.495788764217658 0.8684431081291261 -0.0002630941855644363 5.317246967434594 -0.00010002874290974267 0.00024584344957738133 0.9999999647776239 -0.28939699520380974
0.89634976922409 0.4433475897190872 7.68257529964683e-05 0.02538621650714604 -0.44334759142294233 0.8963497198522323 0.00030479550591442706 -5.451510440951144 6.626761072854592e-05 -0.00030726389393717374 0.9999999505987504 -0.269911177627833
1.0 0.0 0.0 0.0 0.0 1.0 0.0 0.0 0.0 0.0 1.0 0.0
0.8684432661373933 0.49578855648377784 -2.7574413712032342e-05 2.525485121583786 -0.49578854642583736 0.8684432342110359 -0.0002572664598104071 5.317474347988862 -0.00010360295371554182 0.0002370924031181859 0.9999999665268097 -0.2897551226156759
0.8963502274610949 0.4433466644934087 6.937587718999061e-05 0.025340026854582247 -0.44334666337520273 0.8963501763608188 0.00031210896125904086 -5.4514170655763845 7.618738717826701e-05 -0.00031051650208809706 0.9999999488874907 -0.26976057965042827
1.0 0.0 0.0 0.0 0.0 1.0 0.0 0.0 0.0 0.0 1.0 0.0
0.8684426820122125 0.4957895803068987 -1.088780370532042e-05 2.5257997810870996 -0.49578957097189946 0.868442660953137 -0.00021436449013708758 5.317946848824519 -9.682424737599005e-05 0.00019156133227071857 0.9999999769646603 -0.28955077131909845
0.896351403199874 0.44334428722386027 7.048109088271285e-05 0.024729592298932974 -0.44334428617889454 0.8963513509037032 0.0003156669651303348 -5.4517601351099465 7.677332462993972e-05 -0.0003141959160649268 0.9999999476933901 -0.2701229796098289
