1.0 0.0 0.0 0.0 0.0 1.0 0.0 0.0 0.0 0.0 1.0 0.0
0.8680237495280188 0.4965226784079728 9.049476581939526e-06 2.5270050188182545 -0.4965226784089746 0.8680237489112801 3.393503582768642e-05 5.319389741501862 8.99435429268567e-06 -3.394968739017436e-05 0.9999999993832602 -0.29316884643697144
0.8963592485417565 0.4433284307511294 -6.4342108513566236e-06 0.02762734642813669 -0.44332843079746365 0.8963592484282121 -1.4278305665944126e-05 -5.45118026772333 -5.626144417198537e-07 1.5650959937330367e-05 0.9999999998773655 -0.2630851915449757
1.0 0.0 0.0 0.0 0.0 1.0 0.0 0.0 0.0 0.0 1.0 0.0
0.8680235519806024 0.49652302382851354 3.894494260251482e-06 2.5268529848112973 -0.496523023835153 0.868023551892554 1.2705517290227066e-05 5.3194540797975955 2.9280691236466566e-06 -1.2962394314431198e-05 0.9999999999117015 -0.29281606992513054
0.896358174608207 0.4433306020656014 -9.23006660852511e-06 0.0276059635987842 -0.4433306021615256 0.8963581743959252 -1.9511631552935342e-05 -5.451073758702891 -3.7665770887160366e-07 2.1581381429960895e-05 0.9999999997670511 -0.26285072135578036
1.0 0.0 0.0 0.0 0.0 1.0 0.0 0.0 0.0 0.0 1.0 0.0
0.8680240516560092 0.49652215030506636 1.7662067535220958e-06 2.5265740072898986 -0.49652215029637714 0.8680240516052797 9.99079922736511e-06 5.31944402613922 3.4275431734697827e-06 -9.549214799747582e-06 0.9999999999485321 -0.29334397999753453
0.8963594620175687 0.44332799911028303 -7.513148286572815e-06 0.027174299122545875 -0.44332799917275356 0.89635946192575 -1.2871000332829106e-05 -5.451039315128245 1.0284067314193528e-06 1.4867831931337195e-05 0.9999999998889448 -0.26318894518808916
1.0 0.0 0.0 0.0 0.0 1.0 0.0 0.0 0.0 0.0 1.0 0.0
0.8680235042048796 0.4965231073387982 5.148300581270405e-06 2.526896139121421 -0.49652310732345895 0.8680235039498312 2.201170113719282e-05 5.319149959758558 6.4604723365137295e-06 -2.1662924156663864e-05 0.9999999997444899 -0.29298344195882164
0.8963582474507282 0.4433304547833047 -9.417424199171408e-06 0.027670418636411398 -0.4433304548832308 0.896358247262461 -1.837381284965494e-05 -5.451581774731237 2.957150421568868e-07 2.064454963894827e-05 0.9999999997868577 -0.26310410188648825
1.0 0.0 0.0 0.0 0.0 1.0 0.0 0.0 0.0 0.0 1.0 0.0
0.8680261172219345 0.4965185392511304 7.319872150862014e-07 2.5266430818490164 -0.4965185391348198 0.8680261169847266 2.2974786602221673e-05 5.319233384968427 1.0772023463348473e-05 -2.030616003102531e-05 0.9999999997358117 -0.2935410059967031
0.8963595722746364 0.44332777607548657 -1.2312376157500064e-05 0.02747651710029686 -0.44332777622847486 0.8963595721427468 -1.588668900010105e-05 -5.451092925411484 3.993305720980433e-06 1.9698604098976534e-05 0.9999999997980094 -0.2634798145312872
1.0 0.0 0.0 0.0 0.0 1.0 0.0 0.0 0.0 0.0 1.0 0.0
0.8680247060254699 0.49652100632637775 2.4571502310295872e-06 2.52670886720259 -0.49652100632696605 0.8680247059819662 8.9987572335254e-06 5.31949366015041 2.335204890436977e-06 -9.03117030763625e-06 0.9999999999564924 -0.2929145137396122
0.8963590719670645 0.44332878773611917 -8.171027958255985e-06 0.027417721726003208 -0.44332878780655793 0.8963590718913029 -1.1837676938717042e-05 -5.451152760663341 2.0761920702074684e-06 1.4233261034896409e-05 0.9999999998965518 -0.26292519748223603
1.0 0.0 0.0 0.0 0.0 1.0 0.0 0.0 0.0 0.0 1.0 0.0
0.8680231621337854 0.4965237053744588 -6.948287016178483e-07 2.5268586125000994 -0.4965237053746227 0.8680231621339659 -7.527536252312822e-08 5.319619781030746 5.657514047938998e-07 4.103396797359003e-07 0.999999999999756 -0.293131641036601
0.8963576787919494 0.4433316043394866 -1.6262994038525976e-05 0.02746461633017816 -0.4433316046239613 0.8963576778712752 -4.07769347663157e-05 -5.450731817375486 -3.5002443383898622e-06 4.376061783847786e-05 0.9999999990363783 -0.26320303949140716
1.0 0.0 0.0 0.0 0.0 1.0 0.0 0.0 0.0 0.0 1.0 0.0
0.8680239798936834 0.49652227576345354 4.600369300199713e-07 2.526928793232461 -0.49652227575547386 0.8680239798843103 -4.940306814831802e-06 5.319317138732836 -2.852295469560635e-06 4.059886199880946e-06 0.9999999999876907 -0.2925278992797483
0.8963583337877046 0.44333028008690184 -1.4401337671351502e-05 0.027653219563529063 -0.443330280297846 0.8963583329376882 -3.9296315053835604e-05 -5.451156541594459 -4.512487332029194e-06 4.16081285521545e-05 0.9999999991242006 -0.26298063228361884
1.0 0.0 0.0 0.0 0.0 1.0 0.0 0.0 0.0 0.0 1.0 0.0
0.8680240803324474 0.4965221001736136 1.481031125301913e-06 2.5266792042496213 -0.49652210017273607 0.8680240803126734 6.114988459905328e-06 5.319546714163513 1.7506562321937085e-06 -6.0433219189095e-06 0.9999999999802067 -0.29303386853459445
0.8963581315700306 0.443330689103445 -8.206585329186649e-06 0.02739177893312217 -0.4433306891789464 0.8963581314420689 -1.5159268794195325e-05 -5.450606172314556 6.354704103558713e-07 1.722636498212674e-05 0.9999999998514243 -0.2627835653297144
1.0 0.0 0.0 0.0 0.0 1.0 0.0 0.0 0.0 0.0 1.0 0.0
0.8680242317439487 0.49652183547056616 2.5036227672434578e-06 2.5263973374410043 -0.49652183540584366 0.8680242315234378 2.129219903239643e-05 5.318908020769854 8.398836516208007e-06 -1.972524807879416e-05 0.9999999997701869 -0.2931218914590933
0.8963584453498245 0.4433300546171034 -1.110144769477245e-05 0.027171993042209408 -0.44333005475474047 0.8963584451280483 -1.9969656362283638e-05 -5.45166802742495 1.0977275485775643e-06 2.2821575545451773e-05 0.9999999997389853 -0.26294634015829627
1.0 0.0 0.0 0.0 0.0 1.0 0.0 0.0 0.0 0.0 1.0 0.0
0.8680234854486036 0.4965231401552677 -9.77975459863119e-08 2.526708429835267 -0.4965231401548167 0.8680234854475142 -1.5331751484668128e-06 5.319732665932053 -6.763663723865815e-07 1.3793907808084856e-06 0.99999999999882 -0.2928318212470051
0.896358213157966 0.4433305241149368 -9.603848068446123e-06 0.027443259562563327 -0.4433305242167254 0.896358213011915 -1.6242248873641606e-05 -5.450785457468174 1.4078033867167441e-06 1.881655217672647e-05 0.999999999821978 -0.2630086406178549
1.0 0.0 0.0 0.0 0.0 1.0 0.0 0.0 0.0 0.0 1.0 0.0
0.8680246010228149 0.4965211897793629 1.0920983219538507e-05 2.5270934585602975 -0.4965211898740502 0.8680246005458676 2.9210352464561223e-05 5.319370925252496 5.0238768628746975e-06 -3.077780412654204e-05 0.9999999995137439 -0.2932351705356476
0.8963596136857044 0.4433276922897268 -1.4222511088047086e-05 0.028017125835611445 -0.4433276925066271 0.8963596129732897 -3.587651087064602e-05 -5.451385968362401 -3.1565662372974553e-06 3.84634884467102e-05 0.999999999255298 -0.2629815308677111
1.0 0.0 0.0 0.0 0.0 1.0 0.0 0.0 0.0 0.0 1.0 0.0
0.8680232694593201 0.49652351774403086 2.060299955828228e-06 2.5270639888796804 -0.49652351773187975 0.8680232694568839 -4.532220546465953e-06 5.319603138071451 -4.038742392643908e-06 2.9110855150113617e-06 0.999999999987607 -0.29300897838984996
0.8963587891897852 0.4433293594223165 -1.0789809312420406e-05 0.02819042320433951 -0.44332935954860264 0.8963587887983956 -2.6572529298141983e-05 -5.450888489543816 -2.108841985326732e-06 2.8601959439514774e-05 0.9999999995887404 -0.263154552956437
1.0 0.0 0.0 0.0 0.0 1.0 0.0 0.0 0.0 0.0 1.0 0.0
0.8680241496617452 0.4965219789710789 1.627056557030705e-06 2.5268035218365155 -0.4965219789460062 0.8680241496432295 -7.725854931535498e-06 5.319513472143789 -5.248381164187295e-06 5.898359315802796e-06 0.9999999999688319 -0.29306173993432894
0.8963594207352031 0.44332808226244624 -1.8350823635553618e-05 0.027843459026387407 -0.44332808262156276 0.8963594195256123 -4.67631869951965e-05 -5.451091950633804 -4.282500389277183e-06 5.005205866362122e-05 0.999999998738226 -0.2628426401867487
1.0 0.0 0.0 0.0 0.0 1.0 0.0 0.0 0.0 0.0 1.0 0.0
0.8680234131293468 0.49652326657724133 2.597225906518793e-06 2.526509368384694 -0.496523266578098 0.8680234130815155 9.43036750689302e-06 5.319659718070021 2.4279439836264267e-06 -9.475362881548075e-06 0.9999999999521614 -0.29291138444152265
0.8963581418776733 0.44333066815360866 -1.2809393836430667e-05 0.027220688839019402 -0.44333066832975454 0.8963581413023338 -3.2238458250284756e-05 -5.450999067315315 -2.8104927859097104e-06 3.4576001664623194e-05 0.9999999993983006 -0.26320368639993574
1.0 0.0 0.0 0.0 0.0 1.0 0.0 0.0 0.0 0.0 1.0 0.0
0.8680231831344514 0.4965236686352819 5.108336979459087e-06 2.5268526420643163 -0.49652366865892067 0.868023183050355 1.219083343619134e-05 5.3192496159600395 1.6188824164576873e-06 -1.3118336262126209e-05 0.9999999999126443 -0.29299085013760684
0.8963580357112689 0.4433308829208133 -8.03039777328328e-06 0.02761026854123827 -0.4433308829911188 0.8963580356192272 -1.292883025919841e-05 -5.4514970433912495 1.4663618393560698e-06 1.5148984230783225e-05 0.9999999998841791 -0.2626787492329393
1.0 0.0 0.0 0.0 0.0 1.0 0.0 0.0 0.0 0.0 1.0 0.0
0.8680244925653068 0.49652137950118275 2.232417042778799e-06 2.526727440241146 -0.49652137949518793 0.8680244925073334 1.0563207317631251e-05 5.319352460584208 3.30706559868662e-06 -1.027756546144327e-05 0.9999999999417174 -0.2931247949130452
0.8963586062782476 0.44332972926712205 -9.942695911737439e-06 0.027543863507595745 -0.44332972937860904 0.8963586060567803 -1.9925740332807374e-05 -5.451164355145296 7.854798070298833e-08 2.226850152162528e-05 0.9999999997520539 -0.2630425083950683
1.0 0.0 0.0 0.0 0.0 1.0 0.0 0.0 0.0 0.0 1.0 0.0
0.8680232346848477 0.49652357853790546 1.779635387613385e-06 2.526625101966193 -0.4965235785302296 0.8680232346365658 9.726666530232472e-06 5.319353856325955 3.284754407203456e-06 -9.326603475415165e-06 0.9999999999511124 -0.29299310707666026
0.8963581477409321 0.44333065641748315 -7.673928684455216e-06 0.027354631286740982 -0.44333065648153946 0.8963581475453878 -1.877892287971476e-05 -5.451106740039846 -1.446683707083099e-06 2.0234728370495106e-05 0.9999999997942314 -0.26306451345039483
1.0 0.0 0.0 0.0 0.0 1.0 0.0 0.0 0.0 0.0 1.0 0.0
0.8680239636131696 0.49652230422315397 1.4873682213517655e-06 2.5267533536936533 -0.49652230422049193 0.8680239636140215 -1.8377989130006016e-06 5.319627837253004 -2.2035794098313693e-06 8.56742000292322e-07 0.9999999999972051 -0.293121004715198
0.8963588325457581 0.44332927166261604 -1.4293325589629034e-05 0.02751171976846578 -0.44332927189152327 0.8963588319927641 -3.150713171630408e-05 -5.450616067181816 -1.1560851251499074e-06 3.4578345428646915e-05 0.9999999994015007 -0.2628251887109418
1.0 0.0 0.0 0.0 0.0 1.0 0.0 0.0 0.0 0.0 1.0 0.0
0.8680233938075818 0.4965233003252618 6.0727508571478916e-06 2.526904502619505 -0.4965233002887159 0.8680233934031433 2.784409847266824e-05 5.319529549536233 8.55395386191319e-06 -2.7184591151175553e-05 0.9999999995939141 -0.29299993890559406
0.8963579495662022 0.4433310570185468 -1.1501855146153418e-05 0.02772168931801744 -0.4433310571672419 0.8963579492242346 -2.4768944616917548e-05 -5.451117006260116 -6.710631071758e-07 2.7300970011069016e-05 0.9999999996271033 -0.26309458516484985
