1.0 0.0 0.0 0.0 0.0 1.0 0.0 0.0 0.0 0.0 1.0 0.0
0.8680229970086849 0.4965239939893685 7.543593991675876e-06 2.527012809960993 -0.4965239940359074 0.8680229967896407 1.977274135663348e-05 5.319280077456824 3.2696274472967992e-06 -2.0908769629594234e-05 0.9999999997760666 -0.2930204843701205
0.8963585608833106 0.44332982113800246 -4.57668836040013e-06 0.027935461633769698 -0.4433298211581858 0.8963585607879232 -1.3192920841320554e-05 -5.451292530549677 -1.7464614449612929e-06 1.3854569971483908e-05 0.9999999999025002 -0.2629694263579207
1.0 0.0 0.0 0.0 0.0 1.0 0.0 0.0 0.0 0.0 1.0 0.0
0.8680243646589972 0.49652160310995025 1.8626187914115846e-06 2.5267786271335666 -0.49652160309897736 0.8680243646562352 -4.377371944543644e-06 5.319501013455323 -3.7902582283271995e-06 2.8748350327643155e-06 0.9999999999886847 -0.2928680398677238
0.8963591907510408 0.4433285474271918 -1.3864908317552146e-05 0.027626154984375262 -0.44332854763844276 0.8963591901448287 -3.304083151423893e-05 -5.450953629820174 -2.22000585003966e-06 3.5763162665401835e-05 0.999999999358034 -0.26303411063309234
1.0 0.0 0.0 0.0 0.0 1.0 0.0 0.0 0.0 0.0 1.0 0.0
0.8680246594792127 0.4965210876733572 5.626943055621552e-06 2.5269165346718108 -0.49652108765588127 0.8680246591773827 2.3937604779660204e-05 5.319303830951104 7.0012002334278544e-06 -2.3572327123766196e-05 0.9999999996976644 -0.2934265541037015
0.8963608547382736 0.44332518309136704 -1.1396392485811374e-05 0.027895887016889276 -0.4433251832314105 0.8963608542905458 -2.843165999767044e-05 -5.4513073884362715 -2.3891907696513105e-06 3.0537334844096585e-05 0.9999999995308816 -0.26329066340303553
1.0 0.0 0.0 0.0 0.0 1.0 0.0 0.0 0.0 0.0 1.0 0.0
0.8680246268788174 0.4965211446972481 6.513852951145385e-07 2.526773232336687 -0.49652114469388237 0.868024626876567 -2.770013361352667e-06 5.319314413667238 -1.940788682754245e-06 2.08101324207948e-06 0.9999999999959513 -0.29305461568404795
0.8963591397618531 0.4433286505743494 -1.2054800807910764e-05 0.027565993746531348 -0.44332865073824046 0.8963591394338668 -2.4248479132191322e-05 -5.4511471438377725 5.538534606306287e-08 2.707958447255568e-05 0.9999999996333465 -0.2630890526689288
1.0 0.0 0.0 0.0 0.0 1.0 0.0 0.0 0.0 0.0 1.0 0.0
0.8680229922120472 0.4965240024271788 2.222569326806186e-06 2.526838940579438 -0.4965240024315623 0.8680229922092236 2.3426910904884057e-06 5.319513774711141 -7.660389207469001e-07 -3.1370687480257012e-06 0.999999999994786 -0.2929791125608994
0.8963576320654154 0.443331698955828 -1.1790657867036633e-05 0.027724090969137194 -0.4433316991094831 0.8963576316420621 -2.759950446887608e-05 -5.450936380840921 -1.6670890453200513e-06 2.9966198857711453e-05 0.9999999995496242 -0.2630544605730698
1.0 0.0 0.0 0.0 0.0 1.0 0.0 0.0 0.0 0.0 1.0 0.0
0.868024388363779 0.49652156163036776 6.467515889884586e-06 2.5269941224776105 -0.4965215616663493 0.8680243882146275 1.6279795996364577e-05 5.319684650992735 2.4693082075514807e-06 -1.7342521052185977e-05 0.9999999998465695 -0.2930729554532091
0.8963591128009814 0.4433287050419086 -1.3583201237242948e-05 0.027933588323991287 -0.443328705247511 0.8963591122726076 -3.081282006638628e-05 -5.450743783698318 -1.4847814158909071e-06 3.364117507522447e-05 0.9999999994330334 -0.262970937070676
1.0 0.0 0.0 0.0 0.0 1.0 0.0 0.0 0.0 0.0 1.0 0.0
0.8680235295676353 0.49652306300974686 4.045221588310602e-06 2.526765822979419 -0.49652306302142846 0.8680235294946302 1.1467480309200053e-05 5.31965105509866 2.1825209274522674e-06 -1.1962588546868472e-05 0.9999999999260666 -0.292789994344028
0.8963585305924364 0.4433298822854473 -1.0341150161258766e-05 0.02761611266342534 -0.4433298824022873 0.8963585302447675 -2.5032291921591555e-05 -5.451016885458792 -1.8281848713482366e-06 2.7022449289101284e-05 0.9999999996332225 -0.26298323860366635
1.0 0.0 0.0 0.0 0.0 1.0 0.0 0.0 0.0 0.0 1.0 0.0
0.8680244842186635 0.4965213940651576 -5.702256355766036e-06 2.5268744457492183 -0.496521394054428 0.868024483933448 -2.320167299436696e-05 5.31958961304901 -6.570428889340942e-06 2.2970912508975112e-05 0.9999999997145831 -0.29299271031139507
0.8963591678738805 0.4433285937623083 -1.100807735610703e-05 0.02778209593437353 -0.4433285938986755 0.8963591675680168 -2.342209504921672e-05 -5.450833346573577 -5.164934056902654e-07 2.5874805083990187e-05 0.9999999996651138 -0.2630868365821109
1.0 0.0 0.0 0.0 0.0 1.0 0.0 0.0 0.0 0.0 1.0 0.0
0.8680242650902904 0.4965217771803599 -3.4467773937634345e-07 2.527054191582593 -0.49652177716103235 0.8680242650499395 -9.453188546364383e-06 5.3194060851962295 -4.39452533565914e-06 8.376737044411559e-06 0.9999999999552592 -0.29272108130988633
0.8963592911047117 0.44332834439451346 -1.7512212016045326e-05 0.028039981371017042 -0.4433283446650405 0.8963592895247072 -5.3845305179730496e-05 -5.451244787297513 -8.173916078038626e-06 5.6028399544718145e-05 0.9999999983970027 -0.2631214088774103
1.0 0.0 0.0 0.0 0.0 1.0 0.0 0.0 0.0 0.0 1.0 0.0
0.8680239732097161 0.49652228744491717 1.919737684323399e-06 2.52694675569537 -0.49652228744177945 0.868023973170947 8.608476315246613e-06 5.31978996478629 2.6079220192668276e-06 -8.425556360744828e-06 0.9999999999611043 -0.2929046370623631
0.896358490332267 0.44332996367367383 -1.0879249275945807e-05 0.02743821043777217 -0.44332996380437006 0.8963584901438104 -1.844792247622654e-05 -5.450564433786249 1.5731906536486736e-06 2.1359049128281745e-05 0.9999999997706582 -0.26290626946752055
1.0 0.0 0.0 0.0 0.0 1.0 0.0 0.0 0.0 0.0 1.0 0.0
0.8680237783443396 0.496522628099822 3.6962548620556556e-06 2.526848942799715 -0.49652262809312886 0.8680237782169693 1.553799872519878e-05 5.319402844613544 4.506530851836487e-06 -1.5322626539571774e-05 0.9999999998724541 -0.29307417926094087
0.8963586247120755 0.44332969200876604 -9.364203720693503e-06 0.027731386956315163 -0.44332969210759193 0.8963586244999717 -1.9501433707123585e-05 -5.451133083778144 -2.518798324892698e-07 2.163170784995876e-05 0.9999999997660028 -0.2630466178021261
1.0 0.0 0.0 0.0 0.0 1.0 0.0 0.0 0.0 0.0 1.0 0.0
0.8680225777584343 0.49652472697210054 2.6239418173803e-06 2.5270807758191136 -0.496524726900464 0.8680225775149457 2.237700816973752e-05 5.319228530940487 8.83309713235523e-06 -2.0726600308295665e-05 0.9999999997461924 -0.2929730196598016
0.8963577201889698 0.44333152090362654 -5.5597316717133505e-06 0.02797537547151463 -0.4433315209310581 0.896357720176067 -5.451414056879479e-06 -5.4513224112125105 2.56672472113156e-06 7.351221373821408e-06 0.9999999999696857 -0.2626411318741648
1.0 0.0 0.0 0.0 0.0 1.0 0.0 0.0 0.0 0.0 1.0 0.0
0.8680234390058119 0.4965232213466223 -3.109718663462803e-07 2.526640735915791 -0.4965232213424385 0.8680234389955563 -4.696301598445402e-06 5.319783106256038 -2.061891929221008e-06 4.230904616919008e-06 0.999999999988924 -0.29278573443911227
0.8963582641070118 0.4433304210341628 -1.2358616198015606e-05 0.027304940244341935 -0.44333042119510363 0.8963582635366466 -3.213314985299631e-05 -5.450813590952581 -3.167855098508537e-06 3.4281764946974245e-05 0.9999999994073627 -0.2630342910076136
1.0 0.0 0.0 0.0 0.0 1.0 0.0 0.0 0.0 0.0 1.0 0.0
0.8680238443741009 0.49652251267983505 -3.3085201328293407e-07 2.526725991558319 -0.49652251267827524 0.8680238443692603 -3.1720718787319355e-06 5.319600126667716 -1.287817663139316e-06 2.917709499760602e-06 0.9999999999949143 -0.2928156134755836
0.8963579462004124 0.44333106383369153 -1.1111511065122197e-05 0.02748852757534692 -0.44333106396969446 0.8963579458164169 -2.629204725292984e-05 -5.450706707349523 -1.6961900457603857e-06 2.8493163499849747e-05 0.9999999995926311 -0.2631239544225149
1.0 0.0 0.0 0.0 0.0 1.0 0.0 0.0 0.0 0.0 1.0 0.0
0.8680244217005593 0.4965215033882646 2.1137426340467554e-06 2.5268959082112694 -0.49652150339020196 0.8680244216745402 6.907498321887341e-06 5.3192750276946565 1.5949412239469253e-06 -7.045395906694049e-06 0.9999999999739093 -0.29307342017657234
0.8963592938998725 0.44332833900582513 -8.58245861021989e-06 0.02773648862769207 -0.44332833908856206 0.8963592937551081 -1.6118946671365587e-05 -5.451134122827568 5.469806841981675e-07 1.8253214777723675e-05 0.9999999998332605 -0.2630399231394737
1.0 0.0 0.0 0.0 0.0 1.0 0.0 0.0 0.0 0.0 1.0 0.0
0.8680235028344819 0.496523109695893 8.054553511155014e-06 2.5269374253843857 -0.4965231097205327 0.8680235024414575 2.688340232791802e-05 5.319538061015795 6.356688773705525e-06 -2.7334697013546482e-05 0.9999999996062033 -0.29309657869224087
0.8963589110515497 0.4433291130831587 -8.448692723356183e-06 0.02763995971834632 -0.4433291131636564 0.8963589108922638 -1.689856232091917e-05 -5.451169494526031 8.143636185122693e-08 1.889272837275929e-05 0.9999999998215291 -0.2630252699046561
1.0 0.0 0.0 0.0 0.0 1.0 0.0 0.0 0.0 0.0 1.0 0.0
0.8680241590167584 0.4965219625869811 5.658806580695368e-06 2.526589093698389 -0.4965219626187223 0.8680241589432439 1.1319290250264117e-05 5.319281866997546 7.082953873241615e-07 -1.2635139149683023e-05 0.9999999999199258 -0.29289075041112755
0.896359068982921 0.44332879380612417 -5.871805320246664e-06 0.027498172296414936 -0.4433287938369453 0.8963590688081067 -1.7903737292833324e-05 -5.451339111233529 -2.673996309571199e-06 1.865131766138345e-05 0.999999999822489 -0.2627852799968122
1.0 0.0 0.0 0.0 0.0 1.0 0.0 0.0 0.0 0.0 1.0 0.0
0.8680232464087176 0.49652355802183873 4.837789158924588e-06 2.5269401954941495 -0.4965235580453179 0.8680232463615345 9.055484573303984e-06 5.319479986538385 2.9694796900729614e-07 -1.0262447403382767e-05 0.999999999947297 -0.2929233895623239
0.8963585892806585 0.44332976367226856 -8.067082979684893e-06 0.027912853290131157 -0.4433297637314976 0.8963585889581391 -2.430530227292115e-05 -5.451047641825818 -3.544264795960608e-06 2.5362644448784995e-05 0.9999999996720869 -0.2629842580900538
1.0 0.0 0.0 0.0 0.0 1.0 0.0 0.0 0.0 0.0 1.0 0.0
0.8680241743398707 0.4965219358163171 3.847475784903892e-06 2.526380745840715 -0.4965219357198681 0.868024173955026 2.7905022499904735e-05 5.319125937460913 1.0515753800647131e-05 -2.6132590239768892e-05 0.9999999996032534 -0.2932271175690876
0.8963588258589783 0.4433292852930946 -1.0306648080160403e-05 0.02685946467765632 -0.4433292854078135 0.8963588257178319 -1.6048253591068503e-05 -5.451643428062852 2.1237941754880426e-06 1.8954232674307405e-05 0.9999999998181132 -0.2630363051392382
1.0 0.0 0.0 0.0 0.0 1.0 0.0 0.0 0.0 0.0 1.0 0.0
0.8680238031649338 0.49652258471881583 1.797364159233215e-06 2.5267432964382692 -0.49652258472165206 0.8680238031632089 1.846295929099553e-06 5.3195204013650095 -6.434272462866118e-07 -2.495060712179015e-06 0.9999999999966805 -0.29294272572871505
0.8963583574865495 0.44333023235260366 -6.797108398776991e-06 0.027588241911772116 -0.44333023240435565 0.8963583573610919 -1.5007511758498838e-05 -5.450766501552725 -5.606387557967592e-07 1.646547223591998e-05 0.999999999864287 -0.26302141477764607
