1.0 0.0 0.0 0.0 0.0 1.0 0.0 0.0 0.0 0.0 1.0 0.0
0.8680239841194634 0.4965222683667953 3.043978638582809e-06 2.5267031662724655 -0.4965222683703096 0.8680239840633086 1.0161861357394783e-05 5.319448366781201 2.4033439867354817e-06 -1.0332142560008568e-05 0.9999999999437355 -0.29319285078609414
0.8963585231685691 0.4433298973864202 -5.138824449926344e-06 0.02743102343409376 -0.44332989741581813 0.8963585230922916 -1.1708377448788008e-05 -5.450969081240205 -5.844446785677871e-07 1.2773098434923006e-05 0.9999999999182531 -0.2630182075309221
1.0 0.0 0.0 0.0 0.0 1.0 0.0 0.0 0.0 0.0 1.0 0.0
0.8680256337672144 0.49651938442461446 3.6914908653988157e-06 2.5267155444131717 -0.49651938433386184 0.8680256334080608 2.6967712241525057e-05 5.3191171727532165 1.0185683184846174e-05 -2.5241562281465865e-05 0.9999999996295575 -0.29308796933088854
0.8963599013720945 0.44332711059817737 -1.4862045352410581e-05 0.02710039420781385 -0.44332711084646703 0.8963599009314883 -2.8117908347196067e-05 -5.451731525182241 8.563104360990901e-07 3.179251318022842e-05 0.9999999994942514 -0.26332473717431676
1.0 0.0 0.0 0.0 0.0 1.0 0.0 0.0 0.0 0.0 1.0 0.0
0.8680229324904614 0.49652410680424464 5.736456313977337e-06 2.5269003648144213 -0.4965241068206241 0.8680229323083143 1.8244354896558396e-05 5.319339096326434 4.079386388520941e-06 -1.868480728632597e-05 0.9999999998171184 -0.29290675705251634
0.896357409223944 0.4433321496138995 -6.932325526011631e-06 0.028022055738508467 -0.4433321496641714 0.8963574091722414 -9.806659099881215e-06 -5.451390788972443 1.8662340887564995e-06 1.1863594321527362e-05 0.9999999999278861 -0.26265817603315833
1.0 0.0 0.0 0.0 0.0 1.0 0.0 0.0 0.0 0.0 1.0 0.0
0.8680250022506221 0.49652048844857105 4.312804441978218e-06 2.527002305319222 -0.4965204884659127 0.8680250021949031 9.90503032724507e-06 5.319530056902929 1.1744284109686138e-06 -1.0739209740293789e-05 0.999999999941645 -0.2929317495923863
0.8963593045416651 0.4433283172848782 -1.5966869589697233e-05 0.02794106798300433 -0.4433283175516236 0.8963593035695266 -4.196665372840586e-05 -5.451027966913349 -4.292953873884961e-06 4.4695765981700856e-05 0.9999999989919296 -0.2630257807519797
1.0 0.0 0.0 0.0 0.0 1.0 0.0 0.0 0.0 0.0 1.0 0.0
0.8680231109029899 0.4965237949233528 3.6342472540379576e-06 2.526986794432953 -0.4965237949363543 0.8680231108872454 5.2563920675970815e-06 5.319462168381869 -5.446868701727355e-07 -6.367160032956942e-06 0.9999999999795813 -0.29290090152898796
0.8963584505670812 0.4433300440583728 -1.1497084174856606e-05 0.027805691535019328 -0.4433300441803411 0.8963584499240393 -3.4304963214437785e-05 -5.451138334650221 -4.9029123036585905e-06 3.584654650884436e-05 0.9999999993454934 -0.26308030124338255
1.0 0.0 0.0 0.0 0.0 1.0 0.0 0.0 0.0 0.0 1.0 0.0
0.868024137589131 0.4965220000719086 2.6901791169546156e-06 2.5267890826864132 -0.49652200007823166 0.8680241375640225 6.6743802908517055e-06 5.319558008624227 9.788362433708646e-07 -7.129256311630475e-06 0.999999999974108 -0.29276130201685546
0.8963585525004606 0.44332983805064746 -7.298404456675433e-06 0.027285222360255545 -0.44332983810545623 0.8963585524485942 -9.88190241491622e-06 -5.450910572261321 2.1610450567277806e-06 1.2093328210800085e-05 0.9999999999245407 -0.2627755277450956
1.0 0.0 0.0 0.0 0.0 1.0 0.0 0.0 0.0 0.0 1.0 0.0
0.8680234555722546 0.4965231923186621 8.129416350759882e-06 2.526436111264289 -0.49652319235776615 0.868023455235781 2.4726288290476286e-05 5.319458693594142 5.22065152634144e-06 -2.549944196386259e-05 0.9999999996612615 -0.29302225729493636
0.8963578541420905 0.4433312500448773 -7.171642780797354e-06 0.027086107927807745 -0.4433312500859122 0.8963578538489454 -2.325027352974137e-05 -5.451009867092689 -3.879214496257339e-06 2.4019978648518494e-05 0.9999999997039962 -0.26312756343078125
1.0 0.0 0.0 0.0 0.0 1.0 0.0 0.0 0.0 0.0 1.0 0.0
0.8680239000898217 0.49652241527703145 5.644424067187567e-07 2.5267757438375256 -0.4965224152773037 0.8680239000886724 1.429473120864323e-06 5.319440116272257 2.1981594729341998e-07 -1.5210751405175212e-06 0.9999999999988193 -0.2927821103889616
0.8963580837784935 0.4433307855960658 -1.370120637623721e-05 0.02768993184188062 -0.44333078579601154 0.8963580831013882 -3.498994399550955e-05 -5.45110556434976 -3.2309322759106927e-06 3.743768574045698e-05 0.9999999992939905 -0.2630262286375967
1.0 0.0 0.0 0.0 0.0 1.0 0.0 0.0 0.0 0.0 1.0 0.0
0.8680234849985962 0.49652314091192223 5.4636812605343525e-06 2.5270155065738242 -0.4965231408981134 0.8680234847230742 2.284477128439378e-05 5.319534428764069 6.600353944357993e-06 -2.2542642164623884e-05 0.9999999997241323 -0.29295998089139635
0.8963580104804629 0.4433309338674433 -1.1123219546648012e-05 0.027812714096288715 -0.4433309340009451 0.8963580100551521 -2.7709520004758334e-05 -5.451194204845788 -2.314100442488015e-06 2.9768917533552025e-05 0.9999999995542282 -0.263164350362071
1.0 0.0 0.0 0.0 0.0 1.0 0.0 0.0 0.0 0.0 1.0 0.0
0.8680242192759804 0.49652185723043807 6.539159322289254e-06 2.526922962560077 -0.4965218572718467 0.8680242191638483 1.4010953768304714e-05 5.319717897607002 1.2805961218914904e-06 -1.540868273773884e-05 0.9999999998804663 -0.29314305313157285
0.8963593983909108 0.443328127748709 -7.944068244402075e-06 0.027732937703492055 -0.4433281278155015 0.8963593981584587 -2.050873577714581e-05 -5.4507604024322 -1.9713592040932263e-06 2.190502696498944e-05 0.9999999997581416 -0.26313573385343764
1.0 0.0 0.0 0.0 0.0 1.0 0.0 0.0 0.0 0.0 1.0 0.0
0.8680241683451162 0.4965219463101761 1.0602828303911634e-06 2.526838853851057 -0.4965219463099553 0.8680241683457568 -4.807853646482792e-07 5.319327587505023 -1.159071607072029e-06 -1.0912037828796081e-07 0.9999999999993223 -0.29303086715642945
0.8963586701302454 0.443329600042868 -1.4428057362433093e-05 0.02747969161652719 -0.4433296002561929 0.896358669291997 -3.900978937984709e-05 -5.451252764173981 -4.361480025669195e-06 4.1363147833554064e-05 0.9999999991350338 -0.2631797474002482
1.0 0.0 0.0 0.0 0.0 1.0 0.0 0.0 0.0 0.0 1.0 0.0
0.8680245826659969 0.4965212219902089 9.335679477605815e-07 2.5268965764028657 -0.4965212219834101 0.8680245826405871 7.1928238419455255e-06 5.319348658402585 2.7610297553403213e-06 -6.707084211817424e-06 0.9999999999736959 -0.293164121963554
0.8963593443107848 0.44332823701048374 -1.1658367195692176e-05 0.027782260445608387 -0.44332823716377423 0.896359343998545 -2.3659220004848766e-05 -5.451184998550894 -3.8713922173205135e-08 2.6375646307521323e-05 0.9999999996521619 -0.2631527986330692
1.0 0.0 0.0 0.0 0.0 1.0 0.0 0.0 0.0 0.0 1.0 0.0
0.8680230041471308 0.49652398154986965 4.153972971703585e-06 2.5269358086398315 -0.4965239815672318 0.8680230041187378 7.02179959997206e-06 5.319411255041834 -1.1925220290943916e-07 -8.157630782515667e-06 0.9999999999667193 -0.2931062927637228
0.8963579805714262 0.4433309944158682 -7.4935148207915865e-06 0.027823318285598475 -0.4433309944790932 0.8963579804315064 -1.5840753234412835e-05 -5.451129189497412 -3.058250726099296e-07 1.7521092957570376e-05 0.9999999998464589 -0.2630172655062236
1.0 0.0 0.0 0.0 0.0 1.0 0.0 0.0 0.0 0.0 1.0 0.0
0.8680239504053759 0.49652232731510276 -4.899099058269137e-07 2.526788067912893 -0.49652232731531637 0.8680239504045723 -1.1930383422074329e-06 5.319540566496211 -1.6711664245594145e-07 1.2788370614112724e-06 0.9999999999991683 -0.2930135535483284
0.896358692255678 0.44332955531936935 -1.4071986891021511e-05 0.027417642268247278 -0.4433295555392078 0.8963586916710136 -3.242278408140976e-05 -5.450925469740756 -1.7604306901798408e-06 3.5300972032447525e-05 0.9999999993753711 -0.2632633603706672
1.0 0.0 0.0 0.0 0.0 1.0 0.0 0.0 0.0 0.0 1.0 0.0
0.8680242052219108 0.49652188183012486 3.5695751923159195e-06 2.527013304366406 -0.49652188180885004 0.8680242050555914 1.79612492288551e-05 5.319465100917834 5.819675598434845e-06 -1.7363171278418572e-05 0.999999999832326 -0.29303702048909114
0.8963592833145436 0.4433283603980774 -9.087924028529752e-06 0.02779720846357492 -0.4433283604912239 0.8963592831245967 -1.8453265509297817e-05 -5.45100293923198 -3.4810874924051164e-08 2.0569690306555383e-05 0.9999999997884432 -0.26294344377411183
1.0 0.0 0.0 0.0 0.0 1.0 0.0 0.0 0.0 0.0 1.0 0.0
0.8680230447050902 0.496523910663274 -7.446367603780919e-07 2.5269946226523325 -0.49652391059245 0.868023044553893 -1.8258434264135994e-05 5.319678001082172 -8.419387315585927e-06 1.6218471657732333e-05 0.9999999998330376 -0.29256770557684986
0.8963579503012656 0.44333105552304775 -1.1854713396245424e-05 0.027970726482356767 -0.44333105566053665 0.896357949677998 -3.3704157912533e-05 -5.450891928835414 -4.316033309005281e-06 3.5466552507628105e-05 0.9999999993617477 -0.2629253188456916
1.0 0.0 0.0 0.0 0.0 1.0 0.0 0.0 0.0 0.0 1.0 0.0
0.8680253088388536 0.4965199524052665 8.870485639201946e-06 2.5270285674984514 -0.49651995242449354 0.8680253083176603 3.105495064289235e-05 5.319387267384242 7.719596583255688e-06 -3.136085623033771e-05 0.9999999994784521 -0.2931250081988254
0.8963594130168193 0.4433280981219069 -1.057153845302441e-05 0.028087674167690757 -0.44332809824788183 0.8963594127751375 -2.081652168750116e-05 -5.451208945570006 2.4734903064075107e-07 2.3345745198796504e-05 0.9999999997274573 -0.26296781595650726
1.0 0.0 0.0 0.0 0.0 1.0 0.0 0.0 0.0 0.0 1.0 0.0
0.8680230735493705 0.4965238602260279 3.4854124627494304e-06 2.5271411987148955 -0.4965238602292168 0.8680230734698046 1.2128974986317174e-05 5.319206269334337 2.996907042562525e-06 -1.2258820597116811e-05 0.9999999999203698 -0.2926439751756458
0.8963580030743216 0.44333094884644314 -1.0932836947809112e-05 0.0279701132102268 -0.4433309489792956 0.8963580027246137 -2.507305985118096e-05 -5.451558249297359 -1.3159275236537614e-06 2.7321302838266662e-05 0.9999999996259074 -0.26277802617737334
1.0 0.0 0.0 0.0 0.0 1.0 0.0 0.0 0.0 0.0 1.0 0.0
0.8680232185724309 0.49652360670323786 2.3593593111233328e-06 2.526663576844122 -0.4965236067005326 0.8680232185755951 -1.6611999105069045e-06 5.319616218834422 -2.8728036340417093e-06 2.704824983545201e-07 0.999999999995837 -0.2929378856119802
0.896358427668336 0.4433300904322247 -8.081144661957229e-06 0.02726940262580868 -0.44333009050382743 0.8963584275707069 -1.3298023395047019e-05 -5.450757792125012 1.3481882078603421e-06 1.5502409935844027e-05 0.9999999998789287 -0.26286251233714913
1.0 0.0 0.0 0.0 0.0 1.0 0.0 0.0 0.0 0.0 1.0 0.0
0.8680236635157463 0.4965228288573951 3.8946534866977046e-07 2.5268758467485455 -0.49652282885492177 0.8680236635134401 -2.5714899117673566e-06 5.3192155360789535 -1.6148685841343053e-06 2.038735657245905e-06 0.9999999999966178 -0.2928915835010125
0.8963579259431392 0.4433311046647236 -1.5351521303520048e-05 0.027978289240543575 -0.44333110489854166 0.8963579249251937 -4.304925356509227e-05 -5.451386990699301 -5.324615357936291e-06 4.539334654037017e-05 0.9999999989555461 -0.26323079508353914
