1.0 0.0 0.0 0.0 0.0 1.0 0.0 0.0 0.0 0.0 1.0 0.0
0.8680242494018457 0.4965218046013959 2.394841408365557e-06 2.526612813627139 -0.49652180459624473 0.8680242493406485 1.0820907471336341e-05 5.31959265003817 3.294036089307177e-06 -1.0581901063460078e-05 0.9999999999385861 -0.29297452786089245
0.8963583916644293 0.4433301632238838 -8.285072400836541e-06 0.02728371553364184 -0.44333016330096664 0.8963583915301658 -1.552396643941866e-05 -5.450789188157722 5.441515954533509e-07 1.7588060090316368e-05 0.999999999845182 -0.26298971137303795
1.0 0.0 0.0 0.0 0.0 1.0 0.0 0.0 0.0 0.0 1.0 0.0
0.8680237228554263 0.4965227251193523 5.082299409004581e-07 2.5267222752328955 -0.49652272511955786 0.8680237228553573 4.1834684181754134e-07 5.319554945694243 -2.3343693142583053e-07 -6.154826983190484e-07 0.9999999999997833 -0.2931298954352073
0.8963589909070717 0.4433289516421667 -7.477559978474374e-06 0.027315744400222997 -0.44332895170309716 0.8963589908275564 -1.2018230212424108e-05 -5.450993903405109 1.3745487154897785e-06 1.4087667532245313e-05 0.9999999998998241 -0.2627746165169753
1.0 0.0 0.0 0.0 0.0 1.0 0.0 0.0 0.0 0.0 1.0 0.0
0.8680231973228874 0.49652364384456205 3.559640663797454e-06 2.527112164191832 -0.49652364384001135 0.8680231973301821 -2.1272558004092322e-06 5.319506786473147 -4.1460834717471515e-06 7.90616282480306e-08 0.9999999999914018 -0.2929605231162601
0.8963585688941519 0.4433298049098814 -6.970988825709283e-06 0.02822914296822754 -0.4433298049565928 0.8963585686719506 -2.0137568660033152e-05 -5.451251769820569 -2.6790788193730374e-06 2.114092934157538e-05 0.9999999997729418 -0.2630533433876326
1.0 0.0 0.0 0.0 0.0 1.0 0.0 0.0 0.0 0.0 1.0 0.0
0.8680247540991051 0.49652092226617056 4.810320130389192e-06 2.5269212134403283 -0.49652092228946665 0.8680247540597731 8.263663223621805e-06 5.3195642571996 -7.239526303647269e-08 -9.561488825293029e-06 0.9999999999542865 -0.29317666592944913
0.8963603898270177 0.4433261231759166 -7.679106979477743e-06 0.02783417610551453 -0.44332612324237186 0.8963603896840739 -1.600952606105731e-05 -5.451007825488643 -2.1419379797690679e-07 1.7754653748208308e-05 0.9999999998423632 -0.2630634103153119
1.0 0.0 0.0 0.0 0.0 1.0 0.0 0.0 0.0 0.0 1.0 0.0
0.8680228668681184 0.4965242215535045 2.1768247557262157e-06 2.5272224453894605 -0.49652422154728615 0.8680228668113942 1.0458926042531308e-05 5.3197147665010185 3.3035764465443863e-06 -1.0159433185083473e-05 0.9999999999429361 -0.29284899668351283
0.8963582291675488 0.44333049179948597 -6.666483388514914e-06 0.028037170181749005 -0.44333049184926004 0.8963582290466343 -1.4733477601620346e-05 -5.450825120733834 -5.562426269467433e-07 1.6161929252009877e-05 0.9999999998692415 -0.2629844789506861
1.0 0.0 0.0 0.0 0.0 1.0 0.0 0.0 0.0 0.0 1.0 0.0
0.8680253147815745 0.49651994209369665 -1.2732064381641224e-06 2.5268216900782896 -0.49651994208738687 0.8680253147503325 -7.881884989305478e-06 5.319435562775007 -2.808337659250114e-06 7.473848085855202e-06 0.9999999999681274 -0.29294775739157897
0.8963594855561071 0.4433279514845447 -9.27946660324068e-06 0.027500153657808113 -0.44332795157434 0.8963594852246585 -2.450890448737194e-05 -5.450761004789795 -2.5477445118787814e-06 2.6082635938756047e-05 0.9999999996566026 -0.2631513829062212
1.0 0.0 0.0 0.0 0.0 1.0 0.0 0.0 0.0 0.0 1.0 0.0
0.8680234038597457 0.4965232827805895 2.9201863305760834e-06 2.526781950729765 -0.49652328278675045 0.8680234038588781 1.978922671381358e-06 5.319752132067495 -1.5522088974011427e-06 -3.1676916964019084e-06 0.9999999999937783 -0.29284620044620424
0.8963586739613463 0.4433295924638206 -7.75371900242864e-06 0.027535923053747524 -0.4433295925192803 0.8963586736687665 -2.3139978532446044e-05 -5.450773965763046 -3.308523971393089e-06 2.4179173558688868e-05 0.9999999997022107 -0.2630976179716527
1.0 0.0 0.0 0.0 0.0 1.0 0.0 0.0 0.0 0.0 1.0 0.0
0.8680236244535914 0.4965228971286633 4.172505328475128e-06 2.5266879837407483 -0.4965228971387828 0.868023624364066 1.2758538887385814e-05 5.319292273364316 2.713073493594112e-06 -1.3146457601784118e-05 0.9999999999099052 -0.29316086378486983
0.8963592047501144 0.44332851930735634 -5.337592720821586e-06 0.02740705632778173 -0.44332851933710804 0.8963592047197873 -7.515253224750838e-06 -5.451336681288125 1.4526742820012203e-06 9.102673481787925e-06 0.9999999999575157 -0.26289035153782225
1.0 0.0 0.0 0.0 0.0 1.0 0.0 0.0 0.0 0.0 1.0 0.0
0.8680254237571734 0.49651975157848366 -1.9028569958465927e-06 2.52612769036795 -0.4965197515797788 0.8680254237348949 -6.403937188221975e-06 5.31936764621582 -1.5279530516936013e-06 6.503586374382841e-06 0.9999999999776842 -0.29311322420575625
0.8963598980610165 0.44332711712907086 -1.9133003520384967e-05 0.026882077138004945 -0.44332711753107423 0.8963598969021142 -4.568611955932372e-05 -5.4512410760774745 -3.1038386140966354e-06 4.943338477140868e-05 0.9999999987733531 -0.26315885107123327
1.0 0.0 0.0 0.0 0.0 1.0 0.0 0.0 0.0 0.0 1.0 0.0
0.8680249696252803 0.49652054543504065 8.24141724354625e-06 2.5268211154293247 -0.496520545445479 0.8680249691507717 2.9687120143693126e-05 5.3190551507209225 7.5865091375512775e-06 -2.9861194546003162e-05 0.9999999995253768 -0.2930688293236936
0.8963590487037028 0.4433288346136939 -1.4389520904764719e-05 0.02760582030501979 -0.4433288348441863 0.8963590481053132 -3.2793812744984705e-05 -5.451501105817902 -1.6402655258916421e-06 3.577432033212907e-05 0.9999999993587536 -0.2630911859998707
1.0 0.0 0.0 0.0 0.0 1.0 0.0 0.0 0.0 0.0 1.0 0.0
0.8680250305557408 0.49652043893431225 -7.013021085965607e-06 2.5263167513912705 -0.4965204389652648 0.868025030314512 -2.0910074908774955e-05 5.319593856285866 -4.2948017311120095e-06 2.1632576719692848e-05 0.999999999756793 -0.29313901567764383
0.8963584964765315 0.443329951268631 -1.0123491325397232e-05 0.026836473184857823 -0.4433299513840745 0.8963584962608299 -1.966768199646423e-05 -5.4508093676774365 3.550049602868613e-07 2.211734078065034e-05 0.9999999997553488 -0.26287653024251245
1.0 0.0 0.0 0.0 0.0 1.0 0.0 0.0 0.0 0.0 1.0 0.0
0.868024130997596 0.4965220115931186 -3.0644941111962126e-06 2.526600005439949 -0.4965220115827305 0.8680241308911899 -1.4298024534325971e-05 5.319474195156191 -4.439229066099601e-06 1.3932619101967552e-05 0.9999999998930876 -0.2926540628657064
0.8963583264502908 0.4433302948280046 -1.7057213490976436e-05 0.02715457351063577 -0.44333029512756966 0.8963583252922199 -4.584134508221692e-05 -5.451002327102685 -5.033481711683676e-06 4.86522508511284e-05 0.9999999988038114 -0.2631065795694955
1.0 0.0 0.0 0.0 0.0 1.0 0.0 0.0 0.0 0.0 1.0 0.0
0.8680233064921876 0.4965234530073432 1.8589757118582555e-07 2.5271745425959393 -0.49652345297351813 0.8680233064373053 -1.135349439090101e-05 5.319468386431837 -5.798639663067512e-06 9.762795237480837e-06 0.9999999999355319 -0.2927661005168024
0.8963586294296658 0.4433296823722015 -1.3218704359611096e-05 0.028145207969720865 -0.44332968252735744 0.8963586285364579 -4.047755504895764e-05 -5.450956850754219 -6.096201912248813e-06 4.214264977351496e-05 0.9999999990934166 -0.26304608313503763
1.0 0.0 0.0 0.0 0.0 1.0 0.0 0.0 0.0 0.0 1.0 0.0
0.8680249278891823 0.49652061840225414 8.026447158466295e-06 2.52670181250145 -0.496520618410175 0.8680249274313502 2.9178376871321518e-05 5.31920500948579 7.520509515863493e-06 -2.931285498641461e-05 0.9999999995420993 -0.29309446661389954
0.896359705223095 0.4433275073798647 -7.260986235679514e-06 0.027428495082109094 -0.44332750743876975 0.8963597050757931 -1.6265451220984856e-05 -5.451452636745655 -7.024664654314958e-07 1.7798689991173048e-05 0.9999999998413567 -0.263166327768631
1.0 0.0 0.0 0.0 0.0 1.0 0.0 0.0 0.0 0.0 1.0 0.0
0.8680233944178198 0.4965232992372851 7.608412547071161e-06 2.52697907344929 -0.49652329914633997 0.8680233936793132 3.781906600775911e-05 5.3193072165941615 1.2173767348626098e-05 -3.6605588148907214e-05 0.9999999992559151 -0.29332691818747686
0.8963593377577477 0.44332825040053153 -3.3609528058758413e-06 0.027490332610110357 -0.4433282503968305 0.8963593377640379 1.8167985238877663e-06 -5.451125550216159 3.818059542259549e-06 -1.3849899462736687e-07 0.9999999999927017 -0.26297939651272484
1.0 0.0 0.0 0.0 0.0 1.0 0.0 0.0 0.0 0.0 1.0 0.0
0.8680231529541353 0.49652372141593754 -2.6133787645029447e-06 2.5269256927132915 -0.4965237213893987 0.8680231528226295 -1.617048849574814e-05 5.319792283937731 -5.760557850338588e-06 1.533396295844004e-05 0.9999999998658425 -0.29261021575214163
0.8963582068533713 0.4433305369078396 -7.184409573113985e-06 0.027709017785571888 -0.443330536959522 0.8963582066345005 -1.9954044890574614e-05 -5.450521626655391 -2.406432954137714e-06 2.107104005137514e-05 0.9999999997751102 -0.26325070657434335
1.0 0.0 0.0 0.0 0.0 1.0 0.0 0.0 0.0 0.0 1.0 0.0
0.8680238088664972 0.4965225747521514 1.5467377824376822e-06 2.5265945957503533 -0.496522574751337 0.8680238088454251 6.307441557361998e-06 5.319321464119316 1.789181900966936e-06 -6.242999671021642e-06 0.9999999999789121 -0.29300159431233064
0.8963587148904408 0.4433295096003894 -1.2547302425428645e-05 0.027113807245239485 -0.4433295097758846 0.8963587144408924 -2.8420834756220062e-05 -5.45133274432961 -1.3529108631477294e-06 3.103785235147404e-05 0.9999999995174105 -0.26294386363550887
1.0 0.0 0.0 0.0 0.0 1.0 0.0 0.0 0.0 0.0 1.0 0.0
0.8680237642635595 0.4965226527265486 -1.7640322138326571e-06 2.526658687304714 -0.49652265272921914 0.8680237642524197 -4.449630550701788e-06 5.319421534584823 -6.781204821792478e-07 4.7382670145211345e-06 0.9999999999885444 -0.2928884316262913
0.8963586090788002 0.4433297235849914 -1.0787676090548326e-05 0.02750537028946809 -0.44332972371367024 0.8963586088911015 -1.8405705295446928e-05 -5.451152870092114 1.5098300926724538e-06 2.128060985847635e-05 0.9999999997724279 -0.26277060870297503
1.0 0.0 0.0 0.0 0.0 1.0 0.0 0.0 0.0 0.0 1.0 0.0
0.868024685933776 0.4965210412621646 1.39106603769357e-05 2.5269890383736016 -0.49652104145489 0.8680246856715715 2.1385052758676025e-05 5.3196248878225525 -1.4566679379887968e-06 -2.546968928221614e-05 0.9999999996745866 -0.29348927418146675
0.8963609776766847 0.44332493464492845 -4.535330239317941e-06 0.028077117795512585 -0.4433249346526541 0.89636097751302 -1.7524923409167863e-05 -5.450730004000165 -3.7039424783682797e-06 1.7719282462710266e-05 0.9999999998361538 -0.2633084863412382
1.0 0.0 0.0 0.0 0.0 1.0 0.0 0.0 0.0 0.0 1.0 0.0
0.8680239226845643 0.4965223757620726 3.858548458620779e-06 2.5266894505631505 -0.4965223757561176 0.8680239225503495 1.59312805370781e-05 5.31920302703627 4.560924892796893e-06 -1.5744588272823626e-05 0.9999999998656529 -0.2930535578481994
0.8963585363903768 0.443329870569886 -1.0029410431831732e-05 0.02744808760945716 -0.44332987067445456 0.8963585359998713 -2.6607116836796983e-05 -5.4512947515543075 -2.805782011877996e-06 2.829585353508964e-05 0.9999999995957358 -0.2631047871981739
