1.0 0.0 0.0 0.0 0.0 1.0 0.0 0.0 0.0 0.0 1.0 0.0
0.8680228500978147 0.4965242508719394 2.031090279923524e-06 2.5269112392678306 -0.4965242508678495 0.8680228500525679 9.313315093564593e-06 5.319726326528997 2.8612540264778595e-06 -9.092655891061678e-06 0.9999999999545686 -0.29274879268919324
0.8963573839731994 0.44333220059032086 -1.0791955315081787e-05 0.027783548053296414 -0.44333220072007634 0.8963573836390331 -2.4504739845303187e-05 -5.450822395972216 -1.190291409933719e-06 2.6749425802585076e-05 0.9999999996415259 -0.26304829613893654
1.0 0.0 0.0 0.0 0.0 1.0 0.0 0.0 0.0 0.0 1.0 0.0
0.8680244488628255 0.49652145588821706 4.362897714534783e-06 2.526860679363602 -0.4965214558713799 0.8680244488721897 -4.4156144382287995e-06 5.319291144267339 -5.97954919366137e-06 1.6665889641013041e-06 0.9999999999807339 -0.2930660310372517
0.8963599660401173 0.4433269800600485 -5.603350688616154e-06 0.028039362394270517 -0.4433269800133778 0.8963599655593376 -3.057255300659593e-05 -5.451135768082786 -8.53101836687711e-06 2.9888129113495576e-05 0.9999999995169608 -0.26341308726647217
1.0 0.0 0.0 0.0 0.0 1.0 0.0 0.0 0.0 0.0 1.0 0.0
0.8680236554994678 0.4965228428644941 2.665008997641828e-06 2.526912877902941 -0.4965228428715352 0.8680236554831833 5.327316530443274e-06 5.3196168674178095 3.31843496506617e-07 -5.947474612549222e-06 0.9999999999822587 -0.29277945249203885
0.8963579748327482 0.44333100596581826 -1.015238779910981e-05 0.027566938212132186 -0.4433310060820568 0.8963579746018978 -2.0343426328093384e-05 -5.450709001519122 8.130210615376329e-08 2.2735860721725543e-05 0.999999999741537 -0.2627496576197673
1.0 0.0 0.0 0.0 0.0 1.0 0.0 0.0 0.0 0.0 1.0 0.0
0.8680238778982524 0.49652245404377454 5.36915573925867e-06 2.5269892924689303 -0.49652245406004775 0.8680238777476879 1.6554605844515012e-05 5.319464658058105 3.5591781346243783e-06 -1.7035699546126787e-05 0.9999999998485587 -0.2930813064747037
0.8963587647144057 0.443329408958336 -8.503954029841702e-06 0.02799264274582125 -0.4433294090393322 0.8963587645177242 -1.8790817399774085e-05 -5.451102424353676 -7.079282439790058e-07 2.061336678697932e-05 0.999999999787294 -0.2630984087485013
1.0 0.0 0.0 0.0 0.0 1.0 0.0 0.0 0.0 0.0 1.0 0.0
0.8680239455813541 0.4965223357483315 -6.31709935298049e-07 2.526956184233473 -0.49652233572017096 0.8680239455170726 -1.1830464616085402e-05 5.319239750637552 -5.3257505737019354e-06 1.0582784666682832e-05 0.9999999999298205 -0.29298199865245833
0.8963581539617971 0.4433306435765029 -1.7095131873904844e-05 0.027764625530883436 -0.44333064385432897 0.8963581526013861 -4.9847135530831755e-05 -5.4512206434176385 -6.775401850361099e-06 5.22596822051342e-05 0.9999999986115099 -0.26332200044965226
1.0 0.0 0.0 0.0 0.0 1.0 0.0 0.0 0.0 0.0 1.0 0.0
0.868022882371463 0.4965241944549555 -6.283898600969852e-07 2.5271204088467165 -0.4965241943968013 0.8680228822878433 1.4258741600912308e-05 5.31984835260927 7.6252669648978444e-06 -1.2064903214371434e-05 0.9999999998981467 -0.29307105957721546
0.8963575302937791 0.44333190475108303 -1.0743053364562364e-05 0.0276937520296201 -0.4433319048686732 0.8963575301876958 -1.4188992007581415e-05 -5.45066260512128 3.3391839273180685e-06 1.7481148145487743e-05 0.9999999998416297 -0.2631637050727097
1.0 0.0 0.0 0.0 0.0 1.0 0.0 0.0 0.0 0.0 1.0 0.0
0.8680235075270794 0.49652310155655976 -1.01997303044192e-06 2.5267804191680625 -0.4965231015574096 0.868023507526736 -8.901331705596745e-07 5.319908550944033 4.4338888482406346e-07 1.2790966894536777e-06 0.9999999999990838 -0.292927686216543
0.8963575213837995 0.4433319227652177 -1.0769683324234832e-05 0.02742251839493548 -0.44333192288704376 0.8963575212558171 -1.5407921265357173e-05 -5.450300866926222 2.822663288834521e-06 1.8585550532115747e-05 0.9999999998233049 -0.2632497900875136
1.0 0.0 0.0 0.0 0.0 1.0 0.0 0.0 0.0 0.0 1.0 0.0
0.8680229994348979 0.4965239897921882 3.590348236350128e-06 2.5270782195890513 -0.49652398977098594 0.8680229992675974 1.8010737578601364e-05 5.319270052981491 5.826258437093069e-06 -1.7416428485996102e-05 0.9999999998313612 -0.2928271832304143
0.8963580106142597 0.44333093364975484 -8.768325919989662e-06 0.028118675730314013 -0.44333093373541016 0.896358010479974 -1.554582184726412e-05 -5.4514962908345375 9.676154629794319e-07 1.782189206178301e-05 0.9999999998407219 -0.2624844379008807
1.0 0.0 0.0 0.0 0.0 1.0 0.0 0.0 0.0 0.0 1.0 0.0
0.8680254018225034 0.4965197898786287 7.0544653034107915e-06 2.5267722437958255 -0.49651978992716034 0.8680254016962501 1.4857767255524644e-05 5.319650804578363 1.253720397024797e-06 -1.6399601022662537e-05 0.9999999998647404 -0.29308762640653013
0.8963599996883223 0.44332691201309193 -6.609630167103624e-06 0.027648597474501102 -0.44332691206127894 0.8963599995535201 -1.5576409336811857e-05 -5.4507933499656795 -9.808333579069501e-07 1.6892297200136294e-05 0.9999999998568441 -0.26298599630603725
1.0 0.0 0.0 0.0 0.0 1.0 0.0 0.0 0.0 0.0 1.0 0.0
0.8680232016503544 0.4965236362895763 1.563629087110774e-06 2.527068463446886 -0.4965236362916517 0.8680232016414438 3.98166309989089e-06 5.319210250051927 6.197235144611857e-07 -4.232554752002774e-06 0.9999999999908507 -0.2926692797510912
0.8963577405039739 0.4433314797082583 -1.1759983928057572e-05 0.02779495509111385 -0.44333147982121685 0.8963577397321125 -3.7707668120578735e-05 -5.451065684129413 -6.17584369120673e-06 3.9013131273728826e-05 0.9999999992199172 -0.26317810209072245
1.0 0.0 0.0 0.0 0.0 1.0 0.0 0.0 0.0 0.0 1.0 0.0
0.8680249387315297 0.4965205994947288 4.185600343537608e-06 2.5267699728852264 -0.4965205994908429 0.8680249385845525 1.662941954026575e-05 5.319530523845349 4.623643878247104e-06 -1.6512987669387187e-05 0.9999999998529717 -0.2932363279104139
0.8963592384763025 0.4433284509236776 -1.413489180474048e-05 0.027453135851970956 -0.4433284511489956 0.8963592380117266 -2.8859485508206175e-05 -5.450949390389058 -1.242901573319441e-07 3.213486614391213e-05 0.9999999994836675 -0.2632238588623243
1.0 0.0 0.0 0.0 0.0 1.0 0.0 0.0 0.0 0.0 1.0 0.0
0.8680244943567406 0.49652137637070726 1.913812353883538e-06 2.5269401045601185 -0.49652137635775273 0.8680244942896388 1.1533424003213976e-05 5.319392711320034 4.0653555596957015e-06 -1.0961543282624929e-05 0.9999999999316588 -0.29292886211513697
0.8963588274280252 0.44332928207965133 -1.1941360731678897e-05 0.02770834497724195 -0.4433292822391539 0.8963588270344215 -2.6585557659050675e-05 -5.451036994233848 -1.082412092029142e-06 2.9124154171918997e-05 0.9999999995753058 -0.26290202293293985
1.0 0.0 0.0 0.0 0.0 1.0 0.0 0.0 0.0 0.0 1.0 0.0
0.8680234280450481 0.4965232405050508 1.8125500403745256e-06 2.527116886654456 -0.4965232405081645 0.868023428035694 4.053674685196077e-06 5.3197209943615125 4.394077911241756e-07 -4.418657816053277e-06 0.9999999999901413 -0.2928327245944572
0.8963586360683461 0.443329669133134 -3.4641706387467504e-06 0.027908949624190882 -0.4433296691336323 0.896358636074547 6.64671823200805e-07 -5.4508475141789505 3.3998080083413173e-06 9.399852942110359e-07 0.9999999999937789 -0.2629929518176907
1.0 0.0 0.0 0.0 0.0 1.0 0.0 0.0 0.0 0.0 1.0 0.0
0.8680239422390571 0.49652234159003134 -1.3109157036487676e-06 2.5264704930772197 -0.4965223415917609 0.8680239422361824 -2.2341195887705067e-06 5.319671258603416 2.86159274157256e-08 2.5901682276771247e-06 0.9999999999966452 -0.2928047612083988
0.8963586398281277 0.4433296613275638 -1.3880075813073578e-05 0.02704679163123913 -0.4433296615363172 0.896358639177338 -3.426725822999412e-05 -5.450888028226347 -2.750166118244797e-06 3.686920228999308e-05 0.9999999993165494 -0.2630511517980801
1.0 0.0 0.0 0.0 0.0 1.0 0.0 0.0 0.0 0.0 1.0 0.0
0.868023615482529 0.4965229127860949 6.561293835367641e-06 2.5269306502773095 -0.4965229128197868 0.8680236153074224 1.7708364397773336e-05 5.319631398001099 3.097250675388013e-06 -1.8629111215837935e-05 0.9999999998216815 -0.2930196093357031
0.8963583432761857 0.44333026101964107 -1.0170022644653724e-05 0.0280843104991102 -0.44333026113480445 0.8963583430967468 -1.79722470217268e-05 -5.4509588704936425 1.1483436837618024e-06 2.061825236015288e-05 0.9999999997867846 -0.2626446866291515
1.0 0.0 0.0 0.0 0.0 1.0 0.0 0.0 0.0 0.0 1.0 0.0
0.8680236309517616 0.4965228857829591 -1.7555445583052533e-06 2.526672802207397 -0.49652288578602044 0.8680236309448081 -3.4805059564836443e-06 5.319657034264987 -2.0429669970936062e-07 3.892829468106373e-06 0.999999999992402 -0.29281406136847377
0.8963577289248792 0.443331503159343 -1.0154262532698663e-05 0.027497096101985363 -0.4433315032751959 0.8963577286567531 -2.1933123224172133e-05 -5.450780788602551 -6.21792787956358e-07 2.4161628994720916e-05 0.9999999997079144 -0.2629506872330495
1.0 0.0 0.0 0.0 0.0 1.0 0.0 0.0 0.0 0.0 1.0 0.0
0.8680234285563916 0.4965232396095521 2.2006264115394363e-06 2.526877738710265 -0.4965232396054538 0.8680234285055273 9.859695013218348e-06 5.319796442816896 2.9853724269216883e-06 -9.651108424917878e-06 0.9999999999489717 -0.2929645332268548
0.8963582455482416 0.44333045865308474 -8.253701327680028e-06 0.02747608897349707 -0.4433304587186705 0.8963582455027671 -9.565222758138931e-06 -5.45060834652176 3.157718648504179e-06 1.2232983485491672e-05 0.9999999999201914 -0.26275108050524676
1.0 0.0 0.0 0.0 0.0 1.0 0.0 0.0 0.0 0.0 1.0 0.0
0.868023444778619 0.4965232112545698 -3.2906123618112714e-07 2.526738843870266 -0.496523211228045 0.868023444725003 -1.0932920991462671e-05 5.319604784534602 -5.142816171315855e-06 9.653418282183779e-06 0.9999999999401814 -0.2926895465386403
0.8963586248793587 0.4433296915450209 -1.4106091055293319e-05 0.02753248311359613 -0.4433296917521806 0.896358624109969 -3.7344346172278993e-05 -5.451017214882429 -3.911741099617428e-06 3.972757578138233e-05 0.9999999992032089 -0.2630958309398026
1.0 0.0 0.0 0.0 0.0 1.0 0.0 0.0 0.0 0.0 1.0 0.0
0.8680242771311686 0.496521756130492 7.049185346821353e-08 2.526499205005173 -0.49652175610831173 0.8680242770937178 -9.329937409364343e-06 5.319428527227008 -4.693705547229992e-06 8.063611436558947e-06 0.9999999999564738 -0.2928103333171428
0.8963583875279197 0.4433301711665892 -2.101787776666648e-05 0.027193312356295962 -0.4433301715296524 0.8963583850766539 -6.718826479034316e-05 -5.451199014149681 -1.094703395722669e-05 6.95426240437591e-05 0.9999999975219928 -0.2636027889344288
1.0 0.0 0.0 0.0 0.0 1.0 0.0 0.0 0.0 0.0 1.0 0.0
0.868024533472586 0.4965213079826754 2.978781876641823e-06 2.5268483894844245 -0.49652130799080774 0.8680245334447714 7.006063627391495e-06 5.319193544000718 8.930041273729017e-07 -7.560463785252901e-06 0.999999999971021 -0.29306307041612034
0.8963587544582243 0.4433294292625858 -2.1349749035237452e-05 0.027731285657873528 -0.4433294297439871 0.8963587527680452 -5.530810531307931e-05 -5.4512920748842255 -5.382676344914205e-06 5.9040876454851224e-05 0.9999999982426008 -0.2630566785739447
