1.0 0.0 0.0 0.0 0.0 1.0 0.0 0.0 0.0 0.0 1.0 0.0
0.868023584742098 0.49652296656978206 4.701037665341103e-07 2.5267126016562784 -0.4965229665338039 0.8680235846669898 1.2897279562609616e-05 5.319530833914833 5.995734352515829e-06 -1.1428560156096498e-05 0.9999999999167196 -0.2931645941742308
0.8963583978378488 0.44333015067063036 -1.148565698119549e-05 0.02739524961636164 -0.4433301508184196 0.8963583975898834 -2.1104822364740073e-05 -5.451055848978154 9.388610080961058e-07 2.4009422803242636e-05 0.9999999997113334 -0.2630807134326152
1.0 0.0 0.0 0.0 0.0 1.0 0.0 0.0 0.0 0.0 1.0 0.0
0.8680240276559799 0.4965221922508589 3.7804442347749517e-06 2.5266627635303536 -0.49652219226037814 0.8680240275885694 1.1039297877072962e-05 5.320041221383961 2.199739952090318e-06 -1.145945026491703e-05 0.9999999999319211 -0.29290121526223795
0.8963588727667839 0.4433291903836411 -1.2885877630800495e-05 0.02726244305799952 -0.4433291905703078 0.896358872434932 -2.4401903122331598e-05 -5.450803640100076 7.322947884340749e-07 2.758554807594821e-05 0.9999999996192507 -0.2629811335803772
1.0 0.0 0.0 0.0 0.0 1.0 0.0 0.0 0.0 0.0 1.0 0.0
0.8680229603896993 0.49652405804888894 3.868492510195616e-06 2.526773089968632 -0.49652405804277117 0.8680229602543375 1.6001115358886768e-05 5.319730279228867 4.586998410882155e-06 -1.58101351230254e-05 0.9999999998644995 -0.29298977187469544
0.8963574717947034 0.4433320229989286 -1.1894771129954067e-05 0.027515259996786057 -0.44333202315707715 0.896357471401237 -2.6582578742904343e-05 -5.450834420175653 -1.1229414376833944e-06 2.9100826025810607e-05 0.9999999995759405 -0.2630643465693605
1.0 0.0 0.0 0.0 0.0 1.0 0.0 0.0 0.0 0.0 1.0 0.0
0.8680243498868565 0.49652162893697654 1.1277134420556895e-06 2.5269140237153564 -0.496521628928505 0.8680243498818034 -4.296104452507772e-06 5.319418497238356 -3.1119915082380655e-06 3.1691891592264706e-06 0.9999999999901359 -0.2928671518728508
0.8963583534931429 0.4433302402321354 -1.479116136533274e-05 0.027801256374699435 -0.44333024044481784 0.8963583525118084 -4.230196271703628e-05 -5.451069019878352 -5.495558260465075e-06 4.4475086775119476e-05 0.9999999989958827 -0.26323925397894815
1.0 0.0 0.0 0.0 0.0 1.0 0.0 0.0 0.0 0.0 1.0 0.0
0.8680231384305326 0.49652374679476885 4.25364819593431e-06 2.5273256723632587 -0.49652374680123396 0.8680231383191808 1.431732945655959e-05 5.319452380317227 3.416629009522634e-06 -1.4539810588643275e-05 0.9999999998884604 -0.2928617578031448
0.8963580774713746 0.4433307983621683 -1.3243224076215441e-05 0.02828827022786945 -0.4433307985567019 0.8963580769501409 -3.061571573426798e-05 -5.451075022126555 -1.7022188333272868e-06 3.3313773201155335e-05 0.9999999994436475 -0.2629103973153865
1.0 0.0 0.0 0.0 0.0 1.0 0.0 0.0 0.0 0.0 1.0 0.0
0.868024618541197 0.4965211592624896 3.3230176053691492e-06 2.5268012051194155 -0.49652115925593315 0.8680246184343834 1.4247338188157006e-05 5.319473020674463 4.189643784639352e-06 -1.4016988849653171e-05 0.9999999998929853 -0.29328185799436146
0.8963593408088385 0.44332824399999865 -1.4718116675082002e-05 0.02784569910998158 -0.4433282442442743 0.8963593403009009 -3.017651411663791e-05 -5.451150026909412 -1.8537966002771645e-07 3.3573957125646783e-05 0.9999999994363775 -0.2630594611173602
1.0 0.0 0.0 0.0 0.0 1.0 0.0 0.0 0.0 0.0 1.0 0.0
0.868023443949113 0.4965232127048194 7.61395758424729e-08 2.526849338635216 -0.49652321264110827 0.8680234438352554 1.6153481632818032e-05 5.31923033909876 7.954487659861887e-06 -1.405940582550115e-05 0.9999999998695296 -0.2933804845066846
0.8963583247265688 0.4433302984283674 -1.3740222337064203e-05 0.027529108120848633 -0.4433302986377294 0.8963583244131382 -2.377083234176078e-05 -5.451417866769946 1.7778324751463484e-06 2.739864032726058e-05 0.9999999996230767 -0.26300553860920667
1.0 0.0 0.0 0.0 0.0 1.0 0.0 0.0 0.0 0.0 1.0 0.0
0.868025529478757 0.4965195667375947 4.453682994775725e-06 2.526946024509556 -0.4965195667545266 0.8680255294699198 4.285206198181137e-06 5.319191463877975 -1.7382218147305323e-06 -5.931009130127379e-06 0.9999999999809009 -0.2931836076239979
0.8963599990038443 0.44332691323456946 -1.3701760139248919e-05 0.02821677512480658 -0.4433269134411726 0.8963599984165959 -3.2516519188467946e-05 -5.45150810831427 -2.133738384240963e-06 3.522086613862444e-05 0.9999999993774689 -0.2630911854682213
1.0 0.0 0.0 0.0 0.0 1.0 0.0 0.0 0.0 0.0 1.0 0.0
0.8680241059290711 0.4965220554154101 3.477553998447492e-06 2.5267302101793447 -0.49652205542521854 0.8680241058819997 9.169070334924438e-06 5.31936652198687 1.5340449487816111e-06 -9.685656338828462e-06 0.9999999999519175 -0.2929596692263119
0.8963584770328656 0.4433299905626791 -1.0909508945076565e-05 0.027635956987399624 -0.4433299906957213 0.8963584767020715 -2.4373636934458465e-05 -5.45121526712218 -1.0267334125576e-06 2.6684028581434383e-05 0.9999999996434543 -0.2629119895819618
1.0 0.0 0.0 0.0 0.0 1.0 0.0 0.0 0.0 0.0 1.0 0.0
0.8680249506047117 0.4965205787387744 4.074256619537765e-06 2.5265650819359173 -0.4965205787513281 0.8680249505346139 1.1217253560008532e-05 5.319233634645423 2.033040828836013e-06 -1.1759808222059876e-05 0.9999999999287867 -0.2933183335871111
0.8963598495972704 0.4433272154009398 -1.0714843769882634e-05 0.02747584012169213 -0.4433272155240804 0.8963598491933438 -2.70139112976001e-05 -5.451273747633391 -2.3716463269505425e-06 2.8964367321028302e-05 0.9999999995777203 -0.26313422046190504
1.0 0.0 0.0 0.0 0.0 1.0 0.0 0.0 0.0 0.0 1.0 0.0
0.8680233616681788 0.4965233565245256 4.8880377251165085e-06 2.526847385936483 -0.49652335649732465 0.8680233613950411 2.2914717069702655e-05 5.319535776971962 7.134761296473933e-06 -2.2317534640481938e-05 0.9999999997255112 -0.292903461381986
0.8963580316679702 0.44333089102763523 -1.117873711611198e-05 0.027705037308951574 -0.4433308911681691 0.8963580313481537 -2.3952021880405494e-05 -5.45108016080575 -5.985204077958221e-07 2.642546667501085e-05 0.999999999650668 -0.2629997357327778
1.0 0.0 0.0 0.0 0.0 1.0 0.0 0.0 0.0 0.0 1.0 0.0
0.8680242022595451 0.4965218870208362 9.735817896606836e-07 2.5264479272108353 -0.4965218870190026 0.8680242022595728 -1.6492163053787535e-06 5.31950917150226 -1.6639645483583233e-06 9.48155000458308e-07 0.9999999999981659 -0.293109645426574
0.8963584368004915 0.443330071878772 -1.2022593136405491e-05 0.027555413745952606 -0.44333007204031966 0.8963584363980319 -2.688494266694697e-05 -5.451031491560781 -1.1423507797962056e-06 2.942852226369004e-05 0.9999999995663286 -0.26271544830896626
1.0 0.0 0.0 0.0 0.0 1.0 0.0 0.0 0.0 0.0 1.0 0.0
0.8680226259555561 0.49652464270761715 3.646290261739223e-06 2.526837047573694 -0.4965246427008067 0.8680226258305981 1.539448983823929e-05 5.3195475322566 4.478681119058314e-06 -1.5173238464037211e-05 0.9999999998748571 -0.2928614008913345
0.8963574169017022 0.44333213396850946 -1.2499403981257468e-05 0.027460258092217416 -0.44333213405849886 0.8963574158150838 -4.499379631766104e-05 -5.450996755784354 -8.74326228498463e-06 4.587191048537155e-05 0.9999999989096615 -0.26336391395831615
1.0 0.0 0.0 0.0 0.0 1.0 0.0 0.0 0.0 0.0 1.0 0.0
0.868024116881216 0.496522036227324 7.297781119336768e-06 2.5267234682169075 -0.49652203624812086 0.8680241165610314 2.4258230698579517e-05 5.319217076966339 5.710096092759485e-06 -2.4680238420704682e-05 0.9999999996791402 -0.2930945367569886
0.8963589682860768 0.4433289974402966 -1.3051748582489812e-06 0.02757844801408993 -0.443328997437496 0.8963589682862327 1.9765315562491134e-06 -5.451304626523073 2.0461589426068003e-06 -1.1930599251552136e-06 0.999999999997195 -0.2627938695603261
1.0 0.0 0.0 0.0 0.0 1.0 0.0 0.0 0.0 0.0 1.0 0.0
0.8680234923483554 0.4965231280551123 6.142540019817155e-06 2.5269862023659666 -0.496523128035833 0.8680234919939018 2.59272931933688e-05 5.3193331402305954 7.541631680658041e-06 -2.555541276956794e-05 0.9999999996450223 -0.2930260227046565
0.896358201459068 0.44333054774739933 -1.0538321041649077e-05 0.02788030140868436 -0.4433305478726386 0.8963582012000327 -2.1549665943636542e-05 -5.4512803295393955 -1.0751471400752772e-07 2.3988179448333534e-05 0.9999999997122778 -0.2630523810830451
1.0 0.0 0.0 0.0 0.0 1.0 0.0 0.0 0.0 0.0 1.0 0.0
0.8680229048569424 0.4965241551439119 1.5298318487372398e-06 2.526718952186492 -0.49652415513860293 0.8680229048223004 8.23117793616625e-06 5.319777459965357 2.7590495853665967e-06 -7.904449448747712e-06 0.9999999999649538 -0.2928634080559088
0.8963574672756153 0.44333203216887523 -1.0595242668944397e-05 0.02738126664001328 -0.4433320322947408 0.896357466974373 -2.3252971377510055e-05 -5.45082523412873 -8.116621740435706e-07 2.554018499566235e-05 0.99999999967352 -0.26292240484107426
1.0 0.0 0.0 0.0 0.0 1.0 0.0 0.0 0.0 0.0 1.0 0.0
0.8680243131046714 0.496521693235082 2.4759907448060535e-06 2.5266763926731777 -0.4965216932356969 0.8680243131077571 -4.0325130266367533e-07 5.319433553492904 -2.3494431851173617e-06 -8.793511820465443e-07 0.9999999999968534 -0.293009320899721
0.8963588922029446 0.44332915116512894 -9.793738388478136e-06 0.027553483616085117 -0.4433291512723761 0.896358891937055 -2.1851568787074197e-05 -5.451117352545603 -9.0873295218768e-07 2.3928697718428157e-05 0.9999999997132959 -0.2630484820696244
1.0 0.0 0.0 0.0 0.0 1.0 0.0 0.0 0.0 0.0 1.0 0.0
0.8680237952968797 0.4965225984743887 -1.6252189185924955e-06 2.526815546053017 -0.49652259845868774 0.8680237952319821 -1.1441076762264149e-05 5.31940557101256 -4.270024469540232e-06 1.0738084793988847e-05 0.9999999999332305 -0.2930480596043103
0.8963578691347046 0.4433312195247797 -1.5328505721353943e-05 0.027864428787525597 -0.4433312197719501 0.8963578682528018 -3.996007723243941e-05 -5.4509733100632385 -3.975723059866895e-06 4.2614134817256414e-05 0.9999999990841144 -0.2630856289717797
1.0 0.0 0.0 0.0 0.0 1.0 0.0 0.0 0.0 0.0 1.0 0.0
0.8680256508220232 0.49651935455118634 8.43068439304561e-06 2.5268876637865567 -0.49651935462272007 0.8680256507037162 1.4332754376824506e-05 5.319309011161908 -2.015603540265326e-07 -1.6627196419887474e-05 0.9999999998617478 -0.29338899750398606
0.8963606466229962 0.443325603868223 -1.1852383307869472e-05 0.027894954226306945 -0.44332560399924825 0.8963606459499154 -3.508492727745241e-05 -5.451399953568581 -4.9300366140570556e-06 3.670321308993334e-05 0.9999999993142845 -0.26335474692343414
1.0 0.0 0.0 0.0 0.0 1.0 0.0 0.0 0.0 0.0 1.0 0.0
0.8680251478882031 0.49652023386089755 6.19498705110543e-07 2.526577393006953 -0.496520233860956 0.8680251478855208 2.2322147566845264e-06 5.319539068348141 5.705993378946805e-07 -2.2452121862255666e-06 0.9999999999973166 -0.29310764239349113
0.8963602688769646 0.44332636771703404 -8.101734039593607e-06 0.02731370125504995 -0.44332636778572526 0.8963602686268164 -2.1288005452798362e-05 -5.450998330760801 -2.175461633256909e-06 2.2673434616058872e-05 0.9999999997405914 -0.26325574111522776
