1.0 0.0 0.0 0.0 0.0 1.0 0.0 0.0 0.0 0.0 1.0 0.0
-0.9760270306165421 -0.2176493406374463 5.093170218416307e-06 -2.0385853239757896 0.2176493406110943 -0.9760270306215192 -5.262640994769604e-06 0.8045111288091245 6.116482147254099e-06 -4.027954723668054e-06 0.999999999973182 0.47891058902188266
0.6895045301965225 -0.7242813694525478 -2.6503121007288215e-05 -4.208246397492104 0.7242813687169573 0.6895045306973236 -3.282308860246047e-05 2.0678886863143218 4.204717357479427e-05 3.435951528003843e-06 0.9999999991101148 0.03896460011344327
1.0 0.0 0.0 0.0 0.0 1.0 0.0 0.0 0.0 0.0 1.0 0.0
-0.9760252380705043 -0.21765737903660304 -5.748177258401435e-07 -2.0388117138584745 0.21765737893883197 -0.9760252375458071 -3.266693795223277e-05 0.8042672137353528 6.549163488429414e-06 -3.200886921144532e-05 0.9999999994662704 0.47869674176230076
0.689505431968426 -0.7242805110648044 -2.4036217212427117e-05 -4.208346964108231 0.7242805107639694 0.6895054323813675 -2.10728978973996e-05 2.0675701458301368 3.1835791600611215e-05 -2.8790861118774997e-06 0.9999999994890967 0.03904363835080166
1.0 0.0 0.0 0.0 0.0 1.0 0.0 0.0 0.0 0.0 1.0 0.0
-0.976024460237721 -0.2176608665491472 1.3810847537602356e-05 -2.0381573420860004 0.21766086479723512 -0.9760244574534123 -7.992804048553189e-05 0.8037712115313056 3.087693152851404e-05 -7.500564155413346e-05 0.9999999967103841 0.47815870833051555
0.6895052507354072 -0.724280682015194 -5.355285402827016e-05 -4.207801304894175 0.7242806799844363 0.6895052528137149 -5.42547393070297e-05 2.0671430609734562 7.622063374350068e-05 -1.3783699012322033e-06 0.9999999970942577 0.03912755329517076
1.0 0.0 0.0 0.0 0.0 1.0 0.0 0.0 0.0 0.0 1.0 0.0
-0.9760268837711633 -0.21764999919943925 -2.106142350202683e-06 -2.038046049231529 0.21764999918973849 -0.9760268835054412 -2.2964382887642425e-05 0.804406395197292 2.942546362822738e-06 -2.2872256948355476e-05 0.9999999997341008 0.4787802109795641
0.6895097475835276 -0.7242764010161707 -5.4021875347479014e-05 -4.207921815494336 0.7242763953152233 0.6895097492074389 -9.453613758635482e-05 2.0677315386437756 0.00010571890321956702 2.605681921984521e-05 0.9999999940722778 0.038966623496955344
1.0 0.0 0.0 0.0 0.0 1.0 0.0 0.0 0.0 0.0 1.0 0.0
-0.9760250951437995 -0.2176580197397229 9.618721100207032e-06 -2.0385567097447996 0.2176580195004441 -0.9760250950121291 -2.1300448835045532e-05 0.804658654854753 1.4024326688725817e-05 -1.869618081602998e-05 0.9999999997268855 0.4782397639356584
0.6895018868253305 -0.7242838856103349 -3.3309208475238126e-05 -4.208666949825348 0.724283884663461 0.6895018876284175 -3.706284708104549e-05 2.0680999053986038 4.981078501472643e-05 1.4295800839932784e-06 0.9999999987584209 0.03911302461028787
1.0 0.0 0.0 0.0 0.0 1.0 0.0 0.0 0.0 0.0 1.0 0.0
-0.9760272323656314 -0.2176484345644947 2.4744924618212295e-05 -2.038956742290086 0.21764843564444755 -0.9760272308218911 5.617539853859222e-05 0.8037244905710796 1.1925232699025612e-05 6.021441289604535e-05 0.9999999981160065 0.479635504931135
0.6894916563752869 -0.7242936245693213 -3.459909749585764e-05 -4.208493015602603 0.7242936180442799 0.6894916553964344 -0.00010953999697733997 2.0670821558647674 0.00010319491045369914 5.046700844893611e-05 0.9999999934019457 0.038544097605809735
1.0 0.0 0.0 0.0 0.0 1.0 0.0 0.0 0.0 0.0 1.0 0.0
-0.9760308336688852 -0.21763228390818168 -2.6991286143389175e-05 -2.0373099692199403 0.21763228331974452 -0.9760308338991206 2.3134858781211605e-05 0.8046801629728557 -3.1379219676990613e-05 1.6706160269915085e-05 0.9999999993681246 0.47897495912837795
0.6894930251674933 -0.7242923078061454 -0.0001452522903547583 -4.207609142868559 0.7242923157885226 0.6894930320733922 3.4553945502581696e-06 2.068061490527887 9.764772639911957e-05 -0.00010758758819623876 0.9999999894449162 0.039869184018774595
1.0 0.0 0.0 0.0 0.0 1.0 0.0 0.0 0.0 0.0 1.0 0.0
-0.9760219598549977 -0.21767207831058796 1.4309373300869728e-05 -2.0384836123868997 0.21767207675443392 -0.9760219576296875 -7.229194440229031e-05 0.8042503663776673 2.9702200324728825e-05 -6.744377425379631e-05 0.9999999972845584 0.47750282833042146
0.6895148683663829 -0.7242715272910617 3.2514043828661885e-05 -4.208337615778204 0.7242715277589553 0.6895148686295487 -4.0602782319606025e-06 2.067433278245459 -1.947817274284601e-05 2.6348618408048432e-05 0.9999999994631756 0.03813925434590615
1.0 0.0 0.0 0.0 0.0 1.0 0.0 0.0 0.0 0.0 1.0 0.0
-0.9760267086926252 -0.2176507841736465 8.199943174139457e-06 -2.038600845690068 0.21765078417714218 -0.9760267087261751 -4.7444209120787106e-07 0.8047339462711848 8.10662624119732e-06 1.3216559092898591e-06 0.999999999966268 0.4786389172169021
0.6895032033761682 -0.7242826326803989 -2.305543951284426e-05 -4.208626284675783 0.7242826320018249 0.6895032037419007 -3.178308856019521e-05 2.068250716986335 3.891673846483925e-05 5.215886963085092e-06 0.9999999992291413 0.038811389812197894
1.0 0.0 0.0 0.0 0.0 1.0 0.0 0.0 0.0 0.0 1.0 0.0
-0.9760277435965876 -0.21764614085715375 3.3162345271435004e-05 -2.0385832122075027 0.21764614214702413 -0.9760277429636068 4.211749939471148e-05 0.8046178859704305 2.320065780084707e-05 4.832550441302564e-05 0.9999999985631874 0.47925594706088503
0.6894989082209774 -0.7242867204007649 -4.704449457739772e-05 -4.208302457111816 0.7242867168461726 0.6894989096229404 -7.368154335037895e-05 2.068124978768296 8.580369110219844e-05 1.672964117297614e-05 0.9999999961789228 0.039072389166077415
1.0 0.0 0.0 0.0 0.0 1.0 0.0 0.0 0.0 0.0 1.0 0.0
-0.9760298248597291 -0.21763680927337797 -1.5283644137134435e-05 -2.03833271212466 0.2176368096738313 -0.9760298243266615 -3.31641750103892e-05 0.805356492243579 -7.699547270797121e-06 -3.5695507477195143e-05 0.9999999993332737 0.47934964483960446
0.6894962884732377 -0.7242892117248753 -7.720484280626709e-05 -4.2082814046569155 0.7242892070345351 0.6894962927950479 -8.243281417766981e-05 2.068709880947177 0.00011293765090175344 9.184850485329399e-07 0.9999999936221214 0.03977666261667573
1.0 0.0 0.0 0.0 0.0 1.0 0.0 0.0 0.0 0.0 1.0 0.0
-0.976028931741123 -0.21764080873887617 5.268558505162554e-05 -2.0388360112636508 0.21764081008666597 -0.9760289326302349 2.129566970937143e-05 0.8048068229730463 4.678784856475075e-05 3.225172316767992e-05 0.999999998385362 0.479532528524179
0.6895013387607312 -0.7242844074017064 -3.22787581808899e-05 -4.20833621704463 0.7242844026256003 0.6895013383344616 -9.245681735856622e-05 2.0683718163136913 8.92212781363188e-05 4.03700982597679e-05 0.9999999952049092 0.03935596315301865
1.0 0.0 0.0 0.0 0.0 1.0 0.0 0.0 0.0 0.0 1.0 0.0
-0.9760263537669661 -0.2176523756892885 1.044847263620993e-05 -2.038673435355663 0.21765237479515384 -0.9760263524320265 -5.57159217918049e-05 0.804505501066775 2.232468737730756e-05 -5.2106073110956e-05 0.9999999983932828 0.4788421260236501
0.689506817881264 -0.7242791919262332 -1.542518363307378e-05 -4.208346997980808 0.7242791871451155 0.6895068155057201 -0.00010217422368120633 2.067963966537544 8.463843340894035e-05 5.927768437658425e-05 0.9999999946612459 0.03870843359062942
1.0 0.0 0.0 0.0 0.0 1.0 0.0 0.0 0.0 0.0 1.0 0.0
-0.9760270306165421 -0.2176493406374463 5.093170218416307e-06 -2.0385853239757896 0.2176493406110943 -0.9760270306215192 -5.262640994769604e-06 0.8045111288091245 6.116482147254099e-06 -4.027954723668054e-06 0.999999999973182 0.47891058902188266
0.6895045301965225 -0.7242813694525478 -2.6503121007288215e-05 -4.208246397492104 0.7242813687169573 0.6895045306973236 -3.282308860246047e-05 2.0678886863143218 4.204717357479427e-05 3.435951528003843e-06 0.9999999991101148 0.03896460011344327
1.0 0.0 0.0 0.0 0.0 1.0 0.0 0.0 0.0 0.0 1.0 0.0
-0.9760352477307024 -0.2176124828582427 -4.991530762250403e-05 -2.038441410905445 0.2176124777634364 -0.9760352458579583 9.145847700940718e-05 0.8042892397236499 -6.862160580785938e-05 7.840450349489013e-05 0.9999999945719046 0.47994802206797904
0.6895002004469959 -0.7242854908185685 -3.705748811124594e-05 -4.20752102893906 0.7242854913961833 0.689500197555632 6.725870141942134e-05 2.0674681459486717 -2.3163356195766125e-05 -7.321508909705743e-05 0.9999999970515049 0.03929172831026062
1.0 0.0 0.0 0.0 0.0 1.0 0.0 0.0 0.0 0.0 1.0 0.0
-0.9760279931577401 -0.2176450216574561 3.346940574641211e-05 -2.0391434480346393 0.2176450225624682 -0.9760279931762116 2.6271658171458486e-05 0.8045099218741801 2.6949181311764348e-05 3.292632337084026e-05 0.9999999990947994 0.4795353313779861
0.6894923787239481 -0.7242929372587539 -2.6808191792641168e-05 -4.208682382529588 0.7242929351702414 0.6894923789180878 -5.896061133361214e-05 2.0677708986558185 6.118879829899856e-05 2.1235908239333655e-05 0.9999999979024836 0.0390074167023296
1.0 0.0 0.0 0.0 0.0 1.0 0.0 0.0 0.0 0.0 1.0 0.0
-0.9760287556669609 -0.21764159273898243 7.225817147730596e-05 -2.039373542477535 0.2176415961564782 -0.9760287566194903 4.329287650980404e-05 0.8042273703090427 6.110372266474342e-05 5.7981476164781445e-05 0.9999999964522417 0.4797472555761203
0.6894900416622558 -0.7242951624222734 1.1843734108242023e-05 -4.20877368329123 0.7242951619931915 0.6894900404462853 -4.93825590027114e-05 2.067435329510943 2.7601411884368293e-05 4.26271419787007e-05 0.9999999987105442 0.03934200233300561
1.0 0.0 0.0 0.0 0.0 1.0 0.0 0.0 0.0 0.0 1.0 0.0
-0.976029945699649 -0.217636267851715 3.6216075583582054e-06 -2.0387558842890927 0.21763626780720732 -0.9760299447939529 4.24318488129542e-05 0.8043009475733555 -5.699911788438395e-06 4.2202948245262164e-05 0.999999999093211 0.47950580198575843
0.6895038194791966 -0.7242820443285038 -5.6452831508884975e-05 -4.208213691184833 0.7242820426110211 0.6895038217620851 -5.0266140811717365e-05 2.06775584383399 7.53313063021771e-05 -6.229076036371209e-06 0.9999999971431964 0.038956414779480586
1.0 0.0 0.0 0.0 0.0 1.0 0.0 0.0 0.0 0.0 1.0 0.0
-0.9760260292017391 -0.21765383137626537 2.8139008658370976e-06 -2.0383112305888713 0.21765383128569007 -0.9760260290411503 -1.8995370540660472e-05 0.8042096411583024 6.880855664784113e-06 -1.7927519777703334e-05 0.9999999998156289 0.47878509117154877
0.6895113069086166 -0.7242749184821528 1.0141130302051724e-05 -4.207767141637763 0.7242749183931378 0.6895113069830173 1.1365923288654475e-05 2.067421550722336 -1.522447717221434e-05 -4.919662990485709e-07 0.9999999998839865 0.038619052943392185
1.0 0.0 0.0 0.0 0.0 1.0 0.0 0.0 0.0 0.0 1.0 0.0
-0.976025275129271 -0.21765721266144936 9.234698508363696e-06 -2.0389393092242227 0.21765721226197066 -0.9760252747191291 -3.2554505638663556e-05 0.8042126207555764 1.609902210545571e-05 -2.9764021589263382e-05 0.9999999994274622 0.4786745300630315
0.6895040096419716 -0.7242818654399387 -9.082201158920835e-06 -4.208594947004896 0.7242818622943186 0.6895040077181929 -8.539334932490556e-05 2.067452619489005 6.81110684431813e-05 5.230098318716421e-05 0.9999999963127447 0.03870032561499054
