1.0 0.0 0.0 0.0 0.0 1.0 0.0 0.0 0.0 0.0 1.0 0.0
-0.9760259532374119 -0.21765417109076182 2.0341964109366544e-05 -2.039120271711444 0.2176541701665015 -0.9760259528344196 -4.0034925794664255e-05 0.8044791990799133 2.8568053490880594e-05 -3.464761329374867e-05 0.9999999989917044 0.4787957675356308
0.6895147784473555 -0.7242716129384013 3.153253972675917e-05 -4.208694432375499 0.7242716109386446 0.6895147714869846 -0.0001161447037483906 2.0680535669370657 6.237815999399741e-05 0.00010292161301779675 0.9999999927580536 0.039146353661504985
1.0 0.0 0.0 0.0 0.0 1.0 0.0 0.0 0.0 0.0 1.0 0.0
-0.9760241527953284 -0.21766224091592554 -4.516213025732121e-05 -2.0384306174833973 0.217662245511206 -0.9760241373491547 -0.00017375516469163058 0.8044364823269552 -6.259390707755192e-06 -0.00017941932809583273 0.999999983884762 0.4789546909145957
0.6895300173168173 -0.7242571054841555 1.9359291045919616e-05 -4.207718573379611 0.7242571056529287 0.6895300174061434 -2.6694764436936258e-06 2.0676373815959432 -1.1415425009593896e-05 1.586178823886004e-05 0.999999999809046 0.03827731293259268
1.0 0.0 0.0 0.0 0.0 1.0 0.0 0.0 0.0 0.0 1.0 0.0
-0.9760318585434182 -0.21762768763956677 -2.609475269090254e-05 -2.037747232586074 0.21762768560395987 -0.9760318571910631 6.48600622505269e-05 0.8044816124806669 -3.958465529958714e-05 5.7626546469109154e-05 0.999999997556118 0.47976295505336514
0.6894877231747542 -0.724297362629594 -0.00010039475919214364 -4.207816068278169 0.7242973659088542 0.689487727019338 -5.215536152108186e-06 2.068052765465633 7.299855339970965e-05 -6.911961148727921e-05 0.999999994946845 0.039279594236105664
1.0 0.0 0.0 0.0 0.0 1.0 0.0 0.0 0.0 0.0 1.0 0.0
-0.9760276908739991 -0.2176463794773415 1.2147986696968917e-05 -2.038578263963688 0.21764637906042847 -0.9760276906156484 -2.8868119548821094e-05 0.8052114256991785 1.8139813103595037e-05 -2.5532118745639863e-05 0.9999999995095291 0.4790850763836083
0.6894993022920078 -0.7242863458152341 -3.747598153781438e-05 -4.208445326588597 0.7242863422577649 0.6894993028445201 -7.613007983174221e-05 2.0686526837439274 8.097964047169324e-05 2.5348295336880452e-05 0.9999999963998809 0.03947276593527954
1.0 0.0 0.0 0.0 0.0 1.0 0.0 0.0 0.0 0.0 1.0 0.0
-0.9760252271943489 -0.2176574278036464 1.4562658538030315e-06 -2.039006623782576 0.217657427610843 -0.9760252265712319 -3.6088875358190295e-05 0.8044313935846595 9.276363992694191e-06 -3.490668569100633e-05 0.9999999993477361 0.4787351078674792
0.6895054480827144 -0.724280495806438 -2.141577094409032e-05 -4.2085807887125615 0.7242804953609264 0.6895054484122122 -2.548735343828148e-05 2.0677671592331155 3.322628373297525e-05 2.0626438649867348e-06 0.9999999994458797 0.039104443293924984
1.0 0.0 0.0 0.0 0.0 1.0 0.0 0.0 0.0 0.0 1.0 0.0
-0.976026536108186 -0.21765155740687644 1.9261814732029916e-05 -2.038573454094642 0.21765155587990165 -0.9760265347020834 -6.148577264172168e-05 0.8049398576463402 3.21825164588166e-05 -5.581938174596338e-05 0.9999999979242411 0.4788725642052627
0.689503411816432 -0.7242824342256161 -2.3784787401094902e-05 -4.208469928338847 0.7242824251506166 0.689503407742785 -0.0001390288738670606 2.06845384941485 0.0001170958631575901 7.863397937179386e-05 0.9999999900526282 0.03917380533555481
1.0 0.0 0.0 0.0 0.0 1.0 0.0 0.0 0.0 0.0 1.0 0.0
-0.9760292183172377 -0.21763952936605116 -1.5759610029136973e-05 -2.038651105426579 0.21763952978863535 -0.9760292177651154 -3.379640228558723e-05 0.8050596186113519 -8.026406761332755e-06 -3.641619022107216e-05 0.9999999993047188 0.479354561654461
0.6895014737714767 -0.7242842779484762 -4.8822293056747436e-05 -4.208421867400061 0.724284276340906 0.689501475496912 -4.830022138286806e-05 2.0684324508619927 6.86461340688151e-05 -2.0581453689295633e-06 0.9999999976417362 0.03928967340367451
1.0 0.0 0.0 0.0 0.0 1.0 0.0 0.0 0.0 0.0 1.0 0.0
-0.9760267327892106 -0.21765067619528827 5.7055181680854035e-06 -2.038887869780405 0.2176506761678351 -0.976026732798868 -5.064765637969239e-06 0.8044936861211422 6.67108792239329e-06 -3.7015367707928832e-06 0.9999999999708976 0.4789166878817203
0.6894993258237507 -0.7242863242011868 -1.6239654638327245e-05 -4.208550177371572 0.7242863236584716 0.6894993259635334 -2.927676343499308e-05 2.0676891271299214 3.240199029984044e-05 8.424148895248674e-06 0.9999999994395724 0.03910643550519205
1.0 0.0 0.0 0.0 0.0 1.0 0.0 0.0 0.0 0.0 1.0 0.0
-0.9760277210888993 -0.2176462438072423 1.4920078618711855e-05 -2.0384877582987375 0.2176462442782159 -0.9760277199355237 4.763454717584797e-05 0.8038515122808723 4.194930047197635e-06 4.973993760083949e-05 0.9999999987541706 0.4794554285130883
0.6894988927529138 -0.724286735673279 -3.768624108445509e-05 -4.208085251290383 0.7242867286944802 0.6894988919563884 -0.00011237420674103699 2.067469974486754 0.00010737576884408213 5.018624685008612e-05 0.9999999929758925 0.03848593500973435
1.0 0.0 0.0 0.0 0.0 1.0 0.0 0.0 0.0 0.0 1.0 0.0
-0.9760252271943489 -0.2176574278036464 1.4562658538030315e-06 -2.039006623782576 0.217657427610843 -0.9760252265712319 -3.6088875358190295e-05 0.8044313935846595 9.276363992694191e-06 -3.490668569100633e-05 0.9999999993477361 0.4787351078674792
0.6895054480827144 -0.724280495806438 -2.141577094409032e-05 -4.2085807887125615 0.7242804953609264 0.6895054484122122 -2.548735343828148e-05 2.0677671592331155 3.322628373297525e-05 2.0626438649867348e-06 0.9999999994458797 0.039104443293924984
1.0 0.0 0.0 0.0 0.0 1.0 0.0 0.0 0.0 0.0 1.0 0.0
-0.9760260574894898 -0.21765370420134236 1.2204813911590154e-05 -2.038891187862343 0.21765370371353854 -0.9760260571301111 -3.260103440832358e-05 0.8042955965104527 1.9007952299905873e-05 -2.916303613263809e-05 0.9999999993941074 0.4787045938732959
0.689512569927543 -0.7242737160604138 1.1659946512044548e-05 -4.208433998453861 0.7242737134203581 0.6895125658367127 -9.798754051973586e-05 2.067781815745958 6.293012046280982e-05 7.600863364321076e-05 0.999999995131244 0.03885704295248693
1.0 0.0 0.0 0.0 0.0 1.0 0.0 0.0 0.0 0.0 1.0 0.0
-0.9760273094381803 -0.21764809010538597 1.0214903387450764e-05 -2.03789738146711 0.21764808991698875 -0.9760273093871072 -1.691302180180682e-05 0.8041921422241325 1.3651111561978367e-05 -1.4284316952724235e-05 0.9999999998048027 0.47869819889855963
0.6895021392486835 -0.72428364414005 -5.294051500837539e-05 -4.207723256648812 0.7242836411968527 0.6895021412462665 -6.566157085572794e-05 2.0676202990429937 8.406020027629284e-05 6.929844594340843e-06 0.9999999964429301 0.03904899893171815
1.0 0.0 0.0 0.0 0.0 1.0 0.0 0.0 0.0 0.0 1.0 0.0
-0.9760294720594966 -0.21763838613376824 5.052078351808576e-05 -2.0379824345372297 0.21763839063893642 -0.9760294656072425 0.00011483263905728722 0.804492800069096 2.4317783099306285e-05 0.00012307530209297802 0.9999999921305577 0.4794412396858552
0.6894949008983243 -0.7242905364316172 -2.1698193021953697e-05 -4.2074115880591565 0.724290536459972 0.6894948994490819 4.9277050433632296e-05 2.067709070534619 -2.0730107876438332e-05 -4.969207086937896e-05 0.9999999985504803 0.039187510161938666
1.0 0.0 0.0 0.0 0.0 1.0 0.0 0.0 0.0 0.0 1.0 0.0
-0.9760259192663139 -0.2176543236986117 1.719439007585704e-05 -2.0383236704017724 0.21765432321187908 -0.9760259191692584 -2.6400422190700458e-05 0.8043859161534392 2.252833641562107e-05 -2.202506300270657e-05 0.9999999995036856 0.4785949698770481
0.6895070102299942 -0.7242790084214511 -2.8350209245757753e-05 -4.208113795733702 0.7242790032235846 0.6895070091586759 -9.904801383462444e-05 2.0678060147788906 9.128606523230791e-05 4.7760838594622986e-05 0.9999999946928781 0.038782558445383475
1.0 0.0 0.0 0.0 0.0 1.0 0.0 0.0 0.0 0.0 1.0 0.0
-0.9760279659959054 -0.21764514562262519 1.3446273345314212e-05 -2.038078095216564 0.21764514464886253 -0.9760279648838495 -5.268270545503409e-05 0.8047677107261083 2.459007390905377e-05 -4.84932777412058e-05 0.9999999985218652 0.47894519279789843
0.6894977343819925 -0.7242878378154032 -4.769472994054515e-05 -4.208035162349051 0.7242878314222864 0.6894977350710462 -0.00010288585077861192 2.06831465972884 0.00010740437867106036 3.6394848492899494e-05 0.9999999935698575 0.03937201954593811
1.0 0.0 0.0 0.0 0.0 1.0 0.0 0.0 0.0 0.0 1.0 0.0
-0.9760254184803804 -0.2176565699747806 5.1973689499632665e-06 -2.038554525064603 0.2176565697599064 -0.9760254181648548 -2.7138034132138742e-05 0.8044023933399624 1.0979535627802644e-05 -2.5356169623132715e-05 0.9999999996182573 0.4786181539177652
0.6895037119211406 -0.7242821479092579 -3.830040898365597e-05 -4.208201835457345 0.72428214709126 0.6895037129741032 -3.4638131916736984e-05 2.0676942808962733 5.1496054786881516e-05 -3.857181922550194e-06 0.9999999986666391 0.039232517545458034
1.0 0.0 0.0 0.0 0.0 1.0 0.0 0.0 0.0 0.0 1.0 0.0
-0.9760293557480002 -0.21763891337719476 1.0106340384474671e-05 -2.038697301122258 0.21763891361085855 -0.9760293545514378 4.83341438753087e-05 0.8036160450059349 -6.55305669707301e-07 4.9375076249129454e-05 0.9999999987808362 0.4790920847310527
0.6894888598498843 -0.7242962858499598 -4.946574793187975e-05 -4.208268109885397 0.72429628707043 0.6894888602526142 1.1114856060400841e-05 2.0671286800637514 2.6055633200789586e-05 -4.349142699670564e-05 0.9999999987147998 0.03908604660194187
1.0 0.0 0.0 0.0 0.0 1.0 0.0 0.0 0.0 0.0 1.0 0.0
-0.9760309524416226 -0.2176317515228577 -2.459656899102148e-05 -2.037727683340356 0.21763174897534332 -0.97603095004819 7.991220258244252e-05 0.8041207855854053 -4.139844521629883e-05 7.264378886995707e-05 0.9999999965045245 0.4796494893566804
0.6894926866558735 -0.7242926377703555 -9.95978265396272e-05 -4.2077419252804535 0.7242926415542463 0.6894926898686877 2.8308567411663505e-06 2.0676320116687528 6.662160462967464e-05 -7.40898278974565e-05 0.9999999950361295 0.03921019687492944
1.0 0.0 0.0 0.0 0.0 1.0 0.0 0.0 0.0 0.0 1.0 0.0
-0.9760270023040448 -0.2176494675460075 7.093633138438525e-06 -2.0387491661825434 0.21764946748377983 -0.9760270023056982 -8.612759787474648e-06 0.8046757705605887 8.798140069420726e-06 -6.862360641871181e-06 0.9999999999377506 0.4789486393725539
0.6895046761056657 -0.7242812306410484 -2.3864394022531664e-05 -4.20845055688405 0.7242812297322064 0.6895046764675548 -3.7242114201580294e-05 2.068096429477464 4.342837558519893e-05 8.39407924059798e-06 0.9999999990217577 0.03902612175032821
1.0 0.0 0.0 0.0 0.0 1.0 0.0 0.0 0.0 0.0 1.0 0.0
-0.9760239765929185 -0.21766303516714086 -1.5413446382380613e-05 -2.039739261447531 0.21766303561979458 -0.9760239757993551 -3.9869748303864633e-05 0.8048712689042286 -6.3657227917334205e-06 -4.2268767814250835e-05 0.9999999990864142 0.4786064667413461
0.6895172948245348 -0.7242692029969502 0.00014740426494047143 -4.208832253325342 0.7242692037286624 0.6895173073587191 5.8163819488125307e-05 2.068011659109153 -0.0001437640550388595 6.665541012453605e-05 0.9999999874444762 0.0402310068313812
