1.0 0.0 0.0 0.0 0.0 1.0 0.0 0.0 0.0 0.0 1.0 0.0
0.4737953830455743 -0.8806348971522572 0.00033603918020860883 0.2480099477473594 0.8806349297516936 0.47379543368211163 8.673643037096378e-05 -1.2056689841479145 -0.00023559695656020314 0.0002548325196052097 0.9999999397772287 -0.04754539707923666
-0.8553758608290231 0.5180077822624768 0.00027244544069618295 -0.7586043259119721 -0.5180077816762967 -0.8553759009965645 7.821200164565939e-05 0.34215788232625144 0.0002735576898266774 -7.422820012803399e-05 0.9999999598281817 -0.3329992649002328
1.0 0.0 0.0 0.0 0.0 1.0 0.0 0.0 0.0 0.0 1.0 0.0
0.4738110442751161 -0.8806265067826786 0.00022332635460070154 0.24778544360745336 0.8806265097135343 0.4738110762736064 0.00011995918016592517 -1.205096266050214 -0.00021145373421964982 0.00013982912375425986 0.9999999678675664 -0.0470219141405297
-0.855377135318909 0.5180057043840315 0.00021586852346017755 -0.7585189990959869 -0.518005695665676 -0.8553771621237992 9.886836395129411e-05 0.34241171770555745 0.00023586338149910566 -2.7251386736988036e-05 0.9999999718129129 -0.3330784773849721
1.0 0.0 0.0 0.0 0.0 1.0 0.0 0.0 0.0 0.0 1.0 0.0
0.47378369758453637 -0.8806412249426128 0.00020207597062375454 0.24739204225334 0.8806412289860881 0.47378372265597574 9.978034525128554e-05 -1.2050859696560021 -0.00018361099108872662 0.00013068213019923816 0.9999999746045922 -0.04622252750850642
-0.8553739484872691 0.5180109595726183 0.00023240472165663616 -0.7587647719991448 -0.5180109544384862 -0.85537397879909 8.645890715884581e-05 0.3423758953453344 0.0002435796129160924 -4.6433494883008976e-05 0.9999999692564508 -0.3329217459751258
1.0 0.0 0.0 0.0 0.0 1.0 0.0 0.0 0.0 0.0 1.0 0.0
0.4737976737642479 -0.8806337128021108 0.0001679641531611462 0.24728736163132048 0.8806337086561997 0.4737976951132769 0.0001236275553742768 -1.2049161837669713 -0.00018845162172329946 8.934044697010383e-05 0.9999999782521352 -0.0461149964185511
-0.855378958303369 0.5180027153702393 0.00015671918409704974 -0.7588354867049389 -0.5180027064315557 -0.8553789726593473 9.623836289498528e-05 0.3422895434324218 0.0001839060279913372 1.1393090899161033e-06 0.9999999830886371 -0.3320156827401441
1.0 0.0 0.0 0.0 0.0 1.0 0.0 0.0 0.0 0.0 1.0 0.0
0.47380302050072826 -0.8806308295190638 0.0001996620897332447 0.24785829661761127 0.880630829907497 0.473803047315758 0.00011734877002814861 -1.2054998385361522 -0.00019794145124196725 0.00012022839009146415 0.9999999731821576 -0.04674999151160619
-0.855379821203376 0.5180012720106336 0.0002089819250877752 -0.7584168562059812 -0.5180012640294673 -0.8553798463029946 9.488171243464203e-05 0.34228666248582584 0.00022790777469337055 -2.7092999136963784e-05 0.9999999736620074 -0.33297487382201796
1.0 0.0 0.0 0.0 0.0 1.0 0.0 0.0 0.0 0.0 1.0 0.0
0.47381226361074935 -0.8806258584384938 0.0001905295855991764 0.2481799287652926 0.8806258559805242 0.47381228963186706 0.00012638186897243945 -1.2056247054874962 -0.00020157040105026712 0.00010790399999069641 0.9999999738630497 -0.04687405683894197
-0.8553815142562075 0.5179984726674395 0.00021767626665472305 -0.7583100109791658 -0.5179984616024204 -0.8553815417276123 0.00010885411955965654 0.3422037254653443 0.00024258252824408685 -1.9644169632539515e-05 0.9999999703839114 -0.3334251959338281
1.0 0.0 0.0 0.0 0.0 1.0 0.0 0.0 0.0 0.0 1.0 0.0
0.4738110456158082 -0.8806265109612653 0.00020308776956380977 0.24802575230043367 0.8806265126229159 0.47381107257325683 0.00011301584199887335 -1.2054718918724934 -0.00019574998054635423 0.00012529631999870242 0.9999999729913882 -0.046680224248514146
-0.8553804559805052 0.5180002161568387 0.00022713003272045195 -0.7583825109194979 -0.5180002073169002 -0.8553804855562764 0.00010074302426819563 0.34221562506977676 0.0002464675060200494 -3.147979000170593e-05 0.9999999691313952 -0.33330993591698327
1.0 0.0 0.0 0.0 0.0 1.0 0.0 0.0 0.0 0.0 1.0 0.0
0.47379287274820775 -0.8806362691665919 0.0002741556949959679 0.2477865809665083 0.8806362839475279 0.47379291313721356 0.00010419233237486028 -1.2053545070612621 -0.00022164857224365414 0.00019206586799007326 0.9999999569913055 -0.047198076768556585
-0.8553771782523597 0.518005612268779 0.0002618837128257276 -0.7584614529442781 -0.5180056082388573 -0.8553772162270478 8.827660235744427e-05 0.3422580950966605 0.00026973713670525555 -6.014744091991744e-05 0.9999999618120805 -0.3332948503719939
1.0 0.0 0.0 0.0 0.0 1.0 0.0 0.0 0.0 0.0 1.0 0.0
0.4738012975781616 -0.8806317626565439 0.00017033402407659254 0.24796285119752248 0.8806317619908396 0.47380131765473926 0.00010564820302710565 -1.2054677495220707 -0.00017374164830218395 9.994529606852394e-05 0.9999999799123885 -0.04685987596170549
-0.8553741888595818 0.5180105856985123 0.00017360039292681315 -0.7583863042606023 -0.5180105838809124 -0.8553742055570198 5.8779692415056126e-05 0.3425454661099847 0.00017894180107925329 -3.964820918102967e-05 0.9999999832039257 -0.33267889970856057
1.0 0.0 0.0 0.0 0.0 1.0 0.0 0.0 0.0 0.0 1.0 0.0
0.4738168550088937 -0.8806233848978497 0.0002046473432850269 0.24816612705079955 0.8806233867982816 0.4738168822448067 0.00011279953624560984 -1.2054306103526757 -0.00019629927557851244 0.00012677091503257614 0.9999999726978643 -0.04660097256896867
-0.8553808725186884 0.5179995297601022 0.0002238246635192298 -0.7584244322281339 -0.5179995182631456 -0.8553809015472698 0.0001111185339509376 0.34230189892470797 0.00024901469080380764 -2.089239935441762e-05 0.9999999687775953 -0.33335951589539603
1.0 0.0 0.0 0.0 0.0 1.0 0.0 0.0 0.0 0.0 1.0 0.0
0.4738093850564539 -0.8806274035482669 0.00020676620233855427 0.2479735751084977 0.8806274031309262 0.4738094143118021 0.00012555630828590738 -1.205479159547858 -0.00020853609899442572 0.0001225942266017379 0.9999999707416751 -0.0469502868369136
-0.8553834610637928 0.517995255832623 0.0002224262184137148 -0.7582702888269051 -0.5179952441348757 -0.8553834897586955 0.00011181183092604832 0.34229293992727783 0.0002481777128862035 -1.9573732383808046e-05 0.9999999690123456 -0.33336409858080146
1.0 0.0 0.0 0.0 0.0 1.0 0.0 0.0 0.0 0.0 1.0 0.0
0.47381627336438487 -0.8806236998222605 0.00019597560787953814 0.24813549308055016 0.8806237045381042 0.4738162962799581 9.157034140092846e-05 -1.205338696529001 -0.00017349544952516413 0.00012919324789668551 0.9999999766042167 -0.04650164798008505
-0.8553768702273269 0.5180061594477662 0.00016927575114692936 -0.7584879719936755 -0.5180061563230302 -0.8553768863822596 6.522600883077113e-05 0.34221777253253194 0.00017858203928662294 -3.189306191923355e-05 0.9999999835456436 -0.3323970399983268
1.0 0.0 0.0 0.0 0.0 1.0 0.0 0.0 0.0 0.0 1.0 0.0
0.47379751302960027 -0.8806337994031744 0.00016731914289284925 0.2474736207229551 0.8806337992094248 0.4737975321403234 0.00010113216292185821 -1.204888672719866 -0.00016833579785820307 9.943072520651561e-05 0.9999999808882949 -0.046132099537135374
-0.8553748765961843 0.5180094449335135 0.0001882756895229114 -0.7587964172020474 -0.5180094375207182 -0.8553748970702207 9.000877006779962e-05 0.34258415934730024 0.0002076716915684565 -2.0537343439269076e-05 0.9999999782253427 -0.3326508621074364
1.0 0.0 0.0 0.0 0.0 1.0 0.0 0.0 0.0 0.0 1.0 0.0
0.47380387047738337 -0.8806303710478847 0.00020471618392236543 0.2476787961087208 0.8806303737639752 0.4738038971967799 0.00010865295289851974 -1.2049705743536117 -0.00019267841598814064 0.00012879909994097387 0.9999999731429097 -0.04691436358539447
-0.8553776604274941 0.5180048565130563 0.00016331097605697426 -0.7585371215044088 -0.5180048519311784 -0.8553776757193848 7.250284127048174e-05 0.3424791636209408 0.00017724938700818362 -2.257856723083748e-05 0.9999999840364316 -0.3322616203255581
1.0 0.0 0.0 0.0 0.0 1.0 0.0 0.0 0.0 0.0 1.0 0.0
0.473795617508624 -0.8806347824465084 0.00030458990992562695 0.2479451408482074 0.8806348027796523 0.4737956655069826 0.00010714494863955546 -1.2057632210369 -0.00023866894761537263 0.0002174676681524211 0.9999999478724718 -0.04716034051540041
-0.855377736857552 0.5180046767551117 0.00028661521967257017 -0.758381129494472 -0.5180046748425592 -0.8553777816452935 8.665350956879344e-05 0.34208823608570604 0.00029005121400317986 -7.434654076569952e-05 0.9999999551714414 -0.3332950823769739
1.0 0.0 0.0 0.0 0.0 1.0 0.0 0.0 0.0 0.0 1.0 0.0
0.4738294310718967 -0.880616600898609 0.00026920598466978566 0.24776014004828362 0.8806165858458939 0.473829487908887 0.00021241732969879884 -1.2050097617617512 -0.0003146159607094044 0.00013641767262819655 0.9999999412035061 -0.0472428484113131
-0.8553717647153204 0.5180145939642997 0.00015674119239737652 -0.7585325757164867 -0.5180145950270326 -0.8553717776365367 3.690380716423892e-05 0.3425260043915336 0.00015318870305373715 -4.962775064499585e-05 0.9999999870351538 -0.33236660993179884
1.0 0.0 0.0 0.0 0.0 1.0 0.0 0.0 0.0 0.0 1.0 0.0
0.4738133074252797 -0.8806253008043107 0.0001711433149438892 0.2482217372417601 0.8806253009603742 0.47381332720525093 0.00010134662945863198 -1.2055702259823375 -0.00017033838953500963 0.0001026937515296198 0.9999999802194129 -0.046329236173418775
-0.8553723811067638 0.5180135717399583 0.0001706837851725259 -0.7585532020293737 -0.5180135690991501 -0.8553723974316343 6.27791258179365e-05 0.34238081295159173 0.00017851863772138773 -3.471698640987874e-05 0.9999999834629132 -0.3325420517812995
1.0 0.0 0.0 0.0 0.0 1.0 0.0 0.0 0.0 0.0 1.0 0.0
0.47380675367638037 -0.8806288203880048 0.00020216993110512603 0.24780645092520892 0.8806288213961189 0.47380678079402955 0.00011575872038248733 -1.2051475136071286 -0.0001977299496103296 0.00012318940463668348 0.9999999728636184 -0.04664915711345352
-0.8553789491556884 0.5180027133204238 0.0002057522539079662 -0.7585482370967238 -0.518002703890514 -0.8553789736611763 0.00010089831545340193 0.34241666074469634 0.0002282617529505912 -2.0273928811783582e-05 0.9999999737427698 -0.332897194415328
1.0 0.0 0.0 0.0 0.0 1.0 0.0 0.0 0.0 0.0 1.0 0.0
0.473810296835391 -0.8806269145238453 0.00020007241119448827 0.2480297734449941 0.8806269171012994 0.47381032236746173 0.00010627654329521345 -1.2054679906262953 -0.00018838635805321405 0.00012583423014187752 0.9999999743381629 -0.046481036040253554
-0.8553775573527308 0.5180050104669313 0.00020858674695477115 -0.7585458236417075 -0.518005002649601 -0.8553775823415106 9.411471345648953e-05 0.34229631294321194 0.00022717232044777786 -2.754536470161541e-05 0.9999999738169946 -0.3329505418933705
1.0 0.0 0.0 0.0 0.0 1.0 0.0 0.0 0.0 0.0 1.0 0.0
0.4738149237607233 -0.8806244291908998 0.0001809249056823585 0.24814618734946947 0.8806244263679861 0.4738149475444471 0.00012315643618425982 -1.2055606207702771 -0.0001941794910113176 0.00010097353386092224 0.9999999760493352 -0.046596358776717195
-0.8553818683901386 0.5179978886383582 0.00021586013672422947 -0.7583836055617539 -0.51799787760159 -0.8553818954174583 0.00010859228652903076 0.34229821386677983 0.000240893428040691 -1.8927219737979772e-05 0.9999999708060577 -0.3332140904290851
