1.0 0.0 0.0 0.0 0.0 1.0 0.0 0.0 0.0 0.0 1.0 0.0
0.47380390463833344 -0.8806303544536067 0.0001968867314620446 0.24787256864892626 0.8806303539117262 0.473803931260645 0.00012037967598352478 -1.2053155613320161 -0.0001992957041101613 0.00011634807148785453 0.9999999733721741 -0.04690202560463774
-0.8553788420481188 0.5180028985176979 0.00018358562578874434 -0.7585747453948546 -0.5180028895737592 -0.8553788616634195 9.701869731506528e-05 0.34228250865609056 0.00020729123002455294 -1.2110143676397888e-05 0.9999999784418449 -0.33263734835459335
1.0 0.0 0.0 0.0 0.0 1.0 0.0 0.0 0.0 0.0 1.0 0.0
0.47380147444968307 -0.8806316702434142 0.00015547861791915672 0.24765865783121477 0.8806316680439091 0.4738014920733808 0.00010652342621324697 -1.2051222237662564 -0.00016747390390182845 8.644843824004084e-05 0.9999999822395791 -0.04589566158216629
-0.8553779967297933 0.518004285125751 0.00020809104768866208 -0.7586370687145507 -0.5180042756238652 -0.8553780217826483 0.00010142286459682026 0.34234476977940353 0.00023053398719348386 -2.1037165680348905e-05 0.9999999732057588 -0.3330993994210138
1.0 0.0 0.0 0.0 0.0 1.0 0.0 0.0 0.0 0.0 1.0 0.0
0.4737981117223794 -0.8806334802249715 0.0001511130762968688 0.2475410232038211 0.8806334779803444 0.4737981284560015 0.00010455539932946033 -1.2050475619861079 -0.00016367207792249936 8.353708317494016e-05 0.999999983116503 -0.04579693743099522
-0.8553758852202783 0.5180077808541109 0.00018427757217457058 -0.7587678550757726 -0.5180077731884091 -0.8553759048863228 9.086412469717472e-05 0.34242951360326224 0.00020469491864270192 -1.7734233713101145e-05 0.9999999788927433 -0.3325733914248321
1.0 0.0 0.0 0.0 0.0 1.0 0.0 0.0 0.0 0.0 1.0 0.0
0.4738149185902556 -0.8806244295366117 0.00019241784315728993 0.24796563858861198 0.8806244312037776 0.47381494267662533 0.0001061290214532312 -1.2051706460533724 -0.00018463025830005642 0.00011916234002391425 0.999999975856002 -0.04652871353042576
-0.855376412701625 0.5180069060984587 0.0001944942213739036 -0.7584179938123476 -0.5180069019516709 -0.8553764340324611 7.504893876689247e-05 0.3424392584492608 0.0002052416420953413 -3.6554257041912484e-05 0.9999999782698272 -0.3328646975224028
1.0 0.0 0.0 0.0 0.0 1.0 0.0 0.0 0.0 0.0 1.0 0.0
0.4737934971457057 -0.8806359448373581 0.00023392916966241516 0.2475196648352629 0.8806359535342755 0.4737935282707096 9.955686220625926e-05 -1.2049329912379605 -0.0001985074780738445 0.0001588370434755859 0.999999967682787 -0.04677731345870484
-0.8553795241967581 0.51800167592675 0.0003651328620680484 -0.7584873616209524 -0.5180016718483801 -0.8553795971309838 0.0001130235299691866 0.34247368777885434 0.00037087357839825266 -9.246141970995715e-05 0.9999999269518346 -0.33509651968235377
1.0 0.0 0.0 0.0 0.0 1.0 0.0 0.0 0.0 0.0 1.0 0.0
0.4737842293295793 -0.8806409061157776 0.000313869652544284 0.24771681013494806 0.8806409371645975 0.4737842705782674 6.886565979908116e-05 -1.204740428875326 -0.00020935242143307471 0.00024377900140894413 0.9999999483716796 -0.04802091879574044
-0.8553703519917321 0.5180169078294772 0.0002100864753678883 -0.7585792398317199 -0.5180169068689944 -0.8553703760379816 6.320222354443854e-05 0.3426843703655038 0.00021244156784435968 -5.476703794521608e-05 0.9999999759345756 -0.33266572953413703
1.0 0.0 0.0 0.0 0.0 1.0 0.0 0.0 0.0 0.0 1.0 0.0
0.47381010503023846 -0.8806269808838999 0.0003238989692410837 0.24799451184651566 0.8806270028862506 0.47381016019953753 0.00011781030837049651 -1.2051680533029563 -0.00025721355868189513 0.00022941446393805255 0.9999999406050928 -0.047628979902131
-0.8553820605865088 0.5179975551559479 0.00025155365042677343 -0.7584434132896547 -0.5179975424845777 -0.8553820970779462 0.00011823059725376162 0.34203875363593994 0.00027641764935174576 -2.917184082079424e-05 0.9999999613711428 -0.33322005448035713
1.0 0.0 0.0 0.0 0.0 1.0 0.0 0.0 0.0 0.0 1.0 0.0
0.473796872544109 -0.8806341487170661 0.00014028823672867163 0.2473492073551249 0.8806341460866159 0.473796887311962 0.00010158638424572985 -1.2049728151002643 -0.0001559285689000093 7.541130040885944e-05 0.9999999849997087 -0.04546061567519588
-0.8553767049313328 0.5180064431486564 0.00013235291357499028 -0.7590361533502605 -0.5180064352709897 -0.8553767151223729 9.079812909176167e-05 0.34253052286430297 0.0001602456163460322 9.106943517728482e-06 0.9999999871192028 -0.3314836273764752
1.0 0.0 0.0 0.0 0.0 1.0 0.0 0.0 0.0 0.0 1.0 0.0
0.47378791166807593 -0.880638934803588 0.00028507052563050305 0.24792790906527173 0.8806389547563398 0.4737879516989583 9.050174770346097e-05 -1.2055287314740557 -0.00021476234312365656 0.00020816557567635127 0.9999999552721134 -0.04757928938552669
-0.8553754875169044 0.518008401744622 0.00026660307841663703 -0.7581331083008696 -0.5180084057802666 -0.8553755245809085 5.906711266635213e-05 0.34234207716933085 0.0002586430086834901 -8.757807533351802e-05 0.9999999627169367 -0.3334333217732315
1.0 0.0 0.0 0.0 0.0 1.0 0.0 0.0 0.0 0.0 1.0 0.0
0.47379788706956627 -0.8806336005203272 0.00015441184946395165 0.2475605573054942 0.8806336010821082 0.4737979029050716 8.858845759607313e-05 -1.2049783496564181 -0.00015117398283708494 9.400723901541579e-05 0.9999999841545327 -0.04618336705044768
-0.8553735368332024 0.5180116607882207 0.00017824950870217718 -0.7585620638931783 -0.518011658070323 -0.8553735546054556 6.469051423229533e-05 0.34264710569234325 0.00018598035657997397 -3.7000769594598814e-05 0.9999999820211248 -0.3327788869397981
1.0 0.0 0.0 0.0 0.0 1.0 0.0 0.0 0.0 0.0 1.0 0.0
0.4737959719110997 -0.8806346022648849 0.00027257032915866547 0.24799257864199653 0.8806346173894364 0.47379601138541394 0.0001012454125384497 -1.205375948949401 -0.00021830294837933117 0.00019206519889515946 0.99999995772739 -0.0472046068633889
-0.8553738433772606 0.5180111252576568 0.0002493497743638832 -0.7583293695902142 -0.5180111255079249 -0.855373876817816 6.861248131075313e-05 0.3422444551937023 0.00024882931183178636 -7.047663542095398e-05 0.9999999665585081 -0.33327459665003323
1.0 0.0 0.0 0.0 0.0 1.0 0.0 0.0 0.0 0.0 1.0 0.0
0.4738058501187662 -0.8806293126711786 0.00017337104947365978 0.24799840298103248 0.8806293114241615 0.47380587123341295 0.00011065873438710723 -1.2053478851375878 -0.00017959354634689456 0.00010024487219952137 0.9999999788485617 -0.04653283463793445
-0.8553734473393354 0.5180118109671376 0.00017112968354285728 -0.7585041843991878 -0.5180118079809964 -0.8553734638124385 6.479020703997209e-05 0.342409076978317 0.00017994188265489685 -3.322737402164411e-05 0.9999999832584301 -0.33258861081515295
1.0 0.0 0.0 0.0 0.0 1.0 0.0 0.0 0.0 0.0 1.0 0.0
0.4738228304518891 -0.8806201704333102 0.00020191227596584764 0.24846778193276542 0.8806201723783953 0.4738228569030108 0.00011079943184861608 -1.2056235872567393 -0.00019324286600036107 0.0001253087228553801 0.9999999734774591 -0.04726971166086624
-0.8553787385197382 0.5180030522990292 0.00022693009926054068 -0.7580906457584433 -0.5180030462663289 -0.8553787676262613 8.917949417143028e-05 0.3423408974921758 0.0002403064388260663 -4.126823948029213e-05 0.9999999702748738 -0.33381863840717796
1.0 0.0 0.0 0.0 0.0 1.0 0.0 0.0 0.0 0.0 1.0 0.0
0.47377991233319355 -0.8806432451519385 0.0002635105583660197 0.24770929626320815 0.8806432577693039 0.4737799505319358 0.000104973441797645 -1.2052089439628864 -0.00021729017174673665 0.00018232448852385696 0.9999999597713803 -0.04711725276062129
-0.855373714367543 0.5180113454028513 0.00023410040722029508 -0.7583901742280226 -0.5180113460740351 -0.8553737437134608 6.248346803466745e-05 0.3424431761375244 0.0002326104870709412 -6.781995092128497e-05 0.9999999706464073 -0.3328853167009658
1.0 0.0 0.0 0.0 0.0 1.0 0.0 0.0 0.0 0.0 1.0 0.0
0.4738164345759491 -0.880623608719953 0.00021468764003624864 0.2480039136105301 0.8806236086475266 0.47381646589225046 0.0001286156535458804 -1.2054079685533017 -0.00021498451983617548 0.0001281187939069787 0.9999999686836148 -0.04678924896798131
-0.8553806900323992 0.5179998273084401 0.0002324395016334974 -0.7583840353916234 -0.5179998168442805 -0.8553807211506872 0.00010785648359585758 0.34214963598114423 0.0002546939084079134 -2.814526591083826e-05 0.9999999671694277 -0.333365300828263
1.0 0.0 0.0 0.0 0.0 1.0 0.0 0.0 0.0 0.0 1.0 0.0
0.47380560866237 -0.8806294304923274 0.00022660723850496264 0.24790931592432663 0.8806294327598592 0.4738056420977041 0.00012519357192345288 -1.2054512053969404 -0.00021761693208808202 0.0001402395873580983 0.999999966487864 -0.04736350648954435
-0.8553833841330881 0.5179953885389034 0.00020880961392923223 -0.7582989627333472 -0.5179953782227299 -0.8553834094227526 0.00010499618351153404 0.34213842333610955 0.00023299981835618762 -1.8350424170659116e-05 0.9999999726871729 -0.33311768935568475
1.0 0.0 0.0 0.0 0.0 1.0 0.0 0.0 0.0 0.0 1.0 0.0
0.47378828023214625 -0.8806387385491324 0.00027871357598916407 0.24777577821306096 0.8806387583312728 0.47378831780234715 8.508099354700386e-05 -1.2050371243689977 -0.00020697685514831988 0.0002051355998760869 0.9999999575399827 -0.04740260431574195
-0.8553685358401402 0.5180198996746809 0.00022679446167558472 -0.7584784660918871 -0.5180199017946328 -0.8553685629262505 5.387170215506025e-05 0.3425361014132262 0.00022189946650874094 -7.140388576916138e-05 0.9999999728310555 -0.3329851648105139
1.0 0.0 0.0 0.0 0.0 1.0 0.0 0.0 0.0 0.0 1.0 0.0
0.4738006608699555 -0.8806321095600166 0.00014618846919601296 0.24743603343863896 0.8806321030499684 0.473800678469758 0.00012711957863947658 -1.2048928087964343 -0.00018120977859319195 6.850891870084595e-05 0.9999999812347721 -0.04595546833073494
-0.8553772165829991 0.5180055939057504 0.00014843541434587332 -0.758928631187791 -0.5180055843339005 -0.8553772294188485 9.995312981600931e-05 0.3423200535269295 0.00017874455384389592 8.607256426697522e-06 0.9999999839881497 -0.332031292931679
1.0 0.0 0.0 0.0 0.0 1.0 0.0 0.0 0.0 0.0 1.0 0.0
0.47380453852333515 -0.8806300130924615 0.0001982812687558744 0.24780345595747733 0.8806300128054356 0.47380456536996846 0.0001199202812844141 -1.2053583517527136 -0.00019955196924143075 0.00011779366271001332 0.9999999731518321 -0.04671073766860079
-0.8553805644664833 0.5180000459241617 0.00020580467989705966 -0.7584576397662417 -0.518000036509716 -0.8553805889826207 0.00010083489816357878 0.3423917106852983 0.00022827381018521243 -2.0354619591465796e-05 0.9999999737383783 -0.3328961483359003
1.0 0.0 0.0 0.0 0.0 1.0 0.0 0.0 0.0 0.0 1.0 0.0
0.473788370001624 -0.8806386716521468 0.00033232807073822057 0.24772128885905076 0.8806387012332427 0.4737884219492042 9.548356452662116e-05 -1.2052730617485796 -0.00024153971163382368 0.0002474219581992459 0.9999999402204692 -0.048117199181522685
-0.8553769579743631 0.5180059757097074 0.00026247963502160315 -0.7585329114432859 -0.5180059729343631 -0.8553769958273697 8.374763789973016e-05 0.34235143771845955 0.000267900818554276 -6.433021897061249e-05 0.9999999620453865 -0.3331351814325602
