1.0 0.0 0.0 0.0 0.0 1.0 0.0 0.0 0.0 0.0 1.0 0.0
0.4738132038840556 -0.8806253611717226 0.0001452112226760848 0.24779620344635767 0.8806253566602446 0.47381322047834745 0.0001153557697149363 -1.205226553865332 -0.00017038821343421312 7.321959792505305e-05 0.9999999828033733 -0.0455962544681503
-0.8553818302333844 0.5179979330922745 0.00025655158619380605 -0.7584890415547143 -0.5179979192883504 -0.8553818682529151 0.00012278880933147549 0.3421074328305309 0.0002830539245422698 -2.7861871380383986e-05 0.999999959552095 -0.3339451979907414
1.0 0.0 0.0 0.0 0.0 1.0 0.0 0.0 0.0 0.0 1.0 0.0
0.47381058920570224 -0.8806267548999491 0.00021002602126263357 0.2479498574886616 0.8806267560324028 0.47381061844401745 0.00012003976244399162 -1.2052279445202405 -0.00020522278548379137 0.00012807842321520068 0.9999999707397627 -0.04684719319122976
-0.8553812008145553 0.5179989878715615 0.00022328700456181777 -0.7584010054540933 -0.517998976543511 -0.8553812296941972 0.0001103934684542911 0.3423337955684316 0.0002481792174637682 -2.1233942229969288e-05 0.9999999689780975 -0.3333344757795117
1.0 0.0 0.0 0.0 0.0 1.0 0.0 0.0 0.0 0.0 1.0 0.0
0.4738095506342281 -0.8806273133365682 0.00021150273881311233 0.2480096241691232 0.8806273151281458 0.47380957987875955 0.00011775103709288676 -1.2053914192377038 -0.00020390680325795235 0.00013046352305154293 0.999999970700642 -0.046887870044918456
-0.8553806205856498 0.5179999445508287 0.00022665358429128056 -0.7583591974624273 -0.5179999346046059 -0.8553806501736355 0.00010515775104135401 0.34223119409987923 0.0002483467995037753 -2.7456639495639612e-05 0.9999999687849995 -0.3334164066756347
1.0 0.0 0.0 0.0 0.0 1.0 0.0 0.0 0.0 0.0 1.0 0.0
0.4737939132155394 -0.8806357325318304 0.00018544010318651515 0.24730691445652475 0.8806357342015696 0.47379393550844956 0.0001016005754581807 -1.2046116966604572 -0.0001773334934841032 0.00011516744718878233 0.9999999776446454 -0.04646556401806823
-0.8553754485105791 0.5180085122829258 0.00015260326392341276 -0.7589163355652815 -0.5180085046402475 -0.8553754621182706 8.902993738536513e-05 0.3425786545204712 0.00017665135281287798 -2.8957659263152404e-06 0.9999999843929571 -0.3320260341735575
1.0 0.0 0.0 0.0 0.0 1.0 0.0 0.0 0.0 0.0 1.0 0.0
0.47380799809898355 -0.8806281490062189 0.00021003645908579066 0.24784575561399436 0.8806281474422645 0.4738080289394643 0.0001328341272542684 -1.2054385318917422 -0.00021649443229364315 0.0001220261459464778 0.9999999691198899 -0.04683873822465123
-0.8553798965627087 0.5180011458325288 0.00021324295385363672 -0.7584200383025816 -0.5180011364942768 -0.85537992280966 0.00010121649255309914 0.3422298019612686 0.00023483400052668444 -2.38815395150701e-05 0.9999999721413317 -0.3330166376369118
1.0 0.0 0.0 0.0 0.0 1.0 0.0 0.0 0.0 0.0 1.0 0.0
0.4738062657847799 -0.8806290871373571 0.0001827312469677269 0.24753618126529453 0.8806290855976354 0.4738062893267707 0.00011744730141335986 -1.2048162947353074 -0.00019000672390023012 0.00010527118361814456 0.9999999764077112 -0.046359384993758024
-0.8553775409288269 0.5180050332664947 0.00021905508640657456 -0.7586709398182165 -0.5180050226740734 -0.8553775686969523 0.00010702581176552154 0.3424455801304944 0.00024281471640513527 -2.1924159317002606e-05 0.9999999702801721 -0.333273934012515
1.0 0.0 0.0 0.0 0.0 1.0 0.0 0.0 0.0 0.0 1.0 0.0
0.47380877499728574 -0.8806277270615832 0.00022597770066826533 0.24772472066242024 0.8806277287681423 0.4738088085971444 0.0001273594034515752 -1.2050333852644899 -0.00021922644710463513 0.00013865822635796145 0.9999999663568302 -0.04700656158298844
-0.8553794949387545 0.5180018162519223 0.0001949308379531738 -0.7585890934954627 -0.5180018062509574 -0.8553795170484355 0.00010263884072903767 0.3422236111339174 0.00021990695194187352 -1.3179366409854411e-05 0.9999999757336181 -0.3326812413846213
1.0 0.0 0.0 0.0 0.0 1.0 0.0 0.0 0.0 0.0 1.0 0.0
0.47380453852333515 -0.8806300130924615 0.0001982812687558744 0.24780345595747733 0.8806300128054356 0.47380456536996846 0.0001199202812844141 -1.2053583517527136 -0.00019955196924143075 0.00011779366271001332 0.9999999731518321 -0.04671073766860079
-0.8553805644664833 0.5180000459241617 0.00020580467989705966 -0.7584576397662417 -0.518000036509716 -0.8553805889826207 0.00010083489816357878 0.3423917106852983 0.00022827381018521243 -2.0354619591465796e-05 0.9999999737383783 -0.3328961483359003
1.0 0.0 0.0 0.0 0.0 1.0 0.0 0.0 0.0 0.0 1.0 0.0
0.4738095506342281 -0.8806273133365682 0.00021150273881311233 0.2480096241691232 0.8806273151281458 0.47380957987875955 0.00011775103709288676 -1.2053914192377038 -0.00020390680325795235 0.00013046352305154293 0.999999970700642 -0.046887870044918456
-0.8553806205856498 0.5179999445508287 0.00022665358429128056 -0.7583591974624273 -0.5179999346046059 -0.8553806501736355 0.00010515775104135401 0.34223119409987923 0.0002483467995037753 -2.7456639495639612e-05 0.9999999687849995 -0.3334164066756347
1.0 0.0 0.0 0.0 0.0 1.0 0.0 0.0 0.0 0.0 1.0 0.0
0.47381067207511474 -0.8806267093675939 0.0002139535737117244 0.24784406120029523 0.8806267092658976 0.4738107031954762 0.00012831571765204157 -1.205230091555908 -0.0002143717414075948 0.0001276158751349208 0.9999999688794721 -0.046774622386490994
-0.855378258610661 0.518003850573309 0.00021327779604067137 -0.7585112987640006 -0.5180038412427482 -0.855378284865135 0.00010118764287816886 0.3422703764887203 0.00023484878401841845 -2.3925007842809446e-05 0.9999999721368207 -0.33301613039670486
1.0 0.0 0.0 0.0 0.0 1.0 0.0 0.0 0.0 0.0 1.0 0.0
0.47381067207511474 -0.8806267093675939 0.0002139535737117244 0.24784406120029523 0.8806267092658976 0.4738107031954762 0.00012831571765204157 -1.205230091555908 -0.0002143717414075948 0.0001276158751349208 0.9999999688794721 -0.046774622386490994
-0.855378258610661 0.518003850573309 0.00021327779604067137 -0.7585112987640006 -0.5180038412427482 -0.855378284865135 0.00010118764287816886 0.3422703764887203 0.00023484878401841845 -2.3925007842809446e-05 0.9999999721368207 -0.33301613039670486
1.0 0.0 0.0 0.0 0.0 1.0 0.0 0.0 0.0 0.0 1.0 0.0
0.4738168809887653 -0.8806233626023834 0.00023775817364753558 0.24826870484200114 0.8806233665818574 0.47381691681696636 0.00012477219334596472 -1.2058059263135412 -0.0002225311532493023 0.00015025623182453367 0.9999999639514746 -0.04766502023241059
-0.8553855991933542 0.5179917037009643 0.00026756232970701234 -0.7579909783799774 -0.5179916914530924 -0.8553856402334842 0.00011860825064262794 0.342168678565125 0.000290307064522164 -3.713927418885006e-05 0.9999999571712404 -0.33432551399051635
1.0 0.0 0.0 0.0 0.0 1.0 0.0 0.0 0.0 0.0 1.0 0.0
0.4738008033534337 -0.8806320190193413 0.00021405503832880044 0.24774029249065066 0.8806320211382049 0.47380083312564986 0.00011779422520369711 -1.2053295222106692 -0.00020515282186487867 0.0001326927225064028 0.99999997015248 -0.04702885915431865
-0.8553802778940038 0.518000524958113 0.000190612425808462 -0.7584941928314546 -0.5180005166915511 -0.8553802989408787 9.429262748136235e-05 0.34225868718863595 0.00021188974430491923 -1.8081281158248567e-05 0.9999999773879016 -0.33263484759051176
1.0 0.0 0.0 0.0 0.0 1.0 0.0 0.0 0.0 0.0 1.0 0.0
0.47380523657690704 -0.8806296363080041 0.0002035886380758146 0.24786193257746447 0.880629638010368 0.47380526364677017 0.00011312976394665863 -1.2052947203826285 -0.00019608679121895704 0.00012568471408109578 0.9999999728766611 -0.04668872275587621
-0.8553781601693271 0.5180040148850769 0.00020896956279123523 -0.7585092517958589 -0.5180040068987981 -0.8553781852667307 9.49030291048557e-05 0.34232256526325244 0.00022790815549741806 -2.7069092415539374e-05 0.9999999736625682 -0.3329752146536776
1.0 0.0 0.0 0.0 0.0 1.0 0.0 0.0 0.0 0.0 1.0 0.0
0.47380616046143276 -0.8806291437962525 0.0001827716468895978 0.2479815886538148 0.8806291417115688 0.4738061843114972 0.00012031843223354715 -1.2054878074192938 -0.00019255425457382553 0.00010394642412028517 0.9999999760589995 -0.04664117594930417
-0.8553784146071571 0.5180035972855506 0.00020254228132588828 -0.7584924510430646 -0.518003588640875 -0.8553784383079963 9.71233689901671e-05 0.34230838653929574 0.0002235605548092789 -2.184039519020296e-05 0.9999999747718372 -0.3329703711920654
1.0 0.0 0.0 0.0 0.0 1.0 0.0 0.0 0.0 0.0 1.0 0.0
0.4738096519716701 -0.8806272571055723 0.0002184976016266638 0.24801356517425432 0.8806272605065898 0.4738096822031644 0.00011446918974713897 -1.2056144016513297 -0.0002043309677790065 0.00013817833739218242 0.9999999695778009 -0.04717682875334406
-0.8553815067839973 0.5179984783244606 0.00023303536756706785 -0.758259707062809 -0.5179984698122219 -0.8553815378117692 0.00010021461972542289 0.3423120749200894 0.00025124517159768684 -3.499023138935116e-05 0.9999999678257733 -0.33345842529982883
1.0 0.0 0.0 0.0 0.0 1.0 0.0 0.0 0.0 0.0 1.0 0.0
0.47379528447549624 -0.8806349593111094 0.0003112039608137176 0.24782496031597212 0.8806349807158297 0.47379533441764166 0.00010873686728313153 -1.2052838311943948 -0.00024320447138133128 0.0002225380790624963 0.9999999456641927 -0.04785419245274436
-0.8553809819170317 0.5179993354709811 0.00025342903800255233 -0.7583462073262712 -0.5179993282141214 -0.8553810181716768 9.85966799397313e-05 0.34210310841751834 0.000267851403249318 -4.6938346534668064e-05 0.999999963026208 -0.3333799363068721
1.0 0.0 0.0 0.0 0.0 1.0 0.0 0.0 0.0 0.0 1.0 0.0
0.4738099484421759 -0.8806271093601703 0.00016436901328794148 0.24826692810047746 0.8806271073354083 0.47380996791228225 0.00011015005477739483 -1.2058695667278165 -0.0001748808012462129 9.255761693235011e-05 0.9999999804248964 -0.04643998422770845
-0.8553748490087871 0.5180094964473972 0.00017109502726994988 -0.7584328243642595 -0.5180094939191441 -0.8553748653877881 6.222905606566015e-05 0.3423245265380679 0.0001785856279165195 -3.5399679052064244e-05 0.9999999834270181 -0.3325338876178167
1.0 0.0 0.0 0.0 0.0 1.0 0.0 0.0 0.0 0.0 1.0 0.0
0.47380889757904304 -0.8806276679938871 0.00019732860954810774 0.2480544943534806 0.8806276695223304 0.4738089230550609 0.00011002305311017817 -1.2057154039110323 -0.00019038540066392673 0.0001216431320540205 0.9999999744781733 -0.046543413388131394
-0.8553793314874546 0.5180020807948319 0.00020870145886826998 -0.7584450342073232 -0.5180020730200376 -0.8553793564974662 9.394106126129145e-05 0.3422536790803026 0.0002271805847922418 -2.7752546155162743e-05 0.9999999738093888 -0.3329472159582487
1.0 0.0 0.0 0.0 0.0 1.0 0.0 0.0 0.0 0.0 1.0 0.0
0.47380787177630906 -0.8806282230163325 0.0001829478114852596 0.24797993522243367 0.8806282162091241 0.4738078979630473 0.0001436808109780348 -1.2056689298681 -0.00021321149524990214 9.303190562303003e-05 0.9999999729429612 -0.04681072083356297
-0.8553805184582515 0.5180001218485333 0.0002059295933179667 -0.7583822971383896 -0.5180001116762142 -0.8553805430659387 0.00010415204782606333 0.34220413355680357 0.00023009894083034698 -1.75819196681914e-05 0.9999999733726765 -0.33302103762969504
