1.0 0.0 0.0 0.0 0.0 1.0 0.0 0.0 0.0 0.0 1.0 0.0
0.4737983389360595 -0.8806333590676112 0.00014463307652442153 0.24728972018689532 0.8806333577949106 0.4737983538535126 9.499770221719925e-05 -1.2043584731408932 -0.00015218505917727904 8.235895831466069e-05 0.9999999850283547 -0.045747678842662065
-0.8553753588198201 0.5180086701851976 0.00011461599591404867 -0.7589408270637819 -0.5180086658343919 -0.8553753664966477 6.716545001845033e-05 0.34262093355307544 0.00013283198495779932 -1.9204082168911803e-06 0.9999999911759877 -0.33148737077046314
1.0 0.0 0.0 0.0 0.0 1.0 0.0 0.0 0.0 0.0 1.0 0.0
0.4738139669901374 -0.8806249435088691 0.00018318042808555753 0.24820156192753906 0.8806249414276651 0.47381399093995324 0.00012052002085107804 -1.2057140242362667 -0.00019292638624697408 0.00010420918457235023 0.9999999759599273 -0.04665043214173592
-0.8553812258052332 0.5179989478431931 0.00022039346691300404 -0.7583382040691955 -0.5179989381894777 -0.8553812538084297 0.00010328451795458322 0.3421875879641334 0.00024202171168819425 -2.581594427013864e-05 0.9999999703795135 -0.3333105428904264
1.0 0.0 0.0 0.0 0.0 1.0 0.0 0.0 0.0 0.0 1.0 0.0
0.4738095506342281 -0.8806273133365682 0.00021150273881311233 0.2480096241691232 0.8806273151281458 0.47380957987875955 0.00011775103709288676 -1.2053914192377038 -0.00020390680325795235 0.00013046352305154293 0.999999970700642 -0.046887870044918456
-0.8553806205856498 0.5179999445508287 0.00022665358429128056 -0.7583591974624273 -0.5179999346046059 -0.8553806501736355 0.00010515775104135401 0.34223119409987923 0.0002483467995037753 -2.7456639495639612e-05 0.9999999687849995 -0.3334164066756347
1.0 0.0 0.0 0.0 0.0 1.0 0.0 0.0 0.0 0.0 1.0 0.0
0.47379992805131205 -0.8806324717715557 0.0002789983733508117 0.24797519723491313 0.880632487256317 0.4737999697258246 0.00010524523982884212 -1.2055566901678727 -0.0002248717965398369 0.00019582984440574412 0.9999999555416725 -0.04727623348283305
-0.8553802958439152 0.5180004487584673 0.0002908057816968345 -0.7582958864032481 -0.5180004448963518 -0.8553803424158849 9.43168271397642e-05 0.3421304227337352 0.00029760570790822644 -6.996076879552187e-05 0.9999999532681657 -0.33373738263681285
1.0 0.0 0.0 0.0 0.0 1.0 0.0 0.0 0.0 0.0 1.0 0.0
0.4738048527450992 -0.8806298497504267 0.00017100799849961097 0.24793423590005048 0.8806298444891114 0.47380487532069987 0.0001308335573072179 -1.2055926360307492 -0.0001962403593217204 8.86051727710413e-05 0.9999999768194219 -0.04667931872090181
-0.8553814518370154 0.5179985835736888 0.0001981637000710105 -0.7584168812731509 -0.5179985733362651 -0.855381474680137 0.00010390201118948721 0.34238147871349334 0.000223326652621432 -1.3772660743769973e-05 0.9999999749677596 -0.33289989212004456
1.0 0.0 0.0 0.0 0.0 1.0 0.0 0.0 0.0 0.0 1.0 0.0
0.4737967726355919 -0.8806341579613758 0.00031316410442278736 0.24779059218009536 0.8806341775844788 0.47379682504285575 0.00011768355240640975 -1.2049304620665193 -0.00025201231447223533 0.0002200249262248939 0.9999999440394108 -0.04769952976926406
-0.855358753689904 0.5180360675119532 0.00018773067439841628 -0.7584784542644591 -0.5180360738622836 -0.8553587702792572 1.6843664864563643e-05 0.34260889518278015 0.0001693027047060602 -8.284388532275195e-05 0.9999999822367424 -0.33263103892027385
1.0 0.0 0.0 0.0 0.0 1.0 0.0 0.0 0.0 0.0 1.0 0.0
0.47381191136119594 -0.8806260459229779 0.00019973560360509127 0.24801891328480608 0.8806260450678501 0.4738119389319468 0.0001235868348185577 -1.2053417112631637 -0.00020347089929227297 0.00011733546023752855 0.9999999724159911 -0.046952378523276495
-0.8553824406249232 0.5179969537690478 0.0001901487228654966 -0.7584827503716376 -0.517996942551596 -0.8553824617376383 0.00010797618416609474 0.3422654259783968 0.0002185812171385977 -6.13552513305685e-06 0.9999999760923032 -0.33275063642695807
1.0 0.0 0.0 0.0 0.0 1.0 0.0 0.0 0.0 0.0 1.0 0.0
0.4738233120620613 -0.8806199059810029 0.0002239119195469376 0.24820379742989296 0.8806198980390045 0.4738233502713663 0.00016707899586333256 -1.2054138005515656 -0.00025322778551398846 0.00011801536856517316 0.9999999609740299 -0.04724093278375119
-0.8553739048339797 0.5180110537305139 0.0001764711670582679 -0.7583283938750593 -0.5180110509011285 -0.8553739222859107 6.494248414500432e-05 0.34227231529246716 0.00018458975898084007 -3.586390844887033e-05 0.9999999823202 -0.33289628338447047
1.0 0.0 0.0 0.0 0.0 1.0 0.0 0.0 0.0 0.0 1.0 0.0
0.47380833933169475 -0.880627962510674 0.00022186491490866297 0.24791482671532883 0.8806279663833153 0.4738083702530287 0.00011446289908270115 -1.205283834178176 -0.00020592068335146489 0.0001411469726983588 0.9999999688371017 -0.04703170763748277
-0.8553810916832466 0.5179991754214945 0.00020555639134132723 -0.7584562770063012 -0.5179991664057231 -0.8553811161054993 9.906102726896665e-05 0.3421757593723669 0.00022714258588989885 -2.1743109715584415e-05 0.9999999739667411 -0.3329238169512123
1.0 0.0 0.0 0.0 0.0 1.0 0.0 0.0 0.0 0.0 1.0 0.0
0.47379812358438306 -0.8806334774631271 0.0001282930862824584 0.2476276934202506 0.8806334723818467 0.47379813716450614 0.0001119827426138118 -1.2052390132105497 -0.0001594007773355661 5.992197273124155e-05 0.9999999855003744 -0.04573166705787235
-0.8553753301627351 0.518008699930738 0.00017704535527702695 -0.758793597442498 -0.5180086916831657 -0.8553753484012256 9.321038916623489e-05 0.3424325786787623 0.00019972402496493743 -1.1981165447966309e-05 0.9999999799833826 -0.33256334342565097
1.0 0.0 0.0 0.0 0.0 1.0 0.0 0.0 0.0 0.0 1.0 0.0
0.4738201494573563 -0.8806216299398463 0.00010416475810059002 0.24816869713642475 0.8806216236274869 0.4738201593399448 0.00011226200247066881 -1.2061273662963377 -0.0001482157098768592 3.8537739614271324e-05 0.9999999882734728 -0.045075054440502305
-0.8553791811196934 0.5180023326336196 0.00019973265110811848 -0.7586461617261016 -0.5180023218463741 -0.8553792043485827 0.000106441305645343 0.3421115753126571 0.00022598400080014953 -1.2414300162310844e-05 0.9999999743885581 -0.33296577408090017
1.0 0.0 0.0 0.0 0.0 1.0 0.0 0.0 0.0 0.0 1.0 0.0
0.47380030724841155 -0.8806322944386941 0.00017562161520220845 0.24758636337789675 0.8806322945362199 0.47380032811748035 0.00010438218542787134 -1.2049423333756817 -0.0001751319023591964 0.00010520175443869157 0.9999999791307036 -0.046317654234031336
-0.8553767742252693 0.5180063007843618 0.00021555434189865475 -0.7586656134792644 -0.5180062916446514 -0.8553768010021728 0.00010061732314290178 0.34251323794311794 0.0002365005907714851 -2.5592783993669675e-05 0.9999999717062396 -0.33324717546478555
1.0 0.0 0.0 0.0 0.0 1.0 0.0 0.0 0.0 0.0 1.0 0.0
0.47380616046143276 -0.8806291437962525 0.0001827716468895978 0.2479815886538148 0.8806291417115688 0.4738061843114972 0.00012031843223354715 -1.2054878074192938 -0.00019255425457382553 0.00010394642412028517 0.9999999760589995 -0.04664117594930417
-0.8553784146071571 0.5180035972855506 0.00020254228132588828 -0.7584924510430646 -0.518003588640875 -0.8553784383079963 9.71233689901671e-05 0.34230838653929574 0.0002235605548092789 -2.184039519020296e-05 0.9999999747718372 -0.3329703711920654
1.0 0.0 0.0 0.0 0.0 1.0 0.0 0.0 0.0 0.0 1.0 0.0
0.47380523657690704 -0.8806296363080041 0.0002035886380758146 0.24786193257746447 0.880629638010368 0.47380526364677017 0.00011312976394665863 -1.2052947203826285 -0.00019608679121895704 0.00012568471408109578 0.9999999728766611 -0.04668872275587621
-0.8553781601693271 0.5180040148850769 0.00020896956279123523 -0.7585092517958589 -0.5180040068987981 -0.8553781852667307 9.49030291048557e-05 0.34232256526325244 0.00022790815549741806 -2.7069092415539374e-05 0.9999999736625682 -0.3329752146536776
1.0 0.0 0.0 0.0 0.0 1.0 0.0 0.0 0.0 0.0 1.0 0.0
0.47380675367638037 -0.8806288203880048 0.00020216993110512603 0.24780645092520892 0.8806288213961189 0.47380678079402955 0.00011575872038248733 -1.2051475136071286 -0.0001977299496103296 0.00012318940463668348 0.9999999728636184 -0.04664915711345352
-0.8553789491556884 0.5180027133204238 0.0002057522539079662 -0.7585482370967238 -0.518002703890514 -0.8553789736611763 0.00010089831545340193 0.34241666074469634 0.0002282617529505912 -2.0273928811783582e-05 0.9999999737427698 -0.332897194415328
1.0 0.0 0.0 0.0 0.0 1.0 0.0 0.0 0.0 0.0 1.0 0.0
0.4738096566077569 -0.8806272198583647 0.0003300753942145978 0.24811256568153972 0.8806272452385986 0.4738097115832586 0.0001102400349661356 -1.205542501995902 -0.00025347330284285967 0.00023844059201651093 0.9999999394486825 -0.04765704378762026
-0.85538023775855 0.5180005550897165 0.0002716226632882895 -0.7584132313374372 -0.5180005482623126 -0.8553802791278999 0.00010039432001948529 0.3419014160466016 0.0002843449830389472 -5.4825371175928824e-05 0.9999999580710538 -0.3333541922136415
1.0 0.0 0.0 0.0 0.0 1.0 0.0 0.0 0.0 0.0 1.0 0.0
0.4738131626764219 -0.8806253671307664 0.00022280118987744174 0.2481131145403701 0.8806253715866751 0.4738131934779831 0.00011226765744681238 -1.2054050625198904 -0.00020443189034253777 0.00014301048678463195 0.999999968877801 -0.04698350741413515
-0.855380820922287 0.5179996210547816 0.00020924965688759461 -0.7584589974329408 -0.5179996109777187 -0.8553808462957948 0.00010400587453729237 0.34214862843961136 0.00023286315219341302 -1.9426610522551747e-05 0.9999999726986792 -0.3330944948468688
1.0 0.0 0.0 0.0 0.0 1.0 0.0 0.0 0.0 0.0 1.0 0.0
0.47380582380343544 -0.8806293225004056 0.00019411961451551858 0.24787300732243978 0.8806293248692212 0.47380584787724034 0.00010342973249129286 -1.205161945450648 -0.0001830582637953358 0.00012194181546587132 0.9999999758099325 -0.04657970957365354
-0.855373529755575 0.5180116727366464 0.00017748822183349835 -0.7585112928596836 -0.5180116703813801 -0.8553735473071904 6.257640045985539e-05 0.3424238918961935 0.000184234035791004 -3.841477372424438e-05 0.9999999822910625 -0.3325933010878181
1.0 0.0 0.0 0.0 0.0 1.0 0.0 0.0 0.0 0.0 1.0 0.0
0.47379891445727296 -0.8806330460790529 0.00016374564714835533 0.24737978136707284 0.8806330450674931 0.47379893323610767 0.00010392055173519904 -1.2046677452979377 -0.00016909838496572609 9.496238326285914e-05 0.999999981193941 -0.04605173940944085
-0.8553757095284051 0.5180080725617511 0.0001797488158355815 -0.7588639683404423 -0.5180080636464733 -0.8553757283511323 9.666954695634937e-05 0.342723298690804 0.00020382837995988856 -1.042255371615762e-05 0.9999999791726808 -0.33247730695440736
1.0 0.0 0.0 0.0 0.0 1.0 0.0 0.0 0.0 0.0 1.0 0.0
0.47380616046143276 -0.8806291437962525 0.0001827716468895978 0.2479815886538148 0.8806291417115688 0.4738061843114972 0.00012031843223354715 -1.2054878074192938 -0.00019255425457382553 0.00010394642412028517 0.9999999760589995 -0.04664117594930417
-0.8553784146071571 0.5180035972855506 0.00020254228132588828 -0.7584924510430646 -0.518003588640875 -0.8553784383079963 9.71233689901671e-05 0.34230838653929574 0.0002235605548092789 -2.184039519020296e-05 0.9999999747718372 -0.3329703711920654
