1.0 0.0 0.0 0.0 0.0 1.0 0.0 0.0 0.0 0.0 1.0 0.0
0.9570012215913923 0.29008388675606445 2.2739346975969668e-05 1.0852725688137386 -0.29008388488692327 0.9570012203585817 -6.293723508688707e-05 -1.3151536849438714 -4.0018660581839726e-05 5.363469275115241e-05 0.9999999977609134 0.14791928028857915
-0.19430821881801322 -0.980940526248385 -7.956895112905676e-06 1.3259917438457833 0.9809405254317263 -0.19430821830599582 -4.317959577403303e-05 0.6470627889811704 4.0810525289136614e-05 -1.619539121699298e-05 0.999999999036105 0.4239928898375884
1.0 0.0 0.0 0.0 0.0 1.0 0.0 0.0 0.0 0.0 1.0 0.0
0.95699944483415 0.2900897491769714 3.0936206837863173e-06 1.084980636683023 -0.2900897484095464 0.956999442977601 -6.331072304049095e-05 -1.3152885415278583 -2.132638503819314e-05 5.9690899155962075e-05 0.999999997991091 0.1480108068919611
-0.19430330258484277 -0.9809415000926623 7.618132859410006e-07 1.325407211600011 0.9809414982160111 -0.19430330226104398 -6.17104556374373e-05 0.6466614545447756 6.068236976155659e-05 -1.1243251068300023e-05 0.9999999980956197 0.4241212528563791
1.0 0.0 0.0 0.0 0.0 1.0 0.0 0.0 0.0 0.0 1.0 0.0
0.956998043878427 0.29009437052562986 1.4219773877127442e-05 1.0848347636202647 -0.2900943687170149 0.9569980415902669 -7.504044735460849e-05 -1.315577369695815 -3.537710709155951e-05 6.768848500394574e-05 0.9999999970833647 0.14780110336341784
-0.19429809263400277 -0.9809425320565274 -1.1479650307433373e-06 1.3248994906007425 0.9809425257985817 -0.19429809126201175 -0.00011318939352696994 0.6459352553400692 0.0001108092428739865 -2.3118570985476034e-05 0.9999999935934218 0.4245573254890567
1.0 0.0 0.0 0.0 0.0 1.0 0.0 0.0 0.0 0.0 1.0 0.0
0.9569996572275485 0.2900890475206911 2.397694253893393e-05 1.085109582644927 -0.2900890449009613 0.9569996550879772 -7.867617805738244e-05 -1.3155080587369268 -4.5769023295062116e-05 6.833762707210874e-05 0.9999999966175823 0.14824509239547512
-0.19431025166741067 -0.9809401236002387 2.845196753062341e-06 1.3254038274688673 0.9809401171146257 -0.19431025071470776 -0.00011446541669032692 0.6460612356358819 0.00011283657089061541 -1.9450836288157815e-05 0.9999999934447866 0.424726652977332
1.0 0.0 0.0 0.0 0.0 1.0 0.0 0.0 0.0 0.0 1.0 0.0
0.9569989543420054 0.2900913666275486 1.9911509775562223e-05 1.0849643681538765 -0.2900913644972004 0.9569989523653437 -7.35920355445761e-05 -1.3153115006590692 -4.040370815925052e-05 6.465134402406945e-05 0.9999999970938722 0.14777385192252035
-0.19430093463618334 -0.9809419690308393 1.3907006302763857e-05 1.3250708787541763 0.9809419662919581 -0.19430093513294655 -7.330572057804151e-05 0.6468132335408312 7.461080221457472e-05 -6.014039146246121e-07 0.9999999972164331 0.4240104265961703
1.0 0.0 0.0 0.0 0.0 1.0 0.0 0.0 0.0 0.0 1.0 0.0
0.9569992292391543 0.290090459576838 2.2319567583815916e-05 1.0850886127592645 -0.29009045815018475 0.956999228525097 -5.1890117475394565e-05 -1.3152842784135412 -3.641263698466077e-05 4.318410884298095e-05 0.9999999984046262 0.1482574243080138
-0.19430070978320094 -0.9809420135601892 1.449917873177301e-05 1.3258966051280994 0.9809420118021033 -0.19430071030402568 -5.879620043930316e-05 0.6468352315439754 6.0492863975033866e-05 2.798710076715407e-06 0.9999999981663902 0.42434248077975667
1.0 0.0 0.0 0.0 0.0 1.0 0.0 0.0 0.0 0.0 1.0 0.0
0.9569985302571858 0.2900927641350027 3.580640354791928e-05 1.0848271105280096 -0.29009276036591236 0.9569985283031311 -8.490539318008178e-05 -1.3151681701185916 -5.8897115696759e-05 7.086715804025053e-05 0.9999999957544878 0.147353430728779
-0.19430339723815387 -0.9809414812546351 1.32542046957436e-05 1.3248907828945287 0.9809414789764501 -0.19430339769021393 -6.685456108526039e-05 0.64713981901496 6.815574918567007e-05 1.1530817167003888e-08 0.9999999976773967 0.4237841034413517
1.0 0.0 0.0 0.0 0.0 1.0 0.0 0.0 0.0 0.0 1.0 0.0
0.9569946927967506 0.2901054244175797 2.6121811272302825e-05 1.0847272921604763 -0.29010542103734116 0.9569946898455076 -9.106177594540507e-05 -1.3155465597465996 -5.141594983560035e-05 7.956755723898955e-05 0.9999999955127019 0.1475239467569518
-0.19430208049696135 -0.9809417421311464 -7.698312077802006e-06 1.3247220612015074 0.9809417393597031 -0.19430207934290206 -7.710372526211056e-05 0.6470118905208246 7.413846453926536e-05 -2.253300987222746e-05 0.9999999969978757 0.42431730052051636
1.0 0.0 0.0 0.0 0.0 1.0 0.0 0.0 0.0 0.0 1.0 0.0
0.9570000664490973 0.2900876982730665 -1.1271948389630339e-05 1.085107074576604 -0.2900876984119851 0.9570000645494283 -6.068299716559155e-05 -1.3152668430425893 -6.816135635600005e-06 6.134348588476676e-05 0.9999999980952585 0.14786924844642962
-0.1943024794395812 -0.9809416631380811 -1.8780697246051304e-06 1.3256649673614513 0.9809416612344236 -0.19430247894246483 -6.270137762498857e-05 0.6467041168691395 6.114148004538796e-05 -1.402530997237706e-05 0.9999999980325049 0.42391234708614595
1.0 0.0 0.0 0.0 0.0 1.0 0.0 0.0 0.0 0.0 1.0 0.0
0.9569965303342707 0.2900993638499656 -4.691699291876565e-06 1.0846450137108539 -0.29009936377838647 0.9569965294034388 -4.295518933697269e-05 -1.3150896070150795 -7.971333161377887e-06 4.246902613494808e-05 0.9999999990664197 0.14811153148542716
-0.19430198713878832 -0.9809417605348802 -1.5252801894168827e-05 1.325599110192722 0.9809417603323449 -0.1943019866538305 -2.8608646061903622e-05 0.6475362778565046 2.5099765924409015e-05 -2.0520827119242997e-05 0.9999999994744488 0.4243872053243512
1.0 0.0 0.0 0.0 0.0 1.0 0.0 0.0 0.0 0.0 1.0 0.0
0.956999612101862 0.2900891961514988 2.670324589235477e-05 1.0851731374808224 -0.2900891949511576 0.9569996119460131 -4.132516654629528e-05 -1.3151659282942 -3.75429803009322e-05 3.180184525135791e-05 0.9999999987895837 0.1483506454408673
-0.19430423273781852 -0.9809413157575962 1.3413529353544783e-05 1.3259441174974742 0.9809413144636505 -0.19430423317199397 -5.049522715703328e-05 0.6472999165526128 5.213916010206635e-05 3.3464487459891324e-06 0.9999999986351545 0.42415032956237936
1.0 0.0 0.0 0.0 0.0 1.0 0.0 0.0 0.0 0.0 1.0 0.0
0.9569992296016469 0.2900904585573933 1.9895109986274095e-05 1.0849972279701898 -0.2900904564776854 0.9569992277033142 -7.235902618670942e-05 -1.315274810858447 -4.003026797920409e-05 6.347615077781551e-05 0.9999999971841779 0.1477936078164529
-0.1943023200853017 -0.980941694605985 1.3892729715880122e-05 1.3251822574970067 0.9809416919348779 -0.19430232058147723 -7.239193483148554e-05 0.6471037534114874 7.37116568524102e-05 -4.3796310012856134e-07 0.9999999972831999 0.42402413709269365
1.0 0.0 0.0 0.0 0.0 1.0 0.0 0.0 0.0 0.0 1.0 0.0
0.9570000300656877 0.29008781851939586 9.640774524939284e-07 1.0850674212306202 -0.2900878178246999 0.957000027993581 -6.610588731193183e-05 -1.3153524551433808 -2.0099134790625786e-05 6.298366902062752e-05 0.9999999978145412 0.14773182350859942
-0.1942987691200105 -0.980942397952103 1.4779260928155454e-05 1.3254749974628668 0.9809423952054798 -0.19429876968195822 -7.340717499678002e-05 0.646647526142387 7.487980248337664e-05 2.3467986777880587e-07 0.9999999971964799 0.42400305956322765
1.0 0.0 0.0 0.0 0.0 1.0 0.0 0.0 0.0 0.0 1.0 0.0
0.957000375718737 0.2900866743356154 4.740358332790739e-05 1.0852250197448279 -0.29008667057752835 0.9570003752483741 -7.299120472991732e-05 -1.3152246736123363 -6.653902286877828e-05 5.610146268965514e-05 0.9999999962125922 0.1476745009634014
-0.19430605177144633 -0.9809409551602116 2.7099137630911445e-05 1.3256831948175578 0.9809409525826992 -0.19430605325574563 -7.221026250414829e-05 0.6469259040527788 7.609953035288917e-05 1.2551762877273235e-05 0.9999999970256572 0.42370647570206055
1.0 0.0 0.0 0.0 0.0 1.0 0.0 0.0 0.0 0.0 1.0 0.0
0.9569964437813794 0.29009964939770244 -3.020391624445614e-06 1.0847137520591943 -0.2900996492449692 0.9569964428189819 -4.4042706697966954e-05 -1.3152035871095267 -9.886269731092686e-06 4.3024928235294686e-05 0.9999999990255584 0.14835183418200615
-0.19430194478522542 -0.98094176886333 -1.876059742863216e-05 1.3251989708183904 0.9809417688543492 -0.1943019443375646 -2.331397909407215e-05 0.6476537933499484 1.9224435334464587e-05 -2.2933005105068765e-05 0.9999999995522492 0.42479720411352734
1.0 0.0 0.0 0.0 0.0 1.0 0.0 0.0 0.0 0.0 1.0 0.0
0.95699944483415 0.2900897491769714 3.0936206837863173e-06 1.084980636683023 -0.2900897484095464 0.956999442977601 -6.331072304049095e-05 -1.3152885415278583 -2.132638503819314e-05 5.9690899155962075e-05 0.999999997991091 0.1480108068919611
-0.19430330258484277 -0.9809415000926623 7.618132859410006e-07 1.325407211600011 0.9809414982160111 -0.19430330226104398 -6.17104556374373e-05 0.6466614545447756 6.068236976155659e-05 -1.1243251068300023e-05 0.9999999980956197 0.4241212528563791
1.0 0.0 0.0 0.0 0.0 1.0 0.0 0.0 0.0 0.0 1.0 0.0
0.9569997371818052 0.29008878360832846 2.5663143708821733e-05 1.0851499305025718 -0.29008878249643294 0.9569997370351127 -3.9805325995891315e-05 -1.3152451240012013 -3.6106700380118643e-05 3.0649096402980716e-05 0.9999999988784696 0.14845166664749737
-0.1943039883005112 -0.9809413641222549 1.6866676824224484e-05 1.3261361323692369 0.9809413628597984 -0.1943039889140817 -5.022785872788959e-05 0.6471869159051362 5.254784684414963e-05 6.785747676247621e-06 0.9999999985963387 0.42446335616899644
1.0 0.0 0.0 0.0 0.0 1.0 0.0 0.0 0.0 0.0 1.0 0.0
0.9570002712942074 0.2900870185821203 4.8917783584471905e-05 1.0852042807781381 -0.29008701479428484 0.9570002709703823 -7.218278848538462e-05 -1.3152332994402336 -6.775362205027899e-05 5.488853435291448e-05 0.9999999961983473 0.1476940404302557
-0.19430323346318126 -0.9809415133070352 3.06048286482845e-05 1.3254758323914442 0.9809415109213654 -0.19430323518523313 -7.034103305528186e-05 0.6468056999778686 7.494705663147455e-05 1.6354056687954626e-05 0.9999999970577418 0.4237470983900577
1.0 0.0 0.0 0.0 0.0 1.0 0.0 0.0 0.0 0.0 1.0 0.0
0.9569997586148408 0.29008871387212526 -9.754685844724488e-06 1.0850178260049672 -0.29008871383407286 0.9569997561520968 -6.95048356783956e-05 -1.3152316675344977 -1.0827336415105644e-05 6.934583523734223e-05 0.999999997536962 0.14824895957376727
-0.19430247454980656 -0.9809416641011705 3.7747054812103864e-06 1.3252383222626456 0.9809416618084639 -0.19430247435630404 -6.773084387035129e-05 0.646670005673456 6.717344131212514e-05 -9.457504699777982e-06 0.9999999976991423 0.4241597778697587
1.0 0.0 0.0 0.0 0.0 1.0 0.0 0.0 0.0 0.0 1.0 0.0
0.9569983191456425 0.29009346172893336 2.4789906218124022e-05 1.0851797508612528 -0.29009345954011345 0.9569983177240734 -6.78626787444721e-05 -1.3154817391042504 -4.3410417946468625e-05 5.7753079834688936e-05 0.9999999973900587 0.14815867028180274
-0.19430271049251588 -0.9809416173456014 7.393111347052481e-06 1.3255772046334218 0.9809416143069905 -0.19430271047553005 -7.760578729543807e-05 0.6465247723160954 7.756324807855449e-05 -7.82680424187761e-06 0.9999999969613417 0.4243588422568782
