1.0 0.0 0.0 0.0 0.0 1.0 0.0 0.0 0.0 0.0 1.0 0.0
0.9569987604580659 0.2900920069222536 -1.2426661676990651e-06 1.084784830073156 -0.29009200651722833 0.9569987588772418 -5.71159057702652e-05 -1.3151485946459476 -1.537963775188937e-05 5.502033854660093e-05 0.9999999983681144 0.14788708645117876
-0.19428726852812317 -0.9809446757769251 1.878255907439796e-05 1.324920617471319 0.9809446744947306 -0.1942872692483308 -5.087684336891795e-05 0.6462454426604511 5.3556580735137605e-05 8.539928367934818e-06 0.9999999985293809 0.4234208870922898
1.0 0.0 0.0 0.0 0.0 1.0 0.0 0.0 0.0 0.0 1.0 0.0
0.9570016417547578 0.2900825010023038 -1.7057113276378277e-05 1.085028508081399 -0.2900825014838647 0.9570016393453754 -6.799358080798691e-05 -1.315321190834652 -3.400062604876006e-06 7.001793854933115e-05 0.999999997542964 0.14793039465645802
-0.19431202162022118 -0.9809397729982563 -1.9980455175996265e-06 1.3256019462588 0.9809397696063928 -0.19431202077809293 -8.35804511597162e-05 0.6466329392996417 8.159914452556806e-05 -1.8200648742470428e-05 0.999999996505158 0.4242508235000598
1.0 0.0 0.0 0.0 0.0 1.0 0.0 0.0 0.0 0.0 1.0 0.0
0.9569987665623074 0.2900919822368867 -5.138186985580821e-05 1.0848489415889482 -0.29009198547576565 0.9569987640667105 -7.441449423546941e-05 -1.3154836898956583 2.7585337807529644e-05 8.612004784159932e-05 0.9999999959111932 0.14847835084482525
-0.194284178508045 -0.9809452877877329 -1.866805995671117e-05 1.3253323469120408 0.980945283534546 -0.1942841757865093 -9.874354169951433e-05 0.6453535535117956 9.323510328749464e-05 -3.7496653249358213e-05 0.9999999949506082 0.4245077888742622
1.0 0.0 0.0 0.0 0.0 1.0 0.0 0.0 0.0 0.0 1.0 0.0
0.9569987887120618 0.29009191322355066 1.690994253984337e-05 1.0849511417794213 -0.2900919111855738 0.9569987864369772 -7.630762281571167e-05 -1.3153076751413555 -3.83190187854944e-05 6.812086505470944e-05 0.9999999969456002 0.1477196272295393
-0.19430217819828308 -0.9809417227407913 1.1564248668493752e-05 1.3251965428455135 0.9809417198470857 -0.19430217851421863 -7.54193078257645e-05 0.6469151340628558 7.622890445569628e-05 -3.3102818111374994e-06 0.999999997089098 0.42397306488343534
1.0 0.0 0.0 0.0 0.0 1.0 0.0 0.0 0.0 0.0 1.0 0.0
0.9569978146906435 0.2900951264266517 -1.734466687625447e-05 1.0847404861544927 -0.2900951269425761 0.9569978132242334 -5.299249661440261e-05 -1.3150780800324888 1.2259432666613195e-06 5.5745306794226555e-05 0.9999999984454787 0.14838504257476492
-0.1942992900022719 -0.9809422948486931 -9.032907733714766e-06 1.3248891159162373 0.980942294068945 -0.1942992894545252 -4.271091741568183e-05 0.6471614662061738 4.01418577904629e-05 -1.715946216363504e-05 0.9999999990470919 0.4242221545008803
1.0 0.0 0.0 0.0 0.0 1.0 0.0 0.0 0.0 0.0 1.0 0.0
0.9569994132572435 0.2900898533637247 8.396433471832071e-07 1.084976234318503 -0.29008985274853244 0.9569994114084082 -6.242031510073285e-05 -1.3152951422521737 -1.8911038243537242e-05 5.9492632911790033e-05 0.9999999980514997 0.14798614890442757
-0.194301225535553 -0.9809419115051693 2.822508078609091e-06 1.325618897021711 0.9809419092243402 -0.1943012252785559 -6.769459072001599e-05 0.6466077583064793 6.695287799748248e-05 -1.0384425475596195e-05 0.999999997704738 0.42416435974546157
1.0 0.0 0.0 0.0 0.0 1.0 0.0 0.0 0.0 0.0 1.0 0.0
0.9569956920336044 0.2901021292670608 -4.88264949743953e-06 1.0848253365712486 -0.2901021290511351 0.9569956903417365 -5.820086818944189e-05 -1.3155450967795366 -1.2211521260442952e-05 5.711444714452419e-05 0.9999999982944094 0.14815785639852774
-0.1942905818708893 -0.9809440196828465 -6.68807476110524e-06 1.3253522973827714 0.9809440172229558 -0.194290580889563 -7.24712683427869e-05 0.646382242545558 6.979082734931485e-05 -2.064111181889087e-05 0.9999999973515925 0.4244130543086166
1.0 0.0 0.0 0.0 0.0 1.0 0.0 0.0 0.0 0.0 1.0 0.0
0.9569995217249783 0.2900894954991371 4.3839456384971035e-06 1.0850248773548192 -0.2900894946571428 0.9569995199025513 -6.321273571318246e-05 -1.3152574081100523 -2.253278448347553e-05 5.922282126956423e-05 0.9999999979924654 0.14806271378876412
-0.19430482938297977 -0.9809411976605347 3.2813748764874975e-06 1.325530344083718 0.9809411954772076 -0.19430482917179795 -6.615334773245996e-05 0.6470337068901206 6.553013113876316e-05 -9.635079150116698e-06 0.9999999978064832 0.42419571353111407
1.0 0.0 0.0 0.0 0.0 1.0 0.0 0.0 0.0 0.0 1.0 0.0
0.9570004188771036 0.29008653581544885 2.764052324779209e-06 1.0847670939254543 -0.29008653501593273 0.9570004168658321 -6.573487931327567e-05 -1.315188124087923 -2.1714002649284952e-05 6.210649267614077e-05 0.999999997835643 0.14796258109489474
-0.19430941020070563 -0.9809402902784965 -3.973938915323317e-06 1.325280435970675 0.9809402876677088 -0.1943094093843351 -7.385866377426577e-05 0.6467443536882653 7.167876535873703e-05 -1.8249630178962718e-05 0.9999999972645527 0.4244278252278354
1.0 0.0 0.0 0.0 0.0 1.0 0.0 0.0 0.0 0.0 1.0 0.0
0.9570018488152768 0.2900818172665631 2.5602164954005214e-05 1.0853322789600388 -0.29008181518733533 0.9570018476291132 -6.428128845553665e-05 -1.3153292857716825 -4.314815213571096e-05 5.409058941359529e-05 0.9999999976062224 0.14811547093010208
-0.19430723661471289 -0.9809407205382867 2.4268948351107715e-05 1.3259294303565112 0.9809407182193588 -0.1943072378443686 -6.826844768312827e-05 0.6468365393210067 7.168293257981366e-05 1.0541346208683464e-05 0.9999999973752186 0.4242397093034388
1.0 0.0 0.0 0.0 0.0 1.0 0.0 0.0 0.0 0.0 1.0 0.0
0.9570009587253036 0.29008475483669655 3.191183425415888e-06 1.084893536526267 -0.29008475402103634 0.9570009567523848 -6.526543145228876e-05 -1.3152677267660366 -2.1986472273440613e-05 6.15333668124663e-05 0.99999999786512 0.14802435916525908
-0.19430922745150117 -0.9809403264850718 1.6004456140217684e-06 1.325237314562095 0.9809403235130008 -0.1943092269892958 -7.754373611075225e-05 0.6464422251660327 7.63767591674484e-05 -1.3497521818997898e-05 0.9999999969922037 0.4242595985945385
1.0 0.0 0.0 0.0 0.0 1.0 0.0 0.0 0.0 0.0 1.0 0.0
0.9570005802301995 0.2900860031438813 -1.4801008909593528e-05 1.0851061313043529 -0.2900860034622562 0.9570005777581646 -6.903503307651729e-05 -1.315272637061721 -5.861522744190803e-06 7.03601322322336e-05 0.999999997507547 0.14804113138067337
-0.19430110044598708 -0.9809419361495565 1.6390201978588996e-05 1.324995639246068 0.9809419339160761 -0.19430110111091467 -6.6272737601227e-05 0.6465667599665007 6.819434182835257e-05 3.2009705806696405e-06 0.9999999976696428 0.4238766053346728
1.0 0.0 0.0 0.0 0.0 1.0 0.0 0.0 0.0 0.0 1.0 0.0
0.9569969735798699 0.2900979013635887 1.3542938457220378e-05 1.084772721119478 -0.290097899824556 0.9569969716967112 -6.841569092089072e-05 -1.315325250082993 -3.2807799447929554e-05 6.154483115278246e-05 0.999999997567941 0.14778901165646952
-0.1942951550581551 -0.980943113888759 5.9290166132672655e-06 1.324991249215615 0.9809431119491842 -0.19429515504872594 -6.200034162282038e-05 0.6469800541603798 6.197078737583091e-05 -6.230337981844883e-06 0.9999999980604022 0.4240198170715514
1.0 0.0 0.0 0.0 0.0 1.0 0.0 0.0 0.0 0.0 1.0 0.0
0.9569978450117388 0.29009502691745737 8.043583890970752e-07 1.0848788555229056 -0.29009502640180584 0.9569978434687937 -5.70351923500321e-05 -1.3152996431010981 -1.731539490376259e-05 5.434921580068931e-05 0.9999999983731699 0.14815070654913048
-0.19429816567132085 -0.9809425175904781 1.244554238786704e-07 1.3252715749643045 0.9809425158204064 -0.19429816532833663 -6.004977206007681e-05 0.646914723757471 5.8929556045869814e-05 -1.1545476943641953e-05 0.9999999981970046 0.424272011548481
1.0 0.0 0.0 0.0 0.0 1.0 0.0 0.0 0.0 0.0 1.0 0.0
0.9569981004662642 0.29009418419482264 -5.492842459252339e-07 1.0848597820488983 -0.2900941838499795 0.9569980992328294 -5.060795392675813e-05 -1.3152306147187076 -1.4155409128860763e-05 4.859105994141567e-05 0.9999999987192666 0.14799976460248987
-0.19429738740525024 -0.9809426717397604 -2.7486277505534597e-06 1.3253615414653224 0.9809426707089147 -0.19429738707084446 -4.647476145856039e-05 0.6467227021818045 4.505502548366957e-05 -1.1726170978095249e-05 0.9999999989162708 0.42393121274245
1.0 0.0 0.0 0.0 0.0 1.0 0.0 0.0 0.0 0.0 1.0 0.0
0.9570025364118329 0.290079549721474 1.1606298829800957e-05 1.0851414947504558 -0.2900795481669642 0.9570025341920907 -7.26991482738371e-05 -1.3152012481175452 -3.2195793589118206e-05 6.620651937260441e-05 0.9999999972900638 0.14834876303518474
-0.19430768434488083 -0.980940631984706 1.8054807387632032e-05 1.3256959964722599 0.9809406283633296 -0.19430768517913954 -8.429995039332407e-05 0.6462155035255783 8.620143444494898e-05 1.3305659524894768e-06 0.9999999962837711 0.4243911949234576
1.0 0.0 0.0 0.0 0.0 1.0 0.0 0.0 0.0 0.0 1.0 0.0
0.9569990533665339 0.29009104016396803 1.6496799616694634e-05 1.0849365598452136 -0.2900910383517638 0.9569990514251164 -7.098888984311929e-05 -1.3152379694973877 -3.63806624793967e-05 6.315072664911224e-05 0.9999999973442166 0.14752307983124058
-0.1943018100096723 -0.9809417956861232 1.0151336505852597e-05 1.325269831553899 0.9809417936190608 -0.19430181025972512 -6.372765369166895e-05 0.6466988406958065 6.448554210680688e-05 -2.424528220277006e-06 0.9999999979178684 0.423567222986498
1.0 0.0 0.0 0.0 0.0 1.0 0.0 0.0 0.0 0.0 1.0 0.0
0.95699944483415 0.2900897491769714 3.0936206837863173e-06 1.084980636683023 -0.2900897484095464 0.956999442977601 -6.331072304049095e-05 -1.3152885415278583 -2.132638503819314e-05 5.9690899155962075e-05 0.999999997991091 0.1480108068919611
-0.19430330258484277 -0.9809415000926623 7.618132859410006e-07 1.325407211600011 0.9809414982160111 -0.19430330226104398 -6.17104556374373e-05 0.6466614545447756 6.068236976155659e-05 -1.1243251068300023e-05 0.9999999980956197 0.4241212528563791
1.0 0.0 0.0 0.0 0.0 1.0 0.0 0.0 0.0 0.0 1.0 0.0
0.9569985783831576 0.29009260757921257 -7.129130119433589e-07 1.085254264054611 -0.2900926067525745 0.9569985754647233 -7.788444929705266e-05 -1.315471811935787 -2.1911446249597005e-05 7.474211804947179e-05 0.9999999969667522 0.14840221571894324
-0.19429933041655933 -0.9809422868788406 3.5477045791463534e-06 1.3259569030738856 0.9809422835405961 -0.19429933005145586 -8.187621730379915e-05 0.6461547596959766 8.100516046591933e-05 -1.2428400767977061e-05 0.9999999966418492 0.42438834819717197
1.0 0.0 0.0 0.0 0.0 1.0 0.0 0.0 0.0 0.0 1.0 0.0
0.9569972756900365 0.2900969050538405 1.7488846432057562e-07 1.0849738692666664 -0.2900969043075657 0.9569972732710565 -7.115426034714302e-05 -1.315491434396644 -2.080899849157995e-05 6.804369870386473e-05 0.9999999974685203 0.14808974280930215
-0.19429965079837624 -0.9809422234133779 -4.944370609368435e-06 1.325253405835599 0.9809422204205863 -0.19429964980609532 -7.925628534241513e-05 0.6464800547624652 7.67851472853641e-05 -2.024961044974569e-05 0.999999996846997 0.4243309304134289
