1.0 0.0 0.0 0.0 0.0 1.0 0.0 0.0 0.0 0.0 1.0 0.0
-0.8621447809909079 -0.5066619937398819 2.6639573799999455e-05 -0.7443696507053621 0.506661993400957 -0.8621447813984311 -1.8719481687917494e-05 -0.6857857477564693 3.245161944412547e-05 -2.6416438752328204e-06 0.999999999469957 0.3030624575971319
0.49767351678888044 -0.8673644386412318 3.560292405018365e-05 -1.4623823229092299 0.8673644393538681 0.4976735166241769 -1.39740792554659e-05 -1.8738774330768386 -5.598013005214492e-06 3.7835239425106077e-05 0.9999999992685785 0.5622125801349934
1.0 0.0 0.0 0.0 0.0 1.0 0.0 0.0 0.0 0.0 1.0 0.0
-0.8621449291900658 -0.506661742058663 1.435051611650731e-05 -0.7443761486210113 0.5066617416838529 -0.8621449292136012 -2.3348655239895288e-05 -0.6859235306231035 2.4202095040013853e-05 -1.2859067228831426e-05 0.9999999996244512 0.30319342749890266
0.4976783230403091 -0.8673616812238257 2.6839610098872083e-05 -1.4620897346071888 0.8673616816385336 0.4976783227667314 -1.653086171374906e-05 -1.873923756438888 9.807438703947244e-07 3.150670088598832e-05 0.999999999503183 0.5622971613338543
1.0 0.0 0.0 0.0 0.0 1.0 0.0 0.0 0.0 0.0 1.0 0.0
-0.8621387531664193 -0.5066722512288747 1.110474940084539e-05 -0.743683961005882 0.5066722509412873 -0.8621387531438679 -2.1298488951384974e-05 -0.686056282813162 2.0365188147195644e-05 -1.2735784333804484e-05 0.9999999997115295 0.3034955264999696
0.4976841263407433 -0.8673583515192415 2.0935039666032173e-05 -1.4618226813792223 0.8673583517575937 0.4976841260489821 -1.7754234088475962e-05 -1.8739033077998677 4.9802462914750174e-06 2.6994181979879675e-05 0.9999999996232557 0.5627644597880573
1.0 0.0 0.0 0.0 0.0 1.0 0.0 0.0 0.0 0.0 1.0 0.0
-0.8621442886581661 -0.5066628300491638 4.6697723370604156e-05 -0.7443143821917876 0.5066628302573721 -0.8621442897621207 -8.133732752574773e-06 -0.6860823634397342 4.438123560413858e-05 1.6647549451416536e-05 0.9999999988765824 0.3030470394672688
0.49767710195235426 -0.867362381286928 4.147982589824158e-05 -1.4622055023109204 0.867362382209803 0.4976771019467641 -1.1189609023047499e-05 -1.874058141089396 -1.093811361439466e-05 4.1546852795310624e-05 0.9999999990771083 0.5625549852680828
1.0 0.0 0.0 0.0 0.0 1.0 0.0 0.0 0.0 0.0 1.0 0.0
-0.8621445922358328 -0.5066623154470657 1.3576700789501072e-05 -0.7444163765452521 0.506662315113357 -0.8621445922578379 -2.2012283275538255e-05 -0.6858764586012462 2.2857873579036554e-05 -1.2098968335157542e-05 0.9999999996655662 0.30345007777864563
0.4976747045425659 -0.8673637574590651 2.655110075819874e-05 -1.462282747293791 0.8673637578568655 0.49767470416830695 -1.9682578049000676e-05 -1.8738957280966062 3.858143637878907e-06 3.2824983744042474e-05 0.9999999994538175 0.5625776199743002
1.0 0.0 0.0 0.0 0.0 1.0 0.0 0.0 0.0 0.0 1.0 0.0
-0.862146335304854 -0.5066593474387943 4.661871082233007e-05 -0.7443628091657113 0.5066593470651005 -0.8621463365440254 -2.0378443093111915e-05 -0.6859937623993346 5.051707942925728e-05 6.0506055543191414e-06 0.9999999987057072 0.3035440577894969
0.49767378987636196 -0.8673642816887522 4.1480768566060874e-05 -1.4623406680031605 0.8673642826227463 0.4976737898265728 -1.2246862758644555e-05 -1.873904354459956 -1.0021399977596553e-05 4.207387967312783e-05 0.9999999990646801 0.5626240429903684
1.0 0.0 0.0 0.0 0.0 1.0 0.0 0.0 0.0 0.0 1.0 0.0
-0.8621442263519956 -0.5066629379244667 1.736857429564903e-05 -0.7443694262966798 0.5066629376725523 -0.8621442265069172 -1.7023796121804168e-05 -0.6858751386589823 2.3599542609348392e-05 -5.876954661192865e-06 0.9999999997042616 0.3032304495289379
0.49767356886817815 -0.8673644090975093 2.6094822854045997e-05 -1.4625055122479214 0.8673644094900232 0.4976735686493656 -1.47590106194521e-05 -1.873836844592045 -1.852630882387198e-07 2.9978890103490687e-05 0.9999999995506161 0.5624505853767962
1.0 0.0 0.0 0.0 0.0 1.0 0.0 0.0 0.0 0.0 1.0 0.0
-0.8621384067516425 -0.506672840501587 1.737220674503546e-05 -0.7441630925013172 0.5066728401969556 -0.862138406891784 -1.9205391239357382e-05 -0.6860800698968674 2.4708096779547376e-05 -7.75568007214993e-06 0.9999999996646798 0.30327127709590285
0.497688681599881 -0.8673557378436024 1.5399748243359432e-05 -1.4620020605185648 0.8673557379558365 0.4976886813740092 -1.634888494727224e-05 -1.8739898648601105 6.51601876963216e-06 2.1493714996989447e-05 0.9999999997477809 0.5625036297655251
1.0 0.0 0.0 0.0 0.0 1.0 0.0 0.0 0.0 0.0 1.0 0.0
-0.8621359984922349 -0.5066769383062897 1.709856265035944e-05 -0.7439276150797387 0.5066769379916702 -0.8621359986216512 -1.9698563790775042e-05 -0.6858124323956716 2.4722094376106395e-05 -8.3193935948777e-06 0.9999999996598028 0.3032510127845973
0.49769106325531204 -0.8673543708873955 2.929724171135526e-05 -1.4619353293603086 0.8673543713647613 0.49769106317553896 -1.0471013902313301e-05 -1.8739262311731153 -5.498895699635149e-06 3.0622420709673654e-05 0.9999999995160147 0.5622883105763168
1.0 0.0 0.0 0.0 0.0 1.0 0.0 0.0 0.0 0.0 1.0 0.0
-0.8621426228807554 -0.5066656662116492 2.22395466347936e-05 -0.7440844172484762 0.5066656655210827 -0.8621426230386214 -3.036715763513017e-05 -0.686122354545077 3.455965722507044e-05 -1.4912806236380287e-05 0.9999999992916193 0.3037999324601608
0.4976808894850556 -0.8673602085067458 3.0667528707351035e-05 -1.4620645906573375 0.8673602090487138 0.497680889197441 -1.6929721620752784e-05 -1.8738979781093086 -5.784760816272907e-07 3.5025393025570894e-05 0.9999999993864436 0.5626590099416693
1.0 0.0 0.0 0.0 0.0 1.0 0.0 0.0 0.0 0.0 1.0 0.0
-0.8621414804961454 -0.5066676105756138 1.2294560969629691e-06 -0.7440538011018295 0.5066676103135787 -0.862141480123455 -3.0160657957341218e-05 -0.6855113907394781 1.6341393599819643e-05 -2.5379828721445192e-05 0.9999999995444113 0.3034881662005138
0.4976787453247142 -0.8673614390617438 2.1926241620540094e-05 -1.4623070852634412 0.8673614392906299 0.4976787448713576 -2.3129175273315635e-05 -1.8737263810819904 9.149130339921288e-06 3.052887542063746e-05 0.9999999994921405 0.5626818021102671
1.0 0.0 0.0 0.0 0.0 1.0 0.0 0.0 0.0 0.0 1.0 0.0
-0.8621447467838207 -0.5066620516084324 3.244989435105711e-05 -0.7444122312291688 0.5066620511336744 -0.8621447473905798 -2.2087364271679854e-05 -0.6860450374870695 3.916733526465169e-05 -2.6013750461486506e-06 0.9999999992295764 0.3034450958080499
0.4976764417735116 -0.867362760982135 1.2849308314154823e-05 -1.4623492280316732 0.8673627610549215 0.4976764415996112 -1.4557870282066435e-05 -1.873939356440978 6.232156523072618e-06 1.839012061879012e-05 0.9999999998114819 0.5625661318420139
1.0 0.0 0.0 0.0 0.0 1.0 0.0 0.0 0.0 0.0 1.0 0.0
-0.8621372048988728 -0.5066748857364771 9.648194478758825e-06 -0.7439764823076 0.5066748855297634 -0.8621372048882453 -1.7913262832760845e-05 -0.6860951059461371 1.7394267819091072e-05 -1.0555192516163247e-05 0.9999999997930137 0.3033665426071236
0.4976880000645802 -0.8673561290441707 -1.1092722966353967e-06 -1.4619129693370123 0.8673561289359468 0.49768800002193664 -1.5212277330112985e-05 -1.8740149892507176 1.3746533489789554e-05 6.608833755705463e-06 0.9999999998836782 0.5626591940147979
1.0 0.0 0.0 0.0 0.0 1.0 0.0 0.0 0.0 0.0 1.0 0.0
-0.8621431348647536 -0.5066647955012747 -2.2862186458537127e-06 -0.7445527099593363 0.5066647953984867 -0.8621431345791514 -2.4532518198640704e-05 -0.6857658805691109 1.045871560657591e-05 -2.2308888648342385e-05 0.9999999996964644 0.30356704088583075
0.49768097743953693 -0.8673601585814165 6.681393973805774e-07 -1.462350766793695 0.8673601583945524 0.4976809773160208 -2.1155289560537467e-05 -1.8738059164163055 1.8016735039790266e-05 1.110810268004799e-05 0.9999999997760036 0.5627862787987014
1.0 0.0 0.0 0.0 0.0 1.0 0.0 0.0 0.0 0.0 1.0 0.0
-0.8621462722587836 -0.5066594568599241 -2.165778525661728e-06 -0.74452087840379 0.5066594568260067 -0.8621462721325867 -1.6020612444240727e-05 -0.6860199525490529 6.249776917394288e-06 -1.4909423469524655e-05 0.9999999998693246 0.30324732720539505
0.49767184366527706 -0.8673653993691415 -1.1698615276040279e-07 -1.4624040879225477 0.8673653992600285 0.497671843604801 -1.579520681790001e-05 -1.8739894357064983 1.3758436584045907e-05 7.759359957044468e-06 0.9999999998752489 0.562545336575908
1.0 0.0 0.0 0.0 0.0 1.0 0.0 0.0 0.0 0.0 1.0 0.0
-0.8621469263074523 -0.5066583434317039 2.2128120236128287e-05 -0.7447345332040018 0.5066583431711408 -0.8621469265860635 -1.6531189347939646e-05 -0.6858733575070417 2.7453355862691118e-05 -3.0409173482021675e-06 0.999999999618533 0.303340433589945
0.497678382213227 -0.8673616470631876 3.2885543263995504e-05 -1.4623403330826283 0.8673616476842424 0.49767838194268904 -1.653431148917698e-05 -1.873959641955853 -2.0251963146220666e-06 3.6752428383393106e-05 0.9999999993225785 0.5628141237798988
1.0 0.0 0.0 0.0 0.0 1.0 0.0 0.0 0.0 0.0 1.0 0.0
-0.8621369480961648 -0.5066753227157998 8.847079131960957e-06 -0.7437938096669223 0.5066753225528735 -0.8621369480937023 -1.573590946200973e-05 -0.6860151506734304 1.560039080726534e-05 -9.083912286259266e-06 0.9999999998370552 0.303190810490154
0.4976881085450977 -0.8673560665104453 2.2368107857599266e-05 -1.4619875147208072 0.8673560667971985 0.4976881084292586 -1.0872046556525232e-05 -1.8737769731828742 -1.7024057525974501e-06 2.4812002339791967e-05 0.9999999996907334 0.5624273906132354
1.0 0.0 0.0 0.0 0.0 1.0 0.0 0.0 0.0 0.0 1.0 0.0
-0.8621402814752009 -0.5066696507402462 -8.753142503993925e-06 -0.7441937219958061 0.5066696506846091 -0.8621402807300007 -3.765543235588405e-05 -0.6858257829534509 1.1532428024565682e-05 -3.68992167052617e-05 0.9999999992527254 0.30422867301642104
0.4976834038384356 -0.8673587663125779 -6.6716271421293066e-06 -1.4621913888840359 0.8673587660006988 0.49768340384462656 -2.4070104941187933e-05 -1.8738060878065426 2.4197774632080827e-05 6.192597472667149e-06 0.9999999996880596 0.5630730969435109
1.0 0.0 0.0 0.0 0.0 1.0 0.0 0.0 0.0 0.0 1.0 0.0
-0.8621453609316879 -0.5066610061605596 3.8214408906116904e-05 -0.7443600633244014 0.5066610055045632 -0.862145361773327 -2.5958535736623756e-05 -0.6861180178121025 4.6098553226079576e-05 -3.018280320777949e-06 0.9999999989329066 0.30376854154549965
0.49767396554214116 -0.8673641814009544 2.9055300417137255e-05 -1.4624548187694089 0.8673641818846969 0.497673965174468 -1.9261656025427623e-05 -1.8739207089123795 2.2468039429844953e-06 3.4787551612811605e-05 0.9999999993923889 0.5628834381443736
1.0 0.0 0.0 0.0 0.0 1.0 0.0 0.0 0.0 0.0 1.0 0.0
-0.8621351752401403 -0.5066783390633387 1.8375763936361316e-05 -0.7440405312941449 0.5066783390461151 -0.8621351754257329 -5.925452661881758e-06 -0.6857595517964903 1.8844690977777655e-05 4.202060380949766e-06 0.9999999998136099 0.30295871344154257
0.4976867199270691 -0.8673568633429197 2.049796984241638e-05 -1.4622816133397096 0.8673568635562063 0.49768671996449465 -3.594911947120768e-06 -1.8737687478477518 -7.083495826357029e-06 1.9568194767175495e-05 0.9999999997834549 0.562292614852974
