1.0 0.0 0.0 0.0 0.0 1.0 0.0 0.0 0.0 0.0 1.0 0.0
-0.8621467021552759 -0.5066587252605665 8.950951469733394e-06 -0.7442241963767904 0.5066587251240927 -0.8621467021692817 -1.3937776055700045e-05 -0.6860668769775273 1.4778729140257742e-05 -7.481330001499899e-06 0.9999999998628095 0.30305952427352556
0.49767031398476846 -0.8673662764825872 3.1607482434429066e-05 -1.462215278307326 0.8673662770579903 0.49767031361501923 -1.9206504861132157e-05 -1.8739306192266767 9.289689099159669e-07 3.6973771671118586e-05 0.9999999993160383 0.5625054421660486
1.0 0.0 0.0 0.0 0.0 1.0 0.0 0.0 0.0 0.0 1.0 0.0
-0.8621409820626911 -0.506668458527936 1.3450034709739838e-05 -0.7441042857099283 0.5066684581468551 -0.8621409820543547 -2.4113070228879994e-05 -0.6860062229931287 2.3813158256563985e-05 -1.3974157699267345e-05 0.9999999996188281 0.303438713537601
0.49768089098105656 -0.8673602079734342 1.9405747040631298e-05 -1.4622157848434454 0.8673602081710747 0.4976808906955236 -1.783091185265984e-05 -1.8740065311903464 5.807953941083492e-06 2.5705876890709e-05 0.9999999996527378 0.5625419172717603
1.0 0.0 0.0 0.0 0.0 1.0 0.0 0.0 0.0 0.0 1.0 0.0
-0.8621421789616585 -0.5066664220703028 -1.3121517626577025e-06 -0.7442016910677036 0.5066664218892375 -0.8621421785782153 -2.9092379650993503e-05 -0.6856377137824516 1.3608870527994626e-05 -2.5746590822049254e-05 0.9999999995759556 0.3033490932273665
0.4976747416694954 -0.8673637365462913 5.353146275519566e-06 -1.4623949778170355 0.8673637364112763 0.49767474145770424 -2.176414262104252e-05 -1.873867610480307 1.621330237785448e-05 1.547458901167836e-05 0.9999999997488329 0.5624952332116971
1.0 0.0 0.0 0.0 0.0 1.0 0.0 0.0 0.0 0.0 1.0 0.0
-0.862147031908627 -0.5066581634642414 2.7680070179992527e-05 -0.7443983826933913 0.5066581632528652 -0.8621470323519133 -1.4697657101749911e-05 -0.6859896486802661 3.131097831537463e-05 1.3527920698228585e-06 0.9999999995088962 0.303138102320779
0.49767502045465367 -0.8673635761830163 2.6953077422288542e-05 -1.4621623767639242 0.8673635765900366 0.4976750203694306 -1.0257959835579002e-05 -1.8739031153663248 -4.51649262782841e-06 2.8483248004100124e-05 0.999999999584153 0.5623392457840807
1.0 0.0 0.0 0.0 0.0 1.0 0.0 0.0 0.0 0.0 1.0 0.0
-0.8621462453636061 -0.5066595011769628 3.837379125313962e-05 -0.7443546227366729 0.5066595011851547 -0.8621462461521343 -1.0227099873947893e-05 -0.6860662838963663 3.826547740013968e-05 1.0625190177614744e-05 0.9999999992114291 0.302934613430378
0.4976760167840165 -0.8673630037189801 4.5799392658498686e-05 -1.4621550706763022 0.8673630047451091 0.49767601706999415 -5.734429783855272e-06 -1.8739567478326542 -1.7819427080565405e-05 4.2578587005132454e-05 0.9999999989347661 0.5621535489466871
1.0 0.0 0.0 0.0 0.0 1.0 0.0 0.0 0.0 0.0 1.0 0.0
-0.8621481980920942 -0.5066561794753218 1.8056208501849078e-05 -0.7444028711353883 0.5066561789369307 -0.8621481981575677 -2.7544293682488138e-05 -0.6860319840573155 2.9522614228936898e-05 -1.4598973560444623e-05 0.9999999994576426 0.30379289769578255
0.4976699483836686 -0.8673664864005745 2.7293216173428822e-05 -1.4623837498967482 0.8673664868144776 0.4976699479401964 -2.1640543077391027e-05 -1.8737774682483703 5.187268340690215e-06 3.44430689825285e-05 0.9999999993933837 0.562875227101438
1.0 0.0 0.0 0.0 0.0 1.0 0.0 0.0 0.0 0.0 1.0 0.0
-0.8621472790477067 -0.5066577436172872 7.954556134151902e-06 -0.7447118171504399 0.5066577434132448 -0.8621472789971969 -1.889782461993105e-05 -0.6857774542365895 1.6432728107897282e-05 -1.2262470615211537e-05 0.9999999997897985 0.3035906409332284
0.4976774182368598 -0.8673622005776945 1.9649740485166346e-05 -1.4623227119608735 0.8673622007990076 0.49767741806972216 -1.2982944825617138e-05 -1.8739038673906379 1.4816834835274295e-06 2.350476061426838e-05 0.9999999997226653 0.5627390982755117
1.0 0.0 0.0 0.0 0.0 1.0 0.0 0.0 0.0 0.0 1.0 0.0
-0.8621451649442295 -0.50666134108289 3.921066310811655e-06 -0.7448632231011723 0.5066613409428173 -0.8621451648458238 -1.808297599307665e-05 -0.6857199633533 1.2542473228327756e-05 -1.3603497605270855e-05 0.9999999998288156 0.3033060576631958
0.4976828038033403 -0.8673591106128198 5.948482050270702e-06 -1.4623526876512623 0.8673591105989716 0.4976828037110422 -1.2299511721158273e-05 -1.8739092069629315 7.70763632283459e-06 1.1280725579336275e-05 0.9999999999066689 0.562448357218681
1.0 0.0 0.0 0.0 0.0 1.0 0.0 0.0 0.0 0.0 1.0 0.0
-0.8621407692880834 -0.5066688204433875 1.7940413621907417e-05 -0.7442897868368197 0.5066688201178133 -0.8621407694373244 -1.9860539343538055e-05 -0.6860093756641845 2.552987804657681e-05 -8.032732465878854e-06 0.9999999996418503 0.30331880642572884
0.4976848980675198 -0.8673579085852762 2.5497010261750627e-05 -1.4621925674063092 0.8673579089589732 0.49768489789784814 -1.3066220225991396e-05 -1.874101088075708 -1.3563875004912861e-06 2.8617893986639606e-05 0.9999999995895882 0.5624174545401087
1.0 0.0 0.0 0.0 0.0 1.0 0.0 0.0 0.0 0.0 1.0 0.0
-0.8621391154394265 -0.5066716338607695 3.271363451195338e-05 -0.7444146204690774 0.5066716339033702 -0.8621391160016755 -7.585462933414244e-06 -0.6860306653839174 3.204704283739733e-05 1.0035346345477606e-05 0.9999999994361393 0.3028170498363801
0.4976872000703938 -0.8673565879758567 1.3452578800998926e-05 -1.4623011646064357 0.8673565880780524 0.4976872000436696 -5.503869525027542e-06 -1.8740001497479533 -1.921358784942893e-06 1.4407388263146473e-05 0.9999999998943679 0.5622181786930052
1.0 0.0 0.0 0.0 0.0 1.0 0.0 0.0 0.0 0.0 1.0 0.0
-0.862141847552541 -0.5066669854806087 2.2862276355701976e-05 -0.7441284134550353 0.5066669848475156 -0.8621418477586131 -2.8441012018085763e-05 -0.6860217650872862 3.412064700449644e-05 -1.2936626019641087e-05 0.9999999993342127 0.30359854991268587
0.497677754273965 -0.8673620077504582 2.029575954036697e-05 -1.4621571753926557 0.8673620079645382 0.49767775395251795 -1.898690433419195e-05 -1.8738449281995635 6.367771441464861e-06 2.7053130657747964e-05 0.9999999996137897 0.5626093644170181
1.0 0.0 0.0 0.0 0.0 1.0 0.0 0.0 0.0 0.0 1.0 0.0
-0.8621389204345579 -0.5066719666306306 1.0128380405853482e-05 -0.7443581484137693 0.506671966263081 -0.8621389203245393 -2.5782568903497104e-05 -0.6859156269916014 2.179537583886653e-05 -1.7096389705196695e-05 0.9999999996163377 0.3036981084172792
0.49768521888164563 -0.8673577247447641 1.524189047666039e-05 -1.4623264664676099 0.8673577248530615 0.497685218655023 -1.643239665411338e-05 -1.8739581626567556 6.667102579424316e-06 2.1398332371845074e-05 0.9999999997488305 0.5626700585446601
1.0 0.0 0.0 0.0 0.0 1.0 0.0 0.0 0.0 0.0 1.0 0.0
-0.8621422572996832 -0.5066662887714534 -8.77759197477594e-07 -0.7439126517429445 0.506666288684964 -0.8621422571177743 -2.00518083832375e-05 -0.6860146559285418 9.402822040965811e-06 -1.7732242337411557e-05 0.9999999997985775 0.3033608578479962
0.4976788806245748 -0.8673613616923259 4.848136810223008e-06 -1.4619323774702269 0.8673613616487782 0.4976788805199038 -1.4255995626958446e-05 -1.873907653756401 9.952284478958594e-06 1.1299994490988049e-05 0.9999999998866312 0.5625171959972006
1.0 0.0 0.0 0.0 0.0 1.0 0.0 0.0 0.0 0.0 1.0 0.0
-0.8621438303198941 -0.5066636119643146 1.2353789014257348e-05 -0.744134201687044 0.5066636117399873 -0.8621438303636461 -1.7449690028182266e-05 -0.6860362164048404 1.9491865957591692e-05 -8.784927238158024e-06 0.999999999771446 0.30337197648530706
0.497677138340576 -0.8673623610803869 2.3541269806701944e-05 -1.462191610590204 0.8673623613994297 0.4976771381839367 -1.2516029238827681e-05 -1.8739204539531578 -8.600191146760379e-07 2.66477529848536e-05 0.9999999996445788 0.5626032632677982
1.0 0.0 0.0 0.0 0.0 1.0 0.0 0.0 0.0 0.0 1.0 0.0
-0.8621485542099283 -0.506655573103966 2.676605281741805e-05 -0.7447817173625433 0.5066555727917618 -0.8621485546234149 -1.7883162505219498e-05 -0.6858415809260769 3.213691769750668e-05 -1.856772876991259e-06 0.9999999994818856 0.3032683621618435
0.4976765286636734 -0.8673627095214188 5.430413101887636e-05 -1.4623068793858292 0.867362710979646 0.49767652902767423 -7.550151850196455e-06 -1.873986487504073 -2.0477171271248632e-05 5.085891166161452e-05 0.9999999984970284 0.5622400269813441
1.0 0.0 0.0 0.0 0.0 1.0 0.0 0.0 0.0 0.0 1.0 0.0
-0.8621422655706047 -0.5066662744711465 1.5176135258346254e-05 -0.7442902647327716 0.5066662742674914 -0.8621422656859538 -1.5420449134544925e-05 -0.6857894126028548 2.089700914965508e-05 -5.605385043849269e-06 0.9999999997659474 0.3032937681183995
0.4976780744654308 -0.8673618239130375 2.4791745573187864e-05 -1.4622894364326182 0.8673618242672394 0.4976780742477624 -1.4725691666124036e-05 -1.873793539080225 4.341945878060636e-07 2.88320675406947e-05 0.9999999995842618 0.5626130530395517
1.0 0.0 0.0 0.0 0.0 1.0 0.0 0.0 0.0 0.0 1.0 0.0
-0.8621414057494077 -0.5066677372579901 2.2678262047164257e-05 -0.744289908710744 0.5066677368486144 -0.8621414060183782 -2.1572143316935054e-05 -0.6859967628789647 3.0481777769590284e-05 -7.107894257191637e-06 0.9999999995101693 0.30332384263451145
0.4976806678823664 -0.8673603355785636 3.2881639838946256e-05 -1.462252907040415 0.867360336201066 0.4976806675747908 -1.7535197566702687e-05 -1.8739330850724834 -1.1552216201093183e-06 3.7247159022002256e-05 0.9999999993056575 0.5624692879547433
1.0 0.0 0.0 0.0 0.0 1.0 0.0 0.0 0.0 0.0 1.0 0.0
-0.8621476530428591 -0.5066571072752702 -3.8009651067658034e-07 -0.7444772021768559 0.5066571071915852 -0.8621476528863244 -1.883762232232192e-05 -0.6862300937057313 9.216515919223724e-06 -1.6433390472649287e-05 0.9999999998224998 0.3030160606177953
0.4976734022406208 -0.8673645050717484 -6.6247603330239665e-06 -1.4623502178727592 0.8673645049102209 0.49767340227743406 -1.69543944003168e-05 -1.874125175822929 1.8002606922033303e-05 2.69166917772819e-06 0.9999999998343306 0.562301167393826
1.0 0.0 0.0 0.0 0.0 1.0 0.0 0.0 0.0 0.0 1.0 0.0
-0.8621367511460879 -0.5066756567419962 3.447222797126533e-05 -0.7438699220144109 0.5066756556942265 -0.8621367517420588 -3.496394421810943e-05 -0.6862896244449104 4.743515404746499e-05 -1.2677462564869194e-05 0.9999999987945941 0.30388669155226955
0.49768785736832094 -0.8673562105100336 2.6791856451386083e-05 -1.4620080893749299 0.8673562108679227 0.497687856748123 -2.672637246788137e-05 -1.8739318002005056 9.84730352882992e-06 3.653947414256324e-05 0.9999999992839488 0.562996835735454
1.0 0.0 0.0 0.0 0.0 1.0 0.0 0.0 0.0 0.0 1.0 0.0
-0.8621459901546934 -0.5066599349933818 4.396232339995628e-05 -0.7446892539691117 0.5066599350945074 -0.8621459911623413 -9.629836869567487e-06 -0.6859817251039537 4.2780993403786274e-05 1.39716226774846e-05 0.9999999989872904 0.30286558464467855
0.49767655930786664 -0.8673626929949143 3.340799304703055e-05 -1.462388328654934 0.8673626936078589 0.49767655924392484 -1.0791088320477095e-05 -1.8739772335056948 -7.26658760489582e-06 3.434731854382956e-05 0.9999999993837294 0.5622740665643756
