1.0 0.0 0.0 0.0 0.0 1.0 0.0 0.0 0.0 0.0 1.0 0.0
-0.8621390056553891 -0.5066718213255136 2.0055512127250784e-05 -0.7438393401381408 0.5066718207030685 -0.8621390057563275 -2.9307479931380413e-05 -0.6860219177012574 3.213991352061988e-05 -1.5105558761657945e-05 0.9999999993694242 0.30365653517727154
0.4976817827877001 -0.867359696351702 1.5031285389597006e-05 -1.4621383142055102 0.8673596964568487 0.4976817825667288 -1.6232245010173072e-05 -1.8738441261442276 6.598398196164608e-06 2.1116023768187955e-05 0.9999999997552872 0.5625445158787611
1.0 0.0 0.0 0.0 0.0 1.0 0.0 0.0 0.0 0.0 1.0 0.0
-0.862148684210038 -0.5066553498174254 5.306867288825886e-05 -0.7448514356487292 0.5066553495443927 -0.8621486857840863 -1.9463356060528538e-05 -0.6858997032282055 5.561430006038109e-05 1.0107220194157228e-05 0.9999999984024469 0.30332443173987134
0.4976740922760447 -0.8673641080894923 4.330513929074379e-05 -1.4625276647066805 0.8673641091272688 0.49767409212967767 -1.485799586703845e-05 -1.873930048580771 -8.66455354785525e-06 4.4955763167715315e-05 0.9999999989519525 0.5626092826560647
1.0 0.0 0.0 0.0 0.0 1.0 0.0 0.0 0.0 0.0 1.0 0.0
-0.8621415183968768 -0.5066675458968416 -1.3827532507766835e-05 -0.7442761204072408 0.5066675460855251 -0.8621415180740893 -2.3591913353092663e-05 -0.6856652046935743 3.196697415389314e-08 -2.7345529964253607e-05 0.9999999996261106 0.3036924783092284
0.497683369789063 -0.8673587857757069 -1.315652244049124e-05 -1.4621738492544962 0.8673587855514483 0.497683369960504 -1.978568246309815e-05 -1.873826306929633 2.370906794208426e-05 -1.5644202042540735e-06 0.9999999997177165 0.5628433414166268
1.0 0.0 0.0 0.0 0.0 1.0 0.0 0.0 0.0 0.0 1.0 0.0
-0.862142646269988 -0.506665626265098 2.5376738544745477e-05 -0.744346235289636 0.5066656257826228 -0.8621426466135048 -2.3250056019760475e-05 -0.6860954659033318 3.365837272533627e-05 -7.187343707707184e-06 0.9999999994077283 0.30353669056488963
0.4976843038198077 -0.8673582495611489 2.5487513200075564e-05 -1.462148673581584 0.8673582499354544 0.4976843036233613 -1.3994129509911085e-05 -1.8739813361525464 -5.468115822187172e-07 2.907146344712949e-05 0.9999999995772756 0.5625788756696359
1.0 0.0 0.0 0.0 0.0 1.0 0.0 0.0 0.0 0.0 1.0 0.0
-0.8621494808265889 -0.5066539952988303 4.193060813270383e-05 -0.7448040345413276 0.5066539949165442 -0.8621494818372369 -2.007213579230623e-05 -0.6860579741568742 4.632007986808471e-05 3.93912866729691e-06 0.9999999989194666 0.3033579807360577
0.49766987096743387 -0.867366530564214 3.447109486017832e-05 -1.462477384896215 0.8673665312415454 0.49766987073691576 -1.5579169449821248e-05 -1.874048195040075 -3.6423751684595926e-06 3.76523572268437e-05 0.9999999992845167 0.5625715567624924
1.0 0.0 0.0 0.0 0.0 1.0 0.0 0.0 0.0 0.0 1.0 0.0
-0.8621389545502459 -0.50667190836 1.8051189433588276e-05 -0.7441878547438177 0.506671908212891 -0.8621389547379934 -1.2295862972861646e-05 -0.6859662570919873 2.1792601947439692e-05 -1.4547118528888891e-06 0.9999999997614832 0.30324630121980656
0.4976845713282855 -0.8673580961552346 2.226538607881876e-05 -1.4621526527229192 0.8673580964370948 0.4976845712392369 -9.769173594613616e-06 -1.8740328831213482 -2.6077673140798147e-06 2.4174029858428734e-05 0.9999999997044079 0.5624862569239414
1.0 0.0 0.0 0.0 0.0 1.0 0.0 0.0 0.0 0.0 1.0 0.0
-0.8621509018981129 -0.5066515760901821 5.293018926968966e-05 -0.7450535738886259 0.506651575986337 -0.8621509034289772 -1.6345008925096495e-05 -0.6857980647339552 5.391503503063915e-05 1.2725299624437793e-05 0.9999999984656179 0.303167580824631
0.49767384091001243 -0.8673642516707815 5.474906105646566e-05 -1.4625184532876914 0.8673642531196382 0.4976738413596212 -6.047295803076339e-06 -1.8739388961676937 -2.200196732794185e-05 5.0496959381682617e-05 0.9999999984829853 0.5621379257369006
1.0 0.0 0.0 0.0 0.0 1.0 0.0 0.0 0.0 0.0 1.0 0.0
-0.8621386628988522 -0.5066724047642673 1.3615237505270578e-05 -0.7441811884368419 0.5066724046446661 -0.8621386630014113 -1.1389933910261346e-05 -0.686070392534301 1.750918786365393e-05 -2.9212372653000437e-06 0.9999999998424474 0.30320086369402127
0.4976900763031107 -0.8673549376659994 7.470883550976866e-06 -1.4620368403840134 0.8673549376821207 0.49769007622303096 -1.0371050947938667e-05 -1.8738777922032028 5.277197644532779e-06 1.1641476874412165e-05 0.9999999999183138 0.5625734359582638
1.0 0.0 0.0 0.0 0.0 1.0 0.0 0.0 0.0 0.0 1.0 0.0
-0.8621492002283652 -0.5066544691723047 7.357526652107791e-05 -0.7449505822663527 0.5066544688720506 -0.8621492032089858 -2.4043513334639654e-05 -0.6857112138547343 7.561461089264254e-05 1.6548141789213672e-05 0.9999999970042949 0.30305190261450177
0.49767151098888257 -0.8673655895764913 3.418580262290932e-05 -1.462653176740909 0.8673655902477679 0.49767151050799474 -2.1973486716575552e-05 -1.873774766790504 2.0457462317021304e-06 4.058716720603272e-05 0.9999999991742484 0.5625214248216344
1.0 0.0 0.0 0.0 0.0 1.0 0.0 0.0 0.0 0.0 1.0 0.0
-0.8621427167919951 -0.5066655065294579 1.9384708511911656e-05 -0.7447681191530044 0.506665506231124 -0.8621427169886924 -1.8409652102809233e-05 -0.6858557825803082 2.6039920972187787e-05 -6.050184327784475e-06 0.9999999996426588 0.30314466538901597
0.4976815933591538 -0.8673598051245667 9.261096420974949e-06 -1.4624685921510214 0.8673598050827588 0.4976815931235468 -1.9819358677056722e-05 -1.8739038369778669 1.2581437858961745e-05 1.789643279230216e-05 0.9999999997607125 0.5625458852684038
1.0 0.0 0.0 0.0 0.0 1.0 0.0 0.0 0.0 0.0 1.0 0.0
-0.8621431081904203 -0.5066648408674672 -5.3390436023817014e-06 -0.7444270723906137 0.5066648408739526 -0.8621431080083162 -1.8328475978739405e-05 -0.6858834418806516 4.683374719959894e-06 -1.8506874925923095e-05 0.9999999998177809 0.30353706259101043
0.49768191122894045 -0.8673596227094843 1.1347655421152957e-05 -1.4622884330633568 0.867359622740647 0.49768191103126047 -1.647645534744927e-05 -1.8738727195686984 8.643489258024375e-06 1.80425319126811e-05 0.9999999997998785 0.5628776092972696
1.0 0.0 0.0 0.0 0.0 1.0 0.0 0.0 0.0 0.0 1.0 0.0
-0.8621429516534349 -0.5066651067555152 2.259924888979363e-05 -0.7442396533567542 0.5066651062616108 -0.86214295189722 -2.4307601026275057e-05 -0.6859130626229231 3.179959641744983e-05 -9.506376056230454e-06 0.9999999994492071 0.30358518394656536
0.4976806631306535 -0.8673603384046001 3.0141166641560897e-05 -1.4621841778661506 0.8673603389275494 0.497680662783715 -1.861848917186737e-05 -1.8739385472522478 1.1482632774462455e-06 3.540931455144351e-05 0.9999999993724309 0.5627924763585206
1.0 0.0 0.0 0.0 0.0 1.0 0.0 0.0 0.0 0.0 1.0 0.0
-0.8621422231896122 -0.5066663461123357 2.6661747259622013e-05 -0.7442962334935976 0.5066663461721643 -0.8621422235524394 -4.960339946020603e-06 -0.6861364893361461 2.5499455382125625e-05 9.232091557757014e-06 0.9999999996322732 0.30290279424937216
0.49768479513366837 -0.8673579677959318 1.9841143131693616e-05 -1.462015640165791 0.8673579680166461 0.49768479508653457 -7.596731767885135e-06 -1.87392315355714 -3.2855494256912176e-06 2.0990151483413125e-05 0.9999999997743094 0.5624275687614362
1.0 0.0 0.0 0.0 0.0 1.0 0.0 0.0 0.0 0.0 1.0 0.0
-0.862141486020224 -0.5066676009462804 1.5302976147142352e-05 -0.7442597028796458 0.506667600584259 -0.8621414860791667 -2.2347186785076844e-05 -0.6859412020778599 2.4515926113218887e-05 -1.151291461698647e-05 0.9999999996332111 0.30341700704465274
0.49768169866871537 -0.8673597445223967 1.9805676342977745e-05 -1.4621806769476176 0.8673597447237095 0.4976816983520087 -1.8928331791245973e-05 -1.8738795481094854 6.560750387306618e-06 2.65989306957538e-05 0.9999999996247265 0.5626255984461828
1.0 0.0 0.0 0.0 0.0 1.0 0.0 0.0 0.0 0.0 1.0 0.0
-0.8621463621151068 -0.5066593038806091 9.10517890557905e-06 -0.7441947384734688 0.5066593036215737 -0.8621463620550791 -2.118712608944123e-05 -0.6860102285248502 1.8584651425010902e-05 -1.3653180078036495e-05 0.9999999997341007 0.30350355032713777
0.4976726975223716 -0.8673649091979438 2.0805022142852227e-05 -1.4621362484456115 0.8673649094386037 0.49767269726570684 -1.645719434480512e-05 -1.8739736050183708 3.920301392028193e-06 2.623584245002528e-05 0.9999999996481559 0.5627024797457654
1.0 0.0 0.0 0.0 0.0 1.0 0.0 0.0 0.0 0.0 1.0 0.0
-0.8621451475959134 -0.5066613689228914 4.1448788619179664e-05 -0.7441888950648166 0.5066613684880619 -0.8621451485878849 -2.1170217641115225e-05 -0.6860895277501413 4.6461003473316986e-05 2.7486995511313945e-06 0.9999999989169099 0.30349065057112046
0.49767734338790787 -0.8673622430907506 3.374811934717777e-05 -1.4620554758517885 0.8673622437147075 0.49767734332980057 -1.0694797671896398e-05 -1.8738458706238639 -7.519410680979283e-06 3.459440301154508e-05 0.9999999993733428 0.5624880979349696
1.0 0.0 0.0 0.0 0.0 1.0 0.0 0.0 0.0 0.0 1.0 0.0
-0.8621418482012075 -0.5066669845225865 1.936479508631346e-05 -0.7442235157893373 0.5066669838888502 -0.862141848269299 -2.9996206834499237e-05 -0.6857867894846201 3.189328789102054e-05 -1.604948287931322e-05 0.999999999362616 0.30358257018070456
0.49768132174602747 -0.8673599606239983 2.629571226922215e-05 -1.462189535268766 0.867359961021918 0.49768132155495987 -1.3833491174823598e-05 -1.8737991394381481 -1.0882684726848475e-06 2.9692518141118972e-05 0.9999999995585851 0.5623232943468873
1.0 0.0 0.0 0.0 0.0 1.0 0.0 0.0 0.0 0.0 1.0 0.0
-0.8621403858460882 -0.5066694726386138 2.427484562108376e-05 -0.7442585134802782 0.5066694724787966 -0.8621403861868955 -1.278943503306965e-05 -0.6859343613992976 2.740834108193061e-05 1.273034771171541e-06 0.999999999623581 0.30305784989560003
0.49768242865340334 -0.8673593253257129 3.1307743535412605e-05 -1.4622053518310758 0.8673593258900387 0.49768242837490323 -1.6686418734646372e-05 -1.8739812314564048 -1.1081929338555991e-06 3.545960072940096e-05 0.9999999993706943 0.5625202970439985
1.0 0.0 0.0 0.0 0.0 1.0 0.0 0.0 0.0 0.0 1.0 0.0
-0.8621462218340582 -0.5066595408972988 4.236741901110298e-05 -0.7447556844859258 0.5066595410495247 -0.8621462227498322 -7.853793834679356e-06 -0.686156054035429 4.050610984666001e-05 1.4694738389987171e-05 0.99999999907166 0.30292812878126246
0.4976760858267167 -0.8673629644802962 3.8001980151334455e-05 -1.4625859184010706 0.8673629652192966 0.49767608593870205 -7.122026209271171e-06 -1.8738745357678894 -1.2735294973659845e-05 3.650597231525541e-05 0.9999999992525632 0.5623250189998049
1.0 0.0 0.0 0.0 0.0 1.0 0.0 0.0 0.0 0.0 1.0 0.0
-0.8621464637203515 -0.5066591297523343 3.651164141012641e-05 -0.7443791813196561 0.5066591297891467 -0.8621464644257145 -8.918827739891469e-06 -0.6861010168269495 3.5997188053224666e-05 1.0809620667552827e-05 0.9999999992936772 0.3028188409245346
0.4976694801698525 -0.867366754879859 3.219707451742467e-05 -1.4623884283302822 0.8673667554637721 0.49766948002755257 -1.2858995139845607e-05 -1.8739414955900955 -4.870036448030022e-06 3.432620148635743e-05 0.9999999993989975 0.5623171925353682
