1.0 0.0 0.0 0.0 0.0 1.0 0.0 0.0 0.0 0.0 1.0 0.0
-0.8621508090469154 -0.5066517357643306 3.32677033341839e-05 -0.7445946461324653 0.5066517353056218 -0.8621508096868913 -2.1634219331540373e-05 -0.6860204160421652 3.964279214222267e-05 -1.796820075890927e-06 0.9999999992126103 0.30346117361569025
0.49766351880155085 -0.8673701755672555 2.429994257193464e-05 -1.4625329593883625 0.8673701759062583 0.49766351855535484 -1.5730587572596145e-05 -1.8740128042143454 1.5510475835771288e-06 2.8905585027322154e-05 0.9999999995810307 0.5625659373323219
1.0 0.0 0.0 0.0 0.0 1.0 0.0 0.0 0.0 0.0 1.0 0.0
-0.8621435112194112 -0.5066641527680837 4.86010760199348e-05 -0.7443772780912314 0.5066641519184563 -0.8621435125890231 -2.934984339067192e-05 -0.6858986219049825 5.6771615930839334e-05 -6.793540706098564e-07 0.9999999983882608 0.30339804730375175
0.49767983557386064 -0.8673608125317184 4.6341025582937965e-05 -1.4623405045244278 0.867360813762271 0.4976798350799007 -2.2460941990473853e-05 -1.8737982452769195 -3.5812530744727843e-06 5.137274757685722e-05 0.9999999986740078 0.5624961261593059
1.0 0.0 0.0 0.0 0.0 1.0 0.0 0.0 0.0 0.0 1.0 0.0
-0.8621464566008289 -0.5066591431774238 2.31379426681753e-06 -0.7446015237467059 0.5066591431280615 -0.8621464565659254 -1.0749853769577822e-05 -0.6856654344910709 7.441341228536854e-06 -8.095643315815496e-06 0.9999999999395435 0.3034465610805318
0.4976718861112909 -0.8673653749911088 6.4002651714586365e-06 -1.462408154109451 0.8673653750080206 0.49767188606488866 -7.603460605617802e-06 -1.8738597339798595 3.409746420226908e-06 9.335396981164839e-06 0.999999999950612 0.5626946298437298
1.0 0.0 0.0 0.0 0.0 1.0 0.0 0.0 0.0 0.0 1.0 0.0
-0.862141197329307 -0.5066680924098381 1.1678792222552801e-06 -0.7442109823402604 0.506668092213921 -0.8621411970556769 -2.591736377858563e-05 -0.6859106536246458 1.4138378056682115e-05 -2.1752699902213932e-05 0.999999999663463 0.30345369468121874
0.49768377039453465 -0.8673585559406347 1.1066041647941786e-05 -1.462203186153569 0.8673585559484853 0.4976837701645725 -1.8377614671844816e-05 -1.8740016245936495 1.0432591995261913e-05 1.8744466464558364e-05 0.9999999997699027 0.5625076305553237
1.0 0.0 0.0 0.0 0.0 1.0 0.0 0.0 0.0 0.0 1.0 0.0
-0.8621404577860561 -0.5066693508071096 1.0731730353728902e-06 -0.7440074357533871 0.5066693507119326 -0.8621404576615351 -1.7672228455547634e-05 -0.6860375962574814 9.879202410751501e-06 -1.4692199245729815e-05 0.9999999998432701 0.30329825618862183
0.49767624581595443 -0.8673628735136909 7.816560585806471e-07 -1.4622623890197932 0.8673628734224718 0.49767624575011565 -1.4979445826260344e-05 -1.8739972079923923 1.2603603522804599e-05 8.132893808213736e-06 0.9999999998875025 0.5625879551927334
1.0 0.0 0.0 0.0 0.0 1.0 0.0 0.0 0.0 0.0 1.0 0.0
-0.8621390152272366 -0.5066718052962698 1.1867111557137206e-05 -0.7441794985490575 0.5066718049157611 -0.8621390151674342 -2.5090443484990087e-05 -0.6855381816192718 2.2943720166979898e-05 -1.561871940597253e-05 0.9999999996148206 0.3032831563985143
0.4976828302644597 -0.8673590953829 1.0794108086725973e-05 -1.462266734822205 0.867359095322311 0.4976828299390217 -2.335699062085677e-05 -1.8737695502111826 1.4886855996500474e-05 2.098674102356402e-05 0.9999999996689689 0.5626242582665039
1.0 0.0 0.0 0.0 0.0 1.0 0.0 0.0 0.0 0.0 1.0 0.0
-0.8621448059682101 -0.5066619518161417 1.11308479028732e-05 -0.7444078450329332 0.5066619515121835 -0.8621448059360132 -2.2077632416401882e-05 -0.6857423361051218 2.078229903669629e-05 -1.3394538995422268e-05 0.9999999996943413 0.30336067718622783
0.49767844809342754 -0.8673616095862815 2.2786199182182417e-05 -1.4622380912668533 0.8673616098855843 0.4976784479235325 -1.3004219753137846e-05 -1.8739029950406803 -6.08392665684723e-08 2.6235794311247394e-05 0.9999999996558395 0.5623531972580484
1.0 0.0 0.0 0.0 0.0 1.0 0.0 0.0 0.0 0.0 1.0 0.0
-0.8621481703278943 -0.5066562270235997 4.298189654047971e-06 -0.7443741642803184 0.5066562269464447 -0.8621481702991733 -1.2090473012143911e-05 -0.6859947743328156 9.831389785103552e-06 -8.246074632997524e-06 0.999999999917673 0.3031124362788059
0.49766522668843793 -0.8673691959683754 5.506343202240006e-06 -1.4624240883628998 0.8673691959699249 0.4976652266307978 -9.219648545112268e-06 -1.874006643661815 5.256523608036952e-06 9.36433095925153e-06 0.9999999999423391 0.5623450700077146
1.0 0.0 0.0 0.0 0.0 1.0 0.0 0.0 0.0 0.0 1.0 0.0
-0.8621348610775319 -0.5066788739001612 -7.621610251569346e-06 -0.7436753535730058 0.506678873953968 -0.8621348609179693 -1.6694111988224795e-05 -0.6860592965410603 1.8876979687526523e-06 -1.825428481976077e-05 0.9999999998316089 0.3034141108852436
0.4976860660957104 -0.8673572387312811 -5.884265711398229e-06 -1.4619750121720307 0.8673572386572843 0.49768606613020117 -1.134260890036819e-05 -1.8739939022264096 1.276661098980493e-05 5.412979439182403e-07 0.9999999999183604 0.5625496682810677
1.0 0.0 0.0 0.0 0.0 1.0 0.0 0.0 0.0 0.0 1.0 0.0
-0.8621429595592697 -0.5066650937674677 6.323478880921433e-06 -0.7442038317019397 0.5066650935537448 -0.8621429594558602 -2.085344383335358e-05 -0.6859959797568003 1.601745487165476e-05 -1.4774763764700264e-05 0.9999999997625737 0.30350551193503716
0.4976795579735836 -0.8673609729901526 1.0430388730621397e-05 -1.462185639845115 0.8673609730041181 0.49767955778212947 -1.658711913889015e-05 -1.8739312762256048 9.19602854445552e-06 1.7301982239308948e-05 0.9999999998080373 0.5627133269047572
1.0 0.0 0.0 0.0 0.0 1.0 0.0 0.0 0.0 0.0 1.0 0.0
-0.8621428322738042 -0.5066653098481971 2.3565515300679804e-05 -0.7442782199435098 0.5066653095115162 -0.8621428325844483 -1.899640971105244e-05 -0.6858936972686926 2.994166192489507e-05 -4.437789367700719e-06 0.9999999995419017 0.30327823576612867
0.49768199729234214 -0.8673595722013968 4.562581884493719e-05 -1.4621485056821188 0.867359573243941 0.4976819975158283 -7.123430484687507e-06 -1.8739085164497737 -1.6528573043235447e-05 4.3119193873441374e-05 0.9999999989337707 0.5622299761221398
1.0 0.0 0.0 0.0 0.0 1.0 0.0 0.0 0.0 0.0 1.0 0.0
-0.8621414320188016 -0.506667693037906 5.311978529823318e-06 -0.7442443341658409 0.5066676929349089 -0.8621414319870433 -1.3687490815086778e-05 -0.6858055920909756 1.1514686171140817e-05 -9.10914502543866e-06 0.9999999998922178 0.3033952729217989
0.49768101287708005 -0.8673601381286389 1.439139751934713e-05 -1.462224721461731 0.8673601382444089 0.49768101285444993 -5.3674753618355935e-06 -1.874003989327388 -2.50679112257365e-06 1.5153815116578518e-05 0.9999999998820389 0.5624979811417138
1.0 0.0 0.0 0.0 0.0 1.0 0.0 0.0 0.0 0.0 1.0 0.0
-0.862150762074456 -0.5066518159388248 2.933130811879943e-05 -0.7446456345261203 0.5066518152505937 -0.8621507625235764 -2.798738523019216e-05 -0.6859279476322335 3.9467869210693466e-05 -9.268585002617266e-06 0.9999999991781903 0.30359725248911273
0.4976651382049612 -0.8673692463228218 2.736452254363422e-05 -1.4625289229165315 0.8673692467522877 0.49766513788507255 -1.7949947938497267e-05 -1.8739318972657948 1.950863930108111e-06 3.266820862799405e-05 0.9999999994644911 0.562470184694126
1.0 0.0 0.0 0.0 0.0 1.0 0.0 0.0 0.0 0.0 1.0 0.0
-0.8621444352763638 -0.5066625827092988 -2.0840741544249566e-06 -0.7443665323895807 0.506662582696461 -0.8621444352061133 -1.1767985667850343e-05 -0.6857140061566973 4.165625076961198e-06 -1.120162575156263e-05 0.9999999999285855 0.3030433692181572
0.4976754572540248 -0.867363325938086 8.038581461352677e-06 -1.4623891434000487 0.8673633259753281 0.49767545723140305 -4.746542134474691e-06 -1.8738534354388605 1.1637186819753806e-07 9.33460827959274e-06 0.9999999999564256 0.56210048888682
1.0 0.0 0.0 0.0 0.0 1.0 0.0 0.0 0.0 0.0 1.0 0.0
-0.8621419756588594 -0.5066667678864494 1.1248877161157372e-05 -0.7441591299185141 0.5066667676296442 -0.8621419756586816 -1.9674180178403547e-05 -0.6862350412369587 1.966638246146992e-05 -1.126250433777163e-05 0.9999999997431948 0.30350795041320205
0.4976780311118085 -0.8673618490598197 1.2008466134153206e-05 -1.4623137568693538 0.8673618491419607 0.49767803108442643 -5.382060116938644e-06 -1.8740009913132099 -1.308156167212604e-06 1.3094218473800371e-05 0.9999999999134148 0.5622630814552657
1.0 0.0 0.0 0.0 0.0 1.0 0.0 0.0 0.0 0.0 1.0 0.0
-0.8621354005221539 -0.5066779558049865 1.6364132524475214e-05 -0.7436698622481609 0.5066779556240433 -0.8621354006688865 -1.407614015196888e-05 -0.686113555038979 2.124016786841548e-05 -3.844193514660595e-06 0.9999999997670387 0.30298867165739896
0.49768912577723967 -0.8673554828462935 2.1437331286028464e-05 -1.461842690320079 0.8673554831016259 0.4976891255035187 -1.700256833449515e-05 -1.8739422271880208 4.078144206517294e-06 2.705578020436837e-05 0.9999999996256766 0.5624151325967685
1.0 0.0 0.0 0.0 0.0 1.0 0.0 0.0 0.0 0.0 1.0 0.0
-0.8621447163500471 -0.5066621041917223 1.5675267479878173e-05 -0.7442103096019049 0.5066621040415038 -0.8621447164873076 -1.2698668198343493e-05 -0.6859920505196264 1.9948282987105387e-05 -3.0060256891165505e-06 0.999999999796515 0.30330647018448414
0.4976744054353684 -0.8673639286010085 3.9196648860458326e-05 -1.462175333893652 0.8673639294397653 0.4976744053702427 -1.209070645997226e-05 -1.873956060171519 -9.020126259450696e-06 4.001499452523995e-05 0.9999999991587187 0.5626424312017648
1.0 0.0 0.0 0.0 0.0 1.0 0.0 0.0 0.0 0.0 1.0 0.0
-0.8621447643919482 -0.5066620223142817 1.9389517475202046e-05 -0.7441598006440371 0.5066620217975045 -0.8621447645154307 -2.6204913135529618e-05 -0.6859224927134555 2.9993605261546367e-05 -1.2768496535477113e-05 0.9999999994686746 0.30358467147519563
0.49766841947333296 -0.8673673640565472 5.339581360447193e-06 -1.4624114908954722 0.8673673639663146 0.4976684193061537 -1.8746764797476143e-05 -1.87385133126201 1.3602990951562752e-05 1.3961051416295962e-05 0.9999999998100237 0.5627041406155184
1.0 0.0 0.0 0.0 0.0 1.0 0.0 0.0 0.0 0.0 1.0 0.0
-0.8621416955832529 -0.5066672442619425 1.8133987369417053e-05 -0.7444728853863571 0.5066672438799245 -0.8621416957189539 -2.1953740608908183e-05 -0.685782356163255 2.6757307876378225e-05 -9.73933775194104e-06 0.9999999995945962 0.30338374709747634
0.4976847969694828 -0.8673579668716123 1.3030247149427923e-05 -1.4621888833075682 0.8673579668800835 0.49768479664632115 -2.1834790326459555e-05 -1.8738736977808408 1.2453623441813032e-05 2.2168731865969536e-05 0.9999999996767271 0.5627621392493808
1.0 0.0 0.0 0.0 0.0 1.0 0.0 0.0 0.0 0.0 1.0 0.0
-0.8621452974550987 -0.5066611156017358 -3.6419322652572078e-06 -0.7445452436838451 0.5066611154908566 -0.862145297062867 -2.831857066758167e-05 -0.6857277901677108 1.1208043831970832e-05 -2.6259947995762596e-05 0.9999999995923975 0.30366434826373756
0.49767382091703394 -0.8673642648683015 1.8196610367829691e-06 -1.462331435129089 0.8673642646471122 0.4976738207403471 -2.372507867348619e-05 -1.873845501317625 1.9672687761944242e-05 1.3385659512066076e-05 0.9999999997169048 0.5627932467561725
