1.0 0.0 0.0 0.0 0.0 1.0 0.0 0.0 0.0 0.0 1.0 0.0
-0.8621500546339363 -0.5066530202250584 1.978704026947827e-05 -0.7445896624712576 0.5066530200204661 -0.8621500548571185 -1.4629027344006989e-05 -0.6859623337948939 2.4471238740588222e-05 -2.587253014078347e-06 0.9999999996972322 0.3031835247954108
0.4976674334953509 -0.8673679296216502 1.7378221525844847e-05 -1.4624072413230809 0.867367929774758 0.4976674332440578 -1.6926989419498758e-05 -1.8738747969620455 6.033352866402287e-06 2.3497323409241928e-05 0.9999999997057373 0.5626412530342821
1.0 0.0 0.0 0.0 0.0 1.0 0.0 0.0 0.0 0.0 1.0 0.0
-0.86214713572266 -0.5066579873110422 1.609773660868165e-05 -0.7446366759015177 0.5066579871235762 -0.862147135862279 -1.443449764855658e-05 -0.6860038389760454 2.1191971037503865e-05 -4.288613975897261e-06 0.9999999997662541 0.3032671135742465
0.49767803517835635 -0.8673618466830653 1.481733256720979e-05 -1.462299612874519 0.8673618468091379 0.4976780351236381 -7.43754236093478e-06 -1.8740166860029532 -9.232204808605919e-07 1.6553490409024315e-05 0.9999999998625647 0.562401877809183
1.0 0.0 0.0 0.0 0.0 1.0 0.0 0.0 0.0 0.0 1.0 0.0
-0.8621438124525456 -0.5066636419958914 2.3005424380521312e-05 -0.7446458024854063 0.5066636415759446 -0.8621438127296396 -2.184040483096081e-05 -0.6859779161736697 3.0899723343202505e-05 -7.173557793837469e-06 0.9999999994968736 0.30361491454108025
0.49767832228305803 -0.867361682059469 4.948632824767701e-06 -1.462443526086372 0.8673616819934091 0.497678322151378 -1.6436310313131145e-05 -1.8738972447007143 1.1793398478876268e-05 1.2472249831627847e-05 0.9999999998526796 0.5628318875294878
1.0 0.0 0.0 0.0 0.0 1.0 0.0 0.0 0.0 0.0 1.0 0.0
-0.8621473398023863 -0.5066576401156179 1.3569868456860205e-05 -0.7444442837505103 0.5066576396960562 -0.8621473397748394 -2.5627887811591666e-05 -0.6860133342122872 2.468379115094676e-05 -1.5219737778179127e-05 0.999999999579535 0.3034613771994566
0.4976729202427329 -0.867364781378659 2.193220492317761e-05 -1.4623014201595033 0.867364781649051 0.497672919978834 -1.6572117205016285e-05 -1.8740010204065278 3.4590063508173256e-06 2.727071609829995e-05 0.9999999996221718 0.5625228021922356
1.0 0.0 0.0 0.0 0.0 1.0 0.0 0.0 0.0 0.0 1.0 0.0
-0.8621523237986483 -0.5066491580899014 3.42838976817597e-05 -0.7446899012187523 0.5066491577782277 -0.8621523244780873 -1.7878590696602184e-05 -0.6860368562060479 3.8616115002761475e-05 1.955839370497121e-06 0.9999999992524852 0.3032730996943785
0.49766855482451033 -0.8673672857406277 3.4144087874451006e-05 -1.4622947065781904 0.8673672864122769 0.4976685544010826 -2.054605312255848e-05 -1.873980385954713 8.285354757708677e-07 3.984058941154038e-05 0.9999999992060205 0.5627261936810369
1.0 0.0 0.0 0.0 0.0 1.0 0.0 0.0 0.0 0.0 1.0 0.0
-0.8621387886772411 -0.5066721909084357 4.2642482918942895e-06 -0.7439419423825293 0.5066721907775882 -0.8621387885974929 -1.6978971452568686e-05 -0.6861133463495506 1.2279146521905684e-05 -1.2477653857025675e-05 0.9999999998467655 0.3031586973184174
0.4976832820044907 -0.8673588361810405 1.0578685754128324e-05 -1.4622007348022117 0.8673588362389179 0.4976832819159657 -9.981182314951449e-06 -1.8739125259575289 3.3924316319324994e-06 1.414298413742995e-05 0.9999999998942335 0.5622449698240675
1.0 0.0 0.0 0.0 0.0 1.0 0.0 0.0 0.0 0.0 1.0 0.0
-0.8621472947368192 -0.5066577165262653 2.1502914411129347e-05 -0.7444106423178547 0.5066577161457505 -0.8621472949756512 -2.088396127910547e-05 -0.6858246984306469 2.9119699627339583e-05 -7.110433214151713e-06 0.9999999995507425 0.30335983502960795
0.4976726810554124 -0.8673649179026403 4.1507393261311544e-05 -1.4622771270575867 0.8673649188458585 0.4976726809704406 -1.3084783351645978e-05 -1.8739712945546998 -9.307813646875316e-06 4.251399599924572e-05 0.9999999990529623 0.5624678647859013
1.0 0.0 0.0 0.0 0.0 1.0 0.0 0.0 0.0 0.0 1.0 0.0
-0.8621500150590656 -0.5066530876281647 1.8179671692431676e-05 -0.7443508644170069 0.5066530872481813 -0.8621500151968797 -2.1861073677369035e-05 -0.6859595452824614 2.6749584703406532e-05 -9.636738212021082e-06 0.9999999995957964 0.30343682952593504
0.49766233308926255 -0.8673708558626777 2.4983950372993825e-05 -1.4623794785840043 0.8673708562194664 0.49766233280489636 -1.6979335914650128e-05 -1.8739273940701757 2.2938100989642788e-06 3.0120326352362723e-05 0.9999999995437523 0.5626159530096838
1.0 0.0 0.0 0.0 0.0 1.0 0.0 0.0 0.0 0.0 1.0 0.0
-0.8621422602251166 -0.5066662832772096 2.2890714747768464e-05 -0.7441242771647734 0.5066662826100921 -0.862142260419101 -2.9419604076004032e-05 -0.6861035927879229 3.464097400792794e-05 -1.376593060547278e-05 0.999999999305251 0.3036238140735783
0.49767667469693233 -0.8673626272512048 1.7620781357487572e-05 -1.4622867859251378 0.8673626273934256 0.4976766743860879 -1.9317789483185662e-05 -1.8739186466974331 7.986076772747227e-06 2.4897620447441565e-05 0.9999999996581656 0.5625637126051464
1.0 0.0 0.0 0.0 0.0 1.0 0.0 0.0 0.0 0.0 1.0 0.0
-0.8621425115547438 -0.5066658558649176 1.645447272708668e-05 -0.7441438357074086 0.5066658555296338 -0.8621425116586756 -2.0767647791522954e-05 -0.686118571265478 2.470835848753817e-05 -9.567752524514365e-06 0.9999999996489775 0.3035551388847944
0.4976798725397608 -0.8673607922486936 2.320618343804625e-05 -1.4621569899379616 0.8673607925562862 0.4976798722914465 -1.5877682954014682e-05 -1.8739989834610817 2.2224292562552347e-06 2.803013688780475e-05 0.9999999996046859 0.5628260719246931
1.0 0.0 0.0 0.0 0.0 1.0 0.0 0.0 0.0 0.0 1.0 0.0
-0.8621390241010555 -0.5066717903346166 1.0923849623036634e-06 -0.7441296441447807 0.506671790242301 -0.8621390239813843 -1.73518648462418e-05 -0.6858823826163558 9.733488132506276e-06 -1.4406239180386785e-05 0.9999999998488598 0.3033467880277255
0.4976827990540455 -0.867359113333063 -6.619265067962635e-06 -1.4622075539646928 0.8673591131867808 0.49768279909290253 -1.6090215354561688e-05 -1.8738437882096903 1.725028929023663e-05 2.266543535739272e-06 0.9999999998486451 0.5627054657452867
1.0 0.0 0.0 0.0 0.0 1.0 0.0 0.0 0.0 0.0 1.0 0.0
-0.8621398309637989 -0.506670417391939 -2.364502340234988e-06 -0.7442131636941762 0.5066704173576353 -0.8621398308281432 -1.6560803371280376e-05 -0.6856305714637116 6.352337508867473e-06 -1.5475751606709708e-05 0.9999999998600744 0.30323781955782503
0.4976786331964452 -0.867361503530633 1.5899596361663155e-05 -1.4622804376179575 0.8673615036697144 0.4976786330372527 -1.3037763160720439e-05 -1.8738661192905681 3.3955644746413228e-06 2.0279313957763653e-05 0.9999999997886098 0.5622596630825744
1.0 0.0 0.0 0.0 0.0 1.0 0.0 0.0 0.0 0.0 1.0 0.0
-0.8621411760134724 -0.5066681286079868 -8.659545471981085e-06 -0.7443699922844822 0.5066681286809663 -0.8621411758515047 -1.6742537362551303e-05 -0.6859488305892469 1.0171593580818835e-06 -1.8821946550715766e-05 0.99999999982235 0.30339543277804404
0.49768269272193116 -0.8673591742760688 1.2813402671244265e-05 -1.4623074287401985 0.8673591743443446 0.49768269253729935 -1.5149904547180966e-05 -1.8737999495857558 6.763399956411878e-06 1.8653667650998966e-05 0.9999999998031487 0.562662469699732
1.0 0.0 0.0 0.0 0.0 1.0 0.0 0.0 0.0 0.0 1.0 0.0
-0.8621483781539847 -0.5066558729606226 2.0999115429890947e-05 -0.7446467390578995 0.5066558726766025 -0.8621483783980256 -1.7548939114218263e-05 -0.6856936594523333 2.699562638212155e-05 -4.490464242077571e-06 0.9999999996255359 0.30329656217773365
0.4976748177303744 -0.8673636922968228 3.2897733389804114e-05 -1.4622864714179884 0.8673636929010216 0.4976748176166196 -1.213949378735758e-05 -1.8738245468416466 -5.8430173107563396e-06 3.457581987901487e-05 0.9999999993851858 0.5625416881194125
1.0 0.0 0.0 0.0 0.0 1.0 0.0 0.0 0.0 0.0 1.0 0.0
-0.862147769344238 -0.5066569080887642 3.6065054601326344e-05 -0.7447298250854106 0.506656908044347 -0.8621477700540655 -1.1033760964027572e-05 -0.6857837851962394 3.6683737616034876e-05 8.759876650142458e-06 0.9999999992887838 0.30282521778612626
0.4976770898341277 -0.8673623880211075 4.583181417114267e-05 -1.462345211443318 0.8673623891152645 0.49767708993927207 -9.891351573578448e-06 -1.8738746205612422 -1.4230057581718091e-05 4.4675490902635783e-05 0.9999999989008032 0.5621341530843086
1.0 0.0 0.0 0.0 0.0 1.0 0.0 0.0 0.0 0.0 1.0 0.0
-0.8621381595899603 -0.5066732613237352 6.197206489591189e-06 -0.7439629833943648 0.5066732610577483 -0.8621381594320074 -2.4089365533377895e-05 -0.6862589821983178 1.7548285594575196e-05 -1.7628402445101503e-05 0.9999999996906485 0.3035008120091457
0.4976906000156255 -0.867354636746427 2.7758965085312183e-05 -1.4617804902452431 0.8673546371875788 0.4976905996741229 -1.85799676436179e-05 -1.8741330208462088 2.300045106647689e-06 3.3323942335103516e-05 0.9999999994421126 0.5625502157191544
1.0 0.0 0.0 0.0 0.0 1.0 0.0 0.0 0.0 0.0 1.0 0.0
-0.8621442894686142 -0.5066628308107358 3.3924954489692163e-06 -0.7442494360796221 0.5066628306938292 -0.8621442893816957 -1.6728594595994067e-05 -0.6860287766557391 1.1400577671579978e-05 -1.2703610954480615e-05 0.9999999998543226 0.3034281956412638
0.4976723027059236 -0.867365135977828 3.0898496131589224e-06 -1.4623618894258619 0.8673651359215483 0.4976723026247969 -1.3708630606993114e-05 -1.8740077749787325 1.0352655678756771e-05 9.502433590823517e-06 0.9999999999012631 0.562799264985757
1.0 0.0 0.0 0.0 0.0 1.0 0.0 0.0 0.0 0.0 1.0 0.0
-0.8621418038621046 -0.5066670583961287 4.438029156532748e-05 -0.744157635493633 0.5066670582440741 -0.8621418049555392 -1.543702451363102e-05 -0.6862600507433783 4.6083536475293665e-05 9.177127610971048e-06 0.9999999988960439 0.30292857052793987
0.4976836206582754 -0.867358640703171 4.610873479686997e-05 -1.4619543387769682 0.8673586419251353 0.4976836201062362 -2.3574014586823853e-05 -1.874052209957604 -2.500436804288532e-06 5.1725210527333444e-05 0.9999999986591253 0.5625119380859476
1.0 0.0 0.0 0.0 0.0 1.0 0.0 0.0 0.0 0.0 1.0 0.0
-0.8621474911566877 -0.5066573825668864 1.351668950222341e-05 -0.7446010961241027 0.5066573823104239 -0.8621474912144064 -1.8521711713613348e-05 -0.6859369045568435 2.1037541921344895e-05 -9.120116765120975e-06 0.9999999997371226 0.30331168581168294
0.4976726612156975 -0.8673649301088785 1.7196099161281955e-05 -1.4623678641601316 0.8673649302553228 0.4976726609565715 -1.7308516010406287e-05 -1.8740001197745677 6.454771351982069e-06 2.3529268574278924e-05 0.9999999997023545 0.5625568556019394
1.0 0.0 0.0 0.0 0.0 1.0 0.0 0.0 0.0 0.0 1.0 0.0
-0.8621463395783486 -0.5066593415382004 2.799519269552853e-05 -0.7443608319994897 0.506659340723112 -0.8621463399346168 -3.154940844344574e-05 -0.6860055703794004 4.0120755426096916e-05 -1.3016181130845523e-05 0.999999999110452 0.30367926667639017
0.497669000260643 -0.8673670307355412 1.3137119457288543e-05 -1.4624914675096832 0.8673670307343345 0.4976689999149975 -2.2775215217713305e-05 -1.8738176339389518 1.3216533695680011e-05 2.2729222884186376e-05 0.9999999996543528 0.562738091096531
