1.0 0.0 0.0 0.0 0.0 1.0 0.0 0.0 0.0 0.0 1.0 0.0
-0.8621421364441183 -0.5066664940140325 2.0275594310231004e-05 -0.7443078662185161 0.506666493446572 -0.862142136578135 -2.747802921481941e-05 -0.6858424038433917 3.140264092370132e-05 -1.3417002540828412e-05 0.999999999416929 0.30368724636736144
0.49767999259464524 -0.8673607232653191 2.660180544153647e-05 -1.4623655481156448 0.8673607236731565 0.4976799923751995 -1.4785123453389335e-05 -1.873888812336169 -4.1515095721184917e-07 3.0431621349577198e-05 0.9999999995368719 0.5625481654955493
1.0 0.0 0.0 0.0 0.0 1.0 0.0 0.0 0.0 0.0 1.0 0.0
-0.8621396371925572 -0.5066707471105313 1.985484495643491e-06 -0.7441525691654753 0.506670747041941 -0.8621396371288896 -1.3536150387815679e-05 -0.6859455171509019 8.570136312596426e-06 -1.0664064871686095e-05 0.9999999999064153 0.3032705306133686
0.4976820423797792 -0.8673595475291825 -1.6321038552948426e-06 -1.4622164534014275 0.8673595474579234 0.4976820423615082 -1.2019340979091179e-05 -1.8739624684649279 1.1237358933272736e-05 4.566189305197303e-06 0.9999999999264358 0.5625799261619382
1.0 0.0 0.0 0.0 0.0 1.0 0.0 0.0 0.0 0.0 1.0 0.0
-0.8621418970375028 -0.5066669017396441 7.357063109048806e-06 -0.7440709203375256 0.5066669016464825 -0.8621418970464755 -1.1535109279614809e-05 -0.6861036622438306 1.2187290425453906e-05 -6.2173206261851206e-06 0.9999999999064073 0.3030283315459247
0.49767559236219205 -0.8673632482976082 1.6418376812373592e-05 -1.462288368433176 0.867363248446397 0.49767559219537694 -1.3322744634942893e-05 -1.8738743419307866 3.384633659820405e-06 2.0871101474281398e-05 0.9999999997764707 0.5623791346605562
1.0 0.0 0.0 0.0 0.0 1.0 0.0 0.0 0.0 0.0 1.0 0.0
-0.8621465586523817 -0.5066589692801897 1.58679288265638e-05 -0.7442651060108461 0.5066589689118606 -0.8621465587253612 -2.2342489983337718e-05 -0.6858192083563885 2.5000503178029636e-05 -1.12228723928318e-05 0.9999999996245109 0.3034180061385867
0.4976727596336816 -0.8673648732617794 3.082487511873676e-05 -1.4622473095609894 0.8673648738095003 0.49767275931291394 -1.786896899540205e-05 -1.873852749343481 1.582153721939338e-07 3.5629313029309614e-05 0.9999999993652637 0.5626020982079863
1.0 0.0 0.0 0.0 0.0 1.0 0.0 0.0 0.0 0.0 1.0 0.0
-0.8621431924734922 -0.5066646974789775 3.8971891171664217e-07 -0.7444160558280373 0.5066646972453587 -0.8621431920988206 -2.971406750753109e-05 -0.6859787890089741 1.5391062531137544e-05 -2.542032420790053e-05 0.9999999995584612 0.30401679523169495
0.49768388733636953 -0.8673584888983786 4.656222474887239e-06 -1.4621594456725315 0.8673584888641507 0.4976838872466651 -1.3051680272506797e-05 -1.8738295093534845 9.003158777555035e-06 1.0534225063924977e-05 0.9999999999039864 0.5627021496630461
1.0 0.0 0.0 0.0 0.0 1.0 0.0 0.0 0.0 0.0 1.0 0.0
-0.862141629115499 -0.5066673576066265 9.054980573225325e-06 -0.74447145096457 0.5066673573996244 -0.8621416290903925 -1.83042602744017e-05 -0.6860367447481259 1.7080846888956443e-05 -1.119300169438705e-05 0.9999999997914808 0.3034820949976885
0.4976819192090041 -0.8673596181977918 -3.4961759243240346e-06 -1.4623499981061805 0.8673596180590293 0.4976819191952072 -1.633001394327391e-05 -1.8739510385606266 1.5903978202869055e-05 5.09471086561149e-06 0.9999999998605538 0.5628456673631337
1.0 0.0 0.0 0.0 0.0 1.0 0.0 0.0 0.0 0.0 1.0 0.0
-0.8621432194389893 -0.5066646511688777 2.076758826960524e-05 -0.7443800976029391 0.5066646507111695 -0.8621432196320438 -2.371118923678236e-05 -0.685795686920482 2.991825683820918e-05 -9.920238168591003e-06 0.9999999995032433 0.30336176182773944
0.4976799566813552 -0.8673607440394854 2.041846172216927e-05 -1.4622663824628837 0.8673607442478813 0.49767995632310585 -2.029760501768269e-05 -1.8739317364357397 7.443486652281604e-06 2.7811883341678363e-05 0.9999999995855466 0.5625955437564796
1.0 0.0 0.0 0.0 0.0 1.0 0.0 0.0 0.0 0.0 1.0 0.0
-0.8621472356233684 -0.5066578175710732 -1.0491220532102032e-06 -0.7442505464220359 0.5066578175062183 -0.8621472354759051 -1.791896629869547e-05 -0.6858121635817511 8.174286680176568e-06 -1.5980333149426265e-05 0.9999999998389049 0.3033659041197914
0.4976676985327119 -0.8673677777098722 5.271798318189245e-06 -1.462419574276777 0.867367777701762 0.49766769846433667 -1.0484168138928817e-05 -1.8739095617484587 6.470025884016445e-06 9.790219820468764e-06 0.9999999999311452 0.5624772361042019
1.0 0.0 0.0 0.0 0.0 1.0 0.0 0.0 0.0 0.0 1.0 0.0
-0.8621441351207006 -0.5066630934264684 6.041609005561114e-06 -0.744308974049062 0.5066630932242685 -0.8621441350197083 -2.038469332899794e-05 -0.6857887728413417 1.5536909550847777e-05 -1.451348349302031e-05 0.9999999997739817 0.30347549251209927
0.4976768515620208 -0.8673625258467016 1.3271985537009388e-05 -1.4622967548169798 0.8673625258871932 0.49767685128718236 -1.9479833436384916e-05 -1.8737309012992895 1.0290917560072859e-05 2.1206285072486213e-05 0.9999999997221951 0.5628165366215366
1.0 0.0 0.0 0.0 0.0 1.0 0.0 0.0 0.0 0.0 1.0 0.0
-0.8621479152140756 -0.5066566579277135 5.717992381503711e-05 -0.7444336661599069 0.5066566574965012 -0.8621479170605115 -2.28625342230191e-05 -0.6859948961187641 6.088100739599743e-05 9.259702859142135e-06 0.9999999981038803 0.3035236742766193
0.49767515462700046 -0.867363496508772 7.342389995705025e-05 -1.462300828512529 0.8673634991122904 0.49767515544095325 -8.031631320519469e-06 -1.8739867752499535 -2.9574906999373358e-05 6.768235414455994e-05 0.9999999972722121 0.5624212446168899
1.0 0.0 0.0 0.0 0.0 1.0 0.0 0.0 0.0 0.0 1.0 0.0
-0.8621454191556962 -0.506660907666774 2.9514910324539398e-05 -0.7444545133121137 0.5066609074014825 -0.8621454196605342 -1.6415465201728564e-05 -0.6860374816672632 3.3763219246873425e-05 8.015331199237667e-07 0.9999999994297014 0.3032823612739819
0.4976773160906182 -0.867362258908071 2.9508086719895505e-05 -1.4622447711336015 0.867362259409653 0.4976773158333016 -1.6023152639783617e-05 -1.8739721156819513 -7.876275256604435e-07 3.356856036930481e-05 0.9999999994362657 0.5626987649632851
1.0 0.0 0.0 0.0 0.0 1.0 0.0 0.0 0.0 0.0 1.0 0.0
-0.8621401553823089 -0.506669861984325 5.8601650854710686e-05 -0.7443066111148113 0.5066698613480587 -0.8621401573456443 -2.633566730093127e-05 -0.6861505146606568 6.386632540521997e-05 6.9866540144015e-06 0.9999999979361396 0.3033566647800668
0.49768825844371367 -0.867355977922256 7.04967392850617e-05 -1.4620213981445993 0.8673559803944555 0.49768825902030717 -1.0358955865260199e-05 -1.8739884006572183 -2.6100497146622718e-05 6.630129912108466e-05 0.9999999974614509 0.5621006317899085
1.0 0.0 0.0 0.0 0.0 1.0 0.0 0.0 0.0 0.0 1.0 0.0
-0.8621405576866483 -0.506669180509017 1.7722221835985922e-05 -0.7441591101006245 0.506669179974309 -0.8621405577417002 -2.758606530746313e-05 -0.6858510484998206 2.925605532089353e-05 -1.4803762123598695e-05 0.9999999994624656 0.30362873932001944
0.49767947177419514 -0.8673610223508939 1.6762142976012113e-05 -1.4623159987767116 0.8673610224729863 0.4976794714730701 -1.920678899315595e-05 -1.8738061019024386 8.31704568012411e-06 2.4097654071106443e-05 0.9999999996750647 0.562653739777521
1.0 0.0 0.0 0.0 0.0 1.0 0.0 0.0 0.0 0.0 1.0 0.0
-0.8621424727524942 -0.5066659221568222 -1.0916227916832198e-06 -0.7441910239196248 0.5066659220707925 -0.862142472562129 -2.041107564670499e-05 -0.6860300455803063 9.400462092022153e-06 -1.8150343297888666e-05 0.9999999997910982 0.30350523599598034
0.49767476036492014 -0.8673637258351726 -1.0225158502512383e-06 -1.4624110203916647 0.8673637257387142 0.4976747603265193 -1.4373499463678722e-05 -1.8740037925816537 1.2975932378806859e-05 6.266434743697894e-06 0.9999999998961785 0.5626040103346834
1.0 0.0 0.0 0.0 0.0 1.0 0.0 0.0 0.0 0.0 1.0 0.0
-0.8621457339680433 -0.5066603724722243 1.9157544558324286e-05 -0.7444522195113561 0.5066603724228225 -0.8621457341754594 -7.70880312890051e-06 -0.6858924691883246 2.0422340382834056e-05 3.060256929048552e-06 0.9999999997867814 0.30309068935751504
0.497674800594246 -0.8673637023993425 2.477058522983393e-05 -1.4622121761604383 0.8673637027173683 0.49767480062986014 -5.142521396462092e-06 -1.8738921731309226 -7.867259667643193e-06 2.404440983396341e-05 0.9999999996799864 0.5623377511447232
1.0 0.0 0.0 0.0 0.0 1.0 0.0 0.0 0.0 0.0 1.0 0.0
-0.8621395204533061 -0.5066709450584296 2.657330756524668e-05 -0.7441445405935743 0.5066709448292965 -0.8621395208627733 -1.5241219294478605e-05 -0.6863056903424507 3.0632181635822737e-05 3.2386535765557454e-07 0.9999999995307824 0.3032065364943983
0.49768006225117845 -0.8673606833295389 2.5529957399416313e-05 -1.462331392369909 0.8673606836989455 0.49768006214431987 -1.0831626000376978e-05 -1.8739315751712375 -3.310824255826469e-06 2.7534365606913845e-05 0.9999999996154488 0.5623821675172731
1.0 0.0 0.0 0.0 0.0 1.0 0.0 0.0 0.0 0.0 1.0 0.0
-0.8621381643112931 -0.5066732524831329 2.9259476180842142e-05 -0.7441344924386724 0.5066732522597817 -0.8621381648059933 -1.5147590307130574e-05 -0.6859538778066785 3.290058994593184e-05 1.765678254835634e-06 0.9999999994572167 0.3031158958669591
0.49768993310505755 -0.8673550189893585 3.898530079636167e-05 -1.4620291242373233 0.8673550198136801 0.49768993306392123 -1.1438579968582306e-05 -1.8739867720194496 -9.481281997955875e-06 3.950696244404555e-05 0.9999999991746525 0.5623546566552324
1.0 0.0 0.0 0.0 0.0 1.0 0.0 0.0 0.0 0.0 1.0 0.0
-0.8621390694893796 -0.5066717130244487 8.992103840746656e-06 -0.7441044664558656 0.5066717128245799 -0.8621390694674023 -1.7924527587515627e-05 -0.685774687457716 1.6834295135735355e-05 -1.0897390880452615e-05 0.9999999997989268 0.3032216705299048
0.4976825048796843 -0.8673592820759312 1.1550285061949602e-05 -1.4621512484274406 0.8673592820860068 0.497682504631902 -1.904110418253629e-05 -1.8738285999331268 1.0767103654863744e-05 1.9494671384458262e-05 0.9999999997520135 0.5626295496671497
1.0 0.0 0.0 0.0 0.0 1.0 0.0 0.0 0.0 0.0 1.0 0.0
-0.8621468661219024 -0.5066584456436221 2.6347139331079037e-05 -0.7442078374142174 0.5066584453144758 -0.8621468665207178 -1.843980592558266e-05 -0.6859686863789776 3.205778702429998e-05 -2.54882023866724e-06 0.9999999994829011 0.3032562399244085
0.49767370965339186 -0.8673643280075306 3.492672908475268e-05 -1.4621287187130874 0.8673643286488093 0.49767370969556884 -8.090217430814561e-06 -1.8739892027801979 -1.036494882582475e-05 3.4320487445186486e-05 0.9999999993573361 0.5623801778600135
1.0 0.0 0.0 0.0 0.0 1.0 0.0 0.0 0.0 0.0 1.0 0.0
-0.8621382084680305 -0.5066731781500547 6.5465822354396145e-06 -0.7439578840987162 0.5066731779678767 -0.8621382083987208 -1.8627301439189944e-05 -0.6858709453654299 1.5082012700151376e-05 -1.274233066532048e-05 0.999999999805083 0.3033521594495132
0.4976830724639188 -0.8673589562370105 2.0452820391269655e-05 -1.4622148932998882 0.8673589564732633 0.4976830722435531 -1.509402796797106e-05 -1.8738413032168566 2.9129178553372366e-06 2.52519791664606e-05 0.9999999996769262 0.5625710369869598
