1.0 0.0 0.0 0.0 0.0 1.0 0.0 0.0 0.0 0.0 1.0 0.0
0.9411961160722133 -0.3378607269815954 1.593893780623447e-05 -0.4651506448390421 0.33786072733756395 0.9411961144558366 -5.528261895076117e-05 -1.0450137832985766 3.67615949636947e-06 5.7416927362958723e-05 0.9999999983448913 0.10494197031525354
-0.13118385740530478 -0.9913580560346117 -1.7074569580471827e-05 -0.5440346750413738 0.991358050856332 -0.13118385846638106 0.00010139135346808864 0.6514018339588543 -0.00010275504299206327 -3.6261031630187152e-06 0.9999999947141264 -0.2601674180018494
1.0 0.0 0.0 0.0 0.0 1.0 0.0 0.0 0.0 0.0 1.0 0.0
0.9411962424770892 -0.33786037484599973 1.5997786142099473e-05 -0.46513341853248846 0.33786037520598744 0.9411962408707057 -5.510464837056376e-05 -1.044957129602845 3.560620975038514e-06 5.726930601783163e-05 0.9999999983537744 0.1049521435593801
-0.13118520882156456 -0.9913578771950817 -1.7598408624255238e-05 -0.544087342731757 0.9913578687899848 -0.13118521000097605 0.00012909368422540105 0.651268248431927 -0.00013028669168404095 -5.111389451828773e-07 0.9999999915125583 -0.2601238762044601
1.0 0.0 0.0 0.0 0.0 1.0 0.0 0.0 0.0 0.0 1.0 0.0
0.9411967289752765 -0.3378590195652961 1.626704939977934e-05 -0.46514859439525935 0.3378590198968153 0.9411967268088807 -6.41764235867633e-05 -1.044871095218582 6.372089902320251e-06 6.589860932401578e-05 0.9999999978083851 0.10492311495470208
-0.13118301965703807 -0.9913581668992666 -1.660683411307144e-05 -0.5440880883705717 0.9913581631818652 -0.1311830206059002 8.600808532762838e-05 0.6514287306714608 -8.744335247056612e-05 -5.18052021440209e-06 0.9999999961634111 -0.2601595180939028
1.0 0.0 0.0 0.0 0.0 1.0 0.0 0.0 0.0 0.0 1.0 0.0
0.941196311429099 -0.33786018279673824 1.5258183824406415e-05 -0.4651254914527527 0.337860183140072 0.9411963105865857 -3.983411265293952e-05 -1.0449643356403042 -9.025857393153113e-07 4.264685267929673e-05 0.9999999990902158 0.10493193602352524
-0.13118060247943722 -0.9913584867508524 -1.6738917341897646e-05 -0.5440724159230541 0.9913584834572262 -0.13118060341179377 8.103028002721588e-05 0.6516363592054422 -8.252587706614844e-05 -5.964666757731887e-06 0.9999999965769512 -0.26019640479566364
1.0 0.0 0.0 0.0 0.0 1.0 0.0 0.0 0.0 0.0 1.0 0.0
0.9411960743713249 -0.3378608431986544 1.4869503094574417e-05 -0.46510150959556995 0.3378608434129257 0.9411960742831383 -1.5566492259303455e-05 -1.044940166958075 -8.735809738780886e-06 1.9674944262851837e-05 0.9999999997682911 0.10498803495543241
-0.1311830693285086 -0.9913581602996772 -1.8132597050064518e-05 -0.5439440580905313 0.9913581515883784 -0.13118307057962522 0.00013142516672692104 0.6514795754625684 -0.00013266810126208946 -7.351411368002863e-07 0.999999991199317 -0.2602366245834775
1.0 0.0 0.0 0.0 0.0 1.0 0.0 0.0 0.0 0.0 1.0 0.0
0.941195601960947 -0.3378621591402936 1.644472400440576e-05 -0.46513723278627594 0.33786215949124304 0.9411955998777407 -6.2886352383401e-05 -1.0451242729586547 5.76921692256258e-06 6.474440825098916e-05 0.9999999978874387 0.10494112835619085
-0.13118258093132887 -0.9913582249282206 -1.809319989844694e-05 -0.5441025143941687 0.9913582176890409 -0.13118258216032241 0.00011982553381488237 0.6514895136760814 -0.00012116354118601875 -2.217819616305558e-06 0.9999999926572389 -0.26022021500275505
1.0 0.0 0.0 0.0 0.0 1.0 0.0 0.0 0.0 0.0 1.0 0.0
0.9411952815465883 -0.3378630517236973 1.6564662995331056e-05 -0.4650933422552157 0.3378630520547742 0.9411952791735578 -6.721340146737655e-05 -1.0452017094503763 7.118342324192192e-06 6.885752391365512e-05 0.9999999976039852 0.1049308887048116
-0.13118402860412443 -0.9913580333907247 -1.6458043734748168e-05 -0.5441022042873414 0.9913580295253864 -0.13118402954818462 8.767579719273402e-05 0.6513389956913125 -8.907713837655667e-05 -4.8141495199016386e-06 0.999999996021044 -0.260141188498075
1.0 0.0 0.0 0.0 0.0 1.0 0.0 0.0 0.0 0.0 1.0 0.0
0.9411959882920733 -0.3378610829470817 1.5897547315364705e-05 -0.4651658081575931 0.33786108331570985 0.9411959869693676 -4.993488188068771e-05 -1.0450431734549226 1.9083455331665634e-06 5.2369673059973104e-05 0.9999999986268878 0.10494335490648288
-0.13118419636159814 -0.9913580111802746 -1.713629366208175e-05 -0.5440753331069459 0.9913580060406446 -0.13118419742762513 0.00010101676517504153 0.6513612664509454 -0.00010239179035073819 -3.7363987572322594e-06 0.9999999947509802 -0.26017366889506655
1.0 0.0 0.0 0.0 0.0 1.0 0.0 0.0 0.0 0.0 1.0 0.0
0.9411960311606595 -0.33786096351322303 1.616599360950822e-05 -0.46513292602999456 0.3378609638840904 0.9411960295749607 -5.473246514634803e-05 -1.0450333701235457 3.276594410395526e-06 5.69758371544338e-05 0.999999998371509 0.10496990966011743
-0.1311846103839566 -0.9913579563932952 -1.7149901828325384e-05 -0.5440027856409699 0.9913579512045646 -0.13118461145315613 0.00010149567815675962 0.6513211613593155 -0.00010286835128804521 -3.6870205452381047e-06 0.9999999947022543 -0.26015700862729774
1.0 0.0 0.0 0.0 0.0 1.0 0.0 0.0 0.0 0.0 1.0 0.0
0.941196942854118 -0.33785842375103853 1.6202643091207827e-05 -0.4651349812107668 0.3378584241349699 0.941196941509246 -5.034557295730902e-05 -1.0448702019744225 1.759797800388801e-06 5.2859298815275756e-05 0.9999999986013989 0.1049849902357598
-0.1311840284465953 -0.9913580333968541 -1.732179961068933e-05 -0.5440806512387724 0.9913580283487379 -0.13118402952807742 0.0001001263114311347 0.6512860341830997 -0.00010153336666325827 -4.037132222470282e-06 0.9999999948373385 -0.2601884184281047
1.0 0.0 0.0 0.0 0.0 1.0 0.0 0.0 0.0 0.0 1.0 0.0
0.9411960213816892 -0.33786099081155097 1.4937046334003884e-05 -0.4651165879505328 0.33786099108260936 0.941196021124281 -2.2901936797241925e-05 -1.0449602269527731 -6.321017519093926e-06 2.6601857073752286e-05 0.999999999626193 0.10497607021659816
-0.13118364530273643 -0.9913580840979966 -1.728107860335964e-05 -0.5440372860110045 0.9913580783491941 -0.13118364640386337 0.0001068081479754199 0.651388692251551 -0.0001081521158479468 -3.120254676578361e-06 0.9999999941466919 -0.260156160575132
1.0 0.0 0.0 0.0 0.0 1.0 0.0 0.0 0.0 0.0 1.0 0.0
0.9411964341227562 -0.33785984099246025 1.5464710475926073e-05 -0.46517378306650414 0.33785984130555036 0.9411964323113294 -5.8629458329610705e-05 -1.0449381464047436 5.2532091420467845e-06 6.040674174161023e-05 0.9999999981617148 0.10490677640999335
-0.13118178900964528 -0.991358329738847 -1.7018586709404403e-05 -0.5441146558701462 0.9913583263724149 -0.13118178997063296 8.192793062982803e-05 0.6514971174794844 -8.345246513545692e-05 -6.124065127579773e-06 0.9999999964990909 -0.26019266606811964
1.0 0.0 0.0 0.0 0.0 1.0 0.0 0.0 0.0 0.0 1.0 0.0
0.9411965384615419 -0.3378595502768921 1.6574293526158973e-05 -0.4651152333583184 0.33785955060749245 0.9411965360773498 -6.737433968837455e-05 -1.044908476635567 7.163396452566276e-06 6.901227865821384e-05 0.9999999975929957 0.10494333572159731
-0.13118380625747794 -0.9913580628107178 -1.6612674251977563e-05 -0.5440004031985239 0.9913580592742979 -0.13118380719569897 8.391387969718496e-05 0.6513924046859292 -8.536801507560861e-05 -5.460966369287767e-06 0.9999999963412397 -0.2601501509983879
1.0 0.0 0.0 0.0 0.0 1.0 0.0 0.0 0.0 0.0 1.0 0.0
0.9411963335508935 -0.33786012116951 1.528657656949853e-05 -0.46514696516460674 0.33786012149206957 0.9411963330536607 -3.084974372622951e-05 -1.044965851812993 -3.964771658763893e-06 3.42003903030802e-05 0.9999999994073069 0.10496816839057677
-0.1311835944814754 -0.9913580908155862 -1.770300202650259e-05 -0.5440674732447519 0.9913580826024042 -0.13118359567347346 0.00012761294581550454 0.651368974956736 -0.00012883246978706255 -8.092892108527098e-07 0.9999999917007698 -0.26013880591665506
1.0 0.0 0.0 0.0 0.0 1.0 0.0 0.0 0.0 0.0 1.0 0.0
0.9411958402901214 -0.33786149522203246 1.6337226910198157e-05 -0.46511942524477945 0.33786149551189326 0.9411958376906202 -7.045792160123369e-05 -1.0450838601920345 8.428488775144056e-06 7.183442264296603e-05 0.9999999973843879 0.10491077355175438
-0.13118438083403977 -0.991357986769499 -1.713228453235477e-05 -0.5440588211693296 0.9913579817498446 -0.13118438189516546 9.983816151809836e-05 0.6512985041921828 -0.00010122284696218023 -3.88701961439863e-06 0.9999999948694133 -0.26017132350847505
1.0 0.0 0.0 0.0 0.0 1.0 0.0 0.0 0.0 0.0 1.0 0.0
0.9411955166536281 -0.33786239676794433 1.6772887901452393e-05 -0.4651166101276232 0.33786239707378046 0.9411955139163035 -7.230064947144996e-05 -1.0451836259434173 8.641103870035253e-06 7.371597524590928e-05 0.999999997245643 0.10495207077948276
-0.13118447394285168 -0.9913579744510823 -1.698778169168136e-05 -0.5440964504704624 0.9913579676437622 -0.13118447503302658 0.00011618751404337524 0.6513686513255892 -0.0001174119518017461 -1.5989748241332565e-06 0.9999999931059387 -0.26007635717358557
1.0 0.0 0.0 0.0 0.0 1.0 0.0 0.0 0.0 0.0 1.0 0.0
0.9411966799509818 -0.337859156125115 1.6482551981614468e-05 -0.46517061903767853 0.3378591564535722 0.9411966776076663 -6.67890060609385e-05 -1.0448892593396164 7.051954062592952e-06 6.843037187049244e-05 0.9999999976337771 0.10494860212045398
-0.13118240813348286 -0.9913582478063109 -1.73983018414703e-05 -0.5441057423507658 0.9913582428882282 -0.13118240921734534 9.884076400303633e-05 0.6514686586756655 -0.00010026895776574232 -4.281780499127323e-06 0.9999999949639012 -0.2601878562767357
1.0 0.0 0.0 0.0 0.0 1.0 0.0 0.0 0.0 0.0 1.0 0.0
0.9411954801274236 -0.33786249854189254 1.6332102639249034e-05 -0.4650911834516336 0.33786249892485937 0.9411954785913755 -5.384607861079342e-05 -1.0451273479758165 2.8208694961739842e-06 5.619769082145768e-05 0.999999998416931 0.1049734257128353
-0.13118386834200918 -0.991358054598073 -1.6442314459612896e-05 -0.5439909624363395 0.9913580509649966 -0.1311838692715062 8.502846615660855e-05 0.651341271637953 -8.64506212250634e-05 -5.14585770642403e-06 0.9999999962499051 -0.26012879821732093
1.0 0.0 0.0 0.0 0.0 1.0 0.0 0.0 0.0 0.0 1.0 0.0
0.9411964008343416 -0.3378599337393386 1.517008098632942e-05 -0.46515836896435303 0.3378599338803066 0.9411964008729555 -7.886086073427816e-06 -1.0449099039107033 -1.1613633107054072e-05 1.2547718387978716e-05 0.9999999998538394 0.105059843531775
-0.13118387449141095 -0.9913580537657327 -1.7528268799729195e-05 -0.5440155260967856 0.9913580482311108 -0.13118387561231645 0.0001048176252018503 0.6514128257009881 -0.00010621122315437439 -3.6264081572024836e-06 0.9999999943530125 -0.2602261955296211
1.0 0.0 0.0 0.0 0.0 1.0 0.0 0.0 0.0 0.0 1.0 0.0
0.9411957819714691 -0.33786165767713006 1.6455292384583586e-05 -0.465114164547785 0.3378616579336511 0.9411957790304913 -7.505671676158878e-05 -1.0451095778660684 9.871135009790524e-06 7.620267759147296e-05 0.9999999970478565 0.10491128409542183
-0.1311835627919334 -0.9913580950169291 -1.7251672573979113e-05 -0.5440674389455324 0.9913580864520918 -0.13118356392629893 0.00013031362802210165 0.6514053820117685 -0.00013145060592268 -7.579106755919744e-09 0.999999991360369 -0.26007214046734295
