1.0 0.0 0.0 0.0 0.0 1.0 0.0 0.0 0.0 0.0 1.0 0.0
0.9411958249764357 -0.33786153783393774 1.7303564168553668e-05 -0.4651615829778706 0.33786153804135266 0.941195821172536 -8.555517318911319e-05 -1.0450933345919529 1.2619760096489346e-05 8.637038061431483e-05 0.9999999961904497 0.1049482665157414
-0.13118326314855036 -0.9913581346879431 -1.6054288010971672e-05 -0.5441141381287906 0.9913581310548633 -0.13118326404440833 8.500625608297459e-05 0.6513948784209669 -8.637769737041196e-05 -4.76415089696736e-06 0.9999999962580982 -0.2600981120713468
1.0 0.0 0.0 0.0 0.0 1.0 0.0 0.0 0.0 0.0 1.0 0.0
0.9411962658596944 -0.3378603096739332 1.669735427854734e-05 -0.4650997371905987 0.337860309996799 0.9411962633212967 -6.956216130147605e-05 -1.0449766752951462 7.786805904584052e-06 7.111301975475487e-05 0.999999997441152 0.10495360106479545
-0.13118360346883054 -0.9913580896256091 -1.7742468733475178e-05 -0.5440402375549525 0.9913580818268725 -0.1311836046624546 0.0001243555726082416 0.6514040233706875 -0.00012560842389927238 -1.2757276443122107e-06 0.9999999921104483 -0.2601689106563453
1.0 0.0 0.0 0.0 0.0 1.0 0.0 0.0 0.0 0.0 1.0 0.0
0.9411965496547613 -0.3378595191548062 1.5311939886978548e-05 -0.4651807070070646 0.3378595194764037 0.9411965491729366 -3.0399510157620695e-05 -1.0449098346002939 -4.140781098372404e-06 3.3785198724013213e-05 0.9999999994207073 0.10497053356698738
-0.13118310454423465 -0.9913581556518655 -1.7454740368347724e-05 -0.5441590031783221 0.9913581497435262 -0.13118310566884722 0.00010827819598421395 0.6513637885856034 -0.00010963223971838441 -3.099629212160535e-06 0.9999999939855825 -0.2601808338624474
1.0 0.0 0.0 0.0 0.0 1.0 0.0 0.0 0.0 0.0 1.0 0.0
0.9411963446591222 -0.3378600902047342 1.5721183511715864e-05 -0.46509678745196936 0.3378600905702391 0.9411963436973422 -4.2551435246105046e-05 -1.0449580949215567 -4.2028868923188953e-07 4.536081579877344e-05 0.9999999989711098 0.10498087757965047
-0.13118415845255596 -0.9913580161907276 -1.7477976893060225e-05 -0.5439771986078199 0.991358009544249 -0.13118415959732546 0.00011481815600979486 0.651355388258116 -0.00011611873307472576 -2.2646092123451865e-06 0.9999999932556556 -0.26018686110607925
1.0 0.0 0.0 0.0 0.0 1.0 0.0 0.0 0.0 0.0 1.0 0.0
0.9411962678633758 -0.33786030411133583 1.6304846283882275e-05 -0.46510050098530087 0.3378603045020685 0.941196266567069 -4.9416400174757124e-05 -1.0449798565729074 1.3497795417909024e-06 5.2019291746056205e-05 0.9999999986460856 0.10501802543227379
-0.1311827773838468 -0.9913581989361582 -1.788620551495361e-05 -0.5440698994082993 0.991358193089739 -0.13118277855380586 0.00010772534963637487 0.6514940272645267 -0.00010914077073252064 -3.599925820590477e-06 0.9999999940376664 -0.2602620329489441
1.0 0.0 0.0 0.0 0.0 1.0 0.0 0.0 0.0 0.0 1.0 0.0
0.9411971644685048 -0.3378578063732108 1.640513778327781e-05 -0.4651424375718989 0.3378578067600073 0.9411971629264989 -5.394837269757669e-05 -1.0447607713946514 2.7864097179683104e-06 5.6318659281703366e-05 0.9999999984102222 0.1049903681917469
-0.13118425737304376 -0.9913580031116345 -1.6852170355511704e-05 -0.5440063175342829 0.9913579998652267 -0.13118425831127584 8.046450596353845e-05 0.6513832693640431 -8.197987142240079e-05 -6.150857437312369e-06 0.9999999966207337 -0.26020787718924987
1.0 0.0 0.0 0.0 0.0 1.0 0.0 0.0 0.0 0.0 1.0 0.0
0.9411966618955131 -0.3378592063828964 1.729343737823384e-05 -0.4651212321002589 0.3378592065496823 0.941196657826077 -8.858127419708085e-05 -1.0449246761340047 1.3651473537893285e-05 8.921514661187046e-05 0.9999999959271476 0.10493261471200821
-0.13118331223292146 -0.9913581281855353 -1.649461950767192e-05 -0.5440998853030834 0.9913581234393888 -0.13118331322003393 9.70739358190182e-05 0.6514614322698282 -9.839885414646484e-05 -3.617594609747775e-06 0.9999999951522894 -0.26007944634559277
1.0 0.0 0.0 0.0 0.0 1.0 0.0 0.0 0.0 0.0 1.0 0.0
0.9411967008013001 -0.3378590980875416 1.5499042512544776e-05 -0.4651106670013263 0.33785909842695405 0.9411967002138494 -3.341687675185822e-05 -1.0448286187521476 -3.297451828995821e-06 3.6688346679702325e-05 0.9999999993215462 0.10497778214317421
-0.1311835110592548 -0.9913581018452776 -1.8217970465695447e-05 -0.5439634212876001 0.9913580940189337 -0.1311835123130115 0.00012458077290565585 0.6513559161791673 -0.00012589405590707225 -1.717589277525471e-06 0.9999999920738684 -0.2602658884576591
1.0 0.0 0.0 0.0 0.0 1.0 0.0 0.0 0.0 0.0 1.0 0.0
0.9411952785974739 -0.33786305993444404 1.6660050330846475e-05 -0.4651081523953735 0.33786306024468077 0.9411952759703881 -7.080342257205767e-05 -1.0452037382160384 8.241500335205448e-06 7.226866262197325e-05 0.999999997354659 0.10492295052165146
-0.13118692183714215 -0.9913576505069185 -1.789688637514506e-05 -0.5441038660067363 0.9913576411239514 -0.13118692305782634 0.00013639565259530056 0.6511217318920037 -0.0001375647111521059 1.5111075561842889e-07 0.9999999905379636 -0.26014983154379434
1.0 0.0 0.0 0.0 0.0 1.0 0.0 0.0 0.0 0.0 1.0 0.0
0.9411967233403369 -0.3378590352666772 1.6189011220980752e-05 -0.46514746676193397 0.3378590356515257 0.9411967220491393 -4.9321161682776336e-05 -1.0448293717356454 1.426555809970979e-06 5.189051948644064e-05 0.9999999986526696 0.1049555253617841
-0.1311823775459327 -0.9913582518472387 -1.7770300196217305e-05 -0.5440989725440346 0.9913582446555214 -0.13118237873504504 0.00011942754841912877 0.6514711015700163 -0.00012072663587376435 -1.9499438634206625e-06 0.9999999927106386 -0.26020306415207883
1.0 0.0 0.0 0.0 0.0 1.0 0.0 0.0 0.0 0.0 1.0 0.0
0.941196283133015 -0.33786026155965665 1.6596330369827403e-05 -0.4651040316503696 0.3378602619110747 0.941196280944924 -6.447343013906065e-05 -1.0449619678510946 6.162605549016191e-06 6.628939333323178e-05 0.9999999977838693 0.10497528421466318
-0.1311836866612135 -0.9913580786268162 -1.718487256637244e-05 -0.5440628207845464 0.9913580720911056 -0.1311836877699935 0.000113854600576036 0.6514441793578807 -0.00011512505302699659 -2.100495889625995e-06 0.9999999933709052 -0.26013231037887596
1.0 0.0 0.0 0.0 0.0 1.0 0.0 0.0 0.0 0.0 1.0 0.0
0.9411963595316375 -0.3378600487330131 1.656861823145007e-05 -0.4651107859242245 0.3378600491034921 0.9411963575864851 -6.071012073195169e-05 -1.0449533571924117 4.9172012194024884e-06 6.273801878889372e-05 0.9999999980198812 0.10496404925011149
-0.13118308295105174 -0.9913581585125341 -1.726542499670403e-05 -0.544047834282253 0.9913581518670809 -0.1311830840711236 0.00011480537736852023 0.6513438768065383 -0.00011607817919425916 -2.0556964733708995e-06 0.9999999932608152 -0.2601415145829249
1.0 0.0 0.0 0.0 0.0 1.0 0.0 0.0 0.0 0.0 1.0 0.0
0.9411957260949096 -0.3378618133388016 1.6373516700475867e-05 -0.46509801624108604 0.33786181362414675 0.9411957234348275 -7.129230912218706e-05 -1.0451167557830843 8.676264941056093e-06 7.263200269706815e-05 0.9999999973246573 0.1048948708821521
-0.13118351354832536 -0.9913581015123702 -1.8409374919255424e-05 -0.5440274929653697 0.991358090389926 -0.1311835148342681 0.00014850645110671174 0.6514096503540632 -0.00014963807993929827 1.2313152755455498e-06 0.9999999888034643 -0.2601976789572763
1.0 0.0 0.0 0.0 0.0 1.0 0.0 0.0 0.0 0.0 1.0 0.0
0.9411957884679525 -0.3378616396130748 1.5752917903081655e-05 -0.46507667787068385 0.337861639895858 0.9411957882521634 -2.152370142910544e-05 -1.0450349007297244 -7.554546927682412e-06 2.5580323813196345e-05 0.9999999996442879 0.10503335755058052
-0.13118279462163052 -0.9913581966729607 -1.686993465185183e-05 -0.5439834689648677 0.9913581910147161 -0.13118279567594787 0.00010595598769598354 0.6514776374391125 -0.00010725338207949421 -2.8245453261419607e-06 0.999999994244367 -0.26013788737215726
1.0 0.0 0.0 0.0 0.0 1.0 0.0 0.0 0.0 0.0 1.0 0.0
0.9411963199874714 -0.33786015887864795 1.686818804902352e-05 -0.4651219654298586 0.3378601591373243 0.941196316813958 -7.799706188970383e-05 -1.044981206564739 1.0475823259057466e-05 7.910963631902746e-05 0.9999999968159611 0.1049396820473133
-0.13118638387154863 -0.9913577216889632 -1.828591054308784e-05 -0.5440962100637989 0.9913577134338835 -0.13118638513909403 0.00012794248355251186 0.6512044889910302 -0.00012923563150497112 -1.343566703252713e-06 0.9999999916481731 -0.2602090177589871
1.0 0.0 0.0 0.0 0.0 1.0 0.0 0.0 0.0 0.0 1.0 0.0
0.9411955145497405 -0.3378624026245633 1.6858423331169425e-05 -0.4650948259326526 0.33786240299501036 0.9411955123786722 -6.419257197469188e-05 -1.0451222010961119 5.8211842129428995e-06 6.611358822736721e-05 0.9999999977975538 0.10497009175221206
-0.13118426509184358 -0.991358002089805 -1.6876707764121943e-05 -0.5440303170263121 0.9913579962075999 -0.13118426615245485 0.00010802450642437044 0.6513535079652786 -0.00010930491738870798 -2.559743704430783e-06 0.9999999940229413 -0.26011989318138606
1.0 0.0 0.0 0.0 0.0 1.0 0.0 0.0 0.0 0.0 1.0 0.0
0.9411959349339022 -0.3378612315249327 1.7214906175972443e-05 -0.4651222717441499 0.3378612316283544 0.9411959305089983 -9.249795899716254e-05 -1.04508252312332 1.5048874703404501e-05 9.287495240079246e-05 0.9999999955738873 0.10489770395408382
-0.1311834732724045 -0.991358106847671 -1.8099461248018628e-05 -0.5441364142306497 0.9913580970670616 -0.13118347452059836 0.0001392561610641807 0.6514192608305991 -0.0001404270744129267 3.250594222059207e-07 0.9999999901400656 -0.2601766118444636
1.0 0.0 0.0 0.0 0.0 1.0 0.0 0.0 0.0 0.0 1.0 0.0
0.9411957250510453 -0.33786181626963424 1.589408050845933e-05 -0.46508273425023106 0.3378618166152714 0.941195724538968 -3.135277261416266e-05 -1.0450550050962994 -4.366535919530112e-06 3.48790984669651e-05 0.9999999993821911 0.10502223272022426
-0.13118290477225605 -0.9913581820791237 -1.7896603724193836e-05 -0.5440145358891897 0.9913581730007008 -0.13118290599294988 0.00013416392096818097 0.6514570002596662 -0.00013535222927556743 -1.4193150269285683e-07 0.9999999908398769 -0.2601762756357576
1.0 0.0 0.0 0.0 0.0 1.0 0.0 0.0 0.0 0.0 1.0 0.0
0.941196222420103 -0.337860430698375 1.6444979310354595e-05 -0.4650740935903741 0.3378604310398875 0.9411962202342555 -6.445380129464456e-05 -1.0450225657944299 6.298436696819921e-06 6.621978209737408e-05 0.9999999977876352 0.10495829430286063
-0.1311825469382989 -0.9913582294476541 -1.6887679018112455e-05 -0.5439619267137061 0.9913582251370302 -0.13118254794469042 9.256293460520154e-05 0.6515041769833156 -9.397839572515894e-05 -4.5990979844864096e-06 0.9999999955734548 -0.2601809725159149
1.0 0.0 0.0 0.0 0.0 1.0 0.0 0.0 0.0 0.0 1.0 0.0
0.9411966537846516 -0.3378592289966095 1.692311000131336e-05 -0.4651087644333529 0.33785922926517103 0.9411966506528253 -7.746126807396946e-05 -1.0448878929110705 1.0243029856705697e-05 7.862391521094985e-05 0.9999999968566802 0.10494780742678744
-0.13118309042133913 -0.9913581575254592 -1.7182368134864578e-05 -0.5440274164410681 0.9913581516610381 -0.1311830915149275 0.00010786934560386304 0.6514176373576004 -0.00010919119188280269 -2.883246597296683e-06 0.9999999940344853 -0.2601496150947502
