1.0 0.0 0.0 0.0 0.0 1.0 0.0 0.0 0.0 0.0 1.0 0.0
0.9411959077181908 -0.3378613074048882 1.5911959001840925e-05 -0.46513651133754763 0.3378613077779113 0.9411959065215307 -4.7473288344361664e-05 -1.0450220584730316 1.0631165895642724e-06 5.005769999330966e-05 0.9999999987465481 0.10494981049157803
-0.13118544399518023 -0.9913578460839169 -1.7077600636580605e-05 -0.5440834649435402 0.9913578409280225 -0.13118544505576604 0.00010117336934547418 0.6512513029703761 -0.00010253934615537634 -3.657539917237295e-06 0.9999999947361525 -0.260143548247908
1.0 0.0 0.0 0.0 0.0 1.0 0.0 0.0 0.0 0.0 1.0 0.0
0.941194991903572 -0.3378638585300186 1.77438071867983e-05 -0.4651005890996345 0.33786385833685073 0.9411949854891667 -0.00011189183613594488 -1.045310974413316 2.1103825147197993e-05 0.00011130702696376389 0.9999999935826871 0.10488024125340134
-0.13118688393838063 -0.9913576555489031 -1.634378522962497e-05 -0.5440736439620508 0.9913576538776615 -0.13118688467669162 5.819795686076377e-05 0.6511407174302244 -5.983908033932365e-05 -8.567727968577296e-06 0.9999999981729393 -0.2602167941602084
1.0 0.0 0.0 0.0 0.0 1.0 0.0 0.0 0.0 0.0 1.0 0.0
0.9411965289077485 -0.33785957688247686 1.675709034550484e-05 -0.46511645035737104 0.3378595771348505 0.9411965257539985 -7.776157844627192e-05 -1.044902106117282 1.0500778776636064e-05 7.885047117416161e-05 0.9999999968361686 0.1049192171778911
-0.1311834147234308 -0.9913581146098306 -1.7284190503467936e-05 -0.5440492928068181 0.9913581097389341 -0.1311834157938449 9.836415715819796e-05 0.6514670630821802 -9.978150453501186e-05 -4.2310764034811444e-06 0.9999999950128746 -0.26021324041010185
1.0 0.0 0.0 0.0 0.0 1.0 0.0 0.0 0.0 0.0 1.0 0.0
0.9411952583063485 -0.33786311648894296 1.606314189414205e-05 -0.46512140875040586 0.33786311685110715 0.9411952566745926 -5.5541900864031554e-05 -1.0451963286537778 3.6470067635842046e-06 5.770291691732439e-05 0.9999999983285364 0.10494327822783789
-0.13118487753579236 -0.9913579210332842 -1.7620522850474295e-05 -0.5440475366659427 0.9913579141457891 -0.13118487870178855 0.0001168781721536495 0.6513006883651546 -0.0001181796479132143 -2.1355960786203956e-06 0.9999999930145052 -0.2601979332231549
1.0 0.0 0.0 0.0 0.0 1.0 0.0 0.0 0.0 0.0 1.0 0.0
0.9411952563981248 -0.3378631217548863 1.7079552972547133e-05 -0.4651040390134966 0.33786312204028696 0.9411952533003209 -7.700736681162487e-05 -1.0452530111826852 9.942755162846527e-06 7.824951944116925e-05 0.9999999968890771 0.10496264887827522
-0.13118579237170133 -0.9913577999572623 -1.853929390367584e-05 -0.5440090116490808 0.9913577907430129 -0.13118579368009897 0.00013516528824625634 0.6512063211385706 -0.00013642925477142152 -6.473080065489227e-07 0.9999999906933197 -0.260237215516981
1.0 0.0 0.0 0.0 0.0 1.0 0.0 0.0 0.0 0.0 1.0 0.0
0.9411963077036919 -0.3378601931331909 1.6153669555612816e-05 -0.46506571327469715 0.3378601935188529 0.941196306709195 -4.327094281666833e-05 -1.0449466520834605 -5.842450284489873e-07 4.6184133532003865e-05 0.9999999989333425 0.10500101029699493
-0.13118329760120767 -0.9913581301109545 -1.7128479617058647e-05 -0.5439574461022971 0.9913581241952871 -0.1311832986902183 0.00010833630263998068 0.6514831936415488 -0.00010964704486601944 -2.768543993249314e-06 0.9999999939849303 -0.26015326020505014
1.0 0.0 0.0 0.0 0.0 1.0 0.0 0.0 0.0 0.0 1.0 0.0
0.94119611259865 -0.3378607366522068 1.606291628488583e-05 -0.4651365382763686 0.33786073703238056 0.9411961113809924 -4.788774134693413e-05 -1.0449628188000197 1.0610332233124323e-06 5.049878473176475e-05 0.9999999987243735 0.10497476114165616
-0.1311844385404177 -0.9913579791199251 -1.789115856329418e-05 -0.5441135740578034 0.9913579726470241 -0.13118443972903027 0.00011332326311207183 0.65131065638806 -0.00011469096271828869 -2.8702940366883907e-06 0.9999999934188722 -0.2602422765504234
1.0 0.0 0.0 0.0 0.0 1.0 0.0 0.0 0.0 0.0 1.0 0.0
0.9411964402607225 -0.33785982389456004 1.5442828956231917e-05 -0.4651327284084914 0.3378598241946108 0.941196439938918 -2.532772099703026e-05 -1.0448972812899653 -5.977516280483665e-06 2.9055872318542177e-05 0.9999999995600127 0.10500606074913177
-0.1311826556531388 -0.9913582150410646 -1.8066098309862925e-05 -0.5440209936911344 0.9913582062547589 -0.13118265689579384 0.0001319890416006473 0.6514942235092169 -0.00013321837946222827 -5.953018202019971e-07 0.9999999911262545 -0.26020387576203974
1.0 0.0 0.0 0.0 0.0 1.0 0.0 0.0 0.0 0.0 1.0 0.0
0.9411960481674128 -0.3378609161192595 1.652575235373763e-05 -0.4651054878160181 0.3378609163699587 0.9411960451397698 -7.617682257967587e-05 -1.0450764619873385 1.0183198305526523e-05 7.728073020787769e-05 0.9999999969619954 0.104910638568117
-0.13118478114621812 -0.9913579337913676 -1.7450757652038914e-05 -0.5440868766775253 0.9913579255754004 -0.13118478230572533 0.00012763321687255408 0.6512777728591344 -0.00012881947600557433 -5.564112832304143e-07 0.9999999917026166 -0.26010614546488975
1.0 0.0 0.0 0.0 0.0 1.0 0.0 0.0 0.0 0.0 1.0 0.0
0.9411960159236676 -0.3378610059141091 1.70915468343977e-05 -0.46513219519924576 0.33786100620461473 0.9411960128586719 -7.658553420440928e-05 -1.0450589133288255 9.788769890648907e-06 7.785656688163921e-05 0.9999999969212674 0.10495841561360342
-0.13118617043741354 -0.9913577499481302 -1.7428320619283374e-05 -0.5440821806999878 0.9913577448608302 -0.13118617153130382 0.00010051570641875037 0.6511936287631537 -0.0001019333792080019 -4.091430031957286e-06 0.9999999947964232 -0.26020727194739135
1.0 0.0 0.0 0.0 0.0 1.0 0.0 0.0 0.0 0.0 1.0 0.0
0.94119578507792 -0.3378616490844376 1.5149342696947175e-05 -0.4650703464986634 0.33786164933614743 0.9411957849098049 -1.9387486382639418e-05 -1.0450798828985093 -7.708209369680347e-06 2.3365802376544514e-05 0.9999999996973115 0.10501196963957027
-0.1311851681495809 -0.9913578825676445 -1.8126296070268666e-05 -0.5439476207806706 0.991357874483717 -0.13118516939481337 0.00012660955999604915 0.6512234403460058 -0.00012789328653098168 -1.3603499270580242e-06 0.9999999918207284 -0.2602193819137385
1.0 0.0 0.0 0.0 0.0 1.0 0.0 0.0 0.0 0.0 1.0 0.0
0.9411954933119573 -0.3378624618313957 1.5952757342331283e-05 -0.4651111962358385 0.33786246220783983 0.9411954923102455 -4.3424983750719865e-05 -1.0451331125430872 -3.429913855149867e-07 4.626123687800614e-05 0.99999999892989 0.10498685358421922
-0.13118368438482486 -0.991358078931618 -1.697746885787848e-05 -0.5440380273234808 0.9913580717624961 -0.13118368547802106 0.00011922981529681146 0.6513801361217908 -0.00012042660757888373 -1.189744331196246e-06 0.9999999927480083 -0.26006925129332237
1.0 0.0 0.0 0.0 0.0 1.0 0.0 0.0 0.0 0.0 1.0 0.0
0.9411960152605948 -0.33786100774635947 1.7383668677087055e-05 -0.4650986260550951 0.3378610078509394 0.941196010743076 -9.346265254062078e-05 -1.0450696829753272 1.5215946363068452e-05 9.383993996630581e-05 0.9999999954812704 0.1049268961558174
-0.1311838747308097 -0.9913580537452958 -1.6880486732971115e-05 -0.5440840498355044 0.991358047967632 -0.13118387578931326 0.00010706400493700403 0.6514013282414641 -0.00010835321123536602 -2.6895353645071138e-06 0.9999999941261741 -0.26010923414978204
1.0 0.0 0.0 0.0 0.0 1.0 0.0 0.0 0.0 0.0 1.0 0.0
0.9411957347076981 -0.3378617893917089 1.5397041272208136e-05 -0.4650741398346412 0.3378617896598866 0.9411957345081571 -2.0771845106159384e-05 -1.0450320901634211 -7.4736168129139506e-06 2.475244393562135e-05 0.9999999996657308 0.10501697615659511
-0.1311849648270928 -0.9913579095000195 -1.658509364961582e-05 -0.544001852112487 0.9913579049816656 -0.1311849658140717 9.473501543386505e-05 0.6513130315311821 -9.609202180041541e-05 -4.013954026822224e-06 0.9999999953751056 -0.2601461798306566
1.0 0.0 0.0 0.0 0.0 1.0 0.0 0.0 0.0 0.0 1.0 0.0
0.9411958845264572 -0.3378613720008765 1.6129020250430765e-05 -0.46511895210844045 0.33786137237559566 0.9411958830531698 -5.2727999573359114e-05 -1.0450246832047054 2.634186821329962e-06 5.507674911464216e-05 0.9999999984798063 0.10496253140174727
-0.13118358605832045 -0.9913580919383292 -1.7241649669998408e-05 -0.5440365741085316 0.9913580858267653 -0.13118358716464548 0.00011011134398874099 0.65143444217092 -0.00011142159332978862 -2.6478478432010914e-06 0.9999999937891086 -0.2601697452300492
1.0 0.0 0.0 0.0 0.0 1.0 0.0 0.0 0.0 0.0 1.0 0.0
0.9411962163377231 -0.33786044765225387 1.6241083700586964e-05 -0.46510940057274297 0.33786044800902143 0.9411962144788658 -5.934472458218349e-05 -1.0450024408828753 4.764188715109291e-06 6.134225005158729e-05 0.9999999981072155 0.10494053885524801
-0.13118407669284934 -0.9913580269928374 -1.8415029890707313e-05 -0.5441135789364608 0.9913580182123185 -0.13118407798194448 0.00013194760829794748 0.6512819348954304 -0.0001332230793459 -9.464623713760752e-07 0.9999999911253575 -0.2602364957501936
1.0 0.0 0.0 0.0 0.0 1.0 0.0 0.0 0.0 0.0 1.0 0.0
0.9411958170585463 -0.3378615599562587 1.598183705507927e-05 -0.4651115033626638 0.3378615603299711 0.9411958157554914 -4.955554153057269e-05 -1.0450648456034242 1.7008744016694604e-06 5.2041116805013793e-05 0.9999999986444147 0.10497667621755569
-0.13118494777711226 -0.9913579117374035 -1.7674025731275042e-05 -0.5440586398434277 0.9913579058691788 -0.13118494892455462 0.00010791820394518613 0.6512601555985169 -0.00010930413146439884 -3.3640411884859833e-06 0.999999994020645 -0.2602064380611787
1.0 0.0 0.0 0.0 0.0 1.0 0.0 0.0 0.0 0.0 1.0 0.0
0.9411957806885028 -0.3378616612670455 1.6125482433421593e-05 -0.4651057954546758 0.3378616616450088 0.9411957792933489 -5.129189909057932e-05 -1.0451087615058703 2.152330230879886e-06 5.3723901297338385e-05 0.9999999985545548 0.10498593630493347
-0.1311834182670876 -0.9913581141515095 -1.6665085704796535e-05 -0.544031270805533 0.9913581094800848 -0.13118341926807622 9.631826322999071e-05 0.6513913147421495 -9.767207471918334e-05 -3.885708846571247e-06 0.9999999952225336 -0.260113590825527
1.0 0.0 0.0 0.0 0.0 1.0 0.0 0.0 0.0 0.0 1.0 0.0
0.941195856702958 -0.3378614495441393 1.539863998785793e-05 -0.4650785861185085 0.3378614496583145 0.9411958567720915 -5.461753811426262e-06 -1.0450815249844054 -1.2647820096715407e-05 1.0343186886709403e-05 0.9999999998665257 0.10508803020534485
-0.13118397092423775 -0.991358041012087 -1.7123855740813705e-05 -0.5439912500696522 0.991358035000953 -0.13118397201508428 0.00010920345598011114 0.6513441300398006 -0.00011050609960448555 -2.6501289847317343e-06 0.9999999938906894 -0.26015333093773585
1.0 0.0 0.0 0.0 0.0 1.0 0.0 0.0 0.0 0.0 1.0 0.0
0.9411960137868645 -0.3378610119166898 1.6073162797372212e-05 -0.46509525587570977 0.33786101229780363 0.9411960125909364 -4.745550968298458e-05 -1.045005227743915 9.053697879036294e-07 5.009543159939653e-05 0.9999999987448139 0.10498651463008124
-0.13118460447933217 -0.9913579571701586 -1.7407214781992218e-05 -0.5440060519779308 0.9913579532301559 -0.13118460551306227 8.856464883463698e-05 0.6513597420021546 -9.008282795045485e-05 -5.6384623894906855e-06 0.9999999959266459 -0.2602312427573823
