1.0 0.0 0.0 0.0 0.0 1.0 0.0 0.0 0.0 0.0 1.0 0.0
0.9411963406357803 -0.3378601013532571 1.6952387999840166e-05 -0.46515462652996575 0.3378601017015241 0.9411963381649409 -6.857946160397184e-05 -1.0449827741531585 7.214738339668647e-06 7.027427383813936e-05 0.9999999975047371 0.10498531395859245
-0.13118388697004255 -0.9913580521223344 -1.7077533371043515e-05 -0.5440866660765522 0.9913580482959808 -0.13118388796711442 8.727321736515229e-05 0.6513686868303918 -8.875930399406813e-05 -5.481110270085042e-06 0.9999999960458716 -0.260213606545325
1.0 0.0 0.0 0.0 0.0 1.0 0.0 0.0 0.0 0.0 1.0 0.0
0.9411965482585064 -0.3378595229931427 1.6404847989722235e-05 -0.4651835237562807 0.33785952327050417 0.9411965455131845 -7.24532621699078e-05 -1.0449106967602138 9.038838338426652e-06 7.373529438551832e-05 0.9999999972407029 0.10494361830736909
-0.13118504182797155 -0.9913578993084788 -1.67114652679183e-05 -0.5441021233348948 0.9913578968412783 -0.13118504268697495 7.032534226974071e-05 0.6512504414057751 -7.190987786521358e-05 -7.341410093917368e-06 0.9999999973875366 -0.26021169911495434
1.0 0.0 0.0 0.0 0.0 1.0 0.0 0.0 0.0 0.0 1.0 0.0
0.9411964336238301 -0.33785984236789735 1.5777301032318425e-05 -0.46514938035011255 0.33785984273372943 0.9411964327719461 -4.0066233473143846e-05 -1.0448900664698062 -1.3127681248754966e-06 4.30407124992044e-05 0.9999999990728868 0.10498888660071104
-0.1311836029620265 -0.9913580897023667 -1.71923056207285e-05 -0.5440504517629279 0.9913580811773308 -0.13118360408859742 0.00013001048665105 0.6513362786973298 -0.00013114229630157968 1.1512950551475101e-08 0.9999999914008492 -0.26007799742583215
1.0 0.0 0.0 0.0 0.0 1.0 0.0 0.0 0.0 0.0 1.0 0.0
0.9411961984509472 -0.3378604975392038 1.4968208306113977e-05 -0.46508645729102227 0.33786049769354487 0.941196198468542 -9.307769315525303e-06 -1.0449536548486016 -1.0943293183675994e-05 1.3817603403715679e-05 0.999999999844659 0.10502549872056222
-0.13118388014032006 -0.991358053018822 -1.7494593677234667e-05 -0.5439971467315985 0.9913580435540583 -0.13118388130535277 0.00013699026712458761 0.6514160632643184 -0.00013810141319959906 6.275086222257294e-07 0.9999999904638028 -0.2600941487563422
1.0 0.0 0.0 0.0 0.0 1.0 0.0 0.0 0.0 0.0 1.0 0.0
0.9411959317874696 -0.33786124034699866 1.605938502170466e-05 -0.46514514533059526 0.33786124072544504 0.9411959305075671 -4.91065905433309e-05 -1.0450450770074693 1.4761857612994315e-06 5.1644766992057217e-05 0.9999999986653194 0.10496900941898413
-0.13118442218050916 -0.991357981299597 -1.7051485550277333e-05 -0.5441076003841658 0.9913579757490522 -0.13118442325121027 0.00010495232295615808 0.651391301314967 -0.00010628221231600876 -3.136016355131548e-06 0.9999999943471284 -0.26012755735127224
1.0 0.0 0.0 0.0 0.0 1.0 0.0 0.0 0.0 0.0 1.0 0.0
0.9411960714606289 -0.3378608512291781 1.6546120325181527e-05 -0.46513247718114314 0.3378608515330527 0.9411960688506594 -7.057921019470426e-05 -1.0450228392220682 8.272808630675057e-06 7.201916166468398e-05 0.9999999973724006 0.10493656971116738
-0.13118329730418246 -0.9913581301480872 -1.7253709181080572e-05 -0.544072150582025 0.9913581253953978 -0.13118329836645065 9.717109862129343e-05 0.6514126364309396 -9.859475711307041e-05 -4.3573796700623545e-06 0.9999999951300435 -0.26018759034854044
1.0 0.0 0.0 0.0 0.0 1.0 0.0 0.0 0.0 0.0 1.0 0.0
0.9411967017341623 -0.337859095490894 1.545343718856745e-05 -0.465167465781235 0.3378590958091989 0.941196701311227 -2.8633117792528503e-05 -1.0448400201785115 -4.870764827331719e-06 3.217048034236812e-05 0.9999999994706679 0.10500172311063949
-0.13118197659022762 -0.9913583049098815 -1.743810375255533e-05 -0.5441214899837661 0.9913582998324089 -0.13118197768474227 0.00010041969528545404 0.6515042399436362 -0.00010183946383508576 -4.114154772300176e-06 0.9999999948058989 -0.2602168885262003
1.0 0.0 0.0 0.0 0.0 1.0 0.0 0.0 0.0 0.0 1.0 0.0
0.9411962333376738 -0.3378604002075411 1.796038332426148e-05 -0.4651302230765708 0.33786039992987055 0.9411962263504663 -0.0001168882788873834 -1.0450614208482287 2.2587675675859426e-05 0.00011608291010295786 0.9999999930072776 0.10489141383604217
-0.13118399010718904 -0.9913580384798262 -1.6762695040171738e-05 -0.5440938604054821 0.9913580355358568 -0.13118399101421632 7.66816041215475e-05 0.6513392316207245 -7.821792188494834e-05 -6.558433628826898e-06 0.9999999969194717 -0.26018832127335034
1.0 0.0 0.0 0.0 0.0 1.0 0.0 0.0 0.0 0.0 1.0 0.0
0.9411955970293098 -0.3378621729191404 1.5588356711194017e-05 -0.46510514089973753 0.33786217323465356 0.9411955966501218 -2.726861699076089e-05 -1.0451145757757487 -5.4586585065895756e-06 3.0931818324382214e-05 0.9999999995067128 0.1050266640687797
-0.13118591826909118 -0.9913577833230363 -1.710939326753738e-05 -0.5440135308789849 0.9913577765023397 -0.13118591937373358 0.00011630307640312782 0.651190080195017 -0.00011754247150238228 -1.704204191545379e-06 0.9999999930904314 -0.2601114810205848
1.0 0.0 0.0 0.0 0.0 1.0 0.0 0.0 0.0 0.0 1.0 0.0
0.941195584538853 -0.3378622077162631 1.5545356577409057e-05 -0.4651301207727272 0.33786220804864375 0.9411955840347538 -3.1080114794387884e-05 -1.0451023998719404 -4.130424762396255e-06 3.4504655309585574e-05 0.9999999993961842 0.10498486786898997
-0.1311845492409541 -0.9913579644726296 -1.7808210174502655e-05 -0.5440510774750322 0.9913579591295785 -0.13118455038431912 0.00010300922576498985 0.6513084154398792 -0.00010445517842117279 -4.141092044705615e-06 0.9999999945359834 -0.2602331154780906
1.0 0.0 0.0 0.0 0.0 1.0 0.0 0.0 0.0 0.0 1.0 0.0
0.9411952604868936 -0.33786311041530304 1.604697865295574e-05 -0.4650757953114919 0.33786311078744197 0.9411952597459281 -3.742762361721633e-05 -1.0452049600194417 -2.457926910639997e-06 4.064838408623885e-05 0.9999999991708338 0.10500624338421838
-0.13118373461470312 -0.9913580722730307 -1.765330893238929e-05 -0.5440467380987855 0.9913580658136025 -0.1311837357757195 0.00011319999921079779 0.6513925959722018 -0.00011453756001347925 -2.65075154356927e-06 0.9999999934370605 -0.2602301879555482
1.0 0.0 0.0 0.0 0.0 1.0 0.0 0.0 0.0 0.0 1.0 0.0
0.9411964931825504 -0.3378596764146949 1.6547731542447637e-05 -0.4651019961686842 0.3378596767488837 0.9411964908512731 -6.660622262059774e-05 -1.044894187065307 6.92888996249944e-06 6.828035438450068e-05 0.9999999976448919 0.10493665712274014
-0.1311847842743272 -0.9913579334007526 -1.6071308627364027e-05 -0.544034970832314 0.9913579308239492 -0.1311847850969037 7.177420867593987e-05 0.6513026335899945 -7.326224235296013e-05 -6.516735184843263e-06 0.9999999972950879 -0.2601322083110581
1.0 0.0 0.0 0.0 0.0 1.0 0.0 0.0 0.0 0.0 1.0 0.0
0.9411965844498156 -0.33785942216424686 1.6578370736909003e-05 -0.46514720605104287 0.33785942240572286 0.9411965813215749 -7.746129051716219e-05 -1.0449631854763548 1.0567520992764517e-05 7.850746082342705e-05 0.9999999968624531 0.10491422001552875
-0.13118375294129744 -0.991358069857988 -1.707869312418792e-05 -0.5441029341178449 0.991358066963218 -0.13118375386887474 7.607773743952407e-05 0.6513453445963742 -7.766072602241524e-05 -6.950937089253586e-06 0.9999999969602481 -0.2602360092620979
1.0 0.0 0.0 0.0 0.0 1.0 0.0 0.0 0.0 0.0 1.0 0.0
0.9411965562356231 -0.33785950078333016 1.6144383770918957e-05 -0.4651317541280946 0.33785950115957775 0.9411965547767949 -5.246419742305809e-05 -1.0449094995506303 2.5304891661692245e-06 5.4833655387620146e-05 0.9999999984934335 0.1049640334648162
-0.13118327303420887 -0.9913581333593623 -1.7270561078079396e-05 -0.5440639575202937 0.991358128706944 -0.1311832740936026 9.614961224303553e-05 0.6514372792077996 -9.758430886413775e-05 -4.5080902770722615e-06 0.9999999952284898 -0.2602196351482242
1.0 0.0 0.0 0.0 0.0 1.0 0.0 0.0 0.0 0.0 1.0 0.0
0.941196484770191 -0.33785969981143094 1.730796200569187e-05 -0.4651834105345074 0.33785969980163877 0.94119647961974 -0.00010000677137432676 -1.0449493450244014 1.74980648464909e-05 9.997368451815323e-05 0.99999999484954 0.10487920330554101
-0.1311835393109923 -0.9913580981305876 -1.6874410552963843e-05 -0.544159129452666 0.9913580950533359 -0.13118354023787518 7.837652190026062e-05 0.6513677155624205 -7.991284460489808e-05 -6.446873959172471e-06 0.9999999967861877 -0.2601963647144563
1.0 0.0 0.0 0.0 0.0 1.0 0.0 0.0 0.0 0.0 1.0 0.0
0.9411962487729223 -0.33786035729786007 1.6196956638743443e-05 -0.465112039043035 0.33786035763062555 0.941196246668111 -6.324212185613062e-05 -1.0449994176410686 6.122491090755923e-06 6.499555741792475e-05 0.9999999978690463 0.10492955084945077
-0.1311821278346921 -0.9913582849277343 -1.55532422386527e-05 -0.5440329925402239 0.9913582843240193 -0.13118212832282516 3.620539059291617e-05 0.6515225851339932 -3.7932821342520494e-05 -1.066933536432148e-05 0.9999999992236328 -0.26018217325578963
1.0 0.0 0.0 0.0 0.0 1.0 0.0 0.0 0.0 0.0 1.0 0.0
0.9411954673656854 -0.3378625341143818 1.587758350593873e-05 -0.4650826358186606 0.33786253444498804 0.9411954669532131 -2.8374836353330365e-05 -1.0451372339769835 -5.357115506543918e-06 3.207070796717526e-05 0.9999999994713855 0.10502137288718039
-0.13118399286148932 -0.9913580380843519 -1.850570842447983e-05 -0.544006279180806 0.991358023757356 -0.1311839941125956 0.00016858403027996584 0.6514108473668507 -0.0001695547862557067 3.7697436928860166e-06 0.9999999856184817 -0.26014933807051766
1.0 0.0 0.0 0.0 0.0 1.0 0.0 0.0 0.0 0.0 1.0 0.0
0.9411961348347933 -0.3378606747545045 1.5049148390410468e-05 -0.46512174435649456 0.3378606750053725 0.941196134661283 -1.9585037182469976e-05 -1.0449961117516384 -7.547186417436926e-06 2.351787673017691e-05 0.9999999996949746 0.10498936060355157
-0.1311824140502555 -0.9913582470028216 -1.8532124521710012e-05 -0.5440145437534056 0.9913582380173681 -0.13118241535643912 0.00013347790315928904 0.6514780653338534 -0.00013475550894604944 -8.620207537588739e-07 0.9999999909201049 -0.2602520700977179
1.0 0.0 0.0 0.0 0.0 1.0 0.0 0.0 0.0 0.0 1.0 0.0
0.9411961602997845 -0.33786060375338944 1.638101731192192e-05 -0.4651347245350763 0.3378606040581516 0.9411961578026332 -6.9014642671994e-05 -1.0450412973377312 7.899578286105278e-06 7.049081709143624e-05 0.9999999974843208 0.10491424545087202
-0.13118377584118204 -0.9913580668335984 -1.6733238165669963e-05 -0.5440766180546888 0.9913580637193575 -0.13118377675961165 7.882696516924687e-05 0.6513378546856194 -8.034087718453475e-05 -6.247811658670364e-06 0.9999999967531541 -0.2602004003053807
1.0 0.0 0.0 0.0 0.0 1.0 0.0 0.0 0.0 0.0 1.0 0.0
0.9411960901030438 -0.33786079926472506 1.7173944115230398e-05 -0.4651173634857173 0.33786079945537467 0.9411960862631386 -8.599026749329747e-05 -1.045038912755115 1.2888691517316424e-05 8.673610604018057e-05 0.9999999961553648 0.10492430138281172
-0.13118330751171978 -0.9913581287819891 -1.8115148915735014e-05 -0.5440656095869087 0.9913581225054683 -0.13118330872052383 0.000111604522327817 0.6514066430631642 -0.00011301645559124389 -3.317949645781423e-06 0.9999999936081361 -0.2602722937495313
