1.0 0.0 0.0 0.0 0.0 1.0 0.0 0.0 0.0 0.0 1.0 0.0
0.9411963314314861 -0.3378601270392856 1.602843831708664e-05 -0.4651122832358112 0.3378601274191616 0.9411963303054106 -4.604277549212504e-05 -1.0449646351793374 4.7011065244245555e-07 4.875066159425386e-05 0.999999998811576 0.1049784069925832
-0.13118431508592587 -0.9913579954587255 -1.776214968175703e-05 -0.543995078995394 0.9913579886908179 -0.13118431626629062 0.00011586475788819399 0.6513594519498151 -0.00011719356958577044 -2.4090100771725857e-06 0.9999999931299317 -0.2602075113907487
1.0 0.0 0.0 0.0 0.0 1.0 0.0 0.0 0.0 0.0 1.0 0.0
0.941196588389981 -0.3378594111624586 1.7088508040925436e-05 -0.465118518519958 0.3378594113573747 0.94119658462975 -8.507962211815421e-05 -1.0449298127443152 1.2661305626227078e-05 8.585016334679864e-05 0.9999999962347205 0.10492386064970172
-0.13118185029314075 -0.9913583216197368 -1.7577430741885666e-05 -0.5441009329807684 0.9913583147444925 -0.13118185145384598 0.00011677371612350722 0.651526626053625 -0.0001180704351340228 -2.106939971125915e-06 0.9999999930274666 -0.26018006864776133
1.0 0.0 0.0 0.0 0.0 1.0 0.0 0.0 0.0 0.0 1.0 0.0
0.9411959671537073 -0.33786114183746463 1.580764391501829e-05 -0.4650815450663828 0.3378611422032677 0.9411959663399674 -3.9172405607810214e-05 -1.0449923024197267 -1.643257002978617e-06 4.220969881045113e-05 0.9999999991078204 0.10498976502158641
-0.13118471423922934 -0.9913579426301256 -1.8279407608562516e-05 -0.5440057828096911 0.991357931408928 -0.1311847155047853 0.00014916614535210527 0.6513837955421411 -0.0001502750218530543 1.4468824379780679e-06 0.9999999887076623 -0.2601777154033671
1.0 0.0 0.0 0.0 0.0 1.0 0.0 0.0 0.0 0.0 1.0 0.0
0.9411957503212603 -0.33786174585809664 1.6214787849245543e-05 -0.4650960696224047 0.33786174624035986 0.9411957489131644 -5.152865102051542e-05 -1.045082164458314 2.1482706022654696e-06 5.397690389796019e-05 0.9999999985409393 0.10495938384824333
-0.131183389727509 -0.9913581179205553 -1.710602054041711e-05 -0.5440721069619627 0.9913581126027347 -0.13118339079663813 0.00010274162199341416 0.6514108615294703 -0.00010409776678902495 -3.480197997893255e-06 0.9999999945757717 -0.26014577816104456
1.0 0.0 0.0 0.0 0.0 1.0 0.0 0.0 0.0 0.0 1.0 0.0
0.9411966645142904 -0.3378591992013383 1.4906544688424675e-05 -0.4651013651417486 0.33785919934731007 0.9411966645404216 -8.624363158942646e-06 -1.0448711123842171 -1.1116169710065713e-05 1.3153535092224223e-05 0.9999999998517077 0.10503056426562651
-0.1311861103143092 -0.9913577579021622 -1.7544225327666302e-05 -0.5440692563148701 0.991357752838187 -0.1311861114190685 0.00010029139403180655 0.6511811706658936 -0.00010172621022285083 -4.2357659150894165e-06 0.9999999948169183 -0.26022678972839286
1.0 0.0 0.0 0.0 0.0 1.0 0.0 0.0 0.0 0.0 1.0 0.0
0.941197302432523 -0.33785742206080305 1.5879891494984332e-05 -0.46515524971552225 0.33785742242917866 0.941197301630432 -3.8898652083296525e-05 -1.044730703718618 -1.8039127107607223e-06 4.197644561800991e-05 0.9999999991173618 0.10499041154199296
-0.1311799339015816 -0.9913585752171212 -1.6883587960159323e-05 -0.5441085835485637 0.9913585714058688 -0.13117993488049223 8.709112297182192e-05 0.6516723099096331 -8.85533195525657e-05 -5.313081885530795e-06 0.9999999960650402 -0.26019517294914896
1.0 0.0 0.0 0.0 0.0 1.0 0.0 0.0 0.0 0.0 1.0 0.0
0.9411954306406799 -0.3378626363893301 1.652743808772893e-05 -0.4651051572960512 0.337862636717273 0.9411954282624184 -6.729319201400697e-05 -1.0451292880406453 7.1803060958449334e-06 6.892004864730993e-05 0.9999999975992351 0.1049383926680525
-0.13118590481291328 -0.9913577850928201 -1.772780895891466e-05 -0.5441062290444876 0.9913577783671921 -0.13118590598837418 0.00011550270887788922 0.6512104150429558 -0.00011683014832486962 -2.422273932339087e-06 0.9999999931724246 -0.26017830608998316
1.0 0.0 0.0 0.0 0.0 1.0 0.0 0.0 0.0 0.0 1.0 0.0
0.9411955895310379 -0.33786219379028615 1.5954224299786644e-05 -0.46509405677799975 0.33786219415064056 0.9411955889005068 -3.4611309127851956e-05 -1.0451186527994176 -3.322192703398787e-06 3.7966340726926696e-05 0.9999999992737599 0.10502678842479918
-0.13118380739595678 -0.9913580626393682 -1.7805027790777542e-05 -0.5441166696269448 0.9913580547620066 -0.1311838085982475 0.0001249805954348095 0.6513842892642385 -0.00012623625231555926 -1.2557273558967266e-06 0.9999999920314158 -0.26016964933711473
1.0 0.0 0.0 0.0 0.0 1.0 0.0 0.0 0.0 0.0 1.0 0.0
0.9411964786794285 -0.33785971680662585 1.675680848222073e-05 -0.4651212441128081 0.3378597171589323 0.9411964763860704 -6.602826031239361e-05 -1.0449248340380222 6.536840231437032e-06 6.780701667364299e-05 0.999999997679739 0.10496734812283193
-0.13118330517009305 -0.9913581290992143 -1.7707523460385235e-05 -0.5440952566713264 0.9913581219687754 -0.13118330635064132 0.00011891785802165369 0.6514459913800543 -0.00012021311671964718 -1.9544595433772604e-06 0.9999999927724932 -0.26019795462649054
1.0 0.0 0.0 0.0 0.0 1.0 0.0 0.0 0.0 0.0 1.0 0.0
0.9411961455854528 -0.33786064470385413 1.7186693594902315e-05 -0.4651211868927163 0.3378606450756429 0.9411961431851579 -6.754593832997323e-05 -1.0449954070519643 6.645064545663903e-06 6.938068419081344e-05 0.9999999975710819 0.10501250448988686
-0.13118291858329786 -0.9913581802573838 -1.7570895779615048e-05 -0.5440955192593719 0.9913581739626404 -0.13118291973102 0.00011175108296266771 0.6514410430769377 -0.00011309035165832306 -2.759217937079811e-06 0.9999999936014794 -0.2602018400382884
1.0 0.0 0.0 0.0 0.0 1.0 0.0 0.0 0.0 0.0 1.0 0.0
0.9411959060589573 -0.3378613120179404 1.610513110757293e-05 -0.46512785807908585 0.33786131239445777 0.9411959052832518 -3.8277078986980645e-05 -1.0450418715326752 -2.225739325742019e-06 4.146753077073026e-05 0.9999999991377448 0.1050032199569394
-0.131184162524801 -0.9913580156480791 -1.769095357154523e-05 -0.5441097057775011 0.9913580100912747 -0.13118416366379368 0.00010503189616991352 0.6513117819716978 -0.00010644498511545985 -3.759547191862119e-06 0.9999999943276654 -0.2602455899200983
1.0 0.0 0.0 0.0 0.0 1.0 0.0 0.0 0.0 0.0 1.0 0.0
0.9411961592282602 -0.3378606067503653 1.613215980125256e-05 -0.4651491668624317 0.33786060710425986 0.941196157418956 -5.854001653543159e-05 -1.0450306694391536 4.594838690029834e-06 6.0548060028661224e-05 0.9999999981564099 0.10495939397692666
-0.13118429937514098 -0.9913579975250256 -1.8456037899706527e-05 -0.5440899599187077 0.9913579890265549 -0.13118430066729234 0.00012981393502084544 0.6513323594325255 -0.00013111322509807023 -1.2669905028113762e-06 0.9999999914038584 -0.26023284802393154
1.0 0.0 0.0 0.0 0.0 1.0 0.0 0.0 0.0 0.0 1.0 0.0
0.9411960796904404 -0.33786082830895825 1.6423509509989194e-05 -0.46512604994788376 0.33786082870391027 0.9411960783236141 -5.0751897381126306e-05 -1.0450236670612894 1.6893353443262758e-06 5.331634738523928e-05 0.9999999985772565 0.10501110108551492
-0.131182379312361 -0.9913582516126311 -1.781837783591567e-05 -0.5441627035135923 0.9913582426451245 -0.13118238052237466 0.00013334186690414098 0.6514347004208245 -0.00013452701726241682 -1.7229237576280733e-07 0.999999990951226 -0.260133639325561
1.0 0.0 0.0 0.0 0.0 1.0 0.0 0.0 0.0 0.0 1.0 0.0
0.9411972776364449 -0.3378574911615275 1.535523020130728e-05 -0.46512849815604795 0.33785749150970873 0.9411972767585054 -4.0658828897777215e-05 -1.0447004267611528 -7.154109245012976e-07 4.34558586278422e-05 0.9999999990555385 0.10493161531341977
-0.13118104737860425 -0.9913584278729868 -1.7142130393384874e-05 -0.5440620153973725 0.9913584222622405 -0.13118104846076864 0.0001055199286408025 0.6516284707126765 -0.00010685679320447073 -3.151780582583667e-06 0.9999999942858461 -0.2601555375473934
1.0 0.0 0.0 0.0 0.0 1.0 0.0 0.0 0.0 0.0 1.0 0.0
0.941195952585632 -0.3378611824464185 1.5242462533225681e-05 -0.46512488820245323 0.3378611827579047 0.9411959521619498 -2.8624999310084256e-05 -1.045016567081102 -4.6748679228192505e-06 3.209156991303621e-05 0.9999999994741383 0.10497739486699853
-0.1311853449836702 -0.991357859158899 -1.85849453361683e-05 -0.5441815549485227 0.9913578499438302 -0.13118534629830478 0.0001351715227317312 0.6512865660196603 -0.00013644142388443876 -6.918086082572212e-07 0.9999999906916296 -0.2602470490110598
1.0 0.0 0.0 0.0 0.0 1.0 0.0 0.0 0.0 0.0 1.0 0.0
0.9411958933451242 -0.33786134748004126 1.5140796091687039e-05 -0.46511117086645015 0.3378613476006015 0.9411958934032237 -6.197910948227832e-06 -1.0449954688057357 -1.2156420559821489e-05 1.094893810307527e-05 0.999999999866171 0.10505840855531756
-0.13118215649918902 -0.9913582810693303 -1.9273940289375723e-05 -0.5441028046323453 0.9913582646326827 -0.13118215783508386 0.00018058296168403353 0.6515668211562384 -0.0001815508115626381 4.581882342812612e-06 0.9999999835091544 -0.2601752150705928
1.0 0.0 0.0 0.0 0.0 1.0 0.0 0.0 0.0 0.0 1.0 0.0
0.9411956300795585 -0.3378620808624898 1.531048080605851e-05 -0.4651125990685472 0.33786208119760386 0.9411956294588975 -3.429713399892664e-05 -1.0450754603421593 -2.822456559079837e-06 3.745314355331322e-05 0.9999999992946479 0.10497310613639754
-0.1311844095674361 -0.991357982962446 -1.7409008002531474e-05 -0.544124734076675 0.9913579773836845 -0.13118441067710293 0.00010522846811720712 0.6513280511399553 -0.00010660287235818743 -3.454224502004305e-06 0.9999999943119479 -0.26016784650114133
1.0 0.0 0.0 0.0 0.0 1.0 0.0 0.0 0.0 0.0 1.0 0.0
0.9411952983635983 -0.33786300490264715 1.6012846849750537e-05 -0.46508598255782374 0.3378630052423685 0.9411952979227319 -2.9270034451088544e-05 -1.045209469298459 -5.181954368093158e-06 3.295896736744792e-05 0.9999999994434269 0.10503900372030994
-0.1311824889332892 -0.9913582371137389 -1.7435805365422326e-05 -0.5440783238015712 0.9913582333050095 -0.13118248996114698 8.709743494788592e-05 0.651505251353429 -8.863203192937925e-05 -5.859470907146111e-06 0.9999999960550147 -0.260283766625097
1.0 0.0 0.0 0.0 0.0 1.0 0.0 0.0 0.0 0.0 1.0 0.0
0.941196512642495 -0.33785962218150967 1.699920229537544e-05 -0.4651411950746791 0.33785962243155065 0.9411965093249225 -7.978089154746659e-05 -1.04492941715435 1.0955152013815377e-05 8.083284096913759e-05 0.9999999966730182 0.10492831436562411
-0.13118293392312871 -0.9913581782191736 -1.8035558899065686e-05 -0.5442920238165527 0.9913581731014448 -0.13118293508047155 0.00010083967019381813 0.6514587865760921 -0.00010233418928776163 -4.651254929175538e-06 0.9999999947530396 -0.26029161747117224
1.0 0.0 0.0 0.0 0.0 1.0 0.0 0.0 0.0 0.0 1.0 0.0
0.9411965582985287 -0.33785949501184 1.6653789940693568e-05 -0.46509329782877273 0.3378594952657866 0.9411965552188075 -7.68309638009259e-05 -1.0449075949113067 1.0283580907535507e-05 7.793967976381592e-05 0.9999999969098271 0.10491546655534634
-0.13118115054528534 -0.9913584142356514 -1.63030537991434e-05 -0.5441384032694572 0.9913584115917307 -0.13118115139107703 7.27051026602488e-05 0.6515472385370789 -7.421546864866589e-05 -6.624630500928977e-06 0.999999997224089 -0.26015133209768726
