1.0 0.0 0.0 0.0 0.0 1.0 0.0 0.0 0.0 0.0 1.0 0.0
0.9411954524925854 -0.3378625755317818 1.619594596603995e-05 -0.4651087707137549 0.3378625759149631 0.9411954516582237 -3.967339457483017e-05 -1.0451308129143269 -1.8393954073981647e-06 4.2812422582240355e-05 0.9999999990818564 0.10502679736574438
-0.13118149999856413 -0.9913583679796757 -1.7169762333219955e-05 -0.5440329567772721 0.991358360756782 -0.1311815011155408 0.0001196774812139223 0.6515645753404509 -0.00012089562765682006 -1.3219159395524185e-06 0.9999999926912497 -0.2600987036785243
1.0 0.0 0.0 0.0 0.0 1.0 0.0 0.0 0.0 0.0 1.0 0.0
0.941195802517408 -0.33786160046459324 1.597231552182588e-05 -0.46507787702009296 0.3378616008047023 0.9411958006576493 -5.9380894481991355e-05 -1.0450777934237032 5.029447750783228e-06 6.128548072694123e-05 0.9999999981093971 0.10492205883828043
-0.13118589055702837 -0.9913577869915312 -1.7029759658804068e-05 -0.5439518441203433 0.9913577817301601 -0.13118589161632743 0.00010219532356529804 0.6512098244505173 -0.00010354619401542997 -3.4760002260724133e-06 0.9999999946330513 -0.26015392505406054
1.0 0.0 0.0 0.0 0.0 1.0 0.0 0.0 0.0 0.0 1.0 0.0
0.9411962970762713 -0.3378602226728347 1.747508478370905e-05 -0.46515950615966517 0.33786022291614826 0.9411962934185267 -8.382289255994681e-05 -1.0449506963991952 1.187293611978344e-05 8.47979321281467e-05 0.9999999963341719 0.10496247913881873
-0.13118556072257967 -0.9913578306290473 -1.7560490970128564e-05 -0.544101110986773 0.9913578267212824 -0.13118556176808774 8.821590689455523e-05 0.6512772970404765 -8.975721295880191e-05 -5.8360769536920535e-06 0.9999999959547916 -0.2602650191002598
1.0 0.0 0.0 0.0 0.0 1.0 0.0 0.0 0.0 0.0 1.0 0.0
0.9411960050604201 -0.3378610362293902 1.6009638401475996e-05 -0.4651560100365373 0.3378610365733538 0.9411960032198555 -5.906393907470885e-05 -1.0450565236107048 4.887195983105843e-06 6.099977652573394e-05 0.9999999981275712 0.10493600024846772
-0.1311844658251492 -0.9913579755061398 -1.8070387756406802e-05 -0.5441510641473428 0.9913579687118294 -0.13118446704226747 0.00011609647819089233 0.6513753737778374 -0.00011746372376978724 -2.684168424373295e-06 0.9999999930975344 -0.2602250312071088
1.0 0.0 0.0 0.0 0.0 1.0 0.0 0.0 0.0 0.0 1.0 0.0
0.9411959154224723 -0.3378612859565423 1.561556396949376e-05 -0.46514198359666636 0.33786128623591716 0.9411959152053047 -2.15374236971025e-05 -1.0450488689170174 -7.4206433552208016e-06 2.5546829740468247e-05 0.9999999996461468 0.10502278897153672
-0.13118333652198344 -0.9913581249243482 -1.911649747778789e-05 -0.5440221719001954 0.9913581121945204 -0.13118333790121212 0.0001588811252434852 0.6514815291386058 -0.00016001586035536885 1.8912612684564585e-06 0.9999999871956735 -0.26024981752541176
1.0 0.0 0.0 0.0 0.0 1.0 0.0 0.0 0.0 0.0 1.0 0.0
0.9411960728955154 -0.3378608473105327 1.4854877280105792e-05 -0.4651289630637194 0.3378608475358088 0.9411960727802312 -1.689539863206251e-05 -1.0450063686417184 -8.273058460189943e-06 2.0920764270398835e-05 0.9999999997469392 0.10497093766708909
-0.13118351499539938 -0.9913581013301211 -1.790500692889533e-05 -0.544104029115914 0.9913580932086302 -0.13118351621267407 0.00012690085729196314 0.6514030834400466 -0.0001281530347088706 -1.1029730124275547e-06 0.9999999917877916 -0.2601703486243715
1.0 0.0 0.0 0.0 0.0 1.0 0.0 0.0 0.0 0.0 1.0 0.0
0.9411965977469197 -0.33785938511248215 1.6764202551346265e-05 -0.4651454917021596 0.3378593853981592 0.9411965948477901 -7.446679288460686e-05 -1.0449396821964037 9.380894498626523e-06 7.575183527880569e-05 0.9999999970868291 0.10493565969035756
-0.13118234716743196 -0.9913582558769867 -1.7209948118233684e-05 -0.544047651908798 0.9913582511159139 -0.13118234822574834 9.725417276413297e-05 0.6515256182354445 -9.867136849520456e-05 -4.30319341326166e-06 0.9999999951227216 -0.2602017220501083
1.0 0.0 0.0 0.0 0.0 1.0 0.0 0.0 0.0 0.0 1.0 0.0
0.9411966689843025 -0.3378591866875165 1.623892468598081e-05 -0.4650938850009396 0.3378591870073112 0.9411966667192401 -6.566086570742821e-05 -1.0448696514139288 6.900104899559723e-06 6.728625797873479e-05 0.9999999977124739 0.10490892595475099
-0.13118225413564805 -0.9913582681965047 -1.668284805395587e-05 -0.5440894093549957 0.9913582651978793 -0.1311822550408699 7.73708178273813e-05 0.6514918590492993 -7.889069359852219e-05 -6.389001018415008e-06 0.9999999968677195 -0.260180702470312
1.0 0.0 0.0 0.0 0.0 1.0 0.0 0.0 0.0 0.0 1.0 0.0
0.9411960535124086 -0.33786090127672747 1.5528833352478934e-05 -0.46509620972452126 0.3378609016201384 0.9411960528910165 -3.433362686004845e-05 -1.0449629004309644 -3.0156865423208873e-06 3.756125974102224e-05 0.9999999992900288 0.10495520039709128
-0.1311850727175869 -0.9913578951878007 -1.857134191242228e-05 -0.5439893030079332 0.9913578826663172 -0.1311850740126309 0.00015758063600846808 0.6513462343832841 -0.00015865509049900562 2.2613809970834324e-06 0.9999999874117242 -0.2601781186662946
1.0 0.0 0.0 0.0 0.0 1.0 0.0 0.0 0.0 0.0 1.0 0.0
0.9411967051198701 -0.3378590860379816 1.5908494219833512e-05 -0.46514189939654216 0.3378590864071642 0.9411967037965441 -4.994633553050022e-05 -1.0448804212061837 1.9018009512075581e-06 5.238415575734517e-05 0.9999999986261419 0.10495498489936372
-0.1311819775076307 -0.9913583047974963 -1.6918091675679515e-05 -0.5440411403607044 0.9913583012375639 -0.13118197847363106 8.420875669739356e-05 0.6515281195003562 -8.570039902664843e-05 -5.7252193967597796e-06 0.9999999963113315 -0.26020339861348496
1.0 0.0 0.0 0.0 0.0 1.0 0.0 0.0 0.0 0.0 1.0 0.0
0.9411950526217167 -0.3378636894769877 1.5918595242231748e-05 -0.465131567038199 0.33786368983919884 0.941195051951447 -3.564203000878162e-05 -1.0452300576821232 -2.94035531679039e-06 3.8924417635255896e-05 0.9999999992381221 0.10501127226728812
-0.13118586091237522 -0.9913577909217022 -1.6598848402988416e-05 -0.5440934246494749 0.9913577876413792 -0.13118586183215494 8.085878977564896e-05 0.6512370299908508 -8.233752544175832e-05 -5.8478676811299e-06 0.9999999965931671 -0.2601588427164093
1.0 0.0 0.0 0.0 0.0 1.0 0.0 0.0 0.0 0.0 1.0 0.0
0.9411961983073371 -0.33786049791690376 1.5464685352580046e-05 -0.4651271625915996 0.33786049826245007 0.941196197620446 -3.603697121634493e-05 -1.0449909556101797 -2.379834012673445e-06 3.914276660602991e-05 0.99999999923109 0.10496839117073364
-0.13118527337180816 -0.9913578686446088 -1.807712257946376e-05 -0.5440764836846341 0.9913578572868684 -0.13118527460541252 0.00015007428568453244 0.6512922804569365 -0.00015114877628424303 1.766638687315094e-06 0.9999999885754631 -0.26011876071713824
1.0 0.0 0.0 0.0 0.0 1.0 0.0 0.0 0.0 0.0 1.0 0.0
0.9411969359234234 -0.3378584430576022 1.62188782525598e-05 -0.46516582149993724 0.3378584433495356 0.9411969334152646 -6.918909070865245e-05 -1.044815319461847 8.110959988651496e-06 7.060024513359663e-05 0.9999999974749088 0.1049175650294264
-0.131182288764315 -0.9913582636026733 -1.7356500587904775e-05 -0.5441236909712472 0.9913582578679723 -0.13118228987319663 0.00010667991291742805 0.651476419064076 -0.00010803487872241192 -3.2119950438236974e-06 0.999999994159074 -0.2601612984763918
1.0 0.0 0.0 0.0 0.0 1.0 0.0 0.0 0.0 0.0 1.0 0.0
0.9411961515563333 -0.3378606281202807 1.61776662131859e-05 -0.4651383103616098 0.3378606285037304 0.941196150237564 -4.985031194860824e-05 -1.045001213223952 1.6161005472698787e-06 5.238471823442352e-05 0.9999999986266147 0.10499731354237785
-0.13118329251068195 -0.9913581307901579 -1.680180036977484e-05 -0.544077639639255 0.9913581279212758 -0.13118329341436008 7.571912304453047e-05 0.6513852693093476 -7.726888379429199e-05 -6.723517493284013e-06 0.9999999969921571 -0.26022779375877825
1.0 0.0 0.0 0.0 0.0 1.0 0.0 0.0 0.0 0.0 1.0 0.0
0.9411961506057483 -0.3378606307420756 1.6717882336475933e-05 -0.4650984405326142 0.3378606310839382 0.9411961482338677 -6.718105553747698e-05 -1.0450098239814527 6.963027336091892e-06 6.887886514209222e-05 0.999999997603609 0.10495277444060225
-0.1311845083600622 -0.991357969892115 -1.725437928927498e-05 -0.544003589501088 0.9913579631181445 -0.13118450948101548 0.00011590715695246078 0.6513079713896035 -0.00011716899109582169 -1.9000429068623854e-06 0.9999999931339086 -0.26015013583523006
1.0 0.0 0.0 0.0 0.0 1.0 0.0 0.0 0.0 0.0 1.0 0.0
0.9411959414773509 -0.3378612133217439 1.6712930539494504e-05 -0.46514438052908247 0.33786121360164767 0.941195938563605 -7.466589769009692e-05 -1.045105712615531 9.496568442065566e-06 7.592189086759625e-05 0.9999999970728407 0.10492463034752675
-0.13118425858689006 -0.9913580029366189 -1.7678416506872045e-05 -0.544121304743328 0.9913579976347283 -0.13118425971508502 0.0001026092902997457 0.6512801308293255 -0.00010404167109669006 -4.0649159175059996e-06 0.9999999945794036 -0.2602273828928354
1.0 0.0 0.0 0.0 0.0 1.0 0.0 0.0 0.0 0.0 1.0 0.0
0.9411961424025087 -0.33786065360011647 1.65993519381036e-05 -0.4651578693584639 0.33786065390564146 0.9411961397730328 -7.084344701170299e-05 -1.0450331312402459 8.31196734378203e-06 7.228584694212887e-05 0.9999999973528337 0.10494575149523244
-0.13118477060909284 -0.991357935174705 -1.806612205394086e-05 -0.5441077573119486 0.9913579286865537 -0.13118477181818905 0.00011346063409470471 0.6513047809217452 -0.00011485010003902585 -3.0256860819171553e-06 0.9999999934001498 -0.26023203933021855
1.0 0.0 0.0 0.0 0.0 1.0 0.0 0.0 0.0 0.0 1.0 0.0
0.9411964423405841 -0.3378598180701861 1.6093762944710253e-05 -0.46512824059139746 0.33785981843973734 0.9411964408045846 -5.38576729668124e-05 -1.044922147451869 3.0489511875368194e-06 5.612808601561804e-05 0.9999999984201708 0.10497458802668502
-0.1311832995547559 -0.9913581298312344 -1.8315148009046517e-05 -0.5440591557730556 0.9913581221675036 -0.13118330081828608 0.00012328398016632066 0.6514334732003486 -0.0001246212175866382 -1.9840714370068472e-06 0.9999999922328077 -0.260244840731253
1.0 0.0 0.0 0.0 0.0 1.0 0.0 0.0 0.0 0.0 1.0 0.0
0.941195928192289 -0.3378612503628726 1.6046567571490456e-05 -0.4651027518293489 0.3378612506720489 0.9411959279102305 -2.407317870972472e-05 -1.0450230786533967 -6.969569796147069e-06 2.8079091168934317e-05 0.9999999995814947 0.10506166313666598
-0.13118494087139973 -0.9913579126457087 -1.798083286266824e-05 -0.5440188381188023 0.9913579008666233 -0.13118494208480658 0.00015283823960260629 0.6513608705094747 -0.00015387621270261073 2.224634702588546e-06 0.999999988158581 -0.2601201104594657
1.0 0.0 0.0 0.0 0.0 1.0 0.0 0.0 0.0 0.0 1.0 0.0
0.9411962153356035 -0.33786045041839874 1.676343661903662e-05 -0.4651073586520482 0.33786045064836695 0.9411962120132642 -7.987218316250214e-05 -1.044975048976025 1.1207968733022278e-05 8.083909875366279e-05 0.9999999966697107 0.10492031917030697
-0.13118458605329816 -0.9913579596138541 -1.7096245899199742e-05 -0.5440627360563184 0.9913579548321344 -0.13118458710123798 9.745833293427435e-05 0.6513460353079763 -9.885885804435679e-05 -4.163468306510635e-06 0.9999999951047958 -0.2601878645346024
