1.0 0.0 0.0 0.0 0.0 1.0 0.0 0.0 0.0 0.0 1.0 0.0
-0.4888310008342238 -0.8723784996729483 7.701808586612389e-05 -5.26595102339534 0.8723785007610622 -0.48883100406092317 -2.964238721244543e-05 -2.533680940415323 6.350820952790794e-05 5.269880447122104e-05 0.9999999965947715 0.008071155079456105
0.9593391330502944 -0.2822559549273674 6.087980430114231e-05 -10.392797178555856 0.28225595517245 0.9593391348983638 4.706172949815241e-06 -2.1869008912829173 -5.973272413102989e-05 1.2668871436060826e-05 0.9999999981357507 -0.06951869199294569
1.0 0.0 0.0 0.0 0.0 1.0 0.0 0.0 0.0 0.0 1.0 0.0
-0.48886762422289937 -0.8723579790425894 4.886089165770132e-05 -5.267240348796655 0.8723579789102687 -0.4888676259004206 -3.127422133012224e-05 -2.532599829314634 5.116882461975876e-05 2.7335234413199726e-05 0.9999999983172683 0.008003866400354331
0.9593356381804199 -0.2822678337880172 5.7667902218092935e-05 -10.392817962752657 0.2822678341153106 0.9593356398140035 2.55122102883555e-06 -2.1881221205092913 -5.604300150444656e-05 1.3830316603233859e-05 0.9999999983339521 -0.06957447254637808
1.0 0.0 0.0 0.0 0.0 1.0 0.0 0.0 0.0 0.0 1.0 0.0
-0.4888448289487273 -0.8723707527939984 5.3663036622777874e-05 -5.266858704875792 0.8723707527648384 -0.4888448308998657 -3.198423788986058e-05 -2.5335970673419084 5.4135011748951004e-05 3.1178734353941736e-05 0.9999999980486435 0.008063800468709387
0.9593342510398268 -0.2822725537417769 1.3636367458038452e-05 -10.393919360279794 0.2822725537524032 0.9593342511328923 1.1788829704084125e-06 -2.187458689507679 -1.3414600670141595e-05 2.7182294548034594e-06 0.9999999999063297 -0.06995252016229792
1.0 0.0 0.0 0.0 0.0 1.0 0.0 0.0 0.0 0.0 1.0 0.0
-0.48887696428338356 -0.8723527453721793 3.787725056047043e-05 -5.268302178613849 0.8723527449033318 -0.4888769654613246 -3.3180557586097375e-05 -2.532299785098523 4.746246581723128e-05 1.6821113229877508e-05 0.9999999987321823 0.0080220224831688
0.9593414047210227 -0.28224823997080883 1.4875347048362217e-05 -10.39262403355866 0.282248240067693 0.9593414047956773 -4.831740227503915e-06 -2.1874663095747024 -1.2906786158978865e-05 8.83382898189646e-06 0.9999999998776892 -0.06965100970094584
1.0 0.0 0.0 0.0 0.0 1.0 0.0 0.0 0.0 0.0 1.0 0.0
-0.48888713009685014 -0.8723470466278175 6.530995989701526e-05 -5.268888952957965 0.8723470472232323 -0.4888871325652621 -2.8513584144388964e-05 -2.5327054420058204 5.680293993913059e-05 4.3033026349290133e-05 0.9999999974607923 0.007982013715919112
0.9593312209543736 -0.28228284701553474 5.2754092530520975e-05 -10.394258968091318 0.2822828474028813 0.9593312222908777 1.0764748846266583e-07 -2.188530623777609 -5.0639035107685016e-05 1.4788305855133073e-05 0.9999999986084971 -0.06944682909066402
1.0 0.0 0.0 0.0 0.0 1.0 0.0 0.0 0.0 0.0 1.0 0.0
-0.48882523441735104 -0.8723817337302681 2.916495232980496e-05 -5.265604816815092 0.8723817329339282 -0.48882523523853044 -3.791031971974299e-05 -2.534251567169939 4.732883512671131e-05 6.911450730557698e-06 0.9999999988561066 0.008196400686186656
0.9593424975572945 -0.2822445258590208 1.7749005753206892e-06 -10.39216005295347 0.28224452586423 0.9593424975268637 -7.654786073184885e-06 -2.1875460903337043 4.5778391500627104e-07 7.844517561043447e-06 0.9999999999691269 -0.06966814624705192
1.0 0.0 0.0 0.0 0.0 1.0 0.0 0.0 0.0 0.0 1.0 0.0
-0.4888693282135184 -0.8723570246251353 3.8977485228999596e-05 -5.267841975233523 0.8723570240209211 -0.4888693294972076 -3.630858349414428e-05 -2.5331982527317862 5.0728944934688005e-05 1.6252130197019865e-05 0.9999999985812211 0.008125178921885523
0.9593331985568946 -0.28227613012606523 2.253108298367865e-05 -10.393610873880204 0.28227613028417053 0.9593331987661536 -4.110192524716681e-06 -2.1882427933416935 -2.0454606670452967e-05 1.0303031057163488e-05 0.9999999997377282 -0.06969529065340282
1.0 0.0 0.0 0.0 0.0 1.0 0.0 0.0 0.0 0.0 1.0 0.0
-0.4888351308995985 -0.8723761870309448 5.56751625065877e-05 -5.26581257061665 0.8723761869073474 -0.4888351330516167 -3.480525299778929e-05 -2.53447607331951 5.7579249370427064e-05 3.155565556775874e-05 0.9999999978444353 0.008200842450549084
0.959334608410776 -0.2822713352346457 4.909373627840755e-05 -10.393407577288276 0.28227133558180434 0.9593346095647978 -1.4857022920822761e-07 -2.187985055269415 -4.7055383207723504e-05 1.4000283070665498e-05 0.9999999987948915 -0.06942724805272224
1.0 0.0 0.0 0.0 0.0 1.0 0.0 0.0 0.0 0.0 1.0 0.0
-0.4888241899189068 -0.8723823168129687 6.828002005460461e-05 -5.265502462093643 0.8723823177616971 -0.48882419237566793 -2.459685885696437e-05 -2.5339726532486253 5.483479037454836e-05 4.75427425467596e-05 0.9999999973664166 0.007803666978102558
0.9593403837464034 -0.28225170152641965 7.140549183927059e-05 -10.392473823063687 0.2822517019475905 0.959340386270195 4.317577324441488e-06 -2.187417387512994 -6.972081566919968e-05 1.601229531275919e-05 0.9999999974413072 -0.0692906970471252
1.0 0.0 0.0 0.0 0.0 1.0 0.0 0.0 0.0 0.0 1.0 0.0
-0.4888256160976836 -0.8723815171443695 7.477705302184262e-05 -5.265079618798245 0.8723815182616015 -0.4888256190620389 -2.7279995844402235e-05 -2.535005799474334 6.035150339746675e-05 5.189895827054524e-05 0.999999996832097 0.007922132791232522
0.9593403235246184 -0.2822519115587974 4.5618917818751945e-05 -10.392075214567804 0.28225191180381687 0.959340324536534 1.108264168099425e-06 -2.1886091733697555 -4.407687710519808e-05 1.1812824263191274e-05 0.999999998958843 -0.06966609918271782
1.0 0.0 0.0 0.0 0.0 1.0 0.0 0.0 0.0 0.0 1.0 0.0
-0.48888402096905625 -0.8723487888534758 6.802206844063086e-05 -5.268508966682187 0.8723487895560833 -0.48888402360323774 -2.873231109845028e-05 -2.532661405629213 5.831949930075765e-05 4.52922012857267e-05 0.9999999972737261 0.007963639431855574
0.9593353041662543 -0.2822689720753165 3.979679762563926e-05 -10.393262468617035 0.2822689722454529 0.9593353049406448 1.3912744064111856e-06 -2.1881212125485945 -3.857118658242934e-05 9.898702508596841e-06 0.9999999992071396 -0.06965244560540934
1.0 0.0 0.0 0.0 0.0 1.0 0.0 0.0 0.0 0.0 1.0 0.0
-0.4888705877390714 -0.872356316432224 7.499637907630985e-05 -5.26796890999117 0.8723563176195293 -0.488870590665462 -2.6300159061822692e-05 -2.532217443688502 5.9606634017555685e-05 5.256619086761872e-05 0.9999999968419225 0.007957628756294827
0.9593379432250172 -0.2822600013669056 4.813676703922229e-05 -10.393183867913399 0.2822600015435754 0.9593379443753003 3.223999568096773e-06 -2.187112866740925 -4.708943326277802e-05 1.0494178824175707e-05 0.9999999988362288 -0.0696745292580544
1.0 0.0 0.0 0.0 0.0 1.0 0.0 0.0 0.0 0.0 1.0 0.0
-0.488860071611838 -0.8723622100651997 6.952573570169272e-05 -5.26727957177909 0.8723622108192236 -0.48886007434819917 -2.9032214625114582e-05 -2.5334438633654344 5.93149632376999e-05 4.6458933984895474e-05 0.9999999971616511 0.008091999742740524
0.9593363180170236 -0.28226552224651424 6.232529698456399e-05 -10.393195493008104 0.2822655225643399 0.9593363199404554 3.818944256200649e-06 -2.188060342547537 -6.086887734327015e-05 1.3928630600869306e-05 0.9999999980504866 -0.06942044735766806
1.0 0.0 0.0 0.0 0.0 1.0 0.0 0.0 0.0 0.0 1.0 0.0
-0.48885758299884213 -0.8723636072214124 1.8443853476968223e-05 -5.267413994575547 0.872363606304451 -0.4888575833339538 -4.015444401757434e-05 -2.5336366085658426 4.404569326725947e-05 -3.5400579157699565e-06 0.9999999990237225 0.008212380690854615
0.9593319024795335 -0.28228053507722345 2.003782775540934e-05 -10.394386880964753 0.2822805351959371 0.9593319026481671 -3.3079298477343747e-06 -2.187833327733884 -1.828916321812662e-05 8.82969137706027e-06 0.9999999997937715 -0.06972095104817275
1.0 0.0 0.0 0.0 0.0 1.0 0.0 0.0 0.0 0.0 1.0 0.0
-0.48889561790781794 -0.872342288923261 7.580672299515596e-05 -5.269123980144158 0.8723422902835614 -0.4888956207640452 -2.4094998494430845e-05 -2.532426870399732 5.8080661035034836e-05 5.434947117905477e-05 0.9999999968363859 0.007833156856301982
0.9593351885923389 -0.28226936048283313 6.37268727607032e-05 -10.393403048006718 0.28226936077079506 0.9593351906131351 4.615896609495344e-06 -2.187381543303232 -6.243835781108252e-05 1.3559951593689794e-05 0.9999999979587895 -0.06947566097783633
1.0 0.0 0.0 0.0 0.0 1.0 0.0 0.0 0.0 0.0 1.0 0.0
-0.4888636731262343 -0.8723601926232645 5.851347950357926e-05 -5.266925754456051 0.8723601928386564 -0.48886367529248115 -3.049639621622006e-05 -2.532989859457274 5.520895672177081e-05 3.6136249992032264e-05 0.9999999978230711 0.007898661337220003
0.9593408081901422 -0.2822502643415176 4.494696488769648e-05 -10.39167357513318 0.28225026476145404 0.9593408091143142 -3.159597908639214e-06 -2.188368594595893 -4.222766031763339e-05 1.5717423950994352e-05 0.9999999989848936 -0.06946434694650647
1.0 0.0 0.0 0.0 0.0 1.0 0.0 0.0 0.0 0.0 1.0 0.0
-0.48885629576505735 -0.8723643273525679 4.95335077894954e-05 -5.267251542908234 0.8723643275845188 -0.4888562972651326 -2.4129558088605517e-05 -2.5319048680068903 4.5264532919804246e-05 3.1415378830034775e-05 0.9999999984820979 0.00762233388668504
0.9593467018437499 -0.2822302330643281 3.472713168249607e-05 -10.391733012378811 0.28223023290286076 0.9593467024720871 9.56713034537738e-06 -2.1867132641937985 -3.601549269304687e-05 6.228515198555779e-07 0.9999999993512481 -0.0702004504526402
1.0 0.0 0.0 0.0 0.0 1.0 0.0 0.0 0.0 0.0 1.0 0.0
-0.4888702919512634 -0.8723564819739726 7.749503426875824e-05 -5.267651365672265 0.8723564836447941 -0.48887029469065335 -2.0296910584341758e-05 -2.532745193756263 5.559116175232349e-05 5.76807389915497e-05 0.9999999967912776 0.0076411855323003375
0.9593377403434852 -0.2822606897406957 5.458720121525129e-05 -10.39294374461497 0.28226068970752277 0.959337741868881 8.47054789406818e-06 -2.188466535178982 -5.475846503984602e-05 7.281704788058812e-06 0.9999999984742437 -0.06986651157448226
1.0 0.0 0.0 0.0 0.0 1.0 0.0 0.0 0.0 0.0 1.0 0.0
-0.48887323314422565 -0.8723548349502834 6.208040022906051e-05 -5.268093322501571 0.8723548353757754 -0.4888732354573757 -2.9153741650729945e-05 -2.532547649640989 5.57818536043709e-05 3.990365338282471e-05 0.9999999976480416 0.00793479471445624
0.9593415778253632 -0.28224764694658494 5.337283164398872e-05 -10.392643829242212 0.2822476472348505 0.9593415792227064 2.2080819970189417e-06 -2.1877163536276143 -5.18260025448469e-05 1.2946051290788456e-05 0.9999999985732325 -0.06946740224084555
1.0 0.0 0.0 0.0 0.0 1.0 0.0 0.0 0.0 0.0 1.0 0.0
-0.48888368459821285 -0.8723489783910482 5.3233171428709644e-05 -5.268714961783381 0.8723489782704807 -0.4888836865696656 -3.341409427253179e-05 -2.5324483132921003 5.517358009836423e-05 3.01022971804558e-05 0.999999998024864 0.008163927856381814
0.9593358169208958 -0.28226722732253595 5.2462996906600924e-05 -10.393362256290857 0.28226722780485036 0.959335818211668 -1.8748211475503414e-06 -2.1879169164614254 -4.980043149617749e-05 1.6607167776328833e-05 0.9999999986220593 -0.0692595870529562
