1.0 0.0 0.0 0.0 0.0 1.0 0.0 0.0 0.0 0.0 1.0 0.0
-0.48864923033657265 -0.8724803222937271 0.00013000657255393696 -5.254673742350533 0.8724803287373563 -0.4886492359421052 -1.339964926308372e-05 -2.5369611125669564 7.521854265361421e-05 0.0001068804488606931 0.9999999914593702 0.007679612213770393
0.9593912520002023 -0.2820786765635889 0.00021404116075936079 -10.382758307890398 0.28207867842015166 0.9593912750764307 2.2089874169743375e-05 -2.1878625320303655 -0.00021158030461101624 3.918361571828334e-05 0.9999999768492092 -0.06877491332095964
1.0 0.0 0.0 0.0 0.0 1.0 0.0 0.0 0.0 0.0 1.0 0.0
-0.48865904467488996 -0.8724748271760769 0.00011832792817198822 -5.255361454720344 0.8724748322502975 -0.4886590496810466 -1.5957196788351114e-05 -2.5366329500639964 7.17442654413809e-05 9.544051074409931e-05 0.9999999928719345 0.007796678871403118
0.9593842970638983 -0.2821023404766129 0.00020011203505251846 -10.384100621542188 0.2821023413695411 0.9593843173627744 2.4334864443905307e-05 -2.1875870070459555 -0.0001988492703597495 3.310558680588181e-05 0.9999999796814939 -0.06897742530490183
1.0 0.0 0.0 0.0 0.0 1.0 0.0 0.0 0.0 0.0 1.0 0.0
-0.4886589872601175 -0.8724748558304284 0.0001418223888394415 -5.2552236768517275 0.8724748637680614 -0.4886589935382633 -1.127275155997926e-05 -2.5368764549277856 7.913797808357467e-05 0.00011822793802100751 0.9999999898796674 0.007724406175484033
0.9593866001305754 -0.28209449065547343 0.00022323020533947867 -10.383605381453448 0.28209449239876594 0.9593866252811029 2.4290323932449908e-05 -2.18780457423793 -0.0002210162399190267 3.9668200169691796e-05 0.9999999747891276 -0.06866803601576477
1.0 0.0 0.0 0.0 0.0 1.0 0.0 0.0 0.0 0.0 1.0 0.0
-0.4886478615394918 -0.8724810879327967 0.00013642758168166418 -5.25462851455389 0.8724810950833772 -0.48864786763422496 -1.3365503522754934e-05 -2.5369162326522385 7.832619592954748e-05 0.00011249946115040236 0.9999999906044392 0.007730121526873912
0.9593905281643523 -0.28208113967522036 0.00021238656731653013 -10.382975620303338 0.2820811420463117 0.9593905507812137 1.9327906272825018e-05 -2.1878472047003257 -0.0002092137036253092 4.136723525654966e-05 0.9999999772591888 -0.06868639029465393
1.0 0.0 0.0 0.0 0.0 1.0 0.0 0.0 0.0 0.0 1.0 0.0
-0.48866405654749057 -0.8724720190812577 0.00012553415715615236 -5.255343019651532 0.8724720249092787 -0.48866406202442003 -1.537846901041221e-05 -2.537240667346225 7.476131506663143e-05 0.00010201013523917421 0.9999999920023389 0.007761380874420659
0.9593855506805389 -0.2820980774103213 0.00019966672258005984 -10.38371495976885 0.2820980787182316 0.9593855708171629 2.2165500608580396e-05 -2.188178303729458 -0.00019781021772217382 3.5060337816329475e-05 0.9999999798209451 -0.06897594786124944
1.0 0.0 0.0 0.0 0.0 1.0 0.0 0.0 0.0 0.0 1.0 0.0
-0.48865888652313194 -0.8724749146647865 0.00012610569904795467 -5.25511601820079 0.8724749203601897 -0.48865889229859055 -1.788843469604074e-05 -2.53707533941418 7.722988174421386e-05 0.00010128271715360355 0.9999999918886783 0.007900095695907439
0.9593861444656844 -0.28209605276130517 0.0002069390288922902 -10.383594009348194 0.2820960550690081 0.9593861659260005 1.855566868955708e-05 -2.188011423629888 -0.00020376892240306873 4.05746322482605e-05 0.9999999784159624 -0.06864960632964359
1.0 0.0 0.0 0.0 0.0 1.0 0.0 0.0 0.0 0.0 1.0 0.0
-0.4886520935482042 -0.8724787161871285 0.00014584724029508835 -5.254841272040002 0.872478724578571 -0.4886521001924137 -1.1631591941239058e-05 -2.5369718240475265 8.141687668156432e-05 0.00012156481244256617 0.9999999892966441 0.007741501673884765
0.959391898513405 -0.282076477825545 0.00021383259660632422 -10.382914715026473 0.2820764793086498 0.9593919216116251 2.381575992668495e-05 -2.187798408521914 -0.00021186713143820195 3.7468498881535435e-05 0.9999999768542149 -0.06882599180447066
1.0 0.0 0.0 0.0 0.0 1.0 0.0 0.0 0.0 0.0 1.0 0.0
-0.4886633016252855 -0.8724724385332424 0.00014712080995832577 -5.255318815219619 0.8724724470949722 -0.48866330835146476 -1.145047463949026e-05 -2.537097389833285 8.188276525265536e-05 0.00012276342634042495 0.9999999891121768 0.007714382449775625
0.9593842013423631 -0.2821026567613878 0.00021275065960842113 -10.383871532119063 0.28210265918121635 0.9593842240288347 1.9169711847037833e-05 -2.188136799185152 -0.00020951745312144232 4.162640812776202e-05 0.9999999771848394 -0.06867039131700961
1.0 0.0 0.0 0.0 0.0 1.0 0.0 0.0 0.0 0.0 1.0 0.0
-0.4886522182835268 -0.8724786494991557 0.00012543810321054586 -5.255030928727416 0.8724786551197755 -0.4886522240171828 -1.7984680350149525e-05 -2.536728984460133 7.698685773390572e-05 0.00010065381364169928 0.9999999919709167 0.007852012712089573
0.9593898194387942 -0.28208355970479587 0.00019925227723988578 -10.38319267364705 0.28208356206345186 0.9593898392901268 1.6746929368618744e-05 -2.1875950010373657 -0.00019588464368977733 4.013895856996237e-05 0.999999980009035 -0.06872471580988856
1.0 0.0 0.0 0.0 0.0 1.0 0.0 0.0 0.0 0.0 1.0 0.0
-0.48865486772745553 -0.872477165069843 0.0001291431485065473 -5.255094606639149 0.8724771712211374 -0.4886548735465145 -1.6037519571725314e-05 -2.536650401574569 7.709879851356251e-05 0.00010483763688659323 0.9999999915324227 0.007839648833954826
0.9593873586429896 -0.282091918833922 0.0002130836090618417 -10.383585105475028 0.28209192004916267 0.959387381624513 2.4952718806061057e-05 -2.187503861295305 -0.0002114686860930563 3.616984142494774e-05 0.9999999769863683 -0.06885831019877653
1.0 0.0 0.0 0.0 0.0 1.0 0.0 0.0 0.0 0.0 1.0 0.0
-0.48867067557690075 -0.8724683122879333 0.00012200270599414787 -5.255829356950936 0.8724683174420027 -0.48867068120997675 -1.9639219827290448e-05 -2.5370684194962507 7.67537424249846e-05 9.684638480127614e-05 0.9999999923648202 0.007943389568737691
0.9593826068158605 -0.282108091712443 0.00019577938443115608 -10.384331188730577 0.2821080935196772 0.9593826260745411 1.889474012146828e-05 -2.1881104964207196 -0.0001931576990458815 3.71036638594838e-05 0.9999999806567104 -0.0688574999604783
1.0 0.0 0.0 0.0 0.0 1.0 0.0 0.0 0.0 0.0 1.0 0.0
-0.4886580993989413 -0.8724753559281092 0.0001232474461464923 -5.255029347552477 0.8724753615794021 -0.4886581046320548 -1.4638942100574813e-05 -2.537025705157909 7.299797965430588e-05 0.00010037692251632787 0.9999999922978843 0.007680353894636699
0.9593862670217426 -0.28209563712961416 0.00020533514526081877 -10.383540848357256 0.2820956386634245 0.9593862882909574 2.2053877895205347e-05 -2.188029857469722 -0.00020321702560349215 3.676596135516459e-05 0.999999978675552 -0.06886517754642904
1.0 0.0 0.0 0.0 0.0 1.0 0.0 0.0 0.0 0.0 1.0 0.0
-0.4886617512866833 -0.8724733078191252 0.00014132439885027552 -5.255231823105779 0.8724733158639618 -0.4886617572736133 -9.14373233766922e-06 -2.536987621732372 7.703749148627506e-05 0.00011883357461996556 0.9999999899719032 0.00763546975098775
0.9593860932493711 -0.2820962137989182 0.0002241428646686413 -10.383586537572523 0.28209621500916 0.9593861187011502 2.6852345062807724e-05 -2.187849467854548 -0.00022261449784284854 3.7468087319945404e-05 0.9999999745194634 -0.06880862714898328
1.0 0.0 0.0 0.0 0.0 1.0 0.0 0.0 0.0 0.0 1.0 0.0
-0.4886512390876716 -0.8724791972057203 0.0001303124934579771 -5.254893182262189 0.8724792034345258 -0.488651245059192 -1.6623991967797607e-05 -2.5368580330110575 7.81814493414179e-05 0.00010557160621612543 0.9999999913711485 0.007874688932051593
0.9593914804707643 -0.28207790326723076 0.00020901789020679606 -10.383034082000986 0.2820779052552528 0.9593915024357049 2.051754193725905e-05 -2.1876234955496088 -0.00020631753293129596 3.927497369560159e-05 0.9999999779452758 -0.06871214516626797
1.0 0.0 0.0 0.0 0.0 1.0 0.0 0.0 0.0 0.0 1.0 0.0
-0.4886607670495309 -0.8724738615869084 0.0001248767062797108 -5.255122995509582 0.8724738675118475 -0.48866077225005095 -1.314922540367869e-05 -2.537130386476761 7.249470319152533e-05 0.00010252615231814246 0.9999999921164531 0.007661048450519542
0.9593833486878814 -0.2821055661047577 0.00019958241658990622 -10.383895056214698 0.2821055673882559 0.9593833688116464 2.227480455765003e-05 -2.188158702183813 -0.00019775989753319443 3.493323428492693e-05 0.9999999798353457 -0.06889334288746413
1.0 0.0 0.0 0.0 0.0 1.0 0.0 0.0 0.0 0.0 1.0 0.0
-0.48866088694746956 -0.8724737946461163 0.00012338362541176718 -5.2553716684651075 0.8724738004597924 -0.48866089198240353 -1.2578101802006727e-05 -2.536867455240099 7.12668166583787e-05 0.00010150255419482496 0.999999992309136 0.0076314084936216775
0.9593880040746565 -0.28208973693369843 0.0001948186976034382 -10.383523577759242 0.2820897376654252 0.9593880233327182 2.4281505590294477e-05 -2.187668258971051 -0.0001937562887263105 3.1660970115064254e-05 0.9999999807280415 -0.0691100306913705
1.0 0.0 0.0 0.0 0.0 1.0 0.0 0.0 0.0 0.0 1.0 0.0
-0.4886582141873757 -0.8724752911531098 0.0001266274088822087 -5.255094305973646 0.8724752970072345 -0.4886582198627808 -1.6512890821660612e-05 -2.5370824428110623 7.628461343762737e-05 0.00010241012643378265 0.9999999918464119 0.007789433041677202
0.9593875528010564 -0.2820912616833474 0.0002088355770734517 -10.383544728405791 0.2820912637033553 0.959387574720963 2.0329120574536458e-05 -2.1879333677098245 -0.000206088925075732 3.9407186604265545e-05 0.9999999779872142 -0.0687293978332224
1.0 0.0 0.0 0.0 0.0 1.0 0.0 0.0 0.0 0.0 1.0 0.0
-0.48865483447300406 -0.8724771820514315 0.00013980613455527743 -5.2549987759610595 0.8724771896124556 -0.4886548407984187 -1.3046989688930762e-05 -2.5367901623704796 7.970014522179866e-05 0.00011560218878054614 0.9999999901420105 0.007799642459278722
0.9593871798471707 -0.2820925231035387 0.00021806873179904023 -10.383475722863002 0.28209252511795674 0.9593872037837907 2.210190651812823e-05 -2.187687885579166 -0.00021544713340845354 4.031127343878948e-05 0.9999999759787667 -0.06867479072979915
1.0 0.0 0.0 0.0 0.0 1.0 0.0 0.0 0.0 0.0 1.0 0.0
-0.4886575965131341 -0.8724756328658657 0.00015305330367880256 -5.255188635097612 0.8724756420356204 -0.4886576039360791 -1.3037733794916795e-05 -2.536899723810734 8.616576569404076e-05 0.00012716429173263057 0.9999999882023518 0.007868211574084794
0.9593885043426273 -0.28208801018844804 0.00022856757770436272 -10.383220645878811 0.2820880126953153 0.9593885305837274 2.1863293105871057e-05 -2.187639394296397 -0.0002254524853612827 4.350078168836038e-05 0.9999999736394289 -0.06851826240810116
1.0 0.0 0.0 0.0 0.0 1.0 0.0 0.0 0.0 0.0 1.0 0.0
-0.48866379254214776 -0.8724721661456718 0.0001309939099580271 -5.255236374409893 0.8724721725953933 -0.4886637983627997 -1.4707638770785683e-05 -2.537399577907621 7.684398705972392e-05 0.00010710145067676651 0.9999999913121406 0.007746342436376258
0.9593867274809547 -0.28209407264551933 0.00020325267141105572 -10.383510133171722 0.2820940745475065 0.9593867482467318 1.984309028831821e-05 -2.1883717420923574 -0.00020059553765082731 3.829917678619167e-05 0.9999999791473015 -0.06880984525668385
