1.0 0.0 0.0 0.0 0.0 1.0 0.0 0.0 0.0 0.0 1.0 0.0
-0.48882196683246637 -0.8723835521615033 0.0001505327752960363 -5.265824823007396 0.8723835609330842 -0.48882197415697154 -1.3963976849116025e-05 -2.5353852563368733 8.576567212147462e-05 0.00012449641992172175 0.9999999885724457 0.0076484033948091
0.9593218123990171 -0.28231482040120537 4.9369013868210767e-05 -10.395848412132738 0.28231482068285035 0.9593218135855601 1.3123668493756043e-06 -2.187232545296382 -4.7731272530370444e-05 1.2678622153022962e-05 0.9999999987804892 -0.06968042701451141
1.0 0.0 0.0 0.0 0.0 1.0 0.0 0.0 0.0 0.0 1.0 0.0
-0.48879389807418827 -0.8723992763260395 0.00016694682706253926 -5.264035808514045 0.8723992877100376 -0.4887939061826349 -9.041047429267406e-06 -2.535319159414783 8.948999495921523e-05 0.00014122508419917785 0.9999999860235081 0.007546748085034305
0.9593336141495832 -0.2822746965203053 0.00011165602348920348 -10.39351701130024 0.28227469729483295 0.9593336203764218 9.087273421172892e-06 -2.187048727833435 -0.00010968048459789192 2.279994337766265e-05 0.999999993725177 -0.06928112513628576
1.0 0.0 0.0 0.0 0.0 1.0 0.0 0.0 0.0 0.0 1.0 0.0
-0.48878038458563017 -0.8724068501695057 0.00015304131753263 -5.263254986059535 0.8724068595930947 -0.4887803916224436 -1.0016241002027373e-05 -2.535304699389215 8.354183238113484e-05 0.00012861855308756278 0.9999999882390151 0.007447959344296318
0.9593392254538903 -0.2822556365665565 7.830669263652503e-05 -10.392534021353933 0.2822556371160635 0.9593392284790598 4.172155576049323e-06 -2.1870203994505673 -7.63002965266426e-05 1.8099992921770297e-05 0.9999999969253276 -0.06949969327257188
1.0 0.0 0.0 0.0 0.0 1.0 0.0 0.0 0.0 0.0 1.0 0.0
-0.48880909919527704 -0.8723907664305269 0.00012325039758571087 -5.2651630759321995 0.8723907719015971 -0.4888091046715129 -1.70637078353393e-05 -2.5351663463063616 7.513213765089003e-05 9.918161383103418e-05 0.9999999922590845 0.00771727850797832
0.9593276474852912 -0.28229499163306726 4.969128583572612e-05 -10.394821412470177 0.2822949919264403 0.9593276486852245 1.1530025596311949e-06 -2.18693903321099 -4.799571124884705e-05 1.2921493900734708e-05 0.9999999987647232 -0.06964581629217864
1.0 0.0 0.0 0.0 0.0 1.0 0.0 0.0 0.0 0.0 1.0 0.0
-0.4887914096249976 -0.8724006730373713 0.0001534951116381698 -5.263909351317434 0.8724006825681079 -0.4887914166244486 -9.432117094255936e-06 -2.53519589097629 8.325567836374583e-05 0.00012929890235376633 0.9999999881751429 0.0075260348235946795
0.9593316733096546 -0.28228130270493695 8.202500398738373e-05 -10.39386041118418 0.2822813031500397 0.9593316766643997 6.339296355090498e-06 -2.186883446180282 -8.047864943697541e-05 1.7072637236511e-05 0.9999999966158561 -0.06945783241985876
1.0 0.0 0.0 0.0 0.0 1.0 0.0 0.0 0.0 0.0 1.0 0.0
-0.4887934803740374 -0.8723995085807459 0.0001759883789443662 -5.263881610286169 0.8723995213799699 -0.4887934891474336 -7.942167983007007e-06 -2.5356626991945532 9.29507172390545e-05 0.00014965009762936654 0.9999999844825065 0.007587912903588873
0.9593323373215301 -0.2822790389149693 0.0001037229569915142 -10.393610834557293 0.2822790395459895 0.9593323427026776 8.808334853982161e-06 -2.1875914365112976 -0.00010199119561973246 2.0828696215045584e-05 0.9999999945819807 -0.06934194696404225
1.0 0.0 0.0 0.0 0.0 1.0 0.0 0.0 0.0 0.0 1.0 0.0
-0.4887954927146859 -0.8723983895590981 0.00012726546532285782 -5.264287017605333 0.8723983951546008 -0.4887954988600654 -2.0635313406024387e-05 -2.5350721451256746 8.02090007936116e-05 0.00010093973952265789 0.9999999916888425 0.007845654705147448
0.95933165779408 -0.28228135917269 6.795352843367349e-05 -10.394089388629052 0.2822813598630346 0.9593316599974824 -5.929094593302143e-07 -2.1867983302063365 -6.502260394690665e-05 1.975081122828195e-05 0.9999999976909834 -0.06932021819666209
1.0 0.0 0.0 0.0 0.0 1.0 0.0 0.0 0.0 0.0 1.0 0.0
-0.48881367666027525 -0.8723881982072018 0.00014539139138778533 -5.265089572339923 0.8723882063360558 -0.48881368357070926 -1.4134854664271662e-05 -2.5354608552572415 8.340038197621109e-05 0.00011992842487197988 0.9999999893307744 0.007586642445861547
0.9593261733995058 -0.2822999938545613 8.062491181465277e-05 -10.394758394108056 0.28229999428840563 0.9593261766398997 6.1837603299360345e-06 -2.187358391885745 -7.909126389620707e-05 1.682816901024257e-05 0.9999999967306923 -0.06957918316689898
1.0 0.0 0.0 0.0 0.0 1.0 0.0 0.0 0.0 0.0 1.0 0.0
-0.488792989017442 -0.8723997842995161 0.00017390098588604752 -5.263845624743641 0.8723997967304193 -0.4887929976905209 -8.569551835277734e-06 -2.535430150332246 9.247765936521944e-05 0.00014752244788210285 0.999999984842505 0.007609969727898069
0.9593339975889908 -0.2822733975903096 0.00010041289436342634 -10.393345542650465 0.2822733986008822 0.9593340025372806 4.2553691527686475e-06 -2.187164526685322 -9.753068136477353e-05 2.426156865477211e-05 0.9999999949495711 -0.0691745130509035
1.0 0.0 0.0 0.0 0.0 1.0 0.0 0.0 0.0 0.0 1.0 0.0
-0.4887954737113418 -0.8723983999224438 0.00012919777212383785 -5.264384041254987 0.8723984060436624 -0.48879547958283365 -1.6488335218443643e-05 -2.535208262163181 7.753568424825824e-05 0.00010465250684141701 0.9999999915180352 0.007626103563893483
0.959332460075413 -0.2822786310377401 7.419646875173478e-05 -10.393890877907639 0.2822786318045106 0.9593324627190273 1.4350644073342235e-07 -2.187020662744658 -7.121958989428202e-05 2.080640729713388e-05 0.9999999972474316 -0.06936287366929206
1.0 0.0 0.0 0.0 0.0 1.0 0.0 0.0 0.0 0.0 1.0 0.0
-0.48880384275521566 -0.8723937054048541 0.00016148598411821593 -5.26453032979179 0.8723937157338862 -0.48880385083817446 -1.2401397473637098e-05 -2.535464487299272 8.975387198759914e-05 0.00013481750698318118 0.9999999868842411 0.0076683600669785745
0.9593283863189754 -0.28229247367763377 8.066966356367052e-05 -10.394447729073486 0.2822924743155954 0.9593283895162324 3.6016883630220267e-06 -2.187434309564452 -7.840542794672799e-05 1.9317237044262076e-05 0.9999999967397163 -0.06937550328726433
1.0 0.0 0.0 0.0 0.0 1.0 0.0 0.0 0.0 0.0 1.0 0.0
-0.488812353140813 -0.8723889453375434 0.0001070971035665939 -5.265053851431444 0.8723889486634002 -0.4888123582308469 -2.628240278551511e-05 -2.535597697996316 7.527886540107733e-05 8.058316643358222e-05 0.9999999939197228 0.008101363830875452
0.959327060162254 -0.28229698670111164 5.422104028628127e-05 -10.394536571699662 0.2822969872894114 0.9593270615155254 -3.3630329232523526e-06 -2.1874797662507603 -5.1066337189724115e-05 1.8532684808005714e-05 0.9999999985243844 -0.06923596377101901
1.0 0.0 0.0 0.0 0.0 1.0 0.0 0.0 0.0 0.0 1.0 0.0
-0.48877974875569663 -0.8724072084516928 0.0001408823725269615 -5.262987452607395 0.872407216104403 -0.48877975521506084 -1.3448852445158035e-05 -2.5353826447631036 8.059332737640153e-05 0.00011633327169523124 0.9999999899856427 0.007575381917292401
0.9593372684480629 -0.2822622873030896 8.082721573895225e-05 -10.392539660259398 0.28226228808925596 0.9593372716201366 1.7464188784712601e-06 -2.1872271380179242 -7.803350880686593e-05 2.1139070137917117e-05 0.9999999967319556 -0.06935914330787957
1.0 0.0 0.0 0.0 0.0 1.0 0.0 0.0 0.0 0.0 1.0 0.0
-0.4887862098027577 -0.8724035898075367 0.00013265585991999285 -5.263526897897258 0.8724035961773179 -0.48878621610458756 -1.7973408043236304e-05 -2.5352872610366575 8.052042151239038e-05 0.0001069442952535129 0.9999999910396898 0.00777256289968048
0.9593330611979609 -0.282276588654974 7.204069749629592e-05 -10.393510896538361 0.2822765891077798 0.959333063761261 4.013951664132917e-06 -2.1870312032858266 -7.024406762737352e-05 1.6484685828738103e-05 0.9999999973970133 -0.06953537255829867
1.0 0.0 0.0 0.0 0.0 1.0 0.0 0.0 0.0 0.0 1.0 0.0
-0.48878229062631035 -0.8724057823573422 0.00015257644295538285 -5.263257067924921 0.8724057917930769 -0.48878229751309044 -9.149818596457172e-06 -2.5352957510561893 8.255901898517577e-05 0.00012863630323307158 0.9999999883183549 0.007455744010362142
0.959336410429807 -0.2822652058836695 7.191037563639217e-05 -10.392863612285083 0.28226520606347694 0.9593364130399578 7.846700023299566e-06 -2.186967316500052 -7.12010922209549e-05 1.2770171963038388e-05 0.9999999973836636 -0.06971216369871258
1.0 0.0 0.0 0.0 0.0 1.0 0.0 0.0 0.0 0.0 1.0 0.0
-0.4888125427441661 -0.8723888352709778 0.00013472390100428169 -5.265072872277122 0.8723888419255862 -0.48881254913059663 -1.720997314050785e-05 -2.535409511204257 8.086852190180985e-05 0.00010911917724545595 0.9999999907766436 0.0077098291576706
0.9593257115758163 -0.2823015692758746 5.562311636630392e-05 -10.394829708124382 0.2823015697361792 0.9593257130528151 -4.426738756254218e-07 -2.187195623743847 -5.323571824057156e-05 1.612716149456167e-05 0.9999999984529365 -0.06949246622014557
1.0 0.0 0.0 0.0 0.0 1.0 0.0 0.0 0.0 0.0 1.0 0.0
-0.48879177956229924 -0.8724004667231436 0.00014796473114378952 -5.263636813263978 0.8724004753390657 -0.48879178643180776 -1.2040508773377521e-05 -2.535670030717526 8.282809073815865e-05 0.00012319920007309099 0.9999999889807324 0.007591731100536986
0.959334826079486 -0.2822705882477698 8.050652479916359e-05 -10.392851492563892 0.2822705888231251 0.959334829278308 4.3595850874377385e-06 -2.1874205129911886 -7.846329587114452e-05 1.854232235752811e-05 0.9999999967498467 -0.06940041783146284
1.0 0.0 0.0 0.0 0.0 1.0 0.0 0.0 0.0 0.0 1.0 0.0
-0.4888000483069793 -0.8723958392871535 0.00011121851581055607 -5.2643208543453825 0.872395843178829 -0.4888000534586184 -2.330562603335934e-05 -2.5353509917326704 7.469534765726923e-05 8.563477974671547e-05 0.9999999935436447 0.007863216849976346
0.9593296514231453 -0.2822881836294359 3.5826537058882696e-05 -10.39416683632538 0.28228818392748906 0.9593296519982161 -3.4498524181467334e-06 -2.1870144361535466 -3.3395606756089316e-05 1.3422953800517813e-05 0.9999999993522789 -0.0695809517805144
1.0 0.0 0.0 0.0 0.0 1.0 0.0 0.0 0.0 0.0 1.0 0.0
-0.48879512742689274 -0.8723985914083878 0.00014530102839703453 -5.26382341568109 0.8723985994647819 -0.48879513441796596 -1.4873095553473442e-05 -2.5355832518376644 8.399770331712693e-05 0.0001194905170380662 0.9999999893332011 0.007692604217448273
0.9593310576877268 -0.28228339901073607 6.632264527767134e-05 -10.393618059157294 0.28228339955868476 0.9593310598183955 1.1427163685314382e-06 -2.1873900449893995 -6.39479434448011e-05 1.7625538474247743e-05 0.9999999978000005 -0.06939483624870679
1.0 0.0 0.0 0.0 0.0 1.0 0.0 0.0 0.0 0.0 1.0 0.0
-0.4887975615150291 -0.8723972315454579 0.00011936826415807431 -5.263965337450825 0.8723972361819653 -0.48879756727044715 -2.307729921115959e-05 -2.5353813666773206 7.847948907312208e-05 9.285641615856722e-05 0.9999999926093279 0.007859033407135091
0.9593312492967172 -0.2822827477338144 6.674314870949045e-05 -10.393689689973474 0.28228274852497187 0.9593312513822744 -2.5510546341102333e-06 -2.1870594547949906 -6.330866966092942e-05 2.1287745892091633e-05 0.9999999977694222 -0.06928890001264554
