1.0 0.0 0.0 0.0 0.0 1.0 0.0 0.0 0.0 0.0 1.0 0.0
-0.4887870997347852 -0.8724030990654416 6.224042442787433e-05 -5.26366336047556 0.8724030996842688 -0.4887871019163824 -2.5718941646860157e-05 -2.534740567452886 5.2859601075550074e-05 4.172765230072538e-05 0.999999997732333 0.00794812253494473
0.95933725270495 -0.28226235022233276 3.492110289679022e-05 -10.393405274388698 0.2822623503047772 0.9593372533126281 2.646886090260004e-06 -2.1862533087005076 -3.4248231224275615e-05 7.317656148829677e-06 0.9999999993867551 -0.06965397852474212
1.0 0.0 0.0 0.0 0.0 1.0 0.0 0.0 0.0 0.0 1.0 0.0
-0.4887921662201322 -0.8724002595117972 7.37941636662111e-05 -5.26346946270584 0.8724002605986616 -0.48879216910814777 -2.6943253903458804e-05 -2.5348915654907884 5.957531102340286e-05 5.12083961725874e-05 0.9999999969142412 0.007997867127541025
0.9593366404389383 -0.28226442955317976 4.604724241634185e-05 -10.39305464817678 0.2822644298791347 0.9593366414479538 -6.057000586263573e-07 -2.1866855494922675 -4.400383930611227e-05 1.357856888751944e-05 0.9999999989396422 -0.06939219594983678
1.0 0.0 0.0 0.0 0.0 1.0 0.0 0.0 0.0 0.0 1.0 0.0
-0.4888098970521219 -0.8723903251827059 7.121451819670542e-05 -5.264559636573153 0.8723903263382021 -0.4888098996145608 -2.345910603148064e-05 -2.534725234925446 5.527585863012374e-05 5.065981356545256e-05 0.9999999971890815 0.007754527993490273
0.9593357182910233 -0.28226756251450497 5.2565822493785355e-05 -10.393431857273189 0.28226756288057187 0.9593357196233435 4.7350445992417237e-07 -2.1864719181303656 -5.0561926099413884e-05 1.4383376864961897e-05 0.999999998618305 -0.06950776698883904
1.0 0.0 0.0 0.0 0.0 1.0 0.0 0.0 0.0 0.0 1.0 0.0
-0.4887750817451436 -0.8724098309173787 7.989830441524047e-05 -5.262565124610839 0.8724098323587764 -0.48877508498262023 -2.6532316070274014e-05 -2.534782102961408 6.219935390724129e-05 5.673573140451706e-05 0.9999999964561485 0.007961408235482359
0.9593405002733787 -0.28225131202750847 3.733595926232269e-05 -10.39238521390263 0.28225131222500605 0.9593405009417992 -2.155828302181444e-08 -2.1863343852116444 -3.581181300818333e-05 1.055880522898737e-05 0.9999999993030128 -0.06960598933008605
1.0 0.0 0.0 0.0 0.0 1.0 0.0 0.0 0.0 0.0 1.0 0.0
-0.48878313969929604 -0.8724053174806425 6.616039106069345e-05 -5.262986405088703 0.8724053184542747 -0.4887831419325175 -2.225469302628371e-05 -2.5350734657042224 5.1753196349160154e-05 4.684095830193139e-05 0.9999999975637658 0.0076538023182260995
0.9593417200561064 -0.2822471668229579 3.130822399987553e-05 -10.392105842020515 0.28224716682346096 0.9593417205563062 4.493933237050471e-06 -2.186612185299637 -3.130368540365359e-05 4.5254398807865715e-06 0.9999999994998 -0.06998282024797292
1.0 0.0 0.0 0.0 0.0 1.0 0.0 0.0 0.0 0.0 1.0 0.0
-0.4887883036430031 -0.8724024206016164 0.0001036833419665759 -5.262972677537258 0.8724024238329221 -0.48878830828985526 -2.3865942980229254e-05 -2.535287457944115 7.149991174357699e-05 7.878820505859592e-05 0.9999999943400907 0.007983900466426441
0.9593384585557917 -0.28225824661743826 6.443792481584415e-05 -10.39230118699265 0.2822582472688627 0.9593384605276618 -1.0608618692541687e-06 -2.187044356651235 -6.151834258131054e-05 1.920586130655602e-05 0.9999999979233142 -0.0692636750121195
1.0 0.0 0.0 0.0 0.0 1.0 0.0 0.0 0.0 0.0 1.0 0.0
-0.48878243919697123 -0.872405711143262 4.792993126769099e-05 -5.262835139718407 0.8724057109297342 -0.48878244085596195 -3.237396481032946e-05 -2.5350441014130993 5.16705405879607e-05 2.599052027593726e-05 0.999999998327324 0.008056260835844958
0.9593410371838713 -0.28224948814781414 2.8552945475595453e-05 -10.39218672216738 0.28224948839814995 0.9593410375217281 -5.07120196142136e-06 -2.186516756892921 -2.59606681789506e-05 1.292406640218255e-05 0.9999999995795059 -0.06961435985064363
1.0 0.0 0.0 0.0 0.0 1.0 0.0 0.0 0.0 0.0 1.0 0.0
-0.4888093943852881 -0.8723906070685462 6.825879338210542e-05 -5.264298217516455 0.8723906075774022 -0.4888093971858396 -3.214884036916539e-05 -2.5350518652021847 6.14118860119386e-05 4.3833675040055075e-05 0.9999999971535946 0.008252063740680132
0.9593314501540914 -0.28228207196331906 2.435866468333877e-05 -10.393714529922379 0.28228207219644097 0.9593314503716245 -6.660274573592732e-06 -2.18681895966391 -2.1487957013285875e-05 1.3265425207851413e-05 0.9999999996811478 -0.06939803985238577
1.0 0.0 0.0 0.0 0.0 1.0 0.0 0.0 0.0 0.0 1.0 0.0
-0.488807419370046 -0.8723917147333471 5.322974874097336e-05 -5.264402060693445 0.8723917144061167 -0.4888074214477276 -3.705643737730316e-05 -2.5351497480518077 5.8346825171884103e-05 2.832373023610363e-05 0.9999999978967072 0.008322317309710392
0.9593280192798798 -0.2822937311310235 2.808324499546404e-05 -10.394338438190985 0.2822937314327884 0.9593280195739613 -7.352239641280656e-06 -2.1869471505467004 -2.4865552644196034e-05 1.4980933512841276e-05 0.9999999995786378 -0.06938595197284433
1.0 0.0 0.0 0.0 0.0 1.0 0.0 0.0 0.0 0.0 1.0 0.0
-0.4888052050193327 -0.8723929560228377 4.275212206012982e-05 -5.264046747301766 0.8723929554876768 -0.4888052064975125 -3.62822388577601e-05 -2.535137485440295 5.2549829460053e-05 1.956170291396078e-05 0.9999999984279275 0.008098846324908565
0.9593329292274505 -0.2822770453555133 2.3774810002573688e-05 -10.393508801858134 0.28227704556279926 0.9593329294435349 -5.798617802760073e-06 -2.1868932701167267 -2.117114142621951e-05 1.2273888128530089e-05 0.9999999997005674 -0.06955744118966767
1.0 0.0 0.0 0.0 0.0 1.0 0.0 0.0 0.0 0.0 1.0 0.0
-0.4888003728961774 -0.8723956618166018 6.855750504575179e-05 -5.263855133469009 0.872395662520654 -0.48880037557960976 -2.912699242155424e-05 -2.534606994179363 5.8921196045487895e-05 4.557198527814552e-05 0.9999999972257435 0.008050327328048668
0.9593366634378682 -0.2822643456656655 7.314254909958766e-05 -10.393139400230815 0.2822643462062822 0.9593366660622931 3.037193845030624e-06 -2.186501864608182 -7.102562073382863e-05 1.7731842391946773e-05 0.9999999973204715 -0.06927387853098882
1.0 0.0 0.0 0.0 0.0 1.0 0.0 0.0 0.0 0.0 1.0 0.0
-0.4887966896545168 -0.8723977257927908 6.491804413705082e-05 -5.263665547352325 0.8723977262781982 -0.488796692169616 -3.0144183058160615e-05 -2.534797858533331 5.802944198212779e-05 4.189997720842267e-05 0.9999999974384879 0.007985893398305272
0.9593359755979151 -0.28226668984793934 4.1543756749321734e-05 -10.393227310606207 0.2822666902802006 0.95933597635816 -4.816406973485197e-06 -2.186391899844047 -3.8494909189321955e-05 1.634697120222776e-05 0.9999999991254592 -0.06930949126306613
1.0 0.0 0.0 0.0 0.0 1.0 0.0 0.0 0.0 0.0 1.0 0.0
-0.4888046772045397 -0.8723932525121648 2.2676254650333563e-05 -5.264441137588227 0.8723932514152095 -0.48880467772785635 -4.377860533153621e-05 -2.5347781910917746 4.9276419242050256e-05 -1.6165755232316535e-06 0.9999999987846107 0.008498336421315672
0.9593335666013691 -0.2822748793833895 -2.1470683305646514e-05 -10.393823300792675 0.28227487903410603 0.9593335667771001 -1.7916698217266643e-05 -2.1863096870689347 2.565498102498202e-05 1.112745546960886e-05 0.9999999996090008 -0.06935805941363113
1.0 0.0 0.0 0.0 0.0 1.0 0.0 0.0 0.0 0.0 1.0 0.0
-0.48880136659706097 -0.8723951073291459 2.6851697992088184e-05 -5.264221773182129 0.8723951065074381 -0.48880136731131113 -3.816370556013457e-05 -2.534694637506078 4.641897670138037e-05 4.770818497514807e-06 0.9999999989112591 0.008235572400248165
0.9593356715236689 -0.2822677263196364 -4.535862515514859e-06 -10.393468907713471 0.2822677262431386 0.9593356714705348 -1.287272865848426e-05 -2.1862420525892645 7.984970561985344e-06 1.1068940193121965e-05 0.9999999999068593 -0.06952081516949729
1.0 0.0 0.0 0.0 0.0 1.0 0.0 0.0 0.0 0.0 1.0 0.0
-0.4888059219886063 -0.8723925531320845 6.219768400063215e-05 -5.264490453950146 0.8723925534574279 -0.48880592438160464 -3.1007650843418334e-05 -2.5348352676226327 5.745344010824156e-05 3.910407300522924e-05 0.9999999975849866 0.008067983917597443
0.9593312676072401 -0.2822826891192901 4.913927802585643e-05 -10.394070284259481 0.2822826894689734 0.9593312687628444 -1.8834824639019005e-07 -2.1866567807463966 -4.7087678485151124e-05 1.4051855921666081e-05 0.999999998792648 -0.0693946119957764
1.0 0.0 0.0 0.0 0.0 1.0 0.0 0.0 0.0 0.0 1.0 0.0
-0.48880497377351284 -0.8723930858612157 3.682148661893319e-05 -5.264257109318676 0.8723930853757684 -0.4888049749014607 -3.316821060496886e-05 -2.534721429472384 4.693424344476151e-05 1.591002400472243e-05 0.9999999987720241 0.007961749947225816
0.9593330259806939 -0.28227671707868013 1.606262448672266e-05 -10.39385885740728 0.28227671718626296 0.9593330260713402 -4.8323576219794394e-06 -2.1864084255309564 -1.4045344110206782e-05 9.169945169620684e-06 0.9999999998593202 -0.069686477366531
1.0 0.0 0.0 0.0 0.0 1.0 0.0 0.0 0.0 0.0 1.0 0.0
-0.4887994112896188 -0.8723961989199563 8.736667226241925e-05 -5.263715728141416 0.8723962011073157 -0.4887994147046038 -2.1862334312777496e-05 -2.5349535861862904 6.177739562054427e-05 6.553205684361111e-05 0.9999999959445517 0.007782596173654038
0.9593365292958926 -0.28226480851969615 3.781338225341455e-05 -10.392812307272939 0.2822648088264979 0.9593365299463833 -2.9279571943933677e-06 -2.186577063769434 -3.544929963967951e-05 1.3482283405627734e-05 0.9999999992807876 -0.06951259386441913
1.0 0.0 0.0 0.0 0.0 1.0 0.0 0.0 0.0 0.0 1.0 0.0
-0.48879405323300174 -0.8723992027531892 6.752520892347198e-05 -5.263482698340193 0.8723992034900081 -0.4887940557941154 -2.7754979532953283e-05 -2.5346587834847014 5.721934275502947e-05 4.534246953702244e-05 0.9999999973350039 0.007997720480124343
0.9593400063887703 -0.2822529867183072 6.0254382809883743e-05 -10.392514812821824 0.2822529872113196 0.9593400081358926 3.3464661256475804e-07 -2.1862338306283178 -5.789889510093251e-05 1.6685939657220198e-05 0.9999999981846487 -0.0693216641476839
1.0 0.0 0.0 0.0 0.0 1.0 0.0 0.0 0.0 0.0 1.0 0.0
-0.4887818348333216 -0.8724060460166085 9.386500087747889e-05 -5.263078780184692 0.8724060488557502 -0.48878183842492323 -1.8597070120707043e-05 -2.5347915590446064 6.210370410415313e-05 7.279848448524836e-05 0.9999999954217551 0.007665509514001051
0.9593403041792706 -0.2822519795096374 2.8984743216573644e-05 -10.392427018755646 0.2822519796448031 0.9593403045771774 -5.989390217605548e-07 -2.186179367674278 -2.763718066098977e-05 8.755587495694825e-06 0.9999999995797632 -0.06966548335312459
1.0 0.0 0.0 0.0 0.0 1.0 0.0 0.0 0.0 0.0 1.0 0.0
-0.48877172545132636 -0.8724117099375117 9.3612184166924e-05 -5.262494355718956 0.8724117123750017 -0.48877172944946395 -2.4533620559716596e-05 -2.5351417743326436 6.715840701625797e-05 6.967702583566998e-05 0.99999999531743 0.007907846410864311
0.959338189398804 -0.28225916698322223 3.185850301154892e-05 -10.392590889931862 0.28225916723544325 0.9593381898467314 -3.626463660579557e-06 -2.1867782701026144 -2.9539475998364435e-05 1.2471359611463176e-05 0.9999999994859423 -0.06959876201495069
