1.0 0.0 0.0 0.0 0.0 1.0 0.0 0.0 0.0 0.0 1.0 0.0
-0.4886654648359538 -0.8724712277035435 0.0001424995865767848 -5.25562860364034 0.8724712361853113 -0.4886654704415579 -5.234973685315075e-06 -2.5365951706085426 7.420199143049551e-05 0.0001217686396072231 0.9999999898332315 0.007429339384771777
0.9593842723926191 -0.2821024114413627 0.0002175882637024103 -10.38406394980841 0.28210241216561766 0.9593842964458064 2.7991506351835847e-05 -2.1874349393986137 -0.0002166472347287304 3.452756309484849e-05 0.9999999759359113 -0.0689656940770968
1.0 0.0 0.0 0.0 0.0 1.0 0.0 0.0 0.0 0.0 1.0 0.0
-0.488663221566554 -0.8724724839666236 0.00014355941731802605 -5.255284859852649 0.8724724921973676 -0.48866322785244715 -1.018537748083925e-05 -2.536899093950872 7.903866984609341e-05 0.00012027442323320568 0.9999999896434759 0.0076626273691559055
0.9593857252978624 -0.2820974640936107 0.0002254920149838053 -10.383597595283385 0.28209746600945707 0.9593857509358514 2.3922691993232483e-05 -2.187765411036189 -0.00022308235687085843 4.0659636823291255e-05 0.9999999742905277 -0.06866292457078224
1.0 0.0 0.0 0.0 0.0 1.0 0.0 0.0 0.0 0.0 1.0 0.0
-0.4886639288224857 -0.8724720883181576 0.00014061836965590743 -5.25545161289394 0.8724720962383897 -0.4886639348179639 -9.675519962511506e-06 -2.536760998983759 7.715674693099082e-05 0.00011795752614502833 0.9999999900664291 0.007602977556773971
0.9593867961316606 -0.2820938228508492 0.00022476125170105293 -10.383660200923984 0.2820938247358431 0.9593868216070965 2.392772244725511e-05 -2.1875236127081976 -0.000222382845587188 4.044782016737167e-05 0.9999999744549217 -0.06869983782444139
1.0 0.0 0.0 0.0 0.0 1.0 0.0 0.0 0.0 0.0 1.0 0.0
-0.4886705798637662 -0.872468364700246 0.00013028004057702525 -5.255865594850331 0.872468371478649 -0.4886705850406301 -9.243502615399192e-06 -2.5366768033014537 7.17286872588477e-05 0.00010914818705535752 0.9999999914708341 0.007506951405807122
0.9593848889797715 -0.28210031887719905 0.00021186470792353712 -10.383912947235444 0.28210032012025205 0.9593849116919999 2.461269125687251e-05 -2.1874423595502392 -0.00021020305215386413 3.615405785844483e-05 0.9999999772537803 -0.06888892508921834
1.0 0.0 0.0 0.0 0.0 1.0 0.0 0.0 0.0 0.0 1.0 0.0
-0.4886622020457953 -0.8724730557177912 0.00013906190794913808 -5.255395047180063 0.8724730637206644 -0.48866220750561984 -6.1328676087142525e-06 -2.536903051573425 7.330506066125516e-05 0.00011833086828470224 0.999999990312087 0.007367040693601695
0.9593852602939639 -0.28209905246312855 0.00021663353545060504 -10.38395756060585 0.2820990539583318 0.9593852840060946 2.4256142341021876e-05 -2.1878537405614367 -0.00021467766070432868 3.7841129972698164e-05 0.9999999762407751 -0.06883405085209868
1.0 0.0 0.0 0.0 0.0 1.0 0.0 0.0 0.0 0.0 1.0 0.0
-0.48865589941878557 -0.872476584387461 0.00014716931529385868 -5.255124795147422 0.8724765933872066 -0.48865590547462573 -6.018917716825068e-06 -2.536625889131791 7.716651979428636e-05 0.000125460603208278 0.9999999891524827 0.00752018886137476
0.9593866303955116 -0.28209438714810764 0.0002239595475220081 -10.383735923513438 0.2820943888195618 0.9593866557255225 2.4745019003974614e-05 -2.1874812994492245 -0.00022184423228584115 3.94376912772346e-05 0.9999999746149022 -0.06870555414418633
1.0 0.0 0.0 0.0 0.0 1.0 0.0 0.0 0.0 0.0 1.0 0.0
-0.488661200181535 -0.872473614998683 0.00015022739983089 -5.25542511638049 0.8724736243220541 -0.488661206579457 -6.829970192815989e-06 -2.5365481061609643 7.93692712471174e-05 0.0001277319025713148 0.99999998869254 0.007619685233870244
0.9593867727181733 -0.2820939033331073 0.0002236866093311676 -10.383784230831115 0.2820939049067376 0.959386798003057 2.5137810701297757e-05 -2.1873027946970183 -0.00022169320302437153 3.8983746019660173e-05 0.9999999746661955 -0.0686387358237851
1.0 0.0 0.0 0.0 0.0 1.0 0.0 0.0 0.0 0.0 1.0 0.0
-0.4886755593435894 -0.8724655745853279 0.00013734527121102828 -5.255960096847938 0.8724655821879262 -0.48867556499131387 -8.826233151045033e-06 -2.536877830531914 7.481786258548523e-05 0.00011551585758590367 0.9999999905291871 0.007572854157923775
0.9593802650354738 -0.2821160401855952 0.00021663440438424058 -10.384598350399244 0.2821160410878476 0.9593802888485327 2.7015296164112916e-05 -2.187845901787412 -0.00021545622583092554 3.519809853435913e-05 0.9999999761698541 -0.06888717771076783
1.0 0.0 0.0 0.0 0.0 1.0 0.0 0.0 0.0 0.0 1.0 0.0
-0.4886627438041034 -0.8724727529224414 0.0001350028953579169 -5.25538093875888 0.8724727602783798 -0.48866274924469694 -8.534606725425089e-06 -2.536745930327541 7.341709782642982e-05 0.00011361580441875316 0.9999999908506892 0.007501020732713831
0.959385384501528 -0.2820986290905563 0.00021787630451783688 -10.383908299756744 0.28209863041637934 0.9593854085190109 2.5258936803047964e-05 -2.18764748170139 -0.00021615285886088657 3.7229552307774824e-05 0.9999999759459508 -0.06882409524992988
1.0 0.0 0.0 0.0 0.0 1.0 0.0 0.0 0.0 0.0 1.0 0.0
-0.48867151555119526 -0.8724678407779681 0.00012921736868455998 -5.255735667594331 0.8724678473919757 -0.4886715207260001 -9.927253376329763e-06 -2.536945691657813 7.18060573773993e-05 0.00010788683354919339 0.9999999916021606 0.007512679824223822
0.9593830574531118 -0.2821065479619934 0.00021135015237044156 -10.384185710363957 0.28210654907478716 0.9593830800763593 2.5145810655449232e-05 -2.18790862762809 -0.0002098595579954816 3.549879742289753e-05 0.9999999773494005 -0.06897742593802411
1.0 0.0 0.0 0.0 0.0 1.0 0.0 0.0 0.0 0.0 1.0 0.0
-0.4886572744909594 -0.8724758136177282 0.00015079506047757863 -5.2552351116211895 0.8724758231299735 -0.48865728074485143 -5.35920428915133e-06 -2.536638601584322 7.836288032525753e-05 0.00012894623035273405 0.9999999886160642 0.007465604819401422
0.9593868505674232 -0.28209363911108504 0.00022300534720765165 -10.383600665395567 0.2820936408542787 0.9593868756666936 2.4250304057953535e-05 -2.1874407556442534 -0.00022078925983578138 3.964296748831735e-05 0.9999999748402685 -0.0687328289937788
1.0 0.0 0.0 0.0 0.0 1.0 0.0 0.0 0.0 0.0 1.0 0.0
-0.48865509886413894 -0.8724770331642228 0.00014475853646185206 -5.25498422225212 0.8724770419652574 -0.48865510456934924 -4.676719741933857e-06 -2.5368270065053906 7.481732833745012e-05 0.00012401319674361312 0.9999999895115473 0.007346175831436069
0.9593881874072118 -0.28208909624005757 0.00021827957067467198 -10.38330410153215 0.2820890974430656 0.9593882115354806 2.589417596755651e-05 -2.187670401066086 -0.00021671931162089143 3.6731720535960816e-05 0.9999999758417599 -0.06893844267903365
1.0 0.0 0.0 0.0 0.0 1.0 0.0 0.0 0.0 0.0 1.0 0.0
-0.4886684043408917 -0.8724695814377432 0.0001416501914049234 -5.255772740514264 0.8724695896964414 -0.48866841007790635 -6.8450709363377e-06 -2.5366588395369547 7.519208999581262e-05 0.00012024051448340781 0.9999999899441843 0.007484385958310441
0.9593834666879075 -0.282105154354092 0.00021385215863982583 -10.384248882363998 0.2821051555338238 0.9593834898431013 2.525288761129828e-05 -2.1875549045948475 -0.00021229020002383518 3.610159361392866e-05 0.9999999768147727 -0.06884820416946896
1.0 0.0 0.0 0.0 0.0 1.0 0.0 0.0 0.0 0.0 1.0 0.0
-0.48868098218574213 -0.8724625357242966 0.00014631304936727196 -5.256253256626007 0.8724625445420267 -0.4886809882964844 -6.98732684995144e-06 -2.536808139217456 7.759658646691151e-05 0.00012423808160279018 0.9999999892718342 0.007468031805885428
0.9593796457015813 -0.2821181499793092 0.00021181539056794584 -10.384625249724733 0.282118151926854 0.959379668276313 2.1246360974778924e-05 -2.1877194795359785 -0.00020920536319089705 3.937364027225659e-05 0.9999999773414159 -0.06877687842972205
1.0 0.0 0.0 0.0 0.0 1.0 0.0 0.0 0.0 0.0 1.0 0.0
-0.4886755240055425 -0.8724655937426538 0.00014132652628406255 -5.2560311318511275 0.8724656019090771 -0.48867552980314105 -7.553245722555837e-06 -2.5368351562574105 7.565276212111433e-05 0.00011961144650872706 0.9999999899848806 0.007488500458261105
0.9593812471161394 -0.28211270593782256 0.00020935692086846176 -10.384503440523723 0.2821127071914485 0.959381269287038 2.4130977539343557e-05 -2.1878238927313234 -0.00020766076384736457 3.591144038964526e-05 0.9999999777936877 -0.06892039958837051
1.0 0.0 0.0 0.0 0.0 1.0 0.0 0.0 0.0 0.0 1.0 0.0
-0.4886729061374625 -0.8724670599231268 0.00014197274820932208 -5.255979741887716 0.8724670679555402 -0.48867291231158977 -1.0294226065131523e-05 -2.5366258968021 7.835960948556744e-05 0.00011883603799210817 0.9999999898688836 0.007598062630422703
0.9593829496118762 -0.28210690599343746 0.00022267650778220574 -10.38421733987388 0.28210690722005194 0.9593829747263404 2.6532529388543872e-05 -2.1875107313678583 -0.00022111706021174453 3.7363724615557e-05 0.9999999748555988 -0.06888027552227438
1.0 0.0 0.0 0.0 0.0 1.0 0.0 0.0 0.0 0.0 1.0 0.0
-0.4886478528874744 -0.8724810919593916 0.00014156910084287477 -5.254677850788451 0.8724811002504628 -0.488647858550765 -6.2845614722282745e-06 -2.536595307901287 7.466059901959343e-05 0.00012044542739509366 0.999999989959347 0.007448724476874502
0.959392773991476 -0.28207348591446657 0.00023185556398673296 -10.382867860683408 0.2820734872623139 0.9593928012159647 2.754383306810102e-05 -2.1872683637258845 -0.00023020994401969465 3.8974953061334696e-05 0.999999972742167 -0.06875099662759976
1.0 0.0 0.0 0.0 0.0 1.0 0.0 0.0 0.0 0.0 1.0 0.0
-0.48866928134090915 -0.8724690923204679 0.00012813765143853334 -5.255745906342211 0.8724690988198521 -0.4886692864364384 -9.908425826609463e-06 -2.536627817117882 7.126172998137498e-05 0.00010695419794756278 0.9999999917412826 0.007553294424082313
0.9593829178812678 -0.28210702035548735 0.00021434498715998924 -10.384222220327562 0.28210702122691544 0.9593829411955768 2.678437748679817e-05 -2.1875670289060807 -0.00021319498513694846 3.477175161570605e-05 0.9999999766694115 -0.06888375869761582
1.0 0.0 0.0 0.0 0.0 1.0 0.0 0.0 0.0 0.0 1.0 0.0
-0.48866562159597526 -0.8724711415032855 0.00013234112464700746 -5.255565917181077 0.8724711484593857 -0.4886656269962344 -9.916519755659281e-06 -2.536675004432354 7.332243596397462e-05 0.00011061795071870998 0.9999999911937447 0.007578998519877561
0.9593864756148901 -0.28209492180285745 0.0002133079473147371 -10.383680567885909 0.2820949229886335 0.9593864986503043 2.5130595240440076e-05 -2.1874514540408185 -0.00021173397800777522 3.606313577277954e-05 0.999999976934086 -0.06884938944261282
1.0 0.0 0.0 0.0 0.0 1.0 0.0 0.0 0.0 0.0 1.0 0.0
-0.4886708648345196 -0.8724682043153175 0.0001353539327553558 -5.255766367972263 0.8724682119842121 -0.4886708698650023 -4.738466221752545e-06 -2.536854779807669 7.027768517492525e-05 0.00011577645330952192 0.9999999908284298 0.007341373586711192
0.9593850374682082 -0.28209981319346844 0.00021278706636444232 -10.383830017107144 0.28209981342368357 0.9593850605429189 2.9553049642536324e-05 -2.187676055316011 -0.00021248164233025172 3.1674438081778876e-05 0.9999999769241407 -0.06912811538147781
