1.0 0.0 0.0 0.0 0.0 1.0 0.0 0.0 0.0 0.0 1.0 0.0
-0.48877936234467495 -0.8724074243001794 0.00014481664239834023 -5.263099651621667 0.8724074326447124 -0.4887793687880029 -1.0651893139387684e-05 -2.535276098388074 8.007617771910988e-05 0.00012113268966252123 0.9999999894573384 0.007461074287814534
0.9593361386139149 -0.2822661271946053 8.116589833076667e-05 -10.393067585886488 0.2822661275827242 0.9593361419086882 6.870694316672533e-06 -2.187106205336441 -7.980474403508548e-05 1.6319078458237144e-05 0.9999999966824451 -0.06956190313493274
1.0 0.0 0.0 0.0 0.0 1.0 0.0 0.0 0.0 0.0 1.0 0.0
-0.48880105526063145 -0.8723952755606302 0.0001074969072329653 -5.264344110786151 0.8723952791452843 -0.48880106013129004 -2.3228173670347365e-05 -2.5355928081418924 7.280875118622272e-05 8.242583859091661e-05 0.9999999939524333 0.007939769562604504
0.9593310044428761 -0.28228358329606446 5.016131434882379e-05 -10.39384554046666 0.2822835837693772 0.9593310056118265 -2.4737809519968476e-06 -2.1874193582438863 -4.742299638563102e-05 1.6532890346412414e-05 0.9999999987388617 -0.06937894378526421
1.0 0.0 0.0 0.0 0.0 1.0 0.0 0.0 0.0 0.0 1.0 0.0
-0.4888097583141075 -0.8723903981923048 0.00011540700263037186 -5.264565841348169 0.8723904023880288 -0.48880976385484565 -2.4112713861257195e-05 -2.5356866744899023 7.744776974986536e-05 8.889343162827811e-05 0.9999999930499004 0.007928103696839522
0.95932683526968 -0.28229775066231655 5.56997001948386e-05 -10.394308965750572 0.2822977512434266 0.9593268367118785 -2.6992049458874686e-06 -2.1874897195499514 -5.2672237708912395e-05 1.831331984841965e-05 0.9999999984451288 -0.06929694007763787
1.0 0.0 0.0 0.0 0.0 1.0 0.0 0.0 0.0 0.0 1.0 0.0
-0.48879899899170187 -0.8723964179987277 0.00016866445749786786 -5.264271469936541 0.8723964296870894 -0.4887990071585538 -8.368526398887416e-06 -2.5354072280575224 8.974369182220793e-05 0.0001430517432094318 0.9999999857411341 0.007508499986078526
0.9593323177008573 -0.2822791119765233 8.459578454336373e-05 -10.393671017913718 0.2822791124981731 0.9593323212587829 5.9564769328991155e-06 -2.1870967695429258 -8.283685937381421e-05 1.8165382160622497e-05 0.9999999964040367 -0.06946183809484344
1.0 0.0 0.0 0.0 0.0 1.0 0.0 0.0 0.0 0.0 1.0 0.0
-0.4887942049779207 -0.8723991063141125 0.00015646833507452378 -5.263843821019 0.8723991162641445 -0.48879421217866614 -9.065129589077337e-06 -2.535564197909956 8.43892275257991e-05 0.0001320718544318296 0.9999999877177418 0.00751804047797322
0.9593338279637263 -0.2822739783999046 8.742284359941488e-05 -10.393200769450585 0.28227397879373145 0.9593338317973819 8.056589977172221e-06 -2.1873328592575305 -8.614185724204983e-05 1.6948234597139713e-05 0.9999999961461691 -0.06945103181582499
1.0 0.0 0.0 0.0 0.0 1.0 0.0 0.0 0.0 0.0 1.0 0.0
-0.48879166524316103 -0.8724005292853105 0.00015649769231234175 -5.263365718344559 0.8724005390609335 -0.4887916727213715 -1.1155128826645035e-05 -2.535859138823291 8.622650909499196e-05 0.00013107613713989925 0.9999999876920178 0.0075703377026532515
0.9593328162115011 -0.28227742016551866 7.618667059951836e-05 -10.39312705183713 0.282277420519732 0.9593328191119139 6.286046792291995e-06 -2.1877885936090067 -7.486278255655332e-05 1.547536588273637e-05 0.9999999970780382 -0.0696719149372716
1.0 0.0 0.0 0.0 0.0 1.0 0.0 0.0 0.0 0.0 1.0 0.0
-0.48880031298808985 -0.8723956888183638 0.0001270979110782712 -5.264465292881037 0.8723956944345918 -0.48880031907251914 -2.0164109736449615e-05 -2.5352634092186506 7.971658189143976e-05 0.0001010234472459927 0.9999999917197647 0.007875093249915727
0.9593315927360713 -0.282281577765159 7.767164387776658e-05 -10.394032770384296 0.28228157849924107 0.9593315956630993 1.5709505210177492e-06 -2.187084297814984 -7.495631245070498e-05 2.0418211773014703e-05 0.999999996982324 -0.06926063260748472
1.0 0.0 0.0 0.0 0.0 1.0 0.0 0.0 0.0 0.0 1.0 0.0
-0.4887921424602981 -0.8724002595129158 0.0001693247441165538 -5.263816381821705 0.8724002709450399 -0.48879215123232234 -1.219422311158202e-05 -2.535549572941953 9.34028493406973e-05 0.00014175851220463458 0.9999999855902161 0.007738668585650782
0.9593323105544753 -0.2822791366666471 8.324027777282648e-05 -10.393676852146854 0.28227913746099653 0.9593323139293457 2.2898817879736593e-06 -2.1873887841365374 -8.050147414211552e-05 2.130023622517791e-05 0.9999999965329064 -0.06929193506664333
1.0 0.0 0.0 0.0 0.0 1.0 0.0 0.0 0.0 0.0 1.0 0.0
-0.4887904902103568 -0.8724011880384192 0.00015423707046522433 -5.263628007418035 0.8724011972335668 -0.48879049791934587 -1.4463647322627125e-05 -2.5352709553703363 8.80077175779501e-05 0.00012748691166660774 0.9999999880008645 0.007658927814077954
0.9593345640519405 -0.2822714750787258 9.25859217879367e-05 -10.393153781595759 0.28227147561129373 0.959334568333409 7.534901097377344e-06 -2.1869093101804253 -9.094776295952045e-05 1.8905873704485072e-05 0.9999999956855363 -0.06937586276179278
1.0 0.0 0.0 0.0 0.0 1.0 0.0 0.0 0.0 0.0 1.0 0.0
-0.4888150570305856 -0.8723874172404085 0.00018509671673738165 -5.265027935120873 0.8723874315890481 -0.4888150664256025 -6.387273810644457e-06 -2.535619725321453 9.605024119002183e-05 0.00015835385369807376 0.999999982849204 0.007467921187614024
0.9593256983938266 -0.28230160403551546 9.359578796535615e-05 -10.39466580664396 0.2823016047112582 0.9593257027408322 6.185203255177044e-06 -2.1875915490726854 -9.153493786367352e-05 2.0488616704352042e-05 0.9999999956007859 -0.06932760382168404
1.0 0.0 0.0 0.0 0.0 1.0 0.0 0.0 0.0 0.0 1.0 0.0
-0.4888015451442413 -0.8723949982013149 0.00012875531397259105 -5.26430443183938 0.8723950040032161 -0.488801551339744 -1.9952163122674288e-05 -2.5355901420456917 8.034196452455327e-05 0.00010257284448520614 0.99999999151199 0.00786709093394053
0.9593311490632853 -0.28228309085266934 5.5277312682223e-05 -10.393733391532258 0.2822830914229873 0.9593311504843929 -2.640673123718993e-06 -2.1873267609735763 -5.2283830599813044e-05 1.8137130691564866e-05 0.9999999984687228 -0.06932877613695607
1.0 0.0 0.0 0.0 0.0 1.0 0.0 0.0 0.0 0.0 1.0 0.0
-0.4888012331722766 -0.8723951691721809 0.0001524936218436026 -5.264502986848713 0.8723951784013564 -0.48880124035233136 -1.1493023688151475e-05 -2.5353805917574235 8.456552984768587e-05 0.00012741689628164982 0.9999999883068026 0.007624551663918844
0.9593296340909567 -0.28228823336463954 8.036654887708736e-05 -10.394261414540725 0.28228823363432354 0.9593296373428292 8.203028755788165e-06 -2.1872357698944143 -7.941363068446083e-05 1.4817122551066716e-05 0.999999996736964 -0.06952610287569747
1.0 0.0 0.0 0.0 0.0 1.0 0.0 0.0 0.0 0.0 1.0 0.0
-0.4888050221878824 -0.8723930433880626 0.00016772602255165424 -5.264406264459909 0.872393054610449 -0.48880503078723947 -1.2022346311633028e-05 -2.535390854957342 9.247353490464744e-05 0.0001404464338958794 0.9999999858617221 0.007618437164310682
0.9593275215043193 -0.2822954092468837 9.166523329465276e-05 -10.394346593942068 0.28229541011392556 0.9593275256217799 3.6061993471760293e-06 -2.187163624611607 -8.89549949626268e-05 2.2417148344325605e-05 0.9999999957922401 -0.06932326927014804
1.0 0.0 0.0 0.0 0.0 1.0 0.0 0.0 0.0 0.0 1.0 0.0
-0.48877692022660124 -0.8724087901665862 0.00015841045647332113 -5.263220676602724 0.8724088002803374 -0.4887769277390775 -1.016714557738697e-05 -2.5350487285151857 8.629728340939e-05 0.0001332292101809327 0.9999999874013783 0.007555114638575666
0.9593394473268197 -0.2822548789159438 9.017105303339812e-05 -10.39273321465346 0.282254879614436 0.9593394513452199 5.147122376556583e-06 -2.1865285689921734 -8.795744894743664e-05 2.0513382182600706e-05 0.9999999959213441 -0.06930075635025576
1.0 0.0 0.0 0.0 0.0 1.0 0.0 0.0 0.0 0.0 1.0 0.0
-0.4887860246834933 -0.8724036932005897 0.00013477417746131262 -5.263377368026255 0.8724037002135654 -0.4887860305811885 -1.2742253028988349e-05 -2.5356024812779623 7.699212382834398e-05 0.0001113492559069432 0.999999990836778 0.007438371367550545
0.9593355534003579 -0.28226812050154704 6.426937435962645e-05 -10.392894439197804 0.2822681207890902 0.9593355554568632 4.7399852709702945e-06 -2.1872862866764464 -6.299384268378898e-05 1.3593959131748013e-05 0.9999999979234899 -0.06971792442602184
1.0 0.0 0.0 0.0 0.0 1.0 0.0 0.0 0.0 0.0 1.0 0.0
-0.48878501740295355 -0.8724042562715607 0.00014283437688695033 -5.263476257900215 0.8724042641258646 -0.4887850240597599 -1.3780717055545473e-05 -2.535298041270316 8.183766055698794e-05 0.00011787351143412685 0.9999999897042163 0.007605868531236487
0.9593353124576954 -0.2822689361268943 7.72624639669788e-05 -10.393171579720132 0.28226893683437165 0.9593353153590759 1.8153892636104653e-06 -2.1869285742043587 -7.463303823126738e-05 2.0067226534723617e-05 0.9999999970136082 -0.06940277072676881
1.0 0.0 0.0 0.0 0.0 1.0 0.0 0.0 0.0 0.0 1.0 0.0
-0.48879794329695275 -0.8723970170185438 0.00012379747586952896 -5.264042789759738 0.8723970222122618 -0.4887979492377402 -2.135783918831932e-05 -2.535433984288737 7.91444675236922e-05 9.756088143746553e-05 0.9999999921090139 0.007870721799803554
0.9593312993940268 -0.2822825759493955 7.292696610410073e-05 -10.39358846873001 0.28228257653462785 0.959331301990837 2.3530701533548344e-06 -2.1871437377526703 -7.062535204716596e-05 1.832863804293042e-05 0.9999999973380604 -0.06939908946655951
1.0 0.0 0.0 0.0 0.0 1.0 0.0 0.0 0.0 0.0 1.0 0.0
-0.488809639471617 -0.8723904601260177 0.00014642657720040524 -5.264891872220694 0.8723904688744031 -0.4888096457235622 -8.043910099795345e-06 -2.5354471659028874 7.859215375902108e-05 0.0001238092095437115 0.9999999892472765 0.007319699266040591
0.959328393044951 -0.28229245624939164 5.867263311382295e-05 -10.394298308246551 0.2822924564825848 0.9593283947602688 4.440102058668015e-06 -2.1872064531355733 -5.7539730257555326e-05 1.230332575709617e-05 0.9999999982689036 -0.069804159846941
1.0 0.0 0.0 0.0 0.0 1.0 0.0 0.0 0.0 0.0 1.0 0.0
-0.48877913200959267 -0.8724075533797546 0.0001446302196367918 -5.263033139973191 0.8724075615835115 -0.48877913861483857 -1.2118084949510644e-05 -2.5354266078597263 8.126414301419161e-05 0.00012025343020136946 0.9999999894676258 0.0076025300667043605
0.9593391624164244 -0.2822558494208847 8.319764800344105e-05 -10.39242665280789 0.28225585010211135 0.9593391658165489 3.6801235762785833e-06 -2.187000017642731 -8.085349863951589e-05 1.9952536194455364e-05 0.999999996532304 -0.06929906718151269
1.0 0.0 0.0 0.0 0.0 1.0 0.0 0.0 0.0 0.0 1.0 0.0
-0.48879087743625127 -0.8724009753737689 0.0001276792715664094 -5.263397786726021 0.8724009811022964 -0.4887908834989723 -1.9494719234549868e-05 -2.5357322560526825 7.94156760283067e-05 0.00010185868086092252 0.9999999916589795 0.007828301063993903
0.9593333237701063 -0.28227570074033903 5.17276687141015e-05 -10.393100260060256 0.2822757011923911 0.9593333250305015 -1.5057586972027594e-06 -2.1873971965072982 -4.9199037332154865e-05 1.604598845310191e-05 0.9999999986609907 -0.06948459885234773
