1.0 0.0 0.0 0.0 0.0 1.0 0.0 0.0 0.0 0.0 1.0 0.0
-0.4887980067570321 -0.8723969837877218 0.00010615289961953 -5.264420663888013 0.872396987268044 -0.48879801152390406 -2.3149910563988578e-05 -2.5351651251972527 7.208323840249796e-05 8.129183967755443e-05 0.9999999940978216 0.007854898335459298
0.9593319064549872 -0.28228051542224025 6.221249853924186e-05 -10.394120158690738 0.28228051631058776 0.9593319081932254 -5.81152517003093e-06 -2.186904704777973 -5.8041954616727865e-05 2.313655772940279e-05 0.9999999980479157 -0.06912537123874815
1.0 0.0 0.0 0.0 0.0 1.0 0.0 0.0 0.0 0.0 1.0 0.0
-0.4887865375011233 -0.8724033998367492 0.0001694430417404259 -5.263430129610972 0.8724034117027379 -0.48878654563227225 -7.635053131834216e-06 -2.535583503624231 8.948232536387179e-05 0.00014409077651968933 0.9999999856153807 0.007500408983241141
0.9593350412098633 -0.28226985104203145 9.949662617323023e-05 -10.39293755375455 0.2822698518553618 0.9593350461110028 6.062392526208785e-06 -2.1874528122916885 -9.716183109312837e-05 2.226903234606853e-05 0.9999999950318345 -0.06925158331251927
1.0 0.0 0.0 0.0 0.0 1.0 0.0 0.0 0.0 0.0 1.0 0.0
-0.48878416521703205 -0.8724047360412386 0.0001279292990713359 -5.263607153842398 0.8724047421424947 -0.48878417083789966 -1.5019815549488224e-05 -2.535001583260943 7.563317459229718e-05 0.00010426467916373689 0.9999999917042498 0.0075361263798855715
0.9593359933274648 -0.2822666296322011 4.126117322389552e-05 -10.393268565478571 0.2822666298296198 0.9593359941560962 1.0785937680838615e-06 -2.1865124655376604 -3.988777966244146e-05 1.0611918484816597e-05 0.9999999991481762 -0.06974388975611279
1.0 0.0 0.0 0.0 0.0 1.0 0.0 0.0 0.0 0.0 1.0 0.0
-0.4888027627316347 -0.8723943113673491 0.00015697072568579638 -5.264541470790781 0.8723943213577554 -0.48880277001558203 -9.37204117366367e-06 -2.535475748957211 8.490384093238624e-05 0.00013235929008959132 0.9999999876361779 0.0074741519137672685
0.9593299497099944 -0.28228716381176894 6.882244221144949e-05 -10.394100320303677 0.2822871641380621 0.9593299520689439 5.127375198180852e-06 -2.1872977291657207 -6.74708223904403e-05 1.4508847449902894e-05 0.9999999976185907 -0.06964663856404857
1.0 0.0 0.0 0.0 0.0 1.0 0.0 0.0 0.0 0.0 1.0 0.0
-0.48880701684766836 -0.8723919303351425 0.0001420091812152868 -5.264791732940266 0.8723919379791175 -0.48880702359847555 -1.5160436015485309e-05 -2.5352856640092796 8.264092723377122e-05 0.00011647713730839345 0.9999999898017768 0.007707167686129918
0.9593271471122414 -0.28229668825063586 6.79427031857034e-05 -10.39464517838897 0.282296688575586 0.9593271494097718 4.957874062670134e-06 -2.1871568634982097 -6.657887119899158e-05 1.4423776941908057e-05 0.9999999976796041 -0.0696030301270788
1.0 0.0 0.0 0.0 0.0 1.0 0.0 0.0 0.0 0.0 1.0 0.0
-0.48880677992869237 -0.8723920597945016 0.00016094486406164756 -5.2647028995897305 0.8723920699985883 -0.48880678804109107 -1.298186899812257e-05 -2.5355379818428503 8.999622148895039e-05 0.00013406139753196496 0.999999986964111 0.007726799786250654
0.9593273225553091 -0.28229608893149644 7.98300845039406e-05 -10.394551222886504 0.2822960896230467 0.9593273256695212 2.702078257747788e-06 -2.1873124394627226 -7.73459675992859e-05 1.994354318940258e-05 0.9999999968099281 -0.06933286698877869
1.0 0.0 0.0 0.0 0.0 1.0 0.0 0.0 0.0 0.0 1.0 0.0
-0.4887917542416374 -0.8724004826236188 0.0001374898529439648 -5.263801864431976 0.8724004898305076 -0.4887917605106274 -1.4156697173156045e-05 -2.5352512586259977 7.955421671904239e-05 0.00011302653820950566 0.9999999904480641 0.007666952637920943
0.9593322551933084 -0.2822793320388473 5.3379998343267686e-05 -10.393539818491046 0.2822793324292812 0.9593322565635057 2.2897024183971698e-07 -2.1868887403970803 -5.127378783290379e-05 1.4848411758930967e-05 0.9999999985752616 -0.0694730001419363
1.0 0.0 0.0 0.0 0.0 1.0 0.0 0.0 0.0 0.0 1.0 0.0
-0.48879280763936134 -0.8723998908357716 0.00014720653446820934 -5.263806418261079 0.8723998992000089 -0.488792814678557 -1.394377406640633e-05 -2.5353783409596033 8.411804329516159e-05 0.0001216073493566485 0.9999999890679035 0.007617737356493681
0.9593332238787389 -0.2822760371577601 6.639982127006675e-05 -10.393415936034705 0.2822760375272764 0.9593332260598645 3.9335914240293846e-06 -2.1871256739960074 -6.48099133477852e-05 1.4969453498393228e-05 0.9999999977877954 -0.06954666103405899
1.0 0.0 0.0 0.0 0.0 1.0 0.0 0.0 0.0 0.0 1.0 0.0
-0.48879834246653203 -0.8723967926897712 0.00012847790274820082 -5.264101782618022 0.87239679854479 -0.48879834853490506 -1.8930146396945202e-05 -2.5354970373512344 7.931438568839038e-05 0.00010283068685979414 0.9999999915675389 0.007750901980696168
0.9593289784808908 -0.28229046865809376 4.849333851651397e-05 -10.394149137918276 0.2822904689800226 0.9593289796117874 2.1457908644438064e-07 -2.1874456761007792 -4.658163858789012e-05 1.3483355336431865e-05 0.9999999988241749 -0.06963294855966248
1.0 0.0 0.0 0.0 0.0 1.0 0.0 0.0 0.0 0.0 1.0 0.0
-0.4887860962789838 -0.872403648549888 0.00016149673646959924 -5.263329804371263 0.8724036590993713 -0.48878610402848927 -9.933675028032941e-06 -2.535495987173263 8.760353497025307e-05 0.00013603490159002366 0.9999999869100631 0.0074753025912865645
0.9593361194842567 -0.2822661889594119 9.177808782047244e-05 -10.39283690610215 0.2822661896534622 0.9593361236540074 5.569430836955606e-06 -2.1870872665736556 -8.961809702309768e-05 2.0562894975902098e-05 0.9999999957728819 -0.06938585936614236
1.0 0.0 0.0 0.0 0.0 1.0 0.0 0.0 0.0 0.0 1.0 0.0
-0.4888126623821213 -0.8723887648810301 0.0001549330591773865 -5.2647252699003175 0.8723887740635925 -0.48881267029848335 -1.5604109987849674e-05 -2.5357710039885077 8.934609261338388e-05 0.00012753437501042297 0.9999999878761295 0.007785193909756655
0.9593260175210931 -0.28230052862685007 6.036656565558816e-05 -10.394445569585226 0.2823005290636609 0.9593260192909375 1.3349151579127917e-06 -2.1874711502045656 -5.828806438336297e-05 1.576089458015589e-05 0.999999998177048 -0.06950425066915833
1.0 0.0 0.0 0.0 0.0 1.0 0.0 0.0 0.0 0.0 1.0 0.0
-0.48879938228722114 -0.8723961948409283 0.00020761189755701793 -5.26443763376961 0.8723962137932765 -0.48879939254965543 1.4979268496512245e-06 -2.535349883521249 0.00010017378372816115 0.00018185201908599334 0.9999999784475279 0.007274663133272963
0.9593305657434111 -0.2822850528633987 0.00012066621449393468 -10.394216570723632 0.28228505344792665 0.9593305730786091 1.2512709451566501e-05 -2.187256452837076 -0.00011929093955068619 2.205844417062389e-05 0.9999999926415485 -0.06934403617384588
1.0 0.0 0.0 0.0 0.0 1.0 0.0 0.0 0.0 0.0 1.0 0.0
-0.48877742335499347 -0.8724085098988139 0.00014924672739216436 -5.262952398164659 0.8724085188753272 -0.48877743002492985 -9.590776144730379e-06 -2.5354419359142213 8.131550657957183e-05 0.0001255163615391845 0.9999999888167158 0.007469148301088885
0.9593375520520123 -0.2822613242606018 7.777855590134548e-05 -10.392619186328263 0.2822613243299192 0.9593375551291532 1.03120842158949e-05 -2.187185473926739 -7.752659220654238e-05 1.206110856495399e-05 0.9999999969220784 -0.06976583482707283
1.0 0.0 0.0 0.0 0.0 1.0 0.0 0.0 0.0 0.0 1.0 0.0
-0.4888049985393896 -0.8723930546392663 0.000177820354976428 -5.264391195328788 0.872393067543978 -0.4888050077550004 -9.738745650911357e-06 -2.535529052864007 9.541549405999788e-05 0.00015036889739596343 0.999999984142539 0.007600866956076147
0.9593296757285148 -0.28228809152422457 8.154896973813816e-05 -10.393977812354196 0.2822880920169268 0.9593296790330232 5.6427379326028005e-06 -2.1872774938313313 -7.982522468632341e-05 1.76070571222178e-05 0.9999999966589627 -0.06947685589845073
1.0 0.0 0.0 0.0 0.0 1.0 0.0 0.0 0.0 0.0 1.0 0.0
-0.4888006872325825 -0.8723954813348542 0.00011093909877409574 -5.264634088369085 0.8723954852363359 -0.48880069232461903 -2.28523831273633e-05 -2.5353066960874457 7.416342406468624e-05 8.561250832913682e-05 0.9999999935851425 0.007953633512776365
0.9593332996610402 -0.2822757781325579 7.23955818476247e-05 -10.393770782973135 0.2822757790887988 0.9593333021061912 -3.137576843075663e-06 -2.1870141998880115 -6.856583064693767e-05 2.3445501214428807e-05 0.9999999973745177 -0.06911022504068107
1.0 0.0 0.0 0.0 0.0 1.0 0.0 0.0 0.0 0.0 1.0 0.0
-0.48878829748662483 -0.8724024125976877 0.0001753107545451613 -5.263344278931946 0.8724024252733225 -0.4887883062331228 -8.184118650065785e-06 -2.5357719805731236 9.282969163388085e-05 0.0001489412260202899 0.9999999845995798 0.007504606755023624
0.9593344121331258 -0.28227199125116686 9.301768657266486e-05 -10.393046430918918 0.2822719917978426 0.9593344164527171 7.47013690773569e-06 -2.1876028556591933 -9.134367848783542e-05 1.9089928262356924e-05 0.9999999956459531 -0.0695029320269337
1.0 0.0 0.0 0.0 0.0 1.0 0.0 0.0 0.0 0.0 1.0 0.0
-0.48880385883886546 -0.8723937045181356 0.0001090933455010578 -5.26425299401797 0.8723937080111812 -0.4888038640752153 -2.6222906159722142e-05 -2.5356346178894213 7.620194707372444e-05 8.235449048017894e-05 0.9999999937055006 0.008035223238743117
0.959326589594582 -0.2822985831881107 6.653430793955569e-05 -10.394404613739407 0.2822985841478924 0.9593265916047053 -5.309877261806454e-06 -2.187480271359071 -6.232916003250608e-05 2.3876447373331495e-05 0.9999999977724954 -0.06905523430799218
1.0 0.0 0.0 0.0 0.0 1.0 0.0 0.0 0.0 0.0 1.0 0.0
-0.48878732021161997 -0.8724029625014971 0.00016315316261267298 -5.263453564545966 0.8724029731033158 -0.4887873283742557 -1.1884987777364145e-05 -2.5354802804913135 9.011569701552109e-05 0.00013652607280805889 0.9999999866198961 0.00758241102648452
0.9593353964580733 -0.2822686437086457 9.940578771785483e-05 -10.393030206931204 0.2822686445985346 0.9593354013320486 5.251895007059025e-06 -2.1872895419696547 -9.684593653559872e-05 2.3020808185621802e-05 0.9999999950454536 -0.06935860311917924
1.0 0.0 0.0 0.0 0.0 1.0 0.0 0.0 0.0 0.0 1.0 0.0
-0.488804944139317 -0.8723930944779932 0.00012366111127193248 -5.264940294169983 0.872393100062319 -0.4888049495499667 -1.6096955514762033e-05 -2.5353127313947112 7.448903608976712e-05 0.00010001282877846894 0.9999999922244088 0.007642719612154264
0.9593297521196035 -0.2822878396025947 4.806912034583666e-05 -10.39454436082697 0.28228783988112616 0.9593297532413917 1.0290061554894351e-06 -2.187159375939231 -4.640461328447641e-05 1.2582171927334876e-05 0.9999999988441505 -0.0696628921705876
1.0 0.0 0.0 0.0 0.0 1.0 0.0 0.0 0.0 0.0 1.0 0.0
-0.4887972191502962 -0.8723974168462684 0.00016009652040998356 -5.263999677281193 0.872397426997776 -0.488797227095586 -1.2301464433715107e-05 -2.535456433901345 8.898650103944904e-05 0.00013365487087028662 0.999999987108889 0.007639455761709241
0.9593305570796627 -0.28228509453642064 8.749735724937665e-05 -10.393896768144597 0.28228509512684363 0.9593305608786711 5.7829496382336515e-06 -2.187147682449414 -8.55713292907743e-05 1.9151439516477853e-05 0.9999999961553849 -0.06931106585444954
