1.0 0.0 0.0 0.0 0.0 1.0 0.0 0.0 0.0 0.0 1.0 0.0
-0.4886412362050257 -0.8724847999840718 0.00012679423983264905 -5.254387432835193 0.8724848059551268 -0.488641241757685 -1.519711824636156e-05 -2.536792379052116 7.521614947305671e-05 0.00010320010908994877 0.9999999918461342 0.007831548460961152
0.9593902943662433 -0.2820819330844959 0.00021471647934823192 -10.383142291869799 0.28208193502836443 0.9593903175742643 2.1803797234610123e-05 -2.1876759735025146 -0.00021214736858285528 3.9649288529810944e-05 0.9999999767107136 -0.0686480877056044
1.0 0.0 0.0 0.0 0.0 1.0 0.0 0.0 0.0 0.0 1.0 0.0
-0.48866136502824253 -0.8724735260359385 0.00012920971334161676 -5.255349156138463 0.8724735324116798 -0.4886613705497978 -1.31710835966119e-05 -2.5368431611304914 7.463121735712997e-05 0.0001062958553318588 0.9999999915656862 0.007717339709167409
0.9593874346311406 -0.2820916697977887 0.0002002562740544765 -10.383583226005266 0.28209167143095104 0.9593874548292665 2.06280052781443e-05 -2.1877045775360173 -0.00019794234553221934 3.670037799719907e-05 0.999999979735955 -0.06882518883869507
1.0 0.0 0.0 0.0 0.0 1.0 0.0 0.0 0.0 0.0 1.0 0.0
-0.4886597277428866 -0.8724744429372707 0.00013001364326797017 -5.2552210282071545 0.8724744491947396 -0.4886597336093402 -1.5848784369206425e-05 -2.536986884420564 7.736009159865698e-05 0.00010568891914311581 0.9999999914226343 0.007799556945784186
0.9593851248086561 -0.28209951892586166 0.0002090877255597659 -10.383760526914472 0.28209952101298313 0.9593851467695993 2.0052914240356306e-05 -2.187913686930152 -0.00020625257573414366 3.9745079598841725e-05 0.9999999779401016 -0.06875646487511694
1.0 0.0 0.0 0.0 0.0 1.0 0.0 0.0 0.0 0.0 1.0 0.0
-0.4886504240587865 -0.8724796531306382 0.00013394106696772084 -5.254776542524982 0.872479660024996 -0.48865042993042485 -1.309496564221638e-05 -2.536975282231701 7.687545104039729e-05 0.00011046199605727862 0.9999999909441563 0.007713661356675283
0.9593904805710586 -0.2820813022838846 0.0002114035501505242 -10.383078380979114 0.2820813043749639 0.9593905030293014 2.0476897485525146e-05 -2.1878092813412238 -0.00020859470823053218 3.9987648656715365e-05 0.9999999774446177 -0.06876102847973431
1.0 0.0 0.0 0.0 0.0 1.0 0.0 0.0 0.0 0.0 1.0 0.0
-0.4886648967338171 -0.8724715499053285 0.00011535129568536787 -5.255537946515678 0.8724715546093631 -0.48866490164607385 -1.722657371511364e-05 -2.5369592778173526 7.139782502962107e-05 9.222270240724959e-05 0.9999999931986616 0.007780634568280542
0.9593864401597516 -0.2820950530719351 0.00019867043259698327 -10.383703084477911 0.2820950545217007 0.9593864600681532 2.1267261562797156e-05 -2.1877099015928465 -0.00019660111232869666 3.5640424152618855e-05 0.999999980038881 -0.06889640401628322
1.0 0.0 0.0 0.0 0.0 1.0 0.0 0.0 0.0 0.0 1.0 0.0
-0.4886583868984692 -0.8724751910194186 0.0001482208357111845 -5.2551464952267795 0.8724751995896732 -0.4886583939036354 -1.2980005345533011e-05 -2.537139175364622 8.375408816494338e-05 0.0001229762147463616 0.9999999889310517 0.007836353827226972
0.9593863967274074 -0.2820951815709013 0.00022429641381531694 -10.383592921247995 0.282095184019292 0.9593864219903344 2.130037183182327e-05 -2.188124346891982 -0.00022119566617497178 4.283765114941059e-05 0.999999974618706 -0.06857486402042343
1.0 0.0 0.0 0.0 0.0 1.0 0.0 0.0 0.0 0.0 1.0 0.0
-0.4886622553321272 -0.8724730280606902 0.00012458061362647722 -5.2553087330004535 0.8724730337166666 -0.4886622608395157 -1.6384456283714626e-05 -2.537000675767878 7.517284049847043e-05 0.00010068676055298277 0.9999999921056101 0.007822297415241791
0.959383315046726 -0.28210567251710394 0.00021057926589686276 -10.383939244992948 0.2821056742083856 0.9593833374020355 2.2243272568492852e-05 -2.188050758574903 -0.00020830119227070927 3.806578120588649e-05 0.9999999775808045 -0.06878098011530498
1.0 0.0 0.0 0.0 0.0 1.0 0.0 0.0 0.0 0.0 1.0 0.0
-0.48865288410217017 -0.8724782764321906 0.00012654068370912674 -5.254895646224693 0.87247828238083 -0.48865288963064357 -1.5146538544648913e-05 -2.5370651004068563 7.504949659365199e-05 0.00010300259862982509 0.9999999918790188 0.007760681158693744
0.9593877721958218 -0.28209051806955365 0.00020536890768643008 -10.383483476989948 0.2820905202571444 0.9593877933485886 1.883560322127596e-05 -2.187987484122985 -0.00020234176823853234 3.986197460148006e-05 0.9999999787344157 -0.06873579819607473
1.0 0.0 0.0 0.0 0.0 1.0 0.0 0.0 0.0 0.0 1.0 0.0
-0.4886569912848137 -0.8724759757537079 0.00012884521266772454 -5.254985988892818 0.8724759818097849 -0.4886569971673487 -1.686539747165912e-05 -2.5371765658660976 7.76757688371542e-05 0.00010417295903842599 0.9999999915572346 0.007837150088065487
0.9593876261421942 -0.28209100879079335 0.00021345875232900286 -10.383360128917813 0.2820910109898356 0.9593876490263306 2.0358382666930075e-05 -2.188142992534104 -0.00021053260726486658 4.068321483018745e-05 0.9999999770104483 -0.06872159866358535
1.0 0.0 0.0 0.0 0.0 1.0 0.0 0.0 0.0 0.0 1.0 0.0
-0.4886592527933223 -0.8724747089149498 0.00013024302388745082 -5.255128651561666 0.8724747148746534 -0.4886592591038076 -1.9912575385074705e-05 -2.5370384230772984 8.101767796913094e-05 0.00010390328092175944 0.9999999913201221 0.008055681790885394
0.9593871765930686 -0.28209253469102663 0.00021739450865025143 -10.383488524494977 0.2820925373732861 0.9593872002495216 1.8859647187959488e-05 -2.1878997674347787 -0.00021388567468220816 4.323166488897233e-05 0.9999999761919705 -0.06856897559978681
1.0 0.0 0.0 0.0 0.0 1.0 0.0 0.0 0.0 0.0 1.0 0.0
-0.48865603423061166 -0.8724765114787864 0.00013087328781851223 -5.255078830597993 0.8724765179948599 -0.4886560399306429 -1.3669896843927113e-05 -2.536945789217434 7.587868646877062e-05 0.00010750399287434283 0.999999991342658 0.0077521997596163295
0.9593885794423325 -0.28208777316519373 0.00020461262689612037 -10.383301501112955 0.2820877746836892 0.9593886005629315 2.19978399709611e-05 -2.1877735031238927 -0.00020250834346721106 3.661424415276945e-05 0.9999999788248838 -0.06887030866648
1.0 0.0 0.0 0.0 0.0 1.0 0.0 0.0 0.0 0.0 1.0 0.0
-0.4886600328323975 -0.8724742731342711 0.00012260124843195466 -5.255196640920545 0.8724742784488176 -0.48866003838074545 -1.8301478377011597e-05 -2.5370331682939025 7.58778998085512e-05 9.802323473799734e-05 0.999999992316995 0.00791156669996601
0.9593870002078863 -0.2820931488257836 0.00019803451217698814 -10.383471282104624 0.28209315005820124 0.9593870200261911 2.2259971933780215e-05 -2.187923888230017 -0.00019627112607538758 3.450825166198649e-05 0.9999999801434126 -0.06890849699523816
1.0 0.0 0.0 0.0 0.0 1.0 0.0 0.0 0.0 0.0 1.0 0.0
-0.4886570503974128 -0.8724759431101575 0.0001256620134735195 -5.25516843985348 0.8724759491268119 -0.48865705563951944 -1.2999404957066144e-05 -2.536926826011026 7.274729760949281e-05 0.00010328483359125479 0.9999999920200369 0.007721945077410058
0.9593825930908446 -0.28210813207962626 0.0002046676113862459 -10.384122387584174 0.28210813329105805 0.9593826142773499 2.3524283232023945e-05 -2.188128076753671 -0.00020299093967074294 3.516960994557183e-05 0.9999999787788884 -0.06887318808650622
1.0 0.0 0.0 0.0 0.0 1.0 0.0 0.0 0.0 0.0 1.0 0.0
-0.4886414195457247 -0.8724846954289458 0.0001390920509185432 -5.254378719309824 0.8724847030765042 -0.48864142556562934 -1.0894663680459717e-05 -2.5369248038083114 7.747156536872836e-05 0.00011603210281966647 0.9999999902673536 0.007683235001243627
0.9593935505694363 -0.2820708571971842 0.00021597642403333004 -10.382638007346412 0.28207085938442844 0.9593935740088462 2.0896475533331866e-05 -2.187674253051732 -0.00021310068012108657 4.0872711677545066e-05 0.9999999764587606 -0.06863263999318772
1.0 0.0 0.0 0.0 0.0 1.0 0.0 0.0 0.0 0.0 1.0 0.0
-0.48864742624703184 -0.8724813343156345 0.00011871378532314309 -5.254652139358885 0.8724813396465932 -0.4886474309801957 -1.2842974083389051e-05 -2.536915586179468 6.92144413849314e-05 9.729987622203073e-05 0.9999999928710476 0.007586000303123813
0.9593897772166378 -0.28208370925086435 0.0001906501607552102 -10.38307949892327 0.2820837100776857 0.9593897956385494 2.3096112390722492e-05 -2.187703309253962 -0.00018942285581785372 3.1621130551636004e-05 0.999999981559543 -0.06912496204139507
1.0 0.0 0.0 0.0 0.0 1.0 0.0 0.0 0.0 0.0 1.0 0.0
-0.48865419275672434 -0.8724775408133021 0.0001437972417651165 -5.254983753424666 0.8724775487331057 -0.48865419956233674 -1.4379266324871565e-05 -2.5370529702961093 8.281271299582844e-05 0.00011843337623139165 0.9999999895577948 0.007831785663219404
0.9593871823826444 -0.2820925116464538 0.00022170450362228873 -10.383477449433261 0.2820925143017175 0.9593872070133801 1.9849485869380498e-05 -2.187984714673 -0.0002182998558362459 4.349783853885767e-05 0.9999999752265553 -0.06852772953821773
1.0 0.0 0.0 0.0 0.0 1.0 0.0 0.0 0.0 0.0 1.0 0.0
-0.4886534911748753 -0.8724779341401395 0.000141425464360292 -5.25491486635554 0.8724779418108614 -0.4886534977434941 -1.401904548415525e-05 -2.5367666960316555 8.1339355672272e-05 0.00011654014254591652 0.9999999899011521 0.007874054705846067
0.9593875235563274 -0.2820913615836578 0.0002082410544652288 -10.383456224622766 0.2820913638272232 0.959387545305999 1.9126610757807708e-05 -2.187728520752671 -0.00020517932574647493 4.039317132995036e-05 0.9999999781349179 -0.0686464754159676
1.0 0.0 0.0 0.0 0.0 1.0 0.0 0.0 0.0 0.0 1.0 0.0
-0.4886587185750196 -0.8724750083292676 0.00012884667199914611 -5.254968263142675 0.872475014236907 -0.4886587246539703 -1.8758054982737133e-05 -2.537127223704246 7.932798459231104e-05 0.0001032492148759938 0.9999999915233353 0.007911778310842305
0.9593862569195811 -0.2820956701502994 0.00020716246994294783 -10.383381083564593 0.28209567272834285 0.9593862783725672 1.7273665852612246e-05 -2.1881015532181607 -0.00020362165740167609 4.186751869700579e-05 0.9999999783926655 -0.0686597952284207
1.0 0.0 0.0 0.0 0.0 1.0 0.0 0.0 0.0 0.0 1.0 0.0
-0.48865505861224806 -0.8724770596017078 0.00011900175998859114 -5.255006149061497 0.8724770645263581 -0.48865506394506614 -1.887624485860098e-05 -2.537043156887954 7.461990324734973e-05 9.46023336905522e-05 0.9999999927411343 0.007837502102029631
0.9593896996373332 -0.2820839732805657 0.00019038917034120458 -10.383143844745842 0.28208397486303344 0.9593897178741946 1.9045845900607408e-05 -2.1878458652782413 -0.00018802994030609786 3.5433345562800316e-05 0.9999999816946098 -0.0689799804053493
1.0 0.0 0.0 0.0 0.0 1.0 0.0 0.0 0.0 0.0 1.0 0.0
-0.48866760372356793 -0.8724700300424482 0.0001405304074330588 -5.2557373496629385 0.8724700376971591 -0.4886676100926717 -1.2924200608332445e-05 -2.537080540210191 7.994863603867862e-05 0.00011629293172939144 0.9999999900420847 0.007717812557772513
0.9593849688105296 -0.2821000452472637 0.00021469026743740113 -10.384048783212178 0.2821000476636326 0.9593849919220054 1.9570148452376857e-05 -2.188008174041876 -0.0002114913602550786 4.1788828414410645e-05 0.9999999767625489 -0.06867461932846375
