1.0 0.0 0.0 0.0 0.0 1.0 0.0 0.0 0.0 0.0 1.0 0.0
-0.4887857493660087 -0.8724038455451189 0.0001466110418776769 -5.263450087014878 0.8724038539836907 -0.4887857561407299 -1.217943037598653e-05 -2.535538311527226 8.228677085931558e-05 0.00012195090596746558 0.9999999891784316 0.007645920757734792
0.9593359022645324 -0.2822669302740125 8.185340415353675e-05 -10.393008574860819 0.2822669309136267 0.9593359055605228 3.869650137342337e-06 -2.1871642255029258 -7.961718386235607e-05 1.9392214869292894e-05 0.9999999966425229 -0.06935518252035933
1.0 0.0 0.0 0.0 0.0 1.0 0.0 0.0 0.0 0.0 1.0 0.0
-0.4887955621040082 -0.8723983498464578 0.00013286310503306007 -5.2643895814234005 0.8723983566139937 -0.4887955679046374 -1.319040166400208e-05 -2.5351747055564715 7.645018152369187e-05 0.00010946214468972726 0.9999999910867041 0.007547553219034164
0.9593339669304781 -0.2822735129503036 6.148273577307504e-05 -10.393795804998526 0.28227351306437565 0.9593339688416002 6.994252229086754e-06 -2.1868583349844 -6.095676907159157e-05 1.0645124082832976e-05 0.9999999980854768 -0.06978946334339028
1.0 0.0 0.0 0.0 0.0 1.0 0.0 0.0 0.0 0.0 1.0 0.0
-0.48879988143892755 -0.8723959311860902 0.00012310664126442768 -5.264167800678896 0.8723959363143016 -0.48879988732307944 -2.1336307267996925e-05 -2.535431911942915 7.878822002590726e-05 9.696854910944118e-05 0.9999999921947584 0.007848294515791165
0.9593292750961379 -0.2822894580081728 6.197557867081675e-05 -10.393969606772977 0.2822894585171576 0.959329276948108 5.567933145711584e-07 -2.1871557654335945 -5.961216395769254e-05 1.6960904417426185e-05 0.9999999980793589 -0.06954180040607683
1.0 0.0 0.0 0.0 0.0 1.0 0.0 0.0 0.0 0.0 1.0 0.0
-0.48879944310406864 -0.87239617805786 0.00011371539289333072 -5.2642134719312 0.872396182277335 -0.48879944831340516 -2.1827551727604e-05 -2.5353475516709594 7.462629401452205e-05 8.85355794975384e-05 0.9999999932961837 0.007841382877268266
0.9593311823859496 -0.2822829768697583 5.891963615840946e-05 -10.393783354103391 0.28228297746443876 0.9593311840185053 -1.8610526954724126e-06 -2.1871095795660196 -5.599810082278534e-05 1.8417376208752807e-05 0.9999999982625064 -0.06938451525840642
1.0 0.0 0.0 0.0 0.0 1.0 0.0 0.0 0.0 0.0 1.0 0.0
-0.4888091132480194 -0.8723907659882133 4.716125101095783e-05 -5.2651056433004255 0.8723907653048065 -0.4888091150586626 -4.057661570512456e-05 -2.5351898337404606 5.8451514227923447e-05 2.1308820320748256e-05 0.9999999980646773 0.008367530798930906
0.9593263892209389 -0.28229927195021637 8.331671775236373e-07 -10.395075819292838 0.2822992719195398 0.9593263890639632 -1.7866032033381052e-05 -2.187021717484974 4.24428857576504e-06 1.7374558487891743e-05 0.9999999998400553 -0.06921413058718254
1.0 0.0 0.0 0.0 0.0 1.0 0.0 0.0 0.0 0.0 1.0 0.0
-0.48881300009843753 -0.872388579690519 0.0001302318097340778 -5.264935963587152 0.8723885856342872 -0.4888130064265499 -2.0080975838064753e-05 -2.535415637123876 8.117741643864743e-05 0.00010379690225418543 0.9999999913182148 0.007813543592679079
0.9593255851684357 -0.28230199937387984 5.282754225063226e-05 -10.394742505325294 0.2823019999941043 0.9593255864297981 -4.522487824101549e-06 -2.1872206632639717 -4.940210559432905e-05 1.9251859110401264e-05 0.9999999985943991 -0.06934044335085437
1.0 0.0 0.0 0.0 0.0 1.0 0.0 0.0 0.0 0.0 1.0 0.0
-0.48881845169861915 -0.8723855244989083 0.000133879536572226 -5.265320824064268 0.8723855308099676 -0.4888184583481454 -2.028680674838266e-05 -2.5355940993803827 8.314070521718653e-05 0.00010687800511248311 0.9999999908323575 0.007883901806578414
0.9593231251179584 -0.28231035572975166 6.827632007237532e-05 -10.395339664552885 0.28231035639760027 0.9593231273510704 -1.5015533124106713e-07 -2.1875770434064066 -6.545666249086484e-05 1.9419159734767583e-05 0.9999999976691608 -0.06935327412170797
1.0 0.0 0.0 0.0 0.0 1.0 0.0 0.0 0.0 0.0 1.0 0.0
-0.4888014409379703 -0.8723950496805765 0.00016920339335536663 -5.264290877076387 0.8723950613185791 -0.4888014493548276 -9.77611700378053e-06 -2.5354147846672603 9.123549998705758e-05 0.00014283362464334197 0.9999999856373196 0.007513225218470337
0.9593303463665788 -0.2822858047911382 0.0001046594433965927 -10.393959281822141 0.28228580537998194 0.9593303518561512 9.408924822723635e-06 -2.187323177514166 -0.00010305898657451993 2.051760816070148e-05 0.9999999944789364 -0.06941418028048205
1.0 0.0 0.0 0.0 0.0 1.0 0.0 0.0 0.0 0.0 1.0 0.0
-0.4888007430227241 -0.8723954498152505 0.00011296937070449253 -5.264308676784617 0.872395453614638 -0.48880074857938893 -2.6471475280373215e-05 -2.535305024965467 7.831310755139557e-05 8.56146886143612e-05 0.999999993268591 0.008013118373298683
0.9593284160278616 -0.2822923830664923 2.5770412555498307e-05 -10.394336233596107 0.28229238337620827 0.959328416238537 -9.221695014411933e-06 -2.1872270368196354 -2.2119074801155426e-05 1.6121425252152594e-05 0.9999999996254231 -0.06930401034525643
1.0 0.0 0.0 0.0 0.0 1.0 0.0 0.0 0.0 0.0 1.0 0.0
-0.48879794534752485 -0.8723970070712113 0.00017514916621659134 -5.263862809375479 0.8723970197955023 -0.48879795396177855 -7.39622019231023e-06 -2.5357322094735366 9.206499444419079e-05 0.00014918435339367577 0.9999999846340324 0.00752779185549049
0.9593337756741956 -0.2822741544805179 9.253648541097058e-05 -10.393020255026656 0.2822741550235405 0.9593337799487945 7.4097108971965985e-06 -2.187367238959631 -9.086494621092622e-05 1.901227229656005e-05 0.9999999956910475 -0.06941772049014247
1.0 0.0 0.0 0.0 0.0 1.0 0.0 0.0 0.0 0.0 1.0 0.0
-0.4888048700386404 -0.8723931388163231 0.00010184651122917073 -5.264224887930432 0.8723931417276791 -0.48880487474374096 -2.6329936767733355e-05 -2.5357464965041885 7.275312734609526e-05 7.597999658532616e-05 0.999999994467011 0.007988852979698313
0.9593286201904315 -0.28229168548612454 5.281029645920226e-05 -10.393809384518407 0.2822916862855349 0.9593286213737656 -8.19635587510823e-06 -2.187641383431881 -4.8348665781693494e-05 2.2770906412957438e-05 0.9999999985719461 -0.06909089233781057
1.0 0.0 0.0 0.0 0.0 1.0 0.0 0.0 0.0 0.0 1.0 0.0
-0.4888101645358202 -0.8723901636866661 0.00015921437392130784 -5.26494017421624 0.8723901736127313 -0.48881017256333664 -1.351112254044107e-05 -2.5352730293492556 8.961257599568033e-05 0.00013229268127478404 0.9999999872341163 0.007670990502808311
0.9593262075021944 -0.2822998755571818 8.86558291526757e-05 -10.394814579968784 0.2822998761085684 0.9593262114145269 6.491295164018164e-06 -2.187035578829267 -8.688235251786185e-05 1.880026001462994e-05 0.9999999960490034 -0.06940158294888299
1.0 0.0 0.0 0.0 0.0 1.0 0.0 0.0 0.0 0.0 1.0 0.0
-0.4887931542835733 -0.8723996988026383 0.00013362103684238342 -5.2638553480280725 0.8723997052509225 -0.4887931606966857 -1.8282450502291625e-05 -2.5353796125736707 8.126265324532504e-05 0.00010763461650756113 0.9999999909055851 0.00780837122854508
0.9593327049174729 -0.2822777981523722 7.711013919014666e-05 -10.39348438220677 0.28227779891784355 0.9593327077907373 9.949034895167823e-07 -2.1870927583041535 -7.425511779379132e-05 2.0812036909105665e-05 0.9999999970265181 -0.06923073193513854
1.0 0.0 0.0 0.0 0.0 1.0 0.0 0.0 0.0 0.0 1.0 0.0
-0.4887890706264769 -0.8724019894662544 0.00011494096452280058 -5.263856517779763 0.8724019937457203 -0.48878907598591065 -2.2479580871124288e-05 -2.5352237735894576 7.579311891637014e-05 8.928695317069882e-05 0.9999999931416216 0.007796320642465521
0.9593331310603163 -0.282276355574892 5.2281621341890716e-05 -10.393726818746737 0.28227635608965973 0.9593331323299709 -2.5905959341939097e-06 -2.186765875053908 -4.9424227586128016e-05 1.7243110071704742e-05 0.9999999986299606 -0.06938252518298899
1.0 0.0 0.0 0.0 0.0 1.0 0.0 0.0 0.0 0.0 1.0 0.0
-0.4887869241750638 -0.8724031870467202 0.00014827746035921157 -5.263398482780361 0.8724031953956239 -0.4887869315135453 -1.5654974159915135e-05 -2.5354491707859026 8.613353421184826e-05 0.00012170578355487737 0.9999999888843581 0.007820620424664415
0.9593334162148333 -0.28227537602584213 9.286036080301027e-05 -10.393312687653449 0.282275376886654 0.9593334204476078 3.973740736352334e-06 -2.187271197751855 -9.020573671372912e-05 2.2400051067749573e-05 0.9999999956805814 -0.06922302281664464
1.0 0.0 0.0 0.0 0.0 1.0 0.0 0.0 0.0 0.0 1.0 0.0
-0.4887790570225104 -0.8724075935481544 0.0001553567025919971 -5.262987156490303 0.8724076028540831 -0.488779064877403 -1.4831190819142511e-05 -2.535481084721866 8.887394730732896e-05 0.00012828519303248302 0.9999999878221655 0.007711655190128702
0.9593385077331376 -0.28225807559243443 7.964429004171121e-05 -10.392476412999287 0.2822580763142307 0.9593385108241419 2.2602278802849735e-06 -2.187063435476283 -7.70438021761316e-05 2.0311920454771182e-05 0.9999999968258392 -0.0693717492907868
1.0 0.0 0.0 0.0 0.0 1.0 0.0 0.0 0.0 0.0 1.0 0.0
-0.488794122157595 -0.8723991522778101 0.000158899794399111 -5.263933694153263 0.8723991623797415 -0.48879412983071513 -1.1052618861278372e-05 -2.5354021779501608 8.731158205861808e-05 0.000133221592402247 0.9999999873143474 0.007601199680191795
0.9593334655719314 -0.2822752110651217 8.397552657225114e-05 -10.393460094751882 0.28227521160118707 0.9593334690730044 5.644511029717519e-06 -2.1871107326320143 -8.215383876605302e-05 1.828924120490296e-05 0.9999999964581253 -0.06945242169591145
1.0 0.0 0.0 0.0 0.0 1.0 0.0 0.0 0.0 0.0 1.0 0.0
-0.4888177650970671 -0.8723859149320875 8.918303948970173e-05 -5.265391252382849 0.8723859166666149 -0.48881776918605463 -3.0491304627509385e-05 -2.5354545582701107 7.019443909752638e-05 6.289733627341363e-05 0.9999999955583331 0.008067337176378503
0.9593245918451033 -0.2823053798166998 2.788268968745519e-06 -10.395084041298325 0.28230537982157927 0.959324591689713 -1.741147301657164e-05 -2.187216331629976 2.240497513161241e-06 1.7490397575318252e-05 0.999999999844533 -0.06925775373887474
1.0 0.0 0.0 0.0 0.0 1.0 0.0 0.0 0.0 0.0 1.0 0.0
-0.48879642998517153 -0.8723978581102237 0.0001649195086598286 -5.263725335400677 0.8723978690988501 -0.48879643808643747 -1.0285782645897938e-05 -2.535705371996684 8.958536315315798e-05 0.00013884777409075723 0.999999986347879 0.007563710593156192
0.9593303369360886 -0.282285840446387 9.44328730754207e-05 -10.39363147116609 0.2822858411384226 0.9593303413602626 6.194782338240595e-06 -2.187452481588622 -9.234101970180735e-05 2.0714220379425743e-05 0.9999999955220285 -0.06938791662584992
1.0 0.0 0.0 0.0 0.0 1.0 0.0 0.0 0.0 0.0 1.0 0.0
-0.4887782232227536 -0.8724080565082987 0.00017732067126615948 -5.262949537270162 0.8724080695867232 -0.4887782319923977 -7.095954279518641e-06 -2.535366973684795 9.286105187924899e-05 0.0001512276365923291 0.9999999842535132 0.007535580926687574
0.959339286124925 -0.2822554174709177 0.00011578272033212309 -10.392314453146664 0.2822554182938403 0.9593392928225899 9.50910244237905e-06 -2.1871416361420586 -0.00011375890872414064 2.3557844609776976e-05 0.9999999932519694 -0.06926672530989295
