1.0 0.0 0.0 0.0 0.0 1.0 0.0 0.0 0.0 0.0 1.0 0.0
-0.4888725514110755 -0.8723552150707279 8.4945453892602e-05 -5.26802571938617 0.8723552169234541 -0.4888725548587972 -2.4744008035275698e-05 -2.5327467170464786 6.311306551943419e-05 6.200594351678345e-05 0.9999999960860019 0.007866731670346933
0.9593383800094121 -0.2822585171651099 4.6137526963425684e-05 -10.392974016297819 0.2822585173857559 0.9593383810522664 1.7920436048450985e-06 -2.1877620707043803 -4.476731999343697e-05 1.1303533747762883e-05 0.9999999989340588 -0.06969426949895333
1.0 0.0 0.0 0.0 0.0 1.0 0.0 0.0 0.0 0.0 1.0 0.0
-0.4888303946524981 -0.8723788380233071 9.073580825039752e-05 -5.26546430423628 0.8723788403649265 -0.48883039835460934 -2.297867548039784e-05 -2.534200381534397 6.44005315069758e-05 6.792332417738132e-05 0.9999999956194967 0.007924737519095754
0.9593369617057853 -0.28226333239769713 7.133625084185907e-05 -10.392764149791832 0.2822633326506588 0.9593369642602024 6.705469006792357e-06 -2.187482018452812 -7.032821035145473e-05 1.3702803637631722e-05 0.9999999974330879 -0.0694476896575878
1.0 0.0 0.0 0.0 0.0 1.0 0.0 0.0 0.0 0.0 1.0 0.0
-0.48882143871236433 -0.8723838571571002 8.262490749533636e-05 -5.265065727774306 0.8723838588568681 -0.4888214420260623 -2.493114721593178e-05 -2.534915422274544 6.213835680071875e-05 5.989375638761838e-05 0.9999999962757813 0.007895702703434565
0.9593395949428536 -0.2822543838082316 6.630171207831244e-05 -10.392453064885665 0.2822543837969644 0.9593395971880334 9.72102583931207e-06 -2.187962472544733 -6.63496599163389e-05 9.388183896229743e-06 0.9999999977547923 -0.0697328200552284
1.0 0.0 0.0 0.0 0.0 1.0 0.0 0.0 0.0 0.0 1.0 0.0
-0.4888146102757832 -0.872387684013543 7.458164095012626e-05 -5.265031317002314 0.8723876850809861 -0.48881461326215725 -2.793575197947026e-05 -2.5348204127789487 6.082740194803822e-05 5.140870138141033e-05 0.9999999968285863 0.007965636945146043
0.9593314229510636 -0.28228216275655943 3.9091788298396715e-05 -10.393892515796836 0.2822821628552177 0.9593314237135493 3.0847867116107835e-06 -2.186861177665378 -3.8372761188387886e-05 8.075581725190003e-06 0.9999999992311579 -0.06969963911437807
1.0 0.0 0.0 0.0 0.0 1.0 0.0 0.0 0.0 0.0 1.0 0.0
-0.4888797996264206 -0.8723511559391472 4.742219642386614e-05 -5.268249083366696 0.872351155943771 -0.4888798011341474 -2.768760088708679e-05 -2.532532033625273 4.733706459607325e-05 2.7832899093929713e-05 0.9999999984922662 0.007778205373255465
0.9593377545353956 -0.28226064598673156 2.121643452262435e-05 -10.392728790192486 0.28226064610022944 0.9593377547333574 -2.498328538465703e-06 -2.187672339890838 -1.9648546831231913e-05 8.385305406489424e-06 0.9999999997718105 -0.06972670355123547
1.0 0.0 0.0 0.0 0.0 1.0 0.0 0.0 0.0 0.0 1.0 0.0
-0.48882233937758285 -0.872383353752483 6.79779231467295e-05 -5.265145219726562 0.872383354563978 -0.488822341921033 -2.6805560397174393e-05 -2.534180858477022 5.6613852270011795e-05 4.619965188935076e-05 0.9999999973302318 0.007939394612711814
0.9593396657226901 -0.2822541444382779 6.097944069222035e-05 -10.392288908793892 0.28225414474135213 0.9593396675642166 3.7558102662283633e-06 -2.1872776789698705 -5.9560089375297154e-05 1.3608602114070756e-05 0.9999999981337008 -0.0694097317477286
1.0 0.0 0.0 0.0 0.0 1.0 0.0 0.0 0.0 0.0 1.0 0.0
-0.4888626246954402 -0.8723607764716698 9.924530152369108e-05 -5.267219257947786 0.8723607796376465 -0.48886262871976827 -1.977865229933326e-05 -2.5325159033999896 6.577143946837208e-05 7.690866473659689e-05 0.9999999948795875 0.007724156984434349
0.9593429919086817 -0.2822428384501932 6.339776575319184e-05 -10.391735896696261 0.282242838701081 0.959342993915909 5.139589961150409e-06 -2.1876679672002552 -6.227081486435484e-05 1.2962935762977182e-05 0.9999999979771541 -0.06958413710685118
1.0 0.0 0.0 0.0 0.0 1.0 0.0 0.0 0.0 0.0 1.0 0.0
-0.4888650476242327 -0.8723594221662927 6.139257468903659e-05 -5.267639148126582 0.872359422702269 -0.488865049797957 -2.6619648744955468e-05 -2.532953475673004 5.323458547999856e-05 4.0542975162487326e-05 0.9999999977611728 0.007874574428890502
0.959341425069313 -0.2822481692064684 3.354961702901348e-05 -10.392525166571073 0.28224816923408497 0.9593414256394606 4.0068838516131245e-06 -2.1875789356163224 -3.331647306159909e-05 5.625348320648259e-06 0.999999999429184 -0.06982029696612496
1.0 0.0 0.0 0.0 0.0 1.0 0.0 0.0 0.0 0.0 1.0 0.0
-0.48880076234420905 -0.8723954436332156 6.826217798017669e-05 -5.264263560427162 0.8723954445048138 -0.48880076486497237 -2.597433049939371e-05 -2.535360058958865 5.6026492387154726e-05 4.6855340552401855e-05 0.9999999973328045 0.007883539053053418
0.9593401363701616 -0.28225254749296375 4.67227073802854e-05 -10.392681325099383 0.2822525475454685 0.959340137476119 5.603042555988779e-06 -2.1874480355199992 -4.640444155660664e-05 7.812379576555059e-06 0.9999999988927972 -0.06974014198654627
1.0 0.0 0.0 0.0 0.0 1.0 0.0 0.0 0.0 0.0 1.0 0.0
-0.48884955592328944 -0.8723680990717667 0.00010674977683640963 -5.266499830020825 0.8723681028011607 -0.4888495605007944 -2.032938280992327e-05 -2.5329396751726563 6.991928652722907e-05 8.318709053439353e-05 0.9999999940956008 0.007893386803429742
0.9593414374687608 -0.28224812305742675 5.8188765264574284e-05 -10.392290187692295 0.28224812350231454 0.9593414391024061 5.893563644175585e-07 -2.1876067540968975 -5.5989238536165364e-05 1.5858275823018806e-05 0.9999999983068604 -0.06929580593817461
1.0 0.0 0.0 0.0 0.0 1.0 0.0 0.0 0.0 0.0 1.0 0.0
-0.4888498800944658 -0.8723679220042749 5.822000666201161e-05 -5.266384323318477 0.8723679222940255 -0.48884988218792313 -2.8935430702951646e-05 -2.5326514888186153 5.37031849523361e-05 3.6644184418073074e-05 0.9999999978865859 0.007947000862323084
0.9593439704960973 -0.28223951203395176 6.41842749169389e-05 -10.39145267862165 0.2822395121664534 0.9593439725774114 7.171761705047572e-06 -2.187694038938325 -6.359895179986612e-05 1.1235152091739348e-05 0.9999999979144725 -0.06953699299107857
1.0 0.0 0.0 0.0 0.0 1.0 0.0 0.0 0.0 0.0 1.0 0.0
-0.48887346496781975 -0.8723547056932678 5.201125470097013e-05 -5.267704988871216 0.872354705575682 -0.48887346685117655 -3.269369027366107e-05 -2.5326602943281955 5.3947416957638735e-05 2.9389185134602015e-05 0.9999999981129759 0.00809626883794018
0.9593412354888766 -0.28224881512973327 1.5765066156691527e-05 -10.392119549136442 0.28224881526027645 0.9593412355563588 -6.73568130590761e-06 -2.1878900060252633 -1.3222939977685897e-05 1.0911488071090336e-05 0.9999999998530466 -0.0694565666189616
1.0 0.0 0.0 0.0 0.0 1.0 0.0 0.0 0.0 0.0 1.0 0.0
-0.4888663505534417 -0.8723586917767734 6.463804009755527e-05 -5.267703733405129 0.8723586922224719 -0.48886635307222925 -3.062281879254406e-05 -2.5327693010688606 5.8313445072612394e-05 4.141709046055294e-05 0.9999999974420832 0.008070355102134524
0.9593419726418296 -0.28224630356647357 6.0421400554962926e-05 -10.392368206399283 0.2822463040058076 0.9593419744144209 1.3047657560376954e-06 -2.1877524457182176 -5.8333051016927755e-05 1.5802000435256874e-05 0.9999999981737758 -0.06937136814468442
1.0 0.0 0.0 0.0 0.0 1.0 0.0 0.0 0.0 0.0 1.0 0.0
-0.4888350534456953 -0.8723762310485399 4.4992095835786124e-05 -5.265881790664629 0.8723762308551647 -0.4888350549101102 -3.0495343814074987e-05 -2.5345625762190025 4.859712673946529e-05 2.4342841960307153e-05 0.9999999985228728 0.00788840948490066
0.959331417529123 -0.28228218251820736 2.7826589512388928e-05 -10.393963641536654 0.2822821825281783 0.9593314179228178 3.6500133448512003e-06 -2.187928553111675 -2.7725255306104823e-05 4.353377943761521e-06 0.999999999606179 -0.06998815538840206
1.0 0.0 0.0 0.0 0.0 1.0 0.0 0.0 0.0 0.0 1.0 0.0
-0.48886460843263146 -0.8723596680862779 6.417483979208113e-05 -5.267335308784442 0.8723596687822845 -0.4888646107214611 -2.581120049334899e-05 -2.532676634051221 5.388945836834415e-05 4.33653595627998e-05 0.999999997607686 0.007817695028355193
0.9593382949087821 -0.28225880782508805 3.6423481260368796e-05 -10.392569853687899 0.2822588079949032 0.9593382955501406 4.974525473918681e-07 -2.187734330525899 -3.508285079331423e-05 9.803623124967883e-06 0.9999999993365415 -0.06966090596086402
1.0 0.0 0.0 0.0 0.0 1.0 0.0 0.0 0.0 0.0 1.0 0.0
-0.4888588916243751 -0.872362874019488 1.0594615677486741e-05 -5.267561810905339 0.8723628731412476 -0.4888588916246815 -4.054916716926471e-05 -2.5333334389359763 4.055286008816612e-05 -1.0580471546415544e-05 0.9999999991217596 0.008227926956899029
0.9593381322897391 -0.2822593617148373 2.5674244008868505e-05 -10.393150744797081 0.2822593617735536 0.959338132615021 1.3821280808187006e-06 -2.1877971130643132 -2.502039989368647e-05 5.920867556329604e-06 0.9999999996694615 -0.06976135491460947
1.0 0.0 0.0 0.0 0.0 1.0 0.0 0.0 0.0 0.0 1.0 0.0
-0.488877762601788 -0.8723522976941821 4.405850232846725e-05 -5.26815294602519 0.8723522972782112 -0.48887776411149286 -3.4507601395110754e-05 -2.532836261677595 5.164200747338061e-05 2.1564536758065325e-05 0.9999999984340369 0.008144833693567333
0.9593386241381148 -0.28225768711601923 4.796566957740739e-05 -10.392762273803454 0.2822576874463415 0.9593386252400296 -1.2232443291028194e-07 -2.1878374522300703 -4.5980792499575956e-05 1.3656029524890265e-05 0.9999999988496396 -0.06937449150280964
1.0 0.0 0.0 0.0 0.0 1.0 0.0 0.0 0.0 0.0 1.0 0.0
-0.4888524920376954 -0.8723664578848316 6.469935589930075e-05 -5.266579187302326 0.8723664584541476 -0.4888524944715528 -2.851503004788294e-05 -2.533761998368348 5.650399728143589e-05 4.250190447071432e-05 0.9999999975004432 0.007949149627208246
0.959337464513752 -0.2822616275025728 5.310295718183163e-05 -10.392563975346848 0.2822616277428237 0.9593374659078766 3.070002215397177e-06 -2.1886132775250644 -5.1810200196789566e-05 1.2043758990727828e-05 0.9999999985853256 -0.06959322977907303
1.0 0.0 0.0 0.0 0.0 1.0 0.0 0.0 0.0 0.0 1.0 0.0
-0.4888030298397344 -0.872394171044626 9.136112674800644e-05 -5.264173139587305 0.8723941734657086 -0.48880303354307014 -2.2409270971716645e-05 -2.535473153856465 6.420731327542348e-05 6.874919510875081e-05 0.9999999955754846 0.0078069156389144745
0.9593378427948225 -0.2822603428564968 4.724730316704198e-05 -10.392757897821275 0.2822603428035881 0.9593378439411399 7.922505541407908e-06 -2.1876440433612103 -4.756233508272738e-05 5.7356806128551665e-06 0.9999999988524632 -0.06991436426620376
1.0 0.0 0.0 0.0 0.0 1.0 0.0 0.0 0.0 0.0 1.0 0.0
-0.4888255399663682 -0.8723815608387323 6.15237146306579e-05 -5.265223146839851 0.8723815614161818 -0.48882554211928303 -2.5939442236294233e-05 -2.5346874905747967 5.27034542628965e-05 4.099229237600909e-05 0.9999999977709891 0.007768912968278835
0.9593412060540735 -0.28224891010405384 5.578341755973953e-05 -10.391972003669055 0.28224891013787434 0.9593412076371992 7.428556962346516e-06 -2.1878341424758645 -5.5612033274150866e-05 8.618288014506568e-06 0.9999999984165134 -0.06974924510232028
