1.0 0.0 0.0 0.0 0.0 1.0 0.0 0.0 0.0 0.0 1.0 0.0
0.16267719916608275 -0.9866793393351713 0.00010099796478282593 -0.22517853970192903 0.9866792903730083 0.16267722329589293 0.000314594587544385 1.1007603520764526 -0.00032683404826614767 4.847523384650838e-05 0.9999999454148265 0.5026630507891593
-0.07807865148328365 -0.9969471941005325 0.00012789694201697027 1.1185840721071827 0.9969471245567872 -0.07807859408648282 0.00040494867864536855 0.4425964494347667 -0.0003937264355095892 0.00015912433533199084 0.9999999098294658 0.2676456806935231
1.0 0.0 0.0 0.0 0.0 1.0 0.0 0.0 0.0 0.0 1.0 0.0
0.16268429628118827 -0.9866781734300463 -4.2664295724692743e-05 -0.22450836480776815 0.9866781721740673 0.1626842928966067 7.348450536104826e-05 1.1013943452520145 -6.556474674315381e-05 -5.405070436497481e-05 0.9999999963898922 0.5032307522964116
-0.07808301982802733 -0.9969468597068611 -3.058043941840535e-05 1.1186401700901847 0.9969468486046164 -0.07808302355849427 0.0001499642880706261 0.4426581303482031 -0.00015189423923171099 -1.8777408228200416e-05 0.9999999882877746 0.2679702671173235
1.0 0.0 0.0 0.0 0.0 1.0 0.0 0.0 0.0 0.0 1.0 0.0
0.16267559428620107 -0.9866796090601947 9.4049239461133e-06 -0.22487592761016906 0.9866795973452982 0.16267559381161498 0.00015284161473330264 1.101277077883955 -0.00015233565626087976 -1.558395393617935e-05 0.9999999882754942 0.5021885966341807
-0.0780834335303393 -0.9969468275355883 2.17908016792147e-05 1.1182342275414765 0.9969468027995849 -0.07808342666320657 0.00022553983567479276 0.442757129404896 -0.00022314972319403375 3.933519483188715e-05 0.9999999743284713 0.26700853657702495
1.0 0.0 0.0 0.0 0.0 1.0 0.0 0.0 0.0 0.0 1.0 0.0
0.1626724556741421 -0.9866801251930641 5.2095525741132156e-05 -0.2250735731042912 0.9866800999276382 0.16267246332459898 0.00022379162929104924 1.1012255143694496 -0.0002292852603065478 1.4996884647951351e-05 0.9999999736016812 0.5023800314247955
-0.07808024124617258 -0.9969470732353599 9.536450490137499e-05 1.1182998223250902 0.9969470200775371 -0.07808020381830666 0.0003477502110296869 0.4428667423605379 -0.0003392424751232664 0.00012222577935322028 0.999999934987699 0.26705751986395365
1.0 0.0 0.0 0.0 0.0 1.0 0.0 0.0 0.0 0.0 1.0 0.0
0.162668643076113 -0.986680754869883 2.300378805821873e-05 -0.22523003592068847 0.9866807486734791 0.16266864463494463 0.00011067869319092618 1.1008285246682838 -0.00011294653157053452 4.693441984801238e-06 0.9999999936105263 0.5044239341873906
-0.07808310011965532 -0.996946852856275 4.533951932217715e-05 1.11844267570088 0.9969468361931045 -0.078083090084679 0.0001919567324145208 0.4425760769106013 -0.00018783041049358652 6.018966709852204e-05 0.9999999805484702 0.2693710105588689
1.0 0.0 0.0 0.0 0.0 1.0 0.0 0.0 0.0 0.0 1.0 0.0
0.16267411536972542 -0.9866798521607445 3.909896175922882e-05 -0.2249338287076572 0.986679833738508 0.16267411989385017 0.00019081538802995278 1.1010766269281351 -0.000194634088044342 7.5374326412387635e-06 0.9999999810303795 0.5025907876727577
-0.07808283517818966 -0.996946872598844 6.376456677091919e-05 1.1183101450967445 0.9969468367838459 -0.07808281442808594 0.0002805666995292121 0.4426551618107837 -0.0002747311768167678 8.547732649698522e-05 0.9999999586082026 0.2673890167055979
1.0 0.0 0.0 0.0 0.0 1.0 0.0 0.0 0.0 0.0 1.0 0.0
0.1626692688601791 -0.9866806488400482 7.856892849721515e-05 -0.22513913852734113 0.9866806210378196 0.16266928318366175 0.00023743827970376349 1.101076393903119 -0.00024705650715672525 3.889852780508729e-05 0.9999999687249931 0.5022959255958492
-0.07808230329530061 -0.9969469105427422 0.00010710453933176704 1.1182958862797925 0.9969468640487407 -0.07808226397125669 0.0003321392850345223 0.44266153328551816 -0.00032276226917240175 0.00013271173500253912 0.9999999391060548 0.267056643050831
1.0 0.0 0.0 0.0 0.0 1.0 0.0 0.0 0.0 0.0 1.0 0.0
0.16266289772674958 -0.9866816963423521 0.00010865595157341858 -0.2253798347385354 0.9866816578529379 0.16266292247218933 0.0002823285049590947 1.100897112145275 -0.00029624266282578384 6.128446170654975e-05 0.9999999542422489 0.5025816321101099
-0.07808177733419211 -0.9969469422300142 0.00017443210340942862 1.1178996876130625 0.9969468639700555 -0.078081693029134 0.00044680418009606276 0.4427596314983058 -0.0004318201071695163 0.00020878680297197757 0.9999998849697262 0.2669352384739701
1.0 0.0 0.0 0.0 0.0 1.0 0.0 0.0 0.0 0.0 1.0 0.0
0.16267634662176966 -0.9866794456761256 0.0002788010885546198 -0.2244132203861149 0.9866792359309827 0.16267649985145172 0.0006646643761302912 1.1016223552521538 -0.0007011650634417071 0.00016696207259328367 0.9999997402455766 0.500843202645084
-0.07807145473957915 -0.9969477024828843 0.00035562472403256645 1.1185485467095093 0.9969474227782532 -0.07807112694410875 0.0008575275361160148 0.44283768045949756 -0.0008271460839722733 0.0004214875743243229 0.9999995690886971 0.2652496515264299
1.0 0.0 0.0 0.0 0.0 1.0 0.0 0.0 0.0 0.0 1.0 0.0
0.16267241132617355 -0.986680132052626 6.004948630887588e-05 -0.22505667620155556 0.9866801081366696 0.16267242068311236 0.0002185326209048514 1.1010827999969113 -0.0002253901905508523 2.3700405248766832e-05 0.9999999743187761 0.5027087925553855
-0.0780824634342008 -0.9969468997424518 8.943131853512977e-05 1.1180835323771845 0.9969468564940461 -0.07808243179743588 0.0003149146525032241 0.44280889498127785 -0.0003069701716664826 0.00011374758372469348 0.9999999464153991 0.2674942104079071
1.0 0.0 0.0 0.0 0.0 1.0 0.0 0.0 0.0 0.0 1.0 0.0
0.16267280375086038 -0.9866800333453706 0.0002659274584931841 -0.2248431370502626 0.9866798351055739 0.1626729448995033 0.0006449757826697568 1.100832193130497 -0.0006796439295542526 0.0001574652419778289 0.9999997566443836 0.5007958225602733
-0.07807601336428961 -0.9969473439521751 0.0003598942114506592 1.1181716310632286 0.9969470550690269 -0.0780756764162462 0.0008707131219526762 0.4424385611857904 -0.0008399561502777793 0.00042677728358821073 0.9999995561673094 0.26493925805097507
1.0 0.0 0.0 0.0 0.0 1.0 0.0 0.0 0.0 0.0 1.0 0.0
0.16266508789425244 -0.9866813408710183 -2.7519527720478968e-05 -0.2254128135869493 0.986681341254336 0.16266508785771217 3.5758683130459817e-06 1.1006160993069614 9.482238525613856e-07 -2.7734673455368782e-05 0.9999999996149446 0.5064689481883431
-0.07808215164994492 -0.9969469280525217 -1.550337674271693e-05 1.1184070166709326 0.9969469262735016 -0.07808215245170341 6.051714453172058e-05 0.44280929405267244 -6.154291836175458e-05 -1.0730734933763493e-05 0.9999999980486599 0.271739993898673
1.0 0.0 0.0 0.0 0.0 1.0 0.0 0.0 0.0 0.0 1.0 0.0
0.16268016683650266 -0.9866788551124821 -1.385530401601891e-05 -0.22492814319423182 0.9866788514960886 0.16268016498982332 8.904629764443525e-05 1.1013308355753733 -8.560611586850123e-05 -2.8156802010616006e-05 0.9999999959393938 0.503621780914913
-0.07807999007296637 -0.9969470974606186 3.879879590394868e-06 1.1185099159820489 0.9969470839653339 -0.07807998837431804 0.00016488930766885766 0.4429640121896927 -0.00016408297572944523 1.6742590149702943e-05 0.9999999863982314 0.2685664015222331
1.0 0.0 0.0 0.0 0.0 1.0 0.0 0.0 0.0 0.0 1.0 0.0
0.16267885732137097 -0.9866790689317443 6.567038464628524e-05 -0.2245037031288426 0.986679006275097 0.16267887039974854 0.0003517121679591091 1.1014927311461484 -0.00035771021840684444 7.579456274896966e-06 0.9999999359929738 0.5000331508745115
-0.07807984660196246 -0.9969471058911128 7.489958336672126e-05 1.1184736872651904 0.9969470204041561 -0.07807980784556845 0.00042674825623896626 0.4426320644655437 -0.00041959729392452254 0.00010799135485175789 0.9999999061379845 0.2648439362770943
1.0 0.0 0.0 0.0 0.0 1.0 0.0 0.0 0.0 0.0 1.0 0.0
0.16267439421542315 -0.9866798059525165 4.4633507394525705e-05 -0.22533202583276335 0.9866797875243373 0.16267439982340545 0.00019113613965185132 1.1007538733470401 -0.0001958508982096356 1.2946023861960548e-05 0.9999999807374129 0.5033159788421753
-0.07808160710335102 -0.9969469685722411 6.69834080282655e-05 1.1180549112542355 0.9969469349450252 -0.07808158609175234 0.00027352717592135824 0.4427869311115469 -0.00026746191811623937 8.813634480833012e-05 0.9999999603480528 0.2683340508818052
1.0 0.0 0.0 0.0 0.0 1.0 0.0 0.0 0.0 0.0 1.0 0.0
0.16266403983005545 -0.9866815125594427 5.4033103254800356e-05 -0.22521960321574497 0.9866814967579147 0.16266404698650025 0.0001782513258454364 1.100948872183542 -0.00018466653104756475 2.4318382426840995e-05 0.9999999826534441 0.503054913753488
-0.07808367057953843 -0.9969468064598573 7.401566247988424e-05 1.1178097072671074 0.996946778330403 -0.07808364946825637 0.0002546808770315189 0.44283563345485 -0.00024812387397873 9.367609396034686e-05 0.9999999648296656 0.26799595382042074
1.0 0.0 0.0 0.0 0.0 1.0 0.0 0.0 0.0 0.0 1.0 0.0
0.16267352512140842 -0.9866799495955978 3.592496656730907e-05 -0.22482460212180833 0.9866799345320086 0.16267352892112943 0.00017256957459029328 1.1012221421008253 -0.00017611498024635772 7.373942633397092e-06 0.9999999844645694 0.5034654755682966
-0.07808099608718402 -0.9969470169834235 5.811958747644839e-05 1.118233400973157 0.9969469870116588 -0.07808097878092818 0.00025659498793209265 0.4429045051956493 -0.0002512735735152935 7.797733986971893e-05 0.9999999653905621 0.2682792317402706
1.0 0.0 0.0 0.0 0.0 1.0 0.0 0.0 0.0 0.0 1.0 0.0
0.16267163436885054 -0.9866802600664941 6.13749324128345e-05 -0.22505381266510227 0.986680232176918 0.1626716444289007 0.0002356482569121876 1.1008912166386988 -0.00024249344459663797 2.222414547486123e-05 0.9999999703515081 0.5025756918334878
-0.07808342243957475 -0.9969468254565467 7.970092084616184e-05 1.1180781903844021 0.9969467820678362 -0.07808339410539203 0.00031191275727484593 0.4426134074980599 -0.00030473711477155713 0.000103812792156 0.999999948179096 0.26749599067630314
1.0 0.0 0.0 0.0 0.0 1.0 0.0 0.0 0.0 0.0 1.0 0.0
0.1626613915175918 -0.9866819504724503 1.7928803733115003e-05 -0.22564392745888018 0.9866819455507142 0.16266139249722045 9.856532448966284e-05 1.100950608507958 -0.00010016895079745449 1.6572541119174492e-06 0.9999999949817177 0.5036564601671143
-0.0780825573318956 -0.9969468949378923 5.398339371361043e-05 1.117636793729702 0.9969468756022054 -0.07808254452816563 0.00020848742946417758 0.44306592637190967 -0.00020363573469447865 7.00978073613039e-05 0.9999999768093921 0.26836206780831606
1.0 0.0 0.0 0.0 0.0 1.0 0.0 0.0 0.0 0.0 1.0 0.0
0.16266239276229932 -0.9866817835734738 6.281013257772266e-05 -0.22489108640063193 0.9866817695880604 0.162662401256085 0.00016964721988379264 1.1012534399492253 -0.0001776046684815449 3.437839004807754e-05 0.9999999836373539 0.5022706847651044
-0.07808375020365362 -0.9969467996824567 8.09755586592834e-05 1.1182337941952705 0.9969467758732451 -0.07808372888598529 0.00023949781263118638 0.4427615699883507 -0.000232443704264862 9.942920950572622e-05 0.9999999680418782 0.2671343493052819
