1.0 0.0 0.0 0.0 0.0 1.0 0.0 0.0 0.0 0.0 1.0 0.0
0.16330912782284107 -0.9865749483793631 0.0 -0.21705997476149566 0.9865749483793631 0.16330912782284107 0.0 1.1120000713832607 0.0 0.0 1.0 0.5420218011418343
-0.07815535063524308 -0.9969411924316711 0.0 1.1209545690900728 0.9969411924316711 -0.07815535063524308 0.0 0.4399144256113853 0.0 0.0 1.0 0.234665707347551
1.0 0.0 0.0 0.0 0.0 1.0 0.0 0.0 0.0 0.0 1.0 0.0
0.1632450169934337 -0.9865855585942932 0.0 -0.21833722155535332 0.9865855585942932 0.1632450169934337 0.0 1.1088772398680389 0.0 0.0 1.0 0.5323240999823253
-0.07813511538697761 -0.9969427785702968 0.0 1.1201311356481736 0.9969427785702968 -0.07813511538697761 0.0 0.4402810301006805 0.0 0.0 1.0 0.24222936365744244
1.0 0.0 0.0 0.0 0.0 1.0 0.0 0.0 0.0 0.0 1.0 0.0
0.16328972605953138 -0.9865781597843138 0.0 -0.21755733649038833 0.9865781597843138 0.16328972605953138 0.0 1.1089182047096482 0.0 0.0 1.0 0.5371695958749622
-0.07814179269680342 -0.9969422552154813 0.0 1.1224260422496724 0.9969422552154813 -0.07814179269680342 0.0 0.4398031441125879 0.0 0.0 0.9999999999999999 0.23851694737546622
1.0 0.0 0.0 0.0 0.0 1.0 0.0 0.0 0.0 0.0 1.0 0.0
0.1632589122905447 -0.9865832593135301 0.0 -0.21794617289284549 0.9865832593135301 0.1632589122905447 0.0 1.109946472550346 0.0 0.0 1.0 0.5347660458051835
-0.07814463149278852 -0.9969420327024316 0.0 1.119805324540184 0.9969420327024316 -0.07814463149278852 0.0 0.4402066628171414 0.0 0.0 1.0 0.23943391837043143
1.0 0.0 0.0 0.0 0.0 1.0 0.0 0.0 0.0 0.0 1.0 0.0
0.16329804001739137 -0.9865767836952573 0.0 -0.21749997882646868 0.9865767836952573 0.16329804001739137 0.0 1.1087027008758368 0.0 0.0 1.0 0.537886808216267
-0.07815438508054627 -0.9969412681260024 0.0 1.1228236593576582 0.9969412681260024 -0.07815438508054627 0.0 0.4394843602198289 0.0 0.0 0.9999999999999999 0.23716633392685385
1.0 0.0 0.0 0.0 0.0 1.0 0.0 0.0 0.0 0.0 1.0 0.0
0.16326631367329605 -0.9865820345108322 0.0 -0.2179876641510111 0.9865820345108322 0.16326631367329605 0.0 1.108511216098897 0.0 0.0 1.0 0.5339628156229396
-0.07814136494417794 -0.9969422887432656 0.0 1.121300085616245 0.9969422887432656 -0.07814136494417794 0.0 0.4398082270462281 0.0 0.0 1.0 0.24059810381028962
1.0 0.0 0.0 0.0 0.0 1.0 0.0 0.0 0.0 0.0 1.0 0.0
0.16328313894430743 -0.9865792500030061 0.0 -0.217726302735841 0.9865792500030061 0.16328313894430743 0.0 1.1068547704147231 0.0 0.0 1.0 0.533579992886264
-0.07814218550324364 -0.9969422244266599 0.0 1.1235965243444914 0.9969422244266599 -0.07814218550324364 0.0 0.43958319686401576 0.0 0.0 1.0 0.24085468259771353
1.0 0.0 0.0 0.0 0.0 1.0 0.0 0.0 0.0 0.0 1.0 0.0
0.16329152057166757 -0.9865778627707965 0.0 -0.21758010509211015 0.9865778627707965 0.16329152057166757 0.0 1.1117200888703538 0.0 0.0 1.0 0.5408179406136318
-0.07815003706431256 -0.9969416089755943 0.0 1.1208458515291377 0.9969416089755943 -0.07815003706431256 0.0 0.44011949008570284 0.0 0.0 0.9999999999999999 0.23515030940075984
1.0 0.0 0.0 0.0 0.0 1.0 0.0 0.0 0.0 0.0 1.0 0.0
0.1632516163478386 -0.9865844666118649 0.0 -0.21833283475958085 0.9865844666118649 0.1632516163478386 0.0 1.1128453286165902 0.0 0.0 1.0 0.5376651257809071
-0.0781370002163742 -0.9969426308455198 0.0 1.1174355175574535 0.9969426308455198 -0.0781370002163742 0.0 0.4412085880429583 0.0 0.0 1.0 0.23825671932470907
1.0 0.0 0.0 0.0 0.0 1.0 0.0 0.0 0.0 0.0 1.0 0.0
0.1633145515135397 -0.9865740505729569 0.0 -0.21704717330753429 0.9865740505729569 0.1633145515135397 0.0 1.104739970679353 0.0 0.0 1.0 0.5337893690144915
-0.07815359066024881 -0.9969413304036052 0.0 1.126438087598487 0.9969413304036052 -0.07815359066024881 0.0 0.43837913190216743 0.0 0.0 1.0 0.24041021607280977
1.0 0.0 0.0 0.0 0.0 1.0 0.0 0.0 0.0 0.0 1.0 0.0
0.16331838159532455 -0.9865734165449036 0.0 -0.21685715302835307 0.9865734165449036 0.16331838159532455 0.0 1.1083104104695884 0.0 0.0 1.0 0.5384203891668479
-0.07814988067658804 -0.9969416212347818 0.0 1.1240254845229765 0.9969416212347818 -0.07814988067658804 0.0 0.43892757058454945 0.0 0.0 1.0 0.23752840262084388
1.0 0.0 0.0 0.0 0.0 1.0 0.0 0.0 0.0 0.0 1.0 0.0
0.16326378546593173 -0.9865824528924758 0.0 -0.2180516917950388 0.9865824528924758 0.16326378546593173 0.0 1.1094562201997056 0.0 0.0 1.0 0.5351793916072954
-0.07814060711144416 -0.9969423481426872 0.0 1.1202403899093505 0.9969423481426872 -0.07814060711144416 0.0 0.44000991093237696 0.0 0.0 1.0 0.23970543564293229
1.0 0.0 0.0 0.0 0.0 1.0 0.0 0.0 0.0 0.0 1.0 0.0
0.16326673861135463 -0.9865819641890944 0.0 -0.21811885563538647 0.9865819641890944 0.16326673861135463 0.0 1.1074941014883766 0.0 0.0 1.0 0.5334774216198934
-0.07813868805856976 -0.9969424985567049 0.0 1.122708161443083 0.9969424985567049 -0.07813868805856976 0.0 0.43977239321232675 0.0 0.0 1.0 0.24097421266035482
1.0 0.0 0.0 0.0 0.0 1.0 0.0 0.0 0.0 0.0 1.0 0.0
0.16327856559789272 -0.9865800069007554 0.0 -0.21743584491982482 0.9865800069007554 0.16327856559789272 0.0 1.1102532105807896 0.0 0.0 1.0 0.5372670055091995
-0.07814435167114715 -0.9969420546360235 0.0 1.1210293270576186 0.9969420546360235 -0.07814435167114715 0.0 0.43991331582530313 0.0 0.0 0.9999999999999999 0.23828193626459093
1.0 0.0 0.0 0.0 0.0 1.0 0.0 0.0 0.0 0.0 1.0 0.0
0.16317661065109568 -0.986596874988169 0.0 -0.21977797815840222 0.986596874988169 0.16317661065109568 0.0 1.1122403125609002 0.0 0.0 1.0 0.5305356166263229
-0.07812342095685305 -0.9969436950490225 0.0 1.114408606866409 0.9969436950490225 -0.07812342095685305 0.0 0.44180184322534743 0.0 0.0 1.0 0.24294034174701037
