1.0 0.0 0.0 0.0 0.0 1.0 0.0 0.0 0.0 0.0 1.0 0.0
0.1626704426564831 -0.9866804148490979 0.0002933243194061569 -0.22471078188452331 0.9866801671723876 0.16267061587553258 0.00072002732223356 1.1014223002303485 -0.0007581521046931687 0.00017229012527492728 0.9999996977607041 0.49974933428695584
-0.07807540659006522 -0.9969473938772069 0.000353167441106631 1.1179057179265666 0.996947088762415 -0.07807506865757438 0.0008864887257522073 0.4427497939438476 -0.0008562090526281626 0.0004213022199575323 0.9999995447051455 0.26413377802743165
1.0 0.0 0.0 0.0 0.0 1.0 0.0 0.0 0.0 0.0 1.0 0.0
0.1626776878978531 -0.9866792630066926 4.2576730729509285e-05 -0.22484928177965102 0.986679240753511 0.16267769327794193 0.00020970417733665777 1.1011328122703716 -0.00021383704748633602 7.895385638317568e-06 0.9999999771056898 0.5021894272767495
-0.07808281233567933 -0.9969468746970935 5.873200666662445e-05 1.118198502380924 0.9969468383054374 -0.07808279292267008 0.0002811444263557472 0.44277538383992976 -0.0002757000980793988 8.050523583598872e-05 0.9999999587541807 0.267091810222458
1.0 0.0 0.0 0.0 0.0 1.0 0.0 0.0 0.0 0.0 1.0 0.0
0.16267478527930695 -0.986679742375071 1.4865895627116136e-05 -0.22514831126231982 0.9866797305215477 0.1626747856345074 0.00015328631439753335 1.1012589790281613 -0.00015366280758380733 -1.0267940389559089e-05 0.9999999881411553 0.5019142819053352
-0.07808612310913092 -0.9969466164603241 3.6139959289613085e-05 1.1179905121459672 0.9969465888637299 -0.07808611221488909 0.00024089860207416933 0.4427222796560617 -0.00023734101733133192 5.484044703382807e-05 0.999999970330883 0.26650217571348134
1.0 0.0 0.0 0.0 0.0 1.0 0.0 0.0 0.0 0.0 1.0 0.0
0.16266988487698533 -0.9866805494780538 4.2846166939710715e-05 -0.22492621786759948 0.9866805221265609 0.16266989045809244 0.00023236697125845028 1.101131821885767 -0.00023624175216444468 4.476369903378544e-06 0.9999999720848982 0.5017839785423002
-0.07808311792301396 -0.9969468480922251 9.36717583969184e-05 1.118206957211914 0.9969467822405054 -0.07808307680272407 0.00038274968591849577 0.4426102276886841 -0.0003742669138795943 0.00012327204698119772 0.9999999223641366 0.2661234145001654
1.0 0.0 0.0 0.0 0.0 1.0 0.0 0.0 0.0 0.0 1.0 0.0
0.16267852783505612 -0.9866791233791877 6.378947137057031e-05 -0.2252028621549833 0.9866790989622628 0.16267853810725266 0.00022115673933326897 1.1009607693034518 -0.00022858791564394086 2.6962285359662952e-05 0.9999999735102998 0.502021898042089
-0.07808179235439087 -0.9969469524716923 8.752217764025982e-05 1.1181896651128795 0.9969469115110082 -0.07808176222512324 0.0003066536836925832 0.44272979908846466 -0.0002988835695576098 0.00011119903394196945 0.9999999491516922 0.2668579302861577
1.0 0.0 0.0 0.0 0.0 1.0 0.0 0.0 0.0 0.0 1.0 0.0
0.16267206648816923 -0.9866801907318721 1.33609355399592e-06 -0.2252797102239441 0.9866801839917525 0.16267206553492908 0.00011667305168086525 1.1007792241296652 -0.00011533633398391445 -1.766114938671758e-05 0.9999999931928072 0.5039515994124428
-0.07808334170916074 -0.9969468346133578 2.64940940720518e-05 1.1179899283606023 0.9969468139448848 -0.0780833345779101 0.00020742790963003692 0.44276400726888276 -0.0002047258507043706 4.2609867021152815e-05 0.9999999781358624 0.26881504104999077
1.0 0.0 0.0 0.0 0.0 1.0 0.0 0.0 0.0 0.0 1.0 0.0
0.16268893013791283 -0.9866774031359307 -0.0001189601497562423 -0.22403610211875602 0.986677410113431 0.16268893131313425 -2.0513241358265472e-07 1.1018070479739368 1.9555899149821146e-05 -0.00011734191969529101 0.9999999929242203 0.5022906197845527
-0.07808392007958163 -0.9969467842101525 -0.00010429784273834529 1.1188097730732665 0.9969467850861415 -0.07808392932125713 8.768214000636993e-05 0.44277000895929675 -9.555841289272866e-05 -9.713283379674574e-05 0.9999999907169009 0.2669192808196381
1.0 0.0 0.0 0.0 0.0 1.0 0.0 0.0 0.0 0.0 1.0 0.0
0.16266954909456144 -0.9866806032989097 6.979306431799912e-05 -0.2252227697711131 0.9866805814608656 0.16266956038116165 0.0002104600871546191 1.101189500202926 -0.0002190100928543471 3.4628013803367955e-05 0.9999999754177391 0.5023852917655188
-0.07808197870482537 -0.9969469371178136 9.577551620748409e-05 1.1180121732253365 0.9969468993783562 -0.07808194702976658 0.0002989446815327368 0.442840102094781 -0.00029055364583847513 0.00011882529617676992 0.9999999507295625 0.26715360428710294
1.0 0.0 0.0 0.0 0.0 1.0 0.0 0.0 0.0 0.0 1.0 0.0
0.16268410780422596 -0.9866782033851531 -6.350267280560244e-05 -0.22477231330893233 0.986678202218288 0.16268410174610956 9.113917420513698e-05 1.1014986714242543 -7.959416137888357e-05 -7.748359828146982e-05 0.9999999938305307 0.5017256596627753
-0.0780839747891549 -0.9969467837869119 -5.637427682038619e-05 1.1185348720816073 0.9969467715543928 -0.07808398299904432 0.00016213043703887085 0.4426157011343257 -0.000166037345832691 -4.3542364316501294e-05 0.9999999852678311 0.2665385672432331
1.0 0.0 0.0 0.0 0.0 1.0 0.0 0.0 0.0 0.0 1.0 0.0
0.16267535755442683 -0.9866796481331243 -2.1055368569525934e-06 -0.2250436570633898 0.9866796442446668 0.1626753567230818 8.915288097911604e-05 1.1008934956016745 -8.762281427523376e-05 -1.6580467147242656e-05 0.9999999960236652 0.5042213380265319
-0.07808302034661457 -0.9969468599279383 2.033159962301932e-05 1.1181554345382558 0.9969468456835409 -0.07808301572601901 0.0001718626465373177 0.4427961162807055 -0.00016975037319118692 3.36890786382682e-05 0.9999999850249283 0.26911428198990806
1.0 0.0 0.0 0.0 0.0 1.0 0.0 0.0 0.0 0.0 1.0 0.0
0.16266389011928276 -0.9866815363296563 6.868340831260436e-05 -0.22570557721257956 0.9866815202338738 0.16266390015246474 0.00018225300939973956 1.10082677565328 -0.00019099799038712064 3.8122666233817286e-05 0.9999999810332147 0.5028749772341672
-0.07808310756869398 -0.9969468496161915 8.574827436806807e-05 1.1179158973805805 0.9969468242059515 -0.07808308422002003 0.00024832308940599894 0.44284765761202216 -0.0002408694319410644 0.0001048763083142621 0.9999999654914377 0.2679484708731169
1.0 0.0 0.0 0.0 0.0 1.0 0.0 0.0 0.0 0.0 1.0 0.0
0.1626716863778796 -0.9866802517762091 5.661990534781191e-05 -0.22498401768948995 0.9866802309158816 0.16267169465382317 0.00020415248557017967 1.101168180583885 -0.0002106436818172123 2.2655912177077185e-05 0.9999999775579741 0.5023341486432376
-0.07808191690815484 -0.99694694328428 8.079652729953036e-05 1.1182760133036815 0.9969469061721407 -0.07808189042032182 0.0002909676715104499 0.4427267275285729 -0.000283770585115938 0.00010326916147055823 0.9999999544048668 0.26713649202320033
1.0 0.0 0.0 0.0 0.0 1.0 0.0 0.0 0.0 0.0 1.0 0.0
0.16267261170563405 -0.9866800998076352 4.521573589451958e-05 -0.22522017521218274 0.9866800819920539 0.1626726173848523 0.00018802477236722732 1.1009681870581076 -0.00019287566327055012 1.4026985213397202e-05 0.9999999813011107 0.5033076053048084
-0.07808146926925516 -0.9969469791310493 7.04146937663389e-05 1.1182600382874224 0.9969469453932743 -0.07808144719718277 0.00027509019046654236 0.44282913755864683 -0.00026875225318097356 9.167916011435514e-05 0.9999999596835784 0.26825065353145994
1.0 0.0 0.0 0.0 0.0 1.0 0.0 0.0 0.0 0.0 1.0 0.0
0.1626734844094529 -0.9866799551322316 6.0086142573919596e-05 -0.22514787925452495 0.9866799342743867 0.16267349342657325 0.00020454018109216428 1.1010997851223365 -0.00021159011942176712 2.601252724563955e-05 0.9999999772764846 0.502461085070711
-0.07808030259592834 -0.9969470697646252 8.02138143294371e-05 1.1183573530724917 0.9969470350157102 -0.07808027716091456 0.00028229746608512827 0.4428026679689694 -0.0002751725147605758 0.00010201079593702765 0.9999999569369414 0.2674175727922917
1.0 0.0 0.0 0.0 0.0 1.0 0.0 0.0 0.0 0.0 1.0 0.0
0.1626731168375079 -0.9866800140718988 8.300269324672125e-05 -0.22539790206776367 0.9866799852132093 0.16267313247007303 0.00024238818778671541 1.1008336471194209 -0.0002526618886501376 4.246705415346979e-05 0.999999967179259 0.5023473536766756
-0.07808199989837655 -0.9969469337562609 0.00011209754342253304 1.1181759614318132 0.9969468863019922 -0.07808195826970937 0.0003371728470822434 0.4426463924407589 -0.0003273906403368439 0.00013808242708880227 0.9999999368743038 0.26709795392781066
1.0 0.0 0.0 0.0 0.0 1.0 0.0 0.0 0.0 0.0 1.0 0.0
0.16267633970233406 -0.9866794856708767 3.251622949169318e-05 -0.22472667445399352 0.9866794608402638 0.16267634290452465 0.00022139371229448862 1.101171736124968 -0.00022373425547623252 -3.932422965755749e-06 0.9999999749637591 0.5020148958618083
-0.07808085688892764 -0.9969470269098736 7.295926422096708e-05 1.1184232660963858 0.9969469718459029 -0.07808082725226645 0.00034603884952948843 0.44266074358898955 -0.0003392856825276316 9.975552742132541e-05 0.9999999374670283 0.2666512646847451
1.0 0.0 0.0 0.0 0.0 1.0 0.0 0.0 0.0 0.0 1.0 0.0
0.16267680432636353 -0.9866794047224489 9.813621246327471e-05 -0.22549746009175564 0.9866793621497402 0.16267682654495152 0.0002939609591783864 1.1007811259614027 -0.00030600971182644576 4.900834608120167e-05 0.9999999519781176 0.5025343743819837
-0.07807881527913764 -0.9969471799711974 0.00013766656290816858 1.117909492008038 0.9969471097767173 -0.07807875307705026 0.0004106406973471337 0.44290122904716966 -0.00039863825162935384 0.00016930862115845108 0.9999999062110629 0.26732692014174697
1.0 0.0 0.0 0.0 0.0 1.0 0.0 0.0 0.0 0.0 1.0 0.0
0.16266715607098856 -0.98668100015152 -1.6606419812321316e-05 -0.2255176781845658 0.9866809999802421 0.1626671555740782 2.7846511567034428e-05 1.1008827750403736 -2.4774304808552388e-05 -2.0914951749620033e-05 0.9999999994743994 0.5049576968320114
-0.07808392068630216 -0.9969467896152384 2.4747583083249447e-06 1.117441111784402 0.9969467844362939 -0.07808392002709222 0.00010215349317904736 0.44308352482317837 -0.00010164835824299937 1.0443747596963856e-05 0.9999999947792696 0.2698989113143689
1.0 0.0 0.0 0.0 0.0 1.0 0.0 0.0 0.0 0.0 1.0 0.0
0.16267287394510999 -0.986680056355186 4.9732943060555284e-05 -0.2253127916047415 0.9866800392241583 0.16267288043759756 0.00018484249892174499 1.1008873023553747 -0.0001904706083532561 1.9001641682925196e-05 0.9999999816799422 0.5026359972138756
-0.07808321131964006 -0.9969468418199872 8.182399704168023e-05 1.1179487429859511 0.9969468060337193 -0.07808318499115831 0.000286637058893389 0.4427237988472381 -0.0002793728323146257 0.00010395571454922863 0.9999999555720143 0.26725145639599773
1.0 0.0 0.0 0.0 0.0 1.0 0.0 0.0 0.0 0.0 1.0 0.0
0.16267558440728336 -0.9866796102367906 3.1316512669260176e-05 -0.22473244667068926 0.9866795854310372 0.1626755873416364 0.0002213067769822679 1.1012754186251517 -0.0002234533165475867 -5.101845541233695e-06 0.9999999750212926 0.5019248575610876
-0.07808165065296936 -0.9969469652755624 6.526219636673984e-05 1.1181879749107555 0.9969469122097704 -0.07808162437781602 0.0003378904052640146 0.44278876419979873 -0.00033176303582091405 9.144598573466303e-05 0.9999999407854581 0.26653321484976955
