1.0 0.0 0.0 0.0 0.0 1.0 0.0 0.0 0.0 0.0 1.0 0.0
0.16282403579129712 -0.9866506230052114 -0.0029801832263221992 -0.2350075482787779 0.9866512524146075 0.16283111559166208 -0.0023095245963562117 1.1071309407033616 0.0027639604412503186 -0.0025643553971378182 0.9999928922767783 0.5118399882994017
-0.07798551779158025 -0.9969534487450645 0.0014422378795260473 1.1053533340082866 0.9969535248500706 -0.07798334554350173 0.0015056914899736144 0.4440237940726752 -0.0013886337887602828 0.0015552662681457522 0.9999978264191557 0.24244737592452528
1.0 0.0 0.0 0.0 0.0 1.0 0.0 0.0 0.0 0.0 1.0 0.0
0.16270566954318888 -0.986667177300965 -0.0038400957603918523 -0.23857054226341812 0.9866677086657073 0.16271789147538507 -0.0031177668558602027 1.109406761708543 0.0037010505083486193 -0.00328162014120043 0.9999877665223628 0.5190587358472356
-0.07800491283259081 -0.9969519755981107 0.001411355732553702 1.0995583207075463 0.9969521038824921 -0.07800289551506312 0.0014320808425735136 0.4452731724759833 -0.0013176259914789007 0.0015187634081901982 0.9999979786076852 0.24339850954143777
1.0 0.0 0.0 0.0 0.0 1.0 0.0 0.0 0.0 0.0 1.0 0.0
0.16273703459805455 -0.9866621186868614 -0.0038106585500200236 -0.23774335556276516 0.9866628109882478 0.16274891854311624 -0.0030474457855120926 1.1062815841672569 0.003626979873269547 -0.003263902786446579 0.999988095906946 0.5158911246074095
-0.07798760892767342 -0.996953282626934 0.0014439920792708788 1.104143556940574 0.9969533530283023 -0.07798542480093751 0.001511755351488838 0.4441963234659163 -0.001394539124484503 0.0015574909303216415 0.9999978147389285 0.2418323954049484
1.0 0.0 0.0 0.0 0.0 1.0 0.0 0.0 0.0 0.0 1.0 0.0
0.16270432122668121 -0.9866648361910331 -0.004450267215171289 -0.2387288611628191 0.9866653466516226 0.16272091476187733 -0.0036602753845995507 1.1104508536710398 0.004335616564947451 -0.0037953818225953317 0.9999833986151082 0.5266115921383424
-0.07801314556440575 -0.99695142855329 0.0013409790084727062 1.0996784549793506 0.9969514833301542 -0.07801125527570707 0.0014085226706566992 0.4442699647025543 -0.0012996172329115632 0.0014467742957481715 0.9999981089178045 0.24150175308882757
1.0 0.0 0.0 0.0 0.0 1.0 0.0 0.0 0.0 0.0 1.0 0.0
0.16281101543052778 -0.9866528965249198 -0.0029385427453150572 -0.2353657884272533 0.9866533446403731 0.16281804893669805 -0.0023367606664295368 1.1087378951961195 0.002784019476527492 -0.0025188726511142954 0.9999929522332254 0.5170148065407146
-0.07800557565338484 -0.9969518825610977 0.0014401475158502494 1.1031658776902165 0.9969519882262722 -0.07800344324850284 0.0014818950910232504 0.4438332171785879 -0.0013650416357315809 0.0015513540088992262 0.9999978649787568 0.2425722906529926
1.0 0.0 0.0 0.0 0.0 1.0 0.0 0.0 0.0 0.0 1.0 0.0
0.16278117021491567 -0.9866570502883184 -0.0031868071509178943 -0.23632271042707642 0.9866575988784495 0.16278942306306277 -0.0025271157883979723 1.1064326159730975 0.0030121751070289475 -0.00273292062630931 0.9999917289387822 0.5147540263840644
-0.0779793099761188 -0.9969538893320573 0.0014730109748606677 1.1050222438262907 0.9969539942885393 -0.07797707286380318 0.0015196643448360445 0.4442260732834711 -0.001400174194947656 0.0015870265520238225 0.9999977604269656 0.2423853885433113
1.0 0.0 0.0 0.0 0.0 1.0 0.0 0.0 0.0 0.0 1.0 0.0
0.16271697869792567 -0.9866631151385089 -0.004368302712991681 -0.23843352765383963 0.986663726763624 0.16273286117722818 -0.003564573184797735 1.1089891309355329 0.0042278992816251115 -0.00373002925545409 0.9999841057483954 0.5238952099415134
-0.07801624428231513 -0.996951161611248 0.0013590401264581783 1.1001980815106092 0.9969512017319186 -0.07801428483237571 0.0014396969737979104 0.443876565173299 -0.0013292830268718896 0.0014672164380747077 0.9999980401393587 0.24059848362531894
1.0 0.0 0.0 0.0 0.0 1.0 0.0 0.0 0.0 0.0 1.0 0.0
0.1626793151535495 -0.9866673858500454 -0.004786451818369184 -0.23945095706266073 0.9866678116811212 0.16269865434660802 -0.003972060698269962 1.1106761849908446 0.004697852015543273 -0.004076465827204559 0.999980656119307 0.5295142254628319
-0.07802951507943146 -0.9969502248225839 0.0012821866745036025 1.0987572142257653 0.9969502499509667 -0.07802775930618266 0.0013667115136874527 0.44415734974825893 -0.0012624971976145582 0.0013849201622966726 0.9999982440469434 0.2411893629133825
1.0 0.0 0.0 0.0 0.0 1.0 0.0 0.0 0.0 0.0 1.0 0.0
0.16276805511896475 -0.9866578392094608 -0.0035872774226588335 -0.23765493239672497 0.9866584834988021 0.16277855861032264 -0.0028596847011669816 1.1070932128776876 0.003405462176269525 -0.003073952384667647 0.9999894767666822 0.5168138076946053
-0.07800953689881474 -0.9969516233589083 0.0014045764023873164 1.1030565343082508 0.9969516873898169 -0.07800746745355269 0.0014724238792407853 0.4438729880449006 -0.0013583679286862656 0.0015151579193662832 0.9999979295643815 0.24144641911853146
1.0 0.0 0.0 0.0 0.0 1.0 0.0 0.0 0.0 0.0 1.0 0.0
0.1627576036682319 -0.986660674311149 -0.0032674479403845425 -0.23638090764842956 0.9866611763696492 0.16276634706585302 -0.0026152070087066505 1.1077569706311594 0.003112152476157985 -0.0027982192027529397 0.9999912421997798 0.5159906172772535
-0.07798978753883645 -0.9969531338535151 0.0014289644160872285 1.1029860559659792 0.9969532249113101 -0.07798767346373969 0.0014799076497943116 0.4445661781560417 -0.001363956959003114 0.0015400283660862264 0.9999978839647841 0.24248115399458617
1.0 0.0 0.0 0.0 0.0 1.0 0.0 0.0 0.0 0.0 1.0 0.0
0.1627386589483656 -0.9866617750745686 -0.0038302076169090798 -0.23760072538910215 0.9866622744736494 0.16275084356302127 -0.003117539095174667 1.108960554777345 0.0036993261781828645 -0.003271777227437983 0.9999878051554436 0.5217049411154341
-0.07800613466698558 -0.9969518167516138 0.0014553453103589046 1.1014989459466618 0.9969519019334423 -0.07800393133147243 0.0015139115320081265 0.4443409433750425 -0.0013957741965839048 0.0015690036619719543 0.9999977950185195 0.24088436220607404
1.0 0.0 0.0 0.0 0.0 1.0 0.0 0.0 0.0 0.0 1.0 0.0
0.16275157159673204 -0.986660237450027 -0.0036744765409341537 -0.23708987661406433 0.9866607396883984 0.16276274763830711 -0.0029787142816509148 1.1087990807561572 0.003537046838364424 -0.0031406713111694416 0.9999888126791111 0.5197956680897593
-0.07799970650475907 -0.9969523465513788 0.0014368336268725781 1.1021439623344607 0.9969524450959523 -0.07799757638788196 0.0014833390774795644 0.44453372235161015 -0.001366748833455937 0.0015481548101971478 0.9999978676048814 0.24178886201430272
1.0 0.0 0.0 0.0 0.0 1.0 0.0 0.0 0.0 0.0 1.0 0.0
0.16275030758389297 -0.986659852446168 -0.003830528978378617 -0.2369310061274842 0.9866604123266991 0.1627624405667466 -0.0031014009841246015 1.109263198940846 0.003683494082555329 -0.0032746773371291485 0.9999878541060794 0.5197584069181009
-0.07801247660902288 -0.9969514178988159 0.0013870266280760807 1.100582141968327 0.996951492472038 -0.07801047212388568 0.001444955634412235 0.44422762298613616 -0.0013323479664235443 0.0014955228345895663 0.999997994128162 0.24173524762476511
1.0 0.0 0.0 0.0 0.0 1.0 0.0 0.0 0.0 0.0 1.0 0.0
0.16277178492578237 -0.9866561490741554 -0.003871630952585066 -0.2368789951638539 0.986656717188402 0.1627841828730061 -0.003135639228796068 1.1079702520834498 0.003724038007372181 -0.0033095770916881473 0.999987589043181 0.5220259223212614
-0.07801009548196713 -0.996951607097673 0.0013849578555443145 1.103283836268654 0.9969516563099385 -0.0780080689428897 0.0014615610395282174 0.4434280016720147 -0.0013490677393507035 0.001494752544250683 0.9999979728634784 0.24024138706268028
1.0 0.0 0.0 0.0 0.0 1.0 0.0 0.0 0.0 0.0 1.0 0.0
0.16276254832047743 -0.9866582300291462 -0.0037269263443951927 -0.23681624959421999 0.9866587736798275 0.16277402160848187 -0.0030136705228763095 1.1091938626442217 0.0035801096133079554 -0.00318669188245435 0.9999885138390355 0.5206551942832566
-0.07800393635540281 -0.9969519803985624 0.0014610586731467546 1.1019941850817068 0.9969520934779721 -0.07800174649782843 0.0015002843656665404 0.44442174835992976 -0.0013817463412710124 0.0015736335890622632 0.9999978072247837 0.2414594073613821
