1.0 0.0 0.0 0.0 0.0 1.0 0.0 0.0 0.0 0.0 1.0 0.0
-0.9942942250265332 0.10667236791205012 1.7090676923702002e-06 0.9786496276624598 -0.10667236792348159 -0.9942942247735681 -2.243941698188672e-05 0.1330424449820684 -6.943496077514228e-07 -2.2493693015739294e-05 0.9999999997467757 0.10915975664944658
-0.8479037640483744 0.5301501738957232 -5.561808546974863e-06 1.9845057192007463 -0.5301501733636915 -0.8479037635868577 -3.711724734951084e-05 0.7424488130140534 -2.4393593536203993e-05 -2.8523259973358583e-05 0.9999999992956884 0.02146649552895702
1.0 0.0 0.0 0.0 0.0 1.0 0.0 0.0 0.0 0.0 1.0 0.0
-0.994294611953319 0.10666876131090638 9.973088270135565e-07 0.978399407825745 -0.10666876131541025 -0.994294611892272 -1.1019561482832751e-05 0.13284539040691934 -1.8382418047597345e-07 -1.1063072305608755e-05 0.9999999999387875 0.10894167444075034
-0.8479002455016466 0.5301558012562146 -8.522215416384186e-06 1.9841232684992551 -0.5301557942675517 -0.8479002367281592 -0.00014953552488256396 0.7422249079396245 -8.650311447940893e-05 -0.00012227310637617756 0.9999999887832492 0.02169498930757685
1.0 0.0 0.0 0.0 0.0 1.0 0.0 0.0 0.0 0.0 1.0 0.0
-0.9942946840532652 0.10666808922126608 2.3022981393652153e-06 0.9786522849122692 -0.10666808923942242 -0.9942946840010368 -1.026101368922286e-05 0.13293199231683506 1.1946400772447681e-06 -1.0448053107572433e-05 0.9999999999447055 0.10892886781765862
-0.8478971588045191 0.5301607353091404 -5.317609628860004e-05 1.9842882923264653 -0.5301607199846486 -0.8478971518962405 -0.0001754753649469352 0.7423969113639184 -0.00013811800910095914 -0.00012059318588436286 0.9999999831903493 0.022160585790008597
1.0 0.0 0.0 0.0 0.0 1.0 0.0 0.0 0.0 0.0 1.0 0.0
-0.994293778641728 0.10667652856846208 -2.6336152837499263e-06 0.979354562600987 -0.10667652849441472 -0.9942937784489997 -2.0149213157542706e-05 0.13296579305321643 -4.768035404496883e-06 -1.975329235119966e-05 0.9999999997935367 0.10904278114362992
-0.8479015960825462 0.530153641168687 1.078208957089169e-05 1.9849919581845468 -0.5301536411711987 -0.8479015953269973 -3.73477272504637e-05 0.7422581271433887 -1.0657882643088822e-05 -3.73833615911613e-05 0.9999999992444469 0.021297238806550378
1.0 0.0 0.0 0.0 0.0 1.0 0.0 0.0 0.0 0.0 1.0 0.0
-0.9942933374918036 0.10668063997346437 8.61759203556967e-06 0.9792051874435099 -0.10668064023177445 -0.9942933367248135 -3.929854774006261e-05 0.1328757719619693 4.376020116646818e-06 -3.9993614426657144e-05 0.9999999991906805 0.10901162324766783
-0.8479042720067133 0.5301493607074618 -2.922730752503175e-05 1.9849724213261997 -0.5301493608202783 -0.8479042724285976 -4.379605528466878e-06 0.74156706209203 -2.710380399312702e-05 1.1781352165601139e-05 0.9999999995632918 0.02095014585432592
1.0 0.0 0.0 0.0 0.0 1.0 0.0 0.0 0.0 0.0 1.0 0.0
-0.9942940733828359 0.10667378043663835 1.4252139397803862e-05 0.9782736609080462 -0.1066737806114295 -0.9942940733923203 -1.2123221160569163e-05 0.1324857274341129 1.2877587904128018e-05 -1.3574376541639915e-05 0.9999999998249519 0.109070788732061
-0.8479021698090944 0.5301527165671319 8.68879709765751e-05 1.9841766686047615 -0.5301527175405815 -0.8479021735478166 1.3312590292573247e-05 0.741856101822274 8.07302053543486e-05 -3.477611973996431e-05 0.9999999961366278 0.022102741792214747
1.0 0.0 0.0 0.0 0.0 1.0 0.0 0.0 0.0 0.0 1.0 0.0
-0.9942952649057363 0.10666267471463711 -2.958151820858901e-06 0.9782436800487111 -0.106662674654712 -0.9942952647889421 -1.59307662354892e-05 0.13342379817708 -4.640494484938211e-06 -1.5524361049009133e-05 0.9999999998687299 0.10905955276872278
-0.8479111024823829 0.5301384351244961 -4.3484018084777646e-05 1.9842677186573514 -0.5301384339122971 -0.8479111035585654 -3.6757474973187084e-05 0.7428229327801334 -5.635713202283508e-05 -8.114521881282358e-06 0.9999999983790142 0.020515951893343015
1.0 0.0 0.0 0.0 0.0 1.0 0.0 0.0 0.0 0.0 1.0 0.0
-0.9942950045076387 0.10666510123821993 1.3747544655700904e-05 0.9786413486054567 -0.1066651017531506 -0.994295003540615 -4.474548672269982e-05 0.1323481480840556 8.896333090886945e-06 -4.5956597172185655e-05 0.999999998904423 0.10871758946171142
-0.8479072201844313 0.530144642547418 -6.27485587820113e-05 1.9846285983405134 -0.5301446447824355 -0.8479072207200887 2.5675666269469227e-05 0.7412596459932494 -3.9593139164447725e-05 5.5036395219030476e-05 0.9999999977016893 0.021937373648661496
1.0 0.0 0.0 0.0 0.0 1.0 0.0 0.0 0.0 0.0 1.0 0.0
-0.9942942250265332 0.10667236791205012 1.7090676923702002e-06 0.9786496276624598 -0.10667236792348159 -0.9942942247735681 -2.243941698188672e-05 0.1330424449820684 -6.943496077514228e-07 -2.2493693015739294e-05 0.9999999997467757 0.10915975664944658
-0.8479037640483744 0.5301501738957232 -5.561808546974863e-06 1.9845057192007463 -0.5301501733636915 -0.8479037635868577 -3.711724734951084e-05 0.7424488130140534 -2.4393593536203993e-05 -2.8523259973358583e-05 0.9999999992956884 0.02146649552895702
1.0 0.0 0.0 0.0 0.0 1.0 0.0 0.0 0.0 0.0 1.0 0.0
-0.9942944785676127 0.10667000464011077 1.9341172055335096e-07 0.9790786863646243 -0.10667000463526248 -0.9942944785015537 -1.1508104828853997e-05 0.1329076047502471 -1.0352613896745507e-06 -1.1463076319219113e-05 0.9999999999337631 0.10896832362235327
-0.8479005394984865 0.5301553306196806 2.3102213066641963e-05 1.9846041295344854 -0.5301553286333062 -0.8479005304883341 -0.00013386303450244115 0.7423975451571048 -5.137982259975102e-05 -0.00012575030053404372 0.9999999907734877 0.02192757699181444
1.0 0.0 0.0 0.0 0.0 1.0 0.0 0.0 0.0 0.0 1.0 0.0
-0.9942941901655323 0.10667269284994418 1.791574673489948e-06 0.9786233079925002 -0.1066726928628926 -0.9942941899004668 -2.2968524582751e-05 0.13312355169452839 -6.687620794036519e-07 -2.3028582644147536e-05 0.9999999997346186 0.1091640773880277
-0.8479000190428837 0.5301561633870425 1.139342514992105e-05 1.9843255343790545 -0.5301561594027204 -0.8479000096040639 -0.00014269122496691976 0.7427509691070047 -6.598814708337436e-05 -0.0001270281868865754 0.9999999897547023 0.022195306651460467
1.0 0.0 0.0 0.0 0.0 1.0 0.0 0.0 0.0 0.0 1.0 0.0
-0.9942940250178356 0.10667423129122884 1.3865707469829995e-05 0.9789570179322145 -0.10667423177850724 -0.9942940242106174 -4.1152430331300333e-05 0.13237618052600642 9.396686207353233e-06 -4.239672928580454e-05 0.9999999990571097 0.1087783137946523
-0.847904753456185 0.5301485882963402 -5.825636171509844e-05 1.9848656552289248 -0.5301485912428183 -0.8479047513338951 6.219855773886693e-05 0.741475819601809 -1.6421368314329635e-05 8.362298085909473e-05 0.9999999963687677 0.022541985347590776
1.0 0.0 0.0 0.0 0.0 1.0 0.0 0.0 0.0 0.0 1.0 0.0
-0.9942950133604214 0.1066650194667473 -5.362723513090467e-06 0.9787816929846697 -0.10666501939820025 -0.9942950133126928 -1.1759847787661891e-05 0.1331514614132281 -6.5864936400298284e-06 -1.1120743005613126e-05 0.9999999999164736 0.10885890410524302
-0.8479097651235102 0.5301405755048562 -2.0287270323240505e-05 1.9845877909561485 -0.5301405745427503 -0.8479097650742838 -3.892498667531676e-05 0.742370554800221 -3.783748945134043e-05 -2.2249771164235324e-05 0.9999999990366357 0.02037041572483425
1.0 0.0 0.0 0.0 0.0 1.0 0.0 0.0 0.0 0.0 1.0 0.0
-0.9942950045076387 0.10666510123821993 1.3747544655700904e-05 0.9786413486054567 -0.1066651017531506 -0.994295003540615 -4.474548672269982e-05 0.1323481480840556 8.896333090886945e-06 -4.5956597172185655e-05 0.999999998904423 0.10871758946171142
-0.8479072201844313 0.530144642547418 -6.27485587820113e-05 1.9846285983405134 -0.5301446447824355 -0.8479072207200887 2.5675666269469227e-05 0.7412596459932494 -3.9593139164447725e-05 5.5036395219030476e-05 0.9999999977016893 0.021937373648661496
1.0 0.0 0.0 0.0 0.0 1.0 0.0 0.0 0.0 0.0 1.0 0.0
-0.9942956592902469 0.10665899111621685 3.912344256064284e-05 0.9775850751663206 -0.1066589912266531 -0.9942956600478368 -7.41305603638852e-07 0.1329032466572384 3.8821202236378285e-05 -4.9099438607359095e-06 0.9999999992344035 0.1095119452118847
-0.8479077240052575 0.5301438402844582 -1.3441410024838105e-05 1.983645216248938 -0.5301438392482776 -0.8479077235135256 -4.596962429869499e-05 0.7421634693372048 -3.576758853710938e-05 -3.185211879700842e-05 0.9999999988530609 0.020981249560875548
1.0 0.0 0.0 0.0 0.0 1.0 0.0 0.0 0.0 0.0 1.0 0.0
-0.9942941901655323 0.10667269284994418 1.791574673489948e-06 0.9786233079925002 -0.1066726928628926 -0.9942941899004668 -2.2968524582751e-05 0.13312355169452839 -6.687620794036519e-07 -2.3028582644147536e-05 0.9999999997346186 0.1091640773880277
-0.8479000190428837 0.5301561633870425 1.139342514992105e-05 1.9843255343790545 -0.5301561594027204 -0.8479000096040639 -0.00014269122496691976 0.7427509691070047 -6.598814708337436e-05 -0.0001270281868865754 0.9999999897547023 0.022195306651460467
1.0 0.0 0.0 0.0 0.0 1.0 0.0 0.0 0.0 0.0 1.0 0.0
-0.9942943195089529 0.10667148721966237 2.5638013224934177e-06 0.9787088387617513 -0.10667148724910198 -0.9942943193308253 -1.882855958122519e-05 0.13275586975157294 5.407026381062478e-07 -1.899461433622252e-05 0.9999999998194562 0.10899168168800874
-0.8479041685235931 0.5301495269835484 -6.279535206596701e-06 1.984545768328255 -0.5301495263519354 -0.8479041679894196 -4.0186914669286835e-05 0.7420970939394083 -2.662951787755987e-05 -3.074555985269391e-05 0.9999999991727896 0.02160627886682759
1.0 0.0 0.0 0.0 0.0 1.0 0.0 0.0 0.0 0.0 1.0 0.0
-0.9942950045076387 0.10666510123821993 1.3747544655700904e-05 0.9786413486054567 -0.1066651017531506 -0.994295003540615 -4.474548672269982e-05 0.1323481480840556 8.896333090886945e-06 -4.5956597172185655e-05 0.999999998904423 0.10871758946171142
-0.8479072201844313 0.530144642547418 -6.27485587820113e-05 1.9846285983405134 -0.5301446447824355 -0.8479072207200887 2.5675666269469227e-05 0.7412596459932494 -3.9593139164447725e-05 5.5036395219030476e-05 0.9999999977016893 0.021937373648661496
1.0 0.0 0.0 0.0 0.0 1.0 0.0 0.0 0.0 0.0 1.0 0.0
-0.9942937242350348 0.10667703476605643 1.415440054608881e-05 0.9785085893753385 -0.10667703526268388 -0.9942937234431787 -4.085417778351926e-05 0.13199252029370445 9.715429078330694e-06 -4.2131002065111964e-05 0.9999999990652946 0.10878179116378148
-0.8478982930815937 0.530158916697705 8.737984083912294e-05 1.9845400004988183 -0.5301588906125335 -0.8478982867344199 0.00021460969821359655 0.7410806814721509 0.0001878664624603702 0.0001356419973128931 0.9999999731537201 0.023951229798686358
1.0 0.0 0.0 0.0 0.0 1.0 0.0 0.0 0.0 0.0 1.0 0.0
-0.9942901138264078 0.10671068005569039 1.758185279123592e-05 0.9790902743489294 -0.10671068103801237 -0.9942901113871623 -7.035700876780409e-05 0.1318105207157636 9.973618117893071e-06 -7.183144974152858e-05 0.9999999973703849 0.1086520144439731
-0.8478803360251369 0.5301876323234245 0.00010155383996570221 1.984745807960939 -0.5301876157875852 -0.8478803387609595 0.0001523419713475821 0.7410286983661472 0.0001668753333248863 7.532517357148085e-05 0.9999999832393707 0.02358239803594908
