1.0 0.0 0.0 0.0 0.0 1.0 0.0 0.0 0.0 0.0 1.0 0.0
-0.8621441620159062 -0.5066630464247426 3.590946188136636e-05 -0.744304075781772 0.5066630467563067 -0.8621441625688778 1.5834256330576474e-07 -0.6862986847064043 3.087890661650734e-05 1.8330511480744642e-05 0.9999999993552426 0.3027818747156417
0.497681100414824 -0.8673600873679913 3.362856779205429e-05 -1.4620535442839317 0.8673600878753677 0.49768110066563054 -1.0399540323191744e-06 -1.8740940246794473 -1.583428801222599e-05 2.968564298242227e-05 0.9999999994340191 0.5622051429841991
1.0 0.0 0.0 0.0 0.0 1.0 0.0 0.0 0.0 0.0 1.0 0.0
-0.86213958991214 -0.506670827358117 1.4504097607644478e-05 -0.7441604002143906 0.5066708268975615 -0.8621395898921065 -2.6676051792140116e-05 -0.6859024853787616 2.6020533995381657e-05 -1.5649677224287183e-05 0.9999999995390099 0.30348780397408487
0.4976838852436657 -0.8673584898743963 2.0287332487221197e-05 -1.4622308865716018 0.867358490081049 0.49768388489347504 -2.0041497603141302e-05 -1.873968249535686 7.286484649509787e-06 2.757072046712293e-05 0.9999999995933812 0.5625923551376013
1.0 0.0 0.0 0.0 0.0 1.0 0.0 0.0 0.0 0.0 1.0 0.0
-0.8621452307000587 -0.5066612282494158 3.114378911013131e-05 -0.7443373853945294 0.5066612275500685 -0.8621452312231186 -2.7869214432530892e-05 -0.6858818993647198 4.09707196782551e-05 -8.247959885264375e-06 0.9999999991266858 0.3036087719889391
0.4976740759114893 -0.8673641181148926 2.7792443296061077e-05 -1.4624468382837255 0.8673641185596974 0.49767407562259774 -1.698093770208398e-05 -1.8738454878735737 8.970775280715492e-07 3.255714056110272e-05 0.9999999994696138 0.5625749973129365
1.0 0.0 0.0 0.0 0.0 1.0 0.0 0.0 0.0 0.0 1.0 0.0
-0.8621389315254708 -0.506671947181697 2.6215013589039618e-05 -0.7438854738053394 0.5066719467914356 -0.8621389319135572 -2.033536560994721e-05 -0.6860843353253472 3.290434310600156e-05 -4.249498408817109e-06 0.9999999994496231 0.3035465921503403
0.497684102616655 -0.867358364967967 2.6884005678950114e-05 -1.4620587001558942 0.8673583653845064 0.49768410236273747 -1.590322219330789e-05 -1.8738847522981175 4.14050565068619e-07 3.123284808667145e-05 0.9999999995121689 0.5627970912449339
1.0 0.0 0.0 0.0 0.0 1.0 0.0 0.0 0.0 0.0 1.0 0.0
-0.8621452855987736 -0.5066611353989277 1.9901733560232267e-05 -0.7442774938574158 0.5066611348551956 -0.862145285729167 -2.687411091846786e-05 -0.6858540843772332 3.0774253317579146e-05 -1.308595312180308e-05 0.9999999994408516 0.30356405578999196
0.4976710078813177 -0.8673658788195467 1.319049626426928e-05 -1.4623975098379702 0.8673658788698011 0.49767100763169675 -1.831034261617405e-05 -1.8737994119764458 9.317238847766966e-06 2.0553513049429195e-05 0.9999999997453709 0.5625796907316023
1.0 0.0 0.0 0.0 0.0 1.0 0.0 0.0 0.0 0.0 1.0 0.0
-0.8621374001656957 -0.5066745535494412 -4.583542742303958e-06 -0.7440890509691898 0.5066745535396427 -0.8621373999791592 -1.8777067302699404e-05 -0.6859567663503832 5.562218570019974e-06 -1.8510776459671665e-05 0.9999999998132063 0.3035783160890372
0.4976916733875209 -0.8673540211090469 1.7512741722140905e-05 -1.4619217297679628 0.867354021285836 0.4976916732892459 -9.891443609183474e-06 -1.87412952395875 -1.3656234257770802e-07 2.011263607850678e-05 0.9999999997977315 0.5625941915566932
1.0 0.0 0.0 0.0 0.0 1.0 0.0 0.0 0.0 0.0 1.0 0.0
-0.8621410090722175 -0.5066684113248283 3.7967259810816054e-05 -0.744239799752096 0.5066684107238618 -0.8621410099056259 -2.4768178312108216e-05 -0.6860802334842973 4.528238527345596e-05 -2.1168510549932534e-06 0.9999999989725123 0.3037512111839278
0.49768279854265257 -0.8673591132940606 2.490970486897037e-05 -1.4622390388939908 0.8673591136510592 0.4976827983007203 -1.555676548555932e-05 -1.8738865558760693 1.09617069323855e-06 2.9347994119591184e-05 0.9999999995687469 0.5628777946072578
1.0 0.0 0.0 0.0 0.0 1.0 0.0 0.0 0.0 0.0 1.0 0.0
-0.8621408437321251 -0.5066686936608964 2.08043523893019e-05 -0.7442628050453735 0.5066686932416016 -0.8621408439385065 -2.2401960798778548e-05 -0.6859966753606983 2.9286654139861158e-05 -8.772731345489406e-06 0.9999999995326656 0.3032600486474466
0.4976836732700476 -0.8673586114353723 2.300729260913387e-05 -1.462148181074951 0.8673586117086705 0.49768367284938864 -2.1770405069872874e-05 -1.8739393706256564 7.432394423752487e-06 3.079034854038948e-05 0.9999999994983573 0.5625447310396766
1.0 0.0 0.0 0.0 0.0 1.0 0.0 0.0 0.0 0.0 1.0 0.0
-0.8621434828047099 -0.506664202273275 3.4527535005330094e-05 -0.7444924097818186 0.5066642019252829 -0.8621434834951657 -1.8821167534843015e-05 -0.6858476935348783 3.9303701140890606e-05 1.2673190389830166e-06 0.9999999992268066 0.3032821106830235
0.4976821576184797 -0.8673594806640577 3.592200290160291e-05 -1.4622272279119508 0.8673594813918795 0.49768215743432204 -1.4530236226494647e-05 -1.8739129146522053 -5.274801756097945e-06 3.838872912320217e-05 0.9999999992492408 0.5625663546684803
1.0 0.0 0.0 0.0 0.0 1.0 0.0 0.0 0.0 0.0 1.0 0.0
-0.8621437614523154 -0.5066637291706608 1.147745338179505e-05 -0.7439910422684586 0.5066637288951723 -0.8621437614474202 -2.0477606284695097e-05 -0.6859754767025592 2.02704751951129e-05 -1.1839431179182307e-05 0.9999999997244677 0.3032772706658545
0.49767301287420324 -0.8673647284319759 1.1350658663792688e-05 -1.4621579446538875 0.8673647284336278 0.49767301262058533 -1.9452734330887943e-05 -1.8737982448778325 1.1223699137728777e-05 1.9526261872562103e-05 0.999999999746377 0.5626226384070914
1.0 0.0 0.0 0.0 0.0 1.0 0.0 0.0 0.0 0.0 1.0 0.0
-0.8621434955172929 -0.5066641811337693 2.6330034053352877e-05 -0.7442076655383738 0.5066641809174932 -0.8621434959191682 -1.4814901191828743e-05 -0.6861177436032904 3.020644738736462e-05 5.679144379079677e-07 0.999999999543624 0.3031905562459717
0.4976778550145035 -0.8673619493039112 3.9088132240631866e-05 -1.462202290503961 0.8673619501514238 0.4976778548846624 -1.3671849972257132e-05 -1.8738818693313206 -7.594855362437681e-06 4.070773557628946e-05 0.9999999991425993 0.5625560395695225
1.0 0.0 0.0 0.0 0.0 1.0 0.0 0.0 0.0 0.0 1.0 0.0
-0.8621472502955538 -0.5066577925358626 8.396572079568007e-06 -0.7444328117999344 0.5066577923062964 -0.8621472502376168 -2.0075501420204667e-05 -0.6858198692091868 1.7410490763431908e-05 -1.3053849674960334e-05 0.9999999997632358 0.30341864538350316
0.49767117634466546 -0.8673657819441377 2.3412635615446092e-05 -1.4623412461291012 0.867365782258778 0.4976711762101374 -1.1672002335851772e-05 -1.873956693636373 -1.5278984720250832e-06 2.6116138138115145e-05 0.9999999996578064 0.5624423443927529
1.0 0.0 0.0 0.0 0.0 1.0 0.0 0.0 0.0 0.0 1.0 0.0
-0.8621446697149557 -0.506662183172145 2.5006518635467266e-05 -0.7443804885880412 0.5066621828359275 -0.8621446700703761 -1.879294978248812e-05 -0.6859191085585721 3.1080913723623694e-05 -3.5323841662203114e-06 0.9999999995107496 0.30333514569308145
0.4976761690315926 -0.8673629173880005 1.7838545721803915e-05 -1.4623193807336636 0.8673629175639461 0.4976761688365601 -1.4391754123440702e-05 -1.8739858748264275 3.6050547503958884e-06 2.263492612016343e-05 0.9999999997373318 0.5625691927642384
1.0 0.0 0.0 0.0 0.0 1.0 0.0 0.0 0.0 0.0 1.0 0.0
-0.862139891907728 -0.5066703136261465 8.444754579623992e-06 -0.7438198334749674 0.506670313454976 -0.8621398918916222 -1.6508746376308887e-05 -0.6860288961236591 1.5645051504382773e-05 -9.954142366499244e-06 0.9999999998280736 0.30332247509563875
0.4976792753456003 -0.8673611348748632 2.449629090480928e-05 -1.4620423852788966 0.8673611352166517 0.49767927505761966 -1.7140720579060866e-05 -1.873930495996845 2.6758985549240927e-06 2.9777712084477673e-05 0.9999999995530638 0.562767771214684
1.0 0.0 0.0 0.0 0.0 1.0 0.0 0.0 0.0 0.0 1.0 0.0
-0.8621416763045426 -0.5066672773862132 -2.1990377629997687e-06 -0.7442285893799467 0.5066672773405324 -0.8621416761493222 -1.7854107620915938e-05 -0.6856351229040811 7.150209995541246e-06 -1.6506950749365447e-05 0.9999999998381975 0.30334079458453717
0.4976797286682076 -0.8673608750834049 6.876701022543601e-06 -1.4623433205579923 0.8673608750597525 0.49767972853745 -1.4780720545373014e-05 -1.8735941987171358 9.397824008463325e-06 1.3320646406982536e-05 0.9999999998671207 0.5626417920841422
1.0 0.0 0.0 0.0 0.0 1.0 0.0 0.0 0.0 0.0 1.0 0.0
-0.8621412531492237 -0.5066679972473559 1.3551381990592438e-05 -0.7444622715874174 0.5066679970712776 -0.8621412532373315 -1.4496344115128699e-05 -0.6860045352073207 1.9028039092688117e-05 -5.631844710778606e-06 0.9999999998031082 0.3032624573393895
0.49768648169370694 -0.8673570000583302 1.9726974613582964e-05 -1.462088497801006 0.8673570002781972 0.49768648163541035 -8.110145498819294e-06 -1.8740004360708404 -2.7834571188539106e-06 2.1146639304730913e-05 0.9999999997725361 0.5623327791190447
1.0 0.0 0.0 0.0 0.0 1.0 0.0 0.0 0.0 0.0 1.0 0.0
-0.8621396516650699 -0.5066707223787418 1.0537355330484889e-05 -0.7441038741335637 0.5066707220127533 -0.8621396515704915 -2.539658550192087e-05 -0.6858285090219916 2.195237817531063e-05 -1.6556433944706603e-05 0.9999999996219888 0.30353203432717457
0.49768343265487475 -0.867358749547888 2.1061468506978144e-05 -1.4620714632641545 0.8673587497895711 0.4976834323620015 -1.777215642274075e-05 -1.8739958175382263 4.932891434462111e-06 2.7112756807090836e-05 0.9999999996202826 0.5625976950001927
1.0 0.0 0.0 0.0 0.0 1.0 0.0 0.0 0.0 0.0 1.0 0.0
-0.8621416304421672 -0.5066673548645542 2.3939029956758234e-05 -0.7440313037462544 0.5066673546032792 -0.8621416307721917 -1.6394526133880955e-05 -0.6858555045613315 2.894540551653414e-05 -2.0052785114302184e-06 0.9999999995790709 0.30321695140719673
0.4976799576610018 -0.8673607431865008 3.0356281135776685e-05 -1.4621316716414456 0.8673607437142575 0.49767995745299654 -1.4595640715970827e-05 -1.8738160797146222 -2.4480269253956066e-06 3.359380443588782e-05 0.9999999994327315 0.5625672766410879
1.0 0.0 0.0 0.0 0.0 1.0 0.0 0.0 0.0 0.0 1.0 0.0
-0.8621454604074305 -0.5066608383303952 -1.0955475978849941e-06 -0.7443775386240354 0.5066608380506317 -0.8621454598553391 -3.516614143088222e-05 -0.6857720221633556 1.6872785310646058e-05 -3.087340025874851e-05 0.9999999993810711 0.3039641128987296
0.4976735439230684 -0.8673644237961102 -3.4488711169239715e-06 -1.4623428377777101 0.8673644234962934 0.4976735438489088 -2.4613208219361308e-05 -1.8738591943752816 2.3065033075997928e-05 9.257914453807625e-06 0.9999999996911477 0.562905525167803
1.0 0.0 0.0 0.0 0.0 1.0 0.0 0.0 0.0 0.0 1.0 0.0
-0.8621394870703643 -0.5066710022527952 1.7612409524404697e-05 -0.743854641051617 0.5066710017854398 -0.8621394871541026 -2.5286339337047358e-05 -0.6858885863522524 2.799620861012734e-05 -1.2876654448340305e-05 0.9999999995252021 0.303761838380891
0.497677845561858 -0.8673619554688545 1.5561254979160845e-05 -1.4623238788774549 0.867361955588561 0.4976778453488673 -1.5700227187885958e-05 -1.8738189789303128 5.87328790603784e-06 2.1310895791836725e-05 0.9999999997556752 0.5627320173626817
