1656599541.706699 -1.5538465667868446 -6.743117682101395 0.41516870086241653
1656599542.106702 -1.5538152106392955 -6.743001938391885 0.41516224968527426
1656599542.506679 -1.5538258528343207 -6.743029727462526 0.415171961529962
1656599542.906712 -1.5538593941286922 -6.7431748002110545 0.4151947342872796
1656599543.3067071 -1.5537152134640044 -6.74256266215673 0.4151572067962326
1656599543.7066896 -1.5537968521197778 -6.742922753038676 0.41518117120268166
1656599544.1066692 -1.5538084266557135 -6.742950715924551 0.41518459892017795
1656599544.5066683 -1.5537479872677475 -6.7426879474248365 0.41517032644355883
1656599544.9066315 -1.5537882704597403 -6.742883575508161 0.4151816932011232
1656599545.3065548 -1.5538582498605147 -6.743174675192964 0.4152010186336438
1656599545.7066019 -1.5539333082418436 -6.743505726043565 0.4152203637223467
1656599546.10661 -1.5540270758416679 -6.743883596149179 0.41524412161112956
1656599546.5065856 -1.5539640121774076 -6.743652524852153 0.41522580050861124
1656599546.9065294 -1.5539849154663716 -6.743709350130087 0.41522647981953326
1656599547.306536 -1.5540015410542494 -6.743797958738433 0.41522787795347055
1656599547.7077634 -1.5538831919794878 -6.743282430761436 0.41519430054187745
1656599548.107785 -1.5538475023152092 -6.743096570689837 0.41517410858375825
1656599548.507822 -1.5539319675509702 -6.743476671580073 0.4151964566427159
1656599548.9065225 -1.5538494114576897 -6.743157618727361 0.41517728004570453
1656599549.3077562 -1.553920941129737 -6.743602127979132 0.4152037747093809
1656599549.7063994 -1.5538761402345145 -6.743356390317763 0.4151883210635981
1656599550.1089294 -1.5538546105299407 -6.743279416670737 0.4151832978898516
1656599550.508933 -1.553786848682942 -6.742997935515013 0.4151664161881086
1656599550.907646 -1.553856862733609 -6.743329853919687 0.4151905277049773
1656599551.307582 -1.5539107155882736 -6.743450281930937 0.41520364769740853
1656599551.7074296 -1.5538881611696365 -6.743260912557222 0.4151912569073978
1656599552.1062303 -1.5538210534345178 -6.7429895376391205 0.4151747589714273
1656599552.5060809 -1.553838171622516 -6.743036716827856 0.41517927995785936
1656599552.9062054 -1.5539242544333225 -6.743385593719737 0.41520177643290995
1656599553.706239 -1.5539243156052753 -6.7433447127163975 0.4151976394763472
1656599554.10625 -1.553886228619147 -6.743199762666784 0.4151898190088299
1656599554.5062447 -1.5539201328283339 -6.743325109097673 0.4151977380719507
1656599554.9073699 -1.5538500052621664 -6.74303385589294 0.41518144693011716
1656599555.3061574 -1.553815643230546 -6.742888127894871 0.4151723261864051
1656599555.706239 -1.5539173719986283 -6.743315548674832 0.41519637877583654
1656599556.106226 -1.5538323303728117 -6.7429663514423 0.4151751825418501
1656599556.507441 -1.553798241396116 -6.742800026542704 0.4151656186111502
1656599556.9061785 -1.553775746478497 -6.742723221742291 0.41516146207705357
1656599557.3061972 -1.5537904124345532 -6.742801870836073 0.4151649685420496
1656599557.706302 -1.5537772813975492 -6.742743435518416 0.41516136360094247
1656599558.106313 -1.5538009540755477 -6.742901830055242 0.4151717352021545
1656599558.5063436 -1.5537476468524283 -6.7427605279690415 0.4151616393922591
1656599558.9075072 -1.5540552602290996 -6.74410321642089 0.4152450948012539
1656599559.3061554 -1.5539986724725703 -6.743849897691615 0.41522990682817335
1656599559.7075624 -1.5540027469448185 -6.74387968266344 0.4152318176636442
1656599560.1064274 -1.553986573206643 -6.743791097282038 0.41522836073445146
1656599560.5076504 -1.553952475137049 -6.743665875921205 0.415219141315361
1656599560.906391 -1.5538946101236533 -6.743392491808416 0.41520069289032513
1656599561.3063755 -1.5538961197236099 -6.74341259748191 0.4152024363092812
1656599561.7063293 -1.5538683738827992 -6.743296062055392 0.41519533477600085
1656599562.106336 -1.553880296615175 -6.743334248551565 0.415198388191853
1656599562.5063436 -1.553840722795839 -6.743169288080353 0.41518719901220164
1656599562.9079177 -1.553888954780596 -6.743373274429591 0.41520003301395697
1656599563.305447 -1.553849418538865 -6.7432186426398895 0.41518792774960844
1656599563.706684 -1.5539381420892098 -6.743689846671558 0.4152174172741712
1656599564.1066835 -1.553888215800146 -6.743640198211399 0.4152088278780076
1656599564.506792 -1.553825830319059 -6.743409151411308 0.41518758202426176
1656599564.9055326 -1.553759263482948 -6.7431071893188035 0.41516494816968724
1656599565.3068619 -1.5538036300745373 -6.743312321032786 0.41517366423590607
1656599565.705508 -1.5537519050182649 -6.743099458889906 0.4151511287612309
1656599566.106654 -1.5538253293859916 -6.743441833476989 0.4151596952334264
1656599566.506677 -1.5537411874238283 -6.743031162050347 0.4151317545620646
1656599566.9080558 -1.553872385656922 -6.743627171868517 0.4151459706940406
1656599567.3055587 -1.553772411262946 -6.743199587756718 0.4151180218934396
1656599567.706919 -1.5537610580769718 -6.743243747267998 0.41511121490553105
1656599568.1069913 -1.5537587218067133 -6.743223925897735 0.415107954814334
1656599568.5071378 -1.553649188646917 -6.742809551475751 0.4150682563549179
1656599568.9058795 -1.5536909708608755 -6.742994758258368 0.4150763106210487
1656599569.307192 -1.553720086826896 -6.743121121100104 0.41508563637085166
1656599569.705942 -1.5537774614423503 -6.743384649608002 0.4150990376284666
1656599570.1071923 -1.55385965618748 -6.743816417633402 0.4151255758836185
1656599570.506026 -1.5538255219982695 -6.743660527501059 0.41511368948991434
1656599570.907328 -1.5537976993004055 -6.743554300047019 0.41510643191241625
1656599571.3074365 -1.5537093083388465 -6.743154703576024 0.4150814791733934
1656599571.707565 -1.5536746445119265 -6.74301926834255 0.4150732864206921
1656599572.1067984 -1.5537317119743415 -6.743251936165964 0.41508813603133515
1656599572.506752 -1.553685435146343 -6.743078202766255 0.41507754056408447
1656599572.906643 -1.553680834231614 -6.743048552514638 0.41507541349097715
1656599573.3066583 -1.5536785289814856 -6.74300804942826 0.4150739859168586
1656599573.70664 -1.5537195267824735 -6.743193242667372 0.41508518207999634
1656599574.1066904 -1.5537492738766487 -6.743350425049275 0.4150925174929601
1656599574.5067222 -1.5537732927161794 -6.743447406076802 0.4150972239715374
1656599574.9079418 -1.5537783334081048 -6.743458632042379 0.4150631510927346
1656599575.3066823 -1.553737006221018 -6.743273461040088 0.4150528228048302
1656599575.7079563 -1.553770112459744 -6.74342004804406 0.41505273039349727
1656599576.1066952 -1.5537078937934685 -6.7431485643978215 0.4150197691899803
1656599576.506686 -1.5536989265510954 -6.7431217488699575 0.41498806299332675
1656599576.9074001 -1.5536897031125891 -6.743073004895427 0.4149794261480401
1656599577.307406 -1.5536847708160568 -6.743043852941245 0.4149704735631777
1656599577.7062259 -1.5538355164664535 -6.74371600756244 0.4150105010978893
1656599578.107464 -1.5539198356655997 -6.744075662408419 0.4150315284221262
1656599578.506212 -1.5538678604192584 -6.7438520243452045 0.41501793316384017
1656599578.9062247 -1.553880447622366 -6.7438901918624845 0.4150188181831165
1656599579.3074245 -1.553865038357211 -6.7438528487493725 0.41501511577263156
1656599579.7062616 -1.553896080764729 -6.743968691834828 0.41502112998434615
1656599580.1076074 -1.5535488680995106 -6.7424714567017565 0.4149244253922532
1656599580.5062973 -1.5535887653264109 -6.742636383237056 0.41493495907513145
1656599580.906302 -1.5535561306385652 -6.742490390865611 0.4149236763042384
1656599581.3063397 -1.5535672041693014 -6.742539418520611 0.41492082847424816
1656599581.7075753 -1.5535694620153269 -6.742569548410666 0.4149239300544689
1656599582.1076918 -1.5535217877758503 -6.742345213981937 0.414905568406719
1656599582.5064454 -1.5536290484426787 -6.742802500059692 0.41492479901615437
1656599582.907704 -1.5536379578045343 -6.742852300958908 0.41491750863494764
1656599583.306588 -1.553672823810781 -6.743018627897166 0.41492414107080733
1656599583.7079377 -1.553706790680519 -6.743135062936197 0.41490967666419093
1656599584.106726 -1.5536253930964097 -6.742806483105724 0.41487398553203275
1656599584.5067363 -1.5537214626157752 -6.743214715256131 0.4148969272461562
1656599584.905427 -1.5536122595432935 -6.742737864984982 0.4148688075955823
1656599585.306681 -1.5536763222564474 -6.743030422627592 0.4148866030599132
1656599585.7066486 -1.5536798088010957 -6.743029579104593 0.41488725314759467
1656599586.106512 -1.553699888744919 -6.743117210931075 0.4148915733077223
1656599586.5063732 -1.5536175805630332 -6.742757085783853 0.4148706584676045
1656599586.9062972 -1.5536990223319929 -6.743117323506416 0.4148929818493803
1656599587.3062189 -1.5537811689004222 -6.743456898431428 0.4149143211392505
1656599587.7074182 -1.553772612246973 -6.7434076591699705 0.414911210750647
1656599588.1060927 -1.5538212871852954 -6.743621814321892 0.41492420298415733
1656599588.5073242 -1.5537548167113104 -6.743340108538604 0.41490614107967205
1656599588.9074268 -1.5536470131297921 -6.742873206100969 0.41487818837929613
1656599589.3074448 -1.5536038686079947 -6.7426680469588565 0.4148653631532132
1656599589.7062123 -1.5536327183012928 -6.7428150387893 0.4148745859387837
1656599590.1075246 -1.5536265358526238 -6.742785786363799 0.4148719179663138
1656599590.5063188 -1.5536669216114678 -6.742930079949512 0.4148817908198086
1656599590.910063 -1.5537650334172006 -6.743306990452519 0.4149048816256501
1656599591.306296 -1.5537499712286136 -6.7431772350924275 0.41489805149808573
1656599591.7063057 -1.5538338309427582 -6.7434550077103665 0.4149149215461593
1656599592.1076071 -1.5538844212672507 -6.743617436925256 0.41492599532493646
1656599592.5076096 -1.5538443978459837 -6.743442289156049 0.4149149712683196
1656599592.9075906 -1.5538660375263653 -6.7435395908044935 0.4149233591878616
1656599593.3075757 -1.553736881826131 -6.742965036758583 0.4148870681439538
1656599593.708827 -1.5537568815781313 -6.742760912134306 0.41495475157782924
1656599594.1087883 -1.5539514013618112 -6.7432371620805505 0.4150071570981948
1656599594.50758 -1.554552163805084 -6.741406428648705 0.4147745486531963
1656599594.9112904 -1.5553880249344105 -6.7394461311774325 0.4145935767920477
1656599595.3075998 -1.5556704229145022 -6.739680254776206 0.4145751355781672
1656599595.707572 -1.555742926771928 -6.739889532566448 0.41457805079983173
1656599596.1062925 -1.5557834075631418 -6.740076017523657 0.4145702834210826
1656599596.50874 -1.5558050335026248 -6.740163426475422 0.4145724354907774
1656599596.911159 -1.5558166902824095 -6.740213443644833 0.41455139090738696
1656599597.3086917 -1.5558946216226663 -6.740237034747121 0.4145440432075403
1656599597.7087243 -1.5554790630179367 -6.767158894661516 0.4158031307550162
1656599598.1086788 -1.544986258065389 -6.8387250151105965 0.42006253859236453
1656599598.5062046 -1.525440001401458 -6.93690494664146 0.42554924248418585
1656599598.9074357 -1.5115426481090932 -7.022401479477403 0.42867293556757186
1656599599.3061743 -1.4976779128472586 -7.096986996774403 0.4301436475600614
1656599599.7074494 -1.4869659395753243 -7.155533169286432 0.4304690612829594
1656599600.1061802 -1.4984318275544304 -7.208597821478548 0.4314311296693272
1656599600.50738 -1.4638736452051369 -7.276908454463953 0.43368132576649926
1656599600.9060612 -1.3590441369662347 -7.429276605801811 0.43367349765759855
1656599601.3072622 -1.2538350981180668 -7.586235324109719 0.4333032337342398
1656599601.707179 -1.1021374847978296 -7.682395589286073 0.4434697950184499
1656599602.1071725 -0.9256399155081478 -7.738151987388553 0.45498842331913203
1656599602.5059066 -0.7222905686803986 -7.776842230110929 0.46873495372925633
1656599602.9084768 -0.4675741358720227 -7.812854634282445 0.4823444996089387
1656599603.3084333 -0.19925257770451496 -7.838170658631233 0.49494891537276636
1656599603.7084236 0.09273259461945443 -7.846935839608655 0.5047055643530803
1656599604.1084023 0.40833366240813296 -7.8394200109459 0.5128951251249652
1656599604.5084 0.6508473416170483 -7.831553778064372 0.5169121968976773
1656599604.9071445 0.8433688535144614 -7.833803269681493 0.5195872465537944
1656599605.309652 1.0255084300055555 -7.8322598808384765 0.5218921313334869
1656599605.7071848 1.1127709979497808 -7.847350764534756 0.5237867003570099
1656599606.1083982 1.1015771848245959 -7.884748249610314 0.5237142631403855
1656599606.5071743 1.117446711824787 -7.875337085438982 0.5238835703827855
1656599606.9085176 1.2357695134675126 -7.798906100908701 0.5262469748862882
1656599607.307307 1.444237695844788 -7.673837173981935 0.5275560648737198
1656599607.707481 1.6434429896112108 -7.5246245787223405 0.5307061304042855
1656599608.1075003 1.8391378701542789 -7.378262952384597 0.5354558457793294
1656599608.5073743 2.041616992112462 -7.216970946668858 0.5377065582597185
1656599608.9072533 2.2057362480340643 -7.061149122657331 0.5396461041354543
1656599609.3083832 2.3488623878717423 -6.928533353563889 0.542963479705591
1656599609.707011 2.503792168170235 -6.785388611230921 0.5464594812450909
1656599610.1094449 2.6454600275391242 -6.629351405393215 0.5481853076643327
1656599610.5069246 2.7556114934589035 -6.49607625353353 0.5495086227951419
1656599610.9084368 2.7872858188939214 -6.458522248086083 0.551281701412818
1656599611.3084033 2.781015676232433 -6.46406548089577 0.5496034221069788
1656599611.7084126 2.7808605441740237 -6.464820134175998 0.5481951590051106
1656599612.1083703 2.7805681146358463 -6.464594054666782 0.5475826414461504
1656599612.508371 2.780812801160371 -6.464520034462168 0.5474722408113006
1656599612.9071357 2.780886984845654 -6.4646253495316675 0.5475277561381594
1656599613.308266 2.781143473463995 -6.46522859337225 0.5476110711126768
1656599613.7070081 2.7811804816764996 -6.4653188216820645 0.5476468454389462
1656599614.1082869 2.78126335133903 -6.46550894803173 0.5476883156299646
1656599614.5072079 2.7812356023899962 -6.465442762318348 0.547579815025595
1656599614.9084487 2.7812326927122433 -6.465501187078011 0.5474211380954834
1656599615.3072298 2.781181598402733 -6.4654115056608665 0.5473217694001835
1656599615.7084243 2.7809924937649737 -6.465015816859191 0.5472817087833948
1656599616.107138 2.7811017549216706 -6.4639967746379865 0.5474127106755797
1656599616.5083928 2.780492336805922 -6.465143909615054 0.5480479271372719
1656599616.9071307 2.779372772811204 -6.464197994408707 0.5480127828721506
1656599617.3084426 2.832686580097301 -6.400253311211562 0.5497691810315757
1656599617.7072065 2.9212396668991514 -6.300710619285562 0.5530233323043587
1656599618.1084378 3.0366000591208278 -6.178423442321332 0.5549433990609199
1656599618.5084736 3.221608053570217 -5.968073640053438 0.5531972400550272
1656599618.9085584 3.422971120628203 -5.741879375960906 0.5545465667416745
1656599619.3072577 3.634523927445705 -5.507296074425939 0.5602204207180715
1656599619.7083192 3.8333668023488294 -5.273662596422577 0.5588513218173833
1656599620.107184 4.021489912268408 -5.066796441626067 0.5597035439683637
1656599620.508389 4.167759558637908 -4.9224047495307355 0.5620740540242638
1656599620.9071865 4.337337829425061 -4.765859108168735 0.5630614677291553
1656599621.3084579 4.515238473490828 -4.611080566041286 0.5624768973298881
1656599621.7071888 4.691914183149298 -4.47845017807826 0.5646387983045116
1656599622.10841 4.874393669970431 -4.354299324020227 0.5668948802495434
1656599622.507143 5.0556508154311866 -4.2440458949834206 0.569853377968682
1656599622.9084373 5.243226571266491 -4.1488049623965795 0.571990694868413
1656599623.3084424 5.404870537274853 -4.090368934598185 0.570897494714534
1656599623.7084894 5.5684367212870045 -4.036537387683915 0.5701648117507923
1656599624.1072814 5.817575445193821 -3.956520515277018 0.5721969043418362
1656599624.5085611 6.089320346390365 -3.9166840335347315 0.5755587207311458
1656599624.9073906 6.382914754205002 -3.887546798751407 0.5763930495054744
1656599625.3087018 6.708350950126771 -3.8796207512643375 0.5787284972290565
1656599625.7075078 7.03145236524266 -3.8866481236862227 0.5803435574487399
1656599626.10868 7.340375281021125 -3.962073280143271 0.5805044034213019
1656599626.5074327 7.646790504494083 -4.058337626922482 0.5818138318862046
1656599626.9086905 7.926082643420662 -4.160289750665247 0.5837632986561964
1656599627.3074343 8.162308244598147 -4.280612339057928 0.5880830059545699
1656599627.7074296 8.380921429845264 -4.417027880934038 0.5932002416882323
1656599628.1074307 8.589108554028469 -4.560385256880243 0.5968261321472899
1656599628.5086443 8.787580860497078 -4.705871254017058 0.599571068851536
1656599628.9074636 8.9805067621046 -4.865347812468456 0.6033707474528219
1656599629.3074315 9.19442447932875 -5.054931912765897 0.6092107790864081
1656599629.7074358 9.469808886465186 -5.31184409842635 0.6152707075020676
1656599630.1074088 9.735779306005242 -5.590477890499578 0.6226129134208978
1656599630.5074842 9.970279376351872 -5.8315821422201735 0.629204420113816
1656599630.9087148 10.20800023874675 -6.063797339806846 0.6356948309716246
1656599631.307442 10.436079296912096 -6.282103022024184 0.6404695017409482
1656599631.7074575 10.647394670948584 -6.487225496622018 0.6444925794847874
1656599632.1074011 10.84415768821738 -6.6605790354116605 0.6446590585552541
1656599632.5073617 11.038640710812805 -6.8125557531936565 0.6388027789202015
1656599632.907305 11.233501151403653 -6.959816529696935 0.6318880639406657
1656599633.3085854 11.441213671412651 -7.119371513463143 0.6315598795220507
1656599633.7072804 11.686486899368212 -7.294529309940608 0.6311960641021727
1656599634.1073928 11.976210406278765 -7.497023473747382 0.622514828252072
1656599634.5075684 12.257159987588313 -7.702788743463081 0.6133785369836138
1656599634.908796 12.538652826701826 -7.866917132413996 0.6113296116921464
1656599635.3076153 12.827517425975206 -8.016740575764807 0.6033887159301254
1656599635.708805 13.158305057225677 -8.182979946395408 0.5873825233843292
1656599636.107569 13.481186627724984 -8.357830198530008 0.5792064101620843
1656599636.5088983 13.81384874554847 -8.52653905797831 0.5684936433327888
1656599636.9076612 14.154638972330236 -8.736880235273533 0.5573955390797656
1656599638.1076367 14.872552202750441 -9.2432679091504 0.5595781176418884
1656599638.5089004 15.088984360304009 -9.498572021527107 0.5604653969097849
1656599638.908908 15.292316124968817 -9.76996204311741 0.5689164990432114
1656599639.307694 15.484454162293874 -10.07792889283519 0.5740993776720663
1656599639.7076585 15.624249378416188 -10.381344029864394 0.5759486174134233
1656599640.1088982 15.749551700362984 -10.739162443865983 0.5790006787011893
1656599640.508886 15.835812126491716 -11.114017910310956 0.5819091091422628
1656599640.9088562 15.890426282414198 -11.49652547336482 0.5897650786094608
1656599641.3100483 15.919376004809749 -11.878468685252555 0.5921798517784272
1656599641.707513 15.925486202367699 -12.277511111284872 0.5923769645500604
1656599642.1087399 15.932770673234197 -12.654882488973191 0.5887949931922422
1656599642.5074744 15.905850103123631 -13.011877676730645 0.5875374823795424
1656599642.9111097 15.888767905111587 -13.35239547061894 0.5897172434763607
1656599644.1086054 15.730889654412891 -14.070497305335403 0.5995662199401225
1656599644.5084858 15.573066506348392 -14.362228963311603 0.5984073497787649
1656599644.9073105 15.397278990855284 -14.66601316272984 0.5989468512980853
1656599645.3073225 15.209690373217121 -14.924137411903104 0.6029375146313751
1656599645.7072785 15.045172480993006 -15.11902761079254 0.6059172123604187
1656599646.1072507 14.857888069894452 -15.310053579997534 0.6067714031798336
1656599646.5072823 14.605580430082492 -15.538788752165045 0.611626047504131
1656599646.9074194 14.342946803510504 -15.74546141010881 0.6192297572071612
1656599647.3074243 14.082053796907708 -15.9275887713556 0.6284619764696021
1656599647.70736 13.872378072710937 -16.070096856732835 0.6363796227114057
1656599648.1061594 13.675703653733628 -16.19630012420311 0.6429253337378995
1656599648.5073562 13.494700248103442 -16.313359971089938 0.6479001874930455
1656599650.107231 12.638891669028139 -16.997908575333092 0.6693393339550805
1656599650.5071096 12.626604351054686 -17.009886529455336 0.6697806993120318
1656599650.9071474 12.629028435409532 -17.006265061696276 0.6688919517493955
1656599651.308272 12.834791001837925 -16.812592066833407 0.6659055496130188
1656599651.7084072 12.893026079438677 -16.762558030691405 0.6618327368985308
1656599652.1083648 12.703942681853919 -16.950468391123426 0.6627326240726188
1656599652.5083675 12.492370214325987 -17.16915523516096 0.6729481697172046
1656599652.9071512 12.332877218253355 -17.373830839452253 0.6761687418677266
1656599653.307194 12.235757611752797 -17.52143777369649 0.6755651345537479
1656599653.7071095 12.290982950621805 -17.429582085782233 0.6741397568494697
1656599654.107132 12.456951642819567 -17.171313346350107 0.6717716081547784
1656599654.508553 12.625072582652175 -16.9480532328172 0.6715719303458438
1656599654.9085712 12.755042233781673 -16.750926076105543 0.6681860848816887
1656599655.3072844 12.900572489430164 -16.49870286498196 0.6630635060550152
1656599655.7072723 13.00126053161063 -16.32315835416592 0.6604845603151737
1656599656.1072657 12.917264862126874 -16.512294663512527 0.6627724610842276
1656599656.508547 12.783182105384371 -16.85209776880003 0.6679636196906937
1656599656.9073 12.671350675148528 -17.158856273721998 0.6698058618216688
1656599657.3072755 12.60331265710317 -17.45200334177208 0.6727364121812897
1656599657.7072513 12.571390032837265 -17.686744192487886 0.6776906584060914
1656599658.107248 12.582464217937371 -17.931411329052494 0.6811720093440343
1656599658.5072699 12.620364760909217 -18.12886895737565 0.6818258838871504
1656599658.9075558 12.67135668867514 -18.337305231365058 0.6834769761522798
1656599659.3067536 12.752019705056808 -18.672241790225552 0.6888814878878786
1656599659.707993 12.866984125076572 -19.084701113679852 0.6858723177475076
1656599660.1079829 12.956235006270264 -19.469386586234126 0.6868827031772025
1656599660.5079918 13.060892677667795 -19.80547012086661 0.6824756564842727
1656599660.907979 13.122009802608373 -20.139002183367605 0.6865880953866543
1656599661.3078492 13.202454666368494 -20.481841475549203 0.6946425995820239
1656599661.7088485 13.281215854802475 -20.839493014387408 0.691275076280381
1656599662.1074712 13.32373787152721 -21.184181708809234 0.696555401542913
1656599662.5073612 13.357307384605688 -21.416868346223044 0.6995241518012589
1656599662.90741 13.411307283324701 -21.69576583002044 0.7005027997145177
1656599663.3073509 13.46996183380921 -22.04274678501431 0.6959541219569144
1656599663.7084854 13.505882887458826 -22.39449118718234 0.6984773643953225
1656599664.107307 13.49744374960052 -22.385777298156185 0.6986959451543316
1656599664.5084965 13.492660120752863 -22.40796689744315 0.6986453627299956
1656599664.9072335 13.57036140872599 -22.628750914924204 0.7033490538923876
1656599665.308362 13.634217460771282 -23.04873137811797 0.7023047155777298
1656599665.7071013 13.718737992304629 -23.49579347024168 0.67751946317045
1656599666.107105 13.783361661353846 -23.951737535775948 0.6736923504317148
1656599666.5071986 13.861374033018103 -24.413201288354514 0.6573409451970905
1656599666.9084218 13.92011556701307 -24.860492846287123 0.6467170544689568
1656599667.3083572 13.952700664014648 -25.27687563787027 0.6435544186997917
1656599667.7083983 13.971772926792148 -25.71089603106543 0.6420538751566289
1656599668.1071792 13.98212165546704 -26.140909710762855 0.6457589670406034
1656599668.5084026 13.996223322608385 -26.580041452387366 0.649451676210471
1656599668.9084601 14.028569380579482 -26.999689478132787 0.6506430039028772
1656599669.3071895 14.042280839642721 -27.43738077174819 0.6516254486736295
1656599669.7071571 14.071803802487334 -27.890882395976828 0.6525582394640911
1656599670.1071649 14.084864285360425 -28.334699804734946 0.6526620323280526
1656599670.507144 14.102324331418771 -28.79624019862003 0.6467690325288935
1656599670.9071472 14.098911518921655 -29.23607997993949 0.643811260315315
1656599671.3071053 14.094911389183192 -29.656014068638957 0.6425633020325959
1656599672.1070974 14.067416971206864 -30.3911820214266 0.6413403452650324
1656599672.5071254 14.050949035481102 -30.730683121522464 0.6428723456341566
1656599672.9083614 14.02780231195995 -31.123216509211662 0.6430059003077698
1656599673.3083906 13.998712274237839 -31.549660539015946 0.6387617595430459
1656599673.7083542 13.994299645458067 -31.96527405395777 0.6338446328988895
1656599674.1071074 13.994090118370181 -32.35532038748284 0.627126805995967
1656599674.5069892 13.994669671092703 -32.73816407857694 0.623004235393513
1656599674.9081366 13.997638770824729 -33.155687659351166 0.6219805849727886
1656599675.3068604 14.001298361757716 -33.61650762642087 0.6195355373375061
1656599675.7081206 13.989887010359164 -34.084466343004586 0.6182984894189629
1656599676.1070237 13.98639180669221 -34.52779469902974 0.6184913161272779
1656599676.5082605 13.962571768422677 -34.958328721651995 0.6160295913971741
1656599676.9071698 13.940819711296678 -35.41312701107848 0.6128345640262245
1656599677.3071582 13.9193372289333 -35.85125051026023 0.6118783494404544
1656599677.7071326 13.900629535162977 -36.26393594917435 0.6126874497677682
1656599678.1070998 13.88956260926771 -36.71798130062313 0.6118677369123778
1656599678.5071483 13.879678061152562 -37.182085452292846 0.6115604934554496
1656599678.9071796 13.876004003051415 -37.622336414926075 0.6084762016783674
1656599679.3071136 13.866052746373287 -38.05697151249429 0.6032074055701191
1656599679.707123 13.858361654627771 -38.50457065993993 0.6025326128480115
1656599680.108349 13.849227456169919 -38.961405462622054 0.6008089667266531
1656599680.5083632 13.838349671740449 -39.421557197146974 0.5959389510754146
1656599680.9084423 13.817798095994737 -39.87503827408118 0.5913356064407853
1656599681.3071568 13.796083213900005 -40.32356381255465 0.5877612854889583
1656599681.7071447 13.758390328398804 -40.75971735901313 0.5868003198045804
1656599682.1071208 13.724113549882704 -41.18938728742173 0.5885467393628607
1656599682.507137 13.68182384478076 -41.630312850428126 0.5923643276112415
1656599682.907018 13.638682184697835 -42.08817294117302 0.595653132527362
1656599683.3071198 13.597640177522898 -42.54452809765295 0.5962489583239924
1656599683.7071047 13.536148573424613 -42.97514271168988 0.5956171747953165
1656599684.1071072 13.49404178290988 -43.381073148198695 0.5929216741018964
1656599684.5073001 13.43818520392105 -43.77552264534116 0.5917797098076034
1656599684.9073007 13.392728468531468 -44.12321065292598 0.5908007369395865
1656599685.3072917 13.37287823492245 -44.3580855131462 0.5885613251248218
1656599685.7072585 13.350842543037562 -44.49300352876908 0.5874653656495529
1656599686.1096334 13.354033201511461 -44.494313622575966 0.5857449986585778
1656599686.5083594 13.358475953412414 -44.498712509594135 0.5849519064454418
1656599686.9096267 13.359034400402761 -44.50161858406432 0.5846584723555657
1656599687.3086078 13.35890112443121 -44.50554617876635 0.5844076397960966
1656599687.7098613 13.358659483503436 -44.538798156303805 0.5846271626435312
1656599688.108644 13.344848652574475 -44.682824004934574 0.584788354931873
1656599688.5086768 13.29761357124319 -45.01760030370119 0.5850598874272743
1656599688.9101384 13.228896993632167 -45.41503708243772 0.5876206948105248
1656599689.311399 13.198921247202161 -45.7942253994125 0.5910182376505722
1656599689.7115536 13.183470614959363 -46.18182106362365 0.5940123599499059
1656599690.1094947 13.165115578879226 -46.59852555212853 0.5941139516980786
1656599690.508396 13.149790199589074 -47.0521431175748 0.5935807218445953
1656599690.9083874 13.136043739219367 -47.501357486113804 0.5929490337027268
1656599691.3083758 13.12000894301803 -47.95840904162031 0.5927867348619651
1656599691.708358 13.094167503198236 -48.433880136428215 0.5890854549314136
1656599692.1071022 13.064219652212033 -48.93625472272731 0.5796940508469866
1656599692.508356 13.023495711389634 -49.3577917270653 0.5700575938730583
1656599692.9084039 13.014568377483574 -49.71929407326045 0.5647024056739718
1656599693.3083742 12.981464335816131 -50.16874140366788 0.561490401860672
1656599693.7071204 12.941928407736155 -50.65972886276281 0.5770947459601453
1656599694.1096494 12.894572440896837 -51.1169768889651 0.5768843074886566
1656599694.5071514 12.830796876854867 -51.566236862947896 0.5743633496749557
1656599694.9083838 12.76666061620177 -52.031976022009395 0.5704744658524317
1656599695.3071425 12.675150613190807 -52.47122761505176 0.5717945150806341
1656599695.7096632 12.594387446392167 -52.902988490900945 0.5736393465088133
1656599696.1084058 12.484406351188131 -53.365668441751 0.5722138254259453
1656599696.5096714 12.349932557726756 -53.82553749583032 0.5695395846371448
1656599696.9083762 12.213737979065307 -54.26002521383853 0.5636044412704503
1656599697.3096282 12.051289594486471 -54.68146791911811 0.5561379535466012
1656599698.1096296 11.61972362321049 -55.52691870563796 0.545187255109594
1656599698.5071216 11.339847378956948 -55.89874394174903 0.541378549180684
1656599698.9084024 11.00792618723406 -56.26367226186176 0.53606658779635
1656599699.3083673 10.636075381997038 -56.58834123440855 0.5313332392550045
1656599699.7096267 10.233685949152303 -56.85749175497258 0.5218809457950417
1656599700.1083758 9.789073578484942 -57.077768671234196 0.5118759818847936
1656599700.50839 9.29604518822808 -57.23888822877296 0.5005377922373543
1656599700.9083593 8.839584493842565 -57.28956366283906 0.49100958257955846
1656599701.30979 8.380604771086489 -57.25858676075724 0.4827866966223452
1656599701.7085555 7.9165174651922765 -57.17123709717053 0.48107746813855834
1656599702.1085265 7.4539020219545264 -57.05104032092011 0.4764644582795629
1656599702.508494 7.06182916941668 -56.85029138932472 0.47693015002718725
1656599702.9085014 6.7095514677999795 -56.61055577573422 0.4822187983722352
1656599703.3072498 6.354929723781849 -56.317701229486346 0.48628717043735326
1656599703.7084813 6.058786567610674 -55.980865028063825 0.49436525352880595
1656599704.1083732 5.796804780837951 -55.63277760693785 0.5029922075059435
1656599704.5083647 5.559588006456771 -55.26185581713027 0.5086574560861279
1656599704.908403 5.3485321642815435 -54.86505335377453 0.512483109883272
1656599705.3085394 5.1541127003674285 -54.44730586906381 0.5132555229822835
1656599705.707398 4.987424348525608 -54.02287793759225 0.5134881035380606
1656599706.109878 4.850925212060287 -53.594130814924426 0.5128083264473581
1656599706.50869 4.738842854043111 -53.15618510677975 0.5135389282423622
1656599706.909925 4.654688867021812 -52.71092875198606 0.5166703357758005
1656599707.307531 4.572990141918634 -52.27464765140072 0.5214768885274701
1656599707.708816 4.498334955377472 -51.8616026569338 0.5259037593946878
1656599708.107536 4.425037534576142 -51.44512235943146 0.5309115609117235
1656599708.5100923 4.335882837165908 -50.939464465489635 0.5290290579342588
1656599708.908859 4.283063672400944 -50.493675378639125 0.5324793917958093
1656599709.3088942 4.243225930385158 -50.158334185721216 0.5379590630249304
1656599709.7088983 4.2128175170307705 -49.71992198214635 0.5415908056133449
1656599710.110228 4.183559714863135 -49.21461329197864 0.5659005792388447
1656599710.5089061 4.173930491215679 -48.737053969246205 0.5810249836829813
1656599710.9102702 4.162826471916656 -48.280878019923186 0.5776139784176931
1656599711.309073 4.1772998455363375 -47.81425034690307 0.5747232010556661
1656599711.7091668 4.209559429300959 -47.378477475433655 0.5779207395837828
1656599712.5091698 4.237117314734736 -46.48396914155769 0.5731218777833087
1656599712.9078548 4.2349977233804506 -46.05228102209532 0.5731711090318343
1656599713.3103032 4.233687640601466 -45.619784166134615 0.5739800075350774
1656599713.7078176 4.234777688094092 -45.156068834326085 0.5726047807199125
1656599714.10903 4.240421480055149 -44.697154238217095 0.5718086877695693
1656599714.5090792 4.249043932829871 -44.24430582000806 0.5689464145479393
1656599714.9091299 4.260335012454968 -43.802141749351584 0.5682318409905612
1656599715.3078685 4.278535623949326 -43.34829849727689 0.566512180419542
1656599715.7104323 4.296783887761306 -42.88373539919455 0.5625127275815346
1656599716.1078916 4.3161082894406215 -42.445068543346686 0.5595392110426514
1656599716.5090122 4.33547683618102 -42.02030649452333 0.5581045766084192
1656599716.90899 4.346300452551067 -41.59502477986873 0.5597896100355232
1656599717.3089888 4.36098707971845 -41.1540699402338 0.5610497153365868
1656599717.7089884 4.36759662474069 -40.70940162929149 0.5639671733369865
1656599718.109004 4.372185358572773 -40.27051625067148 0.5666259411843815
1656599718.507789 4.373845864625622 -39.828022545391434 0.5691172189814184
1656599718.9090018 4.365870970311493 -39.356939774957226 0.5660690894516266
1656599719.3089802 4.373524840297367 -38.87347474749439 0.5616732849861205
1656599719.7088625 4.404546423871397 -38.431816902355415 0.5576714202666443
1656599720.1076534 4.4459711199804755 -38.00159174975733 0.5569795711333956
1656599720.508761 4.513294638484326 -37.5489844764537 0.55711210023587
1656599720.9087539 4.603067892335327 -37.09581872198095 0.5638599621611254
1656599721.3100424 4.71496871078931 -36.64836039796878 0.5710195345403979
1656599721.708765 4.854974940002824 -36.200109954575936 0.5737753328225179
1656599722.1100576 5.014315405298738 -35.78091667695554 0.5764276011037266
1656599722.5088925 5.160614169042101 -35.37868560019031 0.5722482082764039
1656599722.9101825 5.302401384802958 -34.97983948814219 0.5760676209551728
1656599723.3088603 5.426549606508647 -34.5727656248687 0.5800494161435688
1656599723.7088587 5.540300492339448 -34.158309655326335 0.5812002412427274
1656599724.107665 5.659827726817224 -33.74216867746624 0.5871894265682883
1656599724.508877 5.783489034544501 -33.32803213274301 0.594040881060711
1656599724.9088683 5.893736799206343 -32.909328684205434 0.597464870272838
1656599725.308907 5.985443188174898 -32.49087858640284 0.6012686107584925
1656599725.708913 6.058001704402591 -32.090937964135065 0.6037808551305486
1656599726.1101995 6.090039937452615 -31.68575451696149 0.6045256292908066
1656599726.5088694 6.1031783692591155 -31.265814443298936 0.6095525603480977
1656599726.9088597 6.101241315583046 -30.853033769734342 0.6159774989635196
1656599727.308859 6.061337520430936 -30.459611002680337 0.6210455740006655
1656599727.708859 5.975829510454448 -30.059355422832624 0.6236743258677446
1656599728.110179 5.872901515608765 -29.667842051145605 0.6238305719129583
1656599728.5088634 5.742874315724027 -29.291719374505814 0.6322691351027777
1656599728.90886 5.560294432263439 -28.894020163337952 0.6383163966497002
1656599729.3088706 5.3636516198434645 -28.479480336129896 0.6418056535898694
1656599729.707612 5.165890784408992 -28.054885923904248 0.6401329375807959
1656599730.1088645 4.988135227874069 -27.63725616054126 0.641277021375959
1656599730.5088508 4.818291404407232 -27.19324551511889 0.6409619923103793
1656599730.9087708 4.683244392091502 -26.72649103554358 0.6454135265753411
1656599731.307512 4.577414389962068 -26.279383068927874 0.6465695970041525
1656599731.708733 4.518217641389215 -25.835294587318856 0.644916409012909
1656599732.110057 4.4655295217779205 -25.385476012337595 0.6456415641659261
1656599732.5114088 4.436124217413375 -24.934916781657478 0.6444326020646817
1656599732.908879 4.429231674193967 -24.492352505562117 0.6477038596826096
1656599733.3101907 4.4269247012671995 -24.036835532359028 0.6508952300741003
1656599733.7088857 4.434336595791148 -23.56314937150951 0.6501565880497733
1656599734.1101778 4.455345199099227 -23.107053079936556 0.6516714952969112
1656599734.5088878 4.4884788582639 -22.662724708781983 0.6522586474452657
1656599734.9114015 4.534342869917133 -22.208800372868982 0.6548879209974541
1656599735.312642 4.586165765313254 -21.757614853206523 0.6595512396499321
1656599735.7114098 4.644564532526538 -21.313399460955257 0.6625970645031523
1656599736.1102095 4.706638921833159 -20.86960677493351 0.6638510427234883
1656599736.5087676 4.782112746602884 -20.42218529679662 0.6667878662017835
1656599736.9075456 4.856143256527038 -19.97631716840523 0.6673110098883008
1656599737.308764 4.928349833101126 -19.539893593063407 0.6655933798425467
1656599737.7075694 4.980488713350123 -19.131950432841112 0.6644013050748223
1656599738.1087835 5.004487670311942 -18.728125831722302 0.660283543659022
1656599738.5075493 4.9949392424121175 -18.328248975262746 0.6635460487822156
1656599738.9087532 4.9452067012650005 -17.914991156798553 0.6626117872698337
1656599739.3075285 4.870179365714136 -17.525124182693855 0.6596149780544736
1656599739.7087748 4.778250009160747 -17.196106753452387 0.6527974390402612
1656599740.1074991 4.668046450116918 -16.93856613101508 0.6521218338826993
1656599740.5087147 4.511063705800144 -16.696161199537634 0.6526260637792736
1656599740.9086368 4.312968605099203 -16.470140330895852 0.6473255843040918
1656599741.3086417 4.0523790458223505 -16.24760575911018 0.6444579137969743
1656599741.7075112 3.7210423868628415 -16.084715523372687 0.6384092051919767
1656599742.5075986 2.9429333456431834 -15.864437350679419 0.629743842107702
1656599742.9087536 2.5528395739872987 -15.804493412593862 0.6214422686942968
1656599743.3075364 2.1977849394067377 -15.774835007842988 0.6221940256935999
1656599743.7087965 1.8301871455685694 -15.796194047870326 0.6238318911021596
1656599744.1075547 1.4629209331665973 -15.86720402581945 0.6212867903336705
1656599744.5087714 1.0775658965040256 -15.955807408365713 0.6251756029279855
1656599744.9087656 0.6806323983668006 -16.068388933338493 0.6288574665362527
1656599745.3087864 0.2612813980770477 -16.221333320414537 0.6310996994803535
1656599745.7087576 -0.0852972749048322 -16.368082239239005 0.6262078333897171
1656599746.1087534 -0.37354116860684705 -16.527115343802027 0.6224205721021336
1656599746.5076153 -0.6098292287989635 -16.747510030188497 0.6185421701766219
1656599746.908859 -0.7867086750004496 -17.030226256928156 0.6181643740348692
1656599747.307595 -0.9100794292229245 -17.352657599775853 0.6207821231841015
1656599747.7087424 -0.9697377403645305 -17.7147650234913 0.6244004864262643
1656599748.107565 -1.0003283539327472 -18.083567304224342 0.6229217645821392
1656599748.5087469 -0.9891257634535708 -18.460343066391232 0.6246579948310836
1656599748.90875 -0.931506117464415 -18.838799885652893 0.6261079037016959
1656599749.3087776 -0.8588185629994775 -19.207839234519344 0.6277639600086864
1656599749.7075467 -0.7471726867780812 -19.597049971717677 0.6262702924544231
1656599750.1086483 -0.6014481323530648 -20.003284437666025 0.6261080746984794
1656599750.5086977 -0.44842545409319956 -20.404862735782174 0.6230419547886661
1656599750.9086437 -0.3089876386139338 -20.822733247737155 0.6228398590266684
1656599751.308541 -0.1751845216866812 -21.24481899734744 0.6166471848842079
1656599751.7086675 -0.0748970311080983 -21.678483795666615 0.6169029105617536
1656599752.1074302 0.005626233784358703 -22.086523978612103 0.6172948824096078
1656599752.5086203 0.08738174571035323 -22.4671512806275 0.6143802455854778
1656599752.9074037 0.1811098121176461 -22.87816947520249 0.6093875506335181
1656599753.3086653 0.26493058743694503 -23.31635512540085 0.6150657884016746
1656599753.70741 0.34162179438918017 -23.764576100629874 0.6197736444672247
1656599754.1087804 0.4098611183176588 -24.22387256952897 0.6207724720943237
1656599754.507537 0.475522675765275 -24.6965440673577 0.6196147827879149
1656599754.9088597 0.5415615119732079 -25.147029552083897 0.6184437626478401
1656599755.30761 0.5741057076817422 -25.58833527475848 0.6137559557989091
1656599755.7088928 0.606115792418159 -26.07263985233243 0.6064018775334215
1656599756.1076434 0.5977961504785089 -26.545686033942335 0.5986395699736844
1656599756.5088553 0.5925014785000512 -26.98515851741511 0.593839900409543
1656599756.9087179 0.5608126562801409 -27.266728017049616 0.5876165828938159
1656599757.3087382 0.5503338786794885 -27.32093743588389 0.583307579295231
1656599757.708726 0.5142180475006135 -27.47258010724207 0.581033831999429
1656599758.108589 0.5052497812553455 -27.55590269850118 0.5780117218919959
1656599758.50847 0.49201088533303455 -27.615307179843505 0.582647450101583
1656599758.9096432 0.4848791230806115 -27.693401585389708 0.5845938091908803
1656599760.108442 -0.06442706658927222 -28.382839719082742 0.5851994243168284
1656599760.509634 -0.35797424147974294 -28.681494956176024 0.5701893738182514
1656599760.9096477 -0.5462395269420469 -28.83379491362995 0.5656655615217315
1656599761.3084035 -0.6609678018338274 -28.907514031642847 0.5612380103863149
1656599761.7096703 -0.6706888662421281 -28.930737137036534 0.5593654982327985
1656599762.1096866 -0.6769612582184186 -28.935243902750887 0.5598454080925649
1656599762.5096428 -0.6862020192831133 -28.939536550399502 0.5594213426868969
1656599762.9096725 -0.7273907992937001 -29.017239352522186 0.559456825604843
1656599763.3096538 -0.8588339032337243 -29.139675305527454 0.556295327513376
1656599763.7096534 -0.8980200011738632 -29.15207703335044 0.5523995529961057
1656599764.1096127 -0.892161986190362 -29.161626157166747 0.5511743470601871
1656599764.5107634 -0.9305850043407048 -29.279139595197993 0.5526067130493514
1656599764.9095523 -1.0723339944573125 -29.359758435767347 0.5528559616731903
1656599765.3095293 -1.1147587844926197 -29.31950235972871 0.551321919772952
1656599765.7095451 -1.1245792325958763 -29.382470433722727 0.550495963590425
1656599766.1095603 -1.1379885904061156 -29.64826630060639 0.5511352437673577
1656599766.5095427 -1.1374018469721727 -29.917493080109995 0.5510221786574547
1656599766.909525 -1.0824147228954317 -30.144711861907858 0.5485626016689136
1656599767.3095126 -0.9876901693319369 -30.419892031569983 0.5458543701734546
1656599767.7095 -0.86148421518666 -30.75452885678722 0.5465678538419194
1656599768.1082566 -0.7046943806195567 -31.143090367030798 0.5420032858732186
1656599768.5095553 -0.5364179252387281 -31.577793302603613 0.5418604518097101
1656599768.9082522 -0.39724648024224535 -31.980094538001502 0.5468902110966615
1656599769.3095453 -0.2722797000175037 -32.32864240693776 0.545292859146429
1656599769.7095494 -0.1410085300348291 -32.693292466102086 0.5455143170192794
1656599770.1096373 0.004890548988197249 -33.03363565913845 0.5453608275232728
1656599770.509661 0.13110230795782776 -33.362070525462954 0.5448918345079147
1656599770.9096296 0.26470020362605257 -33.68177379313921 0.5434466838844542
1656599771.3084178 0.39745786322731724 -34.002130144494814 0.5423444166175624
1656599771.709691 0.551932365081339 -34.36381967428771 0.5408927927813337
1656599772.1084251 0.7121311950970881 -34.77608847911364 0.5430473448639932
1656599772.5096846 0.8472909217451813 -35.173648619685565 0.5420863381227295
1656599772.9083965 0.9593819102694735 -35.568506422350396 0.541188092890062
1656599773.3096547 1.0283183281459847 -35.995160722090915 0.5402145030732856
1656599773.7084205 1.101927562955807 -36.40962079731911 0.5389324367075641
1656599774.5083601 1.2382934432262993 -37.28428421004152 0.5392105346279353
1656599774.9096158 1.263624096323653 -37.75150630270026 0.5414194304777761
1656599775.3083518 1.263204272549744 -38.21222100033246 0.5421770293070519
1656599775.7096713 1.2217107299955208 -38.65900571410217 0.5438553150489012
1656599776.1083968 1.1488301057128247 -39.11233304467889 0.5437082968990058
1656599776.5096743 1.0763083231284478 -39.57196411486132 0.5427351339346579
1656599777.309647 0.9244768749370244 -40.43217369735302 0.5356948746703676
1656599777.7084014 0.838834971547974 -40.87778482755021 0.5318134723794584
1656599778.1120968 0.7463427040039312 -41.30673140477262 0.5289318184725073
1656599778.5108454 0.6762330342461732 -41.71154134911065 0.5276417197555396
1656599778.9132562 0.5971640081175339 -42.11131382684487 0.5233578861559564
1656599779.3109517 0.5211436135327003 -42.54851367266261 0.5230305636419652
1656599779.7111454 0.46048915566597987 -42.99030343896077 0.5196098341324745
1656599780.1086025 0.38024248584284825 -43.44108246003652 0.5150466320036609
1656599780.5097373 0.29392649311788166 -43.876607281230804 0.5120671524787325
1656599780.909751 0.204372795659208 -44.3072259969249 0.5097679742520826
1656599781.3109844 0.08376745427523857 -44.75624026689786 0.5078445039752333
1656599781.7122755 -0.05293898982208936 -45.20359493823683 0.5079574787020893
1656599782.509767 -0.3416108216448024 -46.03219729275543 0.5063801317657086
1656599782.9110167 -0.5004233580836764 -46.45114767809537 0.5051798726377177
1656599783.309748 -0.638892028891566 -46.84140025685568 0.5041630948875501
1656599783.710892 -0.7673533598674529 -47.21462748583254 0.5019067626021448
1656599784.1095977 -0.8927458310989055 -47.6296051425812 0.4966761598315615
1656599784.5106134 -1.022710464075093 -48.06603623267002 0.48882338409189124
1656599784.910381 -1.1398913069609 -48.49593126571504 0.47793816530969585
1656599785.310399 -1.2550519225752876 -48.889027528325485 0.46346700399643265
1656599785.7090225 -1.3662510555038923 -49.28309042737496 0.4578332541169582
1656599786.1103642 -1.4805194321764061 -49.72101499016616 0.4557811319826267
1656599786.5091126 -1.6237933236466513 -50.1776117379194 0.45501928915680934
1656599786.9102738 -1.7667242291818503 -50.56554097170654 0.46152832768230573
1656599787.3088655 -1.8944345022258855 -50.94289221907363 0.46227565169541107
1656599787.7102637 -2.0309400270379836 -51.34714995035151 0.46250445041579324
1656599788.108969 -2.1929873626171017 -51.777532112917925 0.4685771976827482
1656599788.5113475 -2.325407047240151 -52.17757799095133 0.4616195567985437
1656599788.9100354 -2.4606820284797783 -52.523838655216075 0.455572702193718
1656599789.3112817 -2.6083562158319937 -52.86583156212642 0.44980494490979933
1656599789.7101107 -2.765992433537751 -53.25196838123962 0.44845310252966475
1656599790.1113517 -2.9895542315702395 -53.68272138664629 0.45090161459216005
1656599790.5100684 -3.243783726021962 -54.09422857482643 0.4504430738251257
1656599790.9101512 -3.500769783296944 -54.467175577456636 0.4467861743517531
1656599791.3102067 -3.7429852773978505 -54.83355735980911 0.4376301296098585
1656599791.7113574 -4.014332537582057 -55.169841635092645 0.43038714817487556
1656599792.1101556 -4.314940606464249 -55.48734245091019 0.42555849691587405
1656599792.5113957 -4.686760124804353 -55.78835997085463 0.4246666909599325
1656599792.9102426 -5.094206746253989 -56.06342352997893 0.4231718433166291
1656599793.3104103 -5.524912791609903 -56.270805202727345 0.4208661072399745
1656599793.7091167 -5.970553755982991 -56.437227858135046 0.42029508368863167
1656599794.1103983 -6.447053733181284 -56.538534616193736 0.41821982908398153
1656599794.5104313 -6.921092860061813 -56.55324713786878 0.4175062134427779
1656599794.9104035 -7.407516554321254 -56.45899116328039 0.4124703081416477
1656599795.7104461 -8.394227573292616 -55.97119282251251 0.3880527949195104
1656599796.110417 -8.752849060831577 -55.61459411224118 0.37380380364603955
1656599796.512874 -8.941312694920365 -55.19318186349879 0.36357860833560357
1656599796.909245 -9.004995249720038 -54.77067762189002 0.3637575462083025
1656599797.310509 -9.066847744076734 -54.325503267324045 0.36551858728461717
1656599797.7092106 -9.104895293434815 -53.86413784664184 0.3669555718894035
1656599798.111593 -9.145099768262723 -53.42153971257461 0.37107537302603466
1656599798.5102704 -9.169026917625166 -53.002843703570456 0.3729772599463012
1656599798.9103022 -9.181784161817154 -52.59309602497643 0.3733994697231365
1656599799.3105853 -9.164205928936394 -52.29007482689338 0.3720583490558756
1656599799.7109015 -9.13233499405487 -52.09688339954641 0.3717760325433494
1656599800.1096706 -9.125771762766535 -52.05890385748166 0.3719747286989316
1656599800.5108929 -9.127229231808087 -52.066631448782765 0.3715503365752911
1656599800.9108992 -9.127176219832245 -52.067050378672576 0.3710559836373007
1656599801.310881 -9.127074860801622 -52.06668375818859 0.3708574383314273
1656599801.710876 -9.12760349933235 -52.070165952693635 0.3707028544188229
1656599802.1108608 -9.10681269869212 -51.90405106779215 0.3699981734962068
1656599802.5108633 -9.103005051803198 -51.54878936686583 0.3705795776858784
1656599802.9108624 -9.06535705081351 -51.22052770748384 0.3740510319103925
1656599803.309763 -9.056159579030158 -50.827367139526935 0.3879121962795399
1656599803.7110064 -9.058787773185237 -50.36888013818446 0.40933807210123363
1656599804.1097398 -9.070457798072848 -49.94289640305728 0.424378533964341
1656599804.5110652 -9.07962989296486 -49.539022269411056 0.43321784149283116
1656599804.9099073 -9.111176954419035 -49.15150879204582 0.44134481827008903
1656599805.3111002 -9.137869043281915 -48.73785431269847 0.446991804757715
1656599805.7099063 -9.1874301734466 -48.32892961773853 0.44981912294479226
1656599806.1111975 -9.238067803611024 -47.91828923361504 0.4571577027852157
1656599806.509903 -9.298126923864647 -47.46200636195164 0.4630089457845805
1656599806.9111328 -9.365091164779095 -47.01007725252238 0.4734208912917253
1656599807.309998 -9.42104729116042 -46.57130392122412 0.48200796781379435
1656599807.711266 -9.482243314514973 -46.09848054556773 0.4817836767671452
1656599808.110038 -9.53185744387429 -45.62000976500224 0.4801291671233032
1656599808.5100381 -9.591693160679478 -45.192968834873035 0.4776235378355565
1656599808.910072 -9.639198237124223 -44.75398997442437 0.4739388946846262
1656599809.31145 -9.711487623355538 -44.28685948185005 0.4690154550126301
1656599809.7101977 -9.777882580915534 -43.83941665352823 0.4667199828489509
1656599810.1113758 -9.830954285053627 -43.39282294399158 0.4636281719105596
1656599810.5101824 -9.865407690683986 -42.94114106673503 0.4597569503147474
1656599810.911375 -9.879397396826809 -42.47997777943849 0.4579224390931355
1656599811.3101957 -9.875893076750572 -42.04508759774271 0.4599207928580071
1656599811.7114065 -9.85806235337442 -41.61693594623767 0.4631754827172267
1656599812.5114138 -9.799909009511282 -40.71049387419424 0.4701293861783156
1656599812.9101734 -9.756486614171086 -40.286360268719534 0.47978489795949
1656599813.3101985 -9.715949567664486 -39.83357670596674 0.4838982229967396
1656599813.7101977 -9.658770716222486 -39.39368380385144 0.49736067108544374
1656599814.1113694 -9.617128769152108 -38.98181074866219 0.5052303935372917
1656599814.5100338 -9.540095537180026 -38.54961139909137 0.5179473746397143
1656599814.910182 -9.474798222162537 -38.10349321920054 0.5326915152452184
1656599815.3101056 -9.401759622898103 -37.658506966917706 0.5407770067205301
1656599815.710146 -9.346087844837433 -37.18923465051962 0.5429051743582181
1656599816.1101484 -9.278945073822568 -36.71929617385315 0.5436675624299351
1656599816.5100377 -9.221203631098312 -36.23628379908068 0.5343799465771361
1656599816.9100487 -9.13891066956956 -35.7876765341525 0.5285491972239089
1656599817.3117032 -9.0812470031945 -35.38268653622369 0.5241137162577304
1656599817.7096686 -9.001021891787639 -34.9452996686195 0.519273015245697
1656599818.1108737 -8.945588378440545 -34.49968648703499 0.525552082281321
1656599818.509646 -8.897009951332308 -34.080118095657184 0.525283553261746
1656599818.9108922 -8.850772434238268 -33.64279182290785 0.5228213609024468
1656599819.3097975 -8.806413626004707 -33.19938805896559 0.5252433528833987
1656599819.7097497 -8.779369698809374 -32.77736218510696 0.5312923796721563
1656599820.109715 -8.734945253283247 -32.35208891167374 0.5367423648697707
1656599820.5108619 -8.677952465006298 -31.88112993865348 0.5418341087732772
1656599820.9096587 -8.598113259650477 -31.41909461258144 0.5525443634539072
1656599821.310935 -8.512714220504071 -30.983655384910097 0.5558329095102275
1656599821.7097373 -8.420561950900106 -30.53760836076258 0.5541174113639775
1656599822.1097286 -8.328395528562812 -30.08176275771498 0.5505132690543898
1656599822.5098224 -8.227877780307905 -29.659942044493455 0.5513975785767373
1656599822.9102182 -8.14566823950024 -29.242128470435716 0.5529558300156334
1656599823.3101757 -8.035786554323591 -28.773176466275046 0.551359724177601
1656599823.7114289 -7.912135199759512 -28.311238232043532 0.549769084963311
1656599824.110185 -7.7821901799255455 -27.885241654499133 0.5460855554725201
1656599824.512617 -7.63962516604887 -27.486831736386304 0.5453649172041266
1656599824.9113574 -7.491325388173231 -27.089046778010967 0.5493528778412086
1656599825.3123586 -7.318200061643499 -26.657619067271163 0.5506884899808949
1656599825.712243 -7.0973232799018575 -26.229541132637294 0.553145954634669
1656599826.1109848 -6.86838312478568 -25.834863043445118 0.5613866612430892
1656599826.5096424 -6.585467122851203 -25.478688589707225 0.5676994707490026
1656599826.9108808 -6.299016463847714 -25.13640200428232 0.5765088253390354
1656599827.312122 -5.981779321549979 -24.817724574354553 0.5847247736437495
1656599827.7121592 -5.651836949518237 -24.506225220384714 0.5893093145736638
1656599828.110901 -5.303245538598901 -24.202585073268114 0.5927086714497826
1656599828.5096765 -4.96411079362183 -23.917567763438004 0.5920399914727674
1656599828.910911 -4.613794121756582 -23.629240268837375 0.597589436103673
1656599829.3108997 -4.29578037813832 -23.3341265934897 0.5980592438003451
1656599829.7096705 -4.033124407124792 -23.054705909048995 0.5981571444768454
1656599830.1108766 -3.8532495976362937 -22.846560784399813 0.5918821965423994
1656599830.509542 -3.749443788690359 -22.683290337219713 0.5867697218509936
1656599830.9095783 -3.669726093890389 -22.550848776368582 0.5844568164403896
1656599831.3082314 -3.625771858259693 -22.492381719497995 0.5837227907547502
1656599831.7093773 -3.5872534101923055 -22.40493852374123 0.5831569705527412
1656599832.1093802 -3.526447795610604 -22.266149605820083 0.5814385370012085
1656599832.5094097 -3.4896991575044387 -22.047057007392716 0.5787115964753148
1656599832.9092572 -3.4754606997533273 -21.79080234750064 0.5839196682975943
1656599833.3105254 -3.53005499052345 -21.49393986063254 0.5896625038174009
1656599833.7092876 -3.64682544418743 -21.213725179698706 0.5886084129905472
1656599834.110546 -3.783520577087475 -20.99218641769305 0.5863453548516127
1656599834.5092857 -3.9513545235011653 -20.797997259328387 0.583732826414315
1656599834.9117918 -4.375095677208341 -20.556368078850735 0.5807846166696096
1656599835.3105366 -4.654564135722676 -20.420631912325852 0.5806291819844985
1656599835.7116492 -5.02671950229118 -20.29938442747928 0.5800663853683149
1656599836.1116135 -5.441434919335777 -20.237639107081367 0.5782599035448677
1656599836.5116122 -5.818472302060767 -20.226849327702787 0.579575807117805
1656599836.9116123 -6.201966223572291 -20.29228034897574 0.5715615840550173
1656599837.3103406 -6.559509870952235 -20.396311676360508 0.563880998223788
1656599837.7114878 -6.865025536591917 -20.586986917881475 0.5609511589658631
1656599838.111661 -7.133055302060439 -20.888345643380497 0.552190214492251
1656599838.5103657 -7.3670580320584955 -21.236793131353167 0.5546065930090401
1656599838.9116328 -7.589761222077776 -21.62355073752588 0.5531016988701916
1656599839.3116488 -7.807384114436172 -22.020306883795964 0.5514849174234454
1656599839.7116144 -8.045971002483261 -22.412306755341103 0.5490835944229914
1656599840.511677 -8.461525863404082 -23.091450254750185 0.5485951424760436
1656599840.9104497 -8.691512544194737 -23.503221487112913 0.543682884919408
1656599841.3116198 -8.921675614816383 -23.899568360444917 0.5366370118841796
1656599841.711682 -9.143737993640308 -24.272627640421412 0.5305615186160568
1656599842.510425 -9.564504603340861 -25.01196128275741 0.5294882778056436
1656599842.9117844 -9.790405143140884 -25.40926594807065 0.5364312558938233
1656599843.3108768 -9.99857957391635 -25.79904000947013 0.5407474194036096
1656599843.710866 -10.201731933530327 -26.17661581601978 0.5426686760339116
1656599844.1107554 -10.379569088963185 -26.566252443568874 0.5427294051917847
1656599844.5107744 -10.53940782801962 -26.951654953885388 0.5367988652740296
1656599844.910803 -10.673231543383547 -27.360897960727893 0.5339256805927555
1656599845.3107696 -10.800816698555206 -27.781944613336808 0.5326514867738044
1656599845.710899 -10.926894370908316 -28.222051711133982 0.534362432778398
1656599846.110893 -11.070408701582075 -28.691064403501315 0.5316545762190523
1656599846.510905 -11.246724110379681 -29.123297986002964 0.5275836800033422
1656599847.3105903 -11.62529944975865 -29.927140698820235 0.5232759162461027
1656599847.71177 -11.850769489200847 -30.326153301907055 0.5223856099257926
1656599848.1105058 -12.08317708042627 -30.732658900662937 0.5233023558693369
1656599848.5117753 -12.304187577636187 -31.143698297481407 0.5193412942397302
1656599848.9105546 -12.517400466205208 -31.548975321911687 0.5080138056809977
1656599849.3117359 -12.706476586543843 -31.92798479301455 0.4973782582445252
1656599849.7105134 -12.882041617618462 -32.28094729459968 0.49395985898167866
1656599850.1119015 -13.040946355825477 -32.63565383191472 0.49222226503011424
1656599850.5106704 -13.182633747626733 -33.01240856785362 0.49408408030351136
1656599850.9119236 -13.284923166229177 -33.40078177250434 0.49851547009725106
1656599851.310605 -13.337606559234935 -33.82766929058106 0.5016324286282111
1656599851.711854 -13.359323652511607 -34.259664423303086 0.5036698888551439
1656599852.110488 -13.37240579748002 -34.6785719825486 0.5033526522666001
1656599852.5117419 -13.379830709410333 -35.1063553771111 0.5019366768346041
1656599852.9104831 -13.377112929915075 -35.56351210565801 0.5006248826134188
1656599853.3116772 -13.359565862805024 -36.02544339925698 0.4991425363752044
1656599853.7103937 -13.339353671004183 -36.4732818893251 0.49550576595238416
1656599854.1116111 -13.340854798626994 -36.91438398755642 0.48714105966135457
1656599854.5103755 -13.33075767959682 -37.35826663975054 0.4799503563108164
1656599854.9116101 -13.31008498506912 -37.794887642079885 0.4755933395316445
1656599855.7114909 -13.276348527060849 -38.648973583288196 0.47410319289662606
1656599856.1116428 -13.213155890068203 -39.068704808148965 0.46668772554627863
1656599856.5104122 -13.145185469015926 -39.52159240069312 0.47193674388814816
1656599856.9104066 -13.096547518505982 -39.983670046105956 0.4682473541414086
1656599857.310415 -13.072327825214455 -40.43534597052945 0.4685465433159289
1656599857.7104185 -13.042008248923816 -40.87532433252786 0.4697211353594614
1656599858.1103961 -13.024676218326494 -41.33438085020076 0.4677329417797482
1656599858.5116696 -13.018832390591806 -41.779323081832885 0.46834097920418327
1656599858.9103758 -13.027294845336929 -42.21566976587611 0.47011595551594215
1656599859.3115885 -13.046053753449703 -42.659172150557445 0.4707465847320561
1656599859.7116642 -13.071166913691002 -43.10690309878386 0.4742078210470209
1656599860.1104007 -13.102150467693125 -43.56031767899325 0.4765232214993304
1656599860.511731 -13.155286953384227 -44.01329090101301 0.47980033175512954
1656599860.9117937 -13.219634056870461 -44.475064733272355 0.48078455628236466
1656599861.311752 -13.311409472497376 -44.92518650480173 0.48112248624141263
1656599861.7117589 -13.398922377478167 -45.35281090911449 0.48221502348177836
1656599862.1117887 -13.496780395990562 -45.78867195670956 0.4819342292521496
1656599862.5117564 -13.602157553372226 -46.239812997546736 0.48180387265976676
1656599862.9117494 -13.699368065849157 -46.67424098893823 0.4807636498853861
1656599863.3117344 -13.804846248664518 -47.09767782452589 0.47816279030776293
1656599863.7117343 -13.918055029635848 -47.50518484391119 0.4783648540232663
1656599864.1117408 -14.02946405815003 -47.92222898558912 0.4798459941119879
1656599864.5118206 -14.102753256447695 -48.333561834696354 0.47914871093395384
1656599864.9117787 -14.13248084756275 -48.726748444806674 0.4799286878883281
1656599865.3117514 -14.129925035312683 -49.077498975465865 0.4800185679353461
1656599865.710658 -14.104266795475844 -49.2978607602742 0.4764379762536908
1656599866.11189 -14.061552461199682 -49.54860426948928 0.4721507823209436
1656599866.5106373 -13.960884962301899 -49.85998623245973 0.47135195605448693
1656599866.9118433 -13.858117298072997 -50.14536135400577 0.4676283855735598
1656599867.311716 -13.695254979107506 -50.43965590352965 0.46543256858182186
1656599867.711616 -13.451484030850311 -50.72487500246292 0.46372525977521695
1656599868.1116443 -13.206838374310065 -50.936316540641755 0.45850835340651225
1656599868.512908 -12.951591687409016 -51.077468887097886 0.458919201736361
1656599868.9103696 -12.642350572726139 -51.1816858208325 0.4583561129604851
1656599869.3116193 -12.325954694797447 -51.241143327729745 0.4559268198717637
1656599869.711635 -11.996390004353517 -51.2693759247132 0.45598565111442657
1656599870.1116104 -11.657313278632957 -51.24606791427774 0.45256190342203256
1656599870.5141664 -11.283819170320779 -51.16547327455727 0.44691601653056984
1656599870.915363 -10.93430997626694 -51.02979236418058 0.4383099913668348
1656599871.3128376 -10.636670673549576 -50.86434204119387 0.42974109955865974
1656599871.7128618 -10.371305207573302 -50.64991048471801 0.4236248223195065
1656599872.1128552 -10.197595985201328 -50.38974561605924 0.4184650945462057
1656599872.5115173 -10.056494667955896 -50.12328857619837 0.41596260327087836
1656599872.9116564 -9.869395867244815 -49.80693565842695 0.4160215259846901
1656599873.3141737 -9.691039570426774 -49.466739785093516 0.41907850456963897
1656599873.7141495 -9.511010356672823 -49.14302024539271 0.4260683525292306
1656599874.112895 -9.318687440939485 -48.79844138256853 0.435065660680563
1656599874.5128849 -9.145428299841093 -48.44908176762189 0.44313281414315686
1656599874.9128652 -8.964219785293324 -48.08419950439449 0.450979290314606
1656599875.311586 -8.784157499885955 -47.75034411864969 0.46025679619678533
1656599875.7113814 -8.603121305872506 -47.46945198693181 0.4684238628877527
1656599876.111352 -8.37110170517879 -47.13951959923247 0.47476835089293695
1656599876.5125926 -8.082405875264097 -46.799335431713956 0.47876963814915824
1656599876.9112835 -7.7967592151638145 -46.44568506288159 0.4781471300728981
1656599877.312543 -7.501872481935087 -46.10493554086863 0.4760401074120849
1656599877.7112541 -7.215340568851587 -45.74652527680104 0.4698207474040214
1656599878.5111408 -6.624478593263583 -45.06838391951188 0.46083209353929333
1656599878.912395 -6.33057867270248 -44.75365931776635 0.461505127644115
1656599879.3123815 -6.020001582442115 -44.43150697355488 0.46723502696795166
1656599879.7124062 -5.69378527228455 -44.08832531915825 0.4698821385162886
1656599880.1125314 -5.377784771761093 -43.76089771115257 0.47159632787571976
1656599880.5112896 -5.088551426911498 -43.46078363738792 0.47398061108060147
1656599880.9124975 -4.785301673527315 -43.14196928613966 0.47596194311350654
1656599881.3125112 -4.458669771572769 -42.8065029011679 0.479293633831259
1656599881.712495 -4.1380068193447235 -42.48033562047315 0.4817357061473164
1656599882.1113193 -3.8144845055429766 -42.169415812170634 0.4828959112117414
1656599882.5125673 -3.5015627993427025 -41.85562083158934 0.4830130419703972
1656599882.9124825 -3.1819032597830783 -41.528723566419615 0.4809607389559215
1656599883.3124797 -2.8526508732613154 -41.21334262369648 0.4775052744600848
1656599883.7125611 -2.5472546491365464 -40.91089325012177 0.47677230938290843
1656599884.1125293 -2.238603254148115 -40.61743352303269 0.47501760971172474
1656599884.5125637 -1.9034864124178432 -40.32762937076817 0.4790810209877919
1656599884.9125216 -1.57069028138755 -40.02626043604537 0.48225097038288534
1656599885.3125541 -1.2609494476485086 -39.744329762129006 0.48698941093105363
1656599885.712553 -0.9948140269374428 -39.4292911869489 0.4873251486071322
1656599886.1125135 -0.7416221123812202 -39.09747873060299 0.48901253826428775
1656599886.512496 -0.5358174125330001 -38.75968107606611 0.4898355562714722
1656599886.9125133 -0.363254425975152 -38.40194310474268 0.48782049024350194
1656599887.3125253 -0.23745570207194766 -38.01079434032267 0.4849375443439855
1656599887.712556 -0.10346007826242393 -37.58749365728995 0.48377807870424977
1656599888.1125846 -0.00022844974492875687 -37.19581192221629 0.4807936823431652
1656599888.5123959 0.07555067320204538 -36.84660964915548 0.4834914408734881
1656599888.9124143 0.10307484298994447 -36.46327422557597 0.4860314727702026
1656599889.312424 0.12025911028313055 -36.06665238687566 0.4890883582786317
1656599889.7123957 0.12175841238011673 -35.66069430109708 0.5001038906314837
1656599890.112562 0.10695381177775437 -35.24314677966839 0.5078927966288972
1656599890.5125444 0.08402984393376142 -34.81248696771079 0.5177503748100278
1656599890.9124904 0.08492832579725235 -34.322986398004225 0.5238029815230523
1656599891.3125505 0.10990889679195533 -33.842280816572014 0.5343687059875657
1656599891.7125018 0.16564742516849473 -33.390822831012336 0.5355210382412285
1656599892.1125133 0.2620827462091699 -32.9551214090001 0.538182341329862
1656599892.512489 0.3868052477075625 -32.545063364146834 0.5499171614941702
1656599892.9126372 0.5419429499737426 -32.137487869890194 0.5572397216436543
1656599893.3126655 0.7356584025193117 -31.738977138991803 0.5631956046358588
1656599893.71256 0.9449774881462619 -31.36753611125112 0.5646575798072736
1656599894.1127076 1.15752619144351 -31.02000708919966 0.5709338604244523
1656599894.5126786 1.3836204369893539 -30.62628141847824 0.5704356267182438
1656599894.9126625 1.6131082991654238 -30.264835870818576 0.5748726574220333
1656599895.3126197 1.8166825587896527 -29.91838584176427 0.5781381628782547
1656599895.712633 1.9799326702135398 -29.58373613078472 0.5838892207145006
1656599896.1126318 2.1499025282520403 -29.202608122860067 0.5901290741772933
1656599896.512637 2.3320930838338976 -28.789540751413792 0.5981684873113701
1656599896.9126801 2.5050566717527967 -28.373194315337674 0.6038381980985369
1656599897.312647 2.670922782383779 -27.96983193709594 0.6069393536212642
1656599897.7126613 2.8404805648177294 -27.565087566428247 0.6135902699904447
1656599898.1126578 3.00622235006012 -27.161194294820636 0.6216608814290618
1656599898.512658 3.176227942737709 -26.73597564271517 0.6274816041232016
1656599898.9126909 3.336453396372733 -26.3115692111516 0.6327465450106294
1656599899.3126903 3.4880047240891154 -25.897731192762173 0.6359799002298889
1656599899.7126305 3.622873769852939 -25.486934151028123 0.6372672376963778
1656599900.1126807 3.740565539641614 -25.074764737756965 0.637341261984629
1656599900.5126228 3.8289329150543447 -24.67401721160019 0.640092812832509
1656599900.9126012 3.8948471779799343 -24.266743116620844 0.6376778768876791
1656599901.3126564 3.9366900307372865 -23.837266717132767 0.6402292281560166
1656599901.7126532 3.9652305594160553 -23.401833469616143 0.64592701842425
1656599902.1126652 3.9696549474672 -22.968406404350425 0.6462621239592233
1656599902.5126162 3.9806672721360905 -22.521291313318955 0.6455606883718856
1656599902.9126027 3.9813856391224873 -22.077731598531674 0.6476859343507002
1656599903.312611 3.976811104356914 -21.63798075612156 0.6515588895769651
1656599903.712617 3.955741831428596 -21.196353214475938 0.6523409640066418
1656599904.1113882 3.94369014997266 -20.744965324960216 0.6507152710929024
1656599904.5126188 3.920720303261434 -20.30658051783004 0.653732880946747
1656599904.9113607 3.9021905452896903 -19.904330967876273 0.6562546302767581
1656599905.311536 3.878301535390312 -19.55220445411111 0.6604401760482108
1656599905.711681 3.861914345822153 -19.298769770535596 0.6580980773383174
1656599906.111698 3.840467621080646 -19.12195964582708 0.6567932867129641
1656599906.511676 3.7994651535986366 -18.947618372745506 0.6576204765826396
1656599906.9129088 3.731650342114585 -18.66933262536569 0.6557362405204412
1656599907.3116612 3.645857626226821 -18.310345100798358 0.6526369941722912
1656599907.7116852 3.5344140568134392 -17.919043439227508 0.6477937231760804
1656599908.1116936 3.410486663970585 -17.541618581060387 0.642879169249619
1656599908.5129426 3.2594542451215025 -17.17860141199555 0.6411233667864396
1656599908.9116564 3.080646978514398 -16.820846065938944 0.638299176300827
1656599909.3128896 2.8735684351632638 -16.50424273580585 0.6345724256808187
1656599909.711657 2.6793086373824666 -16.26790216411605 0.6284470697203349
1656599910.1115313 2.5126129618745883 -16.062164433898438 0.6265000746093189
1656599910.511646 2.3493274776971926 -15.89399748958732 0.625181612261716
1656599910.91163 2.1258567979394236 -15.746310842502163 0.6238471902787555
1656599911.3116405 1.7939323842481807 -15.581548013948698 0.6195017727476578
1656599911.7129488 1.494415154907646 -15.444330087744026 0.6215513444883285
1656599912.1120346 1.2080297737960126 -15.321632946875823 0.6262340439396603
1656599912.510918 0.9378726816850547 -15.217843180838347 0.626319881296882
1656599912.9121177 0.6586454543169981 -15.131531818699544 0.6236704776916481
1656599913.3121064 0.33053035961185623 -15.062774424853096 0.620559706289032
1656599913.712141 -0.034291189601857786 -15.011973146409927 0.6142882452953996
1656599914.1121624 -0.3602915767122106 -14.986398447928769 0.6058377835119683
1656599914.5121093 -0.587116462840696 -14.97938711098849 0.5951213006188035
1656599914.9121037 -0.7789958405769246 -14.987157364468331 0.5863138248822708
1656599915.3121107 -0.9958237307544224 -15.002051410640602 0.5835915703446264
1656599915.7121136 -1.190600896706178 -15.05994944058276 0.582065707241738
1656599916.110869 -1.4054357357625988 -15.172086262886367 0.5808362109323225
1656599916.5133939 -1.7804268721729333 -15.333020127501479 0.5843328893814784
1656599916.912131 -2.2462997291448485 -15.522832097188813 0.5896290939707536
1656599917.3121047 -2.6793926780107156 -15.664867818171082 0.5886018572387834
1656599917.7133694 -3.0566924906844433 -15.770848395456904 0.5886187782594068
1656599918.113365 -3.440697496900307 -15.855322659894107 0.5867753002241993
1656599918.5122743 -3.8033353011144015 -15.916316635936834 0.5847428262081386
1656599918.9135559 -4.1411820326562685 -15.949808907018587 0.5806126922980182
1656599919.3122797 -4.471833508941511 -15.949604461051464 0.5775694579987307
1656599919.7124119 -4.81240845749905 -15.925677931769751 0.5749362680773504
1656599920.1136472 -5.175037885803656 -15.86580131319419 0.5744483986213603
1656599920.512379 -5.536746637010295 -15.756740324105094 0.5708455146520471
1656599920.912333 -5.883018934334173 -15.580118177886947 0.5668795252853416
1656599921.313617 -6.223608069277142 -15.365748213375529 0.5674535904947758
1656599921.7123954 -6.584223961400615 -15.115079259396948 0.5705760803522223
1656599922.1111436 -6.971158800902871 -14.826248493919064 0.5657796240438933
1656599922.511108 -7.324935988075572 -14.509752303730403 0.5640476268654037
1656599922.9123573 -7.632608615476945 -14.236810586016773 0.5692443560052326
1656599923.3111398 -7.945469820300071 -13.94375791869128 0.5703294697290897
1656599924.113627 -8.545566332157371 -13.304601328879631 0.578954751663858
1656599941.3112757 -16.331007919802182 -0.9507943410897784 0.39384528480898817
1656599941.7089558 -16.33104183906873 -0.9508640112842109 0.39351753945897233
1656599942.1102853 -16.330784911456643 -0.9508868886219265 0.3933136872044574
1656599942.5103655 -16.331004694224237 -0.9509359787523016 0.3936374263104767
1656599942.9110348 -16.33129750191601 -0.951820215987305 0.3934865114395936
1656599943.3122394 -16.330409102240584 -0.9507762079722409 0.39296044839851957
1656599943.7110782 -16.298229213101056 -0.293783036841933 0.3995300179533374
1656599944.1111526 -16.27653753287682 0.06445659402431031 0.4057579816454347
1656599944.5111208 -16.25881949782986 0.49928302360911603 0.41006526911770447
1656599944.9111063 -16.255288886840162 0.9352643774708926 0.41032073426119803
1656599945.3112533 -16.261209454522422 1.3665433922054842 0.4101364829102803
1656599945.7101634 -16.269415211586928 1.7856905378844006 0.4107566365565939
1656599946.1101437 -16.27201864200798 2.2253871587745135 0.409903832985678
1656599946.5088618 -16.281558001469016 2.6786871730335946 0.41119115218381097
1656599946.9101844 -16.281688130457557 3.1244264400589854 0.41438927375957524
1656599947.3101788 -16.287871490788945 3.5623400071621525 0.4179982837592163
1656599947.7101748 -16.287164734231535 4.01013491653204 0.41945842829276564
1656599948.1101966 -16.292580309414973 4.473351169716391 0.419967989775582
1656599948.5101826 -16.289838338979486 4.909079022889033 0.42148315270167397
1656599948.9088957 -16.298099778502124 5.346376268904685 0.42234928502217567
1656599949.3102608 -16.293850232641372 5.805528679530925 0.42315440352007444
1656599950.5089743 -16.30283514342634 7.173168231221102 0.4118659952016566
1656599950.9115202 -16.28958458917045 7.639793554176662 0.4040482697763874
1656599951.3102787 -16.287832663491077 8.06710169288609 0.4016037530629542
1656599951.7115002 -16.274324763413677 8.501089560217594 0.3995735370458253
1656599952.1089494 -16.26968901551405 8.950872583145769 0.4015235677461561
1656599952.5113275 -16.264401834016 9.422486800513022 0.4009232629249761
1656599952.9101615 -16.263682887658245 9.883142065566643 0.39389118734943135
1656599953.3114228 -16.26825071621343 10.319913666389661 0.3856953785745942
1656599953.710155 -16.260463522374348 10.767728218162262 0.3782582513808055
1656599954.110143 -16.25573164327237 11.209639827108491 0.3769623647214305
1656599954.5101335 -16.24435233330156 11.652670832394584 0.3722301986609794
1656599954.9113386 -16.219171761279714 12.106689166654236 0.3695198224962661
1656599955.3101254 -16.17999702642001 12.567753722805394 0.37003504177139007
1656599956.510245 -15.79454321967134 13.859952621539277 0.3812083701879465
1656599956.9102652 -15.550310789585266 14.283132514002498 0.3880431663347816
1656599957.3102999 -15.233470159192935 14.666037300908252 0.38885005892353425
1656599957.7104878 -14.87359874350823 14.997961895853601 0.37286270648576914
1656599958.1109884 -14.478364799224154 15.268496284429439 0.3653147165814292
1656599958.5097003 -14.089081149812994 15.467635508510698 0.36434241268895023
1656599958.910827 -13.670788343858852 15.598495499492177 0.35856292445891047
1656599959.309557 -13.219715352030672 15.67095817792418 0.35347289193634956
1656599959.7107456 -12.776328752794507 15.687803276136668 0.3519618718554087
1656599960.1107366 -12.327988194012796 15.67433618585804 0.34417479655318006
1656599960.5108328 -11.93399310747849 15.59571811188912 0.33865520150553163
1656599960.909601 -11.541401515593858 15.488632466246587 0.33453799536576373
1656599962.1096127 -10.476389604916028 14.951514402617 0.3529320417058261
1656599962.5097756 -10.142923230955791 14.723482974242192 0.3498275682259398
1656599962.9123905 -9.845733783082757 14.45701257294404 0.3558402800832045
1656599963.3111107 -9.556044387453744 14.187297562896555 0.34883821267290865
1656599963.7123404 -9.312338819653162 13.898036684805106 0.3564618691036781
1656599964.1110964 -9.084823311670839 13.617140398327132 0.36433549581028135
1656599964.511084 -8.85764534218004 13.299681687090962 0.3655247880968217
1656599964.909838 -8.607881263927474 12.934295258838022 0.36811369947573247
1656599965.31117 -8.386543510630734 12.552928219292795 0.37672004489886296
1656599965.7111168 -8.164889894110326 12.145410805661001 0.3773216940056422
1656599966.1123192 -7.979168547755717 11.714426006017087 0.3854445857961285
1656599966.5122745 -7.803467716034945 11.302345262291988 0.38930147528086606
1656599966.9122164 -7.63690961825754 10.87776667419835 0.38729895716634083
1656599967.3109875 -7.48802564900653 10.426719390816363 0.3924592266751402
1656599967.7097487 -7.351387747542816 9.99103016137201 0.3966248238629379
1656599968.1110885 -7.235746503415731 9.55522524417619 0.3971485819218762
1656599968.5098677 -7.132869594953596 9.105116861299583 0.3990009009441075
1656599968.9098566 -7.047639979639117 8.667091330638033 0.40251967373179587
1656599969.3097365 -6.964653529710807 8.235634093600181 0.40323986251291366
1656599969.7097049 -6.871889765810485 7.796816587748341 0.40162726947474087
1656599970.1108959 -6.780141699766638 7.386326609133299 0.40616694440484097
1656599970.5095167 -6.664821654315017 6.986299442438738 0.4044593067733124
1656599970.9106596 -6.530979828016832 6.580135120848556 0.4056005873437456
1656599971.3093927 -6.3823780211887025 6.184295984521441 0.41089574413048907
1656599971.7105918 -6.235571607365313 5.786442551533305 0.4125300081559579
1656599972.109321 -6.084547367402788 5.351872995370851 0.4158152880574233
1656599972.5105453 -5.9592326875124915 4.927413450580408 0.4227077308451681
1656599972.9105256 -5.868798937276824 4.506350203690551 0.4234456248251753
1656599973.3116558 -5.807491734033781 4.047916180423952 0.4308502635478207
1656599973.7116196 -5.778276800642781 3.595577068876988 0.43368027065582887
1656599974.1115897 -5.767372192982657 3.150129824166476 0.43655953404588077
1656599974.5103414 -5.755667415303095 2.699187289865743 0.4374108314453124
1656599974.9103723 -5.740288530433776 2.261416761527227 0.4388110418732883
1656599975.3104215 -5.726309272976338 1.812529571580943 0.43935828167168617
1656599975.7103996 -5.7027117765628885 1.3635843093725246 0.44169311465357763
1656599976.1091046 -5.670145267448781 0.9324055552010286 0.4455959411957764
1656599976.5104725 -5.614307707005096 0.48278985361837007 0.4408506668592462
1656599976.9105349 -5.565770563013308 0.043626576593889334 0.4380803158988061
1656599977.310574 -5.502740264067733 -0.3789616343605644 0.43264309657203126
1656599977.710545 -5.444967210585983 -0.8505062619874026 0.4244017106798377
1656599978.1105251 -5.392833597528194 -1.33925226517876 0.4152485179738238
1656599978.5092227 -5.394142751297857 -1.799614069707146 0.40551533875020457
1656599978.9104571 -5.436574592093546 -2.2127175411871245 0.401945986594102
1656599979.309254 -5.508030911756339 -2.614669127851814 0.3994714496458567
1656599979.7104776 -5.629161170259714 -2.959149301925182 0.40191889952949744
1656599980.1104553 -5.785619180285634 -3.2794921357209454 0.4042649041945338
1656599980.5104544 -5.983932050387958 -3.5688632997040686 0.4094171965857565
1656599980.910376 -6.226836959755519 -3.8234332922840295 0.41610557673596044
1656599981.3103788 -6.563076615907086 -4.030071563803802 0.4223511865013694
1656599981.710317 -6.981644060695306 -4.175872320459601 0.4310326717208596
1656599982.1102505 -7.439978753805124 -4.238733467893634 0.43225333248434744
1656599982.510254 -7.909344205904109 -4.227752677778676 0.430942693097392
1656599982.9114769 -8.310230727678302 -4.136666083503206 0.42913296710530935
1656599983.3102574 -8.800821971429238 -3.892057264701451 0.42107919163840424
1656599983.7127354 -9.016331252092227 -3.69263763901519 0.4191096941540457
1656599984.1102483 -9.236435009667911 -3.3970834164310255 0.413360305111727
1656599984.5102496 -9.450975998442107 -3.0602649742749755 0.4180543605688241
1656599984.910341 -9.667548825204445 -2.6749165816805265 0.4175731690964246
1656599985.3116398 -9.85548546369782 -2.275314604916467 0.4152614855794667
1656599985.7103937 -10.017650340301946 -1.8737389934079882 0.4090780712438273
1656599986.1103725 -10.16148994589766 -1.4578063824352492 0.4053177110930792
1656599986.5103877 -10.275117358453615 -1.0609853435236125 0.4068151269833864
1656599986.9116254 -10.361394813697022 -0.6791930168451784 0.4075718996442706
1656599987.3116024 -10.452583702886432 -0.32753770267319426 0.40640093812263633
1656599987.7128556 -10.52440681205463 -0.017562302014258322 0.4128881175985012
1656599988.1103745 -10.60263322410723 0.2874499572989097 0.41507134643305515
1656599988.5129075 -10.688245403493411 0.5830721839196465 0.4147062317596287
1656599988.9122221 -10.788343808657924 0.8848491339208434 0.41567534861289
1656599989.3109748 -10.904410205317447 1.1816376996990632 0.416696214172517
1656599989.7109609 -11.045619795639821 1.5013951403320294 0.41753417977273793
1656599990.1109715 -11.176062094975661 1.8119443405541993 0.41812313824417013
1656599990.510959 -11.334301435061697 2.1564126454472965 0.417695719092076
1656599990.9109695 -11.488046391790167 2.531237934382088 0.41529010923814397
1656599991.3109546 -11.646287616642724 2.904953395530606 0.41545640347965607
1656599991.7108777 -11.793315366254518 3.2662652535081405 0.41613791888673185
1656599992.1108503 -11.9303460525486 3.6095691397397744 0.4180527067993602
1656599992.5108466 -12.073191885537964 3.9660396489861323 0.42053913509309016
1656599992.9108918 -12.217461743297317 4.342624213106643 0.4209722546034875
1656599993.3121245 -12.372543415346321 4.7179612685260315 0.4198022860967178
1656599993.7108707 -12.496207016196056 5.04543475489274 0.4189830170643094
1656599994.1121368 -12.620637978597074 5.36126555238559 0.41849134579474134
1656599994.510915 -12.746775443727316 5.691314012405329 0.41660673193508396
1656599994.9123058 -12.885218481334249 6.038467680417196 0.41913995610834426
1656599995.3111486 -13.019134447267332 6.394444316096012 0.4218295843252063
1656599995.712381 -13.141977737443577 6.75507162561541 0.4235584942429795
1656599996.1111088 -13.18916636213707 6.877718954588088 0.42269313505147094
1656599996.513677 -13.18181638508607 6.852136952336435 0.4211347920493948
1656599996.9111545 -13.185815375705015 6.866514270206285 0.42115878771402787
1656599997.3123503 -13.183516545364395 6.85722391113604 0.4217096049123898
1656599997.7111065 -13.18503243653746 6.859082877752755 0.4219978089670494
1656599998.1123905 -13.184405505070579 6.858297552378662 0.4219355284363858
1656599998.5111217 -13.184607230842275 6.858464062273931 0.42208674224943615
1656599998.9125984 -13.18462850778315 6.85842144881262 0.42211448142347757
1656599999.3118768 -13.184152522485633 6.858178322572401 0.4219124192284886
1656599999.7118342 -13.184281191385887 6.857407973575335 0.42160416169723597
1656600000.1131492 -13.231471264637376 6.983059757329833 0.4228483458967248
1656600000.5144875 -13.46612758267035 7.6450555441783985 0.41675119234812985
1656600000.9120538 -13.564171918790265 7.980014367008447 0.4111228745868425
1656600001.3122618 -13.654653826216665 8.419208692586409 0.4100632274542731
1656600001.7110887 -13.737268087175085 8.866614591463042 0.4076572591881531
1656600002.111091 -13.820140220606298 9.329687793583973 0.40263812881087374
1656600002.5110826 -13.888615612488364 9.792108983619983 0.3951329794158525
1656600002.9123702 -13.914395029373416 10.220762635923066 0.390382551076103
1656600003.3110754 -13.939060557238808 10.647938209862689 0.386996129940389
1656600003.7123337 -13.950947149979525 11.105005434098656 0.38472115657247774
1656600004.110954 -13.953869065477017 11.562176733928313 0.38358734712696174
1656600004.5121071 -13.947171906031688 12.000110823842464 0.3799069948283677
1656600004.9110012 -13.92714735884837 12.440542979676637 0.37888649723412055
1656600005.312219 -13.884320299001914 12.897917563243501 0.3766870455001018
1656600005.7109811 -13.81519577334638 13.354873644855367 0.3775166394782904
1656600006.1124065 -13.705280485242424 13.820491918979377 0.376186819722752
1656600006.511112 -13.55594774469962 14.273982820616814 0.37253273677107784
1656600006.9111342 -13.387544606052648 14.704054211591792 0.36745656923576026
1656600007.3111012 -13.184203754865003 15.136232726129066 0.360724681723283
1656600007.7111 -12.907579229556749 15.548983748189935 0.3528082704504185
1656600008.1111312 -12.602784558067514 15.90450739064316 0.3458506456824489
1656600008.5111217 -12.295760477871394 16.20721859587594 0.34329176963057584
1656600008.9112132 -11.948096490011498 16.478396496196133 0.34538271687506367
1656600009.3141086 -11.536431742615466 16.715848387658255 0.34343910701562474
1656600009.7122583 -11.115954820268094 16.93424982553571 0.34878639213004103
1656600010.1136284 -10.674825863061052 17.080638852136424 0.35155606627274016
1656600010.5111146 -10.204349757754501 17.1698112566215 0.34994913612280293
1656600010.9123888 -9.707387002725888 17.202293305569484 0.34109159595240923
1656600011.311153 -9.253001447315693 17.174101423542954 0.34834386354709357
1656600011.7123792 -8.811891555500829 17.048147363642727 0.3529529687361319
1656600012.1137397 -8.357185949208555 16.871458489338227 0.35659585883360984
1656600012.5114145 -7.9545740463834385 16.62337409992104 0.36254745606720723
1656600012.9126651 -7.646160447771079 16.28597122719413 0.3675579580976103
1656600013.3140087 -7.343617805336793 15.930658628477747 0.36891155330549
1656600013.71155 -7.072151558523008 15.53110565424936 0.3734307001510373
1656600014.1115232 -6.834054099836518 15.116507211795213 0.38019133536402966
1656600014.5116343 -6.634350668093237 14.694405113525045 0.3806716792050929
1656600014.9123497 -6.470675883142475 14.253101055092678 0.37581427560290315
1656600015.3110807 -6.336025251152903 13.802892293447739 0.37346276666926853
1656600015.7123835 -6.2516600561259965 13.343326210869234 0.38006569884869995
1656600016.1111398 -6.263132805402766 12.86018936525951 0.3864555078407603
1656600016.5124307 -6.315926331199051 12.384590112148867 0.38491163487079083
1656600016.9111094 -6.438859791567979 11.918446476940817 0.38592015786167294
1656600017.311305 -6.5922252539874595 11.46913878356868 0.38719894952185774
1656600017.7101982 -6.787612229426672 11.057002566651065 0.38603011548346167
1656600018.1115208 -7.020105760361801 10.685888342315303 0.3886193598363915
1656600018.5102916 -7.251678228774695 10.325433802601989 0.39469235447030193
1656600018.9114947 -7.487527111029509 9.945982585855006 0.3977721756064303
1656600019.311516 -7.715408435193618 9.553036135315711 0.39982162945612143
1656600019.711493 -7.915702426294669 9.181164260080363 0.4025901063147249
1656600020.1102703 -8.09959016202051 8.807936097871618 0.40375082550068697
1656600020.5115309 -8.290658317478771 8.412393762054188 0.4054792182865165
1656600020.9115117 -8.509714249477758 7.969917635101514 0.41046587213706975
1656600021.3115156 -8.736078904299013 7.561374183173787 0.4120426343478021
1656600021.7115266 -9.002180118334339 7.187837567863924 0.41068742739308534
1656600022.1115165 -9.287753797419064 6.833821613828678 0.4079036961636132
1656600022.5115159 -9.590665211877006 6.527669272127025 0.4111073218348166
1656600022.9115005 -9.925280044963706 6.200665512835393 0.409304395159599
1656600023.3102357 -10.284472498671887 5.903030410671481 0.4244447411300942
1656600023.7114768 -10.678308118291406 5.635140314443162 0.42418656554285195
1656600024.1114702 -11.051162240890532 5.40295235993297 0.4226991814292336
1656600024.5102947 -11.413569010980089 5.192571042586983 0.4211770173950346
1656600024.9114618 -11.77841935274115 4.956708502733526 0.4251587039386016
1656600025.3114924 -12.128692086285557 4.700460315867574 0.4269178660424589
1656600025.7102618 -12.452856295331928 4.426548943466819 0.42725406586605524
1656600026.1114707 -12.753312007411472 4.130007249689894 0.4234595543065434
1656600026.510276 -12.986365209303791 3.879139817006589 0.42564430604503284
1656600026.9114835 -12.978967446472662 3.8947054056346158 0.4234529273229127
1656600027.310256 -12.984432425026725 3.888609022574354 0.4230532481585341
1656600027.711484 -12.979935958335323 3.8934723527221284 0.4230360615375604
1656600028.1114957 -12.980776396506005 3.8920792073761565 0.4232078430584055
1656600028.5127115 -12.980847303200013 3.892023352679585 0.4231486242612164
1656600028.911503 -12.980533964575212 3.8921231881430254 0.4231911888948143
1656600029.312714 -12.980790676159312 3.892165715127079 0.42325563648900544
1656600029.7115247 -12.98135318320942 3.892337044393479 0.42332828075323564
1656600030.1127622 -12.981312107399521 3.892551416511204 0.4232574947860853
1656600030.5114818 -12.982615193104609 3.892298925881899 0.4227747115696145
1656600030.9140253 -13.004292506294911 3.8835294593703544 0.4223015221297646
1656600031.3116438 -13.341552313420069 3.523981199557183 0.41789415984006767
1656600031.7117639 -13.575788884383865 3.3019796691708607 0.4237586225769997
1656600032.1117325 -13.81862625964338 3.0689623474400287 0.43071799165811264
1656600032.5117328 -14.086249917708884 2.8064175310881536 0.42430096537999906
1656600032.9106216 -14.42339879735405 2.492746083049512 0.4270379542595814
1656600033.3118489 -14.74991418085843 2.1823546958987317 0.4272892607774442
1656600033.710634 -15.059857438202911 1.8781789070785584 0.42200592934282816
1656600034.1118767 -15.329180692089286 1.5872959349506965 0.4180245021009142
1656600034.511749 -15.549462884240322 1.3335969603999542 0.4182850771379672
1656600034.9117205 -15.68379281977283 1.119815251138303 0.41560238260350835
1656600035.311759 -15.813163512496743 0.8671910794282949 0.4119559030129261
1656600035.7128978 -15.921973895341951 0.5816914613595922 0.41041531374078766
1656600036.1116168 -16.000527280415042 0.24178474037144337 0.4102288615309988
1656600036.5129104 -16.047292094170746 -0.10209185517202544 0.4079584894146093
1656600036.9116352 -16.026683848038594 -0.44210025183748697 0.4004989318276925
1656600037.3128452 -15.968830873163942 -0.7548013124899398 0.39995475517304657
1656600037.7115104 -15.855380564961699 -1.0444498719452173 0.4001462996395599
1656600038.112736 -15.672280866286998 -1.3338339397253476 0.4006999601115821
1656600038.5114608 -15.455691286686443 -1.5788944110347818 0.4059246976536631
1656600038.9113717 -15.203547180044687 -1.7990045805048078 0.4080532034135044
1656600039.311348 -14.916872824302759 -1.9710838619502546 0.40993884456824903
1656600039.7115302 -14.604583207274738 -2.108949096249898 0.40774969550184964
1656600040.1115327 -14.244117325750922 -2.217648060254143 0.4037968287235765
1656600040.5115256 -13.859206290376973 -2.298365897016289 0.4033174222539306
1656600040.9114816 -13.488308819473833 -2.3674978036700094 0.4000265326576381
1656600041.312705 -13.14635117558809 -2.4228142585220676 0.39430285044503877
1656600041.7113457 -12.815379036412178 -2.456870600038536 0.39266818718211105
1656600042.1126084 -12.506185393683833 -2.4822068356642957 0.3966483622768371
1656600042.5113695 -12.186652267123732 -2.50597917075824 0.3998840101689716
1656600042.9125924 -11.848303043934811 -2.5296893389064574 0.4050141010847927
1656600043.3115065 -11.463069491776949 -2.563655565417825 0.4118062859004981
1656600043.7127833 -11.070602054783762 -2.6016353817904436 0.41471704496269696
1656600044.1114697 -10.741131364609936 -2.6194675063759068 0.41278288038823835
1656600044.5114975 -10.435663135899738 -2.651224132190851 0.4131502065034351
1656600044.911499 -10.078378291503304 -2.672275435417398 0.4123299289035806
1656600045.3127377 -9.637587205962285 -2.6958052942493884 0.4146074642240791
1656600045.711481 -9.195361313620754 -2.71061600456761 0.4181000474356546
1656600046.112725 -8.754850527627843 -2.7196458111395985 0.4186441169814638
1656600046.5114594 -8.324427895866139 -2.719878122010207 0.42100152142695113
1656600046.9128816 -7.904149444016258 -2.70154809713169 0.41521030438792766
1656600047.3116364 -7.50253202373779 -2.6727409143578846 0.4125572272475605
1656600047.7128494 -7.130191963261111 -2.616594368579611 0.40785665986677033
1656600048.1116178 -6.834687454250782 -2.5784467877622874 0.4039245642491668
1656600048.5128539 -6.5734558662377705 -2.5622216826198883 0.39946793603440883
1656600048.911587 -6.465574646573071 -2.5674705925533705 0.39874598259487404
1656600049.3128726 -6.443772161140096 -2.5585360825759063 0.3956413699150141
1656600049.711636 -6.4134920340997 -2.545132095487779 0.3929321962785329
1656600050.112994 -6.376813076521004 -2.538560534385489 0.3938476403845721
1656600050.511737 -6.264980792251601 -2.5464046902348505 0.3990528924712143
1656600050.9130251 -5.945270490061869 -2.5888405515122153 0.39720564008540227
1656600051.3112457 -5.668666221672419 -2.6255174500426053 0.39712331643423443
1656600051.7125125 -5.362813099956535 -2.8183533888605417 0.40274742991518014
1656600052.1112616 -5.038866598415868 -3.083259623027138 0.4063245306458468
1656600052.512517 -4.795780877936586 -3.356603442387045 0.40544359050165957
1656600052.9112666 -4.673575746736543 -3.530549868493816 0.3944219801127349
1656600056.1144106 -4.2785156613549935 -6.893761413358067 0.5028034481163334
1656600056.5143538 -4.174187549926171 -7.271706820974153 0.49509267181196887
1656600056.9130907 -4.055995978441163 -7.6961648324886465 0.48643982623985266
1656600057.3131118 -3.9625235418684435 -8.11399244233262 0.4811891623899458
1656600057.7130961 -3.8492301598649985 -8.558581048839423 0.4796181315634072
1656600058.1131005 -3.7274821881390663 -8.94113549494934 0.48151136723627525
1656600058.5143287 -3.604011182182573 -9.332168581422835 0.48257311489950416
1656600060.1137884 -3.211610469790236 -10.297094188914874 0.49698466435400673
1656600060.5149648 -3.205876297204163 -10.305724284220332 0.4974750606403504
1656600060.913839 -3.2068197792428963 -10.302681375555059 0.4968764791900339
1656600061.312571 -3.20722259642194 -10.303859737795857 0.4965835093372215
1656600061.7124841 -3.2077963682176143 -10.304187002585909 0.4963123193168015
1656600062.1137123 -3.2076714646260145 -10.303630096060342 0.4960574166493531
1656600062.5125024 -3.2076892161797614 -10.303730458607067 0.4960357972360474
1656600062.9125159 -3.2077227188559543 -10.303765079375792 0.4959713243253351
1656600063.3125012 -3.2077136816897487 -10.30375372910893 0.4958303344128772
1656600063.713724 -3.207692358238526 -10.303630487984538 0.49569731295644154
1656600064.1125438 -3.2076978206420645 -10.303644612478935 0.4960211206628832
1656600064.513732 -3.2078464437205794 -10.304040461712718 0.49620161776249483
1656600064.9125311 -3.207886053813343 -10.30415457790349 0.4959713605107783
1656600065.3137522 -3.2078594300809256 -10.304106698324421 0.4958317398489537
1656600065.7137475 -3.2079041950186626 -10.304174639912508 0.49587314479901723
1656600066.1137748 -3.2078658164581446 -10.304058206824847 0.49592632817595506
1656600066.5125132 -3.2079308400281175 -10.304223157482843 0.49599940187480324
1656600066.915029 -3.2079063630899274 -10.304103473989914 0.4960302533847373
1656600067.3125854 -3.2079578864334692 -10.304303760168352 0.4958927796286
1656600067.7125862 -3.207856690392233 -10.303997527030555 0.4957217950457586
1656600068.1126263 -3.2079945109271417 -10.304445925230524 0.4957522031064352
1656600068.512582 -3.207934284180349 -10.304245056134784 0.4957406861243075
1656600068.912581 -3.207817595158894 -10.30385255931704 0.4957191271954171
1656600069.313833 -3.207966927290092 -10.304193648266017 0.495726327985602
1656600070.5148492 -3.207876653001998 -10.304031994267659 0.4957478257786911
1656600070.913601 -3.2077055347406733 -10.303472650366626 0.4956241043878708
1656600071.3123891 -3.209899525308811 -10.31432915866577 0.4954858337352547
1656600071.714891 -3.094632813670296 -10.551766707801624 0.49872715178254684
1656600072.1136937 -2.936450508512393 -10.963082080084193 0.5056181163668949
1656600072.5148704 -2.790095796565766 -11.366542105704172 0.5162719909832388
1656600072.9124181 -2.6209452296251277 -11.754463437714577 0.5179195749130171
1656600073.3137474 -2.4645485250442025 -12.165868247477793 0.5229908448300902
1656600073.7125041 -2.301160927263652 -12.574479802451801 0.5311418283922165
1656600074.113745 -2.1352936547034016 -12.978329505056104 0.5351324575795028
1656600074.513827 -1.9776834878497482 -13.378290614081854 0.5425161300009136
1656600074.9136958 -1.8151024090140297 -13.786928226598842 0.5499260584677068
1656600075.3135867 -1.6632227362350889 -14.216872381501656 0.5619339479712873
1656600075.7136252 -1.5378512277281169 -14.646971504414797 0.5733098019523518
1656600076.1136267 -1.4207995284272825 -15.076605830843702 0.5828745131972786
1656600076.5148647 -1.317398734389936 -15.500488194589577 0.5927287656831536
1656600076.9136117 -1.2089886494036501 -15.924548852588513 0.599110203060941
1656600077.3148687 -1.1153549723272411 -16.304389359305837 0.6082499015177361
1656600077.7135868 -1.0335129632665814 -16.614364427461663 0.61296382204545
1656600078.113593 -0.954802849578323 -16.82466492528642 0.6143573864726267
1656600078.5136142 -0.9080452598569624 -16.954765551812383 0.6134119322152136
1656600078.9135854 -0.8157869490097732 -17.171108460209666 0.6196662782063539
1656600079.313717 -0.5307773990395386 -17.573951636845855 0.6241953920559684
1656600079.7150102 -0.35415685196300234 -17.77560550134706 0.6260474506466004
1656600080.1137288 -0.11849800255174302 -17.995486901673598 0.6300336480569357
1656600080.5138357 0.17039165803361844 -18.19198447670429 0.6333215405041099
1656600080.9138567 0.5093374871471126 -18.385391154812755 0.6378716139611829
1656600081.3138795 0.877147349990291 -18.579242076594607 0.6405622395572661
1656600081.7138712 1.279244648319198 -18.780032579999553 0.6398570852273426
1656600082.113842 1.6517139611852945 -18.990394002288415 0.6368524222378165
1656600082.5138826 1.9714715451372988 -19.186184571018583 0.6382268205529277
1656600082.9138463 2.205774990990702 -19.359560750940833 0.6397337907049941
1656600083.3138351 2.4046889924197776 -19.507642072320895 0.640398020813643
1656600083.713864 2.6374387812172593 -19.718618510666115 0.641654181645688
1656600084.11387 2.917530065567474 -20.01109333283821 0.6407768492000898
1656600084.5150971 3.174716299836775 -20.333877266977286 0.6425381949729371
1656600084.9138527 3.366326202783431 -20.660272480368796 0.6451960752096391
1656600085.313873 3.5263517398554485 -20.996504910107294 0.6433225264773319
1656600085.7138522 3.6333309937610108 -21.320312703364475 0.6418206998065462
1656600086.1138284 3.741169423824543 -21.712165249846663 0.6485838488031888
1656600086.5137484 3.8307981989022712 -22.15110249137893 0.6497626813180649
1656600086.9149728 3.874004159934485 -22.592362310505862 0.647290243380326
1656600087.313872 3.865135256164023 -23.006434450818954 0.6505281584136987
1656600087.7142637 3.8466455572642535 -23.41013492178104 0.6491046860051431
1656600088.1142488 3.811865554300579 -23.82372239503583 0.6446362851184633
1656600088.5142498 3.754907581276173 -24.24270824546663 0.6432068811117116
1656600088.9142606 3.6917837272895473 -24.667571276273193 0.6408370269682013
1656600089.314258 3.6062756091232115 -25.085230261967002 0.6382778597561815
1656600089.714252 3.501077627880489 -25.52749440313467 0.6365248091861777
1656600090.1144059 3.3691445979853762 -25.980353666904644 0.6333005436205634
1656600090.513118 3.226499581272855 -26.4154180638941 0.6328827655809851
1656600090.9144678 3.0853744858991434 -26.81765620956954 0.6280086595151512
1656600091.313231 2.9428079808166823 -27.246218167167466 0.6204618534108058
1656600092.1144912 2.658976939293795 -28.124732729508693 0.6115399877070653
1656600092.5147057 2.5247381735783434 -28.537965038441975 0.600676451287704
1656600092.9135857 2.3919997001581446 -28.971963815550122 0.5923466727165715
1656600093.3148303 2.2567849748458277 -29.414075286857106 0.5830824014811857
1656600093.7136219 2.0963810774589215 -29.830366301318847 0.5821937119332383
1656600094.1148093 1.9104755037726535 -30.21469405102686 0.5803771062255867
1656600094.5135765 1.714506688280061 -30.63346483397016 0.5788367641934767
1656600094.9136465 1.4819364538087265 -31.043877496907832 0.5733174677802748
1656600095.3136384 1.2480926787627202 -31.41703634261604 0.5723366904400993
1656600095.7136538 0.9974895941663966 -31.806787335661582 0.5642608182124326
1656600096.113629 0.7200485188575578 -32.192179480621995 0.557502185501671
1656600096.5135996 0.4711143708078184 -32.560854555745394 0.5482425131562685
1656600096.9135866 0.23653469605842137 -32.90626830302441 0.5380939279174478
1656600097.3135908 0.003509587127461198 -33.26790574597714 0.5331464042044702
1656600097.7137485 -0.22115636032980143 -33.64732078129175 0.5304088486373153
1656600098.113706 -0.4534648499972592 -34.02321636077057 0.5249960429085435
1656600098.5136144 -0.6812988039205241 -34.391983851056196 0.523073062174977
1656600098.914817 -0.904706231840532 -34.77029803277412 0.5183507228487395
1656600099.313597 -1.1389521375826528 -35.15620080433613 0.5145397672346671
1656600099.7136507 -1.381925313602245 -35.54378663422179 0.51082457922719
1656600100.1136076 -1.6153039853075395 -35.91462004948099 0.5053675498328036
1656600100.5136096 -1.845025653092699 -36.306152784480446 0.4976082155157282
1656600100.9148903 -2.0733077156474042 -36.70660077724237 0.4874517368383904
1656600101.316133 -2.2537048452981723 -37.0751887413569 0.47485355822306985
1656600101.714873 -2.400707921111852 -37.43233804153987 0.46451190172139795
1656600102.1148663 -2.527967565416537 -37.80448785695402 0.4625982127426264
1656600102.514859 -2.6281356088867027 -38.18338743718208 0.46565264018248875
1656600102.9149628 -2.7098512102422814 -38.58303524302331 0.4702944164159727
1656600103.3138952 -2.76230758647805 -38.95943371571374 0.4744632941537319
1656600103.714001 -2.7996760300911245 -39.37960810548043 0.4773662404936622
1656600104.1152167 -2.798621905647113 -39.80836907242569 0.48001894415953544
1656600104.5139973 -2.758372440986411 -40.19157541892874 0.48346915210914165
1656600104.9140308 -2.664837701498804 -40.55596676208493 0.48022968923663983
1656600105.3141625 -2.553902808858197 -40.89731050342951 0.477783281931237
1656600105.7142153 -2.3937152975000155 -41.219972937698316 0.48186004853215536
1656600106.114383 -2.1509685629675612 -41.550460155726306 0.4811088705320988
1656600106.5131242 -1.9299431068889654 -41.8663308373367 0.48872527880430094
1656600106.9131408 -1.644738292500313 -42.146501031045965 0.49362854888513535
1656600107.3131287 -1.2937861231583494 -42.435176245361816 0.4992312033342137
1656600107.7131207 -0.936447256674331 -42.73615056632626 0.5056363908585655
1656600108.113025 -0.5717931541142421 -43.050060110318114 0.5109975332187545
1656600108.5131223 -0.26877523913595885 -43.338459290735194 0.511379816534934
1656600108.9131346 -0.006527470298456895 -43.622891292550904 0.5097220276562561
1656600109.3131201 0.2444856988582012 -43.927686834714564 0.5067272841744065
1656600109.7118337 0.4278893987888367 -44.22610865197468 0.5057233127328875
1656600110.1130714 0.5965431678142856 -44.547366138191606 0.5109217954286541
1656600110.5131917 0.7806651600811888 -44.966990319336006 0.51890108504562
1656600110.9131424 0.9713181927554196 -45.37561849199928 0.5284404675305756
1656600111.3131492 1.1052737888780073 -45.78004964776231 0.5362391408372166
1656600111.7131982 1.2591963727595419 -46.23284900806021 0.5420329871777814
1656600112.1131573 1.364496995088384 -46.691130182546665 0.5481176146136931
1656600112.513115 1.4017658500581327 -47.13515220929675 0.5535001532774899
1656600112.9130788 1.3851406381165363 -47.50160772873001 0.55158353598495
1656600113.3131099 1.3191950648492508 -47.79105999973965 0.5484833247722308
1656600113.7118335 1.2381973747167898 -48.025259385994694 0.5432411963580653
1656600114.1143043 1.0608068247765825 -48.27137440700737 0.5356178188869585
1656600114.9128304 0.4174136559788994 -48.93166864403025 0.4967393954811081
1656600115.312917 0.07273901600718695 -49.22669754165783 0.4778350040128594
1656600115.714204 -0.2774891193971352 -49.50543386257518 0.4580464721532623
1656600116.1130295 -0.6399045369305765 -49.73200988426288 0.4596498467719689
1656600116.5143914 -0.9745435783647841 -49.99686924804581 0.4510627376020617
1656600116.9131331 -1.2965914142814887 -50.2547991719399 0.4493207500500227
1656600117.3131433 -1.5848533592920795 -50.50478864187612 0.4531078276290156
1656600117.7130852 -1.8757155653203927 -50.7646390125102 0.45529139671686303
1656600118.1143277 -2.1676943066058105 -51.05935600032224 0.46122159317024886
1656600118.9141374 -2.68669374860497 -51.726408403793215 0.4746825951097171
1656600119.31284 -2.908404533108531 -52.11821130333607 0.47399698814966446
1656600119.7141247 -3.089461974086384 -52.46325549578787 0.4673027920876291
1656600120.112808 -3.2267846436725023 -52.80489956439599 0.46028475787900536
1656600120.5139968 -3.3382685003228727 -53.16215834618386 0.4538863515266251
1656600120.9140565 -3.441027162804213 -53.586647319916665 0.4488093238089556
1656600121.3141632 -3.5157410161403746 -54.04618825700693 0.4479691506726482
1656600121.7141662 -3.5989668612728916 -54.47382948884267 0.444903169096355
1656600122.1141727 -3.7304461254194856 -54.910542893843 0.4384702425268197
1656600122.5130095 -3.863502296057217 -55.31316700558327 0.43413468601594385
1656600122.9143016 -3.992405002117958 -55.6221204170601 0.4280208693510479
1656600123.313024 -4.155279832798737 -55.90903538852502 0.4227100558507626
1656600123.7131357 -4.349288282763992 -56.17497483177756 0.41633896828451716
1656600124.1132271 -4.603757473391957 -56.45544433519563 0.4131905519944905
1656600124.5133703 -4.900124528039227 -56.73244412894613 0.41084254178593765
1656600124.9133303 -5.248404729997435 -56.959990987017626 0.4089751902506636
1656600125.3132424 -5.644262467531842 -57.110215725920874 0.40921183339214046
1656600125.7132077 -6.065083820934239 -57.201292331069936 0.4077812309877808
1656600126.113096 -6.484866977771664 -57.216193664295886 0.4105599906054232
1656600126.5129595 -6.899093956150795 -57.14678101283907 0.41096123597016276
1656600126.9129658 -7.305688386587003 -56.999905153586006 0.41066959516116625
1656600127.3128636 -7.661892737014207 -56.78536328279207 0.40625719184232234
1656600127.7128317 -7.96830899235154 -56.522881876899945 0.3993014369496704
1656600128.514011 -8.641710855416038 -55.82322057979191 0.38040954356457324
1656600128.9140165 -8.91750000585436 -55.471124628945894 0.36769177453334495
1656600129.3140936 -9.168500852110089 -55.090729730025096 0.3609452356572631
1656600129.7141736 -9.390441144238945 -54.69864085995688 0.3583850476261078
1656600130.1141279 -9.581885257883192 -54.29343073964468 0.3579738717420598
1656600130.5129898 -9.747532381069325 -53.8805081598138 0.360651400280512
1656600130.914287 -9.892436068638983 -53.479835851941985 0.36777307453671715
1656600131.313284 -10.002290058541062 -53.04909124338942 0.37748211126577935
1656600131.7146425 -10.1153789859393 -52.564498453050135 0.38316263929692373
1656600132.5133388 -10.27645088580044 -51.7009638621993 0.3882848066405334
1656600132.9133387 -10.334709642857023 -51.31058053108096 0.3930197731895282
1656600133.313388 -10.362235010628114 -50.86044002251979 0.4011228559855416
1656600133.7146032 -10.383394995262211 -50.39949351847285 0.4194523803406804
1656600134.1133244 -10.384441916207898 -49.960852100171046 0.435484542468098
1656600134.5133815 -10.400945071810948 -49.53388575907508 0.443915685296184
1656600134.9135501 -10.418619761006257 -49.087946708748696 0.4511743864274708
1656600135.3136444 -10.444406564811263 -48.64744926702414 0.4600023901276043
1656600135.7148707 -10.475851485360389 -48.214029669931236 0.46789423058881335
1656600136.1135795 -10.503453509885166 -47.77609171719605 0.4757537613741414
1656600136.5135953 -10.576522816997755 -47.34628043053672 0.47895396323073697
1656600136.9135861 -10.67227914994309 -46.91189254566863 0.4764533917705481
1656600137.3135834 -10.749607586777497 -46.470171854526164 0.476082067411071
1656600137.7135923 -10.833008059438951 -46.02025513663934 0.4762463344907018
1656600138.1135848 -10.90911160032236 -45.566458569376 0.4728242837683592
1656600138.5138352 -10.984070236174212 -45.119381469548344 0.4707265699438109
1656600138.9138522 -11.035597564508024 -44.66101816600498 0.4709818074402098
1656600139.313865 -11.084761420499754 -44.203259552374625 0.4694574055350524
1656600139.7138362 -11.087678724614188 -43.81693293426583 0.4685695482149828
1656600140.11382 -11.06174827091998 -43.42862525513403 0.46549543730729676
1656600140.5138652 -11.029375548244253 -42.992000198397996 0.46230671751405583
1656600140.9140785 -10.994135691118643 -42.56066214380823 0.4595413325448781
1656600141.3143315 -10.956033577971061 -42.12063940395733 0.4578406546786786
1656600141.7131162 -10.897642646068132 -41.677975453819755 0.4566879013629308
1656600142.1131182 -10.82574699069733 -41.25972785449302 0.4605747992533217
1656600142.5131497 -10.741840661653907 -40.83118904972615 0.46585999333189293
1656600142.9131124 -10.650351538486182 -40.39901680102492 0.4734183353257083
1656600143.313126 -10.550735227702477 -39.94077055048437 0.48081060417511123
1656600143.7143943 -10.437209741019759 -39.50645813946051 0.48858258067411964
1656600144.1131034 -10.338000973945537 -39.117260000929186 0.49427601937886073
1656600144.5143692 -10.253276682386227 -38.786799567182065 0.49778210217913693
1656600144.9131253 -10.188276564466197 -38.44400343450144 0.5017066354336763
1656600145.3143156 -10.152794325088545 -38.12625743090836 0.5086691392782576
1656600145.714264 -10.146471720079223 -37.834057222288216 0.5195176211437166
1656600146.1142874 -10.156691765141282 -37.50639982756572 0.523502902013914
1656600146.5142605 -10.205357612024072 -37.14758981001163 0.5262661666736094
1656600146.9142659 -10.260547880933112 -36.81773464118901 0.5242968678759675
1656600147.3154714 -10.318526112129614 -36.59002284137726 0.5220597785372939
1656600147.7155323 -10.377902555804054 -36.419771582100616 0.5220189007042197
1656600148.1154675 -10.479160176090193 -36.2502204867018 0.5215949651791153
1656600148.5154665 -10.687399811869547 -36.02091061577518 0.5215389450987276
1656600148.9143033 -11.02735382659486 -35.730668630028795 0.5212935887331234
1656600149.3142958 -11.38772325816852 -35.44566913788269 0.5214137430205884
1656600149.7142847 -11.763971910236698 -35.19181989337866 0.5175297236054323
1656600150.115444 -12.124857512090141 -34.953763229672354 0.5098212022824529
1656600150.515345 -12.43623409535035 -34.76156443162321 0.5042232797011929
1656600150.9153786 -12.703962616113982 -34.574747133772014 0.4983538018434364
1656600151.3154151 -12.94185909375007 -34.39328465934666 0.49911187327381235
1656600151.715421 -13.202492363982687 -34.18237499400128 0.4972967060513644
1656600152.1154027 -13.428342810039549 -33.96283443419945 0.49373767737970387
1656600152.514172 -13.67266228216814 -33.71447606759191 0.4878527977724164
1656600152.9141908 -13.895444215214956 -33.409266399527134 0.483269268551575
1656600153.3141453 -14.12234868720107 -33.034039312825904 0.48218764309505385
1656600153.7141542 -14.285425069865237 -32.65484062726163 0.47983837756676273
1656600154.1140099 -14.398738160142033 -32.25861601953138 0.47896172551562205
1656600154.5140185 -14.46875487632324 -31.88262455622117 0.4804561959878834
1656600154.9142175 -14.481632192498367 -31.51789369263287 0.48169931254054377
1656600155.3143027 -14.418778852120212 -31.14265886861685 0.48006694325324034
1656600155.714267 -14.276107753440858 -30.76186699067532 0.4815369137015996
1656600156.114246 -13.991744743426946 -30.401693043357515 0.4820464097807047
1656600156.5142796 -13.684967179767229 -30.031994089860092 0.49308645733777723
1656600156.9142964 -13.340772892825232 -29.724834677811806 0.5037486343816946
1656600157.314268 -12.945801369951987 -29.479546744897267 0.5077369791632134
1656600157.7142618 -12.547742166931545 -29.3409287424446 0.5190730325670081
1656600158.1142652 -12.12603467635172 -29.22571476268321 0.521037002851707
1656600158.5142732 -11.665051103502744 -29.14174326819236 0.5241482779328054
1656600158.9130466 -11.213074884026488 -29.09261392488731 0.5319003824676892
1656600159.3131096 -10.809744791508932 -29.04940850070175 0.5348468225100016
1656600159.7144349 -10.392799900043252 -28.995204624701408 0.536416413386851
1656600160.114324 -10.049654008509266 -28.95066461166159 0.5431129789853539
1656600160.5142589 -9.843930054813676 -28.89789388488302 0.5500690164608588
1656600160.9142709 -9.589729271040852 -28.833253749498024 0.5526277541833767
1656600161.315442 -9.222895619336644 -28.726712620112032 0.5549373972056448
1656600161.7141674 -8.83831054356042 -28.557375287199722 0.5562071650496848
1656600162.1153312 -8.466385097357126 -28.35892607945275 0.5503818998007238
1656600162.5140197 -8.119416589358345 -28.1389350886925 0.5471556366024322
1656600162.9153073 -7.833367995086293 -27.919518800989437 0.545985529268762
1656600163.3142579 -7.571700141569868 -27.670236903633786 0.5428745594537866
1656600163.7154691 -7.3376375727752885 -27.403372908645782 0.5442160462188053
1656600164.1142483 -7.144800622495013 -27.069336220272184 0.5498186164325629
1656600164.5155265 -6.963111606120694 -26.660237813995796 0.5548480910939563
1656600164.9129665 -6.774460212212317 -26.276939264838884 0.562100190499052
1656600165.3154433 -6.659659951025321 -25.973525636681725 0.5646020523963545
1656600165.7141283 -6.612404873724114 -25.747427636005693 0.5606517667995837
1656600166.1128407 -6.61657618905349 -25.4171151667913 0.5629575211440373
1656600166.5153482 -6.735435376076677 -24.908893558042486 0.5501656831672583
1656600166.915414 -6.798178904561841 -24.548952166336946 0.5529260432779349
1656600167.315371 -6.890401509637102 -24.19386618130893 0.5600879464490219
1656600167.7154138 -7.040656262636333 -23.832205002957846 0.563771149171734
1656600168.1154194 -7.235761551870209 -23.42384888881621 0.5593563766011959
1656600168.5166457 -7.452584782843611 -23.018606280354117 0.5560744027314342
1656600168.91534 -7.659334441279451 -22.612378679069273 0.5529738133611803
1656600169.3141184 -7.820121524242499 -22.21818967427365 0.5492286596698183
1656600169.71534 -7.947747867023428 -21.87818601965058 0.5454049328884063
1656600170.1141293 -8.03365631071275 -21.587853983054913 0.5403802557834289
1656600170.5153456 -8.08779829196117 -21.30464979249407 0.5352608465420087
1656600170.9141138 -8.138725262912036 -21.028324078109545 0.5329234064388141
1656600171.3128233 -8.151674351901203 -20.85902929227299 0.53399250858165
1656600171.7140467 -8.163669496911917 -20.70549062325579 0.531047277108267
1656600172.112877 -8.190297283102673 -20.503927739521796 0.5237569320806468
1656600172.51539 -8.163885353534685 -20.258804248983083 0.5234860383976944
1656600172.9153876 -8.070618389769812 -19.992786566749363 0.5276431722884187
1656600173.315391 -7.8647624509685325 -19.64448837598709 0.5233967311437095
1656600173.7153776 -7.511460080874437 -19.305626893821724 0.5376417805912852
1656600174.1153998 -7.115462717656872 -19.004892200862834 0.5505388535786877
1656600174.5155401 -6.627462122488481 -18.810584639456703 0.5636728819404245
1656600174.91553 -6.148724574798753 -18.733542370618967 0.575346020757036
1656600175.3154795 -5.700552386563627 -18.769913560376132 0.5774232898403744
1656600175.7154577 -5.233888597767917 -18.869312237162518 0.5803470186011919
1656600176.1154628 -4.770334790970668 -18.980668741334664 0.5880521959678778
1656600176.5155065 -4.356085731181631 -19.12393654385991 0.5947586767359067
1656600176.9154649 -3.9317108875103814 -19.2954695159961 0.5954973985085026
1656600177.315487 -3.518300782083412 -19.499728047671915 0.6022618181721626
1656600177.7156494 -3.1168150471383207 -19.683444251246776 0.6092691835945926
1656600178.1155956 -2.7118796194892827 -19.855109441971024 0.6113900543434038
1656600178.5156271 -2.3048190995522573 -20.00058327476926 0.6136837363514117
1656600178.9156446 -1.895776282065331 -20.14140260401727 0.6178545250787405
1656600179.3143837 -1.4935075187032565 -20.246380558914012 0.6213238989029018
1656600179.7143834 -1.070312164934392 -20.328810886212484 0.6245881685507626
1656600180.114381 -0.6274522507978797 -20.413689064724753 0.624223323474221
1656600180.5156393 -0.19184690947794936 -20.479646696043464 0.6265523094930561
1656600180.914329 0.22939480944758014 -20.535553725532807 0.6310111067787708
1656600181.3154457 0.6886878222439577 -20.5882207898623 0.6299838753700963
1656600181.7153308 1.1737238766710356 -20.662726020749204 0.6275430798745273
1656600182.11535 1.5994590573457566 -20.71041542755325 0.626672016865329
1656600182.5154212 2.016679781328283 -20.77093223457737 0.6208746265884141
1656600182.9153767 2.454615724010035 -20.816135920785793 0.6220608451510854
1656600183.3153973 2.8879109280280435 -20.862966400412162 0.6274246377898675
1656600183.71539 3.312413961192609 -20.90628350436556 0.6335539783682557
1656600184.1155574 3.750239975903734 -20.96525173997485 0.6437702834329673
1656600184.5155525 4.239208691921362 -21.049060146092664 0.6595906741290789
1656600184.9143744 4.714673005028605 -21.183411166917125 0.6650448159356899
1656600185.3156354 5.151934108116692 -21.365819597540263 0.6667389426818299
1656600185.7143924 5.563960434075121 -21.604941351545527 0.6680075007394181
1656600186.1156273 5.9572064925606245 -21.9091360562636 0.6693652168494029
1656600186.5143957 6.301583170706753 -22.25594722220065 0.6740311632059227
1656600186.9156353 6.577644848294951 -22.66591775089296 0.6758707639701839
1656600187.3143256 6.783082297571831 -23.13977838494486 0.6803790724399145
1656600187.7153435 6.9128867804993845 -23.630885301156386 0.6827119051140608
1656600188.115239 6.924062600946502 -24.131488237422715 0.6806116762047489
1656600188.5152414 6.796493489405554 -24.638793791523312 0.6719291011497969
1656600188.9152174 6.580709615676684 -25.050685812408556 0.667193014065723
1656600189.3152084 6.34710047166174 -25.440236569993033 0.6616137548760009
1656600189.7151341 6.123057642812062 -25.813319358299324 0.6592273483307228
1656600190.1151297 5.8987654901194535 -26.179609576691817 0.6556265116826834
1656600190.5139575 5.705562576022857 -26.56071941585421 0.6503080366416014
1656600190.9140358 5.517597862603405 -26.932459402871338 0.6495802912044178
1656600191.3141108 5.367362389746209 -27.32705493994429 0.6535998339858341
1656600191.7141056 5.231325871799033 -27.712567895079793 0.6485632133812415
1656600192.1141791 5.132759919533913 -28.107098738128002 0.6401618134034038
1656600192.5153751 5.082912981407089 -28.501557752802253 0.6351118444533143
1656600192.9139907 5.058458377950134 -28.910014055762375 0.6355686242207051
1656600193.3153744 5.06368596648612 -29.301279092192182 0.6315154180308092
1656600193.7165878 5.122810369453629 -29.692686744098133 0.6247106311133035
1656600194.115338 5.269360032773312 -30.083493026773734 0.6200603022322784
1656600194.5153804 5.450525980920829 -30.4833629864237 0.614186213242404
1656600194.9165845 5.636775887114884 -30.874265785896704 0.6100871550802783
1656600195.3153343 5.816996818043728 -31.311981712391162 0.6083618649833124
1656600195.7152135 5.988976461310214 -31.732393373485806 0.6081856666324629
1656600196.1140332 6.111232870319018 -32.18079504334274 0.6094705877143342
1656600196.515393 6.201810839295491 -32.66066137027849 0.6080309613940412
1656600196.9165645 6.258450656288576 -33.14205083199751 0.6073428805683557
1656600197.3151906 6.259168954324259 -33.5905433842187 0.6019227428669863
1656600197.7150915 6.247162536002816 -34.03665603397463 0.5976671543727392
1656600198.1151338 6.231324060386661 -34.49775491206993 0.5931603462782999
1656600198.5138974 6.1896388415643875 -34.94530380302163 0.5898333534571943
1656600198.915138 6.136921062514082 -35.398649600391984 0.5854326889022953
1656600199.3138797 6.090365870895043 -35.82632993211424 0.5803050493939337
1656600199.71508 6.045455839455495 -36.2517613930887 0.579202186016426
1656600200.1138349 6.027771294632859 -36.67771584764934 0.5782366294542761
1656600200.5138707 6.01812700509622 -37.09937218980231 0.5761598156826092
1656600200.9138305 6.0442453190172305 -37.521554961246785 0.5714257594252445
1656600201.31508 6.08527276934737 -37.913763077871366 0.5712021826520027
1656600201.7138612 6.154112974995586 -38.29969484935032 0.5649379605676009
1656600202.1151142 6.256477568543913 -38.674336825035475 0.567105283689255
1656600202.5138497 6.400257070173443 -39.029202391854874 0.5681134685015433
1656600202.9138262 6.598349458696424 -39.36602917720012 0.5635215594683335
1656600203.3137248 6.829105443465871 -39.67389911472915 0.563223859676002
1656600203.7149873 7.068933976950461 -39.91690769547636 0.5659135992276263
1656600204.1137204 7.374719892904331 -40.11954578084652 0.5617992894287784
1656600205.3150783 8.477492684098102 -40.39843390809874 0.5659036916396631
1656600205.7137346 8.844709037417626 -40.35989531122491 0.5645519725070528
1656600206.1137 9.23864993820386 -40.23359204016791 0.5614858302616773
1656600206.5136054 9.614034385633799 -40.067560155650014 0.5586246358971797
1656600207.315456 10.452873845045866 -39.72493281973502 0.561788942803814
1656600207.7141445 10.867032032026081 -39.58560131479614 0.5773816289510855
1656600208.1142702 11.304485006234069 -39.48416963740442 0.5961785579026745
1656600208.514249 11.797516966691271 -39.38852876213755 0.6025394788076074
1656600208.9131317 12.286803766103917 -39.33871100028174 0.6110396740977976
1656600209.3143563 12.766769731835648 -39.331825909135 0.6126664891278757
1656600209.71309 13.224131545749836 -39.36685902367776 0.6097928684704013
1656600210.113164 13.567825151641205 -39.432923489773025 0.6012395422843387
1656600210.5145218 13.841248981563854 -39.50848109303373 0.5940178588008739
1656600210.9146109 14.1203202907451 -39.626238089105264 0.5881331441461666
1656600211.3133993 14.442115236662637 -39.828732489398085 0.5732268726112039
1656600229.7145684 12.831015058261045 -56.704673475430724 0.5160991098731115
1656600230.1121347 12.631390498682032 -57.147202582378696 0.5132002932646555
1656600230.5134175 12.335259989923758 -57.558531557201064 0.5105226912375257
1656600230.9122136 11.983567627833677 -57.91528992434621 0.5103138598811839
1656600231.3122156 11.554481285160286 -58.176683351986135 0.5127187200190957
1656600231.71222 11.060325643088873 -58.36739835772952 0.512050703016006
1656600232.1121845 10.537235884469121 -58.446931450895725 0.5077185656422104
1656600232.5120769 10.033522520905327 -58.38404213051438 0.5014380108246539
1656600232.912161 9.57552285773427 -58.18012034720374 0.4948104475216228
1656600233.3119667 9.202964486446739 -57.9170857302685 0.4894228614521137
1656600233.711873 8.857336138307955 -57.63118434713804 0.4861913564817507
1656600234.113117 8.52320204101016 -57.31767451572717 0.48341550281501783
1656600234.5119178 8.206172926471297 -56.989888520648734 0.4829811792661547
1656600234.9131062 7.907194007920263 -56.64958916548543 0.48278271342162626
1656600235.3118463 7.627958286626232 -56.28727280000661 0.4820351910943265
1656600235.7130919 7.370150328996185 -55.92586718191753 0.4854627364261544
1656600236.1116893 7.127784904444669 -55.56130568217678 0.48738008060318627
1656600236.5128613 6.926194249122053 -55.192329544574534 0.49223192083007733
1656600236.91161 6.721474507057622 -54.829548404458734 0.4997539476866966
1656600237.312847 6.5470034629053755 -54.55893863981082 0.5060193046956885
1656600237.7116892 6.368477124094475 -54.3108161008899 0.5097468039026707
1656600238.511614 5.817803383773419 -53.68833543569877 0.5174464026932613
1656600238.9141178 5.514459878276843 -53.422141913450936 0.5202356646930465
1656600239.3128715 5.182551910074996 -53.187774459164196 0.5201747235779817
1656600239.7153962 4.836889101514661 -52.98773592050699 0.5187889431491144
1656600240.1128426 4.481214987846632 -52.830893197168116 0.521561484183817
1656600240.5153723 4.096795254238561 -52.72323390925589 0.5221413860141786
1656600240.9128788 3.658206593193567 -52.634848814229045 0.5216834308222351
1656600241.3141627 3.2492318566054026 -52.5652604399567 0.5215833357564357
1656600241.712835 2.851774579105849 -52.556622004161035 0.5206548083284741
1656600242.1128414 2.426069773765526 -52.62303969861397 0.517925279870731
1656600242.514129 1.962414368391382 -52.70306771103785 0.5072994310020258
1656600243.3141308 0.9735832198185814 -52.90965605703682 0.4575470471917363
1656600243.7141876 0.5860918714578436 -53.03269136308388 0.4247701848023155
1656600244.1141443 0.1963302700597148 -53.13357154160198 0.40933102187411735
1656600244.5141501 -0.16230862761404063 -53.247323703001896 0.41147771014830997
1656600244.9129908 -0.5544059997310584 -53.35144066861862 0.4144594544839643
1656600245.3131328 -0.9651292379718915 -53.432734353880086 0.4288770113832361
1656600245.711946 -1.3819462542825558 -53.49701709106358 0.43981830441497377
1656600246.1131024 -1.8117255713794385 -53.54103858112873 0.44741391902989525
1656600246.5118349 -2.2205658959641505 -53.56219920300111 0.45033959441348753
1656600246.9130971 -2.647173242267467 -53.55770624678871 0.45070544349820624
1656600247.3118515 -3.0995975098418294 -53.53186852189975 0.4479474367653275
1656600247.7130928 -3.5960143345808095 -53.44073806175488 0.4441991750527915
1656600248.1118371 -4.046139269607271 -53.299369699193335 0.44394060587170703
1656600248.513215 -4.427049612013184 -53.128550423162785 0.44206456564963725
1656600248.9120882 -4.80728026892846 -52.87651495428995 0.4417953531255459
1656600249.313346 -5.126969284298271 -52.566360736520316 0.44406244607011897
1656600249.7121313 -5.37284071704207 -52.159930870809944 0.4451825405784497
1656600250.1133275 -5.595964363098874 -51.68412024964612 0.44550133475616316
1656600250.511962 -5.755828229897906 -51.223612254605804 0.4438730851217868
1656600250.9134064 -5.801783372393089 -50.817860326546 0.4469755227229242
1656600251.3134913 -5.7467281965692205 -50.375912849129364 0.4562520301090796
1656600251.7122352 -5.60096684651113 -49.91641760372711 0.4767160035421078
1656600252.112269 -5.48624116754145 -49.43365591949672 0.47826735820225924
1656600252.5134873 -5.385966133497227 -48.97513568794742 0.4654106842582816
1656600252.9134686 -5.289211040064006 -48.5679912628867 0.45856209475258686
1656600253.3122385 -5.241670535624313 -48.17502336229848 0.4518807955317881
1656600253.7124212 -5.184481994769451 -47.768826422039496 0.4497338085091759
1656600254.112388 -5.139845484658767 -47.37486967187608 0.44712560401415397
1656600254.5123217 -5.122790843314846 -47.034043206628276 0.44483096125362626
1656600254.9134505 -5.137461879790975 -46.73078269078207 0.44712742862339927
1656600255.3133326 -5.184672724963045 -46.39824385661416 0.45221680432070166
1656600255.713417 -5.278807706661764 -45.9970415677992 0.4575559096006043
1656600256.112324 -5.416798491580342 -45.62029292980449 0.46534247977315873
1656600256.5123901 -5.608110302284721 -45.25436552022378 0.4696420014486986
1656600256.9122868 -5.8512405473189535 -44.86085132064401 0.47053105647747445
1656600257.3134718 -6.0962713191066635 -44.47226558665039 0.4718444353470478
1656600258.1122484 -6.544278455519521 -43.807686323421514 0.47129821954336315
1656600258.5122404 -6.784933673352005 -43.529163557369785 0.47053144074038555
1656600258.9132419 -7.03363453431434 -43.25407451141229 0.4690255021797373
1656600259.3120086 -7.280943011186616 -43.009127173854736 0.46766391964741866
1656600259.7133055 -7.565295072051766 -42.7932007561906 0.4698648350826195
1656600260.513406 -8.253314281453854 -42.43042471592891 0.46719502319637035
1656600260.91213 -8.617917104448905 -42.283015083386076 0.47004370911722526
1656600261.3134627 -8.94387819045286 -42.20261971194249 0.4730972611699828
1656600261.7123048 -9.301296641087887 -42.14864743635374 0.47051392540019304
1656600262.9132748 -10.637614266329182 -42.13560264581326 0.4683990366027435
1656600263.3118975 -11.070637234304009 -42.13657383359856 0.46541825383809404
1656600263.7130327 -11.421854081841417 -42.12356352145843 0.46286394203581965
1656600264.1117773 -11.708889568544008 -42.096347502653366 0.46180517008168676
1656600264.5130312 -12.008282742266758 -42.05755581949995 0.4642030856741705
1656600264.9118285 -12.400723051683311 -41.97654154897154 0.46466030161058675
1656600265.3130796 -12.813676720113762 -41.83860128778169 0.4635163738744999
1656600265.7118134 -13.240224506549872 -41.65509694620364 0.4607018420034411
1656600266.1130714 -13.579172813724709 -41.459213228396976 0.4603261408900467
1656600266.5130804 -13.851694486435218 -41.26633145504564 0.46131995482792215
1656600266.9143178 -14.06794577152063 -41.03393442784207 0.4656378817720476
1656600267.3118272 -14.304735798489961 -40.7182838365873 0.47123357898163076
1656600268.9155698 -14.769260542977493 -39.03627792614015 0.47306638145645696
1656600269.3143578 -14.665625649296308 -38.633340527549905 0.4683769366096852
1656600269.7143624 -14.553288099385496 -38.23464473437628 0.46381096530675064
1656600270.114445 -14.449100478412833 -37.82176039223949 0.4630957406871301
1656600270.5119252 -14.314082176584272 -37.35525585586041 0.4646820785803426
1656600270.914615 -14.166991642508895 -36.94855906764491 0.46393316142272856
1656600271.3120964 -13.943163599122828 -36.62002740217739 0.46688979554664045
1656600271.7133384 -13.671700917303507 -36.340070338483194 0.4765607341344591
1656600272.1120672 -13.31889740295844 -36.06417801049227 0.4858685312344977
1656600273.314621 -12.08806835729811 -35.499057422140744 0.511085196883155
1656600274.9144497 -10.489344396388168 -35.17928358984644 0.5346444795346891
1656600275.3131883 -10.091513124281501 -35.13841334218711 0.5303439573334335
1656600275.714406 -9.671334673300537 -35.088234727709946 0.5307761384370633
1656600276.1132035 -9.286891917313877 -35.055147701017724 0.537052858775995
1656600276.5133557 -8.895658592501473 -35.02773654229153 0.5341857857111791
1656600276.9133363 -8.480813443001484 -34.995458639768984 0.5332449059865977
1656600277.3133655 -8.114661381819264 -34.96367811432748 0.531926677446187
1656600277.713312 -7.798023742810368 -34.92543026811555 0.52957778268722
1656600278.1145434 -7.460843340258974 -34.877183943161036 0.5273067681763816
1656600278.5132756 -7.098247096487782 -34.801201523402774 0.5239270850553658
1656600278.9145787 -6.7588387168264115 -34.72454231896378 0.5222914478371988
1656600279.3135552 -6.558228057147216 -34.67433382313285 0.5219392567027176
1656600279.714832 -6.473492822988284 -34.6465004024982 0.5215866369306239
1656600280.113586 -6.384289845665717 -34.580335376244186 0.5204357103786056
1656600280.5136068 -6.194509590438791 -34.47021998055209 0.5189952903873039
1656600280.913571 -6.002753418127383 -34.34798266494378 0.5189343841591858
1656600281.314807 -5.829466303013216 -34.21006516578313 0.5216556681760909
1656600281.7137358 -5.663078733846534 -34.03358517637643 0.5214913816248754
1656600282.1149275 -5.520518059556864 -33.80500512581803 0.5238407590890857
1656600282.5136404 -5.414058234248473 -33.54622593248949 0.5266174318104326
1656600282.9147995 -5.37788100239082 -33.293080981199076 0.5300574136954277
1656600283.3135636 -5.380168084992957 -33.091145414300236 0.532223771466383
1656600283.7147818 -5.397997235791539 -32.94866727739213 0.5333713664813927
1656600284.1134095 -5.522365864754877 -32.789699649360976 0.532131687887349
1656600284.9133255 -6.157931631924478 -32.30843331729308 0.5388422322386823
1656600285.3145502 -6.504999124390977 -32.10184647146855 0.5397415453106983
1656600285.713327 -6.862290508539116 -31.916337470643263 0.5431634545735216
1656600286.117068 -7.256918957873826 -31.7625170171401 0.5490372946527996
1656600286.5145876 -7.6887003165157015 -31.6260540370939 0.5536341774524217
1656600286.9157994 -8.119469113063902 -31.521071727112282 0.5565731220139687
1656600287.314604 -8.371860428792285 -31.45307437263257 0.5554111465768816
1656600287.7158208 -8.640177045487022 -31.36980512089012 0.5513191353058876
1656600288.1133196 -8.854000898207676 -31.296375704025834 0.5465521447712395
1656600288.5145597 -9.130345127404475 -31.176205485916533 0.5439503495770156
1656600288.9149647 -9.45382718657966 -31.017282080039642 0.541403490712724
1656600289.3148136 -9.806661117657537 -30.8200286852883 0.5390598541035119
1656600289.7148721 -10.134134200022709 -30.574170468528557 0.5373594354503877
1656600290.114792 -10.44028885912914 -30.30064168755932 0.5317830207635569
1656600290.5148096 -10.703002376487987 -30.008477958097735 0.5261335100272343
1656600290.9148083 -10.924135046473529 -29.677158505631933 0.5231400056502223
1656600291.3136866 -11.110797450781426 -29.27689593251074 0.5237826430767073
1656600291.714901 -11.237696682843863 -28.817508479230938 0.5247059707635471
1656600292.1135051 -11.318972686105175 -28.367537510586427 0.5259222642655217
1656600292.514648 -11.3619116011419 -27.952252757668333 0.5306375613486679
1656600292.9133272 -11.383392707428055 -27.55034434476001 0.534978101596322
1656600293.314604 -11.386788205971051 -27.131590109345886 0.5353989387179385
1656600293.7133725 -11.342363745132083 -26.73730014309749 0.5338855700707443
1656600294.113479 -11.263044085675395 -26.34538515887978 0.5344723715682982
1656600294.5134196 -11.141423034852743 -25.95445019661143 0.5412568142083393
1656600294.914542 -10.96899345896996 -25.591292230846225 0.543209740439979
1656600295.313402 -10.745637783945037 -25.25259182232365 0.5396992036350693
1656600295.7134922 -10.477119204926773 -24.920950209568122 0.5409994375128808
1656600296.1134129 -10.190593643359819 -24.638573710706588 0.5384493053454884
1656600296.5134723 -9.881416010219759 -24.427833928003807 0.5318217131060282
1656600296.9134693 -9.56109206710432 -24.27486494199365 0.5265306738532585
1656600297.3147352 -9.191828069728372 -24.173803447213484 0.5280131987481047
1656600297.7146804 -8.768354828863473 -24.116694376540796 0.5375453803313588
1656600298.1134446 -8.3642076225813 -24.13954514877714 0.5401171931468223
1656600298.5134606 -7.967804925955003 -24.256848099606913 0.5419983331159847
1656600298.9147143 -7.588305002175901 -24.42943426481829 0.5447469947105344
1656600299.313494 -7.281980853962912 -24.652177031507353 0.5530552196264705
1656600299.7134812 -6.998115613084278 -24.920551159097684 0.5569643402456997
1656600300.1134741 -6.748406140909998 -25.258276770256966 0.5684703377680885
1656600300.5134284 -6.548774093534422 -25.5999145077557 0.5740136380930825
1656600300.9134152 -6.42112192476834 -25.959553168471196 0.5686234633579109
1656600301.3146493 -6.337078467781101 -26.349992157463245 0.5732096264575363
1656600301.7132797 -6.2538348880174945 -26.753621121925633 0.574099068334984
1656600302.1132765 -6.2009083063298505 -27.08442162084925 0.5710860802340878
1656600302.5134478 -6.1626811837206175 -27.32140711773957 0.5668798494309933
1656600302.9146707 -6.0852201715667285 -27.6549837776716 0.5590169322336673
1656600303.313391 -5.981225889290473 -28.027228877127286 0.5554781025686639
1656600303.7145357 -5.87351358776999 -28.312973607950784 0.5536936530078006
1656600304.113288 -5.79704011040646 -28.51971521818676 0.5537724574030174
1656600304.5145595 -5.71832836073792 -28.693243128696405 0.5591729974332822
1656600304.9133 -5.656998563402453 -28.840329962667465 0.5631686549476795
1656600305.3145435 -5.606082170670623 -28.95816418207519 0.5626238081208413
1656600305.7133222 -5.487597569656801 -29.151286404341878 0.5627965040705621
1656600306.1145647 -5.3421313207663115 -29.33560148760699 0.5632803822440942
1656600306.513339 -5.210278282204387 -29.479855870563366 0.5632285847234028
1656600306.9146023 -5.052440671078455 -29.59753959271361 0.5618040620023674
1656600307.3145816 -4.86667012936928 -29.691174996147126 0.5619639113103196
1656600307.7145755 -4.651344051088657 -29.74266052274963 0.5600749521692152
1656600308.113316 -4.440997993152509 -29.75488460738082 0.5567696283524548
1656600308.5145993 -4.248187032564884 -29.761856015760195 0.5541897780468208
1656600308.9133427 -4.021046452771728 -29.68605934774956 0.5514316888235752
1656600309.3133464 -3.7589684991465946 -29.56921948074858 0.5495870599751406
1656600309.7133424 -3.5223472247538856 -29.462261599778788 0.5461341245715277
1656600310.1132858 -3.332136527525935 -29.368465487854372 0.54497839062721
1656600310.5132892 -3.14324387645352 -29.201259379313793 0.5443256846965798
1656600310.9132912 -2.956789102633081 -29.0027396635357 0.5467135986251064
1656600311.3132772 -2.789259226503108 -28.785343945889647 0.5489873353766396
1656600311.7144125 -2.6383557057604974 -28.566000677016255 0.5522313297077946
1656600312.1131737 -2.471737922165324 -28.30406060008638 0.5541755246011721
1656600312.5145772 -2.2601799978488297 -27.994431493304397 0.5604990815166778
1656600312.9133174 -1.99059422769314 -27.609671161741588 0.5597328823794113
1656600313.3133137 -1.6996263319357046 -27.232656049588 0.5524828094810591
1656600313.713326 -1.4078460921564275 -26.87654577639846 0.5471803387299733
1656600314.1133354 -1.11619777757722 -26.562508546787313 0.5507774711855047
1656600314.5131571 -0.8702169016305797 -26.271736541798916 0.5639782298564082
1656600314.9143121 -0.5873804505289568 -25.942168883610947 0.5757345686356863
1656600315.3130224 -0.283024261951352 -25.566283699216573 0.5894207189314725
1656600315.7130985 -0.02384028014004154 -25.222590191938448 0.6027604859460103
1656600316.113021 0.24924648313745404 -24.894048848626046 0.607691243241243
1656600316.513024 0.518055582183938 -24.52456839821044 0.6183422297236567
1656600316.9130852 0.8005045908863093 -24.164400529791333 0.6198802481060243
1656600317.3130565 1.0888196629361646 -23.794203572506976 0.6276504097078979
1656600317.7130377 1.3593849835972742 -23.442205191486988 0.6286548318433903
1656600318.1130273 1.6186204869974028 -23.077178514228617 0.6263142830847079
1656600318.513022 1.8470597350133766 -22.696141379174726 0.6205475131802313
1656600318.913068 2.0589556429962763 -22.323950964449974 0.6206724448876026
1656600319.3130987 2.257261330356384 -21.961317691244254 0.6206239589814609
1656600319.714312 2.4456949223933417 -21.59954563355639 0.6242714411009505
1656600320.1130219 2.6190956883931085 -21.228410887129105 0.6280776731160391
1656600320.913071 2.9220450221608525 -20.422447891459246 0.6390271347599031
1656600321.3130267 3.0388301839387752 -20.036513645795814 0.6402433708973222
1656600321.7143285 3.1413053095663557 -19.623110436296933 0.6418433580919459
1656600322.113153 3.2138558708415697 -19.20621199177076 0.6436654957243328
1656600322.513181 3.2680434506292757 -18.811922061049867 0.6460346431804512
1656600322.9143 3.282335680986686 -18.45759366765809 0.6495638392352587
1656600323.3128772 3.2596230424082195 -18.150102942595872 0.648519376226276
1656600323.714073 3.236329576225044 -17.933995226590373 0.6451351596838695
1656600324.1128354 3.1911697732752926 -17.72385476606465 0.6412796951448761
1656600324.514174 3.0872645831358954 -17.492966874902425 0.6432660390939374
1656600324.9130828 2.9687684555548572 -17.28418063776118 0.6413167456535437
1656600325.3130174 2.825755252999486 -17.097197399316755 0.6350361087630745
1656600325.7117777 2.677362545809468 -16.9490393781973 0.6331839838935951
1656600326.1154203 2.3935874501692695 -16.744504825611497 0.6276622361064953
1656600326.514192 2.1250054619632586 -16.539630881171412 0.6284309487868491
1656600326.9142656 1.8206317243293424 -16.33855607553625 0.6260909480556809
1656600327.314409 1.565771506853094 -16.168172374854347 0.624394763598893
1656600327.7133236 1.2782477926231575 -15.993791370616202 0.6242211791543705
1656600328.1134665 1.0352787459958666 -15.857350195078423 0.6265729997101966
1656600328.513459 0.803232876009472 -15.776772593903587 0.6255432600372819
1656600328.9135597 0.546351726925865 -15.727675176648999 0.6267294984740888
1656600329.313551 0.2608763797804225 -15.691617729907689 0.6275101652519393
1656600329.7123356 0.003795980344715002 -15.67487900189928 0.6207752872957047
1656600330.1135802 -0.23100625627900864 -15.708879698887177 0.6174637138051915
1656600330.512317 -0.4384412256064512 -15.753533182950468 0.6113875386404114
1656600330.9147968 -0.6356229790463366 -15.829683073782206 0.6105086532245092
1656600331.3135543 -0.8585572858639986 -15.993552458499138 0.60755029424359
1656600331.713535 -1.0449796149536266 -16.168015547293745 0.6070725037482004
1656600332.1135345 -1.179435420197168 -16.425587869137765 0.6077910033719074
1656600332.5148299 -1.2826205066461847 -16.722972567607833 0.6144857594114355
1656600332.9135637 -1.370021333088681 -17.006904462142415 0.6181369423355931
1656600333.3147755 -1.3813624131245619 -17.351032540844386 0.621688722709083
1656600333.7146564 -1.350561672994711 -17.767745172518623 0.6248311965737595
1656600334.1146595 -1.3224269771199837 -18.216808310850823 0.626100118134213
1656600334.5134537 -1.3237683950411425 -18.52745507342812 0.6239895281857456
1656600334.9146438 -1.3336158957826456 -18.711323612422248 0.6236899020857788
1656600335.3170626 -1.3486003994335936 -18.941506233257723 0.6264430634928444
1656600335.7157817 -1.3671216475687202 -19.173127960781763 0.6259179441740936
1656600336.115813 -1.3904745157008245 -19.345968512112805 0.6226528273449888
1656600336.5146024 -1.4264203998458844 -19.51922836511005 0.6234302409029864
1656600336.9145348 -1.4692561479566029 -19.684693672394854 0.6222819515233278
1656600337.314519 -1.5059974547165953 -19.822336848260726 0.618621287604256
1656600337.714411 -1.5587448285261316 -19.974682844523212 0.6192317316947467
1656600338.1131773 -1.6264412572741385 -20.170302245039643 0.6206739587957427
1656600338.5133193 -1.732904648030164 -20.359381529306027 0.6152338897086224
1656600338.914522 -1.9797011325307103 -20.55040727487128 0.6094934278439913
1656600339.3156455 -2.39399837786863 -20.750083643302187 0.5980675833443564
1656600339.7155406 -2.8731860318737996 -20.887974340673225 0.5996064545851941
1656600340.1141703 -3.3738391285819445 -21.004227796915895 0.5954891909571596
1656600340.515309 -3.847102741076726 -20.9642923128443 0.588185319447375
1656600340.9141061 -4.285209159613724 -20.86415722267644 0.5855323378592862
1656600341.3153203 -4.586942356767203 -20.783407317651157 0.5856722428057562
1656600341.7153194 -4.847970361670846 -20.733677687292484 0.5853891498377719
1656600342.1153533 -5.149079953095129 -20.674014796715856 0.5801016188613691
1656600342.5140908 -5.467193848657306 -20.61616095855618 0.5755175907821163
1656600342.915319 -5.701700031089025 -20.602285550079422 0.5791639398275553
1656600343.3140948 -5.958915304205223 -20.596374797128757 0.5766849540168907
1656600343.7153292 -6.1536507324222605 -20.59624813283888 0.5690475376417272
1656600344.114141 -6.342658965424284 -20.614898728559382 0.5607205081267412
1656600344.515371 -6.501725714796612 -20.629188524801044 0.5619042532456662
1656600344.9140677 -6.657495536924139 -20.654529804886092 0.563576617087611
1656600345.3151698 -6.818050821280296 -20.68704723622816 0.5613991700804937
1656600345.7139277 -6.960398159121329 -20.71856951764711 0.5571051048359978
1656600346.1153252 -7.114887773729799 -20.77388207193863 0.5517133628384236
1656600346.5141494 -7.254912542921829 -20.853334999222817 0.5490413923969649
1656600346.914195 -7.386736158263648 -20.9741974387561 0.5510669482914827
1656600347.3142123 -7.48672264512925 -21.195910410167325 0.5485137788826759
1656600347.7142873 -7.530627960040528 -21.513705973773504 0.5479491705697819
1656600348.1143434 -7.589312462615301 -21.817847309807917 0.5476263587688677
1656600348.5156069 -7.612085977926985 -22.1411908812202 0.5483468870216583
1656600348.914311 -7.574346620278286 -22.46850449759737 0.5510699667699479
1656600349.3155665 -7.553932693598873 -22.781459453097472 0.5512762800368524
1656600349.714318 -7.541297968435933 -23.155129721625457 0.5487358791481949
1656600350.1156406 -7.549248175874617 -23.44345860556866 0.5494870220925788
1656600350.5143332 -7.50710652643663 -23.753909334638085 0.551866981348991
1656600350.9144406 -7.4689139113642735 -24.062480141316712 0.5549961737223493
1656600351.3144553 -7.428235187861998 -24.349697535615334 0.5542250844751957
1656600351.7144585 -7.393309545013003 -24.596634142623685 0.5517696921452268
1656600352.1144094 -7.351060644317918 -24.885250445175345 0.549804317251739
1656600352.5144613 -7.296804813622247 -25.244496739758347 0.5524126318957594
1656600352.914465 -7.216912794803631 -25.660671075640614 0.55458871068237
1656600353.31572 -7.135375608535862 -26.080311098070776 0.5539685429765175
1656600353.7144125 -7.03689766185413 -26.515550478738685 0.5547636136076524
1656600354.115706 -6.908508366088514 -26.995809314819628 0.5578926361821999
1656600354.5144432 -6.810346124119535 -27.448046622087233 0.5594476198005122
1656600354.915528 -6.7299221559032985 -27.893379518296097 0.5502406807998065
1656600355.315534 -6.693525215640875 -28.311813709995466 0.548672972627095
1656600355.7155604 -6.699758102082512 -28.726150505919424 0.5487297283861574
1656600356.1143224 -6.758882820602443 -29.155085335509202 0.5521999966053983
1656600356.5156324 -6.871006529522928 -29.611101234375266 0.5528456567882445
1656600356.9143245 -7.011539605066876 -29.992824057720025 0.5509188542297911
1656600357.3155892 -7.215226947447234 -30.347478984647413 0.5509054672753815
1656600357.7143195 -7.461042764935264 -30.675713014731187 0.5528949149545551
1656600358.115562 -7.68718798704552 -30.88840403250599 0.5532980714036696
1656600358.51442 -7.895339359419087 -31.09643134196447 0.5567692899371928
1656600358.9156976 -8.091522741960846 -31.31518114514532 0.5556254144868428
1656600359.3144526 -8.283303012228007 -31.55159321487977 0.5516498943194948
1656600359.7156923 -8.463971698056408 -31.800227585797842 0.5492465173760317
1656600360.1144192 -8.614253619518863 -32.021091172216885 0.5450458747158017
1656600360.515705 -8.716284663852882 -32.19288128577531 0.5428658831234814
1656600360.9144258 -8.80917189694346 -32.4118942395513 0.5421623658432495
1656600361.315671 -8.899763948169682 -32.61618956079051 0.5401726788558804
1656600361.7144518 -8.967822972584264 -32.85292833749654 0.534228359046635
1656600362.115682 -9.027759290212279 -33.15227926809932 0.5330872699177303
1656600362.514459 -9.041223331781254 -33.50506125697974 0.535991827051611
1656600362.9156947 -9.0235909418613 -33.828490957694534 0.5361987822094544
1656600363.3144472 -8.955606948149256 -34.16079501744288 0.5345768888967195
1656600363.715703 -8.86351093979951 -34.50762754665415 0.5329267933104055
1656600364.5157132 -8.654680416632596 -35.22224399459464 0.5304600233963634
1656600364.915669 -8.526157437859558 -35.5963623616301 0.5336158145060629
1656600365.3169303 -8.373973965144302 -35.97336880820039 0.5346591799022751
1656600365.7156727 -8.20441378078049 -36.34321179381415 0.5382793653983602
1656600366.1156883 -8.021782297206421 -36.74978859888136 0.5413836430674074
1656600366.515655 -7.843548402884494 -37.156324620477136 0.5419042849173176
1656600366.9156404 -7.734338826197791 -37.43949236130103 0.5378703580448881
1656600367.3155956 -7.65947638466575 -37.71014442202824 0.5358368709792242
1656600367.7155726 -7.580057009759598 -38.05805937185765 0.533522145035656
1656600368.115604 -7.516694441217974 -38.426953802099696 0.5292055998425669
1656600368.515635 -7.49748821599697 -38.84229669266916 0.5196394708872283
1656600368.9155443 -7.494947856723376 -39.2226985208203 0.5077058319291979
1656600369.3167756 -7.534081264875111 -39.5589069554107 0.4965807388436729
1656600369.7154527 -7.601092765297795 -39.84970407086506 0.49258992493714643
1656600370.115454 -7.71464068910972 -40.131961941031726 0.49139826262653596
1656600370.5154607 -7.83063464980608 -40.41943554892086 0.4903032447546393
1656600370.9154463 -7.952498254094247 -40.73862985602351 0.48400385269965945
1656600371.3154404 -8.103527839198723 -41.06469059026355 0.48047725316761875
1656600371.7154627 -8.251625993113676 -41.38425075762446 0.47904319939022805
1656600372.1154168 -8.386389880372654 -41.668206515004954 0.47587703087778266
1656600372.515378 -8.517953230108528 -41.93489073516221 0.47403781133182704
1656600372.9152687 -8.640258800657486 -42.21682652339758 0.47054406035364144
1656600373.3153126 -8.758443789128751 -42.483301487665955 0.46699857244898996
1656600373.7151759 -8.861883918137876 -42.74058974365305 0.4616231436912034
1656600374.115058 -8.944967478449602 -42.98419371212147 0.4620120405937057
1656600374.5150275 -9.00786497168944 -43.222047607496584 0.46220485128820554
1656600374.91506 -9.049879095092104 -43.41327307551854 0.4598539434886632
1656600375.3150887 -9.078297194469773 -43.61038304530436 0.46059130440300544
1656600375.7163186 -9.09834898266054 -43.81907271847765 0.46241975022805615
1656600376.1150377 -9.084672545151019 -44.062307156868 0.4647566416943269
1656600376.5161464 -9.033278480137627 -44.31881638600729 0.4628495374220704
1656600376.9160423 -8.945093487863511 -44.54429433764242 0.46356984657962536
1656600377.3160343 -8.881652339910206 -44.7285837259563 0.46460905925842905
1656600377.7160215 -8.754412627852464 -44.91171405940047 0.46609615267971877
1656600378.1173096 -8.570736101693274 -45.102954952880545 0.4670146277578159
1656600378.5172806 -8.344570847463498 -45.33300225633009 0.4665911532296318
1656600378.9171543 -8.041946771188007 -45.603782146280366 0.47073730157871735
1656600379.3170934 -7.735626895443001 -45.85493626517735 0.4743969606632586
1656600379.717088 -7.442459454663998 -46.093452223075204 0.4760805431970919
1656600380.1158385 -7.141269232465346 -46.30253204222205 0.4755447647948302
1656600380.5170462 -6.835517659490817 -46.49612773754432 0.47344368968692424
1656600380.9158852 -6.528219805892087 -46.66798022263911 0.47034918011408294
1656600381.3170295 -6.228163601819482 -46.821548634966774 0.4666834410201645
1656600381.7169304 -5.932923188224807 -46.94590599972999 0.4629226526697024
1656600382.1169233 -5.64964574860182 -47.03931618535719 0.45806024984078625
1656600382.516921 -5.351338401891818 -47.10880339958637 0.45339164127052545
1656600382.9157114 -4.969482016652766 -47.185626172076034 0.4483897420663485
1656600383.3144498 -4.550177122666264 -47.254766863502155 0.4444047831589814
1656600383.7157295 -4.176829015147392 -47.284039130902094 0.4368425232043915
1656600384.1144848 -3.782321368141433 -47.26692832360643 0.43247491098460245
1656600384.5156732 -3.379219141798994 -47.18797477083854 0.4322220562798627
1656600384.9156775 -2.9835206451150524 -47.07315242735953 0.4293797305298478
1656600385.31571 -2.6470068632072983 -46.94646120342819 0.430944868641886
1656600385.7144701 -2.327356595490911 -46.78946753861046 0.4367822948083936
1656600386.1157274 -2.0342206506922054 -46.57121514792929 0.4455543095560641
1656600386.515688 -1.7309897057767112 -46.31666766988058 0.4544482239819511
1656600386.9156814 -1.447381016938628 -46.04235857296066 0.4660435161750081
1656600387.3156612 -1.1933533526778783 -45.757554262959886 0.48100029392194676
1656600387.7156904 -0.9820021046107401 -45.451218997931775 0.4921509131862091
1656600388.1157312 -0.80358603218798 -45.104413203540986 0.4962016239935757
1656600388.5156589 -0.65736965037328 -44.720441796566114 0.49479263037872073
1656600388.9158494 -0.557358683395791 -44.31745228508528 0.49756773508426094
1656600389.3160505 -0.5023970564473117 -43.91125882864421 0.5018099563355845
1656600389.7160246 -0.4680846172517414 -43.48745861498755 0.5032841786751763
1656600390.1159306 -0.45191499897014326 -43.05061503819023 0.5050915990688187
1656600390.5146964 -0.4674719765425093 -42.60487815615855 0.5062028709714952
1656600390.915961 -0.49298870352055923 -42.141906335839245 0.5053562435648946
1656600391.3159568 -0.5014171182701209 -41.678525233789046 0.5057504066590808
1656600391.716044 -0.49228772388089326 -41.235058875590624 0.5050058407989733
1656600392.1148162 -0.459997019239087 -40.82767839144562 0.49987353136140034
1656600392.5160072 -0.40729306560664524 -40.4641388593495 0.49853419373714863
1656600392.914824 -0.3459262564121301 -40.075563245858866 0.4963239005653916
1656600393.316029 -0.2840952993095143 -39.65549095342966 0.49672192305019414
1656600393.7147963 -0.24014822911913022 -39.21780490071166 0.49542846836144017
1656600394.1160512 -0.22887633975179544 -38.80988780052253 0.495000643027321
1656600394.5148041 -0.260563412587465 -38.441387992536065 0.49199077199345087
1656600394.9160302 -0.34072392951207753 -38.02736110437427 0.48649715613420463
1656600395.3160367 -0.4455886554958127 -37.59300468509414 0.4846580637093817
1656600395.7160757 -0.5623116626085095 -37.19946299529731 0.48309576661505976
1656600396.1160982 -0.6680318416300938 -36.81626694391419 0.4863618839462416
1656600396.516036 -0.7984915216289107 -36.42675215140612 0.48787595794979843
1656600396.9149034 -0.9271607663285576 -36.050183248134616 0.49629364858508784
1656600397.315127 -1.0660835039052787 -35.68794080580229 0.503368434380605
1656600397.715028 -1.2040103161391114 -35.34404070648456 0.5106199358212857
1656600398.1162646 -1.3341704605936684 -34.962983491600745 0.5148987873673438
1656600398.51503 -1.4901087676736213 -34.53242540120047 0.5224262838081144
1656600398.9163456 -1.6498519846082038 -34.09774599254743 0.5291307026239639
1656600399.3151393 -1.7914506316721974 -33.68290438405618 0.5346649039153687
1656600399.7152312 -1.9480331157937063 -33.254982863480386 0.5325833960645369
1656600400.115199 -2.1108498617028912 -32.775097247977214 0.5325299304812546
1656600400.515412 -2.217283103731414 -32.34186844450762 0.5306179394262559
1656600400.9154768 -2.2665407541615776 -31.94700664925858 0.534490434447268
1656600401.3154469 -2.286773645240119 -31.550487680539934 0.5409840484007366
1656600401.7142336 -2.256098466243845 -31.155343776834176 0.5455062631361594
1656600402.1154413 -2.200659990260197 -30.763716144417025 0.5480997214447216
1656600402.515461 -2.158251291814089 -30.36709596365671 0.5440956699116174
1656600402.9154603 -2.0746324475258136 -29.95687007574165 0.5377314899815244
1656600403.3141928 -1.9604618249329062 -29.590254070160885 0.5418399357848818
1656600403.715422 -1.8325356915180016 -29.21665809769659 0.5472194224553776
1656600404.115402 -1.669942754702487 -28.82392914716518 0.5538878300570357
1656600404.5154095 -1.4854288904958528 -28.45824201731794 0.5605530703596374
1656600404.91543 -1.2810624194788032 -28.174638949171058 0.5669275167489974
1656600405.315423 -1.030317165692142 -27.865638120850154 0.5680730782586954
1656600405.7143168 -0.7229001774792015 -27.501543419385538 0.5689337056222743
1656600406.116794 -0.39321433471534095 -27.182998271219375 0.5722722242489544
1656600406.515538 -0.10625372729083546 -26.896950487662398 0.5837550117963979
1656600406.9155388 0.21022950118871864 -26.595947980878062 0.589183601391846
1656600407.3155365 0.5715197288514207 -26.28605145119468 0.6032516718715215
1656600407.7155733 0.9259582682092773 -26.006521296014363 0.6173802137483453
1656600408.1155038 1.2783064710877328 -25.7168425646081 0.6169147318788193
1656600408.5154057 1.6532070152327984 -25.447920670440748 0.6274683166633219
1656600408.9152663 2.0123609463553183 -25.189911460574223 0.6269894367353306
1656600409.3151658 2.354570666723925 -24.92879224129863 0.6310098398586352
1656600409.7151716 2.6760859693687924 -24.654713585566775 0.6310887089191594
1656600410.11518 2.9705672859818506 -24.36711278405714 0.6363552768148422
1656600410.5151527 3.254706469464303 -24.049903854937146 0.6364645246791728
1656600410.915158 3.514231283167181 -23.7369275940963 0.6400059355409274
1656600411.3151455 3.7432194808251777 -23.41523120953216 0.6400358767207556
1656600411.7150955 3.938086239749789 -23.072674156477454 0.6451099461288917
1656600412.1150835 4.096258456465182 -22.72638515941634 0.6503075684946807
1656600412.5150435 4.20718962595446 -22.392146227055694 0.6504458395474427
1656600412.9150481 4.257007424964382 -22.062155947660056 0.6482764439983448
1656600413.3163166 4.248544630922335 -21.68984819959761 0.6514952835238157
1656600413.7150726 4.196674222674568 -21.27616137845897 0.6537952961993552
1656600414.1150632 4.112051509271281 -20.820198644721074 0.6538954684642952
1656600414.5150924 4.070329510049316 -20.384621104459786 0.6554824730891099
1656600414.915071 4.052512522467186 -19.944278765969642 0.6517238713552703
1656600415.315045 4.065435831553674 -19.50651649738576 0.6516858993559781
1656600415.716324 4.078508779751597 -19.087206803918612 0.6544092609949346
1656600416.1150393 4.077885963355238 -18.680211610449028 0.6574730965767186
1656600416.5150464 4.041364806481109 -18.307906041937162 0.6567062864858529
1656600416.9150763 3.9769178926008997 -17.964434176885984 0.6532564748103926
1656600417.3163204 3.870122579819584 -17.631971636034088 0.6467038913739491
1656600417.7151105 3.729956094650172 -17.299464093979864 0.6470329937181036
1656600418.1162918 3.55419054882346 -16.984002493419887 0.6471746867467977
1656600418.5150068 3.341964332227676 -16.688546898255467 0.6400117201334421
1656600418.916274 3.0461065439421553 -16.42423001346555 0.6350021207504605
1656600419.3161507 2.742057136148198 -16.182095018838265 0.6302597745521925
1656600419.7160783 2.3935113394129597 -15.955630828977322 0.6223941450604776
1656600420.1146626 2.071344364275142 -15.767189853227322 0.6208102864487032
1656600420.5157716 1.7336437470719184 -15.619358899642942 0.6206579796719339
1656600420.9156494 1.407845379065099 -15.506521339212293 0.6227004533647683
1656600421.3155928 1.0786847127922783 -15.428544561738123 0.623667397971191
1656600421.7143002 0.7117099043650081 -15.367430514054398 0.625065885008608
1656600422.1155314 0.25988867291799184 -15.335041775636405 0.6260399941053282
1656600422.515574 -0.1785807166493892 -15.351847587187205 0.6159321940426826
1656600422.9155314 -0.5497573253005167 -15.40189447152446 0.6061229505690244
1656600423.3142915 -0.8865156613738537 -15.497438665194478 0.5964375786550191
1656600423.714353 -1.1765943299779007 -15.661788702933208 0.592629304743943
1656600424.1155653 -1.4436638029000792 -15.919961250476012 0.5948762332464256
1656600424.516792 -1.6649313418014438 -16.2116605545898 0.6005107306987199
1656600424.916783 -1.843677984510174 -16.52567996994841 0.6066983093230394
1656600425.3167956 -1.9531219010656102 -16.8965678584196 0.6124999125131487
1656600425.7156866 -2.0053507189644746 -17.26495890499819 0.6134170997641273
1656600426.115688 -2.0126655335430397 -17.618679005668334 0.6186492650662769
1656600426.5157053 -1.8790068446609753 -17.971987596933015 0.6220998878835833
1656600426.9156437 -1.624506860974798 -18.365459796696367 0.6234055904744896
1656600427.3168023 -1.4068489603144076 -18.71631851209337 0.631645413041093
1656600427.7168007 -1.1892271143000759 -19.03508698239235 0.6288658607540927
1656600428.1155639 -0.8992011752890424 -19.304102175333778 0.6249238490935242
1656600428.515539 -0.5814483825203474 -19.53672320604703 0.6262974743889949
1656600428.915534 -0.2403658841063661 -19.745871723836906 0.6313789756098607
1656600429.3155625 0.11811458596427361 -19.932298466094696 0.633277584867018
1656600429.715536 0.48753505130986946 -20.10355363321996 0.635578648559793
1656600430.1155376 0.8991280489059165 -20.26645512786757 0.6324412279031738
1656600430.5155566 1.3167143572621411 -20.43304128192278 0.6327467325066618
1656600430.915667 1.704238430018076 -20.592693985261914 0.6287107205811586
1656600431.3156621 2.064322204199913 -20.75802734418615 0.6265565920731556
1656600431.7156851 2.4117636785144905 -20.94402846512054 0.6251279539466531
1656600432.1145666 2.7609409464263797 -21.134331766630897 0.6282667642860904
1656600432.515797 3.078303529401652 -21.351835345250866 0.6356775771117553
1656600432.914587 3.391208186128384 -21.603864380727494 0.6423008658100904
1656600433.3158386 3.6759344558619325 -21.8832613432749 0.6454164323163888
1656600433.7158062 3.9448681249549806 -22.19125548149023 0.6502210039180546
1656600434.1157596 4.166437528601904 -22.524679989645435 0.6514832500486786
1656600434.5156262 4.349193397155177 -22.885113974836433 0.650493396971178
1656600434.9155457 4.490746252514909 -23.315974729449852 0.6547473415367252
1656600435.3155692 4.572899608297822 -23.790981351068428 0.6535195468631789
1656600435.7144332 4.5681750648355095 -24.293568815143477 0.6521834650615416
1656600436.1156712 4.363127167940897 -24.91233210014965 0.6591258313917884
1656600436.5156827 4.211464625487031 -25.26063058617778 0.6496392734705557
1656600436.9156964 3.9182340069192065 -25.64753493349241 0.6408973865240999
1656600437.3156695 3.5370799099013666 -25.938778484648996 0.6296958532989432
1656600437.7156808 3.143506456812781 -26.193903096445446 0.6299208977936793
1656600438.1157062 2.7461171608251185 -26.4168017205924 0.6304024095497098
1656600438.5156705 2.380181111433722 -26.603559902276693 0.6283376099579577
1656600438.9156752 2.014995827347471 -26.772773182605288 0.6248388186508396
1656600439.3156898 1.6425756008772567 -26.976000793931657 0.615617324188617
1656600439.7156613 1.2813076880788787 -27.15497054739653 0.604086807775028
1656600440.115657 0.8996532812691205 -27.343501161151845 0.5948878990703321
1656600440.5156806 0.5277008278492765 -27.545936853864987 0.5856374635231903
1656600440.9157026 0.17302131474988458 -27.745556507032035 0.5779605655190924
1656600441.3156796 -0.18057753733725238 -27.968389752740745 0.5707284342121407
1656600441.715709 -0.5078926015234809 -28.223815914759587 0.5678034461947178
1656600442.1156976 -0.7925985561011385 -28.471106267610775 0.5652791242896266
1656600442.5157254 -1.03802643555545 -28.715208371898036 0.5577011472373318
1656600442.9157484 -1.255960519442676 -28.988303761946767 0.5549661892635334
1656600443.3156962 -1.4501964932297216 -29.3038142791627 0.5497490306720018
1656600443.715668 -1.6130086330598505 -29.642140547903665 0.5465854339192107
1656600444.1144981 -1.7322179431874052 -30.003592687465176 0.5444831800109113
1656600444.5156662 -1.8018616064129926 -30.33651448933232 0.5445149313932127
1656600444.914474 -1.8176029813504426 -30.701261481938594 0.5444478556982456
1656600445.3157156 -1.7109930744571644 -31.16470429666384 0.5428188307983993
1656600445.7144654 -1.633595322091052 -31.631512485944786 0.5409819399856318
1656600446.1157415 -1.567076355137711 -32.044104884257514 0.536015474440267
1656600446.5157073 -1.4825351862388505 -32.459237887760075 0.5317537099966291
1656600446.9157066 -1.38722912273606 -32.93857864958353 0.5330998879271079
1656600447.3144934 -1.3155172861663007 -33.423318570269345 0.5307385855890698
1656600447.7156737 -1.2847622025149608 -33.87332928201186 0.5306250810536042
1656600448.115744 -1.289414857051505 -34.344792987418266 0.5249782187355195
1656600448.5156722 -1.354356143027037 -34.84463409908784 0.5204234838491407
1656600448.9156868 -1.4578229348575964 -35.314417711446815 0.5123436981552142
1656600449.3156729 -1.61560470031078 -35.74919508881773 0.5058712471550767
1656600449.715713 -1.8033444472704199 -36.19766302441657 0.498843453392897
1656600450.115684 -2.035670103659622 -36.615794198641744 0.4898537504271971
1656600450.5156896 -2.2609241776787643 -37.01017478768074 0.4794480817645274
1656600450.9156933 -2.4808184966171365 -37.375624674993375 0.4695266501675751
1656600451.315719 -2.703882603718755 -37.73161703593075 0.463144517060277
1656600451.7156577 -2.9209675574438174 -38.10423765564715 0.46089281821312755
1656600452.115689 -3.1215049976436338 -38.44030109459942 0.46369084413762085
1656600452.5156622 -3.2863810586892113 -38.75208502013504 0.46859669893366485
1656600452.9156551 -3.41948877746125 -39.08291019231373 0.47235940407176275
1656600453.3156924 -3.531638015923607 -39.42476292252267 0.47683744055003746
1656600453.7157106 -3.6291844651853 -39.81443447350056 0.48093680270931494
1656600454.1169205 -3.6898195554366113 -40.23577810426855 0.4856285075461987
1656600454.5156717 -3.7400129152658677 -40.60713956804652 0.4848067805703108
1656600454.9169447 -3.7709733661544482 -41.01056189924433 0.4844943288888705
1656600455.315788 -3.7681945682847067 -41.47155991665678 0.4862249018561478
1656600455.7170503 -3.7593418209203913 -41.910225875927026 0.48849232059599473
1656600456.115797 -3.7418180391980718 -42.33983458193368 0.4873317868369553
1656600456.5170922 -3.708544035429239 -42.805520803435414 0.4861867412953138
1656600456.9158192 -3.689937789858399 -43.25282241714333 0.48477967519211196
1656600457.3171017 -3.6712595205041434 -43.70793567538166 0.4804293607839052
1656600457.7157934 -3.6406068360800283 -44.162700035436536 0.4749373152237963
1656600458.1170304 -3.6222577821658333 -44.617817676044055 0.46921171674252116
1656600458.515902 -3.5965124294989232 -45.07655294834229 0.45883938416516923
1656600458.9171607 -3.5892914090272687 -45.53901587044062 0.4486511891242273
1656600459.3159044 -3.5816123589704127 -45.97829051785133 0.44124433982827665
1656600459.7171555 -3.5714358545892706 -46.416942308663145 0.4340402541916376
1656600460.1158938 -3.5648438205006165 -46.8347871167224 0.4323453275495005
1656600460.5170321 -3.544925414826119 -47.24815709721297 0.4305423762441877
1656600460.9157863 -3.5359448420003643 -47.67906989752097 0.430173589753222
1656600461.3170283 -3.514918531491676 -48.10618841006692 0.4351544227108324
1656600461.7168005 -3.4784010826218026 -48.49224813369695 0.4385319664841862
1656600462.1168 -3.4010800390733693 -48.86416121046162 0.44375888076990644
1656600462.5168252 -3.305083797435967 -49.24074924471301 0.4504672747679012
1656600462.916833 -3.1789216147251342 -49.614177065209624 0.45548630161211767
1656600463.3168447 -3.0101352107484844 -49.96290765627496 0.45944434669168893
1656600463.716809 -2.8006217993579345 -50.29167143120855 0.46534225876127167
1656600464.116847 -2.5142791709882943 -50.643561120609675 0.4675042605177895
1656600464.5168192 -2.242625605881068 -51.04066660005977 0.46864892494232585
1656600465.316781 -1.7460678937522327 -51.969882263094576 0.46674041907390224
1656600465.716649 -1.5554218471008836 -52.38142305000856 0.45889902427636226
1656600466.1177666 -1.418476878227933 -52.78352677688758 0.44054109875628616
1656600466.5166533 -1.3337854680154082 -53.2025362302597 0.4350579249303693
1656600466.9167404 -1.2224785304323464 -53.63576708060318 0.43997073603869824
1656600467.31666 -1.090284414639186 -54.06107279149223 0.4381215777209407
1656600467.7166884 -0.9496200493850699 -54.484283880404966 0.4332196981219056
1656600468.1154609 -0.7952005310597742 -54.88482784639155 0.4220782209475149
1656600468.518002 -0.5832653862982075 -55.292483035363375 0.4006896463088379
1656600468.9156241 -0.339302608702197 -55.64333098728829 0.3840986481155675
1656600469.316793 -0.09216738291914911 -55.938989854174146 0.35954330633612547
1656600469.7155795 0.11086632597121947 -56.20737729681527 0.3571404541245421
1656600470.1180973 0.3159379871213344 -56.46284999182585 0.35522191128686215
1656600470.5181458 0.5250593973587149 -56.61179883895939 0.35253493277204234
1656600470.9181268 0.7844615094457338 -56.783591692137065 0.36002005687895544
1656600471.3179698 1.1790103531853289 -56.88540997512436 0.39833345679617804
1656600471.7192216 1.5586444980123626 -56.918432540279014 0.4217127022867943
1656600472.1179826 1.928248924085246 -56.85496532500542 0.4328250539821298
1656600472.518099 2.2771319554221083 -56.71139859921375 0.443649253655321
1656600472.9168274 2.5982506305266906 -56.497784892059784 0.4553035859444504
1656600473.3167732 2.8572078641598693 -56.23091002193887 0.45978161864024675
1656600473.7177863 3.0676607000802685 -55.915138486496296 0.4667686169439633
1656600474.1176605 3.2142115554986894 -55.53511354299527 0.4717536121332607
1656600474.5164046 3.3329958319978235 -55.16033399865683 0.4727765384781833
1656600474.9176848 3.417697859536492 -54.799526042267075 0.4804202506933276
1656600475.3177433 3.4562557098649673 -54.40886123913487 0.49450665613404754
1656600475.7165694 3.4302286724793 -53.98943531396282 0.500461826023607
1656600476.116592 3.385335006209714 -53.56846041878775 0.5061163042261031
1656600476.5178926 3.2924329785470507 -53.1611074122168 0.5093365725902179
1656600476.9165897 3.154387345527552 -52.740887991617775 0.5156236025656246
1656600477.3165596 3.0066255886082627 -52.307784624494886 0.5216951445021669
1656600477.71652 2.848034728104847 -51.856182358259396 0.5223873598881956
1656600478.1176343 2.705486820099448 -51.34089358828119 0.5131879422918503
1656600478.5162938 2.569194965572008 -50.83223843548561 0.4980107990756756
1656600478.9163566 2.5113232756143185 -50.477937106266914 0.5118091475039976
1656600479.316291 2.4944633934620484 -50.15240115570082 0.5152034298386176
1656600479.7162874 2.4465930651016605 -49.672856677567516 0.5331289264011847
1656600480.116345 2.372942177855109 -49.14184024677719 0.5638574205323982
1656600480.5175872 2.341123538131259 -48.6514137706182 0.5670473538703388
1656600480.9164436 2.367305910690962 -48.16740999098788 0.5642842637007166
1656600481.3164082 2.4467971150751784 -47.69665611562578 0.5627606377197217
1656600481.7164075 2.578289252802359 -47.24038956756174 0.5666463040419912
1656600482.1163802 2.75715938721462 -46.81265079474194 0.5732519462877315
1656600482.516316 2.9584932430377107 -46.38987314613567 0.5780221296062887
1656600482.9175858 3.1678553310238127 -45.981035939221414 0.5807064876382767
1656600483.3150191 3.3515273810037822 -45.5771395146993 0.5806128148824323
1656600483.7162921 3.512374942251611 -45.17290797199429 0.5779878399812357
1656600484.1162972 3.640542590568066 -44.7799965865603 0.575142031790359
1656600484.5162742 3.7481268870763667 -44.366616260923735 0.5710673607021209
1656600484.9163558 3.8489989499876405 -43.95424066309177 0.565613697518484
1656600485.316322 3.915192344681831 -43.55293345377739 0.5643590745497243
1656600485.7163236 3.957094221186514 -43.11472452988641 0.5601407410262681
1656600486.1163197 3.9991564055193134 -42.67442924844342 0.5572782889159645
1656600486.516406 4.024043175256856 -42.26910027613375 0.5571498526396814
1656600486.9165862 4.017875430230585 -41.873767141653175 0.5573239696752026
1656600487.3165421 3.9846064695279355 -41.44926175018666 0.5605833685395318
1656600487.7165527 3.92703181250147 -41.01136877913527 0.5627478635816328
1656600488.1152687 3.8794747090390675 -40.5414586649901 0.563390351698792
1656600488.5164073 3.84056438223614 -40.069274876326844 0.5638688607373977
1656600488.916434 3.8451119500484827 -39.59250109854814 0.5628988083409685
1656600489.31642 3.9055380858883457 -39.09902203617071 0.5594025102637797
1656600489.7164485 3.996955939094703 -38.634311830871724 0.5582912128023884
1656600490.1164122 4.149963524700265 -38.20506484150722 0.5588367123894826
1656600490.5164247 4.338852083029654 -37.77764105615397 0.5597687436892113
1656600490.9164479 4.58399558472452 -37.371296221198065 0.5626102626530782
1656600491.3164554 4.882011431488615 -36.99541687608512 0.5671770955997363
1656600491.7164693 5.2475402865471406 -36.655734607902886 0.5744917146267375
1656600492.1164675 5.635603611288407 -36.38142480604404 0.5765105167268941
1656600492.5164793 5.997211117899701 -36.16701070128301 0.5807974211776489
1656600492.9151978 6.35615353095098 -35.96847198158419 0.5891150097481692
1656600493.316449 6.763472090010229 -35.773432719037125 0.5999870859121004
1656600493.7164705 7.177803604148745 -35.591708490765484 0.6124938424748597
1656600494.1164544 7.572775989859102 -35.41158129449124 0.6217636336555622
1656600494.5164783 7.970315974958391 -35.2186181487315 0.6285372221179204
1656600494.9163854 8.368544036287426 -35.020709016164695 0.6313617786146826
1656600495.3162713 8.786840668888233 -34.816315889874836 0.6346135027810548
1656600495.716184 9.172831035682316 -34.57694844617576 0.6321797581244325
1656600496.116293 9.546424363529047 -34.350692043930394 0.6272727187674966
1656600496.5163326 9.90238715823656 -34.12468170777546 0.6258203010081174
1656600496.9150693 10.265025559262591 -33.89757633020687 0.6205093979763024
1656600497.316314 10.644183734735424 -33.68178741817816 0.6306790072139437
1656600498.1163185 11.385424448997716 -33.22377437579945 0.6471147495960153
1656600498.5163186 11.757782770579727 -32.970959723264066 0.6474706511904547
1656600499.315165 12.460293457422575 -32.418361553574144 0.6432025219906031
1656600499.7164276 12.799754582980016 -32.16434838015071 0.639422762322186
1656600500.1151567 13.086202192903203 -31.897168794254192 0.6365381158358706
1656600500.5164888 13.332112685564372 -31.599495425294545 0.6359084633824881
1656600500.9153175 13.556903237842343 -31.264485285866538 0.6376513121649638
1656600501.3165631 13.731300246193436 -30.92057748641984 0.6379743629483298
1656600501.7167258 13.854645472055932 -30.581487466092845 0.639803526912103
1656600502.1160529 13.91497486129987 -30.202364316083607 0.6387605928386926
1656600502.514782 13.914171852658248 -29.824588772282173 0.6365332896075838
1656600502.9163215 13.846735933843426 -29.462112600364886 0.6390606437615587
1656600503.3163118 13.705527653623514 -29.10090648692569 0.6405161586070268
1656600503.716286 13.51968091176529 -28.787191551645925 0.6428544894067539
1656600504.1162844 13.313635787320756 -28.497388209058133 0.6510088552965554
1656600504.5166965 13.046761371012582 -28.234242938689917 0.652029597700375
1656600504.915415 12.776457722139368 -28.035581066091847 0.6530798611797244
1656600505.3166788 12.444658493151127 -27.965586870129886 0.6593393982656056
1656600505.7154257 12.034079690074504 -28.00947780995992 0.6655010640780308
1656600506.1154225 11.612562774155698 -28.087758950379108 0.6741817858268444
1656600506.5155523 11.172466081367535 -28.19941529234454 0.6830817673348243
1656600506.9168143 10.68774286595006 -28.323313340241402 0.6831823530711466
1656600507.31556 10.200742565626674 -28.443901932314315 0.6760741910553367
1656600507.7155724 9.737685143487134 -28.538976422101694 0.6614642602246302
1656600508.1155698 9.313460844210068 -28.641091180228177 0.6539719388771238
1656600508.516972 8.895898581075263 -28.74337067788519 0.6516307875247274
1656600508.9157991 8.440767045367252 -28.855492260601288 0.6468523165943503
1656600509.3170354 7.973163341901673 -28.94135661578358 0.6428933837911944
1656600509.7157872 7.507025667344633 -29.006322792294487 0.6431465918778967
1656600510.1170712 7.059424289658363 -29.04174870929398 0.6418683761856583
1656600510.5158353 6.599938062931584 -29.02664070559572 0.6422501473885877
1656600510.9170375 6.154313220365058 -28.963304631288516 0.6403650834873506
1656600511.3157983 5.728022778766308 -28.853244000693113 0.636873067585199
1656600511.717043 5.282894301354948 -28.68538440324774 0.6349153979369309
1656600512.1158404 4.851387291588054 -28.452901708920592 0.633010739115368
1656600512.5170734 4.4697333913351605 -28.16453613171915 0.6300091700093167
1656600512.9157734 4.146851789041478 -27.809074105908454 0.6271364535928017
1656600513.3169045 3.883239976856645 -27.384995566658624 0.6255635653415823
1656600513.7155461 3.693500349078596 -26.91797217336724 0.6274633836648303
1656600514.1167963 3.578165871406237 -26.452789099562423 0.631065755412465
1656600514.5154476 3.5916177772470594 -25.975686163595924 0.6308959624748541
1656600514.9153156 3.7348105513109466 -25.53567545910104 0.637307302487963
1656600515.3153088 3.97648418610616 -25.13479651317331 0.6423795305242956
1656600515.7165413 4.27053955879106 -24.811176669864164 0.6477289473212781
1656600516.1165893 4.6023923372300395 -24.514030551714406 0.6513492863164909
1656600516.5166092 4.965178138968529 -24.23156474541862 0.657614844938742
1656600516.9165308 5.334322712991313 -23.966639004233485 0.663707315638918
1656600517.31779 5.718021808657431 -23.726124045662747 0.6703824539703201
1656600517.716561 6.112727091226633 -23.502167318257804 0.6751632818802065
1656600518.1177773 6.507790234131841 -23.28359731555269 0.6783585995256683
1656600518.5154042 6.924988877304557 -23.076981907237453 0.6805063991052602
1656600518.9166768 7.351926180447621 -22.860224871683997 0.6749998521114485
1656600519.3154814 7.780237727612055 -22.675073695419744 0.6726202717226202
1656600519.716689 8.195445605201737 -22.479180935083793 0.6663862038517638
1656600520.116692 8.586748362978609 -22.301804392556974 0.6615139554815357
1656600520.5166774 8.924845790210416 -22.094433152687817 0.6554160198345063
1656600520.91664 9.120879727209495 -21.985277932195956 0.653096177359004
1656600521.3165026 9.234333405121069 -21.904845213876374 0.6512684479651125
1656600521.7164311 9.36098715020666 -21.806814769627525 0.6498793089569161
1656600522.1164715 9.458183770959314 -21.714902870949537 0.6509224002322922
1656600522.516304 9.557786914562799 -21.615283253514843 0.6514624858736413
1656600522.9164603 9.663730296008932 -21.4828072371494 0.652739335847411
1656600523.3163972 9.778260919017098 -21.313906702718885 0.6557374778359646
1656600523.7162929 9.87767867502815 -21.094465011166466 0.659828013845604
1656600524.1163208 9.941830360257192 -20.815702356778058 0.6655998817582476
1656600524.5163152 9.93344481656285 -20.39406316226134 0.6660774129522238
1656600524.9163485 9.9154078857237 -19.969277197636288 0.6685669843174239
1656600525.3162796 9.875116334936376 -19.605222712462194 0.668307882980196
1656600525.7163484 9.787657740511396 -19.267184480561298 0.668914063178749
1656600526.1163623 9.656096173060092 -18.99907675411563 0.668688046467583
1656600526.5163872 9.302886111266234 -18.662937608118018 0.6753604881084846
1656600526.9162614 9.017185649120222 -18.439438782710532 0.67153263003912
1656600527.3162699 8.697738882727082 -18.22599534822217 0.6755346343264386
1656600527.7165494 8.390132958657103 -18.080052781267614 0.675210923716138
1656600528.1165972 8.008997488392229 -18.041004022611162 0.6756925312877551
1656600528.5165231 7.572288538937996 -18.055244293520172 0.6764451892662784
1656600528.916412 7.128726254402155 -18.108165474925652 0.6755021778919179
1656600529.3164291 6.688121997507458 -18.180180603325784 0.6691463384183466
1656600529.71641 6.268218350135335 -18.275238396272886 0.6690035725644184
1656600530.1164048 5.84378275885813 -18.383693263839366 0.6667834167601557
1656600530.5164402 5.404316643493247 -18.50712911328932 0.6674370433777265
1656600530.9165583 4.9587194237565475 -18.614926052090564 0.6658369265836745
1656600531.316518 4.4913794170679395 -18.7136601737659 0.6619575664104336
1656600531.716446 4.04764305219886 -18.787579881447495 0.661801823504001
1656600532.1164718 3.596434584632714 -18.843130887214024 0.6562373951962879
1656600532.5164547 3.1133808717319633 -18.878365985978608 0.646931374708992
1656600532.9164777 2.6581627978106397 -18.897368169614136 0.6411891267660207
1656600533.3164823 2.200299104906428 -18.88325678445324 0.6366939224213042
1656600533.7164142 1.7514271452705719 -18.824445606565682 0.636080444440761
1656600534.1164918 1.338796597378865 -18.753536787727448 0.6388236367892525
1656600534.5164256 0.9132056941312877 -18.705644113801828 0.638502378154044
1656600534.9164193 0.46156728122718915 -18.64027328707852 0.637250310273519
1656600535.3165011 0.007165148545831349 -18.590190366996847 0.6346961315783958
1656600535.7164795 -0.43353847497476844 -18.531809167744996 0.6273861815322349
1656600536.1164982 -0.8626820207713334 -18.470388353251206 0.62352559808037
1656600536.5164468 -1.300048078398298 -18.401302957142857 0.6240887244164908
1656600536.9165466 -1.7337861090676112 -18.346287286969233 0.6261308874344983
1656600537.3165367 -2.1916492477306053 -18.264404775400294 0.620873569647174
1656600537.7165616 -2.6288526942105115 -18.207312534105792 0.6212600054757585
1656600538.1165502 -3.005359264960898 -18.19471849985162 0.6145502380056325
1656600538.5165503 -3.368676667947155 -18.20051854965788 0.6079805681218353
1656600538.916688 -3.7233578138057752 -18.253873888452553 0.6041223798428372
1656600539.316689 -4.049623119276011 -18.32575842039586 0.5949539752063606
1656600539.7166884 -4.308176112257364 -18.415027595918605 0.5907802108349742
1656600540.1155102 -4.5112087954047855 -18.48141878254438 0.5876254544360215
1656600540.516677 -4.70943028905929 -18.593774765576903 0.5886275181626814
1656600540.9155037 -4.898989851502899 -18.724046082832338 0.589952201706606
1656600541.3179965 -5.062601563245505 -18.914815337938474 0.5851205326874183
1656600541.7155855 -5.225422159072738 -19.13725610997109 0.5782389110644021
1656600542.1168203 -5.3425530336319 -19.470027607654508 0.5795855281700726
1656600542.5155263 -5.434785439384118 -19.869438750815743 0.5806210294231414
1656600542.9167738 -5.558086299602157 -20.260848490893153 0.57815702014158
1656600543.3165345 -5.641774633931168 -20.446030524951123 0.5758646790045299
1656600543.7164237 -5.642086700889974 -20.43944686001149 0.574799427306516
1656600544.1164448 -5.643789446446124 -20.449773134813913 0.5765193082625134
1656600544.516419 -5.616178174196071 -20.364490328336235 0.5754723109412572
1656600545.3165414 -5.3743965259494635 -19.665939199994853 0.5762528212541319
1656600545.7165964 -5.263044199403405 -19.35292209422305 0.580373346710288
1656600546.1167126 -5.290819375673579 -19.45320644496878 0.5819300004884194
1656600546.5166442 -5.4732560128341925 -19.858401134565813 0.5794736767125102
1656600546.9165525 -5.697474241259586 -20.268011358891446 0.5743810811869493
1656600547.7165978 -6.261120017952034 -20.977836621648112 0.571040719053541
1656600548.116614 -6.526260224511832 -21.310886978638663 0.5658847024125437
1656600548.516589 -6.778294469347968 -21.649977495051484 0.5629252040419614
1656600548.9165735 -7.011933068074885 -22.000934915857993 0.5624052612607333
1656600549.3165312 -7.198425222089894 -22.35980327746873 0.5612754453015415
1656600549.716699 -7.357537821518168 -22.70299765576599 0.5569589129117904
1656600550.116667 -7.460061272364181 -23.04963047804756 0.5521254476947827
1656600550.5166996 -7.532937567189179 -23.413092588202968 0.5456547624433609
1656600550.9179409 -7.5600321732006455 -23.78594476939829 0.5492798927054178
1656600551.3167331 -7.550647134593833 -24.120836997912306 0.5487413321385466
1656600551.7179604 -7.481404405891618 -24.433884607579635 0.5473435256170255
1656600552.1166532 -7.358960552116827 -24.763362066350375 0.5496479559801909
1656600552.517962 -7.1395998523177395 -25.12330276464608 0.5571631727582749
1656600552.9166777 -6.910654640053992 -25.503186000839367 0.5624024282393943
1656600553.3166542 -6.683322221397249 -25.854394635228783 0.5690800022284014
1656600553.7166853 -6.428273352000447 -26.228362881804372 0.568375552966017
1656600554.1179533 -6.156424405579578 -26.570225077487187 0.5711760125347468
1656600554.5166316 -5.872523667577487 -26.902118755891433 0.5657897993346659
1656600554.9177654 -5.576091184283081 -27.219653218516214 0.5650790965821022
1656600555.3164353 -5.262222930766752 -27.53647043476945 0.5612664129518721
1656600555.7176907 -4.951175061114083 -27.86702847687412 0.5566508217091346
1656600556.116433 -4.660877617359456 -28.17929513483415 0.5572255787497429
1656600556.5176528 -4.372660465722014 -28.459652530365368 0.5564210143335704
1656600556.9175858 -4.056136467050842 -28.709956515173914 0.5591018823564315
1656600557.3175743 -3.7568111801169843 -28.905328948561895 0.5534635630208914
1656600557.7175937 -3.4651479456793024 -29.043486814457548 0.5525243210942429
1656600558.11757 -3.1438935472628646 -29.12448210178041 0.5433725008477684
1656600558.5175905 -2.8032646205643226 -29.144009578255584 0.5421380938159355
1656600558.9175699 -2.458017836309362 -29.114266183150157 0.5450431029622751
1656600559.3177912 -2.132273096769757 -29.02363654258409 0.5474861093813852
1656600559.7165446 -1.8296522796818886 -28.8516665313991 0.5516731335298769
1656600560.1177893 -1.5525057868753727 -28.580121170013257 0.5549160924900511
1656600560.5177617 -1.3101858378408984 -28.25636382819525 0.566528253222031
1656600560.9176512 -1.098036549428077 -27.878579149274497 0.5713969142029579
1656600561.3175726 -0.8796757287266642 -27.447494716577612 0.5667368379557574
1656600561.7175593 -0.6669604996567333 -27.05194311098785 0.5694473182768837
1656600562.1175277 -0.45253957208873574 -26.698133348765783 0.5757282716116581
1656600562.5187876 -0.2600336691996622 -26.325135666033276 0.5811738335753516
1656600562.9187725 -0.03537772585640052 -25.913735490291504 0.5934242499549561
1656600563.3187742 0.20093002929135365 -25.503005186083683 0.6100849997951295
1656600563.7187836 0.4629265496375286 -25.12024904331014 0.6097613921825349
1656600564.1188004 0.7611712025103059 -24.747121459355636 0.6202159210679062
1656600564.518755 1.1074827747497804 -24.39321257498489 0.6282658330372232
1656600564.9175239 1.4658854398824537 -24.077811274337364 0.635072367751606
1656600565.317531 1.860735095600758 -23.812361349163332 0.6357503917761684
1656600565.7175746 2.2907209799150463 -23.57725119958924 0.634625708646556
1656600566.1187692 2.7512208753228578 -23.41355042812103 0.6361727787045092
1656600566.5188067 3.2170098043257407 -23.319439474093233 0.6403069808181594
1656600566.9187908 3.706809421944762 -23.300661508435436 0.6415238074141645
1656600567.317551 4.199105108991832 -23.362166411870483 0.6500857324808856
1656600567.717579 4.6707728271588485 -23.52108826421843 0.6562897950275918
1656600568.117532 5.108423850022901 -23.779202707446657 0.6599378523077624
1656600568.5175402 5.489736368809825 -24.1148981679205 0.6642190081107521
1656600568.9175375 5.783751329293057 -24.5307507383817 0.6652279479232595
1656600569.3162918 5.979147655468276 -24.940577196042668 0.6641729891950507
1656600569.7175553 6.005455386275028 -25.499995226237964 0.6459746968982428
1656600570.1175725 5.977039413650829 -25.933609879098626 0.6507957183240489
1656600570.5175734 5.919966575690414 -26.38525023224026 0.6526655216828565
1656600570.9175694 5.82825657426995 -26.8412544535405 0.6537102733011292
1656600571.31764 5.70367457945907 -27.30744904086074 0.6530512100970639
1656600571.7182221 5.563421431242748 -27.749798897499787 0.6479915153502018
1656600572.1169071 5.39848842087917 -28.175582610088757 0.6397769955673224
1656600572.5182252 5.205211757080804 -28.59654721882053 0.6335925304071977
1656600572.9168215 4.991634279450495 -29.0143608796704 0.629721119323741
1656600573.3181005 4.755326456049 -29.417169586120078 0.626790821987362
1656600573.7167788 4.514970049050134 -29.817729448088983 0.6182584436065026
1656600574.1179729 4.247084922420218 -30.19054695173309 0.6089365927773918
1656600574.5167804 3.9774074737161387 -30.545899217279246 0.6016013648174854
1656600575.7181141 3.2306651583030987 -31.600063402798664 0.5839511875145047
1656600576.1168652 3.011208179446966 -31.961744120014348 0.5760953466594052
1656600576.518311 2.794093313267941 -32.30478948724464 0.5773498165594766
1656600576.9158676 2.6096644437725467 -32.678138457890334 0.5754701357123483
1656600577.317255 2.4561787171947866 -33.04862602217749 0.5713562822205034
1656600577.717134 2.325106141194372 -33.42964368039693 0.5673809330208767
1656600578.117095 2.222992826104611 -33.829312647937506 0.5666185419611779
1656600578.5172772 2.158019420360858 -34.22089372629613 0.5711953044225433
1656600578.9173417 2.1391159399223163 -34.623437807436574 0.5712278085754606
1656600579.3174675 2.1611282543647454 -35.04642445655151 0.5698458626438511
1656600579.7175288 2.2160607576391946 -35.49159917356498 0.5708446726061648
1656600580.1174395 2.2729311593991732 -35.95279562628091 0.569209597439027
1656600580.5174391 2.2875110519243553 -36.424153343466884 0.5664174028578226
1656600581.7175014 2.196973386758566 -37.75233524806045 0.558325431233718
1656600582.11761 2.1675537762112853 -38.19674508207853 0.5581764002017443
1656600582.5176563 2.1353661967672175 -38.665269581507026 0.5606867154793067
1656600582.9177487 2.059275135461829 -39.13837035846986 0.5593318442121845
1656600583.3165321 1.9236278171735277 -39.60577068454616 0.5569212176711116
1656600583.717736 1.7426217982433938 -40.05032055696023 0.5559405140765569
1656600584.1165833 1.511337234095878 -40.46428677742974 0.5494631117196098
1656600584.5165813 1.216129295502055 -40.8706791955938 0.5411296622981122
1656600584.9164844 0.8914845995089723 -41.242276281923075 0.5256591148104593
1656600585.3177125 0.5316152105386348 -41.518771484843874 0.5118422183102865
1656600585.7178717 0.14944379907774663 -41.7222755463729 0.5074889843917691
1656600586.1165974 -0.2867238713815714 -41.91004497511079 0.5075985930843624
1656600586.5166056 -0.7636862737695542 -42.050205128027294 0.5090151882282979
1656600587.7167225 -2.192141472466424 -42.184138230632776 0.4908189430344496
1656600588.1171114 -2.6524853470077563 -42.11119594895581 0.482584086154236
1656600588.5170836 -3.0662545177488707 -41.98597016372071 0.48062362301618167
1656600588.9169598 -3.493817671228561 -41.82620392520662 0.4836964223174342
1656600589.3171294 -3.8935496279028126 -41.629659670764006 0.48630579661532125
1656600589.7172635 -4.281022630575148 -41.40132711695176 0.48927540288109844
1656600590.1171865 -4.657567438934365 -41.1580677492155 0.49252762662273303
1656600590.5172527 -5.029545101106627 -40.92787840245467 0.4910588799613183
1656600590.9172711 -5.393575106486789 -40.70535303041106 0.4921496716252186
1656600591.31727 -5.772797815840707 -40.507131799197985 0.49098277960238706
1656600591.7173104 -6.169492671381379 -40.298267172587906 0.49095813193909665
1656600592.1168664 -6.567231883477408 -40.081804945850685 0.49046819663910146
1656600592.5168316 -6.937339569734343 -39.85755981276096 0.4927570361586823
1656600592.9167488 -7.30628645280745 -39.62717536112302 0.4967928392660635
1656600593.3167772 -7.669430146462573 -39.392632884864824 0.502196160099924
1656600593.7167914 -8.049738362560971 -39.16236510654298 0.5081902327567397
1656600594.1167264 -8.403729108791692 -38.933483406199 0.5138906218860987
1656600594.5167155 -8.7616045717804 -38.69336100290944 0.5188358999921994
1656600594.9167237 -9.135881695500963 -38.41133102181282 0.5248747456642019
1656600595.3167064 -9.516790064341688 -38.1015432118633 0.5266464115290861
1656600595.717874 -9.889097672854772 -37.75120755353704 0.5236841585996748
1656600596.116568 -10.17934001740021 -37.363381868664945 0.5226625019545456
1656600596.51646 -10.421368913954927 -36.92742415540718 0.5186037179812826
1656600596.9164753 -10.579884406532575 -36.462807713781835 0.5176672561109961
1656600597.3177338 -10.653969682037859 -35.972766679304904 0.5204142102087593
1656600597.7177114 -10.658903915287887 -35.50209511701879 0.5219371531873623
1656600598.1177192 -10.596626623957142 -35.02648771097638 0.5218799848629271
1656600598.5164816 -10.491538273380609 -34.57398760923496 0.5221112369100062
1656600598.9177458 -10.332821088917115 -34.149433904099375 0.5227335408801402
1656600599.316515 -10.158358875836353 -33.727016708020116 0.5208825134356009
1656600599.7179923 -9.963597892807115 -33.326049578069274 0.5214075013781099
1656600600.1167433 -9.752962157488792 -32.923094214772625 0.5218175859642535
1656600600.9167202 -9.29377859607871 -32.17947720667534 0.5301615893018029
1656600601.3180172 -9.076251876388765 -31.812902753235836 0.5352201197630801
1656600601.71677 -8.865818525442814 -31.431914831938013 0.5436464367206978
1656600602.1168363 -8.661166758186694 -31.03955642849806 0.5467908954155302
1656600602.5168755 -8.459892802376036 -30.64461270316138 0.551034510200223
1656600602.9169142 -8.276490181336891 -30.23282253331701 0.548033523984998
1656600603.3170254 -8.090624637688304 -29.82260035759894 0.5485815442849846
1656600603.716983 -7.888637195637829 -29.42477734667185 0.5472214885491675
1656600604.116953 -7.689979206827857 -29.045319845263467 0.5468200578629077
1656600604.5171025 -7.662497506737585 -29.020193630181833 0.5463279364544382
1656600605.7162092 -7.675409991771763 -29.01116987517773 0.5426805545500916
1656600606.1174533 -7.675781384579939 -29.01247596435957 0.5428233987708893
1656600606.5173395 -7.675652447689744 -29.012117631586953 0.542786374012516
1656600606.9174035 -7.675800337884128 -29.012475722008936 0.5425685547287269
1656600607.3161695 -7.675730522242827 -29.01235375536881 0.5423333190809818
1656600607.7173984 -7.675691515671135 -29.012304004189016 0.5422262461154925
1656600608.116126 -7.675798780982873 -29.01237031042855 0.5421421403251908
1656600608.5161293 -7.675808595309813 -29.012204667550886 0.5420092365364189
1656600608.9161365 -7.675843811734245 -29.012568160522875 0.5419898336490054
1656600609.3174083 -7.675717365836491 -29.012466220553055 0.5420378880198526
1656600609.7172136 -7.675765979117578 -29.012743967363757 0.5419883045841674
1656600610.1172245 -7.675724814349794 -29.012166303205813 0.5419266595712636
1656600610.5172572 -7.675738681335062 -29.012277695321682 0.541859401578883
1656600610.91847 -7.675867291521863 -29.012450481272715 0.5418648990179424
1656600611.317114 -7.675806869230574 -29.012476448489128 0.5418843931855737
1656600611.7170796 -7.675678454371312 -29.012400240852635 0.5416906846546465
1656600612.1170094 -7.675723208303541 -29.01239061897358 0.5415719776622914
1656600612.5182273 -7.6757689601849535 -29.012250223852064 0.5417935632595295
1656600612.915707 -7.6758577064140585 -29.012554327026432 0.5419797606343932
1656600613.3169284 -7.675821803895712 -29.012573445731 0.5420185684728901
1656600613.7169738 -7.675691127599833 -29.012507122755483 0.5418815668186691
1656600614.1169584 -7.675626933092921 -29.012340048569765 0.5417657318897063
1656600614.5157676 -7.675794963782035 -29.01278164074178 0.5417765767504816
1656600614.9159944 -7.675665220766591 -29.011926311071413 0.5417723478989824
1656600615.3159885 -7.675769301271631 -29.01232339323532 0.5417486639755188
1656600615.7172506 -7.6758247261303705 -29.012457317278486 0.5415481654421138
1656600616.1172013 -7.67562817032808 -29.012333666370555 0.5415361459028298
1656600616.5170965 -7.675697494105017 -29.012614127671256 0.5416016779463197
1656600616.9171157 -7.675746955334181 -29.012404809766608 0.5415836442246901
1656600617.3171093 -7.675758267763011 -29.01277748679758 0.5414111397497554
1656600617.7172272 -7.675734361689269 -29.012762695549892 0.5414338609301553
1656600618.1172545 -7.6757513591264805 -29.012325614045917 0.5413301833366556
1656600618.5172637 -7.675899734779693 -29.012565734597853 0.5413279904363076
1656600618.917254 -7.675784394356155 -29.012325148418046 0.5414410626324802
1656600619.3172524 -7.675745155280059 -29.012388790517335 0.5413590587499668
1656600619.7173471 -7.675590991648531 -29.012099140235776 0.5413254907769066
1656600620.116128 -7.675657874668666 -29.012289278117283 0.5412763419756867
1656600620.517425 -7.675767786227218 -29.01239323345695 0.5413545286450181
1656600620.9174092 -7.675783207072539 -29.01270955606674 0.5413714294089795
1656600621.317366 -7.67594633469973 -29.01313445302741 0.5412377590865991
1656600621.7173326 -7.6759098128602785 -29.013280255284194 0.5411496587396529
1656600622.1172032 -7.675870928068102 -29.013050337170142 0.5412703427332662
1656600622.5171034 -7.6760870807490615 -29.013426826085492 0.5413156081367062
1656600622.9171252 -7.6759900073201255 -29.013214739561064 0.5413058044199233
1656600623.3170924 -7.675941422070019 -29.01269012415935 0.5412785195434922
1656600623.7171018 -7.675826453394873 -29.012502550797542 0.5413175964197714
1656600624.1172328 -7.675906360995062 -29.012522585542694 0.5413286817002129
1656600624.5172572 -7.675825493894113 -29.01249339486675 0.5412674834257012
1656600624.9172578 -7.67577311961749 -29.012424450853082 0.5412693371586357
1656600625.3172705 -7.675940529319322 -29.013022196387332 0.5412371873766675
1656600625.7172778 -7.676038559541289 -29.01301672531765 0.5412493250292979
1656600626.1172488 -7.675887059940347 -29.013004409389712 0.541285166191592
1656600626.5172527 -7.675891294838793 -29.01325081085743 0.5413267121123729
1656600626.9172714 -7.676037459520781 -29.013366449019003 0.5413737003632612
1656600627.3172338 -7.675977341508746 -29.013463614890416 0.5414542852004174
1656600627.7171102 -7.675876280398232 -29.012954449622974 0.5413431474590302
1656600628.1170142 -7.675835504445989 -29.012378255727445 0.5411971946880225
1656600628.5170486 -7.675926556179674 -29.0127666387023 0.5412698904007843
1656600628.9170153 -7.675818127436007 -29.012765978644804 0.5411793754947879
1656600629.3169549 -7.675864335053375 -29.012772907695883 0.5412617018206639
1656600629.7169647 -7.675936033879366 -29.012752697819117 0.541328122108783
1656600630.1182933 -7.676080268958473 -29.013089590456335 0.5411885871979103
1656600630.5170002 -7.676141076055382 -29.013291774658086 0.5411344340388876
1656600630.917029 -7.676152935584311 -29.01319652285046 0.5410809922529736
1656600631.3169923 -7.676228440257921 -29.013487433719728 0.5410534286095483
1656600631.716997 -7.676114910636299 -29.013299779105783 0.5410764918284044
1656600632.1169765 -7.676092557110978 -29.012752672574116 0.5407737473123494
1656600632.5182827 -7.6760108859065035 -29.012302071871837 0.5405756168648507
1656600632.917073 -7.6757913455944475 -29.01238091153795 0.5405722088503802
1656600633.3172548 -7.675851388048647 -29.012838244995717 0.5407161666833554
1656600633.7172198 -7.675862283336183 -29.012426022613568 0.5410299282514465
1656600634.117226 -7.675945897236917 -29.01267202015743 0.541076542946552
1656600634.5172088 -7.676143565104 -29.012919660551244 0.5410813033675937
1656600634.9185448 -7.675930107636363 -29.01320766871462 0.5408709339939386
1656600635.316036 -7.676161146396987 -29.012857095950736 0.5408583478115023
1656600635.7186272 -7.675935450118252 -29.012851862296372 0.5410122470500662
1656600636.1173525 -7.676109565611253 -29.012922013856784 0.5414369606004137
1656600636.5186772 -7.676342561206978 -29.013220231246105 0.541556807594341
1656600636.9173472 -7.676234938130753 -29.013469601509023 0.5413622753909411
1656600637.318558 -7.676112376359244 -29.01298977325056 0.5410927492877766
1656600637.7172115 -7.67639123901374 -29.013498209658195 0.5409398583298654
1656600638.1172342 -7.676301416195027 -29.013271145461566 0.541075439387373
1656600638.5172737 -7.676286212366797 -29.01317313344392 0.5409992058333225
1656600638.917256 -7.676053585108676 -29.012727015432603 0.5410379455113462
1656600639.3159697 -7.676195802246287 -29.01288302642403 0.5411949412499357
1656600639.7172751 -7.6762373418982754 -29.012933131466017 0.5412473704648909
1656600640.1160111 -7.676294300371195 -29.013063629250837 0.5412084424438136
1656600640.5172591 -7.676198169480408 -29.012997028582173 0.5411507611038383
1656600640.9171233 -7.676231049655608 -29.01312130265696 0.5412322467531172
1656600641.3172765 -7.676174987014036 -29.01286517438711 0.5413377852216472
1656600641.717247 -7.6762269158828405 -29.013046700085592 0.541407635458464
1656600642.1173794 -7.6762344021182685 -29.013034447382996 0.5414036863837784
1656600642.5173733 -7.676127478627849 -29.012927053658434 0.5414672895492793
1656600642.9173782 -7.676278096811931 -29.013103755456115 0.5420586886898705
1656600643.3173568 -7.67593559595134 -29.012717866787106 0.5426436276261047
1656600643.7173796 -7.676199737198582 -29.01267857587206 0.5432195227376703
1656600644.117339 -7.675315406794302 -29.012664693550327 0.5431953914917348
1656600644.517363 -7.675459819558305 -29.012746079836283 0.5428864815178218
1656600644.916111 -7.675547334153685 -29.013043701447124 0.542330868759377
1656600645.3173375 -7.680122318766301 -29.01165777010661 0.5422948203191696
1656600646.5197256 -7.676653621298689 -29.01330111167005 0.5383510524017584
1656600646.919776 -7.689546791163247 -29.009333372378336 0.5518118716919409
1656600647.319729 -7.686867660714923 -29.01016050949254 0.5450772783535799
1656600647.7197566 -7.67971690066642 -29.01222264263892 0.5410634924417647
1656600648.1184943 -7.67784397322131 -29.012328150078034 0.5409058962121924
1656600648.5197573 -7.676902015083521 -29.01298665458988 0.5411519439281264
1656600648.9172199 -7.676425153810813 -29.012870739170744 0.5413734366770399
1656600649.318491 -7.676580102322255 -29.012816837982555 0.5415103373922383
1656600649.7172682 -7.676599868218961 -29.012924714754256 0.5415476536571061
1656600650.118532 -7.676446765348589 -29.012010665388864 0.5416944996521845
1656600650.5173228 -7.6762864631147085 -29.011920838266207 0.5415739170735657
1656600650.9183078 -7.676281056865211 -29.011800887947953 0.5414257239231133
1656600651.316993 -7.676288978126997 -29.01179949604559 0.5413880396989853
1656600651.7182918 -7.67630814870328 -29.011873792323495 0.5415698974321437
1656600652.1170225 -7.676177884980541 -29.010832301968197 0.5415694891690167
1656600652.518305 -7.676170782887267 -29.01102291526143 0.5414351956126998
1656600652.9182305 -7.676334967725692 -29.01156971379131 0.5414068594789979
1656600653.318479 -7.676241376399425 -29.01147031540617 0.541407519619236
1656600653.7184737 -7.676177609309809 -29.011308558666705 0.5415547142284526
1656600654.1185586 -7.676417648318673 -29.011861920968393 0.5417619776613494
1656600654.5185285 -7.676655631967413 -29.012678411603833 0.5417584883921808
1656600654.9197545 -7.676719717233239 -29.01304409018983 0.5417670557137814
1656600655.3197231 -7.676809792938364 -29.0130417250151 0.5417254913953845
1656600655.7199535 -7.6769281080901814 -29.013157141372847 0.5416248542828255
1656600656.1199894 -7.6768546144974374 -29.01285727441484 0.5415495379416776
1656600656.5199623 -7.676781751748459 -29.01243078940408 0.5415973598290779
1656600657.719345 -7.675562005673837 -29.012634674054464 0.5413130265353107
1656600658.120583 -7.676755809306914 -29.01318049492563 0.5411537080475207
1656600658.5205958 -7.675553455777683 -29.00798591793794 0.5399583607246351
1656600658.9193866 -7.676786849195671 -29.01262512927546 0.540536288725798
1656600659.320614 -7.676680024827051 -29.012954896429687 0.5410118250259643
1656600659.7193873 -7.676779513300131 -29.01283698476958 0.5409301196904781
1656600660.119558 -7.676721374527657 -29.01283104142813 0.5409641471257381
1656600660.5195515 -7.676781870308869 -29.012565768813793 0.5410158754717596
1656600660.9182634 -7.676874007821767 -29.012716788821724 0.54104155316868
1656600661.319507 -7.676707610994643 -29.012235365628573 0.5409244806522432
1656600661.7194598 -7.676828813448216 -29.012077901391923 0.5409910911346125
1656600662.1182072 -7.676758847024626 -29.012003297519673 0.5409913520372884
1656600662.5193892 -7.676694408766017 -29.012566951094318 0.5410838193055898
1656600662.9181218 -7.676575404130561 -29.012472878723706 0.5411593801204732
1656600663.3193336 -7.676453414528337 -29.012496529000984 0.5410673422087591
1656600663.7182071 -7.676574749809332 -29.012702617356307 0.541054532820707
1656600664.118135 -7.676465139457692 -29.012443165463644 0.540988714800903
1656600664.9181082 -7.6766585210239455 -29.012670900901913 0.5410119563563026
1656600665.318115 -7.676687461587517 -29.012572025258287 0.54091046697535
1656600665.719353 -7.676803215007303 -29.01298184892465 0.5411471630185395
1656600666.119554 -7.676763603947848 -29.01304040009233 0.5413430895660405
1656600666.5183082 -7.676872181121506 -29.012816773936308 0.5412534544974066
1656600666.9194932 -7.676851735723863 -29.012886939103414 0.5411099182456705
1656600667.3195577 -7.676815631354912 -29.012794721078986 0.5410195530342772
1656600667.718229 -7.676797113637765 -29.012820569611456 0.5410057816740542
1656600668.1194603 -7.676837629133013 -29.01303819233075 0.5409664110331407
1656600668.518254 -7.676783068237834 -29.013259557258902 0.5409657784606836
1656600668.9184651 -7.676611482363523 -29.013044171855125 0.5410804510699819
1656600669.3184617 -7.676789644172043 -29.013066939108395 0.541215027796151
1656600669.7196987 -7.676902514275058 -29.012748962360018 0.5411308358042817
1656600670.5183604 -7.676725493582153 -29.012912954953144 0.5409514578348245
1656600670.9185185 -7.676573749717338 -29.01287023406693 0.5409570810725881
1656600672.519534 -7.676500483286783 -29.01278131423149 0.5412167206045615
1656600672.9195302 -7.6764177095545145 -29.01209251604828 0.5410474079133365
1656600673.3194923 -7.676398922132133 -29.01225740659866 0.5407938570202183
1656600673.7182522 -7.676372505606936 -29.012452440927962 0.540696294995677
1656600674.1195092 -7.676472011116601 -29.012408318783955 0.5405409548055141
1656600674.5181313 -7.676712109309635 -29.01258961668736 0.5407271117289608
1656600674.9193854 -7.676751405817696 -29.01301088595705 0.5408802450313105
1656600675.3182585 -7.67659854996301 -29.01298055111015 0.5407923054951118
1656600675.718242 -7.6766273714598565 -29.013168728334726 0.540833417167293
1656600676.1182148 -7.676689380264788 -29.012957080543796 0.5407621568877429
1656600676.5195334 -7.676556416493102 -29.013042470862278 0.540843611774272
1656600676.918196 -7.676522363254965 -29.012856636028395 0.5407511535905279
1656600677.318196 -7.676463657947779 -29.01268083810945 0.5404702697836204
1656600677.718156 -7.676561550819864 -29.012516354949273 0.5406893277358467
1656600678.1193686 -7.67657759856956 -29.012326366456644 0.5406634719534399
1656600678.5193877 -7.676476454625194 -29.01239746832455 0.540504973826763
1656600678.9193637 -7.676372596939289 -29.012600224818247 0.5405372433861864
1656600679.3181217 -7.6763806596462105 -29.01274127761994 0.5406259717639506
1656600679.719462 -7.676389112388647 -29.012767695578496 0.5407537008399632
1656600680.1182463 -7.676521308497747 -29.013033263868028 0.5407259541009425
1656600680.5195231 -7.676573420069553 -29.013073560607584 0.5405996656974771
1656600680.9183095 -7.676580184968166 -29.013030936905945 0.5405702093285065
1656600681.3184981 -7.67654996904325 -29.01288172136469 0.5406786785546291
1656600681.7172568 -7.676450134248689 -29.01205841294469 0.5407519848481782
1656600682.1185136 -7.676448593990857 -29.01199914741126 0.5406232468019312
1656600682.5171928 -7.676546759435224 -29.01219322898565 0.5404734665207781
1656600683.318198 -7.676598541008464 -29.012269139211018 0.540661157471993
1656600683.7181625 -7.676581554857175 -29.012096212389025 0.5407438257142648
1656600684.1182854 -7.6766475888037515 -29.012367889285905 0.54077242691377
1656600684.5182917 -7.676485684228797 -29.01234757517128 0.5408302278815835
1656600684.918298 -7.676440036031919 -29.0124017351415 0.5407927930754194
1656600685.3183935 -7.676373554644831 -29.01215047483059 0.5407852788607321
1656600685.7183943 -7.6764058748912625 -29.012309485218605 0.5406765222266644
1656600686.1183813 -7.6766117825147395 -29.01300844638283 0.5407730613478623
1656600686.5183496 -7.67668315760214 -29.013208167435902 0.5407010042825395
1656600686.9183464 -7.676627679678991 -29.01304825523969 0.5406319895098513
1656600687.3183322 -7.6766024481246715 -29.013065317679768 0.5406298143882287
1656600687.718217 -7.676636653880024 -29.01309691630139 0.5406691634250856
1656600688.1182203 -7.676443905389976 -29.01249744929479 0.5405984531732839
1656600688.5182018 -7.676558662939114 -29.01266393446055 0.5405835060649868
1656600688.9169948 -7.6764628504076935 -29.01240871288959 0.5406497703059318
1656600689.318355 -7.676532601704162 -29.012587554519165 0.5406107992282071
1656600689.717132 -7.676484811872315 -29.012722085247937 0.5407321422231729
1656600690.1183977 -7.676566428639591 -29.012658267765104 0.540777114597934
1656600690.5184667 -7.676593956792087 -29.012684902739313 0.5406226742916003
1656600690.9185445 -7.676658612630714 -29.012905302425658 0.5406466048863684
1656600691.3185158 -7.676573586253701 -29.01291569090536 0.5407411098895964
1656600691.7185924 -7.676682466933866 -29.012671096396105 0.540661953148708
1656600692.1173956 -7.676530292079537 -29.012774180237038 0.5406220517244106
1656600692.5186172 -7.676564931839249 -29.01305253796628 0.5407378006807791
1656600692.9173775 -7.67658315278706 -29.012985020615204 0.5407711072556134
1656600693.3186195 -7.676521277070807 -29.012692191443033 0.5407082282978977
1656600693.7186346 -7.676764542136715 -29.013042102856428 0.5406843483397228
1656600694.1187766 -7.676769794322843 -29.013104340853033 0.5406011075693115
1656600694.5183578 -7.676699558784288 -29.013060052940965 0.5406438360107124
1656600694.9195838 -7.676467486385261 -29.012645546943258 0.5406440237704961
1656600695.3182304 -7.676613441503451 -29.012690353251788 0.5406087225063719
1656600695.7195034 -7.676490234256978 -29.0125158932717 0.5406164232710347
1656600696.1182334 -7.676576337961134 -29.012470879192183 0.5406989700788589
1656600696.5194566 -7.676672608485814 -29.012641209863276 0.5407400805906054
1656600696.9183424 -7.6766076119591515 -29.012607504017993 0.5406958410706052
1656600697.3184035 -7.67664338012576 -29.01253627517389 0.5406792142997126
1656600697.717109 -7.676601494915899 -29.01247380937325 0.5407396618799454
1656600698.1184225 -7.676648346309106 -29.012614017859686 0.5408780333332073
1656600698.518396 -7.676619315197402 -29.012611189897523 0.540886803266666
1656600698.9183812 -7.67659599870978 -29.0122669026921 0.5408170787161493
1656600699.3185227 -7.676549165262293 -29.012373712830865 0.5407471000065477
1656600699.718627 -7.676540192825805 -29.012168411610432 0.5407877738480719
1656600700.1185956 -7.6765424736213195 -29.012020385193363 0.5409260957230588
1656600700.5185907 -7.676683580828115 -29.01240808265938 0.5408802598399107
1656600700.9185922 -7.676603097644885 -29.01219237218416 0.5408294772795715
1656600701.321091 -7.676792214156232 -29.012741236527265 0.5408912821230748
1656600701.719836 -7.676775299098598 -29.012983237151662 0.5409142726862797
1656600702.1200109 -7.676753564048042 -29.012855019809436 0.540886019390226
1656600702.5199516 -7.67679047554757 -29.01330045299823 0.5408868877640872
1656600702.9199464 -7.676747231701266 -29.01324759832283 0.5410059303428777
1656600703.3186903 -7.67684953489037 -29.013118203803202 0.5409452422773239
1656600704.1198845 -7.676742265826825 -29.012919211217536 0.5409327953215882
1656600704.519878 -7.676744794699291 -29.01263942758746 0.5409208599782886
1656600705.7200146 -7.676914819420693 -29.01315299350743 0.5409273009847834
1656600706.1198745 -7.6770333219943945 -29.013298602313313 0.5408691265900242
1656600706.5186102 -7.676898038509864 -29.013126432736986 0.5409253467320015
1656600706.9186163 -7.6768772171963455 -29.013296542167385 0.5409753399905488
1656600707.3184695 -7.676851743988003 -29.013200271023972 0.5409513958285023
1656600707.7184665 -7.676642410748271 -29.01227460377273 0.5408551242541051
1656600708.1185842 -7.676586289152249 -29.01232972436209 0.5409147283064591
1656600708.5186098 -7.676451770791308 -29.01208671299132 0.5408754718169473
1656600708.9185977 -7.676412126296337 -29.012025341829453 0.5408454750338132
1656600709.3186734 -7.676490755532659 -29.012086617170265 0.5408822469604803
1656600709.7192347 -7.676595386684205 -29.012533656295357 0.5409456569532997
1656600710.1192558 -7.676582753152032 -29.01252645439314 0.5409563110965527
1656600710.519254 -7.676739780292093 -29.012753167380033 0.5409953883974966
1656600710.9180748 -7.676704875018329 -29.012547532795455 0.5408672393040943
1656600711.3180144 -7.676742199052763 -29.012941074311627 0.5408709745148618
1656600711.7180126 -7.676600533903333 -29.01270976007281 0.5408606332525374
1656600712.1180096 -7.676625393544127 -29.012753953893053 0.5409119392142792
1656600712.5179982 -7.676626221691462 -29.012814215573666 0.5409973427086369
1656600712.9179797 -7.676681620957871 -29.012881681239733 0.5410317606098067
1656600713.3179958 -7.6767498038595905 -29.01289425430213 0.5410544420970791
1656600713.719213 -7.676719579120923 -29.01270630785696 0.5410208663855531
1656600714.1180024 -7.676789868126375 -29.012831888288147 0.5410563665884499
1656600714.5182195 -7.676785302267194 -29.012812789640464 0.5410357497959376
1656600714.9191039 -7.676801776302051 -29.012714715255328 0.5410680433227967
1656600715.3178866 -7.6768153070800835 -29.012760322974493 0.5412041422374435
1656600715.7178876 -7.676834296701037 -29.013036655769756 0.5410959563290447
1656600716.1179037 -7.676672439173426 -29.01219827193071 0.541193205837221
1656600716.5180013 -7.676501901544297 -29.012231945044523 0.541252378990459
1656600716.9179983 -7.676630487881702 -29.012281144914702 0.5412279142607331
1656600717.3181274 -7.676663826336708 -29.0123887118233 0.5410895223417478
1656600717.7182648 -7.676705660937384 -29.01242887096118 0.5411163328694932
1656600718.119518 -7.676857866658329 -29.012852978887512 0.5411795666255244
1656600718.518249 -7.676847005061463 -29.012929877318417 0.5410936812648199
1656600718.9194746 -7.6767709302584555 -29.013045973090275 0.5409407926990459
1656600719.3182724 -7.676715425647627 -29.012699825253513 0.5408727706034455
1656600719.719671 -7.676874799066924 -29.012834039466075 0.5408456876262309
1656600720.1177564 -7.676895014810507 -29.013056031221165 0.5408600182332556
1656600720.518974 -7.676845957379789 -29.01310099741016 0.5408092120409652
1656600720.9190054 -7.6767619843761015 -29.012977147449522 0.540874993322663
1656600721.3190258 -7.676888888995927 -29.01329457926263 0.5409150420177651
1656600721.719003 -7.676841890651787 -29.013234907878125 0.5408982341213288
1656600722.519097 -7.676667195519366 -29.012641024785488 0.5408267569403193
1656600722.9178846 -7.676570110382323 -29.012386526314327 0.5408722922411757
1656600723.3190832 -7.676517340001339 -29.01218340315242 0.540862852620894
1656600723.7190182 -7.676548054541789 -29.012164951306836 0.5408617301751426
1656600724.1189694 -7.676604621688443 -29.012356621902963 0.5408766422088647
1656600724.5177252 -7.676598989587759 -29.012451440391775 0.540865075391932
1656600724.9191456 -7.676689357784493 -29.012955152613987 0.5408657927232648
1656600725.3182223 -7.67659148311288 -29.012618422266062 0.5408938692635522
1656600726.9182334 -7.676633857062728 -29.01264034743757 0.5407813542005976
1656600727.318252 -7.676526941616072 -29.012429784688216 0.5408294954015019
1656600727.7195446 -7.676596348735369 -29.01265892663328 0.5408719793818554
1656600728.5195885 -7.6767004830122065 -29.01287924911582 0.5408946789960811
1656600728.9182196 -7.67659991616537 -29.012823532191728 0.5408710960588088
1656600729.319466 -7.676413578661734 -29.01207506091674 0.5409325801683551
1656600729.719512 -7.676403848194634 -29.011922182312624 0.5409468328884154
1656600730.5182016 -7.6763247052558 -29.011746546249753 0.5409471745294544
1656600730.9195225 -7.676390982225821 -29.011967545445994 0.5409159935787533
1656600731.3195283 -7.676491502472042 -29.012478298378745 0.5409498669012665
1656600731.7195518 -7.676616131828481 -29.01289034634684 0.5409416057321671
1656600732.1195104 -7.676523916792138 -29.01272981264312 0.5408724099495329
1656600732.5194998 -7.676576461024962 -29.01267591139501 0.5407982021490767
1656600732.9195118 -7.67658500088736 -29.012890640970653 0.5408128231236842
1656600733.3195438 -7.676553775761489 -29.012763413835096 0.5408660652297443
1656600734.1194928 -7.676477868407904 -29.012559462859013 0.5406746141867461
1656600734.519487 -7.676476607705117 -29.012622888017297 0.5406201099646087
1656600734.9194784 -7.67641494198712 -29.012607298075064 0.5406666757926021
1656600735.3195233 -7.676436371054818 -29.012570337218445 0.5406802669680196
1656600735.719508 -7.676466424639955 -29.012658120964613 0.540539627249164
1656600736.119468 -7.676426506591355 -29.012555170843946 0.5405239839869936
1656600736.519653 -7.676499438692601 -29.012585696785568 0.5406261641522256
1656600736.9187894 -7.676482432176845 -29.012683603659493 0.5406103568847727
1656600737.318746 -7.676546527923295 -29.012842914125688 0.5405893964100347
1656600737.718634 -7.676609466686739 -29.01306419873959 0.540590244231508
1656600738.1198785 -7.676663798803906 -29.01313315992016 0.540559653008077
1656600738.518644 -7.676648296049096 -29.013260712151997 0.5405971463833584
1656600738.9197495 -7.676666846933749 -29.013234987059278 0.5406038520613589
1656600739.3185918 -7.676605125107328 -29.013075435107787 0.5406040855925407
1656600739.719873 -7.676552048580941 -29.0129743585514 0.5406746480473562
1656600740.118561 -7.676491399160832 -29.01283544497235 0.5406625227666615
1656600740.5198474 -7.676395035400431 -29.012375409684672 0.5406239027476905
