1.0 0.0 0.0 0.0 0.0 1.0 0.0 0.0 0.0 0.0 1.0 0.0
-0.8280309323183219 0.5606824188305591 1.8394680567986153e-05 2.5860766859124134 -0.5606824165645927 -0.8280309312204568 6.853810135714799e-05 -2.4108732661946095 5.365947293118902e-05 4.643809401329628e-05 0.9999999974820821 0.34278342478441504
0.794985483184417 0.6066284531268403 -3.718838290618681e-05 4.966014173267666 -0.6066284523314797 0.7949854840511922 3.1141722590984856e-05 -4.061905116445925 4.8455679588828736e-05 -2.1976862141036102e-06 0.9999999988236086 0.16932179084824714
1.0 0.0 0.0 0.0 0.0 1.0 0.0 0.0 0.0 0.0 1.0 0.0
-0.8280310380788746 0.560682262514569 -2.189896734087555e-05 2.5859931492358488 -0.5606822628956241 -0.8280310378820666 1.9447131265594052e-05 -2.4107329485034668 -7.229363098398721e-06 2.8381190853266172e-05 0.9999999995711222 0.34244296388766166
0.7949869679886707 0.6066265082180347 -1.5980459728415807e-05 4.966310568804148 -0.6066265080008113 0.7949869681415384 1.6609239702417918e-05 -4.0615965705098445 2.2779862313852884e-05 -3.5099586303490533e-06 0.999999999734379 0.16922862273794556
1.0 0.0 0.0 0.0 0.0 1.0 0.0 0.0 0.0 0.0 1.0 0.0
-0.8280312303638734 0.5606819787028021 -1.7320514173525866e-05 2.5862597169440367 -0.5606819789660176 -0.8280312300836195 2.1655460650192882e-05 -2.4106267864702446 -2.2001001297160866e-06 2.7642697889804303e-05 0.9999999996155206 0.34251320271635427
0.7949878740431799 0.6066253202788274 -3.034657103619279e-05 4.966204974695843 -0.6066253203395917 0.794987874533603 8.211668891873139e-06 -4.0616370948549605 2.910656227900605e-05 1.1880821181339016e-05 0.9999999995058271 0.1693548993183038
1.0 0.0 0.0 0.0 0.0 1.0 0.0 0.0 0.0 0.0 1.0 0.0
-0.8280282538280394 0.5606863673637187 -9.118642928333604e-05 2.5868323908449806 -0.5606863727734067 -0.8280282536708656 5.00896834778359e-05 -2.4106776853196212 -4.7420337126370016e-05 9.260266142598399e-05 0.9999999945880294 0.3426692361026156
0.7949924349206829 0.6066193410425472 -5.90930558096356e-05 4.966865301853464 -0.6066193396034569 0.7949924371127832 4.1863398569323076e-05 -4.061835729606777 7.237367970847694e-05 2.5659053276991052e-06 0.9999999973777333 0.1693923355711893
1.0 0.0 0.0 0.0 0.0 1.0 0.0 0.0 0.0 0.0 1.0 0.0
-0.8280287996246232 0.5606855644367889 -6.945794080623376e-05 2.5863347451454444 -0.5606855672462299 -0.8280288001062155 2.960462566700535e-05 -2.4108128137060034 -4.091428913154836e-05 6.345754759512934e-05 0.9999999971495801 0.34254675718691446
0.794991736009947 0.6066202594423951 -2.2581680467058747e-05 4.966484255337301 -0.6066202584999966 0.7949917361684155 3.743429976560807e-05 -4.061701044645682 4.06606539960479e-05 -1.606145411479032e-05 0.9999999990443704 0.16915476109788752
1.0 0.0 0.0 0.0 0.0 1.0 0.0 0.0 0.0 0.0 1.0 0.0
-0.8280361848703897 0.5606746490746359 -0.00012012628238478574 2.585799033769988 -0.560674647969067 -0.828036193062747 -4.585755775720036e-05 -2.411020690515193 -0.00012518007965561966 2.9380043915179242e-05 0.9999999917333804 0.34104576214779875
0.7949858826233389 0.60662792637911 -7.325688742958852e-05 4.966366473871322 -0.6066279270343045 0.7949858853484039 1.54556166179687e-05 -4.0618227472181925 6.761400017094971e-05 3.215267674387734e-05 0.9999999971972763 0.16907038937557198
1.0 0.0 0.0 0.0 0.0 1.0 0.0 0.0 0.0 0.0 1.0 0.0
-0.8280336197232288 0.5606784477642541 -5.3110398562395786e-05 2.586046495912483 -0.5606784481613984 -0.8280336211140412 -8.490793038005912e-06 -2.4108108346651225 -4.873780030126269e-05 2.2747193753623945e-05 0.9999999985535959 0.3421702400973379
0.7949840900056847 0.6066302795277527 -2.445228843860551e-05 4.9661828275673425 -0.6066302781944672 0.794984090094359 4.554720073779215e-05 -4.0619794874634625 4.7069491390361675e-05 -2.137580139283798e-05 0.9999999986637692 0.16924868367809667
1.0 0.0 0.0 0.0 0.0 1.0 0.0 0.0 0.0 0.0 1.0 0.0
-0.8280453376203815 0.5606611365289864 -9.397431850424237e-05 2.585087093743835 -0.5606611394310597 -0.8280453409690722 5.592673605040802e-06 -2.410567537579843 -7.467940186855235e-05 5.7318735793333315e-05 0.999999995568775 0.34177293922713214
0.7949714550877951 0.6066468370410234 -2.6527649992711048e-05 4.965463641680579 -0.6066468329553996 0.7949714536370487 8.926019311914067e-05 -4.06185620922903 7.523813830568085e-05 -5.486639075152283e-05 0.999999995664451 0.16920145575802298
1.0 0.0 0.0 0.0 0.0 1.0 0.0 0.0 0.0 0.0 1.0 0.0
-0.8280369704876781 0.5606734924524267 -0.00010181742028741943 2.585927765409776 -0.5606734970589466 -0.8280369733430331 2.1739374521557162e-05 -2.4107964206960473 -7.211989749166765e-05 7.508733491318262e-05 0.9999999945803061 0.3419756454182908
0.7949840313660996 0.6066303562256165 -2.790135055121804e-05 4.966406858541547 -0.6066303550016635 0.7949840316875154 4.1861895151298895e-05 -4.061822619544055 4.7575824518664415e-05 -1.6353731978113143e-05 0.9999999987345481 0.16921559733068686
1.0 0.0 0.0 0.0 0.0 1.0 0.0 0.0 0.0 0.0 1.0 0.0
-0.8280427432157564 0.5606649722144454 -6.587488068855581e-05 2.5863710889760068 -0.5606649732685739 -0.8280427451171527 -2.9325707256741972e-06 -2.4102263737147096 -5.619140672404631e-05 3.450544431197191e-05 0.9999999978259502 0.3422763577491922
0.7949703907768312 0.6066482307665524 -4.354244631723399e-05 4.966846005151712 -0.6066482194786967 0.7949703866628836 0.00014876959306586864 -4.06172488933178 0.00012486576581032332 -9.185247400518698e-05 0.9999999879858316 0.1688214917365766
1.0 0.0 0.0 0.0 0.0 1.0 0.0 0.0 0.0 0.0 1.0 0.0
-0.8280306100066752 0.5606828868060395 -9.66168682533939e-05 2.585691503157724 -0.5606828868574192 -0.8280306150972642 -2.9101153300762504e-05 -2.410577597121289 -9.63182434906898e-05 3.0074778891899783e-05 0.9999999949091518 0.34198688181976733
0.7949863275256659 0.6066273467347227 -3.522564256634752e-05 4.966194780034261 -0.606627347176643 0.7949863279652375 -2.4034838065273173e-06 -4.0615180012955925 2.6545885229560418e-05 2.3279574867228597e-05 0.9999999993766885 0.1693407502709039
1.0 0.0 0.0 0.0 0.0 1.0 0.0 0.0 0.0 0.0 1.0 0.0
-0.8280302316939464 0.5606834508190827 -5.812465023537153e-05 2.5864029498362817 -0.5606834526793353 -0.8280302321895014 2.172048811684616e-05 -2.410591519546335 -3.5950649399499297e-05 5.057475038765808e-05 0.9999999980748728 0.3423190366211619
0.794989437181322 0.6066232720797741 -2.326699979103077e-05 4.966648380783269 -0.6066232710310577 0.7949894373301378 3.971261003071566e-05 -4.061606040163921 4.258761251189079e-05 -1.7456801977017412e-05 0.9999999989407775 0.16917618692631395
1.0 0.0 0.0 0.0 0.0 1.0 0.0 0.0 0.0 0.0 1.0 0.0
-0.8280458745587558 0.56066034780622 -6.343526225332678e-05 2.5855621062857073 -0.5606603492769294 -0.8280458759651352 6.767749132495918e-06 -2.410674914653751 -4.8732898717151006e-05 4.116964304063486e-05 0.9999999979650824 0.34107603459939034
0.7949716956044931 0.6066465214510747 -3.462698926494638e-05 4.965961351081607 -0.6066465180584504 0.7949716954283323 7.480215130820252e-05 -4.0616369927821525 7.290594125170691e-05 -3.8459250591911776e-05 0.999999996602805 0.16889724131048844
1.0 0.0 0.0 0.0 0.0 1.0 0.0 0.0 0.0 0.0 1.0 0.0
-0.8280368941282368 0.5606736118891918 -5.379210671715889e-05 2.5860694781363067 -0.5606736137864691 -0.8280368940445636 3.0077443195808785e-05 -2.410382110812349 -2.7678220257184983e-05 5.506504751350823e-05 0.9999999981008785 0.3422308039317307
0.7949783439426618 0.6066378090874711 -3.5323320601227505e-05 4.966251743055976 -0.6066378056282401 0.7949783437966527 7.534510705319261e-05 -4.0615569233278865 7.378846557717862e-05 -3.8469266732323214e-05 0.9999999965376889 0.16906371817239224
1.0 0.0 0.0 0.0 0.0 1.0 0.0 0.0 0.0 0.0 1.0 0.0
-0.8280368803346891 0.5606736276303698 -8.991884042657347e-05 2.585445110551141 -0.5606736304969068 -0.8280368832342172 8.317602751586254e-06 -2.410834527427884 -6.979265586293429e-05 5.730240454632426e-05 0.9999999959227099 0.34205355816628025
0.794981013153611 0.6066343112504451 -3.3748429564382054e-05 4.965900945276917 -0.6066343104238441 0.7949810138541232 3.2063331284553895e-05 -4.061787807375779 4.628007764127687e-05 -5.016784292998662e-06 0.9999999989164933 0.16911778959031523
1.0 0.0 0.0 0.0 0.0 1.0 0.0 0.0 0.0 0.0 1.0 0.0
-0.8280371479794763 0.5606732356136696 -6.657712731603323e-05 2.586123719736646 -0.5606732377388652 -0.8280371490303424 1.75818414034556e-05 -2.410245831559258 -4.527066678568801e-05 5.188643134356213e-05 0.9999999976291826 0.34239736889285705
0.7949742623776845 0.606643157673705 -3.747978342556882e-05 4.96640757438754 -0.6066431499829789 0.7949742598172406 0.0001216830329837483 -4.0614643216684065 0.00010361364245139404 -7.399802551213663e-05 0.9999999918942528 0.1687779375203905
1.0 0.0 0.0 0.0 0.0 1.0 0.0 0.0 0.0 0.0 1.0 0.0
-0.828032428030202 0.5606802088848206 -3.866888159232641e-05 2.58599138355776 -0.560680209325255 -0.828032428634617 6.674670509670585e-07 -2.410571613875071 -3.1644852372087345e-05 2.2233560988145496e-05 0.999999999252136 0.34243997630065404
0.7949864019792813 0.6066272500866654 -1.0969402716495925e-05 4.966096359706947 -0.6066272497612537 0.7949864019694327 2.3038949393895777e-05 -4.061671374379556 2.26965805130815e-05 -1.1661312882652378e-05 0.9999999996744395 0.1692816674363346
1.0 0.0 0.0 0.0 0.0 1.0 0.0 0.0 0.0 0.0 1.0 0.0
-0.8280377331127782 0.5606723724686972 -5.737398211769207e-05 2.5860207553680485 -0.5606723737463949 -0.8280377341982906 7.832208082575864e-06 -2.410529904051659 -4.3116519467343664e-05 3.8653370571173564e-05 0.9999999983234412 0.34207862435241526
0.794977899293582 0.6066383918526097 -3.413563529680538e-05 4.966202075967459 -0.6066383878808053 0.7949778987469611 8.278431863755639e-05 -4.061769947495913 7.735722154954433e-05 -4.510371695918254e-05 0.9999999959907575 0.1691261248915926
1.0 0.0 0.0 0.0 0.0 1.0 0.0 0.0 0.0 0.0 1.0 0.0
-0.8280307479363398 0.5606826834089087 -9.485448030905991e-05 2.5857539976663375 -0.5606826806989863 -0.8280307533384217 -5.558780947712458e-05 -2.41032180807837 -0.0001097095489702941 7.154848838500663e-06 0.9999999939563115 0.34217683557225415
0.7949831124949297 0.6066315609089907 -1.2529825584587417e-05 4.965846553559853 -0.6066315604533143 0.7949831124657666 2.749946216394574e-05 -4.061678784826911 2.6643041398557822e-05 -1.4260620376459118e-05 0.9999999995433915 0.1691605386599314
1.0 0.0 0.0 0.0 0.0 1.0 0.0 0.0 0.0 0.0 1.0 0.0
-0.8280311076933766 0.5606821548113935 -7.725369061445688e-05 2.5851678439434798 -0.5606821553430568 -0.8280311107701513 -1.6631690752930207e-05 -2.4106470865581056 -7.32935514600787e-05 2.9543208444964317e-05 0.9999999968776271 0.3423701264786493
0.7949848061569875 0.6066293410500695 -2.3594398030118157e-05 4.9655329855444394 -0.6066293410009168 0.7949848064816774 1.0004165037272322e-05 -4.061839727949336 2.4826007996341263e-05 6.359894925408415e-06 0.9999999996716106 0.16943368581370225
