1.0 0.0 0.0 0.0 0.0 1.0 0.0 0.0 0.0 0.0 1.0 0.0
-0.8280348158396327 0.5606766786945337 7.566698491243894e-05 2.58481530149795 -0.5606766775412468 -0.8280348192207684 3.767410636836605e-05 -2.4106355232389842 8.377789100435833e-05 -1.1229241971617199e-05 0.9999999964275846 0.34269682727299244
0.7949799176742859 0.6066357432641941 7.408701041493367e-05 4.965239046170444 -0.6066357474660813 0.7949799153035874 6.449938023714453e-05 -4.061637198561636 -1.9770055794521285e-05 -9.621954093155672e-05 0.9999999951754727 0.1692853057390412
1.0 0.0 0.0 0.0 0.0 1.0 0.0 0.0 0.0 0.0 1.0 0.0
-0.8280366235807989 0.5606740138973576 -1.221205576684332e-05 2.5860647029018846 -0.5606740139324977 -0.8280366228329247 3.671873510105169e-05 -2.4106373302870674 1.0475211179305328e-05 3.725143976039548e-05 0.9999999992513001 0.3419446889502026
0.7949838854705379 0.6066305477033749 -2.0863145954983827e-05 4.965753423979697 -0.6066305466573412 0.7949838854999473 4.0713926954443306e-05 -4.061803724071436 4.128417664257468e-05 -1.9710694207350353e-05 0.9999999989535525 0.16932101614262735
1.0 0.0 0.0 0.0 0.0 1.0 0.0 0.0 0.0 0.0 1.0 0.0
-0.8280382145084553 0.5606716630035662 -4.023015495157604e-05 2.585531918212391 -0.560671663776693 -0.8280382148954292 1.0519802547720282e-05 -2.410624122089723 -2.7413950502164647e-05 3.126670642929308e-05 0.9999999991354341 0.3420966394058511
0.7949781163108737 0.6066381079720978 2.32991215966853e-05 4.965505606809375 -0.6066381077740574 0.794978113106957 7.666299107190624e-05 -4.061911331876519 2.7984400131359454e-05 -7.507953527131515e-05 0.9999999967899685 0.1690348496742447
1.0 0.0 0.0 0.0 0.0 1.0 0.0 0.0 0.0 0.0 1.0 0.0
-0.8280302186258152 0.5606834731089294 4.999343439028306e-06 2.5855701583301434 -0.5606834731310533 -0.8280302185994776 -6.618145951841029e-06 -2.410315693119727 4.289223828495077e-07 -8.28307408217178e-06 0.9999999999656035 0.34224692507376925
0.7949948020111637 0.606616241597419 -1.4333631054638688e-05 4.965192275106801 -0.6066162416398004 0.7949948011394097 -3.924429152330268e-05 -4.061611890757217 -1.2411062458133312e-05 3.989402116905256e-05 0.9999999991272164 0.16986594872744512
1.0 0.0 0.0 0.0 0.0 1.0 0.0 0.0 0.0 0.0 1.0 0.0
-0.82803804083334 0.5606719203294829 -2.6209411976226082e-05 2.5857383365392232 -0.5606719209242074 -0.8280380402754747 3.072309847425246e-05 -2.410757734651035 -4.476811509545856e-06 4.0134775627949535e-05 0.9999999991845788 0.34187077019888334
0.7949838330622394 0.6066306167277618 4.262067265158555e-06 4.965879646491757 -0.6066306161962656 0.7949838320282601 4.803126850692565e-05 -4.061748815182761 2.57489634697552e-05 -4.0769582435808264e-05 0.9999999988374161 0.16913764363716252
1.0 0.0 0.0 0.0 0.0 1.0 0.0 0.0 0.0 0.0 1.0 0.0
-0.8280375889142867 0.5606725883526285 3.870192347345832e-06 2.585121774155214 -0.5606725877268794 -0.8280375882802723 4.20313569615454e-05 -2.411046265844001 2.6770494437080904e-05 3.263363271884867e-05 0.9999999991091933 0.3424988278035608
0.7949843543963838 0.6066299325054 3.5404221461258154e-05 4.965252602315243 -0.6066299334344466 0.7949843539872045 2.7872328231983307e-05 -4.0618636900047065 -1.1237613532664232e-05 -4.363532537337122e-05 0.9999999989848372 0.16925162738685146
1.0 0.0 0.0 0.0 0.0 1.0 0.0 0.0 0.0 0.0 1.0 0.0
-0.8280477101622317 0.5606576391375546 -3.703765915968895e-05 2.5851661441182974 -0.5606576399941462 -0.8280477102032455 1.8529901067131975e-05 -2.4103325001736344 -2.0280018272728876e-05 3.610908872353306e-05 0.9999999991424274 0.34131339492530827
0.7949720625273615 0.6066460415874556 5.221507191096619e-06 4.965279762095632 -0.6066460400798643 0.7949720598815513 7.786593236334164e-05 -4.061562234147349 4.3086107315340324e-05 -6.50688475122204e-05 0.9999999969548162 0.1692261192233608
1.0 0.0 0.0 0.0 0.0 1.0 0.0 0.0 0.0 0.0 1.0 0.0
-0.8280405755918145 0.5606681748044042 -5.417633003318401e-05 2.585711512823174 -0.5606681766133532 -0.8280405757213644 2.630758256047454e-05 -2.4109353501459867 -3.0110375213453404e-05 5.2158689981116e-05 0.9999999981864183 0.34226562951931955
0.7949764468922957 0.6066402956635426 2.3743432685495966e-05 4.965687976073335 -0.6066402955123824 0.7949764437128611 7.617283672102371e-05 -4.062208307862445 2.733404251212453e-05 -7.495933410699755e-05 0.9999999968169742 0.16902756515977735
1.0 0.0 0.0 0.0 0.0 1.0 0.0 0.0 0.0 0.0 1.0 0.0
-0.8280364671874616 0.5606742444496091 -2.4871009250965712e-05 2.5853771921495365 -0.5606742446465146 -0.8280364674268375 1.1592889020045478e-06 -2.410710187381149 -1.9944119212284583e-05 1.4904467812249127e-05 0.9999999996900445 0.3422599284970883
0.7949821217013091 0.6066328576585293 4.673683303348676e-05 4.965237121468918 -0.6066328594571447 0.794982119525129 5.884030968538837e-05 -4.061774892603498 -1.4604813748934195e-06 -7.512909290032729e-05 0.9999999971767433 0.16917327816263616
1.0 0.0 0.0 0.0 0.0 1.0 0.0 0.0 0.0 0.0 1.0 0.0
-0.8280444540946992 0.5606624473835464 -4.6226649793361724e-05 2.5851870462102755 -0.5606624471201915 -0.8280444553292309 -1.969048554200844e-05 -2.4111419182737466 -4.931743686399604e-05 9.612949243822584e-06 0.9999999987376909 0.34124149330207626
0.7949768875487533 0.6066397186075569 -8.428566779181007e-06 4.965470315423677 -0.6066397172222836 0.7949768865385297 5.794801408119366e-05 -4.062086921386564 4.185408273217692e-05 -4.095422850637812e-05 0.9999999982854934 0.16926732912352369
1.0 0.0 0.0 0.0 0.0 1.0 0.0 0.0 0.0 0.0 1.0 0.0
-0.8280406457328146 0.5606680735112065 -1.8963524417324718e-05 2.5853240257777643 -0.560668073697747 -0.8280406443211042 4.988334419682139e-05 -2.4111254497866836 1.2265429514005761e-05 5.193767924562999e-05 0.9999999985760184 0.3423400451802829
0.7949802446511526 0.6066353192814466 -3.832814789671322e-06 4.965505720177415 -0.6066353186412737 0.7949802440734814 4.1350545413908673e-05 -4.061984806498663 2.8131713356609886e-05 -3.054774588838226e-05 0.9999999991377209 0.16909476247004973
1.0 0.0 0.0 0.0 0.0 1.0 0.0 0.0 0.0 0.0 1.0 0.0
-0.828044543143986 0.5606623173829332 -2.088700353223249e-05 2.5853507902504957 -0.5606623176765181 -0.8280445417408294 4.930330444587714e-05 -2.4101426792252703 1.0347135657067664e-05 5.253588801505563e-05 0.9999999985664586 0.34163175410730334
0.7949739394747684 0.6066435819787165 2.2308130101038982e-08 4.9654681147709905 -0.6066435805833837 0.7949739376437641 6.785380906322455e-05 -4.061262203920877 4.114534339901113e-05 -5.395554298331733e-05 0.9999999976979301 0.16911495363962198
1.0 0.0 0.0 0.0 0.0 1.0 0.0 0.0 0.0 0.0 1.0 0.0
-0.8280424283614549 0.5606654406539866 -2.2125454695064538e-05 2.5860102691206706 -0.5606654410142058 -0.8280424282551873 1.6174023203728264e-05 -2.4112016837411057 -9.252599385284506e-06 2.5797755264239445e-05 0.9999999996244328 0.34171757144779014
0.7949749227373301 0.6066422930307017 -2.2917845785064456e-05 4.965627587496721 -0.6066422912541286 0.7949749224989253 5.5315173969430714e-05 -4.062500170058756 5.1775636653031135e-05 -3.007124167488301e-05 0.9999999982075021 0.16951059542941202
1.0 0.0 0.0 0.0 0.0 1.0 0.0 0.0 0.0 0.0 1.0 0.0
-0.8280438914427437 0.5606632786722296 -4.234221682183782e-05 2.5853233547387475 -0.5606632786524655 -0.8280438924294523 -1.345175006653043e-05 -2.4112216711940926 -4.2603116327415465e-05 1.260108663694107e-05 0.9999999990130933 0.341659378050996
0.7949744318719929 0.6066429367176972 5.746700995502564e-07 4.965283391413803 -0.6066429356457173 0.7949744304101826 6.020923461652203e-05 -4.0622177231254675 3.606865887022875e-05 -4.821342163893833e-05 0.9999999981872589 0.1693281865262335
1.0 0.0 0.0 0.0 0.0 1.0 0.0 0.0 0.0 0.0 1.0 0.0
-0.828033809571501 0.5606781652478536 7.225515735175815e-05 2.5847158083202864 -0.5606781646672154 -0.8280338125751389 2.996135824456696e-05 -2.410757203927755 7.662839278909078e-05 -1.5702871404536185e-05 0.9999999969407547 0.3429805200149466
0.7949829007998334 0.6066318339560922 7.393883158118624e-05 4.964970956425924 -0.6066318381270356 0.7949828985066192 6.36602635895535e-05 -4.061854014448618 -2.0161764191144825e-05 -9.546247032516491e-05 0.9999999952402099 0.16932131390440444
1.0 0.0 0.0 0.0 0.0 1.0 0.0 0.0 0.0 0.0 1.0 0.0
-0.828040724343635 0.5606679571605838 -2.5334668474767e-05 2.5857715593972426 -0.5606679577272811 -0.8280407232861825 4.1923922149898154e-05 -2.4110400354096897 2.5272625798783213e-06 4.8919051697773955e-05 0.9999999988002697 0.34194372483866664
0.7949810489869052 0.606634265214075 -4.456378032411678e-06 4.965921773581176 -0.6066342642848558 0.7949810481364472 4.9994475201463455e-05 -4.062043789721276 3.387109780770178e-05 -3.7041268730141885e-05 0.9999999987403466 0.16921734648976483
1.0 0.0 0.0 0.0 0.0 1.0 0.0 0.0 0.0 0.0 1.0 0.0
-0.8280327286526519 0.5606797627623441 -6.252044241928828e-05 2.585257560669044 -0.5606797629012276 -0.8280327307457951 -1.693178848900228e-05 -2.410039937137819 -6.126228381703491e-05 2.103387180860755e-05 0.9999999979022542 0.34222020349428206
0.7949780594145731 0.6066381829633537 4.512193899002995e-06 4.965380771709206 -0.606638180282338 0.7949780551557388 0.0001002224133136608 -4.061533312441879 5.721164757448722e-05 -8.241188874191102e-05 0.9999999949675541 0.16888117293341262
1.0 0.0 0.0 0.0 0.0 1.0 0.0 0.0 0.0 0.0 1.0 0.0
-0.8280361206835899 0.5606747501912906 -8.568083907304938e-05 2.586543238896878 -0.5606747544536308 -0.8280361214361556 3.626746630394689e-05 -2.4107765827581487 -5.061257705740327e-05 7.806985551400629e-05 0.9999999956717323 0.34245923619981367
0.7949785120148394 0.6066375885496134 3.991718825326324e-05 4.96606085065249 -0.6066375897590103 0.7949785089398739 7.081746799305956e-05 -4.062192982831048 1.12272312118487e-05 -8.051363220169545e-05 0.9999999966957522 0.1688750672682331
1.0 0.0 0.0 0.0 0.0 1.0 0.0 0.0 0.0 0.0 1.0 0.0
-0.8280394655161027 0.5606698162621332 -2.608434039002356e-05 2.5854569610892932 -0.5606698168156582 -0.8280394651825067 2.4741964348430163e-05 -2.410782492811867 -7.726790660992047e-06 3.5112025283122443e-05 0.9999999993537211 0.34201448212023466
0.7949794826021657 0.606636317924758 -4.035467436414676e-06 4.965479672267853 -0.6066363170379012 0.7949794817671992 4.9191927782562145e-05 -4.061897302871267 3.3049723752922816e-05 -3.66585121936252e-05 0.9999999987819347 0.1692150719748821
1.0 0.0 0.0 0.0 0.0 1.0 0.0 0.0 0.0 0.0 1.0 0.0
-0.8280378484942916 0.560672204445475 -2.4963900427895942e-05 2.5857403738554954 -0.5606722049111962 -0.8280378483384869 1.8946959573600196e-05 -2.4107494765198902 -1.0048020804776717e-05 2.9685364736922605e-05 0.9999999995089082 0.3418709722412813
0.7949792291676129 0.6066366494981751 2.603259796982653e-05 4.965769541130861 -0.6066366494709784 0.794979225782173 7.806024653062043e-05 -4.061761819857322 2.6658831835185654e-05 -7.784860262497956e-05 0.999999996614451 0.16898550325799752
