1.0 0.0 0.0 0.0 0.0 1.0 0.0 0.0 0.0 0.0 1.0 0.0
-0.828032580871906 0.5606799793406421 -7.603412653208814e-05 2.5863175543209667 -0.5606799834346857 -0.8280325800350278 5.075645107002321e-05 -2.4105245086254365 -3.4500608025730484e-05 8.465880797988848e-05 0.9999999958212971 0.34244725259083814
0.7949854921597682 0.6066284415121262 -3.4699558351566474e-05 4.966509870940833 -0.6066284379954401 0.7949854919243201 7.645298470940301e-05 -4.06147406982746 7.396420042887842e-05 -3.972927479432792e-05 0.9999999964754408 0.1690658414720661
1.0 0.0 0.0 0.0 0.0 1.0 0.0 0.0 0.0 0.0 1.0 0.0
-0.8280320810002603 0.5606807221930906 -2.440107165122402e-05 2.5861715652328034 -0.560680722599653 -0.8280320791155628 5.710243682445587e-05 -2.410981637550405 1.1811365425705965e-05 6.096386007955619e-05 0.9999999980719497 0.34265263859828055
0.7949872071461369 0.6066261947436697 -1.8022192970983056e-05 4.966387881590343 -0.6066261934286377 0.7949872068671896 4.861877154394794e-05 -4.062011542965372 4.382083322644001e-05 -2.7718567085372348e-05 0.9999999986557079 0.16929938195052704
1.0 0.0 0.0 0.0 0.0 1.0 0.0 0.0 0.0 0.0 1.0 0.0
-0.8280408041600807 0.5606678395379062 -1.8810162992582282e-05 2.5863731509438854 -0.5606678398045373 -0.8280408040649694 1.4572312813646218e-05 -2.410729670540546 -7.405355346678041e-06 2.2612723072107394e-05 0.9999999997169127 0.3419810489095387
0.7949797027309193 0.6066360291724637 -1.8860692235233256e-05 4.966205675095561 -0.6066360264472073 0.7949797014926027 7.504050087712371e-05 -4.061923688228822 6.051613896232085e-05 -4.821409968646259e-05 0.9999999970065988 0.16913881591496963
1.0 0.0 0.0 0.0 0.0 1.0 0.0 0.0 0.0 0.0 1.0 0.0
-0.8280336197232288 0.5606784477642541 -5.3110398562395786e-05 2.586046495912483 -0.5606784481613984 -0.8280336211140412 -8.490793038005912e-06 -2.4108108346651225 -4.873780030126269e-05 2.2747193753623945e-05 0.9999999985535959 0.3421702400973379
0.7949840900056847 0.6066302795277527 -2.445228843860551e-05 4.9661828275673425 -0.6066302781944672 0.794984090094359 4.554720073779215e-05 -4.0619794874634625 4.7069491390361675e-05 -2.137580139283798e-05 0.9999999986637692 0.16924868367809667
1.0 0.0 0.0 0.0 0.0 1.0 0.0 0.0 0.0 0.0 1.0 0.0
-0.8280317127773312 0.5606812652984364 3.7126593376049986e-05 2.585654814352341 -0.5606812627641184 -0.8280317130761743 6.103580482856938e-05 -2.410637690805666 6.496362899363583e-05 2.972339675671913e-05 0.9999999974481232 0.3426422214196538
0.7949815378323337 0.6066336237408564 -3.2446483180296826e-05 4.96568053282319 -0.6066336226519445 0.7949815384269118 3.7796268895929396e-05 -4.061679306701213 4.872284267943965e-05 -1.0364208337231484e-05 0.9999999987593338 0.16913924817809906
1.0 0.0 0.0 0.0 0.0 1.0 0.0 0.0 0.0 0.0 1.0 0.0
-0.8280203039917448 0.5606981149391964 -9.002815714642762e-06 2.587147045104394 -0.5606981143780941 -0.8280203037128441 -3.423653385268253e-05 -2.410664009940975 -2.6650874195556243e-05 -2.3300683373032574e-05 0.9999999993734044 0.3418682757906877
0.7949968445819832 0.6066135616722216 -6.245023328091362e-05 4.966589400582499 -0.6066135633701084 0.794996845661388 -1.1129387616842257e-05 -4.061765157211926 4.2896501007655234e-05 4.673098658135597e-05 0.9999999979880525 0.16965910944027732
1.0 0.0 0.0 0.0 0.0 1.0 0.0 0.0 0.0 0.0 1.0 0.0
-0.8280363849406994 0.5606743520160411 -0.0001273017317282219 2.5855627079510124 -0.5606743545213559 -0.8280363928248894 -1.842843322321765e-05 -2.4105450780007356 -0.00011574281659668208 5.611540303990486e-05 0.9999999917273309 0.3419996321032991
0.7949791547415728 0.6066367470996444 -2.4387242743762508e-05 4.966019960594594 -0.606636744947225 0.7949791543884597 6.138115709820101e-05 -4.061684554762737 5.662341508956144e-05 -3.4002542830671185e-05 0.999999997818808 0.16899055723382106
1.0 0.0 0.0 0.0 0.0 1.0 0.0 0.0 0.0 0.0 1.0 0.0
-0.8280373949915796 0.560672873784004 -3.3141292510408846e-05 2.5866806171996033 -0.5606728747590062 -0.8280373937748523 4.494465610239226e-05 -2.4100948498728636 -2.242979978501163e-06 5.579727970283969e-05 0.9999999984408163 0.3419276550784479
0.7949787071515563 0.6066373323778591 -4.627219123662353e-05 4.966678698874259 -0.606637329117234 0.7949787080713887 6.807830779805754e-05 -4.061323485522366 7.808424984433441e-05 -2.6050366614191658e-05 0.999999996612114 0.16916804854577122
1.0 0.0 0.0 0.0 0.0 1.0 0.0 0.0 0.0 0.0 1.0 0.0
-0.8280326071218392 0.5606799448660181 -3.111347790953442e-05 2.5860056291537767 -0.5606799456994609 -0.828032605230346 5.6266289429578875e-05 -2.411025372760468 5.7844058839732336e-06 6.403502543427747e-05 0.9999999979330281 0.3427958221556773
0.7949858732502186 0.6066279428270711 -1.771952890103169e-05 4.966127973204337 -0.6066279415165323 0.7949858729555344 4.87087366757772e-05 -4.062113753980086 4.36348558790816e-05 -2.7973596219228436e-05 0.9999999986567385 0.16929647182110805
1.0 0.0 0.0 0.0 0.0 1.0 0.0 0.0 0.0 0.0 1.0 0.0
-0.8280382490909332 0.5606715997402343 -0.00012364120768761024 2.5859701641331068 -0.5606716002675605 -0.828038257282521 -3.36145587818865e-05 -2.4108535523758956 -0.00012122637858876179 4.148797337550675e-05 0.9999999917914567 0.34182544835760076
0.7949800756075767 0.6066355407404525 -9.874704012424137e-06 4.966464728036479 -0.606635538689489 0.7949800740736971 7.08850591176837e-05 -4.062143686194614 5.085158909553766e-05 -5.0361863268851214e-05 0.9999999974388993 0.1691352984105725
1.0 0.0 0.0 0.0 0.0 1.0 0.0 0.0 0.0 0.0 1.0 0.0
-0.8280287108129902 0.5606856994261009 -2.298786478519952e-05 2.586345534823292 -0.5606856998656726 -0.8280287096344714 4.45781694199573e-05 -2.410855629261405 5.959730085016629e-06 4.980097121071195e-05 0.9999999987421724 0.34252442290051943
0.7949889588562189 0.6066238965989567 -5.806724134310911e-05 4.96644034329155 -0.6066238964138007 0.7949889607923261 2.2761302402940716e-05 -4.0617064228991016 5.9970365806776075e-05 1.7129992098021656e-05 0.9999999980550592 0.16916595151035466
1.0 0.0 0.0 0.0 0.0 1.0 0.0 0.0 0.0 0.0 1.0 0.0
-0.8280333734608312 0.5606788139580525 -3.696841339225319e-06 2.5862294352232613 -0.5606788131085471 -0.8280333725358021 -4.998176013532495e-05 -2.410736991923037 -3.1084821994034406e-05 -3.9313824842003085e-05 0.9999999987440784 0.3421603075275179
0.7949855513797762 0.606628364793061 1.1220050900623823e-05 4.966035368944237 -0.606628364479926 0.7949855500117453 5.1777727286240356e-05 -4.06191915776193 2.2490059699928388e-05 -4.796894620303183e-05 0.9999999985965886 0.16901735897896625
1.0 0.0 0.0 0.0 0.0 1.0 0.0 0.0 0.0 0.0 1.0 0.0
-0.8280256315810668 0.5606902410408942 -8.394212085363585e-05 2.586553483453423 -0.560690232937255 -0.8280256349700511 -0.00010257295680390337 -2.41040377663373 -0.00012701788379522366 -3.7867510046021255e-05 0.9999999912162546 0.3425939871026697
0.79498615365565 0.6066275734922884 -5.074104328046685e-05 4.9664837712895835 -0.606627574125486 0.7949861547837845 3.566619921049975e-06 -4.061873642430429 4.250203687553264e-05 2.7945502541244032e-05 0.9999999987063128 0.1694243674509056
1.0 0.0 0.0 0.0 0.0 1.0 0.0 0.0 0.0 0.0 1.0 0.0
-0.8280330304630821 0.5606793195859169 -3.241602027639783e-05 2.5858515939969 -0.5606793198321726 -0.8280330309289649 -1.7677329766364013e-06 -2.4105126702405557 -2.78326668426641e-05 1.6711250906555765e-05 0.9999999994730384 0.3424884450183599
0.7949856811011673 0.606628194692047 -1.577277190733068e-05 4.966075598590987 -0.6066281942668782 0.7949856811917267 2.4912469813418002e-05 -4.061652596789382 2.7651734407255255e-05 -1.023684864178294e-05 0.9999999995652943 0.16925937594166202
1.0 0.0 0.0 0.0 0.0 1.0 0.0 0.0 0.0 0.0 1.0 0.0
-0.8280334800599307 0.5606786544906911 -4.794109181640488e-05 2.5859622584479407 -0.5606786556015662 -0.8280334805945456 1.2934508976008374e-05 -2.4106039142531515 -3.2444726031057285e-05 3.758975338799551e-05 0.9999999987671749 0.3423461184008734
0.7949839628088161 0.6066304457222698 -3.4635108639747646e-05 4.966215563506517 -0.6066304443533562 0.7949839634570829 4.2775185546830304e-05 -4.061749746786739 5.3483085815318755e-05 -1.2994875171536518e-05 0.9999999984853463 0.16916077729594578
1.0 0.0 0.0 0.0 0.0 1.0 0.0 0.0 0.0 0.0 1.0 0.0
-0.8280348701968085 0.5606766029842245 -2.458095928795093e-05 2.586545572102563 -0.5606766032116599 -0.8280348704023228 2.973745606811943e-06 -2.410680205791924 -1.868658185339606e-05 1.6244333814797225e-05 0.9999999996934669 0.342435797035883
0.7949846676726646 0.606629522738525 1.753318364876595e-05 4.966308994690294 -0.6066295228525472 0.7949846665384745 4.4411731042343155e-05 -4.061893446514928 1.3002855049884956e-05 -4.594279207447468e-05 0.9999999988600927 0.16897478587150672
1.0 0.0 0.0 0.0 0.0 1.0 0.0 0.0 0.0 0.0 1.0 0.0
-0.8280417372469098 0.5606664599785726 -4.5080083954064094e-05 2.585928887602068 -0.5606664606133583 -0.8280417380423315 1.767146663283501e-06 -2.410180185609418 -3.6337411204459996e-05 2.6738162307706382e-05 0.9999999989823314 0.34196755979946236
0.7949740695977986 0.6066434099242575 -4.315765910968365e-05 4.966341639071965 -0.6066434057708775 0.7949740698740903 8.038989499245e-05 -4.061440109103245 8.307721993032794e-05 -3.772657266928479e-05 0.9999999958374406 0.1690578523052743
1.0 0.0 0.0 0.0 0.0 1.0 0.0 0.0 0.0 0.0 1.0 0.0
-0.8280391332187603 0.5606703074388248 -1.4655268656972192e-05 2.5855889113560657 -0.5606703076149084 -0.828039132719 2.9068356297219847e-05 -2.410718933528551 4.162628313415253e-06 3.228651053852969e-05 0.999999999470127 0.34180484381649245
0.794980289288768 0.6066352607850332 -3.823868579498071e-06 4.965702941510689 -0.6066352599043509 0.7949802884450382 4.924047443399302e-05 -4.061772301015118 3.2910908195748595e-05 -3.6825513100686106e-05 0.9999999987803768 0.16920668988378712
1.0 0.0 0.0 0.0 0.0 1.0 0.0 0.0 0.0 0.0 1.0 0.0
-0.8280268351277053 0.5606884670806801 -5.6489940684863935e-05 2.586877156160915 -0.5606884689287625 -0.8280268354620355 2.3770723542962853e-05 -2.411099984164329 -3.344721627604671e-05 5.135605533641234e-05 0.9999999981219196 0.34232880468725274
0.7949913824231455 0.6066207217594086 -4.248564971753345e-05 4.9667121450394855 -0.6066207200108774 0.7949913834665817 4.7616960142088875e-05 -4.062136615880333 6.266116017572703e-05 -1.2082397548264623e-05 0.9999999979637977 0.16948163721318887
1.0 0.0 0.0 0.0 0.0 1.0 0.0 0.0 0.0 0.0 1.0 0.0
-0.8280315507736189 0.5606814897185478 -0.00013420293059509847 2.586021370596495 -0.5606814864801961 -0.8280315613541956 -6.418481916883255e-05 -2.409801166493633 -0.00014711150218785525 2.2098043263564417e-05 0.999999988934941 0.34219525996830447
0.7949782256663506 0.6066379621117078 -6.034348043905879e-05 4.966425720951536 -0.6066379632361857 0.7949782270983771 -4.1783445289127944e-07 -4.061357230511241 4.771827885538315e-05 3.693881536011563e-05 0.9999999981792449 0.16947174126544293
