1647471763.7094593 10.356711897799487 0.456620023480184 1.0622988135597635
1647471763.8094592 10.356771352664992 0.4566243150829655 1.0623057532728777
1647471763.9094594 10.356830807530498 0.45662860668574706 1.0623126929859918
1647471764.0094593 10.356763879086287 0.45662516920153184 1.0623058941212091
1647471764.1094594 10.356696814237527 0.4566217233753715 1.062299080428483
1647471764.2094593 10.356629749388766 0.45661827754921114 1.0622922667357573
1647471764.3094592 10.356562684540005 0.4566148317230508 1.0622854530430315
1647471764.4094594 10.356697864868366 0.45662026186613713 1.0622995509763287
1647471764.5094593 10.356833308138855 0.4566257035490104 1.062313676097159
1647471764.6094594 10.356968751409344 0.4566311452318836 1.0623278012179893
1647471764.7094593 10.357104194679831 0.4566365869147568 1.0623419263388194
1647471764.8094592 10.35723963795032 0.45664202859763003 1.0623560514596497
1647471764.9094594 10.357375081220807 0.45664747028050323 1.06237017658048
1647471765.0094593 10.357510524491296 0.45665291196337643 1.0623843017013104
1647471765.1094594 10.357645937645415 0.4566583525089562 1.0623984234408357
1647471765.2094593 10.357742585704633 0.456662329156689 1.0624081928428082
1647471765.3094592 10.357839233763853 0.4566663058044217 1.0624179622447807
1647471765.4094594 10.357935881823073 0.4566702824521544 1.0624277316467532
1647471765.5094593 10.35803252988229 0.4566742590998871 1.0624375010487257
1647471765.6094594 10.358102597628484 0.45667681953823913 1.0624448621260902
1647471765.7094593 10.358172378219798 0.4566793646768679 1.0624521971856213
1647471765.8094592 10.358242158811112 0.4566819098154967 1.0624595322451524
1647471765.9094594 10.358311696688759 0.4566844455477138 1.0624668420108134
1647471766.0094593 10.35818256854323 0.45667928194265356 1.0624534482348633
1647471766.1094594 10.3580534403977 0.45667411833759325 1.0624400544589134
1647471766.2094593 10.357924312252173 0.456668954732533 1.0624266606829633
1647471766.3094592 10.357795184106644 0.45666379112747274 1.0624132669070134
1647471766.4094594 10.357740647137957 0.4566604133116597 1.0624076565113334
1647471766.5094593 10.35768619734111 0.45665703758282983 1.0624020552117905
1647471766.6094594 10.357631747544263 0.45665366185399997 1.0623964539122477
1647471766.7094593 10.357577297747413 0.45665028612517017 1.0623908526127048
1647471766.8094592 10.357478164594108 0.4566460234285034 1.0623811101421545
1647471766.9094594 10.35737842513894 0.45664174869670116 1.062371311480667
1647471767.0094593 10.357278685683774 0.4566374739648989 1.0623615128191792
1647471767.1094594 10.357178946228608 0.45663319923309664 1.0623517141576915
1647471767.2094593 10.357302906978129 0.45663907172036594 1.0623645814438907
1647471767.3094592 10.35742710072089 0.4566449547763938 1.0623774723376342
1647471767.4094594 10.357551294463653 0.45665083783242155 1.062390363231378
1647471767.5094593 10.357675488206414 0.45665672088844933 1.0624032541251216
1647471767.6094594 10.357630903880837 0.45665422642163267 1.0623993252445505
1647471767.7094593 10.357586137152406 0.4566517229010089 1.0623953781864115
1647471767.8094592 10.357541370423975 0.45664921938038516 1.0623914311282723
1647471767.9094594 10.357496603695544 0.4566467158597614 1.0623874840701333
1647471768.0094593 10.357508961802335 0.4566470159276427 1.0623889999658418
1647471768.1094594 10.35752137064638 0.4566473184856211 1.0623905207136484
1647471768.2094593 10.357533779490426 0.4566476210435996 1.0623920414614552
1647471768.3094592 10.357546188334473 0.4566479236015781 1.0623935622092617
1647471768.4094594 10.35751640213971 0.4566473409529146 1.0623911174265348
1647471768.5094593 10.357486586287116 0.45664675768206164 1.0623886698565366
1647471768.6094594 10.357456770434524 0.4566461744112087 1.0623862222865383
1647471768.7094593 10.357426954581932 0.4566455911403558 1.0623837747165399
1647471768.8094592 10.357443829531762 0.45664497315746727 1.0623855925253123
1647471768.9094594 10.357461328646444 0.4566443547105466 1.0623874673538696
1647471769.0094593 10.357478827761128 0.4566437362636259 1.0623893421824269
1647471769.1094594 10.35749632687581 0.4566431178167053 1.0623912170109842
1647471769.2094593 10.35759560852974 0.4566484718171687 1.0624017140053421
1647471769.3094592 10.357694942160627 0.45665382961342565 1.062412216479524
1647471769.4094594 10.357794275791514 0.4566591874096826 1.062422718953706
1647471769.5094593 10.357893625035686 0.45666454560528214 1.0624332234195246
1647471769.6094594 10.358032599626089 0.4566709173023086 1.0624487825096534
1647471769.7094593 10.358171574216492 0.456677288999335 1.062464341599782
1647471769.8094592 10.358310548806895 0.45668366069636146 1.0624799006899106
1647471769.9094594 10.358449523397297 0.4566900323933879 1.0624954597800393
1647471770.0094593 10.358467182106278 0.4566903233905131 1.0624944894293296
1647471770.1094594 10.358484826583 0.45669061367427666 1.062493517139457
1647471770.2094593 10.358502471059722 0.4566909039580403 1.0624925448495843
1647471770.3094592 10.358520115536445 0.4566911942418039 1.062491572559712
1647471770.4094594 10.35848975006512 0.45669493917413806 1.0624721231118115
1647471770.5094593 10.358458802833093 0.45669872596818767 1.062452449766888
1647471770.6094594 10.358427855601064 0.4567025127622373 1.0624327764219643
1647471770.7094593 10.358396931381167 0.45670629843082416 1.0624131105250778
1647471770.8094592 10.35842707267141 0.4567070975460159 1.0624132089091354
1647471770.9094594 10.35845721396165 0.4567078966612076 1.062413307293193
1647471771.0094593 10.358487355251892 0.45670869577639933 1.0624134056772505
1647471771.1094594 10.358517481921986 0.456709494235267 1.0624135058404767
1647471771.2094593 10.358496776326744 0.4567080107447063 1.0624197919310328
1647471771.3094592 10.358476070731502 0.45670652725414557 1.0624260780215888
1647471771.4094594 10.358455365136258 0.45670504376358484 1.062432364112145
1647471771.5094593 10.35843460860061 0.4567035581063711 1.0624386444586225
1647471771.6094594 10.358125952130532 0.4566898271745027 1.062412460992709
1647471771.7094593 10.357817295660455 0.4566760962426343 1.0623862775267954
1647471771.8094592 10.357508639190376 0.4566623653107659 1.0623600940608817
1647471771.9094594 10.357200120950075 0.4566486406137106 1.0623339239316405
1647471772.0094593 10.357212137991958 0.4566493735653352 1.0623386796570917
1647471772.1094594 10.35722415503384 0.45665010651695975 1.0623434353825432
1647471772.2094593 10.357236172075723 0.45665083946858437 1.0623481911079946
1647471772.3094592 10.357248189117605 0.456651572420209 1.0623529468334458
1647471772.4094594 10.357366343967644 0.4566564612743763 1.062366882588877
1647471772.5094593 10.357485804128789 0.4566614012389427 1.062380931242768
1647471772.6094594 10.357605264289932 0.4566663412035092 1.062394979896659
1647471772.7094593 10.357724685626183 0.4566712794566899 1.0624090244182143
1647471772.8094592 10.357650284588505 0.45666767409742576 1.0624024394152023
1647471772.9094594 10.357575883550828 0.4566640687381616 1.0623958544121903
1647471773.0094593 10.35750148251315 0.45666046337889743 1.0623892694091783
1647471773.1094594 10.357427081475473 0.4566568580196333 1.0623826844061663
1647471773.2094593 10.357467875743994 0.45665756219020404 1.0623890014103525
1647471773.3094592 10.357510077934759 0.45665831903204335 1.0623954761034542
1647471773.4094594 10.357552280125523 0.4566590758738827 1.062401950796556
1647471773.5094593 10.35759444143234 0.4566598316882411 1.0624084208171574
1647471773.6094594 10.357571983102401 0.456658963504626 1.0624075056583755
1647471773.7094593 10.35754952477246 0.4566580953210109 1.0624065904995936
1647471773.8094592 10.35752706644252 0.45665722713739587 1.0624056753408115
1647471773.9094594 10.35750460811258 0.45665635895378076 1.0624047601820297
1647471774.0094593 10.357524156837792 0.4566568580090101 1.0624067793802743
1647471774.1094594 10.35754405183747 0.4566573683347248 1.0624088227671442
1647471774.2094593 10.357563946837148 0.45665787866043955 1.062410866154014
1647471774.3094592 10.357583841836828 0.45665838898615424 1.0624129095408839
1647471774.4094594 10.357603736836506 0.456658899311869 1.0624149529277538
1647471774.5094593 10.357623631836184 0.45665940963758367 1.0624169963146235
1647471774.6094594 10.357643526835863 0.4566599199632984 1.0624190397014934
1647471774.7094593 10.357663421835541 0.4566604302890131 1.0624210830883634
1647471774.8094592 10.357685739335826 0.4566626255896608 1.062423097275603
1647471774.9094594 10.357708074036093 0.4566648328537878 1.0624251112555227
1647471775.0094593 10.357730408736359 0.45666704011791476 1.0624271252354425
1647471775.1094594 10.357752743436626 0.4566692473820417 1.0624291392153622
1647471775.2094593 10.357784941163565 0.4566716063980589 1.062432328762754
1647471775.3094592 10.357817211194764 0.45667396652654485 1.0624355269280414
1647471775.4094594 10.357849481225962 0.4566763266550308 1.062438725093329
1647471775.5094593 10.35788175125716 0.4566786867835167 1.0624419232586164
1647471775.6094594 10.357551654809386 0.45666235984703935 1.0624072903824697
1647471775.7094593 10.357218909450507 0.45664589630749086 1.0623723809601422
1647471775.8094592 10.356886164091629 0.4566294327679424 1.0623374715378147
1647471775.9094594 10.35655341873275 0.4566129692283939 1.0623025621154871
1647471776.0094593 10.356624900273191 0.4566161476066144 1.0623094972027474
1647471776.1094594 10.356699478961218 0.45661947647931783 1.062316752898611
1647471776.2094593 10.356774057649245 0.45662280535202127 1.062324008594475
1647471776.3094592 10.356848636337272 0.45662613422472464 1.0623312642903389
1647471776.4094594 10.356903426918493 0.45662939964122734 1.0623366933420808
1647471776.5094593 10.35695806969759 0.4566326645837604 1.0623421087501794
1647471776.6094594 10.35701271247669 0.4566359295262935 1.062347524158278
1647471776.7094593 10.35706735525579 0.45663919446882656 1.0623529395663764
1647471776.8094592 10.35703817733479 0.45663742893782805 1.0623500181486376
1647471776.9094594 10.35700837589257 0.4566356259863955 1.062347034715337
1647471777.0094593 10.356978574450354 0.45663382303496297 1.0623440512820364
1647471777.1094594 10.356948773008135 0.45663202008353043 1.0623410678487357
1647471777.2094593 10.356978106096987 0.456634240210895 1.062344128582234
1647471777.3094592 10.357007874837567 0.4566364899768006 1.0623472338438897
1647471777.4094594 10.357037643578149 0.4566387397427063 1.0623503391055455
1647471777.5094593 10.35706741231873 0.4566409895086119 1.0623534443672014
1647471777.6094594 10.357055377138018 0.4566389283875367 1.0623520783623999
1647471777.7094593 10.357043034346528 0.45663683554514783 1.0623506794561455
1647471777.8094592 10.357030691555039 0.4566347427027589 1.062349280549891
1647471777.9094594 10.357018348763548 0.45663264986037 1.0623478816436365
1647471778.0094593 10.356988690004297 0.456631574145034 1.0623444255449859
1647471778.1094594 10.356958909003493 0.4566305056100758 1.0623409549236476
1647471778.2094593 10.356929128002689 0.45662943707511755 1.0623374843023092
1647471778.3094592 10.356899347001885 0.45662836854015937 1.062334013680971
1647471784.1091943 10.357592270920852 0.45663992488191735 1.0623928760932373
1647471784.2091942 10.357535578224256 0.4566382021407152 1.0623805454020663
1647471784.3091943 10.35747888552766 0.456636479399513 1.0623682147108953
1647471784.4091942 10.35735437016975 0.4566306232628881 1.0623339436969907
1647471784.5091944 10.357229839414332 0.4566247661878749 1.0622996677020624
1647471784.6091943 10.357105308658914 0.4566189091128617 1.0622653917071339
1647471784.7091942 10.356980853605233 0.45661305568834276 1.0622311295618239
1647471784.8091943 10.357063308574489 0.45661717989285344 1.0622347215657602
1647471784.9091942 10.357145763543743 0.4566213040973641 1.0622383135696962
1647471785.0091944 10.357228218512997 0.4566254283018748 1.0622419055736323
1647471785.1091943 10.357310673482253 0.4566295525063855 1.0622454975775686
1647471785.2091942 10.35739748621665 0.45663211662263037 1.0622563846256101
1647471785.3091943 10.357484299200417 0.4566346806496011 1.0622672720911015
1647471785.4091942 10.357571112184182 0.45663724467657185 1.0622781595565929
1647471785.5091944 10.357657925167949 0.45663980870354265 1.0622890470220843
1647471785.6091943 10.357581205906857 0.4566368323919198 1.0622807138117605
1647471785.7091942 10.357504475182163 0.45663385569191944 1.0622723792540678
1647471785.8091943 10.357427744457466 0.45663087899191906 1.062264044696375
1647471785.9091942 10.35735101373277 0.4566279022919187 1.0622557101386823
1647471786.0091944 10.35740443565466 0.45662949768254035 1.062257173492896
1647471786.1091943 10.357459663395105 0.4566311565091834 1.0622587727894173
1647471786.2091942 10.35751489113555 0.45663281533582645 1.0622603720859385
1647471786.3091943 10.357570118875996 0.4566344741624695 1.0622619713824597
1647471786.4091942 10.357513764081789 0.4566332023868046 1.0622533053334111
1647471786.5091944 10.357456861455217 0.45663191622287724 1.0622445888850007
1647471786.6091943 10.357399958828644 0.4566306300589499 1.0622358724365901
1647471786.7091942 10.357343056202073 0.4566293438950225 1.0622271559881797
1647471786.8091943 10.357589841847238 0.4566385677144961 1.062254417605919
1647471786.9091942 10.357838182416923 0.4566478453464887 1.0622818634361628
1647471787.0091944 10.358086522986607 0.4566571229784814 1.0623093092664069
1647471787.1091943 10.35833486355629 0.456666400610474 1.0623367550966507
1647471787.2091942 10.358185089654592 0.4566613304020004 1.0623224812291197
1647471787.3091943 10.358033354627935 0.45665618951559356 1.0623080018489872
1647471787.4091942 10.357881619601276 0.45665104862918676 1.0622935224688548
1647471787.5091944 10.357729884574619 0.4566459077427799 1.0622790430887226
1647471787.6091943 10.35776414021307 0.45664795274307723 1.0622784459346581
1647471787.7091942 10.357799316705044 0.45665003332123055 1.0622779175125208
1647471787.8091943 10.35783449319702 0.45665211389938387 1.0622773890903834
1647471787.9091942 10.357869669688997 0.4566541944775372 1.062276860668246
1647471788.0091944 10.35795137112382 0.45665832642796933 1.062285482444678
1647471788.1091943 10.358033327722621 0.4566624696290613 1.062294154404966
1647471788.2091942 10.358115284321421 0.4566666128301533 1.0623028263652543
1647471788.3091943 10.358197240920221 0.4566707560312453 1.0623114983255424
1647471788.4091942 10.358133480566892 0.45666547294759713 1.0623044857281407
1647471788.5091944 10.35806903636123 0.45666014562622176 1.0622973995228222
1647471788.6091943 10.358004592155572 0.45665481830484644 1.0622903133175035
1647471788.7091942 10.357940147949913 0.4566494909834711 1.062283227112185
1647471788.8091943 10.357875549704708 0.4566482540147224 1.0622761029240133
1647471788.9091942 10.357810950757573 0.45664703568498394 1.0622689785627606
1647471789.0091944 10.357746351810437 0.45664581735524545 1.0622618542015076
1647471789.1091943 10.357681752863302 0.45664459902550697 1.062254729840255
1647471789.2091942 10.35747124879195 0.45663488220643594 1.0622350901197568
1647471789.3091943 10.357259896946392 0.45662511600733074 1.062215377679409
1647471789.4091942 10.357048545100836 0.45661534980822555 1.0621956652390614
1647471789.5091944 10.356837193255279 0.45660558360912035 1.0621759527987136
1647471789.6091943 10.356850922944949 0.4566060646850584 1.06217545791682
1647471789.7091942 10.356866030731114 0.45660660850152196 1.062175080697399
1647471789.8091943 10.356881138517277 0.4566071523179856 1.062174703477978
1647471789.9091942 10.356896246303442 0.4566076961344492 1.062174326258557
1647471790.0091944 10.356953217584937 0.4566100855850464 1.0621793529113583
1647471790.1091943 10.357010452902744 0.4566124866762012 1.0621844136468006
1647471790.2091942 10.357067688220548 0.456614887767356 1.0621894743822429
1647471790.3091943 10.357124923538354 0.4566172888585107 1.0621945351176851
1647471790.4091942 10.357182406213186 0.45661994388284255 1.0621970516766603
1647471790.5091944 10.357239890399992 0.45662260045934544 1.0621995526843109
1647471790.6091943 10.3572973745868 0.4566252570358484 1.0622020536919612
1647471790.7091942 10.357354858773606 0.45662791361235133 1.0622045546996117
1647471790.8091943 10.357268795786148 0.4566235127373506 1.0621960940112776
1647471790.9091942 10.357181851414465 0.4566190685293726 1.0621875660177809
1647471791.0091944 10.35709490704278 0.45661462432139466 1.0621790380242842
1647471791.1091943 10.357007962671098 0.4566101801134167 1.0621705100307872
1647471791.2091942 10.357026857281673 0.45661056362087515 1.0621745312803734
1647471791.3091943 10.357046541763095 0.4566109831573241 1.0621786461843117
1647471791.4091942 10.35706622624452 0.45661140269377315 1.06218276108825
1647471791.5091944 10.357085910725942 0.4566118222302221 1.062186875992188
1647471791.6091943 10.35707614377199 0.4566126021473398 1.062185770324752
1647471791.7091942 10.357066165331215 0.45661338465230283 1.0621846271690902
1647471791.8091943 10.35705618689044 0.4566141671572659 1.0621834840134288
1647471791.9091942 10.357046208449663 0.45661494966222893 1.062182340857767
1647471792.0091944 10.357142767944142 0.45661832596354696 1.0621881440843204
1647471792.1091943 10.35724013098261 0.4566217218281263 1.0621939997027625
1647471792.2091942 10.357337494021078 0.45662511769270564 1.0621998553212046
1647471792.3091943 10.357434857059545 0.45662851355728495 1.062205710939647
1647471792.4091942 10.3575172495306 0.45663447782127253 1.0622074172628568
1647471792.5091944 10.357599533058833 0.45664046077584636 1.0622090933910897
1647471792.6091943 10.357681816587064 0.45664644373042024 1.0622107695193228
1647471792.7091942 10.357764100115297 0.4566524266849941 1.0622124456475557
1647471792.8091943 10.357607861761544 0.45664398947369955 1.0621922877106786
1647471792.9091942 10.357446381411314 0.45663523535035483 1.0621716499264542
1647471793.0091944 10.357284901061085 0.45662648122701005 1.06215101214223
1647471793.1091943 10.357123420710858 0.45661772710366527 1.0621303743580055
1647471793.2091942 10.357014265677412 0.456615023054063 1.06211835879358
1647471793.3091943 10.356905635198252 0.4566123796556387 1.062106429665752
1647471793.4091942 10.356797004719091 0.4566097362572144 1.062094500537924
1647471793.5091944 10.35668837423993 0.4566070928587901 1.0620825714100959
1647471793.6091943 10.356797851512363 0.4566112845896744 1.0620935924194552
1647471793.7091942 10.356915437468315 0.45661573043303294 1.0621054666557073
1647471793.8091943 10.357033023424266 0.4566201762763914 1.062117340891959
1647471793.9091942 10.357150609380218 0.45662462211974986 1.0621292151282111
1647471794.0091944 10.357144462433865 0.456624424198319 1.0621281764860817
1647471794.1091943 10.357137069724681 0.4566241795227147 1.0621270078350085
1647471794.2091942 10.357129677015497 0.45662393484711045 1.0621258391839354
1647471794.3091943 10.357122284306312 0.4566236901715061 1.0621246705328622
1647471794.4091942 10.35724122335735 0.4566281387434775 1.062136640159564
1647471794.5091944 10.35736303816077 0.4566326941501662 1.0621489088593852
1647471794.6091943 10.35748485296419 0.4566372495568549 1.0621611775592066
1647471794.7091942 10.357606667767609 0.4566418049635436 1.0621734462590278
1647471794.8091943 10.357546063555311 0.45664025145036025 1.0621674185365222
1647471794.9091942 10.357481386703146 0.4566385615510084 1.0621609823328138
1647471795.0091944 10.35741670985098 0.45663687165165656 1.062154546129105
1647471795.1091943 10.357352032998815 0.4566351817523047 1.0621481099253967
1647471795.2091942 10.35728735614665 0.45663349185295293 1.062141673721688
1647471795.3091943 10.357222679294484 0.4566318019536011 1.0621352375179796
1647471795.4091942 10.357158002442318 0.45663011205424925 1.0621288013142711
1647471795.5091944 10.357093325590153 0.4566284221548974 1.0621223651105625
1647471795.6091943 10.357196950343276 0.4566319345533815 1.062132852742966
1647471795.7091942 10.357304168649726 0.456635558030632 1.0621437017308508
1647471795.8091943 10.357411386956176 0.45663918150788246 1.0621545507187355
1647471795.9091942 10.357518605262626 0.456642804985133 1.0621653997066203
1647471796.0091944 10.357440758379855 0.456639241801267 1.0621578041879924
1647471796.1091943 10.35736123081703 0.4566356133513289 1.0621500411645288
1647471796.2091942 10.357281703254205 0.4566319849013908 1.062142278141065
1647471796.3091943 10.35720217569138 0.45662835645145267 1.0621345151176012
1647471796.4091942 10.35729729026707 0.4566334768420352 1.0621445420138638
1647471796.5091944 10.35739410897942 0.45663868260273527 1.0621547425019908
1647471796.6091943 10.357490927691773 0.45664388836343534 1.0621649429901179
1647471796.7091942 10.357587746404125 0.4566490941241354 1.062175143478245
1647471796.8091943 10.357578993670044 0.4566480319561008 1.0621735119215372
1647471796.9091942 10.35756916163951 0.4566469057086822 1.0621717594014015
1647471797.0091944 10.357559329608975 0.45664577946126367 1.0621700068812658
1647471797.1091943 10.357549497578441 0.4566446532138451 1.0621682543611302
1647471797.2091942 10.357534613522642 0.4566434654366301 1.0621672024002147
1647471797.3091943 10.357519676841884 0.4566422770184834 1.0621661577367487
1647471797.4091942 10.357504740161124 0.4566410886003367 1.0621651130732828
1647471797.5091944 10.357489803480366 0.45663990018219003 1.0621640684098168
1647471797.6091943 10.357460149519206 0.4566389912830797 1.0621607428397182
1647471797.7091942 10.357430353765862 0.4566380850769679 1.06215739529445
1647471797.8091943 10.357400558012518 0.4566371788708561 1.062154047749182
1647471797.9091942 10.357370762259176 0.45663627266474427 1.0621507002039139
1647471798.0091944 10.357490874352488 0.4566427825207952 1.0621631683477453
1647471798.1091943 10.357612577465925 0.4566493710858959 1.0621758043485647
1647471798.2091942 10.357734280579363 0.45665595965099665 1.0621884403493844
1647471798.3091943 10.3578559836928 0.45666254821609736 1.062201076350204
1647471798.4091942 10.357844870269632 0.45666093977754013 1.0622001743343399
1647471798.5091944 10.357832473106827 0.4566592521107576 1.0621991414666325
1647471798.6091943 10.357820075944021 0.456657564443975 1.0621981085989252
1647471798.7091942 10.357807678781215 0.45665587677719244 1.0621970757312178
1647471798.8091943 10.35789864038338 0.4566591899480977 1.0622063009911296
1647471798.9091942 10.357990608386972 0.45666255181202065 1.0622156261341449
1647471799.0091944 10.358082576390562 0.45666591367594367 1.0622249512771604
1647471799.1091943 10.358174544394153 0.45666927553986664 1.0622342764201758
1647471799.2091942 10.358052364117114 0.45666485073129975 1.0622218452219019
1647471799.3091943 10.357928079734151 0.45666034941507355 1.0622092002575103
1647471799.4091942 10.357803795351188 0.4566558480988473 1.0621965552931185
1647471799.5091944 10.357679510968223 0.45665134678262104 1.0621839103287267
1647471799.6091943 10.357757095205102 0.4566540503241627 1.0621916782345768
1647471799.7091942 10.357836641988765 0.45665682391062 1.0621996445923352
1647471799.8091943 10.35791618877243 0.4566595974970773 1.0622076109500938
1647471799.9091942 10.357995735556093 0.4566623710835346 1.0622155773078523
1647471800.0091944 10.357880915015842 0.45665750313887793 1.0622040199822158
1647471800.1091943 10.357764097358956 0.4566525566777885 1.0621922620514974
1647471800.2091942 10.357647279702068 0.45664761021669903 1.0621805041207792
1647471800.3091943 10.35753046204518 0.4566426637556096 1.0621687461900609
1647471800.4091942 10.357566213559986 0.4566448472912604 1.0621722628689838
1647471800.5091944 10.357603471259793 0.4566471012152737 1.0621759303410694
1647471800.6091943 10.357640728959598 0.4566493551392869 1.0621795978131552
1647471800.7091942 10.357677986659406 0.45665160906330016 1.062183265285241
1647471800.8091943 10.35769061659439 0.4566526560870299 1.0621846858191233
1647471800.9091942 10.357703003975361 0.45665369122423605 1.0621860842233535
1647471801.0091944 10.357715391356333 0.4566547263614422 1.0621874826275834
1647471801.1091943 10.357727778737305 0.4566557614986484 1.0621888810318136
1647471801.2091942 10.357763130549046 0.4566554291197348 1.0621854763845402
1647471801.3091943 10.357798717268874 0.4566550827522057 1.0621820226058232
1647471801.4091942 10.357834303988701 0.4566547363846765 1.0621785688271064
1647471801.5091944 10.357869890708528 0.45665439001714736 1.0621751150483896
1647471801.6091943 10.357864891428523 0.45665495636800735 1.062154418576476
1647471801.7091942 10.35785946627786 0.45665553229606104 1.062133541176234
1647471801.8091943 10.357854041127197 0.4566561082241147 1.062112663775992
1647471801.9091942 10.357848615976533 0.45665668415216837 1.06209178637575
1647471802.0091944 10.357903944199869 0.45665919233163144 1.0620966947011814
1647471802.1091943 10.35795990213228 0.45666172053889165 1.0621018702958103
1647471802.2091942 10.358015860064691 0.4566642487461519 1.062107045890439
1647471802.3091943 10.358071817997104 0.4566667769534121 1.0621122214850678
1647471802.4091942 10.358127775929514 0.4566693051606724 1.0621173970796964
1647471802.5091944 10.358183733861926 0.4566718333679326 1.062122572674325
1647471802.6091943 10.358239691794338 0.4566743615751928 1.062127748268954
1647471802.7091942 10.358295649726749 0.4566768897824531 1.0621329238635826
1647471802.8091943 10.358261449388774 0.4566753018945714 1.062132776512482
1647471802.9091942 10.35822632272198 0.45667367171597667 1.062132574470913
1647471803.0091944 10.358191196055188 0.4566720415373819 1.062132372429344
1647471803.1091943 10.358156069388395 0.45667041135878716 1.062132170387775
1647471803.2091942 10.358234633660011 0.4566743584103198 1.0621379227752592
1647471803.3091943 10.358314354538374 0.45667836220042884 1.0621437357386603
1647471803.4091942 10.358394075416737 0.45668236599053785 1.0621495487020614
1647471803.5091944 10.358473796295101 0.4566863697806469 1.0621553616654622
1647471803.6091943 10.358411976266416 0.45668419367648927 1.062148255919422
1647471803.7091942 10.358348687236225 0.4566819534334605 1.0621410160948028
1647471803.8091943 10.358285398206032 0.45667971319043177 1.062133776270184
1647471803.9091942 10.358222109175841 0.456677472947403 1.0621265364455648
1647471804.0091944 10.358158820145649 0.4566752327043743 1.0621192966209458
1647471804.1091943 10.358095531115458 0.4566729924613456 1.062112056796327
1647471804.2091942 10.358032242085265 0.4566707522183168 1.0621048169717078
1647471804.3091943 10.357968953055074 0.45666851197528807 1.0620975771470889
1647471804.4091942 10.357919450798303 0.4566647260370265 1.062089716572841
1647471804.5091944 10.357870118856244 0.4566609210040404 1.0620818483301713
1647471804.6091943 10.357820786914186 0.45665711597105424 1.0620739800875014
1647471804.7091942 10.357771454972127 0.4566533109380681 1.0620661118448316
1647471804.8091943 10.35775022811997 0.45664168987024956 1.0620781593825241
1647471804.9091942 10.357729355634977 0.45662997025280566 1.062090458031264
1647471805.0091944 10.357708483149981 0.4566182506353617 1.0621027566800039
1647471805.1091943 10.357687610664987 0.4566065310179178 1.0621150553287437
1647471805.2091942 10.357735970328845 0.45660466394709454 1.0621262294361815
1647471805.3091943 10.357785211109142 0.4566029222694731 1.0621373892316
1647471805.4091942 10.357834451889442 0.45660118059185156 1.0621485490270186
1647471805.5091944 10.35788369266974 0.4565994389142301 1.0621597088224373
1647471805.6091943 10.357858983017612 0.4566003930964226 1.0621400252881488
1647471805.7091942 10.357833330680538 0.456601381644154 1.0621199485777606
1647471805.8091943 10.357807678343466 0.4566023701918853 1.0620998718673726
1647471805.9091942 10.357782026006392 0.4566033587396167 1.0620797951569847
1647471806.0091944 10.357686655026821 0.4566010724537322 1.0620625304286917
1647471806.1091943 10.35759041637306 0.45659874541133705 1.0620453006965518
1647471806.2091942 10.357494177719301 0.4565964183689419 1.0620280709644119
1647471806.3091943 10.357397939065542 0.45659409132654677 1.062010841232272
1647471806.4091942 10.357301136978666 0.4565911353067962 1.0619994324835833
1647471806.5091944 10.357204327991997 0.45658817158459813 1.0619880950185734
1647471806.6091943 10.357107519005327 0.45658520786240003 1.0619767575535635
1647471806.7091942 10.357010710018658 0.45658224414020193 1.0619654200885538
1647471806.8091943 10.357117625289861 0.4565892679054826 1.0619742907097314
1647471806.9091942 10.357227059456156 0.4565964151584295 1.0619834111884843
1647471825.310655 18.56915112221959 10.152831234710849 1.0284574958613144
1647471825.410655 18.549416859365927 10.229101786633441 1.0280031207593006
1647471825.5106552 18.52968290961131 10.305379485242955 1.0275510131774463
1647471825.610655 18.51055718827318 10.395540388205683 1.0315038062291315
1647471825.7106552 18.491431466935047 10.48570129116841 1.035456599280817
1647471825.810655 18.472305745596913 10.57586219413114 1.039409392332502
1647471825.910655 18.453170023790136 10.66603045147869 1.0433603621502328
1647471826.0106552 18.42581010424978 10.762246816882056 1.0458119385808309
1647471826.110655 18.39845018470943 10.858463182285425 1.048263515011429
1647471826.2106552 18.371090265169073 10.95467954768879 1.0507150914420271
1647471826.310655 18.34373480524458 11.050888445840354 1.0531669056963657
1647471826.410655 18.320363155349973 11.140426789046336 1.0558311697743727
1647471826.5106552 18.296991505455367 11.229965132252307 1.0584954338523795
1647471826.610655 18.273619855560764 11.319503475458276 1.0611596979303861
1647471826.7106552 18.250248205666153 11.40904181866426 1.0638239620083931
1647471826.810655 18.22161711547931 11.497556298118507 1.0633892024780012
1647471826.910655 18.192922990127194 11.586058506415121 1.062917300693965
1647471827.0106552 18.164228864775072 11.674560714711737 1.062445398909929
1647471827.110655 18.13553473942295 11.763062923008365 1.0619734971258927
1647471827.2106552 18.10684061407083 11.851565131304993 1.0615015953418567
1647471827.310655 18.07814648871871 11.940067339601608 1.0610296935578205
1647471827.410655 18.04945236336659 12.028569547898222 1.0605577917737845
1647471827.5106552 18.02075823801447 12.11707175619485 1.0600858899897483
1647471827.610655 17.983073573653655 12.18367962370815 1.0591077311250858
1647471827.7106552 17.945383414259776 12.250274109362286 1.0581292628352157
1647471827.810655 17.907693254865897 12.316868595016421 1.0571507945453453
1647471827.910655 17.87000309547201 12.383463080670566 1.056172326255475
1647471828.0106552 17.832312936078125 12.450057566324713 1.0551938579656044
1647471828.110655 17.794622776684243 12.516652051978847 1.0542153896757342
1647471828.2106552 17.756932617290364 12.583246537632983 1.053236921385864
1647471828.310655 17.719226526600753 12.649863368767868 1.0522564043134355
1647471828.410655 17.670380992022654 12.732104555460726 1.049843342221339
1647471828.5106552 17.62153545744456 12.814345742153574 1.0474302801292426
1647471828.610655 17.572689922866466 12.896586928846421 1.0450172180371464
1647471828.7106552 17.523826368637884 12.978798964024216 1.042608189424758
1647471828.810655 17.466902607032416 13.047971497851304 1.0420033402517732
1647471828.910655 17.409978845426956 13.117144031678382 1.0413984910787883
1647471829.0106552 17.3530550838215 13.18631656550546 1.0407936419058035
1647471829.110655 17.296131322216027 13.255489099332548 1.0401887927328186
1647471829.2106552 17.23920756061056 13.324661633159637 1.0395839435598337
1647471829.310655 17.182283799005102 13.393834166986716 1.0389790943868489
1647471829.410655 17.12536003739964 13.463006700813795 1.038374245213864
1647471829.5106552 17.06844455385298 13.53220796077278 1.0377666110652608
1647471829.610655 17.015670014901357 13.615778932684243 1.0357658447827873
1647471829.7106552 16.96289547594974 13.699349904595696 1.033765078500314
1647471829.810655 16.910120936998123 13.782920876507148 1.0317643122178408
1647471829.910655 16.85733611947708 13.866451049449637 1.0297737198246084
1647471830.0106552 16.800173200557275 13.93260312084004 1.0321166408719138
1647471830.110655 16.743010281637478 13.998755192230433 1.034459561919219
1647471830.2106552 16.68584736271768 14.064907263620828 1.036802482966524
1647471830.310655 16.628683325499274 14.131068580490847 1.0391335280881668
1647471830.410655 16.571082861403934 14.200838035475416 1.0368298780070333
1647471830.5106552 16.513482397308596 14.270607490459973 1.0345262279259
1647471830.610655 16.455881933213263 14.34037694544453 1.0322225778447667
1647471830.7106552 16.398281469117922 14.410146400429099 1.029918927763633
1647471830.810655 16.345538770573015 14.478198787099052 1.0299965612163076
1647471830.910655 16.292839086871435 14.546235969366116 1.030095280605931
1647471831.0106552 16.240139403169856 14.614273151633181 1.0301939999955545
1647471831.110655 16.18743971946827 14.682310333900254 1.0302927193851779
1647471831.2106552 16.122769965300513 14.749609542654287 1.0304850093590363
1647471831.310655 16.05798432227202 14.8169016066793 1.0306782052413799
1647471831.410655 15.99319867924353 14.884193670704315 1.0308714011237234
1647471831.5106552 15.928413036215028 14.951485734729339 1.0310645970060672
1647471831.610655 15.865258446795817 15.011825038326178 1.0296567806799684
1647471831.7106552 15.80211958270073 15.072097308926299 1.0282335286650943
1647471835.4710882 13.1752021502175 17.190970614543044 1.0524104662509575
1647471835.571088 13.096320225873873 17.24183440942147 1.0515573038753128
1647471835.6710882 13.017634308664817 17.290609862441563 1.0520022968165104
1647471835.7710881 12.938948391455762 17.339385315461655 1.052447289757708
1647471835.8710883 12.860262474246706 17.388160768481747 1.0528922826989056
1647471835.9710882 12.782040295912822 17.43618305054736 1.0520231706919276
1647471836.071088 12.704133244606572 17.483693526213088 1.0502610777241215
1647471836.1710882 12.626226193300322 17.531204001878816 1.0484989847563153
1647471836.2710881 12.548319141994073 17.578714477544544 1.0467368917885094
1647471836.3710883 12.47545996462554 17.619875976981955 1.0444081394524753
1647471836.4710882 12.406028091750288 17.65672677551369 1.0416946480712805
1647471836.571088 12.336596218875037 17.69357757404542 1.0389811566900857
1647471836.6710882 12.267164345999785 17.730428372577155 1.036267665308891
1647471836.7710881 12.20550586125698 17.76342400158862 1.0366884475487184
1647471836.8710883 12.149127411622295 17.79380102593659 1.039238169508972
1647471836.9710882 12.09274896198761 17.824178050284562 1.0417878914692258
1647471837.071088 12.036370512352924 17.854555074632533 1.0443376134294795
1647471837.1710882 11.978198831293055 17.87996541097019 1.0449200817688007
1647471837.2710881 11.91880432012434 17.901988891849626 1.0441610517796729
1647471837.3710883 11.859409808955624 17.924012372729063 1.043402021790545
1647471837.4710882 11.800015297786908 17.9460358536085 1.042642991801417
1647471837.571088 11.734833200163099 17.971864545173162 1.0401347203687863
1647471837.6710882 11.665711509187654 18.000283432639588 1.0364357453475876
1647471837.7710881 11.596589818212207 18.028702320106014 1.032736770326389
1647471837.8710883 11.527468127236762 18.05712120757244 1.0290377953051904
1647471837.9710882 11.467547689843746 18.086909220059578 1.0292154097174655
1647471838.071088 11.413876366265148 18.117627086071995 1.0320258445780117
1647471838.1710882 11.36020504268655 18.14834495208441 1.034836279438558
1647471838.2710881 11.306533719107952 18.179062818096828 1.0376467142991042
1647471838.3710883 11.248066749212542 18.20938473740012 1.0406349342234056
1647471838.4710882 11.186339825501124 18.239437502579012 1.0437440077425573
1647471838.571088 11.124612901789703 18.269490267757902 1.046853081261709
1647471838.6710882 11.062885978078285 18.299543032936793 1.0499621547808606
1647471838.7710881 11.000421429976045 18.324795488716365 1.0510820745914835
1647471838.8710883 10.937455293553537 18.346783709800974 1.0508493598094468
1647471838.9710882 10.87448915713103 18.368771930885583 1.0506166450274101
1647471839.071088 10.811523020708522 18.390760151970195 1.0503839302453735
1647471839.1710882 10.751024265086283 18.415818475288678 1.0511964513241963
1647471839.2710881 10.692203231320644 18.44296434732247 1.0527196916600052
1647471839.3710883 10.633382197555006 18.47011021935626 1.054242931995814
1647471839.4710882 10.574561163789369 18.497256091390053 1.055766172331623
1647471839.571088 10.506649326978659 18.523498736611767 1.0584100469234998
1647471839.6710882 10.43223084202039 18.549094906595325 1.0618560038803984
1647471839.7710881 10.357812357062123 18.574691076578883 1.0653019608372967
1647471839.8710883 10.283393872103856 18.60028724656244 1.068747917794195
1647471839.9710882 10.204946177301338 18.621471384360245 1.0704087771433508
1647471840.071088 10.12376336255607 18.639660533640257 1.0708578713436503
1647471840.1710882 10.042580547810804 18.657849682920265 1.0713069655439496
1647471840.2710881 9.961397733065537 18.676038832200277 1.071756059744249
1647471840.3710883 9.882648756817975 18.693141986957713 1.0715204499853443
1647471840.4710882 9.805544390506222 18.70951130609551 1.0708221674010006
1647471840.571088 9.728440024194471 18.72588062523331 1.070123884816657
1647471840.6710882 9.651335657882719 18.742249944371107 1.0694256022323132
1647471840.7710881 9.574231291570968 18.758619263508905 1.0687273196479696
1647471840.8710883 9.497126925259215 18.774988582646703 1.0680290370636258
1647471840.9710882 9.420022558947464 18.7913579017845 1.0673307544792823
1647471841.071088 9.342918192635711 18.8077272209223 1.0666324718949385
1647471841.1710882 9.267397586258776 18.820933970265298 1.0661375732987897
1647471841.2710881 9.193005309855184 18.83188758628056 1.0657875730833446
1647471841.3710883 9.118613033451593 18.84284120229582 1.0654375728678995
1647471841.4710882 9.044220757048002 18.85379481831108 1.0650875726524542
1647471841.571088 8.969828480644411 18.86474843432634 1.0647375724370092
1647471841.6710882 8.89543620424082 18.8757020503416 1.064387572221564
1647471841.7710881 8.821043927837229 18.886655666356862 1.064037572006119
1647471841.8710883 8.746651651433638 18.897609282372123 1.063687571790674
1647471841.9710882 8.673852775127868 18.90624241662419 1.063991622455714
1647471842.071088 8.602130747083715 18.913307327831575 1.0647376923942693
1647471842.1710882 8.530408719039563 18.920372239038958 1.0654837623328248
1647471842.2710881 8.45868669099541 18.92743715024634 1.0662298322713804
1647471842.3710883 8.38223937480375 18.933867232273087 1.0661034339193436
1647471842.4710882 8.302599687362742 18.939868428195698 1.0653876021613635
1647471842.571088 8.222959999921736 18.94586962411831 1.0646717704033832
1647471842.6710882 8.143320312480729 18.951870820040916 1.063955938645403
1647471842.7710881 8.063680625039723 18.957872015963527 1.0632401068874227
1647471842.8710883 7.984040937598715 18.963873211886135 1.0625242751294426
1647471842.9710882 7.90440125015771 18.969874407808746 1.0618084433714623
1647471843.071088 7.824761562716702 18.975875603731357 1.061092611613482
1647471843.1710882 7.7455276847867385 18.983493044795683 1.0613405041819972
1647471843.2710881 7.666568044417332 18.99220271044536 1.0622396614477592
1647471843.3710883 7.587608404047926 19.000912376095034 1.0631388187135211
1647471843.4710882 7.5086487636785195 19.009622041744713 1.0640379759792828
1647471843.571088 7.43305443011717 19.014322355790842 1.064095745017524
1647471843.6710882 7.359736946838778 19.016310081103256 1.063584259858993
1647471843.7710881 7.286419463560387 19.01829780641567 1.0630727747004622
1647471843.8710883 7.213101980281996 19.020285531728085 1.0625612895419314
1647471843.9710882 7.132659874202782 19.01683390015357 1.060649750921627
1647471844.071088 7.047404823946839 19.00970778337668 1.0577924248057133
1647471844.1710882 6.962149773690896 19.00258166659979 1.0549350986897994
1647471844.2710881 6.876894723434954 18.995455549822903 1.0520777725738857
1647471844.3710883 6.798006494896635 18.99329905535395 1.0501930765047305
1647471844.4710882 6.723416621009639 18.994497641349003 1.0489650202899519
1647471844.571088 6.6488267471226425 18.99569622734406 1.0477369640751735
1647471844.6710882 6.574236873235647 18.99689481333911 1.0465089078603949
1647471844.7710881 6.450647209565393 19.00119996463576 1.0409214828275914
1647471844.8710883 6.289484026688966 19.00788726066284 1.0319912510453026
1647471844.9710882 6.128320843812538 19.014574556689922 1.023061019263014
1647471845.071088 5.9671576609361106 19.021261852717004 1.0141307874807253
1647471845.1710882 5.856195757786551 19.025996287964123 1.0076153392468827
1647471845.2710881 5.778106339518077 19.02945196325107 1.0026811243226146
1647471845.3710883 5.700016921249603 19.032907638538017 0.9977469093983464
1647471845.4710882 5.621927502981127 19.03636331382496 0.9928126944740783
1647471845.571088 5.5502835321455715 19.043383120200282 0.9905794681052841
1647471845.6710882 5.482865997875027 19.052740013971192 0.9901173455910077
1647471845.7710881 5.415448463604484 19.062096907742102 0.9896552230767315
1647471845.8710883 5.34803092933394 19.071453801513012 0.9891931005624552
1647471845.9710882 5.276826351448337 19.084334171109354 0.9864625523670156
1647471846.071088 5.203138779368524 19.099524725352946 0.9822446994640399
1647471846.1710882 5.129451207288712 19.11471527959654 0.9780268465610643
1647471846.2710881 5.0557636352089 19.129905833840134 0.9738089936580887
1647471846.3710883 4.982076063129088 19.145096388083726 0.9695911407551131
1647471846.4710882 4.908388491049276 19.160286942327318 0.9653732878521375
1647471846.571088 4.834700918969464 19.175477496570913 0.9611554349491618
1647471846.6710882 4.761013346889652 19.190668050814505 0.9569375820461862
1647471865.0737097 4.76877939238248 22.755176676835188 1.03102473443802
1647471865.1737096 4.768771345354819 22.75513627593167 1.0310225861248166
1647471865.2737098 4.7687632983271575 22.75509587502815 1.031020437811613
1647471865.3737097 4.768755251299496 22.75505547412463 1.0310182894984095
1647471865.4737098 4.768747204271835 22.755015073221113 1.031016141185206
1647471865.5737097 4.7687584988138285 22.7550876224625 1.0310153183496216
1647471865.6737096 4.768781500274958 22.75522853731415 1.0310152977891154
1647471865.7737098 4.7688045017360885 22.755369452165798 1.0310152772286094
1647471865.8737097 4.768827503197218 22.755510367017447 1.0310152566681032
1647471865.9737098 4.768850504658348 22.755651281869095 1.031015236107597
1647471866.0737097 4.768873506119478 22.755792196720744 1.0310152155470909
1647471866.1737096 4.768896507580608 22.755933111572393 1.0310151949865847
1647471866.2737098 4.768919509041737 22.756074026424045 1.0310151744260785
1647471866.3737097 4.7689198978632374 22.75607959913284 1.03101461713349
1647471866.4737098 4.768906584616408 22.756003161633195 1.0310137346095356
1647471866.5737097 4.768893271369579 22.755926724133552 1.0310128520855815
1647471866.6737096 4.768879958122749 22.75585028663391 1.031011969561627
1647471866.7737098 4.7688765147438 22.75583148417491 1.0310118016007266
1647471866.8737097 4.768879044305244 22.755847560669345 1.0310120660714024
1647471866.9737098 4.768881573866687 22.755863637163785 1.031012330542078
1647471867.0737097 4.768884103428131 22.755879713658224 1.0310125950127538
1647471867.1737096 4.768886632989574 22.75589579015266 1.0310128594834294
1647471867.2737098 4.768889162551018 22.7559118666471 1.0310131239541052
1647471867.3737097 4.768891692112461 22.755927943141536 1.031013388424781
1647471867.4737098 4.768894221673904 22.755944019635976 1.0310136528954565
1647471867.5737097 4.7689004859922965 22.75597292833864 1.0310121752317696
1647471867.6737096 4.768909013978385 22.756009614750973 1.031009641645747
1647471867.7737098 4.768917541964475 22.756046301163305 1.0310071080597243
1647471867.8737097 4.768926069950564 22.75608298757564 1.0310045744737018
1647471867.9737098 4.76890690401197 22.75599501659381 1.0309974563961806
1647471868.0737097 4.7688709992736475 22.7558317000198 1.0309875673540554
1647471868.1737096 4.768835094535326 22.755668383445787 1.0309776783119304
1647471868.2737098 4.768799189797004 22.755505066871773 1.0309677892698053
1647471868.3737097 4.7687977695977795 22.755483845571707 1.0309659238900903
1647471868.4737098 4.768817229101825 22.75554866013681 1.0309689166785478
1647471868.5737097 4.768836688605871 22.755613474701914 1.0309719094670053
1647471868.6737096 4.768856148109917 22.755678289267017 1.0309749022554628
1647471868.7737098 4.768851768556682 22.75564015554035 1.0309714418978202
1647471868.8737097 4.768832934054861 22.755539598528767 1.0309640686381703
1647471868.9737098 4.7688140995530395 22.75543904151719 1.03095669537852
1647471869.0737097 4.768795265051218 22.755338484505607 1.03094932211887
1647471869.1737096 4.768794622742148 22.755331112997773 1.0309451954399245
1647471869.2737098 4.768804995645578 22.755380164491807 1.030943034537004
1647471869.3737097 4.7688153685490065 22.755429215985842 1.030940873634084
1647471869.4737098 4.768825741452436 22.755478267479873 1.0309387127311638
1647471869.5737097 4.768836131181737 22.755534461662084 1.0309370036564665
1647471869.6737096 4.7688465311302615 22.75559499396839 1.030935569000427
1647471869.7737098 4.768856931078785 22.755655526274698 1.0309341343443874
1647471869.8737097 4.768867331027309 22.755716058581005 1.0309326996883479
1647471869.9737098 4.7688777309758335 22.75577659088731 1.0309312650323084
1647471870.0737097 4.768888130924357 22.755837123193622 1.0309298303762688
1647471870.1737096 4.768898530872881 22.75589765549993 1.0309283957202293
1647471870.2737098 4.768908930821405 22.755958187806236 1.0309269610641898
1647471870.3737097 4.768934552713475 22.75609838014825 1.0309332469465657
1647471870.4737098 4.768969397084675 22.756286835907787 1.0309442104513629
1647471870.5737097 4.7690042414558755 22.756475291667325 1.03095517395616
1647471870.6737096 4.769039085827076 22.756663747426863 1.0309661374609569
1647471870.7737098 4.769054667835172 22.756750839256465 1.0309716930270953
1647471870.8737097 4.769057938542511 22.75677314558595 1.0309737921762336
1647471870.9737098 4.769061209249851 22.756795451915433 1.0309758913253722
1647471871.0737097 4.769064479957191 22.756817758244917 1.0309779904745104
1647471871.1737096 4.76905585833416 22.75677248475513 1.0309782965287915
1647471871.2737098 4.769040045433019 22.75668634582854 1.0309775183007328
1647471871.3737097 4.769024232531876 22.75660020690195 1.030976740072674
1647471871.4737098 4.769008419630735 22.756514067975363 1.0309759618446153
1647471871.5737097 4.768998857769302 22.756471348992108 1.0309725705837849
1647471871.6737096 4.768993076456859 22.756454889836103 1.0309675989941025
1647471871.7737098 4.768987295144416 22.7564384306801 1.0309626274044204
1647471871.8737097 4.768981513831973 22.756421971524095 1.0309576558147382
1647471871.9737098 4.76897573251953 22.75640551236809 1.030952684225056
1647471872.0737097 4.768969951207087 22.756389053212086 1.0309477126353739
1647471872.1737096 4.768964169894644 22.756372594056085 1.0309427410456917
1647471872.2737098 4.768958388582201 22.75635613490008 1.0309377694560096
1647471872.3737097 4.768956921625649 22.75633421521422 1.030927933932293
1647471872.4737098 4.768958071436087 22.756308983577597 1.0309151483084111
1647471872.5737097 4.768959221246525 22.756283751940977 1.0309023626845293
1647471872.6737096 4.768960371056963 22.756258520304353 1.0308895770606472
1647471872.7737098 4.768957563102173 22.75620996853047 1.0308825743665029
1647471872.8737097 4.768952358546214 22.756147295386306 1.0308790734910314
1647471872.9737098 4.768947153990253 22.756084622242145 1.0308755726155598
1647471873.0737097 4.768941949434294 22.75602194909798 1.030872071740088
1647471873.1737096 4.768961730846543 22.756061586021573 1.030885484153361
1647471873.2737098 4.768996634133904 22.756163142501546 1.0309091327375122
1647471873.3737097 4.769031537421266 22.756264698981518 1.030932781321663
1647471873.4737098 4.769066440708627 22.756366255461494 1.030956429905814
1647471873.5737097 4.769068893941498 22.756390202578743 1.0309622624025423
1647471873.6737096 4.769051709240251 22.756367182515937 1.030957313063723
1647471873.7737098 4.769034524539004 22.756344162453132 1.0309523637249038
1647471873.8737097 4.769017339837757 22.756321142390327 1.0309474143860846
1647471873.9737098 4.76900015513651 22.75629812232752 1.0309424650472654
1647471874.0737097 4.768982970435263 22.756275102264716 1.0309375157084462
1647471874.1737096 4.768965785734016 22.75625208220191 1.030932566369627
1647471874.2737098 4.768948601032769 22.756229062139106 1.0309276170308077
1647471874.3737097 4.768886711075028 22.755966798307632 1.0309099050534858
1647471874.4737098 4.7687977425313814 22.755559621250065 1.0308844625712934
1647471902.671827 4.768745817108004 22.755209434521124 1.0307642982049925
1647471902.771827 4.768780408395492 22.755373270072344 1.0307646423637966
1647471902.8718271 4.768830311608092 22.755633649619572 1.0307679981479927
1647471902.971827 4.768880214820692 22.755894029166804 1.0307713539321888
1647471903.0718272 4.768930118033293 22.756154408714035 1.030774709716385
1647471903.171827 4.768952427533551 22.75625385368535 1.030782229742115
1647471903.271827 4.768957004173225 22.756249875443334 1.0307924258816514
1647471903.3718271 4.768961580812897 22.756245897201318 1.0308026220211879
1647471903.471827 4.768966157452571 22.7562419189593 1.0308128181607243
1647471903.5718272 4.768970406868841 22.756241253256853 1.030820096957791
1647471903.671827 4.768974445754786 22.75624271878961 1.0308254987831689
1647471903.771827 4.768978484640731 22.75624418432237 1.0308309006085468
1647471903.8718271 4.768982523526676 22.756245649855128 1.0308363024339247
1647471903.971827 4.768967316778975 22.75617343649684 1.0308393299231866
1647471904.0718272 4.7689397402825815 22.756053867495044 1.0308408313550785
1647471904.171827 4.768912163786188 22.755934298493244 1.0308423327869705
1647471904.271827 4.7688845872897945 22.755814729491448 1.0308438342188624
1647471904.3718271 4.768874516804126 22.75577395362438 1.0308455244524104
1647471904.471827 4.768875704538258 22.755783850091724 1.0308473361054282
1647471904.5718272 4.768876892272391 22.755793746559068 1.0308491477584458
1647471904.671827 4.768878080006522 22.75580364302641 1.0308509594114637
1647471904.771827 4.768879267740655 22.755813539493754 1.0308527710644815
1647471904.8718271 4.768880455474787 22.755823435961098 1.0308545827174993
1647471904.971827 4.7688816432089185 22.75583333242844 1.030856394370517
1647471905.0718272 4.768882830943051 22.755843228895785 1.0308582060235347
1647471905.171827 4.7688914667865925 22.75586251354845 1.0308588517712318
1647471905.271827 4.768904888470366 22.755887830652117 1.0308587483574594
1647471905.3718271 4.768918310154139 22.755913147755784 1.030858644943687
1647471905.471827 4.768931731837912 22.755938464859447 1.0308585415299145
1647471905.5718272 4.768945153521686 22.755963781963114 1.030858438116142
1647471905.671827 4.76895857520546 22.755989099066777 1.0308583347023694
1647471905.771827 4.768971996889233 22.756014416170444 1.030858231288597
1647471905.8718271 4.768985418573006 22.756039733274108 1.0308581278748246
1647471905.971827 4.7716480167106194 22.757963886859915 1.0311355115043201
1647471906.0718272 4.776012655752614 22.761108003486935 1.0315911748015947
1647471906.171827 4.780377294794607 22.764252120113955 1.032046838098869
1647471906.271827 4.784741933836601 22.767396236740975 1.0325025013961433
1647471906.3718271 4.839866538503938 22.776964167100168 1.0360319823055903
1647471906.471827 4.927609702138155 22.790660066114057 1.041536710829981
1647471906.5718272 5.015352865772373 22.80435596512795 1.0470414393543714
1647471906.671827 5.10309602940659 22.81805186414184 1.052546167878762
1647471906.771827 5.1921576872226956 22.833750061400877 1.055975973135437
1647471906.8718271 5.282065414380095 22.850733120725 1.0580743133113653
1647471906.971827 5.371973141537494 22.867716180049122 1.0601726534872935
1647471907.0718272 5.461880868694894 22.884699239373244 1.0622709936632218
1647471907.171827 5.55257410362838 22.897498647103852 1.0644873338285985
1647471907.271827 5.643771178925243 22.90761457721236 1.0667793615420453
1647471907.3718271 5.734968254222104 22.91773050732087 1.0690713892554924
1647471907.471827 5.826165329518966 22.927846437429373 1.0713634169689392
1647471907.5718272 5.917362404815829 22.93796236753788 1.073655444682386
1647471907.671827 6.008559480112691 22.94807829764639 1.0759474723958329
1647471907.771827 6.099756555409553 22.9581942277549 1.07823950010928
1647471907.8718271 6.1909536307064155 22.968310157863407 1.0805315278227268
1647471907.971827 6.273463973172318 22.983074146995506 1.0815008817297453
1647471908.0718272 6.350400976242795 23.000820294203894 1.0816216185357073
1647471908.171827 6.427337979313272 23.018566441412283 1.081742355341669
1647471908.271827 6.504274982383748 23.036312588620675 1.0818630921476307
1647471908.3718271 6.592479890595743 23.049560623693157 1.0819064282816326
1647471908.471827 6.68830726218711 23.059765795464823 1.0818974047462775
1647471908.5718272 6.7841346337784785 23.06997096723649 1.0818883812109226
1647471908.671827 6.879962005369847 23.080176139008156 1.0818793576755676
1647471908.771827 6.964044304431468 23.090064973673886 1.0827377872384145
1647471908.8718271 7.040589487694416 23.09975080666442 1.0841528838149816
1647471908.971827 7.117134670957365 23.109436639654955 1.085567980391549
1647471909.0718272 7.1936798542203135 23.11912247264549 1.0869830769681161
1647471909.171827 7.281869082452702 23.13166366292886 1.0894397266568758
1647471909.271827 7.377548374408429 23.146041569588068 1.092566358229254
1647471909.3718271 7.473227666364155 23.16041947624727 1.095692989801632
1647471909.471827 7.568906958319881 23.174797382906473 1.0988196213740102
1647471909.5718272 7.66044643765004 23.189720994623894 1.097906472831065
1647471909.671827 7.7493232270534875 23.204995598884434 1.0943949743645607
1647471909.771827 7.838200016456935 23.220270203144974 1.0908834758980561
1647471909.8718271 7.927076805860383 23.235544807405514 1.0873719774315518
1647471909.971827 8.022749761660734 23.247711937062107 1.0868417746119237
1647471910.0718272 8.122788370298874 23.257882918518256 1.088226666426677
1647471910.171827 8.222826978937015 23.268053899974404 1.0896115582414307
1647471910.271827 8.322865587575155 23.278224881430553 1.0909964500561842
1647471910.3718271 8.421392852106921 23.2868215760621 1.0903411703968666
1647471910.471827 8.518948979142971 23.294406688382285 1.0883749470498725
1647471910.5718272 8.616505106179021 23.301991800702467 1.0864087237028786
1647471910.671827 8.714061233215071 23.309576913022653 1.0844425003558846
1647471910.771827 8.802420792837617 23.322031675859435 1.08270884617742
1647471910.8718271 8.884586325875134 23.33776622161993 1.081131830834725
1647471910.971827 8.96675185891265 23.353500767380428 1.07955481549203
1647471911.0718272 9.048917391950166 23.369235313140923 1.0779778001493352
1647471911.171827 9.130153176154693 23.382671434863653 1.077650183880737
1647471911.271827 9.210762714583122 23.394559419827015 1.0781641184321542
1647471911.3718271 9.291372253011554 23.406447404790377 1.0786780529835716
1647471911.471827 9.371981791439984 23.41833538975374 1.0791919875349887
1647471911.5718272 9.452591329868415 23.4302233747171 1.0797059220864058
1647471911.671827 9.533200868296845 23.442111359680464 1.0802198566378232
1647471911.771827 9.613810406725277 23.45399934464383 1.0807337911892403
1647471911.8718271 9.694419945153706 23.46588732960719 1.0812477257406574
1647471911.971827 9.789848572913487 23.476747599760643 1.0819212313766198
1647471912.0718272 9.895262454815837 23.486915385151125 1.082702257643396
1647471912.171827 10.00067633671819 23.497083170541607 1.083483283910172
1647471912.271827 10.10609021862054 23.507250955932093 1.084264310176948
1647471912.3718271 10.206327062763304 23.5144702563898 1.0833599300956922
1647471912.471827 10.303074168563677 23.5197020417086 1.0813194510658937
1647471912.5718272 10.399821274364049 23.524933827027404 1.079278972036095
1647471912.671827 10.496568380164423 23.530165612346206 1.0772384930062961
1647471912.771827 10.58891808689611 23.533204293717517 1.0744757999222776
1647471912.8718271 10.678304933841334 23.53476531536496 1.0712264966978007
1647471912.971827 10.767691780786558 23.536326337012408 1.0679771934733238
1647471913.0718272 10.857078627731783 23.537887358659855 1.0647278902488468
1647471913.171827 10.94200893421798 23.53236801375038 1.0640260751002935
1647471913.271827 11.023930741736043 23.522068890518153 1.065044005417582
1647471913.3718271 11.105852549254108 23.511769767285926 1.0660619357348708
1647471913.471827 11.18777435677217 23.5014706440537 1.0670798660521594
1647471913.5718272 11.271766212534832 23.49206162976034 1.067046654959552
1647471913.671827 11.357155650103866 23.48325356767275 1.0663037714647539
1647471913.771827 11.4425450876729 23.474445505585162 1.0655608879699556
1647471913.8718271 11.527934525241932 23.465637443497574 1.0648180044751574
1647471913.971827 11.609106253972445 23.45648927360629 1.0664995034960678
1647471914.0718272 11.687435004751753 23.44711185152526 1.0698151755481988
1647471914.171827 11.765763755531061 23.437734429444234 1.0731308476003296
1647471914.271827 11.844092506310368 23.428357007363203 1.0764465196524604
1647471914.3718271 11.928437370328655 23.415895204174095 1.0804119189816725
1647471914.471827 12.016841678711758 23.40135217794101 1.0848157295622765
1647471914.5718272 12.105245987094861 23.386809151707926 1.0892195401428801
1647471914.671827 12.193650295477964 23.37226612547484 1.0936233507234838
1647471914.771827 12.285971168910846 23.353525782023166 1.0963254741471347
1647471914.8718271 12.38093024785264 23.331958117879 1.0978813379338705
1647471914.971827 12.475889326794434 23.310390453734836 1.0994372017206067
1647471915.0718272 12.570848405736227 23.28882278959067 1.1009930655073428
1647471915.171827 12.665782708426534 23.27023888682677 1.1038734825743872
1647471915.271827 12.760700303016616 23.25366711185412 1.1076471247109472
1647471915.3718271 12.8556178976067 23.237095336881474 1.1114207668475071
1647471915.471827 12.950535492196783 23.220523561908827 1.115194408984067
1647471915.5718272 13.045521458682735 23.203053265356587 1.1179780319503245
1647471915.671827 13.140551968908067 23.184997589233404 1.1201166654023649
1647471915.771827 13.235582479133399 23.16694191311022 1.1222552988544052
1647471915.8718271 13.330612989358729 23.148886236987043 1.1243939323064456
1647471915.971827 13.416845332706762 23.129314781015488 1.126513137504585
1647471916.0718272 13.497316021977067 23.108750686547065 1.1286196197253278
1647471916.171827 13.57778671124737 23.088186592078642 1.1307261019460708
1647471916.271827 13.658257400517675 23.06762249761022 1.1328325841668136
1647471916.3718271 13.759482568926304 23.049419119865664 1.134606665419024
1647471916.471827 13.87431662826642 23.032763684432794 1.1361627884899606
1647471916.5718272 13.989150687606537 23.01610824899992 1.137718911560897
1647471916.671827 14.103984746946654 22.99945281356705 1.1392750346318337
1647471916.771827 14.24787563172502 22.974919872992523 1.1396159417503666
1647471916.8718271 14.410811997944355 22.94522357146188 1.139160327827141
1647471916.971827 14.573748364163691 22.915527269931236 1.1387047139039153
1647471917.0718272 14.736684730383027 22.88583096840059 1.1382490999806896
1647471917.171827 14.89818496110232 22.84827859250456 1.1394066050766753
1647471917.271827 15.058744070323401 22.805578011250063 1.14162121167047
1647471917.3718271 15.219303179544482 22.762877429995566 1.1438358182642647
1647471920.9115522 19.66930400460756 19.308658817050066 1.1149634771280512
1647471921.011552 19.775651942522433 19.179114903883466 1.112597952596738
1647471921.1115522 19.881999880437306 19.04957099071687 1.110232428065425
1647471921.2115521 19.982082301722656 18.930621027444175 1.1052439958061722
1647471921.3115523 20.082156283548144 18.81168533389898 1.1002520305701828
1647471921.4115522 20.182230265373637 18.692749640353778 1.0952600653341937
1647471921.511552 20.282304247199125 18.57381394680858 1.0902681000982044
1647471921.6115522 20.381487310710355 18.453813025471085 1.0887214085399433
1647471921.7115521 20.480669462894742 18.333811014504303 1.0871782411772792
1647471921.8115523 20.579851615079125 18.213809003537524 1.0856350738146152
1647471921.9115522 20.679033767263512 18.09380699257074 1.0840919064519512
1647471922.011552 20.776635092861934 17.971864286820036 1.0822488468973774
1647471922.1115522 20.874234807463992 17.849919603336755 1.080405481727226
1647471922.2115521 20.971834522066054 17.727974919853473 1.0785621165570747
1647471922.3115523 21.069434236668116 17.606030236370188 1.0767187513869234
1647471922.4115522 21.164146662937963 17.478704081638735 1.0761458618273758
1647471922.511552 21.258855219445017 17.351370714251388 1.0755746750555928
1647471922.6115522 21.353563775952072 17.224037346864044 1.0750034882838098
1647471922.7115521 21.448272332459126 17.096703979476697 1.0744323015120267
1647471922.8115523 21.557347217047003 16.94022955053539 1.0731798413045945
1647471922.9115522 21.66646011204578 16.783678020213852 1.0719255785848516
1647471923.011552 21.775573007044557 16.627126489892316 1.0706713158651087
1647471923.1115522 21.884685902043334 16.470574959570783 1.0694170531453657
1647471923.2115521 21.99379879704211 16.314023429249247 1.0681627904256228
1647471923.3115523 22.102911692040887 16.15747189892771 1.0669085277058798
1647471923.4115522 22.212024587039664 16.000920368606177 1.065654264986137
1647471923.511552 22.32113748203844 15.844368838284641 1.0644000022663942
1647471923.6115522 22.430789880978615 15.689428790484174 1.0593483565684323
1647471923.7115521 22.540444611165597 15.534495706049853 1.054280302024741
1647471923.8115523 22.65009934135258 15.379562621615534 1.04921224748105
1647471923.9115522 22.75975407153956 15.224629537181215 1.0441441929373587
1647471924.011552 22.869625595632982 15.068137551724341 1.0375176602148024
1647471924.1115522 22.979498018669382 14.911639102233675 1.0308846652117896
1647471924.2115521 23.089370441705785 14.755140652743009 1.024251670208777
1647471924.3115523 23.19924286474219 14.598642203252345 1.0176186752057643
1647471924.4115522 23.29947515567512 14.443112964787218 1.0125859814234883
1647471924.511552 23.399661690221617 14.287588326631893 1.0075608833878544
1647471924.6115522 23.49984822476812 14.132063688476569 1.0025357853522208
1647471924.7115521 23.60003475931462 13.976539050321245 0.997510687316587
1647471924.8115523 23.688951718870342 13.832107725939538 0.9995025586636159
1647471924.9115522 23.777811894110098 13.687732297741583 1.0015297866063366
1647471925.011552 23.86667206934985 13.543356869543626 1.0035570145490575
1647471925.1115522 23.955532244589605 13.398981441345668 1.0055842424917782
1647471925.2115521 24.070982283770185 13.221910510795476 1.0034975730733113
1647471925.3115523 24.18657991012338 13.04465810369617 1.001388069446993
1647471925.4115522 24.302177536476577 12.867405696596864 0.9992785658206749
1647471925.511552 24.417775162829773 12.690153289497555 0.9971690621943566
1647471925.6115522 24.514117799499022 12.535479958620085 0.9919701292963469
1647471925.7115521 24.610355909743383 12.380929199094428 0.9867544253170738
1647471925.8115523 24.706594019987744 12.226378439568771 0.9815387213378007
1647471925.9115522 24.802832130232105 12.071827680043114 0.9763230173585277
1647471926.011552 24.899070240476465 11.917276920517457 0.9711073133792546
1647471926.1115522 24.995308350720826 11.7627261609918 0.9658916093999815
1647471926.2115521 25.091546460965183 11.608175401466143 0.9606759054207085
1647471926.3115523 25.187784571209544 11.453624641940486 0.9554602014414354
1647471926.4115522 25.284868256287414 11.296090087637488 0.9566329948720127
1647471926.511552 25.381956390596507 11.13853983325406 0.9578394031892171
1647471926.6115522 25.479044524905603 10.980989578870632 0.9590458115064215
1647471926.7115521 25.576132659214696 10.823439324487204 0.9602522198236259
1647471926.8115523 25.673220793523793 10.665889070103777 0.9614586281408303
1647471926.9115522 25.770308927832886 10.508338815720348 0.9626650364580346
1647471927.011552 25.86739706214198 10.350788561336921 0.963871444775239
1647471927.1115522 25.964485196451076 10.193238306953493 0.9650778530924434
1647471927.2115521 26.060240694039848 10.032810706939728 0.9654437019691677
1647471927.3115523 26.15598938568368 9.872368411956472 0.9658052580020984
1647471927.4115522 26.25173807732751 9.711926116973219 0.9661668140350291
1647471927.511552 26.34748676897134 9.551483821989963 0.9665283700679598
1647471927.6115522 26.452792466602812 9.383909681915044 0.963612606840234
1647471927.7115521 26.558149699301776 9.216297084176855 0.9606791710412538
1647471927.8115523 26.663506932000736 9.048684486438663 0.9577457352422737
1647471927.9115522 26.7688641646997 8.881071888700474 0.9548122994432935
1647471928.011552 26.86346967529982 8.734138442541484 0.9531375748508722
1647471928.1115522 26.95801730174164 8.587316326946345 0.9514696267950906
1647471928.2115521 27.052564928183457 8.440494211351206 0.9498016787393089
1647471928.3115523 27.147112554625277 8.293672095756065 0.9481337306835272
1647471928.4115522 27.243898390452426 8.12581198645135 0.9490711463190397
1647471928.511552 27.340697292824412 7.957829058481888 0.9500237719262898
1647471928.6115522 27.437496195196402 7.7898461305124265 0.9509763975335399
1647471928.7115521 27.534258702822626 7.6218741559583805 0.9519321517643056
1647471928.8115523 27.625038733344592 7.4557026763810965 0.9534021812882525
1647471928.9115522 27.71581876386656 7.289531196803813 0.9548722108121994
1647471929.011552 27.80659879438853 7.123359717226529 0.9563422403361463
1647471929.1115522 27.897378824910497 6.957188237649245 0.9578122698600933
1647471929.2115521 27.9861490680665 6.797977911041905 0.9594854533394677
1647471929.3115523 28.07490617231853 6.638813092691786 0.9611599649296448
1647471929.4115522 28.16366327657056 6.479648274341666 0.9628344765198221
1647471929.511552 28.252439492337416 6.320473574488915 0.964510044515907
1647471929.6115522 28.3451680345191 6.1592553462075 0.9664040808548625
1647471929.7115521 28.437896576700787 5.998037117926086 0.9682981171938179
1647471929.8115523 28.53062511888247 5.836818889644671 0.9701921535327733
1647471929.9115522 28.623302875264127 5.675672796282637 0.9721045053658869
1647471930.011552 28.705470629919 5.529454854625772 0.9778072055864122
1647471930.1115522 28.78763838457387 5.383236912968908 0.9835099058069375
1647471930.2115521 28.869806139228743 5.237018971312044 0.9892126060274629
1647471930.3115523 28.952015949276475 5.0906628787078105 0.9949142203880162
1647471930.4115522 29.044034765180005 4.912084439347322 1.0003625686131297
1647471930.511552 29.136053581083534 4.733505999986834 1.005810916838243
1647471930.6115522 29.22807239698706 4.5549275606263455 1.0112592650633563
1647471930.7115521 29.320065417448404 4.37642492380124 1.0166998881921665
1647471930.8115523 29.406653356609755 4.213805669147975 1.02052182328792
1647471930.9115522 29.493241295771103 4.051186414494711 1.0243437583836736
1647471931.011552 29.57982923493245 3.8885671598414464 1.0281656934794272
1647471931.1115522 29.66644901018656 3.725907166338352 1.0319746772509768
1647471931.2115521 29.759724161456248 3.5547306640386553 1.033076170090116
1647471931.3115523 29.85299931272593 3.3835541617389593 1.0341776629292554
1647471931.4115522 29.946274463995614 3.2123776594392623 1.035279155768395
1647471931.511552 30.039549615265297 3.0412011571395663 1.0363806486075342
1647471931.6115522 30.131983181498228 2.876789656096369 1.0358424128927268
1647471931.7115521 30.224410590015665 2.7124276532633447 1.0352921796001642
1647471931.8115523 30.316837998533103 2.548065650430321 1.0347419463076013
1647471931.9115522 30.40926540705054 2.3837036475972972 1.0341917130150384
1647471932.011552 30.50308059134874 2.2122585412468347 1.0315946292911138
1647471932.1115522 30.596905971366716 2.0407613967072016 1.0289825077536532
1647471932.2115521 30.69073135138469 1.8692642521675686 1.0263703862161924
1647471932.3115523 30.784556731402667 1.6977671076279355 1.0237582646787315
1647471932.4115522 30.878382111420642 1.5262699630883025 1.021146143141271
1647471932.511552 30.972207491438617 1.3547728185486694 1.0185340216038101
1647471932.6115522 31.066032871456592 1.1832756740090362 1.0159219000663493
1647471932.7115521 31.15985777087183 1.0117788780880195 1.0133094022295976
1647471932.8115523 31.24879044673419 0.843830793154916 1.0068664221263042
1647471932.9115522 31.337723122596554 0.6758827082218125 1.000423442023011
1647471933.011552 31.426655798458913 0.507934623288709 0.9939804619197175
1647471933.1115522 31.51558511678195 0.3399882175376003 0.9875383123321054
1647471933.2115521 31.59214297631315 0.17822906049340828 0.9841563474603651
1647471933.3115523 31.66870083584435 0.016469903449216283 0.9807743825886246
1647471933.4115522 31.74525869537555 -0.1452892535949757 0.9773924177168842
1647471933.511552 31.82181655490675 -0.30704841063916766 0.9740104528451438
1647471933.6115522 31.90134258317751 -0.48327983475189473 0.9714496141773324
1647471933.7115521 31.980905484667165 -0.6596910461740434 0.9688989762659196
1647471933.8115523 32.06046838615682 -0.8361022575961921 0.9663483383545068
1647471933.9115522 32.14003128764648 -1.0125134690183408 0.963797700443094
1647471934.011552 32.21291023560667 -1.1757564785048733 0.9633892242440495
1647471934.1115522 32.285703054471526 -1.3388298031911048 0.9630083518351165
1647471934.2115521 32.35849587333639 -1.5019031278773363 0.9626274794261834
1647471934.3115523 32.43128869220125 -1.6649764525635677 0.9622466070172504
1647471934.4115522 32.518457273618516 -1.8194618630273622 0.9632575403156656
1647471934.511552 32.60562857694558 -1.9739456474537402 0.9642687371388551
1647471934.6115522 32.69279988027263 -2.128429431880118 0.9652799339620446
1647471934.7115521 32.77997118359969 -2.282913216306496 0.9662911307852341
1647471934.8115523 32.879713576421786 -2.4490032992897826 0.9636733525873815
1647471934.9115522 32.97945767187353 -2.6150949542313326 0.9610550828807808
1647471935.011552 33.07920176732527 -2.7811866091728827 0.9584368131741801
1647471935.1115522 33.17894563667197 -2.9472781700875923 0.9558184902511472
1647471935.2115521 33.27181760516959 -3.11051201885861 0.9515827861324295
1647471935.3115523 33.364689573667206 -3.273745867629628 0.947347082013712
1647471935.4115522 33.457561542164825 -3.436979716400646 0.9431113778949943
1647471935.511552 33.55043351066244 -3.600213565171664 0.9388756737762768
1647471935.6115522 33.62586628769595 -3.757329092421596 0.9389889606886059
1647471935.7115521 33.70129354970685 -3.9144426847950395 0.9391036229390023
1647471935.8115523 33.77672081171774 -4.071556277168483 0.9392182851893986
1647471935.9115522 33.85215029401206 -4.228672108674252 0.9393325304922914
1647471936.011552 33.93840609563224 -4.3967061685647835 0.937413698957118
1647471936.1115522 34.02466189725241 -4.564740228455314 0.9354948674219448
1647471936.2115521 34.110917698872576 -4.732774288345844 0.9335760358867715
1647471936.3115523 34.19717226589173 -4.900807261526972 0.931657328417799
1647471939.8725972 36.90944479645035 -10.70885481127366 0.87596783612978
1647471939.9725971 36.984166797171284 -10.864556398999035 0.8783698442686878
1647471940.0725973 37.06577979461779 -11.034563014982885 0.8818627112065528
1647471940.1725972 37.14739279206429 -11.204569630966734 0.8853555781444179
1647471940.2725973 37.22900578951079 -11.374576246950584 0.8888484450822829
1647471940.3725972 37.31061878695729 -11.544582862934433 0.892341312020148
1647471940.4725971 37.3922317844038 -11.714589478918283 0.895834178958013
1647471940.5725973 37.4738447818503 -11.884596094902133 0.8993270458958781
1647471940.6725972 37.5554577792968 -12.054602710885982 0.9028199128337431
1647471940.7725973 37.634639109784914 -12.224848626184306 0.9026430113484248
1647471940.8725972 37.71226033939231 -12.395248070348899 0.900111671921143
1647471940.9725971 37.7898815689997 -12.565647514513493 0.8975803324938612
1647471941.0725973 37.867502798607084 -12.736046958678086 0.8950489930665793
1647471941.1725972 37.935354546677324 -12.896305962953903 0.8924142180565481
1647471941.2725973 37.996942602167564 -13.050063435101576 0.8897131254338873
1647471941.3725972 38.05853065765781 -13.20382090724925 0.8870120328112265
1647471941.4725971 38.12011871314806 -13.357578379396925 0.8843109401885657
1647471941.5725973 38.18815503874823 -13.493827996327667 0.8838794106437592
1647471941.6725972 38.26033061216365 -13.61883904070779 0.8849047499725315
1647471941.7725973 38.33250618557907 -13.743850085087916 0.8859300893013038
1647471941.8725972 38.404681758994485 -13.868861129468039 0.886955428630076
1647471941.9725971 38.49838304067783 -13.989414678468187 0.8888028075139282
1647471942.0725973 38.60595056579996 -14.107096836882866 0.891179720685116
1647471942.1725972 38.713518090922086 -14.224778995297545 0.8935566338563038
1647471942.2725973 38.82108561604422 -14.342461153712222 0.8959335470274916
1647471942.3725972 38.933296891884204 -14.454347197029835 0.8976200686735613
1647471942.4725971 39.04851184161536 -14.562484193371198 0.898860030819634
1647471942.5725973 39.163726791346505 -14.670621189712561 0.9000999929657066
1647471942.6725972 39.27894174107765 -14.778758186053926 0.9013399551117794
1647471942.7725973 39.40022819446623 -14.871008176994522 0.9012926251173196
1647471942.8725972 39.52546087468762 -14.952932270012118 0.9004086083524518
1647471942.9725971 39.65069355490901 -15.034856363029713 0.8995245915875842
1647471943.0725973 39.775926235130406 -15.116780456047309 0.8986405748227165
1647471943.1725972 39.91164761303598 -15.181125004112367 0.8991215970370724
1647471943.2725973 40.05417922961189 -15.234055275548663 0.9004889295944983
1647471943.3725972 40.1967108461878 -15.286985546984958 0.9018562621519243
1647471943.4725971 40.339242462763714 -15.339915818421254 0.9032235947093501
1647471943.5725973 40.48177407933962 -15.392846089857551 0.904590927266776
1647471943.6725972 40.62430569591553 -15.445776361293847 0.905958259824202
1647471943.7725973 40.76683731249144 -15.498706632730142 0.9073255923816279
1647471943.8725972 40.909368929067355 -15.551636904166438 0.9086929249390538
1647471943.9725971 41.05917705538982 -15.564773865764787 0.9120654463295028
1647471944.0725973 41.21370659863508 -15.552090645294138 0.9167390492575825
1647471944.1725972 41.36823614188034 -15.53940742482349 0.9214126521856623
1647471944.2725973 41.5227656851256 -15.526724204352842 0.926086255113742
1647471944.3725972 41.67729522837086 -15.514040983882195 0.9307598580418216
1647471944.4725971 41.83182477161612 -15.501357763411546 0.9354334609699013
1647471944.5725973 41.98635431486138 -15.488674542940897 0.940107063897981
1647471944.6725972 42.14088385810664 -15.47599132247025 0.9447806668260608
1647471944.7725973 42.29356525266932 -15.440553553350695 0.9466047016843112
1647471944.8725972 42.44504664991715 -15.390341325045968 0.9465785206673684
1647471944.9725971 42.596528047164995 -15.340129096741242 0.9465523396504256
1647471945.0725973 42.74800944441283 -15.289916868436514 0.9465261586334829
1647471945.1725972 42.8873076479892 -15.226336842000089 0.9466828916281336
1647471945.2725973 43.01867514076771 -15.154054980573148 0.9469586934126223
1647471945.3725972 43.15004263354623 -15.081773119146208 0.9472344951971111
1647471945.4725971 43.28141012632474 -15.009491257719265 0.9475102969815998
1647471945.5725973 43.40856340747182 -14.91511077779924 0.9452284478993024
1647471945.6725972 43.532965162587516 -14.806301757179533 0.941276667746945
1647471945.7725973 43.657366917703214 -14.697492736559827 0.9373248875945877
1647471945.8725972 43.78176867281891 -14.588683715940121 0.9333731074422303
1647471945.9725971 43.874571208676684 -14.470469311776352 0.9311875720908233
1647471946.0725973 43.94676383704202 -14.346120449568174 0.9301540317194009
1647471946.1725972 44.018956465407356 -14.221771587359994 0.9291204913479785
1647471946.2725973 44.09114909377269 -14.097422725151814 0.928086950976556
1647471946.3725972 44.16334172213803 -13.973073862943636 0.9270534106051337
1647471946.4725971 44.235534350503364 -13.848725000735456 0.9260198702337112
1647471946.5725973 44.3077269788687 -13.724376138527276 0.9249863298622888
1647471946.6725972 44.37991960723404 -13.600027276319098 0.9239527894908665
1647471946.7725973 44.427189208940874 -13.463878250522873 0.9239611369122553
1647471946.8725972 44.458199768909765 -13.320031148769765 0.9246491809588451
1647471946.9725971 44.48921032887866 -13.176184047016656 0.9253372250054348
1647471947.0725973 44.520220888847554 -13.032336945263548 0.9260252690520245
1647471947.1725972 44.545384315142805 -12.883018943551901 0.9305188514036092
1647471947.2725973 44.56672934606147 -12.730128241048144 0.9374975915573313
1647471947.3725972 44.58807437698014 -12.577237538544384 0.9444763317110533
1647471947.4725971 44.609419407898805 -12.424346836040625 0.9514550718647754
1647471947.5725973 44.64160631489987 -12.239332705417315 0.9574955283450638
1647471947.6725972 44.680872973973244 -12.033341955519736 0.9629232849816236
1647471947.7725973 44.720139633046614 -11.827351205622158 0.9683510416181833
1647471947.8725972 44.75940629211999 -11.621360455724577 0.973778798254743
1647471947.9725971 44.792289587562244 -11.435568249265526 0.9768636486274176
1647471948.0725973 44.82100153083105 -11.262975234164132 0.9784174743396166
1647471948.1725972 44.84971347409986 -11.090382219062738 0.9799713000518155
1647471948.2725973 44.87842541736866 -10.917789203961345 0.9815251257640145
1647471948.3725972 44.89480536833833 -10.75142471209876 0.9829043168131059
1647471948.4725971 44.90312699165261 -10.58913024232588 0.9841693930216123
1647471948.5725973 44.911448614966886 -10.426835772552998 0.9854344692301189
1647471948.6725972 44.91977023828117 -10.264541302780119 0.9866995454386254
1647471948.7725973 44.921909829161216 -10.117207003914894 0.9891995987590715
1647471948.8725972 44.92001700921174 -9.979630912535828 0.9925052018939783
1647471948.9725971 44.91812418926227 -9.842054821156763 0.9958108050288852
1647471949.0725973 44.9162313693128 -9.7044787297777 0.999116408163792
1647471949.1725972 44.91580051980987 -9.550047700269038 1.0029224669504255
1647471949.2725973 44.916323743792375 -9.384617235302564 1.0070551202103428
1647471949.3725972 44.91684696777488 -9.219186770336089 1.0111877734702603
1647471949.4725971 44.917370191757385 -9.053756305369614 1.0153204267301776
1647471949.5725973 44.910230586360285 -8.893482481792223 1.0166327000744013
1647471949.6725972 44.898092188359755 -8.73657255679032 1.016105118508251
1647471949.7725973 44.885953790359224 -8.579662631788416 1.0155775369421007
1647471949.8725972 44.8738153923587 -8.422752706786513 1.0150499553759504
1647471949.9725971 44.85558414378617 -8.279258168743736 1.014190374989917
1647471950.0725973 44.83335308322821 -8.144570514262934 1.0131128452477949
1647471950.1725972 44.811122022670254 -8.009882859782131 1.012035315505673
1647471950.2725973 44.788890962112305 -7.875195205301329 1.0109577857635508
1647471950.3725972 44.76665990155435 -7.740507550820528 1.0098802560214286
1647471950.4725971 44.74442884099639 -7.605819896339726 1.0088027262793064
1647471950.5725973 44.72219778043844 -7.471132241858924 1.0077251965371843
1647471950.6725972 44.699966719880486 -7.336444587378122 1.0066476667950621
1647471950.7725973 44.65890909137856 -7.196651192319889 1.0056407938196388
1647471950.8725972 44.6055127235875 -7.053511547321131 1.004680228563493
1647471974.3963847 19.72616660595425 12.737192111240528 1.01740000495011
1647471974.4963846 19.674884061496403 12.917086488273053 1.0132036849716053
1647471974.5963848 19.623601517038555 13.09698086530558 1.0090073649931004
1647471974.6963847 19.57231897258071 13.276875242338107 1.0048110450145957
1647471974.7963848 19.521036428122862 13.456769619370633 1.000614725036091
1647471974.8963847 19.469753883665014 13.63666399640316 0.9964184050575864
1647471974.9963846 19.418471339207166 13.816558373435686 0.9922220850790816
1647471975.0963848 19.36718879474932 13.996452750468212 0.9880257651005769
1647471975.1963847 19.304705527244742 14.16420452987183 0.9887977911723915
1647471975.2963848 19.24026361360715 14.329832959578164 0.9904386211364496
1647471975.3963847 19.17582169996956 14.495461389284497 0.9920794511005078
1647471975.4963846 19.111379786331966 14.661089818990831 0.993720281064566
1647471975.5963848 19.023038182734073 14.82698318454259 0.9940242219539239
1647471975.6963847 18.93046399093999 14.992923469712714 0.9940914024113856
1647471975.7963848 18.83788979914591 15.15886375488284 0.9941585828688473
1647471975.8963847 18.745315607351827 15.324804040052967 0.994225763326309
1647471975.9963846 18.650035692363335 15.480148642784375 0.9936802602442439
1647471976.0963848 18.554278962391773 15.63362602563422 0.993026787251536
1647471976.1963847 18.45852223242021 15.787103408484066 0.992373314258828
1647471976.2963848 18.36276550244865 15.940580791333911 0.9917198412661201
1647471976.3963847 18.265022073883877 16.096080888300275 0.9929119160092024
1647471976.4963846 18.166928439234105 16.25193754000233 0.9944293154137253
1647471976.5963848 18.068834804584338 16.40779419170439 0.9959467148182481
1647471976.6963847 17.97074116993457 16.563650843406446 0.997464114222771
1647471976.7963848 17.86995600479603 16.72350286523212 1.0006881677314885
1647471976.8963847 17.768696989147134 16.884058281717465 1.0042126818597856
1647471976.9963846 17.66743797349824 17.04461369820281 1.0077371959880828
1647471977.0963848 17.566178957849345 17.205169114688154 1.0112617101163799
1647471977.1963847 17.474526423860542 17.349091280307718 1.0196260381542526
1647471977.2963848 17.384567238220747 17.49008147885662 1.0288434871560004
1647471977.3963847 17.29460805258095 17.631071677405522 1.038060936157748
1647471977.4963846 17.20464886694116 17.772061875954424 1.0472783851594958
1647471977.5963848 17.100609227117843 17.92841211722426 1.0561692117656312
1647471977.6963847 16.99408242938735 18.08747554169188 1.0650023441054226
1647471977.7963848 16.88755563165686 18.246538966159502 1.0738354764452143
1647471977.8963847 16.781028833926367 18.405602390627124 1.0826686087850057
1647471977.9963846 16.674502036195875 18.56466581509474 1.0915017411247971
1647471978.0963848 16.567975238465383 18.723729239562363 1.1003348734645888
1647471978.1963847 16.46144844073489 18.882792664029985 1.1091680058043802
1647471978.2963848 16.3549216430044 19.041856088497607 1.1180011381441717
1647471978.3963847 16.240455601096276 19.196153429884415 1.120943271815293
1647471978.4963846 16.124463794863857 19.34953482519769 1.1227532730816137
1647471978.5963848 16.008471988631438 19.50291622051096 1.1245632743479341
1647471978.6963847 15.89248018239902 19.656297615824236 1.1263732756142548
1647471978.7963848 15.761961874624937 19.788471189343195 1.1233044231282026
1647471978.8963847 15.628904754419644 19.91693824884321 1.119382888079796
1647471978.9963846 15.49584763421435 20.045405308343224 1.1154613530313895
1647471979.0963848 15.362790514009056 20.17387236784324 1.111539817982983
1647471979.1963847 15.234176106852292 20.27052331493553 1.1094358020601298
1647471979.2963848 15.106421435684474 20.36101733571579 1.1076835051400051
1647471979.3963847 14.978666764516657 20.45151135649605 1.1059312082198804
1647471979.4963846 14.850912093348839 20.542005377276308 1.1041789112997558
1647471979.5963848 14.696036718399089 20.65528477130279 1.104391038292499
1647471979.6963847 14.535907673756173 20.772978019255543 1.1049837024003022
1647471979.7963848 14.375778629113254 20.890671267208297 1.105576366508105
1647471979.8963847 14.215649584470338 21.008364515161052 1.1061690306159082
1647471979.9963846 14.05552053982742 21.126057763113806 1.106761694723711
1647471980.0963848 13.895391495184501 21.243751011066564 1.1073543588315142
1647471980.1963847 13.735262450541585 21.36144425901932 1.1079470229393173
1647471980.2963848 13.575133405898669 21.479137506972073 1.1085396870471202
1647471980.3963847 13.420580014536675 21.59368357187419 1.106252753442629
1647471980.4963846 13.267105548187082 21.707620636477895 1.1034085990353162
1647471980.5963848 13.113631081837491 21.8215577010816 1.1005644446280034
1647471980.6963847 12.9601566154879 21.935494765685302 1.0977202902206908
1647471980.7963848 12.80668214913831 22.049431830289006 1.094876135813378
1647471980.8963847 12.653207682788718 22.16336889489271 1.0920319814060653
1647471980.9963846 12.499733216439125 22.277305959496413 1.0891878269987527
1647471981.0963848 12.346258750089534 22.391243024100117 1.08634367259144
1647471981.1963847 12.19775933074017 22.496794647175907 1.0867567373996614
1647471981.2963848 12.050213855677695 22.600738397192764 1.0877943602596278
1647471989.1963613 3.480721549993029 21.13752210018642 0.9434307616222294
1647471989.2963612 3.556299409033539 20.990180206614568 0.9367053198296912
1647471989.3963614 3.6318772680740494 20.84283831304272 0.9299798780371531
1647471989.4963613 3.7074551271145593 20.69549641947087 0.9232544362446149
1647471989.5963614 3.8079040741805588 20.590819051484583 0.9223391559253357
1647471989.6963613 3.9129977942201233 20.494109450536342 0.9225089459879948
1647471989.7963612 4.018091514259687 20.3973998495881 0.922678736050654
1647471989.8963614 4.123185234299252 20.30069024863986 0.9228485261133131
1647471989.9963613 4.228278954338816 20.20398064769162 0.9230183161759723
1647471990.0963614 4.3333726743783805 20.107271046743378 0.9231881062386315
1647471990.1963613 4.438466394417945 20.010561445795137 0.9233578963012906
1647471990.2963612 4.5435601144575095 19.913851844846896 0.9235276863639498
1647471990.3963614 4.672622421713119 19.85505966858582 0.9279470583140769
1647471990.4963613 4.806150803063436 19.80333265751813 0.9331582561407102
1647471990.5963614 4.939679184413752 19.75160564645044 0.9383694539673435
1647471990.6963613 5.0732075657640685 19.69987863538275 0.9435806517939768
1647471990.7963612 5.219167937556265 19.657832641892192 0.9518486858159375
1647471990.8963614 5.367435319322771 19.617583159122614 0.9606839782850004
1647471990.9963613 5.515702701089278 19.577333676353035 0.9695192707540634
1647471991.0963614 5.663970082855784 19.537084193583457 0.9783545632231263
1647471991.1963613 5.843495548418176 19.488632046442707 0.9902407635127138
1647471991.2963612 6.028830957524325 19.438655269154566 1.0026940363813566
1647471991.3963614 6.214166366630475 19.388678491866422 1.0151473092499994
1647471991.4963613 6.399501775736625 19.33870171457828 1.0276005821186422
1647471991.5963614 6.59401184517443 19.305196761380433 1.037277877089034
1647471991.6963613 6.790237105424049 19.274771194264705 1.0464362066031843
1647471991.7963612 6.9864623656736695 19.244345627148977 1.0555945361173344
1647471991.8963614 7.18268762592329 19.21392006003325 1.0647528656314846
1647471991.9963613 7.384435395288571 19.19152846163333 1.066295658300497
1647471992.0963614 7.587214893147462 19.17063778867641 1.0664156979793904
1647471992.1963613 7.789994391006354 19.149747115719485 1.0665357376582838
1647471992.2963612 7.992773888865245 19.12885644276256 1.0666557773371772
1647471992.3963614 8.182735552703964 19.10452322542049 1.0637477376454345
1647471992.4963613 8.370310370847587 19.079548961998952 1.060275830595226
1647471992.5963614 8.55788518899121 19.054574698577415 1.0568039235450173
1647471992.6963613 8.745460007134835 19.029600435155878 1.0533320164948088
1647471992.7963612 8.934712782848893 19.01095058333387 1.0523139166843385
1647471992.8963614 9.124279161499862 18.993482736400896 1.0517544227233573
1647471992.9963613 9.313845540150831 18.976014889467926 1.051194928762376
1647471993.0963614 9.5034119188018 18.958547042534953 1.0506354348013949
1647471993.1963613 9.69119155778016 18.945755815603903 1.0497493873835115
1647471993.2963612 9.878637272523726 18.933838603382153 1.0488023103064754
1647471993.3963614 10.066082987267293 18.921921391160403 1.047855233229439
1647471993.4963613 10.25352870201086 18.910004178938653 1.046908156152403
1647471993.5963614 10.442344869587707 18.900504950080947 1.044349296797208
1647471993.6963613 10.63141691477089 18.891457183528487 1.0414895011520116
1647471993.7963612 10.820488959954073 18.88240941697603 1.0386297055068154
1647471993.8963614 11.009561005137256 18.873361650423572 1.035769909861619
1647471993.9963613 11.185000848202618 18.868601180267746 1.0375335599969393
1647471994.0963614 11.357890730887267 18.864642666821286 1.0401620449887847
1647471994.1963613 11.530780613571915 18.860684153374823 1.04279052998063
1647471994.2963612 11.703670496256565 18.85672563992836 1.0454190149724754
1647471994.3963614 11.89406592043449 18.85750993145034 1.049441445851097
1647471994.4963613 12.087739264427228 18.859182315145297 1.0537248936679717
1647471994.5963614 12.281412608419963 18.86085469884025 1.0580083414848465
1647471994.6963613 12.475085952412698 18.862527082535205 1.0622917893017212
1647471994.7963612 12.663699286422082 18.87209243394554 1.064035221889088
1647471994.8963614 12.851363355644818 18.88313851688387 1.065302144148837
1647471994.9963613 13.039027424867555 18.894184599822204 1.066569066408586
1647471995.0963614 13.226691494090291 18.90523068276054 1.067835988668335
1647471995.1963613 13.423484814344805 18.917778042850543 1.065753892927135
1647471995.2963612 13.621994891288951 18.930607718278807 1.0630420139718668
1647471995.3963614 13.820504968233095 18.94343739370707 1.0603301350165986
1647471995.4963613 14.019015045177241 18.956267069135336 1.0576182560613303
1647471995.5963614 14.188694171687477 18.961492406328738 1.0615158224564987
1647471995.6963613 14.35295916193008 18.965289732207594 1.0666545701947088
1647471995.7963612 14.517224152172686 18.96908705808645 1.0717933179329187
1647471995.8963614 14.68148914241529 18.972884383965308 1.0769320656711285
1647471995.9963613 14.845754132657895 18.976681709844165 1.0820708134093386
1647471996.0963614 15.010019122900498 18.98047903572302 1.0872095611475485
1647471996.1963613 15.174284113143102 18.98427636160188 1.0923483088857586
1647471996.2963612 15.338549103385708 18.988073687480735 1.0974870566239685
1647471996.3963614 15.56290141867382 18.98189791094958 1.1008154633191662
1647471996.4963613 15.798738701485979 18.97381589616924 1.1037978451568637
1647471996.5963614 16.03457598429814 18.965733881388896 1.1067802269945612
1647471996.6963613 16.2704132671103 18.957651866608558 1.1097626088322587
1647471996.7963612 16.47346483775994 18.93647425770906 1.1041106428735785
1647471996.8963614 16.670251766748404 18.912794363543046 1.0968088394901636
1647471996.9963613 16.867038695736866 18.889114469377027 1.0895070361067485
1647471997.0963614 17.06382562472533 18.86543457521101 1.0822052327233336
1647471997.1963613 17.253139873667095 18.828086326573853 1.0754761039470246
1647471997.2963612 17.441026825993774 18.78812739529692 1.0688563571492244
1647471997.3963614 17.62891377832045 18.748168464019987 1.062236610351424
1647471997.4963613 17.816800730647127 18.708209532743055 1.0556168635536238
1647471997.5963614 18.00165967513223 18.65593950629904 1.0528492434762704
1647471997.6963613 18.185941160998944 18.601321682762674 1.0508162462566624
1647471997.7963612 18.370222646865656 18.546703859226312 1.0487832490370546
1647471997.8963614 18.554504132732365 18.492086035689947 1.0467502518174467
1647471997.9963613 18.71881728330314 18.419521041645122 1.0483291920413826
1647471998.0963614 18.879334675525214 18.34354449018786 1.050594721382694
1647471998.1963613 19.03985206774729 18.267567938730597 1.0528602507240057
1647471998.2963612 19.200369459969366 18.19159138727333 1.055125780065317
1647471998.3963614 19.363879455225497 18.110675741903158 1.0598495259603322
1647471998.4963613 19.527954075889394 18.028828219540667 1.065037072602799
1647471998.5963614 19.69202869655329 17.946980697178173 1.0702246192452656
1647471998.6963613 19.856103317217187 17.86513317481568 1.0754121658877323
1647471998.7963612 20.039996332880303 17.777554339810855 1.0761466168299758
1647471998.8963614 20.22763138900933 17.6888933382718 1.0760402497186143
1647471998.9963613 20.415266445138354 17.600232336732745 1.075933882607253
1647471999.0963614 20.602901501267382 17.511571335193686 1.0758275154958916
1647471999.1963613 20.769960031096094 17.42964901757374 1.0745018049486492
1647471999.2963612 20.93309327407482 17.349012206894464 1.072943486006548
1647471999.3963614 21.09622651705355 17.268375396215188 1.0713851670644472
1647471999.4963613 21.25935976003228 17.18773858553591 1.069826848122346
1647471999.5963614 21.42839996394853 17.099785040367593 1.069932491439733
1647471999.6963613 21.59856801751811 17.010434469462307 1.0703558445367125
1647471999.7963612 21.768736071087694 16.921083898557022 1.0707791976336918
1647471999.8963614 21.938904124657277 16.831733327651733 1.0712025507306713
1647471999.9963613 22.10644068417259 16.72639101347917 1.0674211457491904
1647472000.0963614 22.273471034299096 16.61797243524583 1.0628308892282092
1647472000.1963613 22.440501384425602 16.509553857012484 1.058240632707228
1647472000.2963612 22.607531734552104 16.401135278779144 1.0536503761862468
1647472000.3963614 22.77456208467861 16.2927167005458 1.0490601196652656
1647472000.4963613 22.941592434805116 16.18429812231246 1.0444698631442841
1647472000.5963614 23.10862278493162 16.075879544079115 1.039879606623303
1647472000.6963613 23.275653135058125 15.967460965845774 1.0352893501023217
1647472000.7963612 23.424968079222612 15.831734452213244 1.0291958889669195
1647472000.8963614 23.57086233920398 15.690735023983443 1.022812172657034
1647472000.9963613 23.71675659918535 15.549735595753642 1.0164284563471488
1647472004.9124012 24.701318467666074 8.796064067892637 0.9976631982308767
1647472005.012401 24.64562376582101 8.618737304637309 1.0002428832543955
1647472005.1124012 24.58991454826714 8.441402207547899 1.0028171260753223
1647472005.2124012 24.525556884624105 8.259101819702561 1.0021489095475304
1647472005.3124013 24.461199220981072 8.076801431857223 1.0014806930197386
1647472005.4124012 24.39684155733804 7.894501044011886 1.000812476491947
1647472005.512401 24.332486338130387 7.712203722226195 1.000144681725217
1647472005.6124012 24.27887574483193 7.543383403836062 1.0013307567185974
1647472005.7124012 24.22526515153347 7.37456308544593 1.0025168317119777
1647472005.8124013 24.171654558235012 7.205742767055797 1.0037029067053578
1647472005.9124012 24.11804339471676 7.0369225414214895 1.0048890179219236
1647472006.012401 24.0567177202086 6.869357210547319 1.0065651930862771
1647472006.1124012 23.99539204570044 6.7017918796731495 1.0082413682506306
1647472006.2124012 23.93406637119228 6.534226548798979 1.009917543414984
1647472006.3124013 23.872742026553183 6.366661409224644 1.0115943027795555
1647472006.4124012 23.81899498678458 6.200186254532323 1.0165997080022269
1647472006.512401 23.76524794701598 6.033711099840002 1.021605113224898
1647472006.6124012 23.711500907247373 5.867235945147681 1.0266105184475693
1647472006.7124012 23.65774553187643 5.700748388513308 1.0316134612320522
1647472006.8124013 23.586707666040102 5.508547459701579 1.0315109463925243
1647472006.9124012 23.515669800203774 5.3163465308898505 1.0314084315529966
1647472007.012401 23.444631934367443 5.124145602078122 1.0313059167134686
1647472007.1124012 23.373625260846524 4.931962085759024 1.0311983214330651
1647472007.2124012 23.3260420478264 4.752854252601224 1.0272756356529091
1647472007.3124013 23.278458834806283 4.573746419443423 1.0233529498727532
1647472007.4124012 23.23087562178616 4.394638586285622 1.0194302640925974
1647472007.512401 23.183325912937303 4.215565168740361 1.0155088138029345
1647472007.6124012 23.154748201627683 4.055979859447497 1.0122869696133776
1647472007.7124012 23.126170490318064 3.896394550154632 1.0090651254238208
1647472007.8124013 23.097592779008444 3.7368092408617675 1.0058432812342641
1647472007.9124012 23.069040979022702 3.5771505203546465 1.0026222989197195
1647472008.012401 23.050883207259325 3.3880437393635487 0.9997470478091538
1647472008.1124012 23.032725435495948 3.198936958372451 0.9968717966985882
1647472008.2124012 23.01456766373257 3.009830177381353 0.9939965455880224
1647472008.3124013 22.996423767070176 2.8207324626930927 0.9911103702788511
1647472008.4124012 22.98425574331085 2.6355395176723007 0.9835192474158211
1647472008.512401 22.972087719551524 2.4503465726515086 0.975928124552791
1647472008.6124012 22.959919695792202 2.2651536276307165 0.968337001689761
1647472008.7124012 22.947828044806148 2.0800245662864616 0.9607444748824294
1647472008.8124013 22.957492806531597 1.9130941321845198 0.9527520046091296
1647472008.9124012 22.967157568257047 1.746163698082578 0.9447595343358297
1647472009.012401 22.976822329982497 1.5792332639806363 0.9367670640625299
1647472009.1124012 22.986539186418582 1.4122975419916306 0.9287889094737507
1647472009.2124012 23.013506850692185 1.2436107722956988 0.9255512960974859
1647472009.3124013 23.04047451496579 1.074924002599767 0.922313682721221
1647472009.4124012 23.067442179239396 0.9062372329038353 0.9190760693449562
1647472009.512401 23.09441339123023 0.7375060767961708 0.9158392032075285
1647472009.6124012 23.123270845264884 0.5451756565369215 0.912999627277011
1647472009.7124012 23.15212829929954 0.35284523627767206 0.9101600513464935
1647472009.8124013 23.180985753334195 0.16051481601842266 0.9073204754159759
1647472009.9124012 23.20981906631238 -0.03179501572201278 0.9044838018426655
1647472010.012401 23.22924868702872 -0.21608497909942195 0.9027776866623419
1647472010.1124012 23.24867830774506 -0.40037494247683114 0.9010715714820182
1647472010.2124012 23.2681079284614 -0.5846649058542404 0.8993654563016946
1647472010.3124013 23.287537549177742 -0.7689548692316495 0.8976593411213709
1647472010.4124012 23.30696716989408 -0.9532448326090587 0.8959532259410473
1647472010.512401 23.32639679061042 -1.137534795986468 0.8942471107607236
1647472010.6124012 23.34582641132676 -1.321824759363877 0.8925409955804
1647472010.7124012 23.365228277620112 -1.5060947398790594 0.8908484797995468
1647472010.8124013 23.37378044669114 -1.6825530643967004 0.8944722109722854
1647472010.9124012 23.382332615762166 -1.8590113889143414 0.8980959421450239
1647472011.012401 23.39088478483319 -2.0354697134319824 0.9017196733177624
1647472011.1124012 23.399431039150763 -2.211960488447925 0.9053464302059402
1647472011.2124012 23.405574170145076 -2.4016356759509465 0.9102025143003959
1647472011.3124013 23.41171730113939 -2.591310863453968 0.9150585983948517
1647472011.4124012 23.417860432133704 -2.7809860509569897 0.9199146824893075
1647472011.512401 23.42405775174937 -2.970611295230395 0.9247691214911368
1647472011.6124012 23.457904874907896 -3.1347529517542148 0.9287841501739637
1647472011.7124012 23.49175199806642 -3.2988946082780344 0.9327991788567905
1647472011.8124013 23.525599121224946 -3.463036264801854 0.9368142075396174
1647472011.9124012 23.559474325990802 -3.6272684152161254 0.9408044553924273
1647472012.012401 23.606906546979015 -3.835188490128432 0.9328312101809211
1647472012.1124012 23.65433876796723 -4.043108565040739 0.9248579649694149
1647472012.2124012 23.701770988955438 -4.251028639953045 0.9168847197579085
1647472012.3124013 23.749209026718642 -4.45879699484056 0.9089205142476242
1647472012.4124012 23.799183694835783 -4.600401948031598 0.9048984210852646
1647472012.512401 23.849158362952924 -4.742006901222636 0.900876327922905
1647472012.6124012 23.89913303107006 -4.883611854413673 0.8968542347605453
1647472012.7124012 23.949107699187202 -5.0252168076047115 0.8928321415981856
1647472012.8124013 23.999082367304343 -5.16682176079575 0.888810048435826
1647472012.9124012 24.049057035421484 -5.308426713986788 0.8847879552734663
1647472013.012401 24.099031703538625 -5.450031667177826 0.8807658621111066
1647472013.1124012 24.14909949294584 -5.591655966727392 0.8767565505883705
1647472013.2124012 24.237112630111817 -5.741163579551828 0.8779555406264339
1647472013.3124013 24.325125767277793 -5.8906711923762645 0.8791545306644972
1647472013.4124012 24.413138904443766 -6.0401788052007 0.8803535207025606
1647472013.512401 24.501152041609743 -6.189686418025136 0.8815525107406239
1647472013.6124012 24.58916517877572 -6.339194030849572 0.8827515007786872
1647472013.7124012 24.677178315941696 -6.488701643674008 0.8839504908167506
1647472013.8124013 24.76519145310767 -6.638209256498444 0.8851494808548139
1647472013.9124012 24.85327921312556 -6.787584656320995 0.8863546900424767
1647472014.012401 24.96286305509853 -6.898874383309499 0.8893514060681342
1647472014.1124012 25.0724468970715 -7.010164110298002 0.8923481220937918
1647472014.2124012 25.18203073904447 -7.121453837286507 0.8953448381194493
1647472014.3124013 25.29161458101744 -7.23274356427501 0.8983415541451067
1647472014.4124012 25.40119842299041 -7.344033291263514 0.9013382701707643
1647472014.512401 25.51078226496338 -7.455323018252018 0.9043349861964218
1647472014.6124012 25.62036610693635 -7.566612745240522 0.9073317022220794
1647472014.7124012 25.730038789805025 -7.677834702840116 0.9103392827379264
1647472014.8124013 25.864762675281224 -7.769947164990464 0.9164104134668541
1647472014.9124012 25.999486560757425 -7.862059627140813 0.9224815441957819
1647472015.012401 26.134210446233627 -7.954172089291162 0.9285526749247096
1647472015.1124012 26.26910614351803 -8.046214089820555 0.9345798021903247
1647472015.2124012 26.439739484608253 -8.123599750148168 0.931454007345695
1647472015.3124013 26.610372825698477 -8.20098541047578 0.9283282125010651
1647472015.4124012 26.781006166788703 -8.278371070803393 0.9252024176564354
1647472015.512401 26.951639507878927 -8.355756731131004 0.9220766228118057
1647472015.6124012 27.122272848969153 -8.433142391458617 0.918950827967176
1647472015.7124012 27.292906190059377 -8.51052805178623 0.9158250331225463
1647472015.8124013 27.4635395311496 -8.587913712113842 0.9126992382779165
1647472015.9124012 27.63416828468511 -8.665261559092446 0.909579234622296
1647472016.012401 27.803367825541553 -8.73082898683402 0.9082634254165362
1647472016.1124012 27.972567366398 -8.796396414575591 0.9069476162107765
1647472016.2124012 28.141766907254446 -8.861963842317163 0.9056318070050167
1647472016.3124013 28.310978848819893 -8.927535379896092 0.9043246608005517
1647472016.4124012 28.483667745872776 -8.994259248486514 0.9054464781243553
1647472016.512401 28.656356642925655 -9.060983117076937 0.9065682954481588
1647472016.6124012 28.829045539978537 -9.12770698566736 0.9076901127719623
1647472016.7124012 29.001721158533762 -9.194391059540559 0.9088057601506027
1647472016.8124013 29.17072219596964 -9.250062673996535 0.9082139881666487
1647472016.9124012 29.33972323340551 -9.305734288452511 0.9076222161826946
1647472017.012401 29.508724270841387 -9.361405902908487 0.9070304441987406
1647472017.1124012 29.677743206732035 -9.417025437315026 0.9064334508089359
1647472017.2124012 29.852587298388105 -9.455695218009277 0.9041371206451289
1647472017.3124013 30.02743139004418 -9.494364998703526 0.9018407904813217
1647472017.4124012 30.202275481700248 -9.533034779397777 0.8995444603175147
1647472017.512401 30.377123113617944 -9.57168090073745 0.8972548070746299
1647472017.6124012 30.55318492985424 -9.602212701622884 0.8972551011687209
1647472017.7124012 30.72924674609054 -9.632744502508318 0.8972553952628117
1647472017.8124013 30.905308562326834 -9.663276303393754 0.8972556893569026
1647472017.9124012 31.081353943068642 -9.69380148279963 0.8972620229828463
1647472018.012401 31.245907335160087 -9.719696806499472 0.9014913041786722
1647472018.1124012 31.410460727251532 -9.745592130199315 0.905720585374498
1647472018.2124012 31.575014119342974 -9.771487453899157 0.9099498665703238
1647472018.3124013 31.73959394365261 -9.797380290090368 0.9141783686620049
1647472018.4124012 31.921240268064786 -9.821667015662564 0.9179038262921604
1647472018.512401 32.10288659247706 -9.845953741234776 0.921629283922318
1647472018.6124012 32.28453291688934 -9.870240466806987 0.9253547415524757
1647472018.7124012 32.46617924130151 -9.894527192379185 0.9290801991826311
1647472022.911514 36.23152888875969 -5.1958130846495525 0.9392423372941209
1647472023.011514 36.21745999558527 -5.0245428225145865 0.9409565626147998
1647472023.111514 36.20339110241086 -4.8532725603796205 0.9426707879354786
1647472023.211514 36.18573408548716 -4.6741225752840805 0.9442507724797877
1647472023.3115141 36.16800841790524 -4.494821829455172 0.9458281886294978
1647472023.411514 36.15028275032331 -4.315521083626264 0.9474056047792079
1647472023.511514 36.13255708274139 -4.136220337797354 0.948983020928918
1647472023.611514 36.1152754699359 -3.979260570298889 0.9546177512618382
1647472023.711514 36.0979969021776 -3.822454003118556 0.9602803040927012
1647472023.8115141 36.08071833441929 -3.665647435938223 0.965942856923564
1647472023.911514 36.06343976666098 -3.5088408687578907 0.9716054097544268
1647472024.011514 36.0338925320099 -3.3159735010378455 0.9746954374022969
1647472024.111514 36.00411621842243 -3.1224328107877084 0.9777374311979228
1647472024.211514 35.97433990483496 -2.9288921205375713 0.9807794249935485
1647472024.3115141 35.944563591247494 -2.7353514302874338 0.9838214187891743
1647472024.411514 35.90376630325461 -2.575686765760193 0.9884426187071715
1647472024.511514 35.86277523383482 -2.4166177422680706 0.9930915857539663
1647472024.611514 35.82178416441502 -2.257548718775948 0.997740552800761
1647472024.711514 35.780793094995225 -2.0984796952838254 1.0023895198475559
1647472024.8115141 35.73980202557543 -1.9394106717917028 1.0070384868943505
1647472024.911514 35.69881095615563 -1.7803416482995802 1.0116874539411451
1647472025.011514 35.65781988673584 -1.6212726248074578 1.01633642098794
1647472025.111514 35.61682881731604 -1.4622036013153352 1.0209853880347346
1647472025.211514 35.55070525144445 -1.283965120331975 1.0289973906636634
1647472025.3115141 35.48445345179018 -1.1056288308379998 1.0370265525419649
1647472025.411514 35.41820165213592 -0.9272925413440245 1.0450557144202661
1647472025.511514 35.35194985248165 -0.7489562518500492 1.0530848762985676
1647472025.611514 35.284586974621796 -0.5743936565495408 1.0545303813956364
1647472025.711514 35.21720426658562 -0.3998984129627358 1.0558583834455797
1647472025.8115141 35.14982155854945 -0.22540316937593086 1.057186385495523
1647472025.911514 35.08243885051328 -0.05090792578912595 1.0585143875454666
1647472026.011514 35.01316613127105 0.10964044501222864 1.0597002931411588
1647472026.111514 34.94383176763346 0.269733926161495 1.0608815641346983
1647472026.211514 34.87449740399588 0.4298274073107613 1.0620628351282377
1647472026.3115141 34.805163040358295 0.5899208884600275 1.063244106121777
1647472026.411514 34.725018326191865 0.7521428048423957 1.0655210094274319
1647472026.511514 34.64466677498705 0.9144054450883267 1.0678188757297988
1647472026.611514 34.56431522378224 1.0766680853342576 1.0701167420321658
1647472026.711514 34.483963672577424 1.2389307255801887 1.0724146083345327
1647472026.8115141 34.38269894806377 1.399406466333371 1.0696052862838572
1647472026.911514 34.281030958369406 1.5598477506061232 1.0666974831847214
1647472027.011514 34.17936296867505 1.7202890348788755 1.0637896800855855
1647472027.111514 34.07769497898069 1.880730319151628 1.0608818769864494
1647472027.211514 33.976026989286325 2.04117160342438 1.0579740738873136
1647472027.3115141 33.87435899959197 2.2016128876971326 1.0550662707881777
1647472027.411514 33.772691009897606 2.3620541719698847 1.0521584676890416
1647472027.511514 33.67102302020324 2.5224954562426367 1.0492506645899058
1647472027.611514 33.56228979601931 2.674701827977812 1.0459927542402885
1647472027.711514 33.45351201426544 2.826856265457761 1.0427326359061637
1647472027.8115141 33.34473423251158 2.97901070293771 1.039472517572039
1647472027.911514 33.23595645075771 3.1311651404176586 1.0362123992379144
1647472028.011514 33.134406626529504 3.2874934245045324 1.0351849771370536
1647472028.111514 33.032903667216665 3.443848771142247 1.0341720314798706
1647472028.211514 32.931400707903826 3.6002041177799615 1.0331590858226876
1647472028.3115141 32.829897748590994 3.756559464417676 1.0321461401655048
1647472028.411514 32.70831672387687 3.929291718353193 1.021725834137019
1647472028.511514 32.58660666057322 4.102129224113348 1.011245068473139
1647472028.611514 32.46489659726956 4.274966729873503 1.0007643028092592
1647472028.711514 32.343186533965905 4.447804235633658 0.9902835371453795
1647472028.8115141 32.23979313000209 4.591497807126702 0.9817191687854637
1647472028.911514 32.136509812813856 4.735016217762544 0.9731663183555371
1647472029.011514 32.03322649562563 4.878534628398387 0.9646134679256106
1647472029.111514 31.92994317843739 5.022053039034229 0.956060617495684
1647472029.211514 31.83752724312239 5.143275477513361 0.9586434969449915
1647472029.3115141 31.74518135547962 5.264354203277897 0.9612981537520529
1647472029.411514 31.652835467836844 5.385432929042432 0.9639528105591143
1647472029.511514 31.56048958019407 5.5065116548069675 0.9666074673661758
1647472029.611514 31.43567408695286 5.657283931171306 0.9694781602346669
1647472029.711514 31.31060467318534 5.808288418609892 0.9723505425597871
1647472029.8115141 31.18553525941782 5.959292906048478 0.9752229248849074
1647472029.911514 31.060465845650295 6.1102973934870635 0.9780953072100276
1647472030.011514 30.935396431882776 6.261301880925649 0.9809676895351479
1647472030.111514 30.810327018115252 6.412306368364235 0.9838400718602681
1647472030.211514 30.68525760434773 6.563310855802821 0.9867124541853883
1647472030.3115141 30.56018819058021 6.714315343241406 0.9895848365105085
1647472030.411514 30.436822495641987 6.8548626678475735 0.9839779899257379
1647472030.511514 30.31347115545017 6.995321885239103 0.9782997012822081
1647472030.611514 30.19011981525835 7.135781102630633 0.9726214126386783
1647472030.711514 30.06676847506653 7.276240320022162 0.9669431239951485
1647472030.8115141 29.945408502002135 7.406564521574187 0.9620719756976137
1647472030.911514 29.8240662946309 7.536798305051545 0.9572080281856749
1647472031.011514 29.702724087259664 7.667032088528903 0.9523440806737359
1647472031.111514 29.58138187988843 7.797265872006261 0.947480133161797
1647472031.211514 29.451508883905294 7.932427887835451 0.9436158540578344
1647472031.3115141 29.321559462882355 8.067634054372245 0.9397605307141591
1647472031.411514 29.191610041859416 8.202840220909039 0.9359052073704838
1647472031.511514 29.061660620836477 8.338046387445834 0.9320498840268084
1647472031.611514 28.94441044061634 8.475741259310059 0.9317077503361095
1647472031.711514 28.8272720078555 8.613458030632811 0.9313965310932768
1647472031.8115141 28.710133575094655 8.751174801955562 0.931085311850444
1647472031.911514 28.592995142333812 8.888891573278313 0.9307740926076112
1647472032.011514 28.47585670957297 9.026608344601065 0.9304628733647784
1647472032.111514 28.358718276812127 9.164325115923816 0.9301516541219457
1647472032.211514 28.241579844051284 9.302041887246567 0.9298404348791129
1647472032.3115141 28.12444141129044 9.43975865856932 0.9295292156362801
1647472032.411514 28.007432199298982 9.577819286038908 0.9296933208755216
1647472032.511514 27.890424285054223 9.715883366809253 0.92986219973422
1647472032.611514 27.773416370809468 9.853947447579598 0.9300310785929186
1647472032.711514 27.65640845656471 9.992011528349943 0.930199957451617
1647472032.8115141 27.539400542319953 10.130075609120288 0.9303688363103155
1647472032.911514 27.422392628075194 10.268139689890633 0.930537715169014
1647472033.011514 27.305384713830435 10.40620377066098 0.9307065940277125
1647472033.111514 27.18837679958568 10.544267851431325 0.9308754728864109
1647472033.211514 27.0672802470593 10.67256227232022 0.9340475171323869
1647472033.3115141 26.946143529722896 10.800760720783556 0.9372490630263303
1647472033.411514 26.825006812386494 10.92895916924689 0.9404506089202738
1647472033.511514 26.703870095050092 11.057157617710223 0.9436521548142173
1647472033.611514 26.577550410208584 11.184965348535938 0.945674209917317
1647472033.711514 26.451180158162813 11.312769267356547 0.9476847574136864
1647472033.8115141 26.32480990611704 11.440573186177158 0.9496953049100557
1647472033.911514 26.19843965407127 11.568377104997767 0.951705852406425
1647472034.011514 26.072069402025498 11.696181023818376 0.9537163999027944
1647472034.111514 25.945699149979728 11.823984942638987 0.9557269473991638
1647472034.211514 25.819328897933957 11.951788861459596 0.9577374948955332
1647472034.3115141 25.692958645888186 12.079592780280205 0.9597480423919025
1647472034.411514 25.55632562719938 12.210942122421187 0.960024479584154
1647472034.511514 25.419599242171014 12.342323719334116 0.9602851405693534
1647472037.993861 20.94106936920022 16.923528948623115 1.0632753398327481
1647472038.0938609 20.807386685303708 17.056156558453612 1.0639954086094983
1647472038.193861 20.673704001407195 17.18878416828411 1.0647154773862484
1647472038.293861 20.540021317510682 17.321411778114605 1.0654355461629983
1647472038.393861 20.40625613538726 17.4491185161012 1.0656237404513802
1647472038.493861 20.272472378007794 17.57571727325146 1.0656921781683364
1647472038.5938609 20.138688620628326 17.702316030401718 1.0657606158852928
1647472038.693861 20.00490486324886 17.828914787551977 1.065829053602249
1647472038.793861 19.872111881660683 17.95220010216989 1.0662288383130785
1647472038.893861 19.739540206696603 18.074745303043173 1.066702635010539
1647472038.993861 19.606968531732523 18.19729050391646 1.067176431708
1647472039.0938609 19.474396856768443 18.319835704789742 1.0676502284054605
1647472039.193861 19.338544096064837 18.445262521753303 1.068535107276362
1647472039.293861 19.201957484111063 18.57133384414532 1.069511929238926
1647472039.393861 19.06537087215729 18.697405166537337 1.07048875120149
1647472039.493861 18.928784260203514 18.823476488929355 1.0714655731640539
1647472039.5938609 18.790679220220483 18.95635157326447 1.071748519741719
1647472039.693861 18.652235301710437 19.090745102188972 1.0718766091487888
1647472039.793861 18.51379138320039 19.225138631113474 1.0720046985558587
1647472039.893861 18.37534746469035 19.35953216003798 1.0721327879629285
1647472039.993861 18.243496479662166 19.48650054173316 1.0723805078556796
1647472040.0938609 18.113118072589874 19.611810464692304 1.0726549480568566
1647472040.193861 17.982739665517578 19.737120387651444 1.0729293882580335
1647472040.293861 17.852361258445285 19.862430310610588 1.0732038284592105
1647472040.393861 17.72977363816799 19.983863633776988 1.0764509897793881
1647472040.493861 17.608930494524 20.10442892680303 1.0803637889440965
1647472040.5938609 17.488087350880008 20.224994219829078 1.084276588108805
1647472040.693861 17.367244207236016 20.345559512855125 1.0881893872735136
1647472040.793861 17.235621076357244 20.480112252993052 1.0939615468609025
1647472040.893861 17.1015790416536 20.61780361366755 1.1001509253132378
1647472040.993861 16.96753700694996 20.75549497434205 1.106340303765573
1647472041.0938609 16.83349497224632 20.893186335016544 1.1125296822179083
1647472041.193861 16.689771810699035 21.030125487331812 1.114874246020581
1647472041.293861 16.54387872465284 21.166896039919656 1.1163570343670657
1647472041.393861 16.39798563860664 21.3036665925075 1.1178398227135504
1647472041.493861 16.252092552560445 21.440437145095345 1.1193226110600352
1647472041.5938609 16.119800262032516 21.56020099885987 1.1162538511446842
1647472041.693861 15.990557391957118 21.676151798075324 1.1121645932487794
1647472041.793861 15.86131452188172 21.792102597290782 1.1080753353528745
1647472041.893861 15.732071651806324 21.90805339650624 1.1039860774569696
1647472041.993861 15.615915468338214 22.005914818705214 1.1075433683713118
1647472042.0938609 15.502693830288937 22.099719897228645 1.112815313686295
1647472042.193861 15.389472192239662 22.193524975752077 1.1180872590012785
1647472042.293861 15.276250554190385 22.287330054275508 1.123359204316262
1647472042.393861 15.127902170090213 22.428914895712293 1.1302853342142054
1647472042.493861 14.971691003238861 22.58119477548671 1.137581737350305
1647472042.5938609 14.815479836387512 22.733474655261126 1.1448781404864046
1647472042.693861 14.65926866953616 22.88575453503554 1.1521745436225044
1647472042.793861 14.515140628172757 23.02629018250667 1.1506702851194313
1647472042.893861 14.37373375301152 23.164180983820575 1.147184083862134
1647472042.993861 14.232326877850282 23.302071785134476 1.1436978826048372
1647472043.0938609 14.090920002689044 23.43996258644838 1.14021168134754
1647472043.193861 13.981430260873148 23.537124082988623 1.1412749582046917
1647472043.293861 13.879187801182756 23.62503735666134 1.143371264910184
1647472043.393861 13.776945341492363 23.712950630334056 1.1454675716156761
1647472043.493861 13.674702881801968 23.800863904006775 1.1475638783211686
1647472043.5938609 13.531537238082702 23.924203816975155 1.14787819827923
1647472043.693861 13.378913176182671 24.055731752873548 1.1477806544918439
1647472043.793861 13.226289114282638 24.18725968877194 1.1476831107044574
1647472043.893861 13.073665052382605 24.318787624670335 1.1475855669170711
1647472043.993861 12.921040990482572 24.45031556056873 1.147488023129685
1647472044.0938609 12.768416928582539 24.581843496467123 1.1473904793422987
1647472044.193861 12.615792866682506 24.713371432365516 1.1472929355549124
1647472044.293861 12.463168804782473 24.84489936826391 1.147195391767526
1647472044.393861 12.333611015587737 24.959484375530188 1.1493800865309949
1647472044.493861 12.209374596377488 25.07016066321163 1.1520912918355088
1647472044.5938609 12.085138177167238 25.180836950893074 1.1548024971400228
1647472044.693861 11.96090175795699 25.291513238574517 1.157513702444537
1647472044.793861 11.83666533874674 25.40218952625596 1.160224907749051
1647472044.893861 11.712428919536492 25.512865813937402 1.1629361130535651
1647472044.993861 11.588192500326244 25.623542101618842 1.165647318358079
1647472045.0938609 11.463956081115995 25.734218389300285 1.168358523662593
1647472045.193861 11.325947366940099 25.82597761094812 1.1719140356639275
1647472045.293861 11.18475120416348 25.91335868241771 1.175664953311603
1647472045.393861 11.043555041386862 26.000739753887302 1.1794158709592784
1647472045.493861 10.902358878610242 26.088120825356892 1.183166788606954
1647472045.5938609 10.747016084511795 26.15873770413527 1.1833367462565727
1647472045.693861 10.588395604230705 26.22547042409894 1.1826770178248052
1647472045.793861 10.429775123949616 26.292203144062608 1.1820172893930376
1647472045.893861 10.271154643668526 26.358935864026275 1.1813575609612703
1647472045.993861 10.115625833660854 26.404564615987685 1.1835333924540068
1647472046.0938609 9.960806873997448 26.445347877444952 1.1863602711188515
1647472046.193861 9.805987914334043 26.486131138902216 1.1891871497836959
1647472046.293861 9.651168954670638 26.52691440035948 1.1920140284485405
1647472046.393861 9.490983499339437 26.556422499383828 1.1937908315744046
1647472046.493861 9.329567953144478 26.58334614196682 1.195326939765116
1647472046.5938609 9.168152406949519 26.610269784549814 1.1968630479558275
1647472046.693861 9.00673686075456 26.637193427132804 1.1983991561465392
1647472046.793861 8.848987192307431 26.642436750700075 1.2010073446958573
1647472046.893861 8.692078219268378 26.642708128693613 1.2038613933356008
1647472046.993861 8.535169246229326 26.642979506687148 1.2067154419753445
1647472047.0938609 8.378260273190275 26.643250884680686 1.2095694906150882
1647472047.193861 8.221351300151223 26.64352226267422 1.2124235392548317
1647472047.293861 8.064442327112172 26.64379364066776 1.2152775878945754
1647472047.393861 7.90753335407312 26.644065018661298 1.218131636534319
1647472047.493861 7.7506243810340685 26.644336396654833 1.2209856851740626
1647472047.5938609 7.5757149044551975 26.619971624978618 1.2235137080710454
1647472047.693861 7.396688990449934 26.58997294598873 1.2259671739109714
1647472047.793861 7.217663076444671 26.559974266998843 1.2284206397508977
1647472047.893861 7.038637162439408 26.529975588008956 1.2308741055908237
1647472047.993861 6.852758782350175 26.48878851546114 1.2277337042951013
1647472048.0938609 6.665324349654795 26.445060791308332 1.223323052052026
1647472048.193861 6.477889916959414 26.401333067155523 1.2189123998089506
1647472048.293861 6.290455484264035 26.357605343002714 1.214501747565875
1647472048.393861 6.1238669629746845 26.299031465201974 1.2051321114252593
1647472048.493861 5.962016710553293 26.2370830615161 1.1946352998610912
1647472056.7943592 4.559785883001763 17.726588766487428 0.9766811626484032
1647472056.894359 4.61045845207092 17.666273643117318 0.980087953043354
1647472056.9943593 4.6611310211400765 17.605958519747205 0.9834947434383049
1647472057.0943592 4.711803590209234 17.545643396377095 0.9869015338332557
1647472057.1943593 4.769610819697923 17.48947437591957 0.9896762406878984
1647472057.2943592 4.828908492307821 17.434171483659117 0.9923189041782764
1647472057.394359 4.888206164917719 17.378868591398664 0.9949615676686543
1647472057.4943593 4.947503837527617 17.323565699138214 0.9976042311590322
1647472057.5943592 5.012300724014133 17.26951195386895 1.0005321789532948
1647472057.6943593 5.078245685576973 17.21571899397 1.0035196857693205
1647472057.7943592 5.144190647139814 17.161926034071048 1.0065071925853462
1647472057.894359 5.210135608702655 17.1081330741721 1.0094946994013718
1647472057.9943593 5.278980658847333 17.052737979263032 1.0116426177295932
1647472058.0943592 5.348442681176812 16.997002042097037 1.0136119198779856
1647472058.1943593 5.4179047035062915 16.941266104931042 1.015581222026378
1647472058.2943592 5.487366725835771 16.885530167765044 1.0175505241747704
1647472058.394359 5.561255198860222 16.83149572185077 1.0200769872911573
1647472058.4943593 5.6360874220386075 16.777824045735915 1.0227222410110197
1647472058.5943592 5.710919645216993 16.724152369621056 1.0253674947308822
1647472058.6943593 5.785751868395379 16.6704806935062 1.0280127484507449
1647472058.7943592 5.86471851302139 16.61936443975818 1.0297212915526726
1647472058.894359 5.944564852510992 16.568791911887864 1.0312305275617681
1647472058.9943593 6.024411192000595 16.51821938401755 1.0327397635708635
1647472059.0943592 6.104257531490197 16.467646856147237 1.034248999579959
1647472059.1943593 6.180639084122511 16.41630752547518 1.0359787877035505
1647472059.2943592 6.256283332400662 16.36480501967351 1.0377555091713953
1647472059.394359 6.331927580678814 16.313302513871847 1.03953223063924
1647472059.4943593 6.407571828956965 16.261800008070182 1.0413089521070849
1647472059.5943592 6.4850469934628565 16.213822375082376 1.0435193519816117
1647472059.6943593 6.562913455388752 16.166598066368515 1.0458224361849324
1647472059.7943592 6.640779917314646 16.11937375765465 1.0481255203882534
1647472059.894359 6.718646379240541 16.072149448940785 1.050428604591574
1647472059.9943593 6.7919810800494576 16.025655281441704 1.0536092977590923
1647472060.0943592 6.864349250168466 15.979316837925824 1.0569771667233352
1647472060.1943593 6.936717420287474 15.932978394409943 1.0603450356875779
1647472060.2943592 7.009085590406483 15.886639950894065 1.0637129046518208
1647472060.394359 7.083674130743613 15.838271072481753 1.066605363614919
1647472060.4943593 7.158737667751408 15.78946782965222 1.0693961196431188
1647472060.5943592 7.233801204759203 15.74066458682269 1.0721868756713187
1647472060.6943593 7.308864741766998 15.691861343993159 1.0749776316995183
1647472060.7943592 7.3872548133795295 15.64393611275788 1.07797328710206
1647472060.894359 7.466414424261585 15.596213995117122 1.081016342617209
1647472060.9943593 7.54557403514364 15.548491877476366 1.084059398132358
1647472061.0943592 7.624733646025695 15.500769759835608 1.0871024536475071
1647472061.1943593 7.711904494098636 15.449869618621685 1.0879391936364728
1647472061.2943592 7.800785834637265 15.39829093235309 1.0883048595585318
1647472061.394359 7.8896671751758936 15.346712246084495 1.0886705254805906
1647472061.4943593 7.978548515714522 15.295133559815902 1.0890361914026496
1647472061.5943592 8.063697087230423 15.240864174002008 1.08958087096309
1647472061.6943593 8.148046264220472 15.186018558993613 1.0901638873511523
1647472061.7943592 8.232395441210521 15.131172943985218 1.0907469037392146
1647472061.894359 8.31674461820057 15.076327328976824 1.0913299201272768
1647472061.9943593 8.405653402971216 15.034054913031682 1.0906705883659256
1647472062.0943592 8.495541418876574 14.994482744252105 1.0897444472546052
1647472062.1943593 8.58542943478193 14.954910575472528 1.0888183061432846
1647472062.2943592 8.675317450687288 14.915338406692952 1.0878921650319642
1647472062.394359 8.766017946676431 14.871126964459812 1.0822587414619045
1647472062.4943593 8.856893151065176 14.825917934646913 1.0756131062681384
1647472062.5943592 8.947768355453922 14.780708904834016 1.0689674710743726
1647472062.6943593 9.038643559842667 14.73549987502112 1.0623218358806066
1647472062.7943592 9.120209530676334 14.69361130818676 1.0609294193290002
1647472062.894359 9.199773812962103 14.652436713418794 1.0606665595269804
1647472062.9943593 9.279338095247873 14.611262118650828 1.0604036997249608
1647472063.0943592 9.358902377533642 14.570087523882862 1.0601408399229413
1647472063.1943593 9.436135825260916 14.538875507851913 1.0592072304481288
1647472063.2943592 9.512868384675999 14.509804415650356 1.0581294791807196
1647472063.394359 9.589600944091082 14.480733323448797 1.0570517279133107
1647472063.4943593 9.666333503506165 14.45166223124724 1.0559739766459018
1647472063.5943592 9.741135662683966 14.422779554934937 1.0558172416638232
1647472063.6943593 9.815523179770597 14.393937349586542 1.0558583372202905
1647472063.7943592 9.889910696857228 14.365095144238147 1.055899432776758
1647472063.894359 9.96429821394386 14.336252938889752 1.0559405283332255
1647472063.9943593 10.048470103420481 14.29679394292409 1.0541131506970127
1647472064.0943592 10.134743167979357 14.25505501166883 1.051884522049715
1647472064.1943593 10.221016232538231 14.213316080413572 1.0496558934024172
1647472064.2943592 10.307289297097107 14.171577149158312 1.0474272647551193
1647472064.394359 10.392549165197657 14.12900250726854 1.0484610881675536
1647472064.4943593 10.477590964916308 14.086247996939328 1.0501970830451988
1647472064.5943592 10.56263276463496 14.043493486610116 1.051933077922844
1647472064.6943593 10.647674564353611 14.000738976280903 1.0536690728004892
1647472064.7943592 10.726082447358865 13.966641765754792 1.0562786200504457
1647472064.894359 10.803065760902058 13.934403626642476 1.0590757542248188
1647472064.9943593 10.880049074445251 13.90216548753016 1.0618728883991921
1647472065.0943592 10.957032387988445 13.869927348417844 1.0646700225735655
1647472065.1943593 11.031660778081994 13.836591803139465 1.0660125775947265
1647472065.2943592 11.105783981392335 13.803020838280462 1.067043090980969
1647472065.394359 11.179907184702675 13.769449873421461 1.0680736043672114
1647472065.4943593 11.254030388013014 13.73587890856246 1.0691041177534542
1647472065.5943592 11.33449037814934 13.696495516539429 1.0709894948711358
1647472065.6943593 11.416312063954212 13.655863107134188 1.073058571436545
1647472065.7943592 11.498133749759084 13.615230697728949 1.075127648001954
1647472065.894359 11.579955435563958 13.574598288323708 1.077196724567363
1647472065.9943593 11.68085041392252 13.53473305978297 1.0760879166686381
1647472066.0943592 11.785848258648247 13.495032859936554 1.0742955123090543
1647472066.1943593 11.890846103373976 13.455332660090136 1.0725031079494705
1647472066.2943592 11.995843948099703 13.415632460243717 1.0707107035898868
1647472066.394359 12.079400498963283 13.383153954814222 1.0726945210825676
1647472066.4943593 12.158350204538754 13.352227092168537 1.0754896921231643
1647472066.5943592 12.237299910114228 13.321300229522851 1.078284863163761
1647472066.6943593 12.3162496156897 13.290373366877166 1.0810800342043574
1647472066.7943592 12.40175661795046 13.256816484476495 1.0805555569193213
1647472066.894359 12.488671367173641 13.222694978802107 1.079318404110971
1647472066.9943593 12.57558611639682 13.188573473127718 1.0780812513026206
1647472067.0943592 12.662500865620002 13.15445196745333 1.0768440984942704
1647472067.1943593 12.758312182957452 13.121646158902085 1.072586917015798
1647472067.2943592 12.856034465591497 13.089122959499768 1.0676810393311933
1647472067.394359 12.953756748225542 13.056599760097452 1.0627751616465886
1647472067.4943593 13.05147903085959 13.024076560695136 1.0578692839619839
1647472071.1948738 16.221766069058443 11.759059531676822 1.036540188031052
1647472071.2948737 16.302080516583395 11.712879116408802 1.0358894676842636
1647472071.3948739 16.382394964108343 11.666698701140783 1.035238747337475
1647472071.4948738 16.462709411633295 11.620518285872762 1.0345880269906862
1647472071.594874 16.54903708819151 11.567857687974787 1.0317587019258612
1647472071.6948738 16.636623097598825 11.513841042165392 1.0284734803923092
1647472071.7948737 16.724209107006143 11.459824396355998 1.0251882588587573
1647472071.8948739 16.81179511641346 11.405807750546602 1.0219030373252056
1647472071.9948738 16.884956250071465 11.357950178883959 1.0213029508733509
1647472072.094874 16.955097294348718 11.311382112569516 1.0212650424316956
1647472072.1948738 17.025238338625968 11.264814046255076 1.0212271339900405
1647472072.2948737 17.09537938290322 11.218245979940633 1.0211892255483852
1647472072.3948739 17.16552042718047 11.17167791362619 1.0211513171067301
1647472072.4948738 17.235661471457725 11.125109847311748 1.0211134086650748
1647472072.594874 17.305802515734975 11.078541780997307 1.0210755002234198
1647472072.6948738 17.375943560012228 11.031973714682865 1.0210375917817645
1647472072.7948737 17.44364654713782 10.971969942115033 1.021823223682799
1647472072.8948739 17.51079426806634 10.908906194717984 1.022796416451268
1647472072.9948738 17.577941988994862 10.845842447320935 1.0237696092197366
1647472073.094874 17.645089709923383 10.782778699923886 1.0247428019882052
1647472073.1948738 17.71276494162838 10.724429230784944 1.0249401313450925
1647472073.2948737 17.78056015328289 10.667152002996623 1.0249609940645041
1647472073.3948739 17.848355364937408 10.609874775208304 1.024981856783916
1647472073.4948738 17.91615057659192 10.552597547419984 1.0250027195033278
1647472073.594874 17.985758615939783 10.47987566887894 1.0254984936753593
1647472073.6948738 18.05577911414043 10.40363978679828 1.0261023208265245
1647472073.7948737 18.12579961234108 10.327403904717622 1.0267061479776898
1647472073.8948739 18.195820110541725 10.251168022636962 1.027309975128855
1647472073.9948738 18.257996565099152 10.187520281353313 1.0294603096011858
1647472074.094874 18.318537871337647 10.126496630168965 1.0319330248456582
1647472074.1948738 18.379079177576145 10.065472978984616 1.0344057400901308
1647472074.2948737 18.43962048381464 10.004449327800268 1.036878455334603
1647472074.3948739 18.501751148369426 9.940233479294399 1.0378649264710749
1647472074.4948738 18.56421399771746 9.875350443662509 1.0385407642615765
1647472074.594874 18.626676847065493 9.81046740803062 1.039216602052078
1647472074.6948738 18.689139696413527 9.74558437239873 1.0398924398425797
1647472074.7948737 18.74513035852202 9.669097398886581 1.0419275433427853
1647472074.8948739 18.799772796674628 9.590193204355685 1.0442457960357443
1647472074.9948738 18.85441523482724 9.51128900982479 1.0465640487287031
1647472075.094874 18.909057672979852 9.432384815293894 1.0488823014216622
1647472075.1948738 18.972284485954816 9.362963709083722 1.050094411671709
1647472075.2948737 19.037291404006133 9.29550907032267 1.0510771458962975
1647472075.3948739 19.102298322057447 9.228054431561617 1.052059880120886
1647472075.4948738 19.167305240108764 9.160599792800566 1.0530426143454745
1647472075.594874 19.230798043673662 9.089634573400396 1.0531549027773905
1647472075.6948738 19.293976838116652 9.01794130182599 1.05308667122784
1647472075.7948737 19.357155632559643 8.946248030251583 1.0530184396782893
1647472075.8948739 19.420334427002633 8.874554758677176 1.0529502081287387
1647472075.9948738 19.46983778038385 8.793079149691874 1.0549173317936669
1647472076.094874 19.51650941205381 8.7095779492022 1.0573059087429841
1647472076.1948738 19.563181043723773 8.626076748712528 1.0596944856923016
1647472076.2948737 19.609852675393736 8.542575548222855 1.0620830626416191
1647472076.3948739 19.66723520468116 8.460189746414999 1.062385103332197
1647472076.4948738 19.726843804606464 8.378035760496324 1.0622534943636763
1647472076.594874 19.78645240453177 8.29588177457765 1.0621218853951557
1647472076.6948738 19.846061004457074 8.213727788658975 1.0619902764266351
1647472076.7948737 19.892637124445063 8.147225662486905 1.0646268522233737
1647472076.8948739 19.936508870357347 8.083971458731662 1.0678378549251935
1647472076.9948738 19.980380616269628 8.02071725497642 1.071048857627013
1647472077.094874 20.02425236218191 7.9574630512211755 1.0742598603288325
1647472077.1948738 20.066918109756536 7.891712428013385 1.0784455459816087
1647472077.2948737 20.109333908730182 7.825444410601861 1.082833239076999
1647472077.3948739 20.151749707703832 7.759176393190338 1.0872209321723891
1647472077.4948738 20.19416550667748 7.692908375778815 1.0916086252677792
1647472077.594874 20.236581305651125 7.6266403583672915 1.0959963183631696
1647472077.6948738 20.27899710462477 7.560372340955769 1.1003840114585597
1647472077.7948737 20.32141290359842 7.494104323544246 1.10477170455395
1647472077.8948739 20.363828702572068 7.427836306132722 1.1091593976493401
1647472077.9948738 20.419161527680192 7.348896327954214 1.1137757612925754
1647472078.094874 20.477178011746105 7.267323605932731 1.1184396338405478
1647472078.1948738 20.53519449581202 7.185750883911248 1.12310350638852
1647472078.2948737 20.593210979877934 7.104178161889765 1.1277673789364921
1647472078.3948739 20.659260560120995 7.00841602472827 1.128836211063354
1647472078.4948738 20.726981521764646 6.90970161063303 1.1291570521837937
1647472078.594874 20.7947024834083 6.81098719653779 1.1294778933042335
1647472078.6948738 20.862423445051956 6.71227278244255 1.1297987344246734
1647472078.7948737 20.92321377474991 6.609723052467803 1.125934762090489
1647472078.8948739 20.982565974984645 6.506377481535075 1.121202426874776
1647472078.9948738 21.04191817521938 6.403031910602347 1.1164700916590633
1647472079.094874 21.101270375454114 6.299686339669618 1.1117377564433504
1647472079.1948738 21.147477822261198 6.19860257034501 1.1089499803133882
1647472079.2948737 21.190957898669964 6.097988096301352 1.1065656756458198
1647472079.3948739 21.23443797507873 5.997373622257694 1.1041813709782513
1647472079.4948738 21.277918051487497 5.896759148214037 1.1017970663106829
1647472079.594874 21.315699515238247 5.8060689666701855 1.097096010799917
1647472079.6948738 21.352297411913085 5.717440000120125 1.091913780275923
1647472079.7948737 21.388895308587923 5.628811033570065 1.0867315497519288
1647472079.8948739 21.425493205262757 5.540182067020004 1.0815493192279346
1647472079.9948738 21.462091101937595 5.451553100469943 1.0763670887039405
1647472080.094874 21.498688998612433 5.362924133919883 1.0711848581799464
1647472080.1948738 21.53528689528727 5.274295167369822 1.0660026276559522
1647472080.2948737 21.57188479196211 5.185666200819762 1.060820397131958
1647472080.3948739 21.6113951258647 5.0988940089286325 1.0540447704470708
1647472080.4948738 21.65150720629207 5.012505450266628 1.046939927876163
1647472080.594874 21.69161928671944 4.926116891604625 1.0398350853052554
1647472080.6948738 21.73173136714681 4.839728332942621 1.0327302427343474
1647472080.7948737 21.77184344757418 4.753339774280617 1.0256254001634397
1647472080.8948739 21.81195552800155 4.666951215618614 1.018520557592532
1647472080.9948738 21.85206760842892 4.58056265695661 1.0114157150216243
1647472081.094874 21.89217968885629 4.494174098294606 1.0043108724507166
1647472081.1948738 21.926007490979817 4.409002274642807 1.0014591595837459
1647472081.2948737 21.958546145278717 4.324080050263306 0.9994799276351197
1647472081.3948739 21.991084799577617 4.2391578258838045 0.9975006956864936
1647472081.4948738 22.023623453876517 4.154235601504302 0.9955214637378674
1647472081.594874 22.059694675316358 4.071360374618144 0.9925608094074063
1647472081.6948738 22.096491338167993 3.988905515326505 0.9893986120036387
1647472081.7948737 22.133288001019633 3.906450656034866 0.986236414599871
1647472081.8948739 22.17008466387127 3.823995796743227 0.9830742171961033
1647472081.9948738 22.19313259460643 3.742877815949308 0.9825032873087365
1647472082.094874 22.213359187498657 3.662034172153526 0.9824641039884889
1647472082.1948738 22.233585780390886 3.581190528357744 0.9824249206682415
1647472082.2948737 22.253812373283115 3.500346884561962 0.982385737347994
1647472082.3948739 22.27747268803194 3.4134041500825245 0.9852488812080742
1647472082.4948738 22.301842226881913 3.325201668224407 0.9887114913242122
1647472082.594874 22.326211765731887 3.2369991863662904 0.9921741014403502
1647472082.6948738 22.35058130458186 3.148796704508173 0.9956367115564884
1647472082.7948737 22.382907806964994 3.0525234058584974 0.9924374979072516
1647472082.8948739 22.41688015339927 2.9545807133817834 0.9878603311018531
1647472082.9948738 22.45085249983354 2.85663802090507 0.9832831642964546
1647472083.094874 22.484824846267816 2.758695328428356 0.978705997491056
1647472083.1948738 22.515742397770843 2.6634046530410513 0.9752420800541747
1647472083.2948737 22.54602822987829 2.5686624041997166 0.9720083781420789
1647472083.3948739 22.576314061985737 2.473920155358382 0.9687746762299831
1647472086.9121706 23.650526176478184 -0.5156224272968647 0.905713815677342
1647472087.0121706 23.678907645642706 -0.5937921077249902 0.9053317391997971
1647472087.1121707 23.707287477651317 -0.6719665795829781 0.9049499087118756
1647472087.2121706 23.73317919715425 -0.7574229581342169 0.9049419276879251
1647472087.3121707 23.75907091665718 -0.8428793366854557 0.9049339466639746
1647472087.4121706 23.784962636160113 -0.9283357152366944 0.9049259656400241
1647472087.5121706 23.81085481103323 -1.0137966874360052 0.904922793328202
1647472087.6121707 23.83707113301567 -1.1025275657262381 0.9083426166032038
1647472087.7121706 23.863287454998108 -1.191258444016471 0.9117624398782056
1647472087.8121707 23.889503776980547 -1.279989322306704 0.9151822631532075
1647472087.9121706 23.915729043471188 -1.3687382973087903 0.9185900865697986
1647472088.0121706 23.948527117467226 -1.4707855108246617 0.9131799003627836
1647472088.1121707 23.981325191463263 -1.5728327243405331 0.9077697141557687
1647472088.2121706 24.0141232654593 -1.6748799378564045 0.9023595279487538
1647472088.3121707 24.046903893692104 -1.776888812116042 0.8969599141390683
1647472088.4121706 24.0682972241787 -1.8538726691099383 0.8984611756121754
1647472088.5121706 24.0896905546653 -1.9308565261038346 0.8999624370852827
1647472088.6121707 24.111083885151896 -2.0078403830977307 0.9014636985583899
1647472088.7121706 24.132483699628086 -2.084837890922909 0.9029652291875531
1647472088.8121707 24.158477135564038 -2.171506412342114 0.9046574450447239
1647472088.9121706 24.184470571499986 -2.2581749337613193 0.9063496609018948
1647472089.0121706 24.210464007435935 -2.3448434551805244 0.9080418767590658
1647472089.1121707 24.236451463847725 -2.4315207097119953 0.9097296334674285
1647472089.2121706 24.257866597117484 -2.5248758553681734 0.9080076423857171
1647472089.3121707 24.279281730387243 -2.6182310010243515 0.9062856513040056
1647472089.4121706 24.300696863657 -2.7115861466805296 0.9045636602222942
1647472089.5121706 24.322111996926758 -2.8049412923367076 0.9028416691405827
1647472089.6121707 24.343527130196517 -2.8982964379928857 0.9011196780588714
1647472089.7121706 24.364942263466276 -2.9916515836490642 0.8993976869771599
1647472089.8121707 24.38635739673603 -3.0850067293052423 0.8976756958954485
1647472089.9121706 24.40777165780581 -3.17835862682897 0.8959539871842086
1647472090.0121706 24.42854159321866 -3.2693110114868182 0.8944408757483964
1647472090.1121707 24.449311528631515 -3.360263396144666 0.8929277643125841
1647472090.2121706 24.470081464044366 -3.4512157808025146 0.8914146528767719
1647472090.3121707 24.490846307792925 -3.5421401205456196 0.8899031692106971
1647472090.4121706 24.506928800765827 -3.6072740466324005 0.8898886005914325
1647472090.5121706 24.52301129373873 -3.6724079727191814 0.8898740319721679
1647472090.6121707 24.53909378671163 -3.737541898805962 0.8898594633529033
1647472090.7121706 24.55518694731565 -3.802694451412055 0.8898440234509357
1647472090.8121707 24.582505825892977 -3.8874479866765737 0.8889117188966893
1647472090.9121706 24.6098247044703 -3.9722015219410927 0.8879794143424429
1647472091.0121706 24.63714358304762 -4.056955057205611 0.8870471097881965
1647472091.1121707 24.664474031708714 -4.141711668231593 0.8861166755834478
1647472091.2121706 24.70160059990478 -4.229072454607724 0.8867698225885835
1647472091.3121707 24.738727168100848 -4.316433240983856 0.8874229695937192
1647472091.4121706 24.775853736296916 -4.403794027359988 0.888076116598855
1647472091.5121706 24.812991692326506 -4.491152879681819 0.8887264663185285
1647472091.6121707 24.85868733754439 -4.577058335662334 0.8872747217715784
1647472091.7121706 24.90438298276227 -4.66296379164285 0.8858229772246284
1647472091.8121707 24.95007862798015 -4.748869247623366 0.8843712326776784
1647472091.9121706 24.995774273198034 -4.834774703603882 0.8829194881307283
1647472092.0121706 25.031092622407844 -4.88955057414944 0.883774529856873
1647472092.1121707 25.066409833388462 -4.944323030259978 0.8846298246018651
1647472092.2121706 25.101727044369085 -4.999095486370518 0.8854851193468573
1647472092.3121707 25.1370446862992 -5.053870774639092 0.88634040571922
1647472092.4121706 25.174252622277535 -5.121068890937179 0.8871589668334108
1647472092.5121706 25.211460558255872 -5.188267007235267 0.8879775279476015
1647472092.6121707 25.248668494234206 -5.255465123533354 0.8887960890617923
1647472092.7121706 25.285888724276845 -5.322669595660984 0.8896123754789603
1647472092.8121707 25.338712966192826 -5.397941085922389 0.8875415451148623
1647472092.9121706 25.391537208108808 -5.473212576183793 0.8854707147507642
1647472093.0121706 25.44436145002479 -5.548484066445198 0.8833998843866662
1647472093.1121707 25.497201121336786 -5.623759389357985 0.8813301972301392
1647472093.2121706 25.562217446280528 -5.7020593846765815 0.8801627127655629
1647472093.3121707 25.62723377122427 -5.780359379995178 0.8789952283009865
1647472093.4121706 25.69225009616801 -5.858659375313775 0.8778277438364103
1647472093.5121706 25.757247859024133 -5.936938396374778 0.8766624161539733
1647472093.6121707 25.806548593060054 -5.997480537150143 0.8773209712209846
1647472093.7121706 25.855849327095978 -6.058022677925509 0.8779795262879959
1647472093.8121707 25.9051500611319 -6.118564818700874 0.8786380813550072
1647472093.9121706 25.954452087923535 -6.179094960760055 0.87929871587424
1647472094.0121706 26.00489433993481 -6.229042098886617 0.8817934508671171
1647472094.1121707 26.05533659194609 -6.27898923701318 0.8842881858599942
1647472094.2121706 26.105778843957367 -6.328936375139742 0.8867829208528714
1647472094.3121707 26.15623712718451 -6.378893406455942 0.8892705878741971
1647472094.4121706 26.218181225247708 -6.43593856790952 0.886694296354587
1647472094.5121706 26.2801253233109 -6.492983729363097 0.8841180048349769
1647472094.6121707 26.3420694213741 -6.550028890816674 0.8815417133153669
1647472094.7121706 26.404028059338057 -6.60707190243578 0.8789669962802552
1647472094.8121707 26.481172746335908 -6.661869541667897 0.8780367333018273
1647472094.9121706 26.55831743333376 -6.7166671809000125 0.8771064703233995
1647472095.0121706 26.635462120331606 -6.771464820132128 0.8761762073449716
1647472095.1121707 26.7125892857141 -6.826255186203423 0.8752502656834258
1647472095.2121706 26.774941102294648 -6.874912357028562 0.8779683353133871
1647472095.3121707 26.837292918875196 -6.923569527853701 0.8806864049433485
1647472095.4121706 26.899644735455745 -6.972226698678839 0.8834044745733098
1647472095.5121706 26.961996552036293 -7.020883869503979 0.8861225442032712
1647472095.6121707 27.02434836861684 -7.069541040329117 0.8888406138332325
1647472095.7121706 27.08670018519739 -7.118198211154256 0.891558683463194
1647472095.8121707 27.14905200177794 -7.166855381979395 0.8942767530931554
1647472095.9121706 27.211403818358484 -7.215512552804533 0.8969948227231167
1647472096.0121706 27.2809385105465 -7.257528341050761 0.8960485828739504
1647472096.1121707 27.350553430485768 -7.299469949648248 0.8950614152229583
1647472096.2121706 27.420168350425033 -7.341411558245735 0.8940742475719664
1647472096.3121707 27.48978631045214 -7.3833495603289245 0.8930889047448528
1647472096.4121706 27.562032483457063 -7.422169663134972 0.8936811563985193
1647472096.5121706 27.63427865646199 -7.46098976594102 0.8942734080521859
1647472096.6121707 27.706524829466915 -7.499809868747067 0.8948656597058524
1647472096.7121706 27.778781725732433 -7.538630911835294 0.8954586301772142
1647472096.8121707 27.858833628355924 -7.578135469559529 0.8965741272118616
1647472096.9121706 27.938885530979416 -7.617640027283764 0.897689624246509
1647472097.0121706 28.018937433602904 -7.657144585008 0.8988051212811563
1647472097.1121707 28.098989336226396 -7.696649142732236 0.8999206183158037
1647472097.2121706 28.18256244502675 -7.730595765452964 0.9006888642752877
1647472097.3121707 28.266173434908936 -7.764482595994504 0.901453374513052
1647472097.4121706 28.34978442479112 -7.798369426536044 0.9022178847508161
1647472097.5121706 28.433371776411537 -7.832215540829512 0.9029876112275063
1647472097.6121707 28.50860469843404 -7.851671382635998 0.9056009039230132
1647472097.7121706 28.583837620456546 -7.871127224442485 0.9082141966185201
1647472097.8121707 28.65907054247905 -7.890583066248971 0.910827489314027
1647472097.9121706 28.7343218033918 -7.910020116997531 0.9134321535382306
1647472098.0121706 28.817162923230253 -7.92168017160289 0.9124657794358941
1647472098.1121707 28.900004043068705 -7.93334022620825 0.9114994053335578
1647472098.2121706 28.982845162907157 -7.945000280813608 0.9105330312312213
1647472098.3121707 29.06570753125052 -7.95666795599542 0.9095644385615957
1647472098.4121706 29.156267574378234 -7.9710963298451 0.9077921277220701
1647472098.5121706 29.24682761750595 -7.9855247036947805 0.9060198168825444
1647472098.6121707 29.337387660633663 -7.999953077544461 0.9042475060430187
1647472098.7121706 29.427938307365554 -8.014351391906642 0.9024831744816434
1647472098.8121707 29.514705881271375 -8.016647488303157 0.9039313715232339
1647472098.9121706 29.601473455177196 -8.018943584699674 0.9053795685648244
1647472099.0121706 29.688241029083017 -8.021239681096189 0.9068277656064149
1647472099.1121707 29.774985483057016 -8.02352343546273 0.9082758200821649
1647472099.2121706 29.850915772513478 -8.020034303314077 0.9096571905181678
1647472099.3121707 29.92684606196994 -8.016545171165424 0.9110385609541707
1647472099.4121706 30.0027763514264 -8.013056039016773 0.9124199313901735
1647472099.5121706 30.078715810018625 -8.009557842832628 0.9137942161116364
1647472099.6121707 30.15860514233418 -8.002155047944395 0.9121161218090728
1647472099.7121706 30.238494474649737 -7.994752253056164 0.9104380275065092
1647472099.8121707 30.318383806965294 -7.987349458167932 0.9087599332039454
1647472099.9121706 30.398272156416333 -7.97993892949364 0.9070879898860735
1647472100.0121706 30.477606652593114 -7.968170340625779 0.9088821835062374
1647472100.1121707 30.55694114876989 -7.956401751757918 0.9106763771264011
1647472100.2121706 30.636275644946668 -7.9446331628900575 0.912470570746565
1647472100.3121707 30.715610141123445 -7.932864574022196 0.9142647643667288
1647472100.4121706 30.802341276906155 -7.913321623197983 0.9151432039486141
1647472100.5121706 30.88915326861428 -7.893693687398977 0.9160116330197597
1647472100.6121707 30.9759652603224 -7.8740657515999715 0.9168800620909053
1647472100.7121706 31.062774108144268 -7.854436545047564 0.9177485285997036
1647472100.8121707 31.136683543115435 -7.8295934180650475 0.9187706023635943
1647472100.9121706 31.2105929780866 -7.804750291082532 0.9197926761274849
1647472101.0121706 31.284502413057766 -7.779907164100016 0.9208147498913756
1647472101.1121707 31.35841184802893 -7.7550640371175 0.9218368236552663
1647472101.2121706 31.433514519852174 -7.729253991578077 0.9241869899070456
1647472101.3121707 31.508618040627645 -7.703443258105108 0.9265381010567876
1647472101.4121706 31.583721561403113 -7.6776325246321395 0.9288892122065296
1647472101.5121706 31.658825082178584 -7.65182179115917 0.9312403233562716
1647472101.6121707 31.732640369479807 -7.617460985042823 0.9330052487190332
1647472101.7121706 31.806452782936468 -7.583081105070474 0.9347688663942748
1647472101.8121707 31.88026519639313 -7.5487012250981245 0.9365324840695163
1647472101.9121706 31.95407760984979 -7.514321345125775 0.9382961017447579
1647472102.0121706 32.03222907571495 -7.46900785040851 0.9385940673151832
1647472102.1121707 32.11039060998777 -7.4236689851540785 0.938888631962669
1647472102.2121706 32.18855214426058 -7.378330119899647 0.9391831966101549
1647472102.3121707 32.2667136785334 -7.332991254645216 0.9394777612576407
1647472102.4121706 32.345791898570056 -7.284178552569999 0.9383685306518801
1647472102.5121706 32.42487187565269 -7.2353591920614875 0.9372566093391183
1647472102.6121707 32.50395185273533 -7.186539831552975 0.9361446880263564
1647472106.1123838 34.25998826134169 -4.90568266438879 0.9387071219630458
1647472106.2123837 34.28628548450859 -4.821231447872641 0.9403926978970927
1647472106.312384 34.312582707675496 -4.736780231356493 0.9420782738311396
1647472106.4123838 34.32929430017991 -4.654525159496877 0.938091748542102
1647472106.512384 34.34600577384244 -4.572270114864885 0.9341051529308108
1647472106.6123838 34.36271724750498 -4.490015070232894 0.9301185573195195
1647472106.7123837 34.37942872116752 -4.4077600256009015 0.9261319617082283
1647472106.812384 34.400593394423815 -4.327870495137114 0.9293129039381385
1647472106.9123838 34.421761644318515 -4.247982864563202 0.9324996028583964
1647472107.012384 34.442929894213215 -4.168095233989289 0.9356863017786543
1647472107.1123838 34.464095675683005 -4.088207364225297 0.9388730781375598
1647472107.2123837 34.47826843611728 -4.007641871553954 0.9422792373467694
1647472107.312384 34.49244119655156 -3.927076378882611 0.9456853965559789
1647472107.4123838 34.50661395698584 -3.8465108862112682 0.9490915557651886
1647472107.512384 34.52077114509191 -3.765943096625011 0.9524926724740033
1647472107.6123838 34.52361628181441 -3.68370678199931 0.9522308158096319
1647472107.7123837 34.52646141853691 -3.6014704673736087 0.9519689591452606
1647472107.812384 34.5293065552594 -3.5192341527479076 0.9517071024808892
1647472107.9123838 34.532143741048884 -3.4370063100986776 0.9514464770508236
1647472108.012384 34.52838780294029 -3.3618036543567715 0.9522068236636838
1647472108.1123838 34.52463186483168 -3.286600998614866 0.952967170276544
1647472108.2123837 34.52087592672308 -3.2113983428729598 0.953727516889404
1647472108.312384 34.517133709011816 -3.136186866897543 0.954492152960218
1647472108.4123838 34.522302633998386 -3.0552468134235102 0.9580427121343149
1647472108.512384 34.527471558984956 -2.9743067599494775 0.9615932713084118
1647472108.6123838 34.53264048397153 -2.8933667064754447 0.9651438304825086
1647472108.7123837 34.53777825195413 -2.8124245466269064 0.968696136280548
1647472108.812384 34.531178269695324 -2.730688854194504 0.9729064461545932
1647472108.9123838 34.52457828743652 -2.6489531617621016 0.9771167560286385
1647472109.012384 34.517978305177714 -2.5672174693296994 0.9813270659026837
1647472109.1123838 34.511390145031186 -2.485490892837049 0.9855346139596189
1647472109.2123837 34.50928975739173 -2.4072248031694197 0.9886937531873924
1647472109.312384 34.507189369752275 -2.32895871350179 0.9918528924151658
1647472109.4123838 34.50508898211282 -2.2506926238341602 0.9950120316429392
1647472109.512384 34.50297821432668 -2.1723983546265093 0.9981744761626549
1647472109.6123838 34.49707409694661 -2.0838060761510038 1.0025448157377166
1647472109.7123837 34.491169979566536 -1.9952137976754976 1.0069151553127782
1647472109.812384 34.485265862186466 -1.9066215191999918 1.01128549488784
1647472109.9123838 34.47932854590332 -1.8180365759142834 1.0156558278876515
1647472110.012384 34.45896779527669 -1.732638443596687 1.0200233042362452
1647472110.1123838 34.43860704465006 -1.6472403112790905 1.024390780584839
1647472110.2123837 34.41824629402344 -1.561842178961494 1.0287582569334326
1647472110.312384 34.3978833416437 -1.4764164596141753 1.0331210954315222
1647472110.4123838 34.3766912242668 -1.3806016556459517 1.0357373515018853
1647472110.512384 34.35549910688991 -1.284786851677728 1.0383536075722484
1647472110.6123838 34.33430698951302 -1.1889720477095045 1.0409698636426115
1647472110.7123837 34.313099292458915 -1.0931642991764257 1.0435831505262683
1647472110.812384 34.2861821091828 -0.9999421568286198 1.0451083191924406
1647472110.9123838 34.25926492590669 -0.9067200144808136 1.046633487858613
1647472111.012384 34.23234774263058 -0.8134978721330077 1.0481586565247853
1647472111.1123838 34.20542155101188 -0.7202905545222271 1.0496820021043443
1647472111.2123837 34.174497609820435 -0.6336622036368182 1.0503962927815247
1647472111.312384 34.14357366862898 -0.5470338527514094 1.0511105834587051
1647472111.4123838 34.112649727437535 -0.4604055018660006 1.0518248741358853
1647472111.512384 34.081740286698064 -0.3737789054536181 1.0525402423175503
1647472111.6123838 34.059448094483635 -0.28819494758246766 1.053895943913827
1647472111.7123837 34.037155902269205 -0.2026109897113172 1.0552516455101033
1647472111.812384 34.01486371005478 -0.11702703184016672 1.05660734710638
1647472111.9123838 33.992559529506956 -0.03142799826641343 1.057960895224138
1647472112.012384 33.964986648946706 0.06079658965751795 1.0583680205221422
1647472112.1123838 33.93741376838646 0.1530211775814493 1.0587751458201466
1647472112.2123837 33.90984088782621 0.2452457655053807 1.0591822711181509
1647472112.312384 33.88225436627624 0.3374719636622064 1.0595869833269342
1647472112.4123838 33.844140870916895 0.4309408047541359 1.0581294753048494
1647472112.512384 33.80602737555755 0.5244096458460654 1.0566719672827647
1647472112.6123838 33.7679138801982 0.617878486937995 1.0552144592606798
1647472112.7123837 33.729818175632715 0.7113365718414041 1.0537614244147833
1647472112.812384 33.7038104552753 0.7974863467303168 1.0553476965008703
1647472112.9123838 33.67780273491789 0.8836361216192296 1.0569339685869574
1647472113.012384 33.65179501456048 0.9697858965081423 1.0585202406730445
1647472113.1123838 33.6257773632741 1.0559254437438295 1.0601039708286202
1647472113.2123837 33.59315800249954 1.1352660303184279 1.059997920819653
1647472113.312384 33.56053864172498 1.2146066168930263 1.0598918708106857
1647472113.4123838 33.52791928095042 1.2939472034676247 1.0597858208017186
1647472113.512384 33.495300088379764 1.373288127012148 1.0596798644038201
1647472113.6123838 33.46554860614938 1.458374054638024 1.0611698841827326
1647472113.7123837 33.435797123919 1.5434599822638997 1.0626599039616451
1647472113.812384 33.40604564168862 1.6285459098897754 1.0641499237405576
1647472113.9123838 33.37629415945824 1.7136318375156512 1.06563994351947
1647472114.012384 33.346542677227866 1.798717765141527 1.0671299632983824
1647472114.1123838 33.316791194997485 1.8838036927674027 1.0686199830772949
1647472114.2123837 33.287039712767104 1.9688896203932784 1.0701100028562074
1647472114.312384 33.25728823053672 2.0539755480191544 1.0716000226351197
1647472114.4123838 33.20849686891607 2.1457363624660015 1.065774627342746
1647472114.512384 33.159684866712325 2.237504412964782 1.0599413016202712
1647472114.6123838 33.11087286450858 2.329272463463562 1.0541079758977965
1647472114.7123837 33.06206086230483 2.4210405139623425 1.0482746501753217
1647472114.812384 33.03313376595189 2.5042718835625792 1.050393979124811
1647472114.9123838 33.00422995584352 2.587493256271667 1.0525226210407852
1647472115.012384 32.97532614573515 2.6707146289807544 1.0546512629567597
1647472115.1123838 32.94642233562678 2.753936001689842 1.056779904872734
1647472115.2123837 32.91998740533835 2.8357950672395247 1.059503143924198
1647472115.312384 32.89355930430066 2.9176503644659726 1.0622280277106144
1647472115.4123838 32.86713120326298 2.999505661692421 1.064952911497031
1647472115.512384 32.84070310222529 3.081360958918869 1.0676777952834475
1647472115.6123838 32.79908073695027 3.155787321823101 1.066194429534452
1647472115.7123837 32.75740542836706 3.2301877991462207 1.064696400446145
1647472115.812384 32.71573011978385 3.30458827646934 1.0631983713578377
1647472127.3131256 27.239454434765143 12.20014226843223 0.9165481793267989
1647472127.4131255 27.188845604967508 12.258468660442247 0.9214643905608887
1647472127.5131257 27.13823674136037 12.316795252943344 0.9263805690193768
1647472127.6131256 27.08256336472123 12.405154519474959 0.9263871078109792
1647472127.7131257 27.02688998808209 12.493513786006574 0.9263936466025816
1647472127.8131256 26.97121661144295 12.58187305253819 0.9264001853941841
1647472127.9131255 26.915543326165857 12.670231830990268 0.926406767259546
1647472128.0131257 26.861507557169478 12.749842576535938 0.9271853762946114
1647472128.1131256 26.807471788173103 12.829453322081608 0.9279639853296768
1647472128.2131257 26.753436019176725 12.909064067627279 0.9287425943647424
1647472128.3131256 26.699400509013113 12.988673059241437 0.9295218358758673
1647472128.4131255 26.646893786910375 13.057922506401063 0.9340367784753583
1647472128.5131257 26.594387064807638 13.127171953560689 0.9385517210748492
1647472128.6131256 26.541880342704903 13.196421400720315 0.9430666636743401
1647472128.7131257 26.48937539963079 13.26567100757886 0.9475805429531714
1647472128.8131256 26.44285727046268 13.335458035640897 0.9485161195430265
1647472128.9131255 26.396339141294575 13.405245063702937 0.9494516961328816
1647472129.0131257 26.34982101212647 13.475032091764977 0.9503872727227366
1647472129.1131256 26.30329908403804 13.54482209092247 0.9513226665585941
1647472129.2131257 26.2523695964495 13.618059195809602 0.9520460266979178
1647472129.3131256 26.201440108860957 13.691296300696733 0.9527693868372417
1647472129.4131255 26.150510621272414 13.764533405583864 0.9534927469765654
1647472129.5131257 26.09958033470425 13.837771694218757 0.9542176703830451
1647472129.6131256 26.04701453686485 13.913433114499535 0.9581426016250558
1647472129.7131257 25.99444873902545 13.98909453478031 0.9620675328670666
1647472129.8131256 25.94188294118605 14.064755955061088 0.9659924641090774
1647472129.9131255 25.889335007727603 14.140400127369158 0.969919159513991
1647472130.0131257 25.849905367697787 14.2033786513316 0.9751413269916231
1647472130.1131256 25.810475727667967 14.26635717529404 0.9803634944692553
1647472130.2131257 25.77104608763815 14.32933569925648 0.9855856619468876
1647472130.3131256 25.731600326815865 14.392329404293228 0.9908058477393921
1647472130.4131255 25.672106739083965 14.474202302185583 0.9935616087520442
1647472130.5131257 25.61261315135206 14.556075200077938 0.9963173697646963
1647472130.6131256 25.55311956362016 14.637948097970293 0.9990731307773485
1647472130.7131257 25.493625975888257 14.719820995862648 1.0018288917900007
1647472130.8131256 25.434132388156357 14.801693893755003 1.0045846528026527
1647472130.9131255 25.374638800424453 14.883566791647358 1.0073404138153048
1647472131.0131257 25.315145212692553 14.965439689539712 1.0100961748279569
1647472131.1131256 25.25564678197074 15.047313110388881 1.0128512354225798
1647472131.2131257 25.191090140458638 15.129732728082008 1.0148747516408123
1647472131.3131256 25.126533498946532 15.212152345775134 1.0168982678590446
1647472131.4131255 25.061976857434427 15.294571963468261 1.018921784077277
1647472131.5131257 24.99742536016603 15.376985950852902 1.0209441637927883
1647472131.6131256 24.94137010621102 15.450100909353862 1.021089493315334
1647472131.7131257 24.885314852256013 15.523215867854823 1.0212348228378796
1647472131.8131256 24.829259598301004 15.596330826355784 1.0213801523604251
1647472131.9131255 24.773206200961905 15.66943346900012 1.021525461327449
1647472132.0131257 24.71903010035273 15.730083068871881 1.0216499858049757
1647472132.1131256 24.66485399974355 15.790732668743644 1.0217745102825027
1647472132.2131257 24.61067789913437 15.851382268615406 1.0218990347600296
1647472132.3131256 24.556507509187032 15.912042403595652 1.0220273552934795
1647472132.4131255 24.506893742212437 15.981108660085546 1.0251846059420446
1647472132.5131257 24.457279975237846 16.05017491657544 1.0283418565906095
1647472132.6131256 24.40766620826325 16.119241173065337 1.0314991072391746
1647472132.7131257 24.358039809019274 16.188310604106793 1.0346549266267984
1647472132.8131256 24.29955998154282 16.259604945302673 1.0368076352005513
1647472132.9131255 24.241080154066367 16.33089928649855 1.0389603437743045
1647472133.0131257 24.182600326589917 16.40219362769443 1.0411130523480576
1647472133.1131256 24.124120626060137 16.473493048341485 1.043266162845898
1647472133.2131257 24.06573846052987 16.548695086192474 1.0457280775439963
1647472133.3131256 24.00735629499961 16.623897124043467 1.0481899922420947
1647472133.4131255 23.948974129469345 16.699099161894456 1.0506519069401932
1647472133.5131257 23.890595618254252 16.774307336868954 1.0531157006440204
1647472133.6131256 23.83503200891302 16.854242909364636 1.0570268836685865
1647472133.7131257 23.77946839957179 16.93417848186032 1.0609380666931525
1647472133.8131256 23.72390479023056 17.014114054356003 1.0648492497177187
1647472133.9131255 23.668330770104046 17.094044523401163 1.0687548040778594
1647472134.0131257 23.602204510137714 17.16880219976181 1.0669552156089421
1647472134.1131256 23.53607825017138 17.24355987612246 1.0651556271400249
1647472134.2131257 23.469951990205047 17.318317552483112 1.0633560386711078
1647472134.3131256 23.403836985354335 17.39307421979024 1.0615595759703598
1647472134.4131255 23.3497534232653 17.466752233613658 1.063104482836001
1647472134.5131257 23.29566986117627 17.54043024743708 1.0646493897016422
1647472134.6131256 23.241586299087235 17.614108261260498 1.0661942965672835
1647472134.7131257 23.187501646225403 17.687785197558824 1.0677385073372951
1647472134.8131256 23.132367801165188 17.76042568435411 1.0686131578583529
1647472134.9131255 23.07723395610497 17.833066171149397 1.0694878083794108
1647472135.0131257 23.022100111044754 17.905706657944684 1.0703624589004685
1647472135.1131256 22.966966265984535 17.978347144739974 1.0712371094215265
1647472135.2131257 22.917406125139937 18.040942436289132 1.0744983198529972
1647472135.3131256 22.867846114527993 18.103537493126787 1.07775958604775
1647472135.4131255 22.81828610391605 18.166132549964445 1.081020852242503
1647472135.5131257 22.768680424661387 18.228806818820118 1.0842724708166493
1647472135.6131256 22.711282286124458 18.304997066874584 1.0858779119205004
1647472135.7131257 22.653884147587533 18.38118731492905 1.0874833530243513
1647472135.8131256 22.596486009050604 18.457377562983517 1.0890887941282024
1647472135.9131255 22.539087870513676 18.533567811037983 1.0906942352320532
1647472136.0131257 22.481689731976747 18.60975805909245 1.092299676335904
1647472136.1131256 22.424291593439822 18.685948307146916 1.0939051174397552
1647472136.2131257 22.366893454902893 18.762138555201382 1.095510558543606
1647472136.3131256 22.309491776799323 18.838307759034432 1.0971151698074069
1647472136.4131255 22.251547427133893 18.911250550805313 1.0985925534634766
1647472136.5131257 22.193603077468463 18.98419334257619 1.1000699371195466
1647472136.6131256 22.13565872780303 19.057136134347072 1.1015473207756166
1647472136.7131257 22.0777143781376 19.130078926117953 1.1030247044316863
1647472136.8131256 22.019770028472166 19.203021717888834 1.1045020880877563
1647472136.9131255 21.961825678806736 19.275964509659715 1.1059794717438263
1647472137.0131257 21.903881329141306 19.348907301430597 1.107456855399896
1647472137.1131256 21.845973222372784 19.42180727641348 1.108943357213181
1647472137.2131257 21.792746572634297 19.489176651741143 1.1116076418427776
1647472137.3131256 21.73951992289581 19.556546027068805 1.114271926472374
1647472137.4131255 21.68629327315732 19.623915402396467 1.1169362111019705
1647472137.5131257 21.633066623418834 19.691284777724125 1.119600495731567
1647472137.6131256 21.579839973680347 19.758654153051786 1.1222647803611634
1647472137.7131257 21.52661332394186 19.826023528379448 1.12492906499076
1647472137.8131256 21.473386674203372 19.89339290370711 1.1275933496203565
1647472137.9131255 21.420110549114536 19.96082313879049 1.1302514616942614
1647472138.0131257 21.360092164768634 20.036547044327758 1.1320684080067167
1647472138.1131256 21.300073780422732 20.11227094986502 1.1338853543191723
1647472138.2131257 21.240055396076833 20.187994855402287 1.1357023006316276
1647472138.3131256 21.18003701173093 20.26371876093955 1.1375192469440831
1647472138.4131255 21.12001862738503 20.339442666476817 1.1393361932565385
1647472138.5131257 21.06000024303913 20.41516657201408 1.141153139568994
1647472138.6131256 20.99998185869323 20.490890477551346 1.1429700858814495
1647472138.7131257 20.94001406297192 20.56655563187817 1.1447948281015148
1647472138.8131256 20.885840003802066 20.6354922175175 1.1475124080936447
1647472138.9131255 20.83166594463221 20.704428803156826 1.1502299880857745
1647472139.0131257 20.777491885462357 20.773365388796154 1.1529475680779042
1647472139.1131256 20.723296963115306 20.842281876244936 1.15565495733432
1647472139.2131257 20.66678328287415 20.90896462730957 1.1572297363147634
1647472139.3131256 20.610269602632997 20.975647378374205 1.1588045152952071
1647472139.4131255 20.55375592239184 21.042330129438838 1.1603792942756506
1647472139.5131257 20.497193808578405 21.109060059630487 1.1619479823288248
1647472139.6131256 20.434994248207087 21.181281424681398 1.1628077142726008
1647472139.7131257 20.372794687835768 21.253502789732313 1.1636674462163767
1647472139.8131256 20.310595127464453 21.325724154783224 1.1645271781601527
1647472143.3123913 18.260424320319625 23.796569263462377 1.1975281366842538
1647472143.4123912 18.19231414504484 23.867408795443637 1.196950143514902
1647472143.5123913 18.124214091117402 23.93824539340753 1.1963750214718094
1647472143.6123912 18.06398290761108 24.00680093118228 1.198032064744533
1647472143.7123914 18.00375172410476 24.075356468957025 1.1996891080172567
1647472143.8123913 17.94352054059844 24.143912006731775 1.2013461512899803
1647472143.9123912 17.88327999500305 24.212455181842945 1.2030018831262685
1647472144.0123913 17.817234857160223 24.27333337741163 1.203844510781283
1647472144.1123912 17.75118971931739 24.33421157298032 1.2046871384362974
1647472144.2123914 17.685144581474564 24.39508976854901 1.2055297660913118
1647472144.3123913 17.619113811841224 24.455962300601744 1.2063719099408363
1647472144.4123912 17.561918106955456 24.513352315907767 1.206916560019027
1647472144.5123913 17.504722402069685 24.570742331213793 1.2074612100972177
1647472144.6123912 17.447526697183918 24.62813234651982 1.2080058601754085
1647472144.7123914 17.39034759398252 24.685517692951432 1.2085626793152127
1647472144.8123913 17.340281984434277 24.74090251896803 1.2143337008589505
1647472144.9123912 17.290216374886032 24.796287344984634 1.2201047224026884
1647472145.0123913 17.240150765337788 24.851672171001237 1.2258757439464263
1647472145.1123912 17.190053488952216 24.90705626808379 1.2316457060988606
1647472145.2123914 17.12754219516008 24.96215460881314 1.2370003662131888
1647472145.3123913 17.065030901367937 25.017252949542492 1.242355026327517
1647472145.4123912 17.0025196075758 25.072351290271843 1.247709686441845
1647472145.5123913 16.939993980450637 25.127457755942274 1.2530613885734894
1647472145.6123912 16.86626238882552 25.188916393937053 1.2561005058446177
1647472145.7123914 16.7925307972004 25.250375031931828 1.2591396231157461
1647472145.8123913 16.718799205575277 25.311833669926607 1.2621787403868745
1647472145.9123912 16.64506746938132 25.373293877591227 1.2652180846990548
1647472146.0123913 16.570498356163792 25.443845985583515 1.2695725046768216
1647472146.1123912 16.495929242946264 25.514398093575803 1.2739269246545883
1647472146.2123914 16.421360129728736 25.584950201568088 1.278281344632355
1647472146.3123913 16.346791016511204 25.655502309560376 1.2826357646101219
1647472146.4123912 16.259986526814398 25.73290121324937 1.280454696336967
1647472146.5123913 16.17317576204776 25.810303628405393 1.2782702762548013
1647472146.6123912 16.086364997281123 25.88770604356142 1.2760858561726356
1647472146.7123914 15.999554232514486 25.96510845871744 1.27390143609047
1647472146.8123913 15.923238058419974 26.03075266758912 1.2700257332785452
1647472146.9123912 15.846921894333814 26.09639686524738 1.2661500288536993
1647472147.0123913 15.770605730247654 26.16204106290564 1.2622743244288535
1647472147.1123912 15.694290281141768 26.227685088633752 1.2583988499686671
1647472147.2123914 15.636485499481923 26.288877884087775 1.2604771052772046
1647472147.3123913 15.578680717822076 26.3500706795418 1.262555360585742
1647472147.4123912 15.52087593616223 26.411263474995827 1.2646336158942795
1647472147.5123913 15.463071154502384 26.47245627044985 1.266711871202817
1647472147.6123912 15.406103894926703 26.52588102805328 1.2662365694928694
1647472147.7123914 15.349138370570813 26.579289691450647 1.2657559771968498
1647472147.8123913 15.292172846214921 26.63269835484801 1.2652753849008305
1647472147.9123912 15.235207321859031 26.686107018245373 1.2647947926048109
1647472148.0123913 15.173748540834733 26.74622277297533 1.2665224055649724
1647472148.1123912 15.112285979313636 26.806344170858836 1.268251876445462
1647472148.2123914 15.05082341779254 26.866465568742342 1.2699813473259516
1647472148.3123913 14.989357542102342 26.9265907954685 1.2717119803241117
1647472148.4123912 14.922267194165032 26.993213946279425 1.2754148417716968
1647472148.5123913 14.855176846227721 27.05983709709035 1.279117703219282
1647472148.6123912 14.788086498290411 27.126460247901278 1.2828205646668671
1647472148.7123914 14.720987927388352 27.193091046596162 1.2865197225603542
1647472148.8123913 14.632422104455829 27.279687764807356 1.280550210864
1647472148.9123912 14.543856281523308 27.366284483018546 1.2745806991676456
1647472149.0123913 14.455290458590785 27.45288120122974 1.2686111874712913
1647472149.1123912 14.366724635658263 27.53947791944093 1.262641675774937
1647472149.2123914 14.290825291564209 27.60696652083819 1.2576092281770226
1647472149.3123913 14.214937034246407 27.674438397191462 1.252577600777059
1647472149.4123912 14.139048776928604 27.741910273544732 1.2475459733770957
1647472149.5123913 14.063160519610802 27.809382149898006 1.2425143459771324
1647472149.6123912 13.994486220782903 27.865758451474353 1.235597299789944
1647472149.7123914 13.925823036115617 27.922117658691153 1.2286773488387135
1647472149.8123913 13.85715985144833 27.97847686590795 1.221757397887483
1647472149.9123912 13.788496666781045 28.03483607312475 1.2148374469362524
1647472150.0123913 13.726808074028982 28.07822451902224 1.2129623529668716
1647472150.1123912 13.665127798894236 28.12159749651236 1.2110932752906745
1647472150.2123914 13.603447523759492 28.16497047400248 1.209224197614477
1647472150.3123913 13.541767248624746 28.2083434514926 1.2073551199382797
1647472150.4123912 13.48000721923967 28.236845407961148 1.2072810152626083
1647472150.5123913 13.418247071597007 28.265325314055577 1.2072095721275358
1647472150.6123912 13.356486923954344 28.29380522015001 1.2071381289924634
1647472150.7123914 13.29472677631168 28.322285126244438 1.2070666858573909
1647472150.8123913 13.215463940171912 28.351024979227265 1.2051500109018976
1647472150.9123912 13.136181368712796 28.37976512531563 1.203231255338088
1647472151.0123913 13.056898797253682 28.40850527140399 1.2013124997742783
1647472151.1123912 12.977616225794566 28.437245417492353 1.199393744210469
1647472151.2123914 12.89833365433545 28.465985563580716 1.1974749886466594
1647472151.3123913 12.819051082876337 28.494725709669076 1.1955562330828498
1647472151.4123912 12.739768511417221 28.52346585575744 1.1936374775190401
1647472151.5123913 12.660485939958107 28.552206001845803 1.1917187219552308
1647472151.6123912 12.578609714082665 28.58363833317897 1.1925958844699571
1647472151.7123914 12.496730986322868 28.615073261441058 1.1934757439761017
1647472151.8123913 12.414852258563071 28.64650818970314 1.1943556034822465
1647472151.9123912 12.332973530803274 28.677943117965228 1.195235462988391
1647472152.0123913 12.25899087407789 28.70324408017685 1.1971516139646596
1647472152.1123912 12.185017011206963 28.728538210990376 1.1990689190587578
1647472152.2123914 12.111043148336035 28.753832341803896 1.2009862241528557
1647472152.3123913 12.037069285465108 28.77912647261742 1.2029035292469539
1647472152.4123912 11.965984953951873 28.79559475016277 1.2036011034601737
1647472152.5123913 11.89490271136906 28.812056647229383 1.2042977958927072
1647472152.6123912 11.823820468786247 28.828518544295996 1.2049944883252408
1647472152.7123914 11.752737501108802 28.84498047902295 1.2056913450241276
1647472152.8123913 11.67930860180884 28.861564257970937 1.2069196601221588
1647472152.9123912 11.605879702508876 28.878148036918923 1.2081479752201902
1647472153.0123913 11.532450803208913 28.894731815866905 1.2093762903182215
1647472153.1123912 11.45901795133104 28.911314670992255 1.2106050730575817
1647472153.2123914 11.37202251187148 28.92472758850395 1.213438486147813
1647472153.3123913 11.28502707241192 28.93814050601564 1.2162718992380441
1647472153.4123912 11.19803163295236 28.95155342352733 1.2191053123282756
1647472153.5123913 11.111036912779435 28.964961891810322 1.221938707737061
1647472153.6123912 11.026296261503623 28.964427562402697 1.2247166938069902
1647472153.7123914 10.94155561022781 28.963893232995076 1.2274946798769193
1647472153.8123913 10.856814958951999 28.96335890358745 1.2302726659468484
1647472153.9123912 10.772074307676185 28.962824574179827 1.2330506520167774
1647472154.0123913 10.687333656400373 28.962290244772202 1.2358286380867065
1647472154.1123912 10.602593005124561 28.96175591536458 1.2386066241566356
1647472154.2123914 10.517852353848749 28.961221585956956 1.2413846102265647
1647472154.3123913 10.433111702572937 28.96068725654933 1.2441625962964937
1647472154.4123912 10.35134296532424 28.960089653923696 1.2466303811822694
1647472154.5123913 10.26957440522591 28.95949204752646 1.2490981475775191
1647472154.6123912 10.187805845127581 28.958894441129225 1.251565913972769
1647472154.7123914 10.106037477016036 28.958296067594357 1.2540338607477657
1647472154.8123913 10.026115822292521 28.950318627204222 1.2582368732568148
1647472154.9123912 9.946194167569006 28.942341186814083 1.2624398857658639
1647472155.0123913 9.866272512845491 28.934363746423948 1.2666428982749127
1647472155.1123912 9.786350858121976 28.926386306033812 1.2708459107839618
1647472155.2123914 9.706185249243202 28.911559898061924 1.2742517874956814
1647472155.3123913 9.626019638735853 28.896733444368127 1.2776576588859314
1647472155.4123912 9.545854028228504 28.881906990674327 1.2810635302761813
1647472155.5123913 9.46568852767315 28.867081643390065 1.2844698942409205
1647472155.6123912 9.386123401572783 28.858297660055165 1.2905658787011343
1647472155.7123914 9.306558275472415 28.849513676720264 1.296661863161348
1647472155.8123913 9.22699314937205 28.840729693385363 1.3027578476215618
1647472155.9123912 9.147428023271681 28.831945710050462 1.3088538320817755
1647472156.0123913 9.067116871091761 28.81738635606851 1.3155399731267603
1647472156.1123912 8.986805712508614 28.802826952515893 1.3222261192371263
1647472156.2123914 8.906494553925468 28.78826754896328 1.328912265347492
1647472156.3123913 8.82618339534232 28.773708145410662 1.3355984114578578
1647472156.4123912 8.748240174462243 28.753163463038387 1.3406178494095498
1647472156.5123913 8.670297111669546 28.732618381079146 1.345637176089089
1647472156.6123912 8.59235404887685 28.7120732991199 1.3506565027686284
1647472156.7123914 8.51441102541811 28.691528212196786 1.355675836917491
1647472156.8123913 8.446779040871048 28.66968189140108 1.362653186254946
1647472156.9123912 8.379147056323985 28.64783557060537 1.369630535592401
1647472157.0123913 8.311515071776924 28.62598924980966 1.3766078849298558
1647472157.1123912 8.243882680211447 28.604143213976425 1.3835853436432093
1647472157.2123914 8.173366981844405 28.584315844156325 1.3913376180940216
1647472157.3123913 8.102851283477364 28.564488474336226 1.3990898925448338
1647472157.4123912 8.03233558511032 28.544661104516127 1.4068421669956461
1647472157.5123913 7.961819886743279 28.524833734696028 1.4145944414464584
1647472157.6123912 7.883507510248914 28.489252752072296 1.4200364482133316
1647472157.7123914 7.805194516560137 28.45367052237364 1.4254782720966381
1647472157.8123913 7.72688152287136 28.418088292674984 1.4309200959799446
1647472157.9123912 7.64856201174244 28.382504900560786 1.4363611508706324
1647472158.0123913 7.5378602493884195 28.341145984437148 1.437981424653673
1647472158.1123912 7.427158487034399 28.299787068313506 1.4396016984367137
1647472158.2123914 7.316456724680378 28.258428152189868 1.4412219722197541
1647472158.3123913 7.205754776111616 28.217069052180914 1.4428421304988366
1647472158.4123912 7.08854434452132 28.169282886085313 1.4404252531456216
1647472158.5123913 6.971333912931024 28.12149671998971 1.4380083757924067
1647472158.6123912 6.854123481340728 28.07371055389411 1.4355914984391915
1647472158.7123914 6.736915103969894 28.025924646872852 1.433174112507911
1647472158.8123913 6.640926391071999 27.98081492456013 1.4255032197756812
1647472158.9123912 6.544937678174104 27.9357052022474 1.4178323270434516
1647472159.0123913 6.44894896527621 27.890595479934678 1.4101614343112219
1647472159.1123912 6.352962662239327 27.84548551962238 1.402489687183586
1647472159.2123914 6.2704150233540545 27.799048347364273 1.3900533777599
1647472159.3123913 6.187867384468782 27.752611175106164 1.377617068336214
1647472159.4123912 6.105319745583509 27.706174002848055 1.3651807589125278
1647472159.5123913 6.022776472653882 27.659734996434445 1.3527458711344504
1647472159.6123912 5.95154659858758 27.608543185716076 1.3439948604094232
1647472169.9956903 4.344107997983633 19.65797852465834 0.9359915352088758
1647472170.0956903 4.381221487095645 19.584626225126655 0.9415880126330399
1647472170.1956904 4.418334976207657 19.511273925594967 0.9471844900572042
1647472170.2956903 4.455448465319669 19.43792162606328 0.9527809674813683
1647472170.3956904 4.496337589229621 19.370182599201865 0.9580903236732248
1647472170.4956903 4.538037685484436 19.303649252747427 0.9633380088106795
1647472170.5956903 4.579737781739251 19.237115906292985 0.9685856939481343
1647472170.6956904 4.621437877994065 19.170582559838543 0.9738333790855891
1647472170.7956903 4.672536937449582 19.09972898174913 0.9735741551945402
1647472170.8956904 4.725652078678332 19.027948712058798 0.9721336968755921
1647472170.9956903 4.778767219907082 18.95616844236847 0.970693238556644
1647472171.0956903 4.831882361135833 18.884388172678136 0.9692527802376959
1647472171.1956904 4.889727935197652 18.81605402873679 0.9698590760111929
1647472171.2956903 4.948581283787936 18.74845404969626 0.9709014136255077
1647472171.3956904 5.007434632378221 18.680854070655727 0.9719437512398225
1647472171.4956903 5.066287980968505 18.613254091615197 0.9729860888541372
1647472171.5956903 5.11920872459118 18.549725243994985 0.9772864770901836
1647472171.6956904 5.1708673632997755 18.487062490611535 0.9822799844067115
1647472171.7956903 5.222526002008371 18.42439973722809 0.9872734917232394
1647472171.8956904 5.274184640716966 18.36173698384464 0.9922669990397673
1647472171.9956903 5.330377867197209 18.307233021276133 0.9958402582470776
1647472172.0956903 5.387535456283361 18.254464174040617 0.9991114758495903
1647472172.1956904 5.4446930453695135 18.201695326805098 1.002382693452103
1647472172.2956903 5.501850634455666 18.14892647956958 1.0056539110546157
1647472172.3956904 5.559592515568303 18.099378542593506 1.0086900074107397
1647472172.4956903 5.617458029472842 18.050512131480847 1.0116763534796633
1647472172.5956903 5.67532354337738 18.001645720368188 1.0146626995485872
1647472172.6956904 5.733189057281919 17.95277930925553 1.017649045617511
1647472172.7956903 5.7961885996201 17.904352296547227 1.0207069471467523
1647472172.8956904 5.860275665831704 17.856018360116327 1.0237800060270632
1647472172.9956903 5.924362732043308 17.807684423685423 1.026853064907374
1647472173.0956903 5.988449798254912 17.759350487254522 1.0299261237876849
1647472173.1956904 6.066171047545919 17.708853270324667 1.0309766314307258
1647472173.2956903 6.146751949146031 17.657902323967967 1.0316029263958042
1647472173.3956904 6.227332850746144 17.606951377611267 1.0322292213608826
1647472173.4956903 6.307913752346257 17.556000431254567 1.032855516325961
1647472173.5956903 6.384673396615259 17.50689585471887 1.0364655104687317
1647472173.6956904 6.460633425669527 17.458177639339457 1.0406998570305996
1647472173.7956903 6.5365934547237945 17.409459423960044 1.0449342035924676
1647472173.8956904 6.612553483778062 17.360741208580627 1.0491685501543355
1647472173.9956903 6.678262197565068 17.320200572492727 1.0548035198048251
1647472174.0956903 6.741824119149331 17.281372454555193 1.060731802717783
1647472174.1956904 6.805386040733593 17.24254433661766 1.066660085630741
1647472174.2956903 6.868947962317856 17.203716218680125 1.072588368543699
1647472174.3956904 6.947516183299881 17.16991144376641 1.0734013233506863
1647472174.4956903 7.029223744459958 17.137157559692916 1.073144143901297
1647472174.5956903 7.110931305620035 17.104403675619427 1.0728869644519075
1647472174.6956904 7.192638866780111 17.071649791545937 1.072629785002518
1647472174.7956903 7.272628030018053 17.04489191727117 1.074770020667854
1647472174.8956904 7.352255912755501 17.019394659872823 1.0774142951948429
1647472174.9956903 7.431883795492949 16.993897402474477 1.080058569721832
1647472175.0956903 7.511511678230397 16.96840014507613 1.082702844248821
1647472175.1956904 7.591139560967845 16.942902887677786 1.08534711877581
1647472175.2956903 7.670767443705293 16.917405630279436 1.0879913933027987
1647472175.3956904 7.7503953264427405 16.89190837288109 1.0906356678297877
1647472175.4956903 7.8300232091801885 16.866411115482745 1.0932799423567767
1647472175.5956903 7.92560005752245 16.850324169728392 1.092580973585238
1647472175.6956904 8.024826025367041 16.83639030101953 1.091117071549438
1647472175.7956903 8.12405199321163 16.82245643231067 1.089653169513638
1647472175.8956904 8.223277961056219 16.80852256360181 1.088189267477838
1647472175.9956903 8.318602909347229 16.796517583238117 1.08562008895196
1647472176.0956903 8.413102457374151 16.784920728219 1.0828170496380836
1647472176.1956904 8.507602005401075 16.77332387319988 1.080014010324207
1647472176.2956903 8.602101553427998 16.761727018180764 1.0772109710103306
1647472176.3956904 8.691003909320731 16.74082173617486 1.075492836893024
1647472176.4956903 8.778722637087505 16.717948017902014 1.0740041257209858
1647472176.5956903 8.86644136485428 16.69507429962917 1.0725154145489475
1647472176.6956904 8.954160092621056 16.672200581356325 1.0710267033769092
1647472176.7956903 9.040074750701882 16.659523261935213 1.0701424862849265
1647472176.8956904 9.125608123818647 16.649000922224705 1.0693860272864275
1647472176.9956903 9.211141496935413 16.638478582514196 1.0686295682879283
1647472177.0956903 9.29667487005218 16.627956242803684 1.0678731092894294
1647472177.1956904 9.378226304576742 16.611307158526337 1.0647200904271483
1647472177.2956903 9.458933653375736 16.593359335578533 1.0610590521857013
1647472177.3956904 9.53964100217473 16.57541151263073 1.0573980139442545
1647472177.4956903 9.620348350973725 16.557463689682926 1.0537369757028077
1647472177.5956903 9.6850929993608 16.54412595515274 1.0556820315200044
1647472177.6956904 9.74647029628751 16.53176072449501 1.0588096998355991
1647472177.7956903 9.807847593214222 16.519395493837283 1.0619373681511939
1647472177.8956904 9.869224890140933 16.50703026317955 1.0650650364667889
1647472177.9956903 9.953837528848007 16.517483146715865 1.0690018425795271
1647472178.0956903 10.043352455365348 16.532750289673196 1.0731093639069267
1647472178.1956904 10.13286738188269 16.548017432630523 1.0772168852343265
1647472178.2956903 10.22238230840003 16.563284575587854 1.081324406561726
1647472178.3956904 10.31960449102069 16.577982889576678 1.0782421598684595
1647472178.4956903 10.418467502467553 16.592560103272973 1.0736292544733332
1647472178.5956903 10.517330513914416 16.60713731696927 1.069016349078207
1647472178.6956904 10.616193525361279 16.621714530665564 1.0644034436830807
1647472178.7956903 10.700713585711343 16.633600135171804 1.0644080053971483
1647472178.8956904 10.782169727905936 16.64491076244992 1.0653989430120099
1647472178.9956903 10.863625870100531 16.656221389728035 1.0663898806268715
1647472179.0956903 10.945082012295124 16.66753201700615 1.067380818241733
1647472179.1956904 11.02879163896587 16.69102367139221 1.0670376540643571
1647472179.2956903 11.112980819869128 16.717107517190176 1.0664105854856696
1647472179.3956904 11.197170000772385 16.743191362988142 1.0657835169069823
1647472179.4956903 11.28135918167564 16.76927520878611 1.0651564483282947
1647472179.5956903 11.365548362578897 16.795359054584072 1.0645293797496072
1647472179.6956904 11.449737543482154 16.82144290038204 1.0639023111709198
1647472179.7956903 11.533926724385411 16.847526746180005 1.0632752425922323
1647472179.8956904 11.618115905288667 16.87361059197797 1.0626481740135447
1647472179.9956903 11.710592341300684 16.901237878101213 1.0595417932855686
1647472180.0956903 11.804833305377764 16.929193794601453 1.0559075157073017
1647472180.1956904 11.899074269454845 16.957149711101696 1.0522732381290345
1647472180.2956903 11.993315233531925 16.98510562760194 1.0486389605507676
1647472180.3956904 12.08551543859826 17.003159271402616 1.047803331520416
1647472180.4956903 12.177281443059847 17.019106065363644 1.0475631549102606
1647472180.5956903 12.269047447521432 17.035052859324676 1.0473229783001055
1647472180.6956904 12.360813451983018 17.050999653285707 1.0470828016899503
1647472180.7956903 12.429673819632672 17.070200591075405 1.0493685571273987
1647472180.8956904 12.493607943067168 17.0901013874782 1.0521975569303965
1647472180.9956903 12.557542066501663 17.110002183880997 1.055026556733394
1647472181.0956903 12.621476189936159 17.12990298028379 1.0578555565363919
1647472181.1956904 12.693042235810946 17.17041547486563 1.057176499814373
1647472181.2956903 12.766250445432853 17.215362996635054 1.055742613192902
1647472181.3956904 12.83945865505476 17.260310518404477 1.054308726571431
1647472181.4956903 12.912666864676668 17.3052580401739 1.0528748399499601
1647472181.5956903 12.997057277540815 17.344100723545026 1.0538710504899393
1647472181.6956904 13.083848551291839 17.381632675263926 1.0553890119854186
1647472181.7956903 13.170639825042862 17.41916462698283 1.0569069734808978
1647472181.8956904 13.257431098793887 17.45669657870173 1.058424934976377
1647472181.9956903 13.344866706374706 17.507392043943895 1.0601063582308956
1647472182.0956903 13.432430348377284 17.560703207391477 1.0618202626789055
1647472182.1956904 13.519993990379865 17.614014370839058 1.0635341671269154
1647472182.2956903 13.607557632382443 17.667325534286636 1.0652480715749253
1647472182.3956904 13.686282622261961 17.721727946753642 1.064425632519041
1647472182.4956903 13.763091144629161 17.77636697259387 1.0630532431022182
1647472182.5956903 13.839899666996361 17.831005998434097 1.0616808536853952
1647472182.6956904 13.916708189363561 17.885645024274325 1.060308464268572
1647472182.7956903 13.9883295192037 17.930308446037238 1.059695684424314
1647472182.8956904 14.058919368408228 17.972988204695184 1.059233954027447
1647472182.9956903 14.129509217612757 18.015667963353135 1.0587722236305799
1647472183.0956903 14.200099066817286 18.058347722011085 1.0583104932337128
1647472183.1956904 14.264427827992519 18.105530957119864 1.059642395097828
1647472183.2956903 14.327377358373221 18.153706245586523 1.0613694092550192
1647472183.3956904 14.390326888753926 18.20188153405318 1.0630964234122104
1647472183.4956903 14.453276419134628 18.250056822519838 1.0648234375694017
1647472183.5956903 14.518791559445765 18.30206055084885 1.0669875164051572
1647472183.6956904 14.584838136262315 18.354857296338235 1.0692421281479854
1647472183.7956903 14.650884713078865 18.407654041827616 1.0714967398908135
1647472183.8956904 14.716931289895415 18.460450787316997 1.0737513516336419
1647472183.9956903 14.782977866711967 18.513247532806382 1.07600596337647
1647472184.0956903 14.849024443528517 18.566044278295763 1.0782605751192982
1647472184.1956904 14.915071020345067 18.618841023785148 1.0805151868621266
1647472184.2956903 14.981117597161617 18.67163776927453 1.0827697986049547
1647472184.3956904 15.062203089538817 18.72742530877178 1.0859403611585405
1647472184.4956903 15.146419344995744 18.783835464136594 1.0893016040154768
1647472184.5956903 15.23063560045267 18.840245619501403 1.092662846872413
1647472184.6956904 15.314851855909595 18.89665577486621 1.0960240897293494
1647472184.7956903 15.399068111366521 18.953065930231023 1.0993853325862855
1647472184.8956904 15.483284366823447 19.009476085595832 1.1027465754432217
1647472184.9956903 15.567500622280374 19.06588624096064 1.106107818300158
1647472185.0956903 15.651716877737298 19.122296396325453 1.1094690611570943
1647472185.1956904 15.740966127498506 19.18816994847464 1.1066959793019315
1647472185.2956903 15.831258893825998 19.256005595297662 1.1026510363889068
1647472185.3956904 15.92155166015349 19.323841242120682 1.0986060934758821
1647472185.4956903 16.011844426480984 19.3916768889437 1.0945611505628574
1647472185.5956903 16.085096742092038 19.447583173328496 1.0929430734016605
1647472185.6956904 16.154805462310236 19.501008723225738 1.091829667768251
1647472185.7956903 16.224514182528434 19.55443427312298 1.0907162621348416
1647472185.8956904 16.294222902746633 19.60785982302022 1.0896028565014322
1647472185.9956903 16.354249485142947 19.64783841218048 1.09279073288963
1647472186.0956903 16.412269131598748 19.68502968419135 1.0968701889721317
1647472186.1956904 16.470288778054552 19.722220956202218 1.1009496450546332
1647472186.2956903 16.528308424510353 19.75941222821309 1.105029101137135
1647472186.3956904 16.60103898404217 19.81918758337347 1.102443086588746
1647472186.4956903 16.676820000869192 19.88364597763842 1.0984749189811345
1647472186.5956903 16.752601017696215 19.948104371903373 1.094506751373523
1647472186.6956904 16.828382034523234 20.012562766168323 1.0905385837659114
1647472186.7956903 16.902514875022757 20.077341635617202 1.088832406090624
1647472186.8956904 16.976305121919964 20.14218711975159 1.087596410680659
1647472186.9956903 17.05009536881717 20.207032603885974 1.086360415270694
1647472187.0956903 17.123885615714375 20.27187808802036 1.085124419860729
1647472187.1956904 17.194264459535077 20.316563178287563 1.0910824395770693
1647472187.2956903 17.263935371179443 20.35706459656229 1.0985333566939088
1647472187.3956904 17.33360628282381 20.397566014837018 1.1059842738107484
1647472187.4956903 17.40327719446817 20.438067433111744 1.1134351909275877
1647472187.5956903 17.482305396762477 20.482428750295334 1.115099028494494
1647472187.6956904 17.563278294351775 20.527592257720524 1.1155601561324766
1647472187.7956903 17.644251191941073 20.572755765145715 1.1160212837704593
1647472187.8956904 17.72522408953037 20.6179192725709 1.116482411408442
1647472187.9956903 17.80414712123635 20.672321056155436 1.1148889399971804
1647472188.0956903 17.882644090348677 20.72864300629009 1.11286842220841
1647472188.1956904 17.961141059461 20.784964956424744 1.1108479044196395
1647472188.2956903 18.03963802857332 20.8412869065594 1.108827386630869
1647472207.7135723 22.21072176391885 9.672368488415641 1.000385089079728
1647472207.8135722 22.16146996032968 9.594612629136739 1.0020355688720228
1647472207.9135723 22.112216285450916 9.516888767537969 1.003693927068733
1647472208.0135722 22.06180821235554 9.458904269150288 1.0102124715551175
1647472208.1135724 22.011400139260164 9.40091977076261 1.0167310160415022
1647472208.2135723 21.96099206616479 9.34293527237493 1.0232495605278866
1647472208.3135722 21.910608631663308 9.2849282518067 1.029761898641545
1647472208.4135723 21.874388058957866 9.213974935201216 1.032706663071693
1647472208.5135722 21.838167486252427 9.14302161859573 1.035651427501841
1647472208.6135724 21.801946913546985 9.072068301990246 1.038596191931989
1647472208.7135723 21.765724143879247 9.00111286841304 1.041539265648265
1647472208.8135722 21.72790656463243 8.928620691678935 1.0432550235021598
1647472208.9135723 21.690088985385614 8.85612851494483 1.044970781356055
1647472209.0135722 21.6522714061388 8.783636338210727 1.04668653920995
1647472209.1135724 21.614453826891985 8.711144161476621 1.0484022970638451
1647472209.2135723 21.549397745588415 8.626681846584498 1.0516179368649097
1647472209.3135722 21.484051206900077 8.54209188829196 1.0548495706360879
1647472209.4135723 21.418704668211742 8.457501929999424 1.0580812044072658
1647472209.5135722 21.353358129523404 8.372911971706888 1.061312838178444
1647472209.6135724 21.288011590835065 8.288322013414351 1.064544471949622
1647472209.7135723 21.22266505214673 8.203732055121813 1.0677761057208002
1647472209.8135722 21.157318513458392 8.119142096829277 1.0710077394919781
1647472209.9135723 21.092011692257252 8.034587828214601 1.0742441202938486
1647472210.0135722 21.046268261947542 7.967612997980068 1.079818715911556
1647472210.1135724 21.000524831637833 7.9006381677455355 1.0853933115292635
1647472210.2135723 20.954781401328127 7.833663337511004 1.090967907146971
1647472210.3135722 20.909038766544775 7.7666895410494785 1.0965366494890318
1647472210.4135723 20.863734719875996 7.700285682403629 1.0988783747646451
1647472210.5135722 20.81843067320722 7.63388182375778 1.1012201000402582
1647472210.6135724 20.773126626538442 7.56747796511193 1.1035618253158714
1647472210.7135723 20.727819112482877 7.501072084375827 1.1059030799303138
1647472210.8135722 20.676942930135475 7.431418700387152 1.1074884465811947
1647472210.9135723 20.62606674778807 7.361765316398476 1.1090738132320757
1647472211.0135722 20.575190565440668 7.292111932409801 1.1106591798829568
1647472211.1135724 20.524314383093262 7.222458548421125 1.1122445465338378
1647472211.2135723 20.484525551070607 7.145650841443692 1.1165848202466833
1647472211.3135722 20.44487087508785 7.068756567738209 1.1209584281115943
1647472211.4135723 20.405216199105094 6.991862294032726 1.1253320359765056
1647472211.5135722 20.365561523122338 6.914968020327244 1.1297056438414168
1647472211.6135724 20.338934137908602 6.866471168235666 1.1377939503046464
1647472211.7135723 20.312470314965122 6.818330855875256 1.145928896130337
1647472211.8135722 20.28600649202164 6.770190543514845 1.1540638419560278
1647472211.9135723 20.25954266907816 6.722050231154435 1.1621987877817186
1647472212.0135722 20.222586009663367 6.653116941096874 1.1657737837162123
1647472212.1135724 20.185621559217598 6.584168212055426 1.1693453938445013
1647472212.2135723 20.148657108771832 6.515219483013977 1.1729170039727903
1647472212.3135722 20.111692658326064 6.446270753972529 1.1764886141010793
1647472212.4135723 20.09092384679603 6.3957590847535295 1.1781274282392797
1647472212.5135722 20.070167037479624 6.345261078813381 1.1797648100270495
1647472212.6135724 20.049410228163218 6.294763072873234 1.1814021918148194
1647472212.7135723 20.028653418846815 6.244265066933087 1.1830395736025892
1647472212.8135722 19.985046146538018 6.086793460527367 1.1849401447197907
1647472212.9135723 19.94037811139755 5.924355932013983 1.1868529335963631
1647472213.0135722 19.895710076257078 5.7619184035006 1.1887657224729355
1647472213.1135724 19.85122964792074 5.599928945423587 1.190650093307593
1647472213.2135723 19.834880909099954 5.505127766872994 1.1882731712990204
1647472213.3135722 19.818532170279173 5.410326588322402 1.185896249290448
1647472213.4135723 19.80218343145839 5.3155254097718085 1.1835193272818754
1647472213.5135722 19.785849557888444 5.220839028894062 1.18114613718013
1647472213.6135724 19.77171634678201 5.143147378360739 1.1793254212586168
1647472213.7135723 19.757583135675574 5.065455727827415 1.1775047053371037
1647472213.8135722 19.74344992456914 4.987764077294091 1.1756839894155906
1647472213.9135723 19.729314535441212 4.910048854487573 1.1738592377437989
1647472214.0135722 19.71487618423697 4.829054736202362 1.1714731145304247
1647472214.1135724 19.70043783303273 4.748060617917153 1.1690869913170505
1647472214.2135723 19.685999481828492 4.667066499631942 1.1667008681036761
1647472214.3135722 19.67156453727848 4.586073686524791 1.1643254060755617
1647472214.4135723 19.65760399985945 4.505262631158934 1.1634346096373875
1647472214.5135722 19.64364346244042 4.424451575793077 1.1625438131992134
1647472214.6135724 19.62968292502139 4.34364052042722 1.161653016761039
1647472214.7135723 19.615689626775247 4.262827096388159 1.160778518486463
1647472214.8135722 19.597240070477234 4.1816914759955 1.162120961271533
1647472214.9135723 19.57879051417922 4.10055585560284 1.163463404056603
1647472215.0135722 19.56034095788121 4.01942023521018 1.164805846841673
1647472215.1135724 19.541891401583193 3.938284614817521 1.166148289626743
1647472215.2135723 19.524915291694423 3.8363576627287848 1.1641492886010576
1647472215.3135722 19.507946828267357 3.734322813861006 1.1621329471264872
1647472215.4135723 19.49097836484029 3.6322879649932274 1.1601166056519165
1647472215.5135722 19.474023172432005 3.530321944853417 1.1581153525674703
1647472215.6135724 19.458612927666763 3.4363686314100934 1.1578706166838568
1647472215.7135723 19.44320268290152 3.3424153179667693 1.1576258808002433
1647472215.8135722 19.427792438136283 3.2484620045234456 1.1573811449166298
1647472215.9135723 19.41250688472214 3.1544659769992807 1.1570961356465768
1647472216.0135722 19.410090911266597 3.056061365608756 1.1526544502124414
1647472216.1135724 19.407674937811056 2.9576567542182315 1.148212764778306
1647472216.2135723 19.40525896435551 2.8592521428277067 1.1437710793441707
1647472216.3135722 19.402852199049043 2.761121640659543 1.139345035954796
1647472216.4135723 19.401453551913743 2.6930009141415967 1.1366315006304204
1647472216.5135722 19.40005490477844 2.62488018762365 1.1339179653060445
1647472216.6135724 19.39865625764314 2.5567594611057034 1.1312044299816688
1647472216.7135723 19.397310435130986 2.4885541097179606 1.1285068159370581
1647472216.8135722 19.401492708088824 2.411492767856975 1.12747536341521
1647472216.9135723 19.40567498104666 2.334431425995989 1.1264439108933617
1647472217.0135722 19.409857254004493 2.257370084135003 1.1254124583715135
1647472217.1135724 19.414228449334395 2.1803325766312227 1.124358812166733
1647472217.2135723 19.43789623498372 2.1057295178456448 1.1210382962284675
1647472217.3135722 19.46156402063305 2.031126459060067 1.1177177802902023
1647472217.4135723 19.485231806282375 1.9565234002744887 1.114397264351937
1647472217.5135722 19.508859692437976 1.8818615739146265 1.1111104949072992
1647472217.6135724 19.528845558572524 1.8018354518670732 1.110904100524014
1647472217.7135723 19.54883142470707 1.7218093298195196 1.1106977061407284
1647472217.8135722 19.56881729084162 1.6417832077719663 1.1104913117574429
1647472217.9135723 19.588882106084284 1.561560750257609 1.1102830927498237
1647472218.0135722 19.616454495295326 1.4626679989962927 1.1099013632051515
1647472218.1135724 19.644026884506367 1.3637752477349765 1.1095196336604796
1647472218.2135723 19.67159927371741 1.2648824964736605 1.1091379041158074
1647472218.3135722 19.69924641426853 1.166208539343212 1.1087133085336083
1647472218.4135723 19.73383226634643 1.0878439085230334 1.1043097198206893
1647472218.5135722 19.768418118424325 1.0094792777028545 1.0999061311077702
1647472218.6135724 19.80300397050222 0.9311146468826759 1.0955025423948512
1647472218.7135723 19.837604745097366 0.852704301283165 1.0911018433886144
1647472218.8135722 19.87358240446098 0.7700759016979211 1.086967774539328
1647472218.9135723 19.909560063824593 0.6874475021126771 1.082833705690042
1647472219.0135722 19.945537723188206 0.6048191025274332 1.0786996368407555
1647472219.1135724 19.9816077521018 0.5220709741847269 1.074505844870116
1647472219.2135723 20.027128863330784 0.4270724197814026 1.0642012930640452
1647472219.3135722 20.072649974559763 0.3320738653780782 1.0538967412579743
1647472219.4135723 20.118171085788745 0.23707531097475387 1.0435921894519036
1647472219.5135722 20.16366387876562 0.1423642782693548 1.033357934597691
1647472219.6135724 20.206125504194375 0.07842938375474151 1.0306482203969254
1647472219.7135723 20.24858712962313 0.01449448924012825 1.0279385061961597
1647472219.8135722 20.291048755051882 -0.04944040527448504 1.025228791995394
1647472219.9135723 20.333510380480636 -0.1133752997890983 1.022519077794628
1647472220.0135722 20.375972005909386 -0.17731019430371162 1.0198093635938623
1647472220.1135724 20.41843363133814 -0.24124508881832488 1.0170996493930966
1647472220.2135723 20.460895256766893 -0.30517998333293817 1.014389935192331
1647472220.3135722 20.50343769553908 -0.369104450485407 1.0116670722386623
1647472220.4135723 20.553951673527443 -0.4320003483110135 1.0076471982351338
1647472220.5135722 20.604465651515806 -0.49489624613662 1.0036273242316054
1647472220.6135724 20.65497962950417 -0.5577921439622264 0.9996074502280768
1647472220.7135723 20.705536475858548 -0.6207697822618428 0.9955851050481659
1647472220.8135722 20.760038099855873 -0.6912692373320459 0.9913353604534464
1647472220.9135723 20.8145397238532 -0.7617686924022491 0.9870856158587268
1647472221.0135722 20.869041347850526 -0.8322681474724523 0.9828358712640072
1647472221.1135724 20.923539281150845 -0.9025843161521935 0.9786110768705609
1647472221.2135723 20.977695956730496 -0.9559530367881404 0.976693285406768
1647472221.3135722 21.03185263231015 -1.0093217574240874 0.9747754939429751
1647472221.4135723 21.086009307889803 -1.0626904780600344 0.9728577024791821
1647472221.5135722 21.14018907196578 -1.1160652281167325 0.9709546613725302
1647472221.6135724 21.19656116144047 -1.1700124906518925 0.9704522131044566
1647472221.7135723 21.252933250915163 -1.2239597531870523 0.969949764836383
1647472221.8135722 21.309305340389855 -1.2779070157222123 0.9694473165683094
1647472221.9135723 21.365712106188926 -1.3318376109772554 0.9689367260025686
1647472222.0135722 21.425380131251288 -1.3842006721108548 0.9676603638573626
1647472222.1135724 21.485048156313646 -1.436563733244454 0.9663840017121567
1647472222.2135723 21.544716181376003 -1.4889267943780535 0.9651076395669507
1647472226.1126003 24.82994087212191 -2.6651530514538435 0.8635643565096646
1647472226.2126002 24.917690705698536 -2.6753046451111686 0.8593079117369888
1647472226.3126004 25.005433633585493 -2.6854592062240177 0.8550518733159751
1647472226.4126003 25.08528691269287 -2.699004041585052 0.8512600856861173
1647472226.5126004 25.165140191800244 -2.712548876946086 0.8474682980562596
1647472226.6126003 25.24499347090762 -2.72609371230712 0.8436765104264018
1647472226.7126002 25.324846750014995 -2.739638547668154 0.839884722796544
1647472226.8126004 25.398277956527675 -2.757114297241538 0.8408575534288555
1647472226.9126003 25.47163595159738 -2.7746348591239496 0.8418847005723973
1647472227.0126004 25.544993946667084 -2.792155421006361 0.842911847715939
1647472227.1126003 25.618351941736787 -2.8096759828887725 0.8439389948594808
1647472227.2126002 25.70210377237913 -2.8199626486881133 0.8441966781071945
1647472227.3126004 25.785961468586052 -2.830175634228841 0.8444465240431488
1647472227.4126003 25.869819164792975 -2.8403886197695694 0.8446963699791031
1647472227.5126004 25.953676860999902 -2.8506016053102976 0.8449462159150575
1647472227.6126003 26.041999942540176 -2.8677420950852945 0.846714729896951
1647472227.7126002 26.13037019484092 -2.8849557645790584 0.8484992865540625
1647472227.8126004 26.218740447141666 -2.9021694340728224 0.8502838432111741
1647472227.9126003 26.30711069944241 -2.9193831035665863 0.8520683998682856
1647472228.0126004 26.39955572444243 -2.927019639141216 0.8545378732257404
1647472228.1126003 26.492043073744266 -2.9345566978771402 0.8570144607520792
1647472228.2126002 26.584530423046104 -2.9420937566130645 0.859491048278418
1647472228.3126004 26.67701777234794 -2.9496308153489887 0.8619676358047569
1647472228.4126003 26.760914389722988 -2.9552551492224386 0.8634644566911575
1647472228.5126004 26.84471858813608 -2.960858906031234 0.8649507372631133
1647472228.6126003 26.92852278654917 -2.966462662840029 0.8664370178350691
1647472228.7126002 27.01232698496226 -2.972066419648824 0.8679232984070249
1647472228.8126004 27.0978541519557 -2.9759753661960353 0.8695572438023195
1647472228.9126003 27.18339897961902 -2.9798669407000857 0.8711927027827879
1647472229.0126004 27.26894380728234 -2.983758515204136 0.8728281617632563
1647472229.1126003 27.35448863494566 -2.9876500897081866 0.8744636207437247
1647472229.2126002 27.446195351606182 -2.9915707459597196 0.8760850299044814
1647472229.3126004 27.537965024585105 -2.995491699340876 0.8777062955175495
1647472229.4126003 27.62973469756403 -2.999412652722032 0.8793275611306176
1647472229.5126004 27.721504370542952 -3.003333606103188 0.8809488267436857
1647472229.6126003 27.816256669215566 -3.0084783862820195 0.8828508243062503
1647472229.7126002 27.911039328311542 -3.013635623907247 0.8847556794653468
1647472229.8126004 28.005821987407522 -3.018792861532475 0.8866605346244434
1647472229.9126003 28.1006046465035 -3.0239500991577026 0.8885653897835399
1647472230.0126004 28.194156944449823 -3.0203537313979716 0.889413168286245
1647472230.1126003 28.287696268060603 -3.0166650556085868 0.8902497997633471
1647472230.2126002 28.381235591671384 -3.0129763798192015 0.8910864312404492
1647472230.3126004 28.474774915282165 -3.0092877040298163 0.8919230627175512
1647472230.4126003 28.54958498972132 -3.0025509765238905 0.8940414497260522
1647472230.5126004 28.624184401131956 -2.995779965112623 0.8961742536767168
1647472230.6126003 28.698783812542587 -2.9890089537013558 0.8983070576273814
1647472230.7126002 28.773383223953218 -2.982237942290088 0.900439861578046
1647472230.8126004 28.848551450055208 -2.980803239296264 0.9031304789688478
1647472230.9126003 28.923725672728157 -2.9794247928523885 0.9058269769529741
1647472231.0126004 28.998899895401106 -2.978046346408513 0.9085234749371003
1647472231.1126003 29.07407411807406 -2.9766678999646374 0.9112199729212266
1647472231.2126002 29.147549579672894 -2.9689649983511766 0.9147616544735615
1647472231.3126004 29.22100667581802 -2.9611937225028537 0.9183124733789559
1647472231.4126003 29.294463771963148 -2.9534224466545314 0.9218632922843505
1647472231.5126004 29.367920868108275 -2.9456511708062085 0.925414111189745
1647472231.6126003 29.453873207991233 -2.9156230635948037 0.9268143410644923
1647472231.7126002 29.539958851590214 -2.885357512569593 0.9281916276885569
1647472231.8126004 29.62604449518919 -2.855091961544382 0.9295689143126215
1647472231.9126003 29.712130138788172 -2.8248264105191714 0.930946200936686
1647472232.0126004 29.81279330025421 -2.7903854193759092 0.9287952330557234
1647472232.1126003 29.91360766421788 -2.755901119283871 0.9266076690341611
1647472232.2126002 30.014422028181556 -2.721416819191833 0.9244201050125989
1647472232.3126004 30.11523639214523 -2.6869325190997952 0.9222325409910367
1647472232.4126003 30.211882774000753 -2.6649247715500866 0.9238312837767049
1647472232.5126004 30.30848409340858 -2.6430519151735545 0.9254709624992434
1647472232.6126003 30.40508541281641 -2.621179058797022 0.9271106412217821
1647472232.7126002 30.501686732224236 -2.59930620242049 0.9287503199443208
1647472232.8126004 30.554203058445005 -2.5608375676708244 0.930175720884265
1647472232.9126003 30.60626128461699 -2.5221964813376894 0.9315988952011443
1647472233.0126004 30.658319510788974 -2.4835553950045544 0.9330220695180234
1647472233.1126003 30.71037773696096 -2.4449143086714193 0.9344452438349025
1647472233.2126002 30.762147484594703 -2.420459619473836 0.9321701408817283
1647472233.3126004 30.813914293953825 -2.3961494246671453 0.9298573694270749
1647472233.4126003 30.865681103312948 -2.3718392298604543 0.9275445979724214
1647472233.5126004 30.91744791267207 -2.347529035053763 0.9252318265177679
1647472233.6126003 31.009377388632025 -2.300911142654576 0.924190067840442
1647472233.7126002 31.10171822483546 -2.254064766922738 0.9231613273257483
1647472233.8126004 31.19405906103889 -2.2072183911908994 0.9221325868110545
1647472233.9126003 31.28639989724232 -2.1603720154590613 0.9211038462963607
1647472234.0126004 31.362959035557726 -2.109464899842986 0.9258106379067144
1647472234.1126003 31.439355825525116 -2.058516010875489 0.9305764316708339
1647472234.2126002 31.515752615492506 -2.0075671219079916 0.9353422254349535
1647472234.3126004 31.592149405459896 -1.9566182329404944 0.940108019199073
1647472234.4126003 31.656181913682264 -1.9108175789166042 0.948036923900416
1647472234.5126004 31.72010053188365 -1.8650643463764558 0.9559949646873354
1647472234.6126003 31.78401915008503 -1.8193111138363076 0.9639530054742547
1647472234.7126002 31.847937768286414 -1.7735578812961594 0.9719110462611741
1647472234.8126004 31.91430417184163 -1.726193001654435 0.9671817972821969
1647472234.9126003 31.98069188317395 -1.6788140927526825 0.9623421064533888
1647472235.0126004 32.04707959450627 -1.6314351838509302 0.9575024156245807
1647472235.1126003 32.1134673058386 -1.584056274949178 0.9526627247957726
1647472235.2126002 32.19418573108667 -1.52698165450321 0.958402309328897
1647472235.3126004 32.27501179932369 -1.4698342061871963 0.9642213584879777
1647472235.4126003 32.35583786756072 -1.4126867578711824 0.9700404076470583
1647472235.5126004 32.43666393579775 -1.3555393095551687 0.975859456806139
1647472235.6126003 32.50965637052792 -1.2991578738627454 0.9815521797112853
1647472235.7126002 32.58259876239065 -1.2427813316170413 0.987244095618252
1647472235.8126004 32.655541154253385 -1.1864047893713372 0.9929360115252187
1647472235.9126003 32.72848354611611 -1.1300282471256329 0.9986279274321853
1647472236.0126004 32.794026446408715 -1.0801887132189358 1.0013057027532706
1647472236.1126003 32.85950973869511 -1.0304018394213845 1.0039591970938213
1647472236.2126002 32.9249930309815 -0.980614965623833 1.006612691434372
1647472236.3126004 32.990476323267885 -0.9308280918262815 1.0092661857749228
1647472236.4126003 33.06527233865557 -0.8751689451439078 1.0128003848995966
1647472236.5126004 33.14015090279446 -0.8194577461468531 1.0163423906646398
1647472236.6126003 33.21502946693336 -0.7637465471497984 1.0198843964296833
1647472236.7126002 33.28990803107225 -0.7080353481527437 1.0234264021947266
1647472236.8126004 33.36808423426983 -0.6540239224949802 1.0262063862253124
1647472236.9126003 33.44629093604304 -0.60002821737692 1.028979322614513
1647472237.0126004 33.52449763781625 -0.5460325122588598 1.0317522590037134
1647472237.1126003 33.602704339589465 -0.4920368071407997 1.034525195392914
1647472237.2126002 33.67653845818592 -0.44644651866408824 1.037712554686229
1647472237.3126004 33.750330931970495 -0.40093628400925996 1.0409038609745311
1647472237.4126003 33.82412340575507 -0.3554260493544317 1.0440951672628336
1647472237.5126004 33.89791587953964 -0.3099158146996034 1.0472864735511358
1647472237.6126003 33.97170835332422 -0.2644055800447751 1.050477779839438
1647472237.7126002 34.04550082710879 -0.21889534538994682 1.0536690861277405
1647472237.8126004 34.11929330089336 -0.17338511073511853 1.0568603924160427
1647472237.9126003 34.19308577467794 -0.12787487608029025 1.060051698704345
1647472238.0126004 34.2791129467926 -0.07770786328226739 1.0574934009059223
1647472238.1126003 34.365254734849415 -0.02749722529628823 1.0548812402110408
1647472238.2126002 34.45139652290622 0.02271341268969093 1.0522690795161593
1647472238.3126004 34.537538310963036 0.0729240506756701 1.0496569188212777
1647472238.4126003 34.61891995064706 0.1087947160529538 1.0530159384373694
1647472238.5126004 34.700257801389995 0.14453346700933914 1.0564298873629023
1647472238.6126003 34.78159565213292 0.1802722179657245 1.0598438362884353
1647472242.9133554 38.69497506158221 0.7371529984730292 1.0415227669660647
1647472243.0133553 38.782213397847464 0.7104803096851962 1.0443610502475293
1647472243.1133554 38.869451734112715 0.683807620897363 1.0471993335289937
1647472243.2133553 38.95669007037797 0.65713493210953 1.0500376168104584
1647472243.3133554 39.04392840664322 0.6304622433216969 1.0528759000919228
1647472243.4133554 39.13116674290847 0.6037895545338638 1.0557141833733874
1647472243.5133553 39.21840514372317 0.5771167750819428 1.058552443183634
1647472243.6133554 39.30782686704372 0.5473773707362868 1.0605968117945581
1647472243.7133553 39.39724859036427 0.5176379663906308 1.0626411804054823
1647472243.8133554 39.486670313684826 0.4878985620449748 1.0646855490164064
1647472243.9133554 39.57609323524289 0.4581590397314243 1.0667294337642217
1647472244.0133553 39.68226753256971 0.4267703247333513 1.0620089060109992
1647472244.1133554 39.78844182989654 0.3953816097352783 1.0572883782577764
1647472244.2133553 39.894616127223365 0.3639928947372053 1.052567850504554
1647472244.3133554 40.00079042455019 0.33260417973913226 1.0478473227513314
1647472244.4133554 40.078886062971996 0.29362973675863735 1.0483036767569307
1647472244.5133553 40.15696948536094 0.25465199349579437 1.0487622830409569
1647472244.6133554 40.23505290774988 0.2156742502329514 1.0492208893249828
1647472244.7133553 40.313136330138825 0.17669650697010839 1.049679495609009
1647472244.8133554 40.39121975252777 0.1377187637072654 1.050138101893035
1647472244.9133554 40.46930317491671 0.09874102044442243 1.050596708177061
1647472245.0133553 40.54738659730565 0.05976327718157942 1.0510553144610872
1647472245.1133554 40.62547004316678 0.020785522192802212 1.051513915275546
1647472245.2133553 40.7158596180249 -0.024339971556663075 1.0491049006070425
1647472245.3133554 40.80624919288302 -0.06946546530612835 1.0466958859385391
1647472245.4133554 40.896638767741145 -0.11459095905559365 1.0442868712700357
1647472245.5133553 40.98702834259926 -0.15971645280505894 1.0418778566015323
1647472245.6133554 41.070145388067424 -0.21276882461806684 1.0427778127708252
1647472245.7133553 41.153258242004036 -0.2658257650973189 1.0436796760696647
1647472245.8133554 41.23637109594065 -0.31888270557657095 1.0445815393685043
1647472245.9133554 41.31948394987725 -0.37193964605582297 1.045483402667344
1647472246.0133553 41.390424966653164 -0.42046425628356443 1.0456887633700116
1647472246.1133554 41.461361657924286 -0.4689872558574717 1.0458938765566081
1647472246.2133553 41.53229834919541 -0.517510255431379 1.0460989897432045
1647472246.3133554 41.60323504046654 -0.5660332550052862 1.046304102929801
1647472246.4133554 41.6650619489032 -0.6143390700873156 1.0474645007561771
1647472246.5133553 41.72688726285586 -0.6626448471555738 1.0486250657858895
1647472246.6133554 41.78871257680852 -0.7109506242238322 1.049785630815602
1647472246.7133553 41.850537890761174 -0.7592564012920904 1.0509461958453143
1647472246.8133554 41.9085054186239 -0.8149719008527826 1.0536957753521317
1647472246.9133554 41.966471973126716 -0.8706892699642067 1.0564457557839746
1647472247.0133553 42.02443852762953 -0.9264066390756308 1.0591957362158173
1647472247.1133554 42.08240508213235 -0.982124008187055 1.0619457166476602
1647472247.2133553 42.14627586010096 -1.0553024726306475 1.0642695855944948
1647472247.3133554 42.21014707729727 -1.1284822360421551 1.0665934228419924
1647472247.4133554 42.27401829449359 -1.2016619994536626 1.0689172600894898
1647472247.5133553 42.3378895116899 -1.2748417628651703 1.0712410973369875
1647472247.6133554 42.40128625704945 -1.3729939038259662 1.0723737485924785
1647472247.7133553 42.4646827946244 -1.4711569808950602 1.0735058781940348
1647472247.8133554 42.528079332199354 -1.5693200579641542 1.074638007795591
1647472247.9133554 42.59147586977431 -1.6674831350332482 1.0757701373971473
1647472248.0133553 42.64593114170448 -1.76927960001008 1.0755943483847397
1647472248.1133554 42.70037928786912 -1.871078960625108 1.0754175170230997
1647472248.2133553 42.754827434033764 -1.972878321240136 1.0752406856614598
1647472248.3133554 42.8092755801984 -2.074677681855164 1.0750638542998197
1647472248.4133554 42.84848071029312 -2.1647665986417457 1.0738845537990975
1647472248.5133553 42.887680227088715 -2.2548512030124797 1.0727048841352707
1647472248.6133554 42.92687974388431 -2.344935807383214 1.0715252144714436
1647472248.7133553 42.966079149359324 -2.435020297183013 1.070345535851729
1647472248.8133554 42.99629959207127 -2.5158636549744124 1.068443487826401
1647472248.9133554 43.02652003478321 -2.596707012765812 1.0665414398010733
1647472249.0133553 43.056740477495154 -2.6775503705572112 1.0646393917757453
1647472249.1133554 43.08696543214433 -2.7584010356164157 1.0627345133692687
1647472249.2133553 43.12106542306551 -2.845527481192058 1.0583987878472294
1647472257.1945941 40.78796524257364 -9.512495650695577 0.9064806412587109
1647472257.294594 40.71585036688921 -9.570632096342758 0.9063377820943044
1647472257.3945942 40.64373549120477 -9.628768541989938 0.9061949229298979
1647472257.494594 40.57162061552033 -9.686904987637119 0.9060520637654914
1647472257.5945942 40.49776555406581 -9.741058707694695 0.905409418564376
1647472257.6945941 40.42349448168204 -9.794260312523006 0.9046472939047292
1647472257.794594 40.349223409298276 -9.84746191735132 0.9038851692450826
1647472257.8945942 40.2749523369145 -9.90066352217963 0.9031230445854358
1647472257.994594 40.20646117398724 -9.954572016074446 0.9037445378657949
1647472258.0945942 40.139353464650725 -10.008649707813046 0.9046972078231802
1647472258.1945941 40.072245755314206 -10.062727399551644 0.9056498777805655
1647472258.294594 40.00513804597768 -10.116805091290244 0.9066025477379509
1647472258.3945942 39.94223904237038 -10.171369303297089 0.907607439390907
1647472258.494594 39.88034500344914 -10.226049687761714 0.9086248006635685
1647472258.5945942 39.818450964527905 -10.28073007222634 0.9096421619362299
1647472258.6945941 39.75655692560667 -10.335410456690965 0.9106595232088914
1647472258.794594 39.665667738492445 -10.39976101789941 0.9058305507226246
1647472258.8945942 39.567842775043204 -10.466424731038268 0.8996031076004454
1647472258.994594 39.47001781159397 -10.533088444177128 0.8933756644782662
1647472259.0945942 39.37219284814473 -10.599752157315987 0.887148221356087
1647472259.1945941 39.29196092479498 -10.658268421729145 0.8871493352315987
1647472259.294594 39.2159381384331 -10.714835408041747 0.8886406321278864
1647472259.3945942 39.139915352071235 -10.771402394354347 0.8901319290241739
1647472259.494594 39.06389256570936 -10.827969380666948 0.8916232259204615
1647472259.5945942 39.00089982061051 -10.878291555005081 0.8943824610359972
1647472259.6945941 38.94101809534127 -10.927122733766714 0.8974444258868558
1647472259.794594 38.88113637007203 -10.975953912528347 0.9005063907377144
1647472259.8945942 38.821254644802785 -11.024785091289981 0.9035683555885731
1647472259.994594 38.75061844208066 -11.07083804485441 0.8993780105158548
1647472260.0945942 38.677401475330726 -11.116224304599317 0.8934473204890298
1647472260.1945941 38.6041845085808 -11.161610564344222 0.8875166304622046
1647472260.294594 38.530967541830876 -11.206996824089128 0.8815859404353796
1647472260.3945942 38.44493859623785 -11.259460018933277 0.8824824749677164
1647472260.494594 38.35606566806717 -11.313494140514967 0.8848945058911867
1647472260.5945942 38.26719273989648 -11.367528262096657 0.8873065368146571
1647472260.6945941 38.1783198117258 -11.421562383678348 0.8897185677381274
1647472260.794594 38.10667178879428 -11.475171867238563 0.8929527272992329
1647472260.8945942 38.0388401749421 -11.528687266542402 0.8963690405008659
1647472260.994594 37.97100856108992 -11.582202665846243 0.8997853537024987
1647472261.0945942 37.90317694723774 -11.635718065150082 0.9032016669041315
1647472261.1945941 37.83388435994473 -11.689031814066624 0.8989592410375904
1647472261.294594 37.76426818662973 -11.742300900126994 0.8930205071894066
1647472261.3945942 37.69465201331472 -11.795569986187363 0.887081773341223
1647472261.494594 37.62503583999972 -11.848839072247731 0.8811430394930392
1647472261.5945942 37.609871713314206 -11.853184083253824 0.8795804745251374
1647472261.6945941 37.606686227231975 -11.846766525206988 0.8789806016410219
1647472261.794594 37.603500741149745 -11.84034896716015 0.8783807287569063
1647472261.8945942 37.600315255067514 -11.833931409113314 0.8777808558727909
1647472261.994594 37.60000516319221 -11.832898048483306 0.8776563122555169
1647472262.0945942 37.60037626130576 -11.83314022126347 0.8776443756460754
1647472262.1945941 37.600747359419316 -11.833382394043634 0.877632439036634
1647472262.294594 37.60111845753287 -11.833624566823797 0.8776205024271926
1647472262.3945942 37.60148955564642 -11.83386673960396 0.8776085658177512
1647472262.494594 37.60186065375997 -11.834108912384124 0.8775966292083097
1647472262.5945942 37.602231751873525 -11.834351085164288 0.8775846925988683
1647472262.6945941 37.60260284998707 -11.834593257944453 0.8775727559894269
1647472262.794594 37.5908963654934 -11.835987616847255 0.8777981242044645
1647472262.8945942 37.57634948105046 -11.837652946316828 0.8780793016516418
1647472262.994594 37.56180259660751 -11.8393182757864 0.8783604790988191
1647472263.0945942 37.54725571216456 -11.840983605255971 0.8786416565459964
1647472263.1945941 37.4882882588329 -11.874957639096024 0.8809700278684481
1647472263.294594 37.41798814037514 -11.917174334758048 0.8838206834213168
1647472263.3945942 37.34768802191737 -11.959391030420074 0.8866713389741855
1647472263.494594 37.2773879034596 -12.001607726082097 0.8895219945270542
1647472263.5945942 37.219278247720744 -12.045926824201121 0.892875099216556
1647472263.6945941 37.164277887408566 -12.09078216040194 0.8963563584182113
1647472263.794594 37.10927752709639 -12.135637496602756 0.8998376176198667
1647472263.8945942 37.0542771667842 -12.180492832803573 0.9033188768215221
1647472263.994594 37.0050182497625 -12.227207389611362 0.902737481960796
1647472264.0945942 36.95722966487205 -12.274398076141111 0.9011156778329386
1647472264.1945941 36.90944107998161 -12.321588762670858 0.8994938737050812
1647472264.294594 36.861652495091164 -12.368779449200606 0.8978720695772238
1647472264.3945942 36.807170477127976 -12.416754512303305 0.8981266290082335
1647472264.494594 36.75109640107773 -12.464916142307132 0.8988274885285552
1647472264.5945942 36.69502232502748 -12.513077772310957 0.8995283480488768
1647472264.6945941 36.63894824897723 -12.561239402314783 0.9002292075691986
1647472264.794594 36.58399320620257 -12.619075991058429 0.9012787246323575
1647472264.8945942 36.52930584966453 -12.679226946453094 0.9024116447788233
1647472264.994594 36.474618493126485 -12.739377901847758 0.9035445649252892
1647472265.0945942 36.419931136588445 -12.799528857242423 0.9046774850717552
1647472265.1945941 36.371188583555465 -12.856309163185974 0.9042535486738285
1647472307.9964907 43.27849918517447 -4.871635728454005 0.9732176583624627
1647472308.0964906 43.218206063469204 -4.811430384801942 0.9757624283303373
1647472308.1964908 43.157912941763946 -4.751225041149879 0.9783071982982119
1647472308.2964907 43.09761982005868 -4.691019697497817 0.9808519682660864
1647472308.3964908 43.04251968682874 -4.632493237119847 0.9850278589691833
1647472308.4964907 42.9885020628289 -4.574316749912257 0.9895437664583123
1647472308.5964906 42.93448443882906 -4.516140262704669 0.9940596739474413
1647472308.6964908 42.88046681482921 -4.45796377549708 0.9985755814365703
1647472308.7964907 42.824824831617896 -4.387417197362773 1.0043564153225548
1647472308.8964908 42.76884460638833 -4.314294782251393 1.0104006461557082
1647472308.9964907 42.71286438115876 -4.241172367140012 1.0164448769888617
1647472309.0964906 42.656884155929184 -4.168049952028631 1.0224891078220149
1647472309.1964908 42.595307736088905 -4.117292419021229 1.0241932643620208
1647472309.2964907 42.53256253821926 -4.071205842735449 1.024990986470686
1647472309.3964908 42.469817340349614 -4.02511926644967 1.0257887085793516
1647472309.4964907 42.40707214247997 -3.979032690163891 1.0265864306880168
1647472309.5964906 42.34846528316817 -3.902493809211668 1.0308110435856166
1647472309.6964908 42.290722341822416 -3.8195977168468187 1.0357510528866043
1647472309.7964907 42.23297940047667 -3.7367016244819693 1.0406910621875918
1647472309.8964908 42.17523645913092 -3.6538055321171203 1.0456310714885793
1647472309.9964907 42.10671715177719 -3.554663077002845 1.044227300739808
1647472310.0964906 42.03595611298657 -3.452141005598293 1.0415038781570372
1647472310.1964908 41.96519507419594 -3.3496189341937415 1.0387804555742666
1647472310.2964907 41.89443403540532 -3.2470968627891894 1.0360570329914958
1647472310.3964908 41.829116691832425 -3.176755911693978 1.0361644886104313
1647472310.4964907 41.7649320534842 -3.1131110965233835 1.036860983549392
1647472310.5964906 41.70074741513598 -3.049466281352789 1.0375574784883528
1647472310.6964908 41.636562776787756 -2.9858214661821942 1.0382539734273135
1647472310.7964907 41.58491058775556 -2.9124603153531328 1.037601937849813
1647472310.8964908 41.53586861082631 -2.8370754821382524 1.0366690353334964
1647472310.9964907 41.48682663389706 -2.7616906489233717 1.0357361328171797
1647472311.0964906 41.43778465696781 -2.6863058157084914 1.0348032303008632
1647472311.1964908 41.3916913924225 -2.612526662460602 1.0346902587790696
1647472311.2964907 41.34621151951563 -2.539081523025362 1.0347478494385454
1647472311.3964908 41.30073164660876 -2.465636383590122 1.0348054400980211
1647472311.4964907 41.25525177370189 -2.392191244154882 1.0348630307574966
1647472311.5964906 41.19978460718119 -2.3116572443922805 1.0353426524626983
1647472311.6964908 41.14223479286006 -2.229645006386251 1.0359102801946654
1647472311.7964907 41.08468497853893 -2.1476327683802214 1.0364779079266324
1647472311.8964908 41.027135164217796 -2.065620530374192 1.0370455356585995
1647472311.9964907 40.971542322711635 -1.979909751777 1.0380252567841342
1647472312.0964906 40.91635790493803 -1.893427081132189 1.039090982539206
1647472312.1964908 40.86117348716442 -1.8069444104873782 1.040156708294278
1647472312.2964907 40.80598906939082 -1.7204617398425672 1.0412224340493497
1647472312.3964908 40.754496111853186 -1.6371723851514874 1.0403051790189652
1647472312.4964907 40.70377010482916 -1.5545464847994155 1.0389759330596082
1647472312.5964906 40.653044097805136 -1.4719205844473433 1.0376466871002514
1647472312.6964908 40.60231809078112 -1.3892946840952713 1.0363174411408944
1647472312.7964907 40.5516597128352 -1.3090972550746331 1.0345446289943088
1647472312.8964908 40.501015582463424 -1.2294114377198189 1.0326783697343007
1647472312.9964907 40.450371452091645 -1.1497256203650046 1.0308121104742929
1647472313.0964906 40.39972732171986 -1.0700398030101905 1.028945851214285
1647472313.1964908 40.351760067096066 -0.984406821679791 1.0273385745937533
1647472313.2964907 40.30432659419784 -0.8975879476341603 1.0257829403403715
1647472313.3964908 40.25689312129961 -0.8107690735885296 1.0242273060869898
1647472313.4964907 40.209459648401385 -0.7239501995428989 1.0226716718336077
1647472313.5964906 40.16467978959635 -0.6440128799074134 1.0232670009132663
1647472313.6964908 40.12042827694739 -0.5654457078113884 1.0242905961872442
1647472313.7964907 40.07617676429844 -0.48687853571536344 1.025314191461222
1647472313.8964908 40.03192525164948 -0.40831136361933845 1.0263377867352
1647472313.9964907 39.98767373900053 -0.32974419152331347 1.0273613820091778
1647472314.0964906 39.94342222635157 -0.25117701942728854 1.0283849772831557
1647472314.1964908 39.89917071370262 -0.1726098473312635 1.0294085725571336
1647472314.2964907 39.85491920105366 -0.09404267523523857 1.0304321678311115
1647472314.3964908 39.81617008197761 -0.0178543871003137 1.0322728147409572
1647472314.4964907 39.77852686273379 0.057855780496951434 1.0342776769609336
1647472314.5964906 39.74088364348997 0.13356594809421657 1.03628253918091
1647472314.6964908 39.70324042424616 0.2092761156914817 1.0382874014008865
1647472314.7964907 39.65546275122985 0.29348326256864976 1.0388267167111478
1647472314.8964908 39.605650174950775 0.3793965231889396 1.03907176394784
1647472314.9964907 39.5558375986717 0.4653097838092295 1.0393168111845321
1647472315.0964906 39.506025022392635 0.5512230444295194 1.0395618584212243
1647472315.1964908 39.45710615295892 0.6281319244435392 1.039165344092223
1647472315.2964907 39.40836731061922 0.7032269742487813 1.0386395944721423
1647472315.3964908 39.35962846827952 0.7783220240540236 1.0381138448520613
1647472315.4964907 39.31088962593981 0.8534170738592658 1.0375880952319805
1647472315.5964906 39.27540098849926 0.9285157609708771 1.0433979086828822
1647472315.6964908 39.242579420845594 1.0036151802183304 1.0504829770432902
1647472315.7964907 39.20975785319194 1.0787145994657839 1.0575680454036982
1647472315.8964908 39.176936285538275 1.1538140187132373 1.0646531137641062
1647472315.9964907 39.1407541931698 1.2229269063994854 1.0685213114401162
1647472316.0964906 39.10389406459182 1.290831921651447 1.071740457259534
1647472316.1964908 39.06703393601384 1.3587369369034086 1.0749596030789517
1647472316.2964907 39.030173807435865 1.42664195215537 1.0781787488983694
1647472316.3964908 38.99340674087767 1.506688943153476 1.0840098563831138
1647472316.4964907 38.95665836881081 1.589175039395484 1.0903656601387093
1647472316.5964906 38.919909996743954 1.6716611356374917 1.0967214638943046
1647472316.6964908 38.88316162467709 1.7541472318794995 1.1030772676499
1647472316.7964907 38.84641325261023 1.8366333281215073 1.1094330714054956
1647472316.8964908 38.80966488054337 1.919119424363515 1.115788875161091
1647472316.9964907 38.77291650847652 2.0016055206055228 1.1221446789166865
1647472317.0964906 38.73616813640966 2.0840916168475307 1.128500482672282
1647472317.1964908 38.69570010129333 2.1725165258248103 1.1354022206561474
1647472317.2964907 38.654484266733576 2.2621353711342276 1.142413713020079
1647472317.3964908 38.61326843217382 2.351754216443645 1.1494252053840108
1647472317.4964907 38.57205259761407 2.4413730617530627 1.1564366977479426
1647472317.5964906 38.525294595264505 2.529996732148092 1.1599340667602962
1647472317.6964908 38.477424638671096 2.618420735371106 1.1627263787403859
1647472317.7964907 38.42955468207768 2.7068447385941203 1.1655186907204758
1647472317.8964908 38.38168472548427 2.795268741817135 1.1683110027005656
1647472317.9964907 38.328922238404445 2.885601196328156 1.1689489501714645
1647472318.0964906 38.27518570428652 2.976313601731579 1.1691579882313812
1647472318.1964908 38.221449170168604 3.067026007135002 1.1693670262912976
1647472318.2964907 38.16771263605069 3.157738412538426 1.1695760643512143
1647472318.3964908 38.11588084925493 3.242777032191952 1.1689498373535683
1647472318.4964907 38.06443127953191 3.3266771187941946 1.1681560014759722
1647472318.5964906 38.012981709808884 3.410577205396437 1.1673621655983761
1647472318.6964908 37.96153214008586 3.4944772919986793 1.16656832972078
1647472318.7964907 37.91008257036283 3.578377378600922 1.1657744938431838
1647472318.8964908 37.85863300063981 3.6622774652031644 1.1649806579655877
1647472318.9964907 37.80718343091679 3.746177551805407 1.1641868220879916
1647472319.0964906 37.75573386119376 3.8300776384076496 1.1633929862103956
1647472319.1964908 37.7104366720016 3.902368517360631 1.1635539036840994
1647472319.2964907 37.66638222045147 3.972314417932078 1.163907674626889
1647472319.3964908 37.622327768901336 4.0422603185035255 1.1642614455696787
1647472319.4964907 37.578273317351204 4.112206219074973 1.1646152165124681
1647472319.5964906 37.5330600427266 4.1858907545260955 1.1659602080753038
1647472319.6964908 37.48761368163397 4.260327281561235 1.1675045744335308
1647472319.7964907 37.44216732054134 4.3347638085963744 1.169048940791758
1647472319.8964908 37.3967209594487 4.409200335631514 1.1705933071499852
1647472319.9964907 37.35127459835606 4.483636862666653 1.1721376735082123
1647472320.0964906 37.30582823726343 4.558073389701792 1.1736820398664394
1647472320.1964908 37.2603818761708 4.632509916736932 1.1752264062246665
1647472320.2964907 37.21493551507816 4.706946443772071 1.1767707725828938
1647472320.3964908 37.170250539226195 4.78988921331348 1.1808473636110468
1647472320.4964907 37.125718300021894 4.874538366030119 1.1854319281150891
1647472320.5964906 37.081186060817586 4.9591875187467584 1.1900164926191312
1647472320.6964908 37.03665382161328 5.043836671463397 1.1946010571231735
1647472320.7964907 36.985485116684764 5.133228336061737 1.1961192807991938
1647472320.8964908 36.93299432981129 5.223564779039585 1.1970266441145472
1647472320.9964907 36.8805035429378 5.313901222017434 1.1979340074299005
1647472321.0964906 36.82801275606432 5.404237664995283 1.1988413707452539
1647472321.1964908 36.77151940286567 5.4945442436010525 1.196592396547888
1647472321.2964907 36.714218951515306 5.584844800200552 1.1937069621483005
1647472321.3964908 36.65691850016494 5.675145356800052 1.1908215277487133
1647472321.4964907 36.59961804881458 5.765445913399551 1.1879360933491259
1647472321.5964906 36.54500021416246 5.851848601015353 1.1844358461969973
1647472321.6964908 36.490921353969696 5.937468153332879 1.1808120747370072
1647472321.7964907 36.43684249377693 6.023087705650404 1.1771883032770172
1647472321.8964908 36.38276363358417 6.10870725796793 1.1735645318170271
1647472321.9964907 36.33059804374637 6.181813956357448 1.17063804678478
1647472322.0964906 36.27881693114345 6.2524061604067915 1.1678516834854424
1647472322.1964908 36.22703581854054 6.322998364456136 1.165065320186105
1647472339.995579 26.759607391611528 19.290793766900762 1.22631343692149
1647472340.095579 26.688883495160837 19.354933697320327 1.2256791314819675
1647472340.195579 26.61815959871015 19.419073627739888 1.2250448260424451
1647472340.295579 26.54743570225946 19.48321355815945 1.2244105206029225
1647472340.395579 26.47671180580877 19.547353488579013 1.2237762151634
1647472340.495579 26.40598790935808 19.611493418998574 1.2231419097238774
1647472340.595579 26.33526401290739 19.675633349418135 1.2225076042843548
1647472340.695579 26.2645401164567 19.7397732798377 1.2218732988448322
1647472340.795579 26.20917087353767 19.798474390903163 1.2262116129787641
1647472340.895579 26.157130917346233 19.855996225011832 1.2316281198777213
1647472340.995579 26.1050909611548 19.913518059120502 1.2370446267766781
1647472341.095579 26.05305100496337 19.971039893229175 1.2424611336756353
1647472341.195579 25.989760134270593 20.022014997860023 1.244068081663798
1647472341.295579 25.924031028767015 20.071571332158218 1.2448494435052533
1647472341.395579 25.85830192326344 20.121127666456417 1.245630805346709
1647472341.495579 25.79257281775986 20.170684000754612 1.2464121671881643
1647472341.595579 25.731664766358396 20.225624817222744 1.2490148534866172
1647472341.695579 25.67179933619574 20.281730104230196 1.2520114269975775
1647472341.795579 25.611933906033084 20.337835391237643 1.2550080005085378
1647472341.895579 25.552068475870428 20.393940678245094 1.258004574019498
1647472341.995579 25.478497980479883 20.463992346898376 1.261833894220419
1647472342.095579 25.401957700462184 20.537066091632838 1.2658436643701025
1647472342.195579 25.325417420444484 20.610139836367296 1.269853434519786
1647472342.295579 25.248877140426785 20.683213581101757 1.2738632046694693
1647472342.395579 25.172256047074523 20.75016346323484 1.2750798755963426
1647472342.495579 25.095617447099727 20.815786730749373 1.2756914764063252
1647472342.595579 25.01897884712493 20.88140999826391 1.2763030772163078
1647472342.695579 24.942340247150135 20.94703326577844 1.27691467802629
1647472342.795579 24.871110086937545 21.013678732146357 1.2785998394981466
1647472342.895579 24.801049734852864 21.080545293059025 1.2805172047188256
1647472342.995579 24.730989382768186 21.14741185397169 1.2824345699395046
1647472343.095579 24.660929030683505 21.214278414884358 1.2843519351601835
1647472343.195579 24.590436259079205 21.277870274062906 1.2836669356923875
1647472343.295579 24.519849928532246 21.340753613810993 1.282418884656348
1647472343.395579 24.449263597985286 21.403636953559083 1.2811708336203085
1647472343.495579 24.378677267438327 21.46652029330717 1.2799227825842687
1647472343.595579 24.304426099762164 21.532237392558084 1.2781875872572706
1647472343.695579 24.229376470228857 21.598571885923814 1.2763462572995798
1647472343.795579 24.15432684069555 21.664906379289548 1.274504927341889
1647472343.895579 24.079277211162243 21.731240872655277 1.2726635973841982
1647472343.995579 24.007255390750796 21.79967435030169 1.2704545874970539
1647472344.095579 23.93589231524509 21.86856449319564 1.2681655833729133
1647472344.195579 23.864529239739387 21.937454636089598 1.265876579248773
1647472344.295579 23.793166164233686 22.00634477898355 1.2635875751246326
1647472344.395579 23.72525931192758 22.066601204971523 1.2631388099499645
1647472344.495579 23.658098707961514 22.124993487199863 1.2630873788541463
1647472344.595579 23.590938103995445 22.183385769428202 1.2630359477583284
1647472344.695579 23.523777500029375 22.241778051656546 1.2629845166625102
1647472344.795579 23.456561422013422 22.30041865821167 1.2613397671555457
1647472344.895579 23.389333360797767 22.35911290642455 1.2593508377528466
1647472344.995579 23.322105299582116 22.417807154637426 1.2573619083501475
1647472345.095579 23.25487723836646 22.476501402850303 1.2553729789474481
1647472345.195579 23.18871491059945 22.533564865784985 1.2550335885040285
1647472345.295579 23.12278258034153 22.590276386540953 1.2550501874989233
1647472345.395579 23.056850250083603 22.64698790729692 1.2550667864938183
1647472345.495579 22.99091791982568 22.70369942805289 1.2550833854887131
1647472345.595579 22.91577121927536 22.764271711372597 1.252933744073941
1647472345.695579 22.838652864829317 22.825670105138016 1.2503205792487502
1647472345.795579 22.761534510383274 22.88706849890344 1.2477074144235594
1647472345.895579 22.684416155937235 22.94846689266886 1.2450942495983686
1647472345.995579 22.607297801491193 23.00986528643428 1.242481084773178
1647472346.095579 22.53017944704515 23.071263680199703 1.2398679199479872
1647472346.195579 22.453061092599107 23.132662073965125 1.2372547551227964
1647472346.295579 22.375942738153064 23.194060467730544 1.2346415902976056
1647472346.395579 22.303655084532473 23.251995925599488 1.2328403874920897
1647472346.495579 22.232402541530565 23.309189354134013 1.2312131698988453
1647472346.595579 22.16114999852866 23.366382782668538 1.2295859523056012
1647472346.695579 22.089897455526753 23.423576211203063 1.2279587347123568
1647472346.795579 22.020779633942084 23.477033153305992 1.2267381176277519
1647472346.895579 21.952118960547327 23.529689931043183 1.2256045735846415
1647472346.995579 21.88345828715257 23.582346708780378 1.224471029541531
1647472347.095579 21.814797613757815 23.635003486517572 1.2233374854984207
1647472347.195579 21.74560193690215 23.69187979245952 1.2217676195630913
1647472347.295579 21.676291623085717 23.74966023066342 1.2201042614930468
1647472347.395579 21.606981309269287 23.807440668867322 1.2184409034230026
1647472347.495579 21.537670995452853 23.865221107071225 1.2167775453529581
1647472347.595579 21.47000396807696 23.923615961092256 1.216697767895957
1647472347.695579 21.402689205639643 23.98214252504818 1.216957456470947
1647472347.795579 21.33537444320233 24.0406690890041 1.2172171450459373
1647472347.895579 21.268059680765017 24.099195652960024 1.2174768336209274
1647472347.995579 21.200937495403867 24.15709630430716 1.2183713477305225
1647472348.095579 21.133860185136932 24.214851102950288 1.2194137914703853
1647472348.195579 21.066782874869997 24.272605901593415 1.220456235210248
1647472348.295579 20.99970556460306 24.33036070023654 1.2214986789501106
1647472348.395579 20.93044237318496 24.389875288651293 1.2218957567002418
1647472348.495579 20.86071026624255 24.449767387409178 1.2221543904497547
1647472348.595579 20.79097815930014 24.509659486167067 1.222413024199268
1647472348.695579 20.721246052357728 24.56955158492495 1.2226716579487809
1647472348.795579 20.65048717029481 24.629608990440573 1.2230234983611505
1647472348.895579 20.57950738337546 24.689701960769614 1.2233953916595561
1647472348.995579 20.508527596456116 24.749794931098656 1.2237672849579617
1647472349.095579 20.437547809536767 24.809887901427697 1.2241391782563673
1647472349.195579 20.368004388793835 24.865221814962187 1.2248453613366543
1647472349.295579 20.29876863190211 24.91953635769447 1.225623147942143
1647472349.395579 20.229532875010385 24.97385090042675 1.2264009345476319
1647472349.495579 20.160297118118656 25.028165443159033 1.2271787211531207
1647472349.595579 20.08954354533776 25.08267121754792 1.227461042302007
1647472349.695579 20.018436353139222 25.137221544920813 1.2276279303423885
1647472349.795579 19.947329160940683 25.19177187229371 1.22779481838277
1647472349.895579 19.876221968742147 25.246322199666608 1.2279617064231514
1647472349.995579 19.80496266740056 25.30190350274243 1.2280324272500793
1647472350.095579 19.733667933647784 25.357724962026474 1.228080746818401
1647472350.195579 19.66237319989501 25.413546421310517 1.2281290663867228
1647472350.295579 19.59107846614224 25.46936788059456 1.2281773859550444
1647472350.395579 19.520867387091457 25.52431971023859 1.2294502474659614
1647472350.495579 19.450909314495515 25.57906850296335 1.2310090091027501
1647472350.595579 19.380951241899574 25.63381729568811 1.2325677707395386
1647472350.695579 19.310993169303632 25.68856608841287 1.2341265323763273
1647472350.795579 19.241308108650195 25.744863351224808 1.235680826174867
1647472350.895579 19.171686873108804 25.801522617529717 1.2372340754759603
1647472350.995579 19.10206563756741 25.85818188383463 1.2387873247770538
1647472351.095579 19.03244440202602 25.914841150139537 1.240340574078147
1647472351.195579 18.96282316648463 25.971500416444446 1.2418938233792403
1647472351.295579 18.893201930943235 26.028159682749354 1.2434470726803337
1647472351.395579 18.823580695401844 26.084818949054263 1.245000321981427
1647472351.495579 18.75395945986045 26.14147821535917 1.2465535712825202
1647472351.595579 18.681176436173235 26.203147242289102 1.2480931258857413
1647472351.695579 18.607656323397077 26.26598416527171 1.2496294879245298
1647472351.795579 18.534136210620915 26.328821088254315 1.2511658499633183
1647472351.895579 18.460616097844756 26.391658011236924 1.2527022120021067
1647472351.995579 18.387095985068598 26.454494934219532 1.2542385740408954
1647472352.095579 18.313575872292436 26.517331857202137 1.255774936079684
1647472352.195579 18.240055759516277 26.580168780184746 1.2573112981184724
1647472352.295579 18.16653564674012 26.643005703167354 1.258847660157261
1647472352.395579 18.0981901605826 26.70485412578512 1.2604277130387114
1647472352.495579 18.03104933176518 26.766472424703544 1.2620179371843299
1647472352.595579 17.963908502947756 26.828090723621965 1.2636081613299481
1647472352.695579 17.896767674130338 26.88970902254039 1.2651983854755666
1647472352.795579 17.836406207386105 26.947174591157435 1.2670806705289324
1647472352.895579 17.7774960330623 27.00375116373836 1.2690254785420017
1647472352.995579 17.718585858738493 27.060327736319287 1.2709702865550707
1647472353.095579 17.659675684414687 27.116904308900217 1.2729150945681398
1647472353.195579 17.593845442930252 27.16707446959546 1.2734115755382687
1647472353.295579 17.5265464288726 27.215884880182497 1.273600651538425
1647472353.395579 17.459247414814946 27.264695290769538 1.2737897275385814
1647472353.495579 17.391948400757293 27.313505701356576 1.2739788035387378
1647472353.595579 17.31843367447219 27.357931864873596 1.2741680476434485
1647472353.695579 17.24349603384283 27.401354377028323 1.274357330231019
1647472353.795579 17.168558393213477 27.444776889183053 1.2745466128185896
1647472353.895579 17.09362075258412 27.48819940133778 1.27473589540616
1647472353.995579 17.011365534093944 27.536143929210013 1.274977817483647
1647472354.095579 16.927449565121567 27.585114744731815 1.275231686281746
1647472354.195579 16.843533596149193 27.63408556025362 1.2754855550798454
1647472354.295579 16.759617627176816 27.683056375775426 1.2757394238779445
1647472354.395579 16.67487600143744 27.725775338932973 1.2749819073551893
1647472354.495579 16.58994843580952 27.76708636991068 1.2739966244271372
1647472354.595579 16.505020870181603 27.80839740088838 1.273011341499085
1647472354.695579 16.420093304553685 27.849708431866084 1.2720260585710328
1647472354.795579 16.341282662245586 27.888160148861278 1.2722566350541578
1647472354.895579 16.263860734262458 27.925962720840346 1.272763245957394
1647472354.995579 16.18643880627933 27.963765292819414 1.2732698568606307
1647472355.095579 16.109016878296202 28.00156786479848 1.2737764677638672
1647472355.195579 16.022251828849672 28.040269451360444 1.2726459453578651
1647472355.295579 15.933341785439579 28.07917743370363 1.2711395698625476
1647472355.395579 15.844431742029485 28.118085416046817 1.26963319436723
1647472355.495579 15.755521698619392 28.156993398390004 1.2681268188719126
1647472355.595579 15.660777455922279 28.199206776680118 1.2644632409853769
1647472355.695579 15.564692632427052 28.24217966799312 1.2603039816932113
1647472355.795579 15.468607808931825 28.285152559306123 1.2561447224010458
1647472355.895579 15.3725229854366 28.328125450619126 1.2519854631088805
1647472355.995579 15.276787654419191 28.36938387300743 1.2460902176452944
1647472356.095579 15.181132437475169 28.410249288112418 1.2397970325053005
1647472356.195579 15.085477220531144 28.451114703217403 1.2335038473653064
1647472356.295579 14.98982200358712 28.49198011832239 1.2272106622253123
1647472356.395579 14.90693348561195 28.52780396807013 1.223574542660422
1647472356.495579 14.826977152351443 28.562469899007805 1.2205486832014678
1647472356.595579 14.747020819090936 28.59713582994548 1.2175228237425133
1647472356.695579 14.66706448583043 28.631801760883153 1.2144969642835588
1647472356.795579 14.587846720103137 28.665368976462606 1.2109356250174463
1647472356.895579 14.508798825241985 28.69868348701354 1.2072511251538887
1647472356.995579 14.429750930380834 28.731997997564473 1.2035666252903312
1647472357.095579 14.350703035519683 28.765312508115407 1.1998821254267735
1647472357.195579 14.275397890126296 28.801429304210792 1.198386353307225
1647472357.295579 14.200953786713589 28.838190782916225 1.1973941111428867
1647472357.395579 14.126509683300881 28.874952261621658 1.1964018689785487
1647472357.495579 14.052065579888174 28.911713740327087 1.1954096268142105
1647472357.595579 13.973814939632568 28.95257585271082 1.1958858860364188
1647472357.695579 13.894690608629185 28.994379158061438 1.1966992012566315
1647472357.795579 13.815566277625802 29.03618246341206 1.197512516476844
1647472357.895579 13.73644194662242 29.077985768762684 1.1983258316970569
1647472357.995579 13.657317615619037 29.119789074113303 1.1991391469172696
1647472358.095579 13.578193284615654 29.161592379463926 1.1999524621374822
1647472358.195579 13.499068953612273 29.20339568481455 1.200765777357695
1647472358.295579 13.41994462260889 29.245198990165168 1.2015790925779077
1647472358.395579 13.33242724749997 29.291340059337042 1.2015807818849376
1647472358.495579 13.243124573927695 29.33840382151363 1.2014098288851471
1647472358.595579 13.15382190035542 29.38546758369022 1.2012388758853567
1647472358.695579 13.064519226783144 29.43253134586681 1.201067922885566
1647472358.795579 12.97636428335723 29.47371524015986 1.1999299777826438
1647472358.895579 12.88845377500783 29.513646883685976 1.198586089854688
1647472358.995579 12.80054326665843 29.55357852721209 1.1972422019267321
1647472359.095579 12.71263275830903 29.593510170738206 1.1958983139987764
1647472359.195579 12.632885600699991 29.625327015521293 1.1950370963867079
1647472368.5151293 8.387902086464932 25.882313136794473 1.1705395907648408
1647472368.6151292 8.349457195284574 25.7941302725516 1.1656762169272858
1647472368.7151294 8.311156489527983 25.70587648328946 1.1607849991770398
1647472368.8151293 8.286076995704837 25.61111916068336 1.1533406088443878
1647472368.9151294 8.260997501881691 25.51636183807726 1.1458962185117358
1647472369.0151293 8.235918008058544 25.421604515471156 1.1384518281790836
1647472369.1151292 8.210736816453196 25.326885626466424 1.1310631784386584
1647472369.2151294 8.17678266769843 25.23548221131576 1.1284829897727697
1647472369.3151293 8.142828518943663 25.14407879616509 1.125902801106881
1647472369.4151294 8.108874370188897 25.052675381014424 1.1233226124409923
1647472369.5151293 8.0750731616208 24.961431036297416 1.1207573372015842
1647472369.6151292 8.055794776686042 24.88529162837677 1.1196082042284108
1647472369.7151294 8.036516391751283 24.809152220456127 1.1184590712552374
1647472369.8151293 8.017238006816525 24.733012812535485 1.117309938282064
1647472369.9151294 7.997959621881766 24.65687340461484 1.1161608053088905
1647472370.0151293 7.978681236947009 24.580733996694196 1.115011672335717
1647472370.1151292 7.95940285201225 24.50459458877355 1.1138625393625434
1647472370.2151294 7.940124467077492 24.428455180852907 1.11271340638937
1647472370.3151293 7.92075557494331 24.352297785832615 1.1115813170150937
1647472370.4151294 7.891242780745134 24.274124425470298 1.1123594469286615
1647472370.5151293 7.861729986546959 24.195951065107984 1.1131375768422294
1647472370.6151292 7.832217192348784 24.117777704745667 1.1139157067557972
1647472370.7151294 7.8027313696080345 24.039349603982853 1.1146467734926813
1647472370.8151293 7.776216256572118 23.932863702410916 1.1101941738999652
1647472370.9151294 7.7497011435362015 23.826377800838976 1.1057415743072492
1647472371.0151293 7.723186030500285 23.71989189926704 1.1012889747145334
1647472371.1151292 7.696719743006113 23.613774804593746 1.0968745825208552
1647472371.2151294 7.675796295678596 23.54952591288327 1.0967976231232537
1647472371.3151293 7.654872848351078 23.48527702117279 1.0967206637256521
1647472371.4151294 7.633949401023561 23.421028129462314 1.0966437043280506
1647472371.5151293 7.613036945357809 23.35692609143051 1.0965902354479826
1647472371.6151292 7.593336697045254 23.309019703604275 1.0991274010590926
1647472371.7151294 7.573636448732699 23.261113315778044 1.1016645666702023
1647472371.8151293 7.553936200420143 23.213206927951813 1.1042017322813122
1647472371.9151294 7.534278025216715 23.16525885189251 1.106681922835686
1647472372.0151293 7.519360609995837 23.11261338333722 1.1027422153939013
1647472372.1151292 7.504443194774959 23.05996791478193 1.0988025079521166
1647472372.2151294 7.48952577955408 23.007322446226638 1.0948628005103322
1647472372.3151293 7.474595411785153 22.95469040005577 1.0909049539881734
1647472372.4151294 7.458205003667009 22.903571355247042 1.0849024295273955
1647472372.5151293 7.441814595548864 22.852452310438316 1.0788999050666175
1647472372.6151292 7.42542418743072 22.801333265629587 1.0728973806058395
1647472372.7151294 7.408975930815643 22.750235284984267 1.0669429583757235
1647472372.8151293 7.385035762856289 22.70186530684848 1.0672182165468216
1647472372.9151294 7.361095594896934 22.653495328712694 1.0674934747179194
1647472373.0151293 7.3371554269375805 22.605125350576905 1.0677687328890175
1647472373.1151292 7.313146206548909 22.556668409750646 1.0680376105634577
1647472373.2151294 7.2803797181134025 22.49718281145249 1.0674973100517622
1647472373.3151293 7.247613229677896 22.437697213154333 1.066957009540067
1647472373.4151294 7.214846741242389 22.378211614856177 1.0664167090283714
1647472373.5151293 7.1821674924549725 22.318734152497022 1.0658470119544767
1647472373.6151292 7.160258855782907 22.260261153648596 1.0616480135720718
1647472373.7151294 7.138350219110842 22.20178815480017 1.057449015189667
1647472373.8151293 7.116441582438777 22.14331515595174 1.053250016807262
1647472373.9151294 7.094383647506206 22.084693183799192 1.049102229280428
1647472374.0151293 7.056304936713386 22.010085305940684 1.0504497344377304
1647472374.1151292 7.018226225920566 21.935477428082176 1.0517972395950328
1647472374.2151294 6.980147515127746 21.86086955022367 1.0531447447523352
1647472374.3151293 6.941960128591622 21.786118390425077 1.0544297511590515
1647472374.4151294 6.893246843951143 21.697489514628025 1.049661378400228
1647472374.5151293 6.8445335593106655 21.60886063883097 1.0448930056414047
1647472374.6151292 6.795820274670187 21.520231763033916 1.0401246328825813
1647472374.7151294 6.747334598947023 21.431694043197055 1.0353801679259718
1647472374.8151293 6.720413247082245 21.351792701365028 1.032900796954968
1647472374.9151294 6.693491895217467 21.271891359533 1.0304214259839641
1647472375.0151293 6.666570543352688 21.191990017700974 1.0279420550129603
1647472375.1151292 6.63944963492732 21.112151430323337 1.0255064957058486
1647472375.2151294 6.595349872438868 21.03765217491102 1.0267985605133416
1647472375.3151293 6.551250109950417 20.9631529194987 1.0280906253208346
1647472375.4151294 6.507150347461966 20.888653664086384 1.0293826901283276
1647472375.5151293 6.4629591392977055 20.814077602571764 1.0306589929972474
1647472375.6151292 6.410964132607941 20.732947055647227 1.030590202269243
1647472375.7151294 6.358969125918177 20.65181650872269 1.0305214115412387
1647472375.8151293 6.306974119228412 20.57068596179815 1.0304526208132343
1647472375.9151294 6.255198947548696 20.489551626090265 1.0303213229382115
1647472376.0151293 6.222236572255554 20.4080930580877 1.0248408578431598
1647472376.1151292 6.189274196962412 20.32663449008514 1.0193603927481083
1647472376.2151294 6.156311821669269 20.245175922082577 1.0138799276530566
1647472376.3151293 6.123349446376127 20.163717354080013 1.0083994625580048
1647472376.4151294 6.0873762033975 20.11632080047994 1.0083339556824154
1647472381.8780653 6.854527295526865 16.131891933634538 1.0581651930900058
1647472381.9780653 6.896655724908987 16.063139650685482 1.0601201809852487
1647472382.0780654 6.939713737539003 15.997768854146214 1.062552494319997
1647472382.1780653 6.982771750169019 15.93239805760695 1.0649848076547457
1647472382.2780654 7.0258297627990345 15.867027261067683 1.067417120989494
1647472382.3780653 7.0729528577444265 15.802258374692244 1.068206350123645
1647472382.4780653 7.122377181583014 15.737830227557152 1.0680654350336392
1647472382.5780654 7.171801505421601 15.673402080422061 1.0679245199436331
1647472382.6780653 7.221225829260188 15.608973933286972 1.0677836048536273
1647472382.7780654 7.274753838285838 15.538842990450282 1.068199981777321
1647472382.8780653 7.330604050996931 15.465484935251919 1.0689317205060966
1647472382.9780653 7.386454263708026 15.392126880053555 1.0696634592348726
1647472383.0780654 7.44230447641912 15.318768824855193 1.0703951979636483
1647472383.1780653 7.500752324895939 15.24899041324103 1.0718197518833812
1647472383.2780654 7.5606610752153305 15.181225181448657 1.073633942796254
1647472383.3780653 7.620569825534721 15.113459949656281 1.075448133709127
1647472383.4780653 7.680478575854112 15.045694717863908 1.077262324622
1647472383.5780654 7.7417861569094 14.981410240133808 1.0776663370440194
1647472383.6780653 7.803879348664806 14.919080621962925 1.0772783656447957
1647472383.7780654 7.865972540420211 14.856751003792043 1.076890394245572
1647472383.8780653 7.928065732175615 14.794421385621161 1.0765024228463485
1647472383.9780653 7.990158923931021 14.732091767450278 1.0761144514471248
1647472384.0780654 8.052252115686425 14.669762149279396 1.0757264800479012
1647472384.1780653 8.11434530744183 14.607432531108513 1.0753385086486775
1647472384.2780654 8.176438499197236 14.545102912937631 1.0749505372494539
1647472384.3780653 8.249461982598405 14.481777167339061 1.0727899239526075
1647472384.4780653 8.328623928205628 14.417891995627679 1.0696337932765299
1647472384.5780654 8.407785873812852 14.354006823916299 1.0664776626004522
1647472384.6780653 8.486947819420076 14.290121652204917 1.0633215319243745
1647472384.7780654 8.5640502307348 14.230467724429221 1.061369215744203
1647472384.8780653 8.639996886693153 14.173188257161701 1.0600924479425102
1647472384.9780653 8.715943542651505 14.115908789894183 1.0588156801408175
1647472385.0780654 8.791890198609856 14.058629322626665 1.0575389123391248
1647472385.1780653 8.862778458090427 14.009110351275497 1.0565424602785025
1647472385.2780654 8.930830097158317 13.963943269149606 1.055703202173832
1647472385.3780653 8.99888173622621 13.918776187023715 1.0548639440691614
1647472385.4780653 9.0669333752941 13.873609104897822 1.0540246859644908
1647472385.5780654 9.134985014361991 13.828442022771931 1.0531854278598203
1647472385.6780653 9.203036653429884 13.78327494064604 1.0523461697551497
1647472385.7780654 9.271088292497774 13.738107858520147 1.0515069116504794
1647472385.8780653 9.339139931565665 13.692940776394256 1.0506676535458088
1647472385.9780653 9.41516390278033 13.642514836898135 1.0479462386892378
1647472386.0780654 9.495678581266748 13.589126653908039 1.04416463029623
1647472386.1780653 9.576193259753166 13.535738470917943 1.0403830219032224
1647472386.2780654 9.656707938239585 13.482350287927849 1.0366014135102146
1647472386.3780653 9.740530769257546 13.43250400383336 1.0347592213726016
1647472386.4780653 9.82621949486856 13.384655454104333 1.0340109166147617
1647472386.5780654 9.911908220479576 13.336806904375306 1.033262611856922
1647472386.6780653 9.99759694609059 13.288958354646281 1.0325143070990819
1647472386.7780654 10.07171019719492 13.25054082344522 1.033352630580403
1647472386.8780653 10.13930355764367 13.217435317210182 1.0350846230533846
1647472386.9780653 10.206896918092422 13.184329810975141 1.0368166155263663
1647472387.0780654 10.274490278541172 13.151224304740103 1.038548607999348
1647472387.1780653 10.339476518808995 13.114746958301062 1.0407933684603279
1647472387.2780654 10.402985874060743 13.076359527198365 1.0433286024344732
1647472387.3780653 10.46649522931249 13.037972096095668 1.0458638364086184
1647472387.4780653 10.530004584564239 12.999584664992973 1.0483990703827637
1647472387.5780654 10.60933156928106 12.953274023352986 1.049317784682478
1647472387.6780653 10.697618150610074 12.902475429175968 1.0493208520307609
1647472387.7780654 10.785904731939086 12.851676834998953 1.0493239193790438
1647472387.8780653 10.874191313268097 12.800878240821936 1.0493269867273267
1647472387.9780653 10.97165918797483 12.74844283054304 1.0474664965629223
1647472388.0780654 11.074331522172095 12.695079583330363 1.0445496400257148
1647472388.1780653 11.177003856369362 12.641716336117689 1.041632783488507
1647472388.2780654 11.279676190566628 12.588353088905013 1.0387159269512996
1647472388.3780653 11.370508522083087 12.528702187446926 1.0362026559312236
1647472388.4780653 11.454621984822053 12.465483218908783 1.0339184083500108
1647472388.5780654 11.538735447561018 12.40226425037064 1.0316341607687982
1647472388.6780653 11.622848910299984 12.339045281832497 1.0293499131875854
1647472388.7780654 11.694503366639534 12.280380465954797 1.0284315399820887
1647472388.8780653 11.759085176041763 12.224300921553278 1.0282885373728075
1647472388.9780653 11.823666985443992 12.16822137715176 1.0281455347635264
1647472389.0780654 11.888248794846222 12.11214183275024 1.0280025321542454
1647472389.1780653 11.952830604248451 12.05606228834872 1.0278595295449642
1647472389.2780654 12.01741241365068 11.999982743947202 1.0277165269356832
1647472389.3780653 12.08199422305291 11.943903199545682 1.0275735243264021
1647472389.4780653 12.146576032455139 11.887823655144162 1.027430521717121
1647472389.5780654 12.219256619331567 11.830153755574756 1.025357683694091
1647472389.6780653 12.296523705181627 11.771583206201294 1.0221919414429053
1647472389.7780654 12.37379079103169 11.713012656827832 1.0190261991917198
1647472389.8780653 12.451057876881752 11.654442107454368 1.015860456940534
1647472389.9780653 12.520960978132068 11.589070420254922 1.0126774315441978
1647472390.0780654 12.58669438016048 11.519847733814917 1.0094846199355318
1647472390.1780653 12.65242778218889 11.450625047374913 1.0062918083268657
1647472390.2780654 12.718161184217301 11.38140236093491 1.0030989967181998
1647472390.3780653 12.780814231489188 11.318130509467379 1.0023732524759021
1647472390.4780653 12.84172324850749 11.258227892080466 1.003044308428603
1647472390.5780654 12.902632265525792 11.198325274693556 1.0037153643813035
1647472390.6780653 12.963541282544094 11.138422657306643 1.004386420334004
1647472390.7780654 13.023889613071807 11.088722345294876 1.0055223625693088
1647472390.8780653 13.083920542903755 11.044797486907992 1.0069214736735406
1647472390.9780653 13.143951472735703 11.000872628521108 1.0083205847777723
1647472391.0780654 13.20398240256765 10.956947770134224 1.0097196958820043
1647472391.1780653 13.260775209744441 10.887530904115994 1.0107606084683503
1647472391.2780654 13.315734457364988 10.803679404460304 1.0115986941746038
1647472391.3780653 13.370693704985534 10.719827904804614 1.0124367798808573
1647472391.4780653 13.42565295260608 10.635976405148924 1.0132748655871107
1647472391.5780654 13.491870208752134 10.543396784395897 1.0137336757198046
1647472391.6780653 13.564463692012488 10.445873795348946 1.0139776745747804
1647472391.7780654 13.63705717527284 10.348350806301996 1.0142216734297564
1647472391.8780653 13.709650658533194 10.250827817255045 1.0144656722847323
1647472391.9780653 13.777599566693855 10.164014192306166 1.0136049582180982
1647472392.0780654 13.842917034575732 10.083268087301082 1.0121183556652145
1647472392.1780653 13.908234502457608 10.002521982295997 1.0106317531123306
1647472392.2780654 13.973551970339486 9.921775877290914 1.0091451505594469
1647472392.3780653 14.024559051341432 9.855121555081832 1.0094082364915715
1647472392.4780653 14.067448826395731 9.796460539640949 1.010663801303901
1647472392.5780654 14.11033860145003 9.737799524200067 1.0119193661162305
1647472392.6780653 14.153228376504329 9.679138508759186 1.01317493092856
1647472392.7780654 14.194670755254903 9.631243617486184 1.014408704499974
1647472392.8780653 14.235293950818988 9.58944203174345 1.0156301448782428
1647472392.9780653 14.275917146383074 9.547640446000717 1.0168515852565119
1647472393.0780654 14.316540341947162 9.505838860257981 1.018073025634781
1647472393.1780653 14.36711409533089 9.45364561365877 1.0201251293592621
1647472393.2780654 14.423293397268758 9.395598327462487 1.0226451790827247
1647472393.3780653 14.479472699206624 9.337551041266204 1.0251652288061874
1647472393.4780653 14.535652001144491 9.279503755069921 1.02768527852965
1647472393.5780654 14.59307435424998 9.219193455751501 1.0315022610542208
1647472393.6780653 14.65119707951725 9.157608107236573 1.0360499742624982
1647472393.7780654 14.709319804784519 9.096022758721647 1.0405976874707754
1647472393.8780653 14.767442530051788 9.03443741020672 1.0451454006790528
1647472393.9780653 14.828584819626208 8.959393045384616 1.0507922952004218
1647472394.0780654 14.891426757836184 8.876772886051937 1.0570578955445489
1647472394.1780653 14.954268696046162 8.794152726719258 1.063323495888676
1647472394.2780654 15.017110634256138 8.711532567386579 1.069589096232803
1647472394.3780653 15.079541422186562 8.63421223174085 1.0751035432177813
1647472394.4780653 15.14172887546286 8.560028536948673 1.0801734285620797
1647472394.5780654 15.203916328739158 8.485844842156494 1.0852433139063777
1647472394.6780653 15.266103782015454 8.411661147364315 1.090313199250676
1647472394.7780654 15.326805809349096 8.327893249682562 1.0931908455641137
1647472394.8780653 15.386675566787538 8.2387554151326 1.0948402013946206
1647472394.9780653 15.44654532422598 8.149617580582639 1.0964895572251274
1647472395.0780654 15.506415081664422 8.060479746032676 1.098138913055634
1647472395.1780653 15.552146822894068 7.974272005536684 1.1029786296932704
1647472395.2780654 15.589521486104474 7.889796263664197 1.109704190411219
1647472395.3780653 15.626896149314877 7.805320521791709 1.1164297511291674
1647472395.4780653 15.664270812525283 7.720844779919223 1.123155311847116
1647472395.5780654 15.70734336289588 7.641153764342995 1.1286547154142075
1647472395.6780653 15.75360725381127 7.564142635292364 1.1334673582716186
1647472395.7780654 15.799871144726659 7.487131506241733 1.1382800011290295
1647472395.8780653 15.846135035642046 7.4101203771911015 1.1430926439864404
1647472395.9780653 15.888667788279486 7.328694080217359 1.1457781174667117
1647472396.0780654 15.929110968368706 7.244795129323914 1.1472722990663906
1647472396.1780653 15.969554148457926 7.160896178430469 1.1487664806660698
1647472396.2780654 16.009997328547144 7.076997227537024 1.1502606622657487
1647472396.3780653 16.051932793586094 7.001060062636871 1.1536753046446921
1647472396.4780653 16.09475718931046 6.929865608491441 1.158233935319668
1647472396.5780654 16.137581585034827 6.85867115434601 1.1627925659946436
1647472396.6780653 16.180405980759197 6.78747670020058 1.1673511966696193
1647472396.7780654 16.219929742203156 6.72025411708098 1.1726010099651993
1647472396.8780653 16.257491143950865 6.655392970872482 1.1782617590998314
1647472396.9780653 16.29505254569857 6.590531824663983 1.1839225082344635
1647472397.0780654 16.33261394744628 6.5256706784554845 1.1895832573690956
1647472397.1780653 16.365843553658138 6.450290358599736 1.194728712172608
1647472397.2780654 16.39648496366991 6.36862495787243 1.1995662847552968
1647472397.3780653 16.427126373681677 6.286959557145123 1.2044038573379856
1647472397.4780653 16.45776778369345 6.205294156417818 1.2092414299206744
1647472397.5780654 16.49005286988098 6.112058331344934 1.2150031162203025
1647472397.6780653 16.523269822139664 6.012262767781363 1.2212887197193114
1647472397.7780654 16.556486774398344 5.9124672042177915 1.22757432321832
1647472397.8780653 16.589703726657024 5.81267164065422 1.233859926717329
1647472397.9780653 16.621867908908467 5.718291561669676 1.2403549634913038
1647472398.0780654 16.653434731734887 5.626984319802549 1.2469688362312106
1647472398.1780653 16.68500155456131 5.535677077935422 1.2535827089711176
1647472398.2780654 16.71656837738773 5.4443698360682955 1.2601965817110243
1647472398.3780653 16.734565477099824 5.35773905650701 1.268054041429406
1647472398.4780653 16.744849653097774 5.273766341278589 1.276618346189213
1647472398.5780654 16.755133829095726 5.189793626050168 1.2851826509490203
1647472398.6780653 16.765418005093675 5.1058209108217465 1.2937469557088275
1647472398.7780654 16.777663216639795 5.012031369384099 1.2987491537692848
1647472398.8780653 16.79101847640737 4.912684993199599 1.3017350139770518
1647472398.9780653 16.80437373617494 4.8133386170150985 1.3047208741848186
1647472399.0780654 16.817728995942517 4.713992240830598 1.3077067343925857
1647472399.1780653 16.831084255710092 4.614645864646098 1.3106925946003527
1647472399.2780654 16.844439515477667 4.515299488461598 1.3136784548081195
1647472399.3780653 16.857794775245242 4.415953112277098 1.3166643150158865
1647472399.4780653 16.871150035012814 4.316606736092597 1.3196501752236536
1647472399.5780654 16.885792615491827 4.212927663746966 1.3224060827827002
1647472399.6780653 16.901160540924938 4.106807319952647 1.3250324227895822
1647472399.7780654 16.916528466358052 4.000686976158328 1.327658762796464
1647472399.8780653 16.931896391791167 3.8945666323640094 1.330285102803346
1647472399.9780653 16.940628023229955 3.782820878412827 1.3296894451021486
1647472400.0780654 16.945623993797305 3.66790850396129 1.3272800807182388
1647472400.1780653 16.950619964364655 3.552996129509753 1.324870716334329
1647472400.2780654 16.955615934932005 3.4380837550582157 1.3224613519504191
1647472400.3780653 16.963964028248935 3.325040708320364 1.316635170991144
1647472400.4780653 16.974196412034907 3.2130484454163843 1.308888333961552
1647472400.5780654 16.98442879582088 3.1010561825124046 1.3011414969319601
1647472400.6780653 16.99466117960685 2.9890639196084248 1.2933946599023682
1647472400.7780654 16.996706033635856 2.8926585339586075 1.2915756138120789
1647472400.8780653 16.994156313338348 2.8049999948166238 1.2930830504181712
1647472400.9780653 16.99160659304084 2.71734145567464 1.2945904870242637
1647472401.0780654 16.989056872743326 2.6296829165326563 1.2960979236303563
1647472401.1780653 16.990989817269238 2.5423581621347933 1.2958899050575745
1647472401.2780654 16.99543665667921 2.4552205954464013 1.2947198529248711
1647472405.076832 16.962191223596314 -1.060719772705396 1.280380462954077
1647472405.176832 16.97537491844432 -1.1476250713270708 1.277030314093908
1647472405.276832 16.997514600094597 -1.2360021309019167 1.2737551833905942
1647472405.376832 17.01965428174487 -1.3243791904767623 1.2704800526872806
1647472405.4768322 17.041793963395143 -1.4127562500516082 1.267204921983967
1647472405.576832 17.059412906810735 -1.5056814333495356 1.2616001804344945
1647472405.676832 17.074431061475252 -1.6012231603187443 1.2546552096196815
1647472405.776832 17.08944921613977 -1.696764887287953 1.2477102388048682
1647472405.876832 17.104467370804286 -1.7923066142571618 1.2407652679900552
1647472405.9768322 17.126125638307183 -1.8907169969148794 1.233915832478215
1647472406.076832 17.151601829940226 -1.9907767957859714 1.2271213277405013
1647472406.176832 17.17707802157327 -2.0908365946570635 1.2203268230027877
1647472406.276832 17.202554213206316 -2.190896393528156 1.2135323182650741
1647472406.376832 17.232496998162276 -2.295802075727576 1.2018809901018415
1647472406.4768322 17.265013594821998 -2.4035001301721968 1.1874309856159697
1647472406.576832 17.297530191481716 -2.5111981846168177 1.1729809811300982
1647472406.676832 17.330046788141438 -2.6188962390614385 1.1585309766442264
1647472406.776832 17.35507847928467 -2.7123543955282767 1.1454074322406111
1647472406.876832 17.375776072023328 -2.797567007816782 1.1330519681438989
1647472406.9768322 17.396473664761984 -2.8827796201052873 1.1206965040471866
1647472407.076832 17.41717125750064 -2.9679922323937924 1.1083410399504743
1647472407.176832 17.438341467520466 -3.039702504028257 1.1003760720856135
1647472407.276832 17.45978533137154 -3.1035946797148934 1.0949532798093178
1647472407.376832 17.48122919522261 -3.16748685540153 1.089530487533022
1647472407.4768322 17.50267305907368 -3.2313790310881663 1.0841076952567261
1647472407.576832 17.531480391592886 -3.2987709041714086 1.0796082889396845
1647472407.676832 17.5645602576323 -3.3681934200279793 1.0756446623809073
1647472407.776832 17.597640123671717 -3.43761593588455 1.0716810358221303
1647472407.876832 17.63071998971113 -3.5070384517411206 1.067717409263353
1647472407.9768322 17.662744400864476 -3.5805467732398535 1.063471795379195
1647472408.076832 17.694160942248544 -3.6564082391181296 1.059063776097439
1647472408.176832 17.72557748363261 -3.732269704996406 1.0546557568156831
1647472408.276832 17.756994025016674 -3.808131170874683 1.0502477375339274
1647472408.376832 17.792139644635878 -3.882998025372586 1.0483024782507895
1647472408.4768322 17.829430053658786 -3.95729282645275 1.0477736820225518
1647472408.576832 17.866720462681695 -4.031587627532914 1.0472448857943142
1647472408.676832 17.904010871704603 -4.105882428613078 1.0467160895660765
1647472408.776832 17.942081945615225 -4.172955407381028 1.0466395990829709
1647472408.876832 17.980602009034776 -4.235874846641115 1.0468232465125442
1647472408.9768322 18.019122072454326 -4.298794285901202 1.0470068939421178
1647472409.076832 18.057642135873873 -4.36171372516129 1.0471905413716913
1647472409.176832 18.10139663498673 -4.428515843267365 1.0461668412370255
1647472409.276832 18.14815993220141 -4.497549758156564 1.0444491474662996
1647472409.376832 18.194923229416087 -4.566583673045763 1.0427314536955739
1647472409.4768322 18.241686526630765 -4.635617587934962 1.0410137599248481
1647472409.576832 18.28844982384544 -4.70465150282416 1.0392960661541222
1647472409.676832 18.335213121060118 -4.7736854177133585 1.0375783723833965
1647472409.776832 18.381976418274796 -4.842719332602558 1.0358606786126707
1647472409.876832 18.428739715489474 -4.911753247491756 1.0341429848419448
1647472409.9768322 18.48327655115115 -4.982134788103551 1.0318108845249006
1647472410.076832 18.54251502907817 -5.0533314085015215 1.0291071748299687
1647472410.176832 18.601753507005192 -5.124528028899493 1.0264034651350369
1647472410.276832 18.66099198493221 -5.195724649297464 1.023699755440105
1647472410.376832 18.713071184142073 -5.264837838172772 1.0222838511894772
1647472410.4768322 18.76082797599878 -5.332693157353503 1.0216454581856944
1647472410.576832 18.808584767855486 -5.400548476534232 1.0210070651819116
1647472410.676832 18.856341559712195 -5.468403795714962 1.0203686721781289
1647472410.776832 18.903340711462562 -5.528139970070391 1.0221616006158332
1647472410.876832 18.949882687730398 -5.582976886952271 1.0254216379669887
1647472410.9768322 18.996424663998233 -5.637813803834152 1.0286816753181443
1647472411.076832 19.042966640266066 -5.692650720716031 1.0319417126692998
1647472411.176832 19.088947944688023 -5.740809425762087 1.0350920167602986
1647472411.276832 19.134589905047783 -5.784926173736003 1.038175905299074
1647472411.376832 19.180231865407542 -5.8290429217099184 1.0412597938378496
1647472411.4768322 19.2258738257673 -5.873159669683834 1.0443436823766252
1647472411.576832 19.271515786127058 -5.9172764176577495 1.0474275709154008
1647472411.676832 19.317157746486817 -5.961393165631665 1.0505114594541765
1647472411.776832 19.362799706846577 -6.0055099136055805 1.053595347992952
1647472411.876832 19.408441667206336 -6.049626661579496 1.0566792365317277
1647472411.9768322 19.459120572258968 -6.095294089876205 1.0615245258467085
1647472412.076832 19.51284703773336 -6.1418997440750625 1.0674355356767475
1647472412.176832 19.566573503207746 -6.18850539827392 1.0733465455067865
1647472412.276832 19.620299968682133 -6.235111052472776 1.0792575553368255
1647472412.376832 19.688008051390693 -6.283976990984944 1.0841302674310769
1647472412.4768322 19.764198062716062 -6.334214127826896 1.0883730976504031
1647472412.576832 19.840388074041435 -6.384451264668848 1.0926159278697292
1647472412.676832 19.916578085366805 -6.4346884015108 1.0968587580890554
1647472412.776832 20.004882533868976 -6.481413258453498 1.0987912718936181
1647472412.876832 20.100212164744764 -6.526101338410246 1.0993840293465154
1647472412.9768322 20.195541795620553 -6.570789418366995 1.0999767867994126
1647472413.076832 20.29087142649634 -6.615477498323743 1.1005695442523098
1647472413.176832 20.40031525770716 -6.652776520710269 1.0972554113938047
1647472413.276832 20.51795338239388 -6.685785671562912 1.0916730518536675
1647472413.376832 20.635591507080605 -6.718794822415554 1.0860906923135305
1647472413.4768322 20.753229631767326 -6.751803973268197 1.0805083327733935
1647472413.576832 20.867390327680056 -6.767136667673934 1.068650862173687
1647472413.676832 20.979537997476495 -6.7722367532230425 1.0531608333631566
1647472413.776832 21.091685667272934 -6.777336838772151 1.0376708045526264
1647472413.876832 21.203833337069376 -6.782436924321259 1.0221807757420962
1647472413.9768322 21.29198222690629 -6.782738193256657 1.0109627850196183
1647472414.076832 21.366230430084997 -6.780259868971488 1.0022192643724561
1647472414.176832 21.440478633263705 -6.777781544686319 0.9934757437252939
1647472414.276832 21.514726836442414 -6.77530322040115 0.9847322230781317
1647472414.376832 21.588975039621122 -6.7728248961159805 0.9759887024309695
1647472414.4768322 21.66322324279983 -6.770346571830811 0.9672451817838073
1647472414.576832 21.73747144597854 -6.767868247545642 0.9585016611366451
1647472414.676832 21.811719649157247 -6.765389923260472 0.9497581404894829
1647472414.776832 21.89590942586391 -6.772030603533349 0.9408569461679479
1647472414.876832 21.985857004807162 -6.783952683646215 0.9318644329186393
1647472414.9768322 22.07580458375041 -6.795874763759081 0.9228719196693307
1647472415.076832 22.165752162693664 -6.807796843871948 0.9138794064200221
1647472415.176832 22.24770815768211 -6.814230460663082 0.9073371912896325
1647472415.276832 22.325035552789565 -6.817485245720552 0.9022141503361967
1647472415.376832 22.40236294789702 -6.820740030778021 0.8970911093827609
1647472415.4768322 22.479690343004474 -6.823994815835491 0.8919680684293251
1647472415.576832 22.544567867245078 -6.829637083614966 0.891482400665166
1647472415.676832 22.601838900492822 -6.8367380304453915 0.8938300263360961
1647472415.776832 22.65910993374057 -6.843838977275818 0.8961776520070261
1647472415.876832 22.716380966988314 -6.850939924106245 0.8985252776779562
1647472415.9768322 22.785714405052822 -6.84885115951143 0.8990222795651094
1647472416.076832 22.86203253473385 -6.841441125955308 0.8984476844843079
1647472416.176832 22.938350664414877 -6.8340310923991865 0.8978730894035065
1647472416.276832 23.014668794095904 -6.826621058843065 0.897298494322705
1647472416.376832 23.09098692377693 -6.819211025286943 0.8967238992419037
1647472416.4768322 23.16730505345796 -6.811800991730821 0.8961493041611022
1647472416.576832 23.243623183138986 -6.804390958174699 0.8955747090803008
1647472416.676832 23.319941312820013 -6.796980924618578 0.8950001139994994
1647472416.776832 23.397863711682405 -6.784580193081883 0.8929708954270047
1647472416.876832 23.476714149189323 -6.769292439440077 0.8901002053426137
1647472416.9768322 23.555564586696242 -6.754004685798272 0.8872295152582227
1647472417.076832 23.63441502420316 -6.738716932156467 0.8843588251738317
1647472417.176832 23.701932637343738 -6.718043237006483 0.8861752408418763
1647472417.276832 23.762888410511678 -6.694251017723751 0.8907055464360399
1647472417.376832 23.82384418367962 -6.670458798441019 0.8952358520302037
1647472417.4768322 23.88479995684756 -6.646666579158287 0.8997661576243674
1647472417.576832 23.953859394006034 -6.616325686658333 0.9014944961708051
1647472417.676832 24.027873182452314 -6.581981120310959 0.9015097912016788
1647472417.776832 24.101886970898597 -6.547636553963586 0.9015250862325526
1647472417.876832 24.175900759344877 -6.513291987616213 0.9015403812634264
1647472417.9768322 24.25061046252519 -6.469818810073803 0.8996435042604324
1647472418.076832 24.325723356043557 -6.421056812430702 0.8966387770409461
1647472418.176832 24.400836249561923 -6.372294814787602 0.8936340498214598
1647472418.276832 24.47594914308029 -6.3235328171445015 0.8906293226019735
1647472418.376832 24.53607031189951 -6.271924547366765 0.8920199210160149
1647472418.4768322 24.587520518842517 -6.2186700415712215 0.895952701985212
1647472418.576832 24.638970725785526 -6.165415535775678 0.8998854829544091
1647472418.676832 24.690420932728532 -6.112161029980135 0.9038182639236061
1647472418.776832 24.752183995903977 -6.056554159241845 0.9053261194254049
1647472418.876832 24.81990684508459 -5.999587859907942 0.9054326137001644
1647472418.9768322 24.8876296942652 -5.942621560574039 0.9055391079749239
1647472419.076832 24.955352543445812 -5.885655261240136 0.9056456022496833
1647472419.176832 25.030159487017116 -5.822248184570279 0.9036574798111686
1647472419.276832 25.109264021459623 -5.75493378759159 0.9003986507488886
1647472419.376832 25.18836855590213 -5.687619390612901 0.8971398216866086
1647472419.4768322 25.267473090344637 -5.620304993634211 0.8938809926243285
1647472419.576832 25.34230671078791 -5.540461723459529 0.8895010526775982
1647472419.676832 25.414558647924363 -5.45304499645824 0.8844434233051388
1647472419.776832 25.486810585060812 -5.36562826945695 0.8793857939326795
1647472419.876832 25.559062522197266 -5.278211542455661 0.8743281645602201
1647472419.9768322 25.626469722112365 -5.206289945583631 0.8733943918016114
1647472420.076832 25.690948956673697 -5.14373298544991 0.8749529129977763
1647472420.176832 25.75542819123503 -5.08117602531619 0.8765114341939413
1647472420.276832 25.819907425796362 -5.018619065182469 0.8780699553901062
1647472420.376832 25.883359284561333 -4.960913829981217 0.8765194455893242
1647472420.4768322 25.946191722576536 -4.906133774744258 0.873094452938169
1647472420.576832 26.00902416059174 -4.851353719507299 0.8696694602870139
1647472420.676832 26.071856598606942 -4.79657366427034 0.8662444676358586
1647472420.776832 26.135658882855303 -4.736563129414422 0.8652341488040631
1647472420.876832 26.200044041503038 -4.673409093493966 0.8656750410034998
1647472420.9768322 26.264429200150776 -4.610255057573511 0.8661159332029363
1647472421.076832 26.32881435879851 -4.547101021653055 0.866556825402373
1647472421.176832 26.397495532537064 -4.477491272712977 0.8663630491854111
1647472421.276832 26.46875726905998 -4.404003657328582 0.8657880355516467
1647472421.376832 26.5400190055829 -4.330516041944187 0.8652130219178823
1647472421.4768322 26.611280742105812 -4.257028426559791 0.8646380082841179
1647472421.576832 26.680732368094542 -4.188336407494447 0.8637234439157525
1647472421.676832 26.7490952295302 -4.122528894753111 0.8626046429569576
1647472421.776832 26.817458090965857 -4.056721382011776 0.8614858419981628
1647472421.876832 26.885820952401517 -3.9909138692704396 0.860367041039368
1647472421.9768322 26.95285785772054 -3.9293168748455605 0.8613062239837377
1647472422.076832 27.019097679762233 -3.870250985105696 0.863482540294474
1647472422.176832 27.085337501803927 -3.8111850953658317 0.8656588566052105
1647472422.276832 27.151577323845622 -3.752119205625968 0.8678351729159468
1647472422.376832 27.21859477953515 -3.693715495711312 0.8691465348891056
1647472422.4768322 27.286078923638332 -3.635709185848778 0.8699388038821542
1647472422.576832 27.353563067741515 -3.5777028759862444 0.8707310728752027
1647472422.676832 27.421047211844698 -3.5196965661237107 0.8715233418682511
1647472422.776832 27.486871911028416 -3.46001808197771 0.8730108181958968
1647472422.876832 27.55170111340765 -3.3993364647139965 0.8749153476428891
1647472422.9768322 27.616530315786882 -3.338654847450283 0.8768198770898814
1647472423.076832 27.68135951816611 -3.277973230186569 0.8787244065368738
1647472423.176832 27.746188720545344 -3.2172916129228555 0.8806289359838662
1647472423.276832 27.811017922924577 -3.156609995659142 0.8825334654308585
1647472423.376832 27.875847125303807 -3.095928378395428 0.8844379948778509
1647472423.4768322 27.94067632768304 -3.0352467611317144 0.8863425243248433
1647472423.576832 28.01125149263438 -2.976834781324319 0.8883929759937245
1647472423.676832 28.08526005345658 -2.9197789822739466 0.8905306208435239
1647472423.776832 28.159268614278783 -2.862723183223575 0.8926682656933232
1647472423.876832 28.233277175100984 -2.805667384173203 0.8948059105431225
1647472423.9768322 28.301549009457315 -2.7470765760272027 0.8962023591483996
1647472424.076832 28.366388587474212 -2.687567379191956 0.8971553535426104
1647472424.176832 28.43122816549111 -2.628058182356709 0.8981083479368211
1647472424.276832 28.496067743508004 -2.5685489855214625 0.8990613423310319
1647472424.376832 28.554068157203144 -2.5155395514925805 0.903983027246442
1647472424.4768322 28.60797513144917 -2.4664204152003375 0.9112800892659092
1647472424.576832 28.6618821056952 -2.4173012789080945 0.9185771512853764
1647472424.676832 28.715789079941224 -2.368182142615851 0.9258742133048437
1647472424.776832 28.780079209289674 -2.3238905683111515 0.9323135279926582
1647472424.876832 28.850577978018787 -2.282485649476083 0.938239950037589
1647472424.9768322 28.921076746747897 -2.241080730641014 0.9441663720825197
1647472425.076832 28.991575515477006 -2.199675811805945 0.9500927941274504
1647472425.176832 29.087759094283392 -2.1366009585147303 0.9505891331190319
1647472425.276832 29.19930573800803 -2.06056449060295 0.9478375322500842
1647472425.376832 29.31085238173267 -1.9845280226911703 0.9450859313811363
1647472425.4768322 29.422399025457306 -1.9084915547793904 0.9423343305121885
1647472425.576832 29.518314517332 -1.8397989040879137 0.9430343329206381
1647472425.676832 29.604321216948527 -1.7757615954925607 0.945922351936032
1647472425.776832 29.690327916565057 -1.7117242868972078 0.9488103709514258
1647472425.876832 29.776334616181583 -1.647686978301855 0.9516983899668198
1647472425.9768322 29.845744015801422 -1.6021171146349984 0.9553626795938298
1647472426.076832 29.9045673194792 -1.5683261634332244 0.9595220904256869
1647472426.176832 29.96339062315698 -1.5345352122314504 0.9636815012575439
1647472426.276832 30.02221392683476 -1.5007442610296764 0.967840912089401
1647472426.376832 30.084820322969858 -1.461414966082268 0.9659912222325369
1647472426.4768322 30.14971314777232 -1.4187384021868787 0.9605097469422567
1647472426.576832 30.214605972574784 -1.3760618382914893 0.9550282716519763
1647472426.676832 30.279498797377244 -1.3333852743961 0.9495467963616961
1647472426.776832 30.368893637309778 -1.28219181243339 0.9464197361666443
1647472426.876832 30.473096484863873 -1.2258510884669855 0.9447155873725276
1647472426.9768322 30.57729933241797 -1.169510364500581 0.943011438578411
1647472427.076832 30.681502179972068 -1.1131696405341767 0.9413072897842942
1647472427.176832 30.766962076403892 -1.0666311655174654 0.945616688543757
1647472427.276832 30.841149913382914 -1.0259877884611182 0.9535426504102777
1647472427.376832 30.915337750361935 -0.985344411404771 0.9614686122767986
1647472427.4768322 30.98952558734096 -0.9447010343484239 0.9693945741433193
1647472427.576832 31.05669959557584 -0.899231428344993 0.9715930919354686
1647472427.676832 31.119663722408067 -0.8508649949124268 0.9703538496720152
1647472427.776832 31.182627849240294 -0.8024985614798608 0.9691146074085617
1647472427.876832 31.24559197607252 -0.7541321280472946 0.9678753651451083
1647472427.9768322 31.32400432474191 -0.7174978056020302 0.967610195621835
1647472428.076832 31.411701872540046 -0.6879151029396671 0.9679304953812915
1647472428.176832 31.49939942033818 -0.658332400277304 0.9682507951407479
1647472428.276832 31.58709696813631 -0.6287496976149408 0.9685710949002042
1647472428.376832 31.675328299704155 -0.5869383146533076 0.9710502314302398
1647472428.4768322 31.76387989436631 -0.5377898877158591 0.9748246410342873
1647472428.576832 31.85243148902846 -0.48864146077841064 0.978599050638335
1647472428.676832 31.94098308369061 -0.43949303384096217 0.9823734602423826
1647472428.776832 32.023044835561016 -0.39342108915593926 0.9852857521608658
1647472428.876832 32.10123441422642 -0.3491847316377806 0.9876836604326693
1647472428.9768322 32.17942399289182 -0.3049483741196219 0.9900815687044727
1647472429.076832 32.25761357155723 -0.26071201660146315 0.9924794769762761
1647472429.176832 32.33316851435949 -0.22573726641822195 0.995776367497861
1647472429.276832 32.40716236871064 -0.1962502530610343 0.9996059277623633
1647472429.376832 32.48115622306178 -0.16676323970384666 1.0034354880268659
1647472429.4768322 32.55515007741292 -0.13727622634665898 1.0072650482913683
1647472429.576832 32.632813928670735 -0.10660765579513841 1.011170135290955
1647472429.676832 32.71265253242167 -0.0752389226768651 1.0151199776294697
1647472429.776832 32.792491136172615 -0.0438701895585918 1.0190698199679842
1647472429.876832 32.87232973992355 -0.012501456440318498 1.0230196623064989
1647472429.9768322 32.960514666644514 0.020644239304244753 1.0274305956497118
1647472430.076832 33.053643729384504 0.05484255965447595 1.03211466683489
1647472430.176832 33.14677279212449 0.08904088000470715 1.0367987380200678
1647472430.276832 33.23990185486447 0.12323920035493835 1.041482809205246
1647472430.376832 33.329308381136954 0.16042571465282818 1.0450125826548269
1647472430.4768322 33.416512557721035 0.19938012244670603 1.047859443450497
1647472430.576832 33.50371673430512 0.23833453024058388 1.0507063042461675
1647472430.676832 33.59092091088921 0.27728893803446175 1.0535531650418377
1647472430.776832 33.68649766595569 0.31238232924334297 1.0567119752536116
1647472430.876832 33.78702545024434 0.34519255213319683 1.0600552532106824
1647472430.9768322 33.88755323453299 0.3780027750230507 1.063398531167753
1647472431.076832 33.98808101882164 0.4108129979129046 1.0667418091248237
1647472431.176832 34.085021002354694 0.45240106495004334 1.0653694372317386
1647472431.276832 34.17984257613282 0.499171992445593 1.0612127193495935
1647472431.376832 34.27466414991095 0.5459429199411426 1.0570560014674484
1647472431.4768322 34.36948572368908 0.5927138474366923 1.0528992835853035
1647472431.576832 34.44242288815167 0.6319877771684552 1.050448838978853
1647472431.676832 34.50245422492033 0.6668405246802129 1.0490046298424747
1647472431.776832 34.562485561688995 0.7016932721919706 1.0475604207060962
1647472431.876832 34.622516898457654 0.7365460197037283 1.0461162115697178
1647472431.9768322 34.669935397673775 0.763467831685918 1.0436404497416363
1647472432.076832 34.709902731268414 0.7857043606048846 1.040555287378493
1647472432.176832 34.74987006486305 0.8079408895238511 1.0374701250153497
1647472432.276832 34.78983739845769 0.8301774184428177 1.0343849626522064
1647472432.376832 34.83494889500988 0.85611336364372 1.032442272025973
1647472432.4768322 34.883106267811065 0.8842397457108898 1.0311760427710686
1647472432.576832 34.931263640612244 0.9123661277780595 1.0299098135161644
1647472432.676832 34.97942101341343 0.9404925098452293 1.02864358426126
1647472432.776832 35.03084037537825 0.9802880794456705 1.0272935592522348
1647472432.876832 35.08418706314048 1.0269783151653173 1.0258940240485004
1647472432.9768322 35.13753375090272 1.0736685508849644 1.0244944888447658
1647472433.076832 35.190880438664955 1.1203587866046112 1.0230949536410312
1647472433.176832 35.24500650722051 1.1697541032223615 1.0205684618826059
1647472433.276832 35.29959276900189 1.2207466620550527 1.0173765472953036
1647472433.376832 35.35417903078327 1.271739220887744 1.014184632708001
1647472433.4768322 35.408765292564645 1.3227317797204354 1.0109927181206988
1647472433.576832 35.4526659937831 1.3744536922405293 1.0097173124379253
1647472433.676832 35.490287892750054 1.42660417072566 1.0095680414444774
1647472433.776832 35.527909791717 1.478754649210791 1.0094187704510293
1647472433.876832 35.56553169068395 1.530905127695922 1.0092694994575813
1647472433.9768322 35.60066980435598 1.5805934794628271 1.0106762288125852
1647472434.076832 35.63434679006671 1.6288334442859602 1.0129983012214294
1647472434.176832 35.668023775777435 1.6770734091090933 1.0153203736302736
1647472434.276832 35.70170076148816 1.7253133739322266 1.0176424460391178
1647472434.376832 35.737588947986694 1.784281707774976 1.0193842224539251
1647472434.4768322 35.774777250581344 1.8495579831327253 1.0207848031860447
1647472434.576832 35.81196555317599 1.9148342584904747 1.0221853839181645
1647472434.676832 35.84915385577064 1.980110533848224 1.023585964650284
1647472434.776832 35.88634215836529 2.0453868092059735 1.0249865453824036
1647472434.876832 35.92353046095993 2.110663084563723 1.0263871261145234
1647472434.9768322 35.96071876355458 2.1759393599214722 1.027787706846643
1647472435.076832 35.997907066149224 2.2412156352792216 1.0291882875787626
1647472435.176832 36.02469688538802 2.3079046935173886 1.0298828194285656
1647472435.276832 36.04536072608979 2.375426053669856 1.030161402129715
1647472435.376832 36.06602456679156 2.442947413822324 1.0304399848308643
1647472435.4768322 36.086688407493334 2.5104687739747917 1.0307185675320136
1647472435.576832 36.10303238990044 2.5725192751421586 1.0311183925356862
1647472435.676832 36.11669801544973 2.6311777871095434 1.0315933890219102
1647472435.776832 36.13036364099901 2.6898362990769282 1.032068385508134
1647472435.876832 36.144029266548294 2.748494811044313 1.0325433819943581
1647472435.9768322 36.14738078464007 2.79808446992525 1.0326121733229157
1647472436.076832 36.14467545835381 2.84234854614592 1.0324424252106466
1647472436.176832 36.141970132067556 2.8866126223665898 1.0322726770983777
1647472436.276832 36.139264805781295 2.930876698587259 1.0321029289861086
1647472436.376832 36.13655947949504 2.975140774807929 1.0319331808738395
1647472436.4768322 36.13385415320878 3.019404851028599 1.0317634327615706
1647472436.576832 36.13114882692253 3.0636689272492688 1.0315936846493015
1647472436.676832 36.128443500636266 3.1079330034699386 1.0314239365370326
1647472436.776832 36.118548865634416 3.1433452692894304 1.0316372815792898
1647472436.876832 36.10445489504135 3.1735871183227156 1.0320743945500357
1647472436.9768322 36.090360924448284 3.2038289673560008 1.0325115075207814
1647472437.076832 36.07626695385522 3.2340708163892855 1.0329486204915272
1647472437.176832 36.060127055462885 3.274505844491291 1.0336971786985074
1647472437.276832 36.04279153315786 3.320897685265376 1.034627743021279
1647472437.376832 36.025456010852835 3.3672895260394604 1.0355583073440502
1647472437.4768322 36.00812048854782 3.4136813668135453 1.0364888716668217
1647472437.576832 35.98106229591602 3.4855175735982367 1.0380730340724746
1647472437.676832 35.948308833438944 3.572258382267212 1.040040056055514
1647472437.776832 35.91555537096186 3.6589991909361874 1.0420070780385535
1647472437.876832 35.88280190848478 3.7457399996051626 1.043974100021593
1647472437.9768322 35.84471264352607 3.829402166580924 1.0461287387744076
1647472438.076832 35.80348421528621 3.911253104787918 1.0483937563646395
1647472438.176832 35.76225578704634 3.9931040429949123 1.0506587739548712
1647472438.276832 35.72102735880648 4.074954981201906 1.052923791545103
1647472438.376832 35.67979893056661 4.1568059194089 1.0551888091353347
1647472438.4768322 35.63857050232675 4.2386568576158945 1.0574538267255666
1647472438.576832 35.59734207408688 4.320507795822888 1.0597188443157983
1647472438.676832 35.55611364584701 4.402358734029882 1.0619838619060302
1647472438.776832 35.512906489712684 4.489848085848123 1.061872518500057
1647472438.876832 35.468534078243366 4.58065784951267 1.060361757146603
1647472438.9768322 35.42416166677404 4.671467613177217 1.0588509957931491
1647472439.076832 35.37978925530472 4.762277376841764 1.0573402344396952
1647472439.176832 35.32962755484359 4.850204739256643 1.0532046149409588
1647472439.276832 35.27605347706791 4.936433129543908 1.047521826800005
1647472439.376832 35.22247939929224 5.022661519831174 1.0418390386590515
1647472439.4768322 35.16890532151656 5.108889910118439 1.036156250518098
1647472439.576832 35.11533124374088 5.195118300405704 1.0304734623771443
1647472439.676832 35.06175716596521 5.281346690692969 1.0247906742361907
1647472439.776832 35.00818308818953 5.3675750809802345 1.0191078860952372
1647472439.876832 34.95460901041386 5.453803471267499 1.0134250979542836
1647472439.9768322 34.90789372729458 5.529980103157505 1.0118112721343049
1647472440.076832 34.86542673790992 5.599930739904002 1.0127177356655324
1647472440.176832 34.822959748525264 5.6698813766504985 1.0136241991967598
1647472440.276832 34.78049275914061 5.739832013396995 1.014530662727987
1647472440.376832 34.73802576975595 5.809782650143493 1.0154371262592146
1647472440.4768322 34.69555878037129 5.87973328688999 1.016343589790442
1647472440.576832 34.653091790986636 5.949683923636487 1.0172500533216693
1647472440.676832 34.61062480160198 6.0196345603829835 1.0181565168528968
1647472440.776832 34.558671046758676 6.097445769119257 1.0161696656874135
1647472440.876832 34.50090193728522 6.1800754814767735 1.012409222554115
1647472440.9768322 34.44313282781177 6.26270519383429 1.0086487794208165
1647472441.076832 34.38536371833832 6.345334906191807 1.004888336287518
1647472441.176832 34.333446266752134 6.4206383521070185 1.0061232474235444
1647472441.276832 34.285117110170496 6.491449258338026 1.0104213596413674
1647472441.376832 34.236787953588866 6.562260164569034 1.0147194718591903
1647472441.4768322 34.18845879700723 6.6330710708000415 1.0190175840770133
1647472441.576832 34.13510169747446 6.703975452683141 1.019747442725417
1647472441.676832 34.078658435872896 6.774937210120151 1.0182870997496558
1647472441.776832 34.022215174271324 6.84589896755716 1.016826756773895
1647472441.876832 33.96577191266976 6.916860724994169 1.0153664137981337
1647472441.9768322 33.902476246763335 6.983894804774889 1.0136587999281998
1647472442.076832 33.834977393532014 7.048519691488949 1.0117995128875121
1647472442.176832 33.76747854030069 7.11314457820301 1.0099402258468242
1647472442.276832 33.699979687069366 7.177769464917071 1.0080809388061365
1647472442.376832 33.63248083383804 7.242394351631132 1.0062216517654488
1647472442.4768322 33.56498198060672 7.307019238345193 1.0043623647247608
1647472442.576832 33.49748312737539 7.3716441250592535 1.002503077684073
1647472442.676832 33.42998427414406 7.436269011773314 1.0006437906433854
1647472442.776832 33.36523060206192 7.499329180349043 0.9995547536911676
1647472442.876832 33.302196217746435 7.561409376891124 0.9989481189857978
1647472442.9768322 33.23916183343095 7.623489573433205 0.998341484280428
1647472443.076832 33.17612744911546 7.685569769975286 0.9977348495750583
1647472443.176832 33.113093064799976 7.7476499665173675 0.9971282148696885
1647472443.276832 33.05005868048449 7.809730163059448 0.9965215801643187
1647472443.376832 32.987024296169004 7.871810359601529 0.995914945458949
1647472443.4768322 32.92398991185352 7.93389055614361 0.9953083107535792
1647472443.576832 32.84894297752545 8.004961426987267 0.9915208871609237
1647472443.676832 32.766359872397345 8.08167267036408 0.9857379698297761
1647472443.776832 32.68377676726924 8.158383913740892 0.9799550524986287
1647472443.876832 32.601193662141135 8.235095157117705 0.9741721351674811
1647472443.9768322 32.52248424707534 8.308638506454287 0.9698948525451757
1647472444.076832 32.44607705115457 8.380299106734672 0.9665124017231289
1647472444.176832 32.369669855233795 8.451959707015057 0.9631299509010821
1647472444.276832 32.29326265931302 8.523620307295442 0.9597475000790353
1647472444.376832 32.22243237884444 8.582811505638213 0.9559261559155118
1647472444.4768322 32.15491399366104 8.634597651162755 0.9518441714749752
1647472444.576832 32.08739560847764 8.686383796687297 0.9477621870344388
1647472444.676832 32.01987722329424 8.738169942211837 0.9436802025939023
1647472444.776832 31.956886266400108 8.791933421377722 0.940686974056002
1647472444.876832 31.896597926616508 8.846877256231403 0.9383436708495813
1647472444.9768322 31.836309586832904 8.901821091085083 0.9360003676431604
1647472445.076832 31.776021247049304 8.956764925938764 0.9336570644367397
1647472445.176832 31.706032689843717 9.009342107901414 0.9301898124269183
1647472445.276832 31.63025357213834 9.060506512587915 0.9260516173586443
1647472445.376832 31.554474454432963 9.111670917274417 0.9219134222903703
1647472445.4768322 31.478695336727583 9.162835321960918 0.9177752272220963
1647472445.576832 31.408566367622583 9.219003576348724 0.9157237742599988
1647472445.676832 31.341816018484234 9.278163983280944 0.9149201306997117
1647472445.776832 31.275065669345885 9.337324390213166 0.9141164871394246
1647472445.876832 31.208315320207536 9.396484797145385 0.9133128435791376
1647472445.9768322 31.14120778582443 9.463616322851447 0.9131698672485625
1647472446.076832 31.073886442580484 9.535519310564213 0.9134223622031464
1647472446.176832 31.006565099336534 9.607422298276981 0.9136748571577304
1647472446.276832 30.939243756092587 9.679325285989748 0.9139273521123144
1647472446.376832 30.87388096862305 9.748945126671059 0.9133991723318748
1647472446.4768322 30.80968920542027 9.817199869348359 0.9124042256249603
1647472446.576832 30.74549744221749 9.88545461202566 0.9114092789180458
1647472446.676832 30.68130567901471 9.95370935470296 0.9104143322111312
1647472446.776832 30.621954847506217 10.022300487098406 0.9109092694086464
1647472446.876832 30.565494130027943 10.091092449562405 0.9122936912441435
1647472446.9768322 30.50903341254967 10.159884412026404 0.9136781130796405
1647472447.076832 30.4525726950714 10.228676374490405 0.9150625349151377
1647472447.176832 30.400652641426813 10.301023155015672 0.9170862170328713
1647472447.276832 30.35145052338484 10.375497766828044 0.9194925454649031
1647472447.376832 30.302248405342866 10.449972378640416 0.9218988738969349
1647472447.4768322 30.253046287300894 10.524446990452788 0.9243052023289667
1647472447.576832 30.20098020217715 10.595024890941893 0.924816272563992
1647472447.676832 30.14720123648084 10.66327224749249 0.9241938273454684
1647472447.776832 30.09342227078453 10.731519604043086 0.9235713821269449
1647472447.876832 30.039643305088223 10.799766960593683 0.9229489369084213
1647472447.9768322 29.984761270448757 10.869643532951194 0.922695648357243
1647472448.076832 29.929220402818107 10.940493191469843 0.9226628470139356
1647472448.176832 29.873679535187453 11.011342849988491 0.9226300456706283
1647472448.276832 29.8181386675568 11.082192508507141 0.9225972443273209
1647472448.376832 29.76090760426353 11.156306192647493 0.9247196841389805
1647472448.4768322 29.70266112518017 11.232380799554864 0.9281369242797457
1647472448.576832 29.644414646096813 11.308455406462237 0.9315541644205108
1647472448.676832 29.58616816701345 11.384530013369607 0.9349714045612759
1647472448.776832 29.525535674992934 11.457492263438942 0.9339300412831171
1647472448.876832 29.463477011133993 11.528594190119243 0.9302236737479679
1647472448.9768322 29.401418347275047 11.599696116799546 0.9265173062128187
1647472449.076832 29.339359683416106 11.670798043479849 0.9228109386776694
1647472449.176832 29.27697683764118 11.746377788273959 0.9205328430911606
1647472449.276832 29.214400228385507 11.824633924257967 0.9191084254261217
1647472449.376832 29.15182361912984 11.902890060241974 0.9176840077610828
1647472449.4768322 29.089247009874168 11.981146196225982 0.916259590096044
1647472449.576832 29.031307626027377 12.065154074295767 0.9149945702463183
1647472449.676832 28.976137157636703 12.152596352498524 0.9138247278002282
1647472449.776832 28.92096668924603 12.240038630701278 0.9126548853541381
1647472449.876832 28.865796220855355 12.327480908904034 0.911485042908048
1647472449.9768322 28.80885097060511 12.407142072246748 0.9091256403094944
1647472450.076832 28.75084647941444 12.482159242088262 0.9060562739439624
1647472450.176832 28.692841988223776 12.557176411929776 0.9029869075784304
1647472450.276832 28.63483749703311 12.632193581771288 0.8999175412128984
1647472450.376832 28.576690782280608 12.704552070155414 0.8962672768615038
1647472450.4768322 28.518459639671622 12.775332291383094 0.8922721753315954
1647472450.576832 28.460228497062637 12.846112512610773 0.888277073801687
1647472450.676832 28.401997354453652 12.916892733838454 0.8842819722717785
1647472450.776832 28.35927935605265 12.983647830884607 0.8846611293750665
1647472450.876832 28.32572589102513 13.04802504860472 0.8876244202097717
1647472450.9768322 28.292172425997613 13.112402266324832 0.8905877110444771
1647472451.076832 28.258618960970097 13.176779484044944 0.8935510018791823
1647472451.176832 28.218684665760712 13.23959974084727 0.8984607933792621
1647472451.276832 28.174979011042048 13.301499763260729 0.9045210548942068
1647472451.376832 28.13127335632338 13.363399785674186 0.9105813164091515
1647472451.4768322 28.087567701604716 13.425299808087646 0.9166415779240962
1647472451.576832 28.033646323654818 13.494700146114885 0.9161008507409295
1647472451.676832 27.973688877240928 13.56853212520381 0.9116598593464136
1647472451.776832 27.91373143082704 13.642364104292731 0.9072188679518978
1647472451.876832 27.853773984413145 13.716196083381655 0.902777876557382
1647472451.9768322 27.803602297156573 13.793410373569483 0.9054981380524756
1647472452.076832 27.759211413252732 13.872622717768882 0.9124488117259698
1647472452.176832 27.714820529348888 13.95183506196828 0.9193994853994639
1647472452.276832 27.670429645445047 14.031047406167678 0.9263501590729581
1647472452.376832 27.616879993109393 14.10860606091138 0.9304791296214279
1647472452.4768322 27.557917304044977 14.185187348247197 0.932940410592732
1647472452.576832 27.498954614980565 14.261768635583012 0.9354016915640362
1647472452.676832 27.43999192591615 14.338349922918827 0.9378629725353402
1647472452.776832 27.38635258358755 14.405763613046185 0.9385419115219269
1647472452.876832 27.335857768519748 14.467761958134286 0.9381680122777618
1647472452.9768322 27.285362953451948 14.529760303222389 0.9377941130335967
1647472453.076832 27.234868138384144 14.59175864831049 0.9374202137894316
1647472453.176832 27.186308503486874 14.66055882621516 0.9392801459684775
1647472453.276832 27.138894704655794 14.733386425171417 0.9424627480722566
1647472453.376832 27.09148090582471 14.806214024127677 0.9456453501760357
1647472453.4768322 27.04406710699363 14.879041623083934 0.9488279522798148
1647472453.576832 26.994302231761235 14.95083727613159 0.951818961010746
1647472453.676832 26.943130867541292 15.022015586180363 0.9546953524672889
1647472453.776832 26.891959503321353 15.093193896229135 0.9575717439238318
1647472453.876832 26.840788139101413 15.164372206277907 0.9604481353803747
1647472453.9768322 26.791663254544595 15.22878760077125 0.963575947641586
1647472454.076832 26.743760116396516 15.28916554112259 0.9668538578835981
1647472454.176832 26.695856978248433 15.349543481473932 0.9701317681256101
1647472454.276832 26.647953840100353 15.409921421825272 0.9734096783676222
1647472454.376832 26.602971649049092 15.464507710661705 0.9751933696647666
1647472454.4768322 26.55973659146281 15.515629784692543 0.9760833097791453
1647472454.576832 26.51650153387652 15.566751858723379 0.976973249893524
1647472454.676832 26.473266476290238 15.617873932754216 0.9778631900079027
1647472454.776832 26.410587828388525 15.681719443792966 0.9792056746124977
1647472454.876832 26.336286613540107 15.753170494550341 0.9808186714295275
1647472454.9768322 26.261985398691685 15.824621545307716 0.9824316682465574
1647472455.076832 26.187684183843267 15.89607259606509 0.9840446650635871
1647472455.176832 26.11338296899485 15.967523646822464 0.985657661880617
1647472455.276832 26.03908175414643 16.03897469757984 0.9872706586976467
1647472455.376832 25.96478053929801 16.110425748337214 0.9888836555146766
1647472455.4768322 25.890479324449593 16.18187679909459 0.9904966523317064
1647472455.576832 25.82332026751522 16.248657089691783 0.9924391374273028
1647472455.676832 25.76043087710387 16.31264514459033 0.9945785945150695
1647472455.776832 25.697541486692522 16.37663319948888 0.996718051602836
1647472455.876832 25.634652096281172 16.440621254387423 0.9988575086906025
1647472455.9768322 25.571762705869823 16.50460930928597 1.000996965778369
1647472456.076832 25.508873315458473 16.56859736418452 1.0031364228661357
1647472456.176832 25.445983925047123 16.632585419083068 1.005275879953902
1647472456.276832 25.383094534635774 16.696573473981612 1.0074153370416687
1647472456.376832 25.319413519357337 16.760993899806014 1.009681928689189
1647472456.4768322 25.25526245372738 16.825671058477162 1.0120240101892735
1647472456.576832 25.19111138809742 16.89034821714831 1.014366091689358
1647472456.676832 25.12696032246746 16.95502537581946 1.0167081731894425
1647472456.776832 25.062809256837504 17.01970253449061 1.019050254689527
1647472456.876832 24.998658191207543 17.084379693161758 1.0213923361896116
1647472456.9768322 24.934507125577586 17.149056851832906 1.023734417689696
1647472457.076832 24.870356059947625 17.213734010504055 1.0260764991897804
1647472457.176832 24.809202536503292 17.28136012538502 1.0299277381024363
1647472457.276832 24.74982915983873 17.350737533350614 1.0346752185162238
1647472457.376832 24.690455783174166 17.42011494131621 1.0394226989300115
1647472457.4768322 24.631082406509602 17.489492349281804 1.044170179343799
1647472457.576832 24.56432459087589 17.557227180322542 1.0455575703943503
1647472457.676832 24.493172282973646 17.623984511024137 1.0449453665142638
1647472457.776832 24.422019975071404 17.69074184172573 1.0443331626341772
1647472457.876832 24.350867667169158 17.75749917242732 1.0437209587540908
1647472457.9768322 24.286673262241127 17.822241581050303 1.0469014189072117
1647472458.076832 24.226636189139857 17.885780078133145 1.0523479875346666
1647472458.176832 24.166599116038586 17.949318575215987 1.0577945561621214
1647472458.276832 24.106562042937316 18.012857072298832 1.0632411247895763
1647472458.376832 24.04670652138343 18.07951165776191 1.0671984021415108
1647472458.4768322 23.98695974892136 18.148032775271812 1.0702635963579217
1647472458.576832 23.927212976459288 18.216553892781718 1.0733287905743323
1647472458.676832 23.867466203997214 18.28507501029162 1.076393984790743
1647472458.776832 23.801609799456177 18.353715818765703 1.0770291703975168
1647472458.876832 23.732103876948727 18.422428123251095 1.0762128185033781
1647472458.9768322 23.66259795444128 18.491140427736486 1.0753964666092395
1647472459.076832 23.593092031933832 18.559852732221877 1.0745801147151006
1647472459.176832 23.52744442525168 18.626193292641553 1.076174223189496
1647472459.276832 23.464102581133414 18.69111647850573 1.0792088434133567
1647472459.376832 23.400760737015144 18.756039664369908 1.0822434636372174
1647472459.4768322 23.337418892896878 18.820962850234086 1.085278083861078
1647472459.576832 23.27407704877861 18.885886036098263 1.0883127040849387
1647472459.676832 23.21073520466034 18.95080922196244 1.0913473243087994
1647472459.776832 23.147393360542075 19.01573240782662 1.0943819445326601
1647472459.876832 23.084051516423806 19.080655593690796 1.0974165647565206
1647472459.9768322 23.02230967974797 19.137717241573952 1.0997523179721755
1647472460.076832 22.961528945669283 19.190056571066087 1.1016682713301313
1647472460.176832 22.900748211590596 19.24239590055822 1.1035842246880871
1647472460.276832 22.83996747751191 19.294735230050353 1.105500178046043
1647472460.376832 22.770484822931422 19.351353264096776 1.1074849649728153
1647472460.4768322 22.69577794548424 19.41054003066239 1.1095110763295382
1647472460.576832 22.62107106803706 19.469726797228006 1.1115371876862608
1647472460.676832 22.546364190589877 19.52891356379362 1.1135632990429836
1647472460.776832 22.471883950436624 19.588373239288778 1.1149688628201537
1647472460.876832 22.397539782872226 19.647996768772487 1.1160018510419338
1647472460.9768322 22.323195615307828 19.7076202982562 1.117034839263714
1647472461.076832 22.24885144774343 19.76724382773991 1.1180678274854938
1647472461.176832 22.177668432076597 19.82446222741727 1.1207405853805803
1647472461.276832 22.108384609304647 19.88023564577532 1.1243985028041237
1647472461.376832 22.039100786532696 19.93600906413337 1.1280564202276668
1647472461.4768322 21.969816963760742 19.991782482491416 1.1317143376512102
1647472461.576832 21.89827928139712 20.0505216205154 1.1339965511227652
1647472461.676832 21.825386667654676 20.111043632082623 1.1354517457066289
1647472461.776832 21.75249405391223 20.171565643649842 1.1369069402904926
1647472461.876832 21.679601440169787 20.23208765521706 1.1383621348743562
1647472461.9768322 21.60670882642734 20.292609666784283 1.1398173294582201
1647472462.076832 21.533816212684897 20.353131678351502 1.1412725240420838
1647472462.176832 21.46092359894245 20.41365368991872 1.1427277186259475
1647472462.276832 21.388030985200007 20.474175701485944 1.1441829132098111
1647472462.376832 21.315171061468575 20.537691422636286 1.1462458563561404
1647472462.4768322 21.242330656107505 20.602994611291038 1.148671670641469
1647472462.576832 21.169490250746435 20.66829779994579 1.1510974849267974
1647472462.676832 21.096649845385365 20.733600988600543 1.153523299212126
1647472462.776832 21.024920055778786 20.796526246521736 1.1556688304038982
1647472462.876832 20.95385537704143 20.858027440746046 1.1576465093648414
1647472462.9768322 20.882790698304078 20.919528634970355 1.1596241883257845
1647472463.076832 20.811726019566724 20.98102982919466 1.1616018672867279
1647472463.176832 20.742860747597444 21.03807236633742 1.1627289535887992
1647472463.276832 20.675310810461465 21.092448444935883 1.1633473508346195
1647472463.376832 20.607760873325482 21.14682452353435 1.1639657480804397
1647472463.4768322 20.540210936189503 21.20120060213281 1.1645841453262602
1647472463.576832 20.469189030744573 21.263405205881366 1.1650993590782424
1647472463.676832 20.39608381716527 21.330307211413025 1.165552658955178
1647472463.776832 20.32297860358597 21.397209216944685 1.1660059588321137
1647472463.876832 20.249873390006666 21.464111222476344 1.1664592587090492
1647472463.9768322 20.172492439736338 21.52885453236108 1.1655426580938515
1647472464.076832 20.092544731909836 21.592301960678828 1.163803695697871
1647472464.176832 20.012597024083338 21.655749388996576 1.1620647333018908
1647472464.276832 19.93264931625684 21.719196817314323 1.1603257709059105
1647472464.376832 19.85994097340347 21.781020008718617 1.1604230229607708
1647472464.4768322 19.791580528275347 21.841867697988754 1.1616230889590489
1647472464.576832 19.72322008314722 21.90271538725889 1.1628231549573267
1647472464.676832 19.654859638019094 21.963563076529027 1.1640232209556047
1647472464.776832 19.58855565422628 22.020726242853616 1.1646251710430768
1647472464.876832 19.523485361480102 22.07567902822381 1.1648683056102482
1647472464.9768322 19.458415068733924 22.130631813594004 1.1651114401774199
1647472465.076832 19.393344775987746 22.185584598964198 1.1653545747445913
1647472465.176832 19.324990114837806 22.24454276106985 1.1655278750171791
1647472465.276832 19.254671747491145 22.30589571637429 1.1656594217407863
1647472465.376832 19.184353380144486 22.367248671678727 1.1657909684643937
1647472465.4768322 19.114035012797824 22.428601626983166 1.1659225151880008
1647472465.576832 19.0450688463026 22.492122933119077 1.1671994821509122
1647472465.676832 18.976911798961094 22.556941719720164 1.1691618365351506
1647472465.776832 18.908754751619586 22.62176050632125 1.171124190919389
1647472465.876832 18.840597704278082 22.68657929292234 1.1730865453036277
1647472465.9768322 18.77083687494353 22.7511419527573 1.1749534804707684
1647472466.076832 18.700118082081882 22.815551624155354 1.1767634202793384
1647472466.176832 18.629399289220235 22.879961295553407 1.1785733600879083
1647472466.276832 18.55868049635859 22.944370966951457 1.1803832998964783
1647472466.376832 18.488762015492526 23.007556054739556 1.1812637033270454
1647472466.4768322 18.41932165794328 23.070009550372916 1.1815887820609896
1647472466.576832 18.34988130039403 23.132463046006276 1.1819138607949338
1647472466.676832 18.28044094284478 23.19491654163964 1.182238939528878
1647472466.776832 18.209476269907128 23.258953970416417 1.1823039437691547
1647472466.876832 18.13760205660614 23.323936512742346 1.1822137647374764
1647472466.9768322 18.065727843305154 23.388919055068275 1.1821235857057981
1647472467.076832 17.993853630004168 23.453901597394204 1.1820334066741198
1647472467.176832 17.92523092141753 23.516047913234 1.1820834901610338
1647472467.276832 17.8585402043128 23.576508989194608 1.1822169153666158
1647472467.376832 17.79184948720807 23.636970065155214 1.1823503405721978
1647472467.4768322 17.725158770103338 23.69743114111582 1.1824837657777798
1647472467.576832 17.66207778304203 23.7534965583972 1.1846651547798073
1647472467.676832 17.601153022025752 23.806936285221067 1.1880698687463196
1647472467.776832 17.540228261009474 23.860376012044934 1.191474582712832
1647472467.876832 17.479303499993197 23.9138157388688 1.1948792966793442
1647472467.9768322 17.420491054098875 23.967306375631832 1.1978023096964707
1647472468.076832 17.36294036489999 24.020827422609674 1.2004375865743404
1647472468.176832 17.305389675701104 24.074348469587516 1.20307286345221
1647472468.276832 17.24783898650222 24.127869516565355 1.2057081403300796
1647472468.376832 17.18651567820934 24.179266480563776 1.2093526714574703
1647472468.4768322 17.12293838974415 24.229394394917723 1.2136001892661439
1647472468.576832 17.059361101278963 24.279522309271673 1.2178477070748177
1647472468.676832 16.995783812813773 24.329650223625624 1.2220952248834915
1647472468.776832 16.919204103574376 24.39195880025984 1.2237464791922414
1647472468.876832 16.834855333925084 24.461545429399138 1.22384644329733
1647472468.9768322 16.750506564275792 24.531132058538436 1.2239464074024184
1647472469.076832 16.666157794626496 24.600718687677738 1.224046371507507
1647472469.176832 16.58598079895198 24.664245188422935 1.2239820501176826
1647472469.276832 16.508303167467407 24.724140987220643 1.2238193031455054
1647472469.376832 16.430625535982834 24.78403678601835 1.2236565561733281
1647472469.4768322 16.352947904498258 24.84393258481606 1.223493809201151
1647472469.576832 16.275270273013685 24.90382838361377 1.2233310622289737
1647472469.676832 16.197592641529113 24.96372418241148 1.2231683152567963
1647472469.776832 16.11991501004454 25.023619981209187 1.223005568284619
1647472469.876832 16.042237378559967 25.083515780006895 1.2228428213124418
1647472469.9768322 15.97642662238985 25.139943146228397 1.223766196790445
1647472470.076832 15.917711570601224 25.194296590581192 1.225339010610418
1647472470.176832 15.858996518812596 25.248650034933984 1.2269118244303912
1647472470.276832 15.80028146702397 25.30300347928678 1.2284846382503642
1647472470.376832 15.735230433422956 25.36065841227062 1.2297202376864014
1647472470.4768322 15.666387631576091 25.420289121089358 1.2307540311780856
1647472470.576832 15.597544829729225 25.47991982990809 1.2317878246697698
1647472470.676832 15.528702027882359 25.53955053872683 1.232821618161454
1647472470.776832 15.465091410488366 25.59642245678619 1.2357066636572211
1647472470.876832 15.404624391598544 25.651636839530692 1.2397039774767245
1647472470.9768322 15.344157372708722 25.706851222275194 1.2437012912962278
1647472471.076832 15.2836903538189 25.762065605019696 1.247698605115731
1647472471.176832 15.218015136275515 25.828601524894996 1.2525028278613553
1647472471.276832 15.149208777103338 25.90194389332768 1.257792160007999
1647472471.376832 15.080402417931161 25.975286261760363 1.263081492154643
1647472471.4768322 15.011596058758986 26.04862863019305 1.2683708243012868
1647472471.576832 14.931397987262285 26.119374794866545 1.2670642517468864
1647472471.676832 14.84435793277251 26.188561652083806 1.2617961090173573
1647472471.776832 14.757317878282736 26.257748509301063 1.256527966287828
1647472471.876832 14.670277823792961 26.326935366518324 1.2512598235582988
1647472471.9768322 14.594757254802866 26.38728909372946 1.2480977937425966
1647472472.076832 14.526151007053363 26.44234092630095 1.2461999125084926
1647472472.176832 14.457544759303861 26.49739275887244 1.2443020312743887
1647472472.276832 14.388938511554358 26.55244459144393 1.2424041500402845
1647472472.376832 14.323607206566633 26.595021983913977 1.2410677397720675
1647472472.4768322 14.260248209350076 26.630086745800003 1.2400694708485571
1647472472.576832 14.19688921213352 26.66515150768603 1.2390712019250465
1647472472.676832 14.133530214916963 26.70021626957206 1.238072933001536
1647472472.776832 14.060851086518488 26.73308207389833 1.234670887913903
1647472472.876832 13.982570248160254 26.76462623132681 1.2298240931101168
1647472472.9768322 13.904289409802022 26.796170388755293 1.2249772983063303
1647472473.076832 13.82600857144379 26.827714546183774 1.220130503502544
1647472473.176832 13.751368728076894 26.863637585595708 1.2168893890424748
1647472473.276832 13.678922264067698 26.90219851640138 1.214615555814419
1647472473.376832 13.6064758000585 26.940759447207057 1.212341722586363
1647472473.4768322 13.534029336049304 26.979320378012734 1.2100678893583072
1647472473.576832 13.456061779783312 27.02076161791372 1.2096035788593706
1647472473.676832 13.374782039913265 27.06393079716373 1.2102248273831386
1647472473.776832 13.29350230004322 27.10709997641374 1.2108460759069066
1647472473.876832 13.212222560173176 27.15026915566375 1.2114673244306744
1647472473.9768322 13.133905890074056 27.185074446217822 1.2107007685956843
1647472474.076832 13.057358277910897 27.21488619803776 1.2091056442475547
1647472474.176832 12.98081066574774 27.2446979498577 1.2075105198994251
1647472474.276832 12.90426305358458 27.27450970167764 1.2059153955512956
1647472474.376832 12.830091361657677 27.30710618256498 1.2051626440636474
1647472474.4768322 12.757337577599701 27.34136454132063 1.204912606046435
1647472474.576832 12.684583793541725 27.37562290007628 1.204662568029223
1647472474.676832 12.61183000948375 27.40988125883193 1.2044125300120108
1647472474.776832 12.531674908359815 27.43569799732385 1.2038314154798964
1647472474.876832 12.447093175668893 27.456465912423532 1.203052288386113
1647472474.9768322 12.362511442977972 27.477233827523214 1.2022731612923299
1647472475.076832 12.277929710287049 27.498001742622897 1.2014940341985465
1647472475.176832 12.193347977596128 27.51876965772258 1.2007149071047631
1647472475.276832 12.108766244905205 27.53953757282226 1.1999357800109798
1647472475.376832 12.024184512214283 27.56030548792194 1.1991566529171966
1647472475.4768322 11.939602779523362 27.581073403021623 1.1983775258234133
1647472475.576832 11.864223929492534 27.593679602019773 1.1991162844294467
1647472475.676832 11.794315034552508 27.601434688362442 1.2007572349809423
1647472475.776832 11.724406139612483 27.60918977470511 1.202398185532438
1647472475.876832 11.654497244672458 27.61694486104778 1.2040391360839335
1647472475.9768322 11.584340446569342 27.6213287282967 1.2056659424780862
1647472476.076832 11.514035350312014 27.623695898530485 1.2072842876957026
1647472476.176832 11.443730254054687 27.626063068764275 1.2089026329133188
1647472476.276832 11.373425157797358 27.628430238998064 1.2105209781309352
1647472476.376832 11.29583026239888 27.622834380532616 1.2103628418872727
1647472476.4768322 11.21387842377586 27.612479205209986 1.2091429440344947
1647472476.576832 11.13192658515284 27.602124029887356 1.2079230461817168
1647472476.676832 11.049974746529822 27.591768854564727 1.2067031483289388
1647472476.776832 10.961356177993062 27.577637719853108 1.2029812922960257
1647472476.876832 10.868754504384453 27.561250600095153 1.197764616097035
1647472476.9768322 10.776152830775846 27.544863480337195 1.1925479398980445
1647472477.076832 10.683551157167237 27.52847636057924 1.1873312636990538
1647472477.176832 10.600342391314333 27.514364958404474 1.1858074037478243
1647472477.276832 10.52275594402049 27.50161573389992 1.1864939550840248
1647472477.376832 10.445169496726649 27.488866509395365 1.1871805064202252
1647472477.4768322 10.367583049432806 27.47611728489081 1.1878670577564256
1647472477.576832 10.30144231651201 27.46303153282039 1.1912503961850889
1647472477.676832 10.242146754243898 27.449744518640625 1.1962465625474406
1647472477.776832 10.182851191975786 27.43645750446086 1.2012427289097922
1647472477.876832 10.123555629707674 27.423170490281095 1.206238895272144
1647472477.9768322 10.061170256869813 27.39948175534576 1.2078205643012787
1647472478.076832 9.99693872896693 27.369578014983922 1.207362078633572
1647472478.176832 9.932707201064048 27.339674274622084 1.2069035929658654
1647472478.276832 9.868475673161164 27.30977053426025 1.2064451072981586
1647472478.376832 9.804357578838712 27.280464718644858 1.2058123153615785
1647472478.4768322 9.740307571531378 27.25151779949643 1.2050748983790538
1647472482.1140254 7.723099994096071 25.04929573618855 1.117458603749001
1647472482.2140253 7.689215941677169 24.969393213843 1.113701844119603
1647472482.3140254 7.655331889258268 24.889490691497443 1.109945084490205
1647472482.4140253 7.625061245954385 24.819722800301204 1.109834825331353
1647472482.5140254 7.594844464077796 24.750105975779515 1.1097789208590907
1647472482.6140254 7.564627682201206 24.680489151257827 1.1097230163868286
1647472482.7140253 7.534410900324617 24.61087232673614 1.1096671119145665
1647472482.8140254 7.509989113610961 24.534211656183764 1.1132607312524894
1647472482.9140253 7.485578256859642 24.457537700206693 1.1168612339711013
1647472483.0140254 7.461167400108324 24.380863744229625 1.1204617366897134
1647472483.1140254 7.4367565433570055 24.304189788252557 1.1240622394083253
1647472483.2140253 7.399375787576014 24.20381811790968 1.1162929538913597
1647472483.3140254 7.361962077500172 24.103386235728244 1.1084947796873608
1647472483.4140253 7.324548367424328 24.002954353546805 1.1006966054833618
1647472483.5140254 7.287134657348485 23.902522471365366 1.0928984312793628
1647472483.6140254 7.253744844844598 23.815714297569617 1.091859840437701
1647472483.7140253 7.220362629533134 23.728931845585183 1.0908340118134108
1647472483.8140254 7.186980414221669 23.642149393600747 1.0898081831891206
1647472483.9140253 7.153598198910204 23.555366941616313 1.0887823545648305
1647472484.0140254 7.111972947963529 23.45740100710635 1.0884924905682387
1647472484.1140254 7.070330192400686 23.359411323752187 1.088204189439854
1647472484.2140253 7.028687436837842 23.261421640398023 1.087915888311469
1647472484.3140254 6.987044681274999 23.16343195704386 1.0876275871830843
1647472484.4140253 6.9558457521231345 23.077175655952217 1.0809673203399728
1647472484.5140254 6.9246694112207825 22.990944732203687 1.0742932720009046
1647472484.6140254 6.893493070318431 22.904713808455156 1.0676192236618365
1647472484.7140253 6.86231672941608 22.818482884706622 1.0609451753227683
1647472484.8140254 6.824768117608832 22.72903420789313 1.0582584040366465
1647472484.9140253 6.787205763317325 22.639578591650743 1.0555802317402647
1647472485.0140254 6.749643409025818 22.550122975408353 1.052902059443883
1647472485.1140254 6.712081054734313 22.460667359165967 1.0502238871475011
1647472485.2140253 6.671936783669356 22.378021634833225 1.0475080080129386
1647472485.3140254 6.631786700817039 22.295391239284168 1.0447920440018503
1647472485.4140253 6.591636617964723 22.212760843735115 1.042076079990762
1647472485.5140254 6.551486535112407 22.130130448186062 1.0393601159796737
1647472485.6140254 6.514580994878295 22.0492932921011 1.0365150127235119
1647472485.7140253 6.477681922088569 21.968459710534297 1.0336696520502089
1647472485.8140254 6.440782849298842 21.887626128967497 1.030824291376906
1647472485.9140253 6.403883776509116 21.806792547400697 1.027978930703603
1647472486.0140254 6.3554497175822355 21.723111653026052 1.026261210267276
1647472486.1140254 6.306995525443318 21.63942578893997 1.024545458018836
1647472486.2140253 6.258541333304399 21.555739924853892 1.0228297057703961
1647472486.3140254 6.210087141165482 21.47205406076781 1.0211139535219564
1647472486.4140253 6.160091736988914 21.405099241982548 1.0236388773379315
1647472486.5140254 6.110095409215808 21.33815444955 1.026166342448442
1647472486.6140254 6.060099081442703 21.271209657117456 1.0286938075589525
1647472486.7140253 6.010102753669599 21.204264864684912 1.0312212726694632
1647472486.8140254 5.95745260743431 21.116470098775114 1.0314069353461024
1647472486.9140253 5.904768124005703 21.028405559487762 1.0315622979385308
1647472487.0140254 5.852083640577097 20.940341020200407 1.0317176605309595
1647472487.1140254 5.79939915714849 20.852276480913055 1.0318730231233881
1647472487.2140253 5.743354980946647 20.75567336315622 1.0234819875909151
1647472487.3140254 5.687269023331263 20.65896405894063 1.0149846683538168
1647472487.4140253 5.631183065715879 20.56225475472504 1.0064873491167188
1647472487.5140254 5.575097108100494 20.46554545050945 0.9979900298796205
1647472487.6140254 5.534495521696272 20.390554222503244 0.9953876923748994
1647472487.7140253 5.494077854389048 20.315820955825306 0.9928553738397747
1647472487.8140254 5.453660187081826 20.241087689147367 0.99032305530465
1647472487.9140253 5.413242519774603 20.16635442246943 0.9877907367695253
1647472488.0140254 5.37282485246738 20.09162115579149 0.9852584182344006
1647472488.1140254 5.332407185160157 20.01688788911355 0.9827260996992758
1647472488.2140253 5.291989517852935 19.942154622435613 0.9801937811641511
1647472488.3140254 5.251571850545711 19.867421355757674 0.9776614626290264
1647472488.4140253 5.2364918734265276 19.82020155028148 0.9770429396230264
1647472488.5140254 5.222211294237594 19.773849787779035 0.9764847963980384
1647472488.6140254 5.2079307150486605 19.72749802527659 0.9759266531730505
1647472488.7140253 5.193650135859728 19.681146262774146 0.9753685099480626
1647472488.8140254 5.17273917048083 19.60478559845645 0.9722500263746199
1647472488.9140253 5.151496237438831 19.526922459814863 0.9690033526508794
1647472492.7961364 5.518573309531752 16.630584495233236 1.0206687169465565
1647472492.8961363 5.548419858575516 16.558909894323627 1.0222035023861624
1647472492.9961364 5.578266407619279 16.487235293414017 1.0237382878257684
1647472493.0961363 5.608112956663042 16.415560692504407 1.0252730732653743
1647472493.1961365 5.6450910644558165 16.353903529943988 1.026095133284693
1647472493.2961364 5.683701302516518 16.294538960757922 1.0267540787911666
1647472493.3961363 5.722311540577219 16.23517439157186 1.0274130242976403
1647472493.4961364 5.76092177863792 16.175809822385794 1.0280719698041139
1647472493.5961363 5.802105618701238 16.123501987204065 1.0301928252963943
1647472493.6961365 5.8438764852452305 16.072803759771876 1.03264713556263
1647472493.7961364 5.885647351789223 16.022105532339683 1.0351014458288659
1647472493.8961363 5.927418218333216 15.971407304907492 1.0375557560951014
1647472493.9961364 5.9738203683065185 15.924658536213455 1.0397550142017022
1647472494.0961363 6.021282198166048 15.878813439698023 1.0418959140480868
1647472494.1961365 6.068744028025577 15.832968343182591 1.0440368138944713
1647472494.2961364 6.116205857885107 15.78712324666716 1.0461777137408557
1647472494.3961363 6.17482973759418 15.73749561266025 1.047952198680258
1647472494.4961364 6.236016136498342 15.686999605454986 1.0496425641931064
1647472494.5961363 6.297202535402503 15.636503598249721 1.051332929705955
1647472494.6961365 6.358388934306665 15.586007591044456 1.0530232952188034
1647472494.7961364 6.426552933647708 15.528627929735134 1.054772132838379
1647472494.8961363 6.496313868515029 15.46967283402127 1.0565343527353397
1647472494.9961364 6.566074803382349 15.41071773830741 1.0582965726323001
1647472495.0961363 6.6358357382496695 15.351762642593547 1.0600587925292608
1647472495.1961365 6.71272307347068 15.29337084586542 1.0628143643013268
1647472495.2961364 6.791257192039141 15.235109217433106 1.0657994818812193
1647472495.3961363 6.869791310607601 15.176847589000793 1.0687845994611118
1647472495.4961364 6.948325429176062 15.118585960568481 1.0717697170410043
1647472495.5961363 7.027267507439518 15.057614932143277 1.0731798495778346
1647472495.6961365 7.106303693416524 14.996018902176134 1.0742266662207285
1647472495.7961364 7.1853398793935295 14.93442287220899 1.0752734828636221
1647472495.8961363 7.264376065370534 14.872826842241844 1.076320299506516
1647472495.9961364 7.343402001666323 14.815479683814159 1.076593618134529
1647472496.0961363 7.422425570118576 14.759114084012092 1.076688246105187
1647472496.1961365 7.5014491385708295 14.702748484210025 1.0767828740758447
1647472496.2961364 7.580472707023082 14.646382884407958 1.0768775020465027
1647472496.3961363 7.659496275475336 14.59001728460589 1.0769721300171606
1647472496.4961364 7.738519843927588 14.533651684803822 1.0770667579878186
1647472496.5961363 7.817543412379842 14.477286085001754 1.0771613859584765
1647472496.6961365 7.896566980832095 14.420920485199687 1.0772560139291343
1647472496.7961364 7.978456762727934 14.368976139062 1.074761207563924
1647472496.8961363 8.061009357849814 14.318054209943181 1.0716675932733573
1647472496.9961364 8.143561952971693 14.267132280824363 1.0685739789827908
1647472497.0961363 8.226114548093573 14.216210351705545 1.0654803646922244
1647472497.1961365 8.308667143215454 14.165288422586727 1.0623867504016578
1647472497.2961364 8.391219738337334 14.114366493467909 1.0592931361110913
1647472497.3961363 8.473772333459214 14.06344456434909 1.056199521820525
1647472497.4961364 8.556324928581093 14.01252263523027 1.0531059075299585
1647472497.5961363 8.595389947782598 13.990574461126078 1.0508016074681177
1647472497.6961365 8.62430810207825 13.97538667252801 1.0486814764402517
1647472497.7961364 8.653226256373904 13.960198883929943 1.0465613454123857
1647472497.8961363 8.682144410669554 13.945011095331875 1.0444412143845194
1647472497.9961364 8.686432600453772 13.943111753289784 1.043957573283805
1647472498.0961363 8.685402670086221 13.944081662455192 1.0438272842983851
1647472498.1961365 8.684372739718668 13.9450515716206 1.0436969953129656
1647472498.2961364 8.683342809351117 13.946021480786007 1.0435667063275458
1647472498.3961363 8.683376880078004 13.946264314269863 1.043454401689418
1647472498.4961364 8.683642494975661 13.946348924104653 1.0433460107416073
1647472498.5961363 8.683908109873318 13.946433533939443 1.0432376197937965
1647472498.6961365 8.684173724770977 13.946518143774233 1.0431292288459857
1647472498.7961364 8.684164150204694 13.946536638393358 1.043189736668632
1647472498.8961363 8.68409395639128 13.946540569029763 1.0432874498266853
1647472498.9961364 8.684023762577866 13.94654449966617 1.0433851629847386
1647472499.0961363 8.683953568764451 13.946548430302574 1.043482876142792
1647472499.1961365 8.683928462816489 13.946549793284946 1.043498325645142
1647472499.2961364 8.683913351792144 13.946550587078564 1.0434955392219945
1647472499.3961363 8.6838982407678 13.946551380872181 1.043492752798847
1647472499.4961364 8.683883129743453 13.9465521746658 1.0434899663756994
1647472499.5961363 8.68388339644911 13.946562801941687 1.0434820514354342
1647472499.6961365 8.683887377184162 13.946575804200238 1.0434728978557
1647472499.7961364 8.683891357919213 13.94658880645879 1.0434637442759658
1647472499.8961363 8.683895338654263 13.946601808717341 1.0434545906962316
1647472499.9961364 8.683920008646957 13.94665669300122 1.0434535373678058
1647472500.0961363 8.683949336414566 13.9467210061902 1.0434543076498737
1647472500.1961365 8.683978664182174 13.946785319379181 1.0434550779319414
1647472500.2961364 8.684007991949782 13.946849632568162 1.0434558482140093
1647472500.3961363 8.683977726167686 13.946813152483903 1.04346412130336
1647472500.4961364 8.683934064890977 13.946754015992108 1.0434740808808465
1647472500.5961363 8.683890403614267 13.946694879500313 1.043484040458333
1647472500.6961365 8.683846742337558 13.946635743008517 1.0434940000358195
1647472500.7961364 8.683833343145245 13.94665141798731 1.043475796409694
1647472500.8961363 8.68382675142387 13.946683921843615 1.0434512574569093
1647472500.9961364 8.683820159702496 13.946716425699922 1.0434267185041246
1647472501.0961363 8.68381356798112 13.946748929556229 1.04340217955134
1647472501.1961365 8.683816421604835 13.94676445608668 1.0433970638908538
1647472501.2961364 8.683821396734151 13.94677616936398 1.043396310868581
1647472501.3961363 8.683826371863468 13.946787882641283 1.0433955578463086
1647472501.4961364 8.683831346992784 13.946799595918584 1.043394804824036
1647472501.5961363 8.6838363221221 13.946811309195885 1.0433940518017635
1647472501.6961365 8.683841297251417 13.946823022473186 1.043393298779491
1647472501.7961364 8.683846272380734 13.946834735750489 1.0433925457572184
1647472501.8961363 8.68385124751005 13.94684644902779 1.0433917927349456
1647472501.9961364 8.68381621643324 13.94678449265553 1.0433884643669713
1647472502.0961363 8.683772192780712 13.946705976854972 1.043384557114032
1647472502.1961365 8.683728169128184 13.946627461054415 1.0433806498610931
1647472502.2961364 8.683684145475654 13.94654894525386 1.043376742608154
1647472502.3961363 8.683757912936265 13.946662197446628 1.0434016652330407
1647472502.4961364 8.683858255397892 13.946818714657288 1.043433092202883
1647472502.5961363 8.683958597859517 13.946975231867949 1.043464519172725
1647472521.7151792 8.683709727499345 13.946768517951343 1.0430453798301624
1647472521.815179 8.683713350777289 13.946774945650349 1.0430472672114244
1647472521.9151793 8.683716974055235 13.946781373349353 1.043049154592686
1647472522.0151792 8.683752113794737 13.946829737027587 1.0430591061739696
1647472522.1151793 8.683787283634429 13.946878140757297 1.0430690654570676
1647472522.2151792 8.683822453474118 13.946926544487008 1.0430790247401656
1647472522.315179 8.683857048954312 13.946974242282241 1.0430888186204044
1647472522.4151793 8.683843268529138 13.946962482160163 1.0430846813075434
1647472522.5151792 8.683829488103964 13.946950722038086 1.0430805439946824
1647472522.6151793 8.68381570767879 13.946938961916006 1.0430764066818214
1647472522.7151792 8.683801927253615 13.946927201793928 1.0430722693689605
1647472522.815179 8.683788146828439 13.94691544167185 1.0430681320560995
1647472522.9151793 8.683774366403265 13.946903681549772 1.0430639947432383
1647472523.0151792 8.68376058597809 13.946891921427692 1.0430598574303773
1647472523.1151793 8.683746433351514 13.946879463700636 1.0430556753661984
1647472523.2151792 8.683692609684348 13.946792651833052 1.0430467234883132
1647472523.315179 8.683638786017182 13.94670583996547 1.0430377716104278
1647472523.4151793 8.683584962350016 13.946619028097885 1.0430288197325426
1647472523.5151792 8.683531887366112 13.946533460463941 1.0430198882057629
1647472523.6151793 8.683556781366661 13.946577469165211 1.0430130760732772
1647472523.7151792 8.683581675367211 13.94662147786648 1.0430062639407915
1647472523.815179 8.68360656936776 13.946665486567749 1.0429994518083059
1647472523.9151793 8.683631477040713 13.946709531587844 1.0429926811606052
1647472524.0151792 8.683658056802427 13.946758018277249 1.0429909839613654
1647472524.1151793 8.683684636564141 13.946806504966654 1.0429892867621255
1647472524.2151792 8.683711216325854 13.94685499165606 1.0429875895628857
1647472524.315179 8.683737796087568 13.946903478345465 1.042985892363646
1647472524.4151793 8.683764375849282 13.94695196503487 1.042984195164406
1647472524.5151792 8.683790955610995 13.947000451724275 1.0429824979651663
1647472524.6151793 8.68381753537271 13.94704893841368 1.0429808007659265
1647472524.7151792 8.683843696081713 13.94709672559809 1.042979043743639
1647472524.815179 8.683807480757421 13.94704039140156 1.0429683820553657
1647472524.9151793 8.683771265433128 13.94698405720503 1.0429577203670923
1647472525.0151792 8.683735050108837 13.9469277230085 1.0429470586788192
1647472525.1151793 8.683698723493753 13.946871209212587 1.0429364098339007
1647472525.2151792 8.683646612663994 13.946789223091884 1.0429275825437205
1647472525.315179 8.683594501834236 13.94670723697118 1.0429187552535404
1647472525.4151793 8.683542391004476 13.946625250850477 1.0429099279633602
1647472525.5151792 8.6834902973064 13.946543254243156 1.0429010959959282
1647472525.6151793 8.683440553102177 13.946459819467393 1.0428916225751923
1647472525.7151792 8.683390808897952 13.946376384691627 1.0428821491544564
1647472525.815179 8.68334106469373 13.946292949915861 1.0428726757337206
1647472525.9151793 8.683291841452332 13.946210358955291 1.0428632937916267
1647472526.0151792 8.683304908460709 13.946228660911883 1.0428648497267958
1647472526.1151793 8.683317975469087 13.946246962868473 1.042866405661965
1647472526.2151792 8.683331042477464 13.946265264825065 1.0428679615971341
1647472526.315179 8.68334369580768 13.946282900492461 1.0428694188852237
1647472526.4151793 8.683303018175721 13.946214638843925 1.0428581586935002
1647472526.5151792 8.683262340543761 13.946146377195388 1.0428468985017767
1647472526.6151793 8.683221662911802 13.946078115546852 1.0428356383100532
1647472526.7151792 8.683181733327743 13.946011104862936 1.0428245156780545
1647472526.815179 8.683236916994206 13.946103152591332 1.0428308835737883
1647472526.9151793 8.683292100660669 13.946195200319728 1.042837251469522
1647472527.0151792 8.683347284327132 13.946287248048122 1.042843619365256
1647472527.1151793 8.68340232557361 13.946379062863379 1.0428499376831464
1647472527.2151792 8.683438781101264 13.946440482659991 1.0428497861235624
1647472527.315179 8.683475236628919 13.946501902456601 1.0428496345639782
1647472527.4151793 8.683511692156575 13.946563322253214 1.0428494830043942
1647472527.5151792 8.68354814768423 13.946624742049824 1.0428493314448102
1647472527.6151793 8.683584603211884 13.946686161846436 1.042849179885226
1647472527.7151792 8.68362105873954 13.946747581643047 1.042849028325642
1647472527.815179 8.683657514267194 13.946809001439659 1.042848876766058
1647472527.9151793 8.683694062965257 13.94687054172207 1.0428487345733557
1647472528.0151792 8.683742026385428 13.946946843257193 1.0428497399591163
1647472528.1151793 8.683789989805598 13.947023144792315 1.042850745344877
1647472528.2151792 8.683837953225769 13.947099446327437 1.0428517507306376
1647472528.315179 8.683884683832035 13.947173788228271 1.042852648405261
1647472528.4151793 8.683785011451523 13.947015413486708 1.0428407548287821
1647472528.5151792 8.68368533907101 13.946857038745145 1.0428288612523031
1647472528.6151793 8.6835856666905 13.94669866400358 1.042816967675824
1647472528.7151792 8.68348775236521 13.94654311390763 1.042805280104264
1647472528.815179 8.68359643878789 13.94671950668149 1.04281780153921
1647472528.9151793 8.683705125210567 13.946895899455349 1.042830322974156
1647472529.0151792 8.683813811633247 13.947072292229208 1.042842844409102
1647472529.1151793 8.683921188946371 13.947246545885953 1.0428552189484528
1647472529.2151792 8.683894353515162 13.947201492627416 1.042852533433521
1647472529.315179 8.683867518083956 13.947156439368879 1.0428498479185893
1647472529.4151793 8.683840682652749 13.947111386110342 1.0428471624036577
1647472529.5151792 8.683813519282214 13.94706588618484 1.0428444322137105
1647472529.6151793 8.683751171168291 13.946972463179467 1.0428369088232279
1647472529.7151792 8.683688823054368 13.946879040174093 1.0428293854327455
1647472529.815179 8.683626474940445 13.94678561716872 1.0428218620422631
1647472535.7168903 8.683684692403967 13.946778174308127 1.0428998709822603
1647472535.8168902 8.6837165453481 13.9468348245049 1.0429028337884763
1647472535.9168904 8.683746995888066 13.946889173350351 1.0429055910024558
1647472536.0168903 8.683656630801 13.946745263227463 1.0428906366640038
1647472536.1168904 8.683566265713933 13.946601353104576 1.0428756823255516
1647472536.2168903 8.683475900626865 13.94645744298169 1.0428607279870994
1647472536.3168902 8.683385956105418 13.946314340141585 1.0428458906852556
1647472536.4168904 8.683313104024805 13.946204046529258 1.0428358099331814
1647472536.5168903 8.68324025194419 13.946093752916932 1.042825729181107
1647472536.6168904 8.683167399863574 13.945983459304607 1.0428156484290325
1647472536.7168903 8.683098482718144 13.945879479584859 1.0428060625315672
1647472536.8168902 8.683187883039972 13.946029531872034 1.0428163865245328
1647472536.9168904 8.6832772833618 13.946179584159209 1.0428267105174984
1647472537.0168903 8.683366683683628 13.946329636446384 1.0428370345104638
1647472537.1168904 8.683453987969987 13.946476177796738 1.042847075067463
1647472537.2168903 8.683451356698793 13.946472073766815 1.0428449541071398
1647472537.3168902 8.683448725427597 13.946467969736892 1.0428428331468167
1647472537.4168904 8.683446094156404 13.94646386570697 1.0428407121864938
1647472537.5168903 8.683443042793868 13.94645929695528 1.0428386055193561
1647472537.6168904 8.683421613345084 13.946434397632782 1.042837124148134
1647472537.7168903 8.6834001838963 13.946409498310283 1.0428356427769119
1647472537.8168902 8.683378754447515 13.946384598987784 1.04283416140569
1647472537.9168904 8.683357457110745 13.946359684799543 1.0428326214259214
1647472538.0168903 8.68334220525734 13.94633409035065 1.0428283995023946
1647472538.1168904 8.683326953403935 13.946308495901757 1.0428241775788678
1647472538.2168903 8.68331170155053 13.946282901452866 1.042819955655341
1647472538.3168902 8.683298287965213 13.946260216041816 1.0428159970885662
1647472538.4168904 8.683370938330357 13.946373725830046 1.0428243683460372
1647472538.5168903 8.6834435886955 13.946487235618278 1.0428327396035084
1647472538.6168904 8.683516239060644 13.94660074540651 1.0428411108609794
1647472538.7168903 8.683588164444153 13.946713067267703 1.0428494019859504
1647472538.8168902 8.68362699439589 13.94677116022663 1.0428540350600577
1647472538.9168904 8.683665824347628 13.946829253185557 1.0428586681341652
1647472539.0168903 8.683704654299365 13.946887346144484 1.0428633012082724
1647472539.1168904 8.68374316740617 13.946945019850512 1.0428679037325992
1647472539.2168903 8.683766896751516 13.946983131511406 1.042871080825672
1647472539.3168902 8.683790626096862 13.947021243172301 1.0428742579187447
1647472539.4168904 8.683814355442207 13.947059354833195 1.0428774350118175
1647472539.5168903 8.683838074155815 13.947097412598072 1.0428805684169695
1647472539.6168904 8.683861310065772 13.9471330228616 1.0428817178862166
1647472539.7168903 8.683884545975731 13.947168633125129 1.0428828673554635
1647472539.8168902 8.68390778188569 13.947204243388656 1.0428840168247107
1647472539.9168904 8.683928932474998 13.947236499205793 1.0428849608802517
1647472540.0168903 8.683854625574396 13.947115202123227 1.0428765019325816
1647472540.1168904 8.683780318673795 13.946993905040662 1.0428680429849118
1647472540.2168903 8.683706011773195 13.946872607958097 1.0428595840372419
1647472540.3168902 8.683633478010204 13.946754200149355 1.0428513172133607
1647472540.4168904 8.68364273003025 13.94676905978729 1.0428519120787245
1647472540.5168903 8.683651982050296 13.946783919425224 1.0428525069440884
1647472540.6168904 8.683661234070343 13.946798779063158 1.0428531018094522
1647472540.7168903 8.683669314975484 13.946811487615692 1.0428534925608484
1647472540.8168902 8.683627245169948 13.946732080133227 1.0428451425298422
1647472540.9168904 8.683585175364414 13.94665267265076 1.0428367924988358
1647472541.0168903 8.683543105558877 13.946573265168293 1.0428284424678296
1647472541.1168904 8.683502420388464 13.946496117328376 1.0428202053847864
1647472541.2168903 8.683521698697692 13.946516826337328 1.0428168596646505
1647472541.3168902 8.683540977006919 13.946537535346279 1.0428135139445147
1647472541.4168904 8.683560255316145 13.94655824435523 1.0428101682243789
1647472541.5168903 8.683579664785961 13.946579605332646 1.0428068812150082
1647472541.6168904 8.683604711322516 13.946628986844411 1.0428061174979424
1647472541.7168903 8.683629757859073 13.946678368356174 1.0428053537808764
1647472541.8168902 8.683654804395628 13.946727749867938 1.0428045900638103
1647472541.9168904 8.683679007467047 13.94677578775803 1.0428037943723736
1647472542.0168903 8.683666809833866 13.946765840115134 1.0428016187903162
1647472542.1168904 8.683654612200685 13.946755892472238 1.0427994432082588
1647472542.2168903 8.683642414567503 13.946745944829342 1.0427972676262016
1647472542.3168902 8.683630141407118 13.946735845609702 1.0427950754854676
1647472542.4168904 8.683614596662107 13.946719180594897 1.0427921660785093
1647472542.5168903 8.683599051917096 13.946702515580093 1.042789256671551
1647472542.6168904 8.683583507172084 13.946685850565288 1.042786347264593
1647472542.7168903 8.683569816126587 13.946672432956564 1.0427837051583886
1647472542.8168902 8.683634707749086 13.946796680504344 1.042792394557759
1647472542.9168904 8.683699599371584 13.946920928052124 1.0428010839571296
1647472543.0168903 8.683764490994083 13.947045175599904 1.0428097733565
1647472543.1168904 8.683826644846631 13.947164863040166 1.0428180086591692
1647472543.2168903 8.68377864332108 13.947101072548763 1.0428079731813404
1647472543.3168902 8.68373064179553 13.947037282057362 1.0427979377035115
1647472543.4168904 8.683682640269978 13.94697349156596 1.0427879022256827
1647472543.5168903 8.683636965738666 13.946912808422047 1.0427781392208735
1647472543.6168904 8.68368498870332 13.946977244057553 1.042779347467836
1647472543.7168903 8.683733011667975 13.94704167969306 1.0427805557147982
1647472543.8168902 8.68378103463263 13.947106115328566 1.0427817639617607
1647472543.9168904 8.683826118560392 13.947166165888786 1.042782401508789
1647472544.0168903 8.683752184084412 13.947048639684938 1.04275992815328
1647472544.1168904 8.683678249608432 13.946931113481092 1.042737454797771
1647472544.2168903 8.683604315132452 13.946813587277244 1.042714981442262
1647472544.3168902 8.683533888776255 13.946701715913125 1.042693257058152
1647472544.4168904 8.68360681060727 13.946820911637449 1.0427021370145362
1647472544.5168903 8.683679732438286 13.946940107361772 1.0427110169709206
1647472544.6168904 8.6837526542693 13.947059303086096 1.0427198969273048
1647472544.7168903 8.683823306341191 13.947174865131679 1.04272851555842
1647472544.8168902 8.68380236049555 13.947143787209143 1.0427265882024304
1647472544.9168904 8.683781414649909 13.947112709286607 1.0427246608464407
1647472545.0168903 8.683760468804268 13.947081631364073 1.042722733490451
1647472545.1168904 8.683738522306756 13.947048831245569 1.042720701494932
1647472545.2168903 8.683676167584064 13.946946485579334 1.0427144439562548
1647472545.3168902 8.683613812861372 13.946844139913098 1.0427081864175773
1647472545.4168904 8.68355145813868 13.946741794246863 1.0427019288789001
1647472545.5168903 8.683491209759119 13.946642859435602 1.0426959175510755
1647472545.6168904 8.683516672807567 13.946682719318416 1.0426999250485125
1647472545.7168903 8.683542135856014 13.946722579201227 1.0427039325459495
1647472545.8168902 8.683567598904462 13.94676243908404 1.0427079400433865
1647472545.9168904 8.68359306195291 13.946802298966851 1.0427119475408235
1647472546.0168903 8.683618525001359 13.946842158849664 1.0427159550382605
1647472546.1168904 8.683643988049806 13.946882018732476 1.0427199625356978
1647472546.2168903 8.683669451098254 13.946921878615289 1.0427239700331348
1647472546.3168902 8.683693814638959 13.946959682444199 1.0427278962606095
1647472546.4168904 8.683651967798635 13.94687367440081 1.042726928556954
1647472546.5168903 8.683610120958312 13.946787666357421 1.0427259608532986
1647472546.6168904 8.683568274117988 13.946701658314034 1.0427249931496434
1647472546.7168903 8.683526427277664 13.946615650270646 1.042724025445988
1647472546.8168902 8.68348458043734 13.946529642227258 1.0427230577423325
1647472546.9168904 8.683442733597017 13.94644363418387 1.0427220900386773
1647472547.0168903 8.683400886756694 13.946357626140482 1.042721122335022
1647472547.1168904 8.683359549282534 13.946272668762486 1.0427202564598226
1647472547.2168903 8.683348847647904 13.94625090367857 1.0427255150594497
1647472547.3168902 8.683338146013275 13.946229138594655 1.0427307736590767
1647472547.4168904 8.683327444378646 13.946207373510738 1.0427360322587038
1647472547.5168903 8.683316742744019 13.946185608426823 1.042741290858331
1647472547.6168904 8.68330604110939 13.946163843342907 1.042746549457958
1647472547.7168903 8.68329533947476 13.946142078258992 1.0427518080575848
1647472547.8168902 8.683284637840131 13.946120313175076 1.042757066657212
1647472547.9168904 8.683274240567352 13.946098987639187 1.0427620456793856
1647472548.0168903 8.683282000581952 13.94610388418028 1.0427503459746563
1647472548.1168904 8.683289760596553 13.946108780721373 1.0427386462699273
1647472548.2168903 8.683297520611152 13.946113677262465 1.042726946565198
1647472548.3168902 8.683305279769424 13.946118777499725 1.042715687394515
1647472548.4168904 8.683312986267563 13.946136404077075 1.0427315189605775
1647472548.5168903 8.683320692765701 13.946154030654425 1.04274735052664
1647472548.6168904 8.683328399263841 13.946171657231774 1.0427631820927026
1647472548.7168903 8.68333572496084 13.946188894753924 1.042778883349259
1647472548.8168902 8.683320456836695 13.946183048722254 1.0427868530384206
1647472548.9168904 8.683305188712552 13.946177202690583 1.0427948227275823
1647472549.0168903 8.683289920588408 13.946171356658912 1.042802792416744
1647472549.1168904 8.683274819335432 13.946165420484755 1.0428105795480265
1647472549.2168903 8.683269503553328 13.946154198276487 1.042807661326015
1647472549.3168902 8.683264187771222 13.94614297606822 1.042804743104004
1647472549.4168904 8.683258871989118 13.946131753859953 1.0428018248819926
1647472549.5168903 8.683254822589582 13.946122550098355 1.042799180986589
1647472549.6168904 8.68333035051797 13.946240182094254 1.0428137753088942
1647472549.7168903 8.683405878446356 13.94635781409015 1.042828369631199
1647472549.8168902 8.683481406374744 13.94647544608605 1.042842963953504
1647472549.9168904 8.683555287093055 13.946590439579609 1.0428571683037695
1647472550.0168903 8.683571367261205 13.946612848108423 1.0428576885473364
1647472550.1168904 8.683587447429355 13.946635256637238 1.0428582087909033
1647472550.2168903 8.683603527597505 13.946657665166052 1.0428587290344704
1647472550.3168902 8.683620269512463 13.946681119655318 1.0428593690341448
1647472550.4168904 8.683660313343411 13.946741405274382 1.0428642259740768
1647472550.5168903 8.68370035717436 13.946801690893444 1.0428690829140088
1647472550.6168904 8.683740401005307 13.946861976512507 1.0428739398539406
1647472550.7168903 8.68377919231976 13.946920182506222 1.0428785758537817
1647472550.8168902 8.68377425426066 13.946905782099936 1.042875498125456
1647472550.9168904 8.68376931620156 13.946891381693648 1.0428724203971302
1647472551.0168903 8.683764378142461 13.94687698128736 1.0428693426688045
1647472562.7963693 8.683583242702081 13.946377750283231 1.0428506823689547
1647472562.8963692 8.68360865380271 13.946425275533562 1.0428716963783367
1647472562.9963694 8.683634064903337 13.94647280078389 1.0428927103877186
1647472563.0963693 8.683659476003964 13.946520326034221 1.0429137243971005
1647472563.1963694 8.683601755763389 13.94643304058838 1.042916535102469
1647472563.2963693 8.683525360240147 13.946315470200407 1.0429152564735018
1647472563.3963692 8.683448964716904 13.946197899812434 1.0429139778445349
1647472563.4963694 8.683372569193661 13.946080329424461 1.0429126992155677
1647472563.5963693 8.683346933467316 13.94603237959372 1.042910099869502
1647472563.6963694 8.683332737581443 13.946000120292043 1.0429072028706907
1647472563.7963693 8.68331854169557 13.945967860990363 1.0429043058718794
1647472563.8963692 8.683304345809697 13.945935601688685 1.042901408873068
1647472563.9963694 8.683290149923824 13.945903342387007 1.0428985118742566
1647472564.0963693 8.683275954037951 13.945871083085327 1.0428956148754454
1647472564.1963694 8.68326175815208 13.94583882378365 1.042892717876634
1647472564.2963693 8.683247562266207 13.945806564481972 1.0428898208778226
1647472564.3963692 8.683267050447979 13.945844597619963 1.0428907661570086
1647472564.4963694 8.68329411028689 13.945898431410601 1.0428925751208282
1647472564.5963693 8.6833211701258 13.94595226520124 1.0428943840846479
1647472564.6963694 8.683348229964713 13.94600609899188 1.0428961930484675
1647472564.7963693 8.683355583765337 13.946036547961361 1.042891644689679
1647472564.8963692 8.683358499817508 13.946061730730074 1.0428856646784115
1647472564.9963694 8.68336141586968 13.946086913498787 1.042879684667144
1647472565.0963693 8.683364331921853 13.946112096267502 1.0428737046558765
1647472565.1963694 8.683377583369138 13.946150798598348 1.0428582046285968
1647472565.2963693 8.683393181339431 13.946192570377747 1.0428405432000019
1647472565.3963692 8.683408779309724 13.946234342157146 1.0428228817714071
1647472565.4963694 8.683424377280017 13.946276113936545 1.0428052203428122
1647472565.5963693 8.68342858664247 13.946283489856409 1.0427959616347906
1647472565.6963694 8.683430202820448 13.946283033843674 1.042788616225116
1647472565.7963693 8.683431818998425 13.946282577830937 1.0427812708154416
1647472565.8963692 8.683433435176402 13.9462821218182 1.0427739254057673
1647472565.9963694 8.68339514410842 13.946223290621276 1.042770102216314
1647472566.0963693 8.683347784171431 13.946151193740747 1.04276707944676
1647472566.1963694 8.683300424234442 13.946079096860215 1.042764056677206
1647472566.2963693 8.683253064297455 13.946006999979685 1.042761033907652
1647472566.3963692 8.683205704360466 13.945934903099154 1.042758011138098
1647472566.4963694 8.683158344423477 13.945862806218624 1.0427549883685443
1647472566.5963693 8.68311098448649 13.945790709338093 1.0427519655989903
1647472566.6963694 8.6830636245495 13.945718612457563 1.0427489428294363
1647472566.7963693 8.683044453844891 13.945682984460552 1.0427473054866907
1647472566.8963692 8.683031676133956 13.945655627186861 1.0427459823428102
1647472566.9963694 8.68301889842302 13.945628269913172 1.0427446591989296
1647472567.0963693 8.683006120712085 13.945600912639483 1.042743336055049
1647472567.1963694 8.682964556182299 13.945526326820609 1.0427446673392238
1647472567.2963693 8.68291646794592 13.945441038006969 1.042746600173361
1647472567.3963692 8.682868379709545 13.945355749193329 1.042748533007498
1647472567.4963694 8.682820291473167 13.945270460379689 1.042750465841635
1647472567.5963693 8.682890034993893 13.945360886715056 1.042767051194659
1647472567.6963694 8.682986489056944 13.945491144815986 1.0427869580353322
1647472567.7963693 8.683082943119995 13.945621402916915 1.0428068648760054
1647472567.8963692 8.683179397183046 13.945751661017844 1.0428267717166786
1647472567.9963694 8.6831937418617 13.945760888180537 1.0428330664533751
1647472568.0963693 8.683189458535242 13.94574265727674 1.0428362730370635
1647472568.1963694 8.683185175208786 13.945724426372946 1.0428394796207519
1647472568.2963693 8.68318089188233 13.945706195469151 1.04284268620444
1647472568.3963692 8.683305912923469 13.945906979702706 1.042862160864828
1647472568.4963694 8.683460231152731 13.946157387377449 1.0428853214711151
1647472568.5963693 8.683614549381993 13.946407795052192 1.0429084820774022
1647472568.6963694 8.683768867611255 13.946658202726933 1.0429316426836892
1647472568.7963693 8.68383299622957 13.946758882212894 1.0429407397672352
1647472568.8963692 8.68387671487636 13.946825678105853 1.0429466542658277
1647472568.9963694 8.683920433523149 13.946892473998812 1.0429525687644203
1647472569.0963693 8.683964152169938 13.946959269891773 1.0429584832630128
1647472569.1963694 8.683981865770411 13.94698948468803 1.0429607045309832
1647472569.2963693 8.68399374352732 13.94701149024847 1.0429620969938098
1647472569.3963692 8.68400562128423 13.947033495808908 1.0429634894566362
1647472569.4963694 8.68401749904114 13.947055501369347 1.0429648819194626
1647472569.5963693 8.684075610751737 13.947147079428314 1.0429713707575001
1647472569.6963694 8.684144135684335 13.947254327223797 1.042979007446462
1647472569.7963693 8.68421266061693 13.94736157501928 1.0429866441354236
1647472569.8963692 8.684281185549528 13.947468822814761 1.0429942808243855
1647472569.9963694 8.684223535425481 13.947378803703002 1.0429880891517582
1647472570.0963693 8.68413740676756 13.947244260162647 1.0429787763276577
1647472570.1963694 8.684051278109639 13.947109716622291 1.0429694635035571
1647472570.2963693 8.683965149451717 13.946975173081935 1.0429601506794564
1647472570.3963692 8.683884818345964 13.946844263014139 1.0429507007418986
1647472570.4963694 8.683805794340541 13.946714172139176 1.0429412198911139
1647472570.5963693 8.683726770335118 13.946584081264213 1.0429317390403292
1647472570.6963694 8.683647746329695 13.94645399038925 1.0429222581895445
1647472570.7963693 8.68355764013855 13.946311578934187 1.0429118985397587
1647472570.8963692 8.683465034261 13.946166388461759 1.0429013406689744
1647472570.9963694 8.683372428383448 13.946021197989328 1.0428907827981904
1647472571.0963693 8.683279822505897 13.9458760075169 1.042880224927406
1647472571.1963694 8.683216570267268 13.945774970649067 1.0428728245531838
1647472571.2963693 8.683159916251418 13.945683858796677 1.0428661339330672
1647472571.3963692 8.683103262235567 13.945592746944289 1.0428594433129503
1647472571.4963694 8.683046608219717 13.9455016350919 1.0428527526928337
1647472571.5963693 8.683031713985358 13.94547809017867 1.042851216733334
1647472571.6963694 8.683026211662677 13.945469741291435 1.0428508400738956
1647472571.7963693 8.683020709339996 13.945461392404201 1.0428504634144573
1647472571.8963692 8.683015207017315 13.945453043516967 1.042850086755019
1647472571.9963694 8.683058569684485 13.94552606311424 1.0428520740198355
1647472572.0963693 8.68311293997795 13.945617412273688 1.0428545937966789
1647472572.1963694 8.683167310271411 13.945708761433133 1.0428571135735223
1647472572.2963693 8.683221680564875 13.94580011059258 1.0428596333503657
1647472572.3963692 8.683276050858339 13.945891459752026 1.042862153127209
1647472572.4963694 8.683330421151803 13.945982808911472 1.0428646729040525
1647472572.5963693 8.683384791445267 13.94607415807092 1.042867192680896
1647472572.6963694 8.68343916173873 13.946165507230365 1.0428697124577393
1647472572.7963693 8.683477057688116 13.946228658375924 1.0428724222180323
1647472572.8963692 8.683511204313998 13.946285392059536 1.042875175215823
1647472572.9963694 8.68354535093988 13.946342125743149 1.0428779282136138
1647472573.0963693 8.683579497565761 13.94639885942676 1.0428806812114044
1647472573.1963694 8.683613644191643 13.946455593110372 1.0428834342091953
1647472573.2963693 8.683647790817526 13.946512326793984 1.042886187206986
1647472573.3963692 8.683681937443408 13.946569060477596 1.0428889402047767
1647472573.4963694 8.68371608406929 13.946625794161209 1.0428916932025674
1647472573.5963693 8.683715729506226 13.946631045467516 1.0428895865054784
1647472573.6963694 8.683707527827961 13.946624587376036 1.0428863744961747
1647472573.7963693 8.683699326149695 13.946618129284554 1.042883162486871
1647472573.8963692 8.68369112447143 13.946611671193073 1.0428799504775674
1647472573.9963694 8.683651043112713 13.94655351380334 1.0428683952276994
1647472574.0963693 8.683603737505008 13.946483640844383 1.0428549493175001
1647472574.1963694 8.683556431897303 13.946413767885426 1.0428415034073009
1647472574.2963693 8.683509126289598 13.94634389492647 1.0428280574971016
1647472574.3963692 8.683520853987863 13.946361468077317 1.042827009583259
1647472574.4963694 8.683545950405323 13.946398844328595 1.0428287693273843
1647472574.5963693 8.683571046822784 13.946436220579871 1.0428305290715099
1647472574.6963694 8.683596143240246 13.946473596831147 1.0428322888156354
1647472574.7963693 8.683616587815802 13.94650420054285 1.0428342139246882
1647472574.8963692 8.683635987920272 13.946533283626401 1.0428361761628804
1647472574.9963694 8.683655388024741 13.946562366709951 1.0428381384010725
1647472575.0963693 8.683674788129212 13.946591449793502 1.0428401006392647
1647472575.1963694 8.683605010674757 13.946481890128846 1.0428297383337028
1647472575.2963693 8.683515160112806 13.946341123164714 1.0428166018785165
1647472575.3963692 8.683425309550858 13.946200356200583 1.0428034654233302
1647472575.4963694 8.683335458988909 13.94605958923645 1.0427903289681437
1647472575.5963693 8.683352998096046 13.94608930615983 1.0427904738497393
1647472575.6963694 8.683394767521285 13.946157489342214 1.0427936153977528
1647472575.7963693 8.683436536946525 13.946225672524598 1.0427967569457666
1647472575.8963692 8.683478306371764 13.946293855706983 1.0427998984937803
1647472575.9963694 8.683478657579597 13.946291933427121 1.0427978128666362
1647472576.0963693 8.683469651967721 13.946274173571142 1.0427945463645392
1647472576.1963694 8.683460646355845 13.946256413715163 1.0427912798624421
1647472576.2963693 8.683451640743971 13.946238653859186 1.042788013360345
1647472576.3963692 8.683410910037336 13.946182895986043 1.0427839021670975
1647472576.4963694 8.683363046658727 13.946118595115811 1.0427796010640975
1647472576.5963693 8.683315183280115 13.94605429424558 1.0427752999610973
1647472576.6963694 8.683267319901503 13.945989993375346 1.0427709988580973
1647472593.475862 8.683356729333562 13.946354303933537 1.042525292987111
1647472593.575862 8.683390780558973 13.946407871571632 1.0425289173394194
1647472593.675862 8.68338839951924 13.946406488053734 1.0425277926256193
1647472593.775862 8.683386018479505 13.946405104535836 1.0425266679118192
1647472593.8758621 8.683383637439771 13.946403721017937 1.0425255431980192
1647472593.975862 8.683382058393772 13.946401779829655 1.0425251195634617
1647472594.075862 8.683381003833313 13.946399473937706 1.0425251544186775
1647472594.175862 8.683379949272853 13.94639716804576 1.0425251892738934
1647472594.275862 8.683378894712394 13.946394862153813 1.0425252241291094
1647472594.3758621 8.683385444056862 13.946404167782665 1.0425257812824298
1647472594.475862 8.683396719397305 13.946420690229862 1.042526663055635
1647472594.575862 8.683407994737749 13.94643721267706 1.04252754482884
1647472594.675862 8.683419270078192 13.946453735124257 1.0425284266020451
1647472594.775862 8.683432257172559 13.946471350049599 1.0425247950782457
1647472594.8758621 8.683446307080962 13.946489643285702 1.0425183612851847
1647472594.975862 8.683460356989364 13.946507936521805 1.042511927492124
1647472595.075862 8.683474406897767 13.946526229757907 1.0425054936990632
1647472595.175862 8.683491269833754 13.946553635837718 1.042499885377593
1647472595.275862 8.683509878340875 13.946586696720571 1.0424947892869276
1647472595.3758621 8.683528486847996 13.946619757603424 1.0424896931962622
1647472595.475862 8.683547095355117 13.946652818486275 1.0424845971055967
1647472595.575862 8.683580414335685 13.946710852441763 1.0424834257556506
1647472595.675862 8.683622856318658 13.946784373961437 1.0424846884143144
1647472595.775862 8.683665298301632 13.946857895481111 1.0424859510729785
1647472595.8758621 8.683707740284605 13.946931417000783 1.0424872137316423
1647472595.975862 8.683718389939298 13.946948267854063 1.0424857160784498
1647472596.075862 8.683708337358977 13.946928216425647 1.0424824209908496
1647472596.175862 8.683698284778657 13.94690816499723 1.0424791259032495
1647472596.275862 8.683688232198337 13.946888113568814 1.0424758308156494
1647472596.3758621 8.683675082531416 13.946866339714239 1.0424735529926847
1647472596.475862 8.68365991471456 13.94684344347767 1.0424719380483605
1647472596.575862 8.683644746897706 13.9468205472411 1.0424703231040364
1647472596.675862 8.683629579080852 13.94679765100453 1.0424687081597122
1647472596.775862 8.683617085857696 13.946774393495248 1.0424735490830501
1647472596.8758621 8.683606334665596 13.946750900679838 1.0424825948775707
1647472596.975862 8.683595583473496 13.946727407864428 1.0424916406720912
1647472597.075862 8.683584832281396 13.946703915049017 1.0425006864666118
1647472597.175862 8.683523506718025 13.946595720532795 1.0425100856785965
1647472597.275862 8.683429242947437 13.946432361273976 1.0425197150652206
1647472597.3758621 8.683334979176848 13.946269002015159 1.0425293444518446
1647472597.475862 8.683240715406258 13.94610564275634 1.0425389738384687
1647472597.575862 8.683206009943252 13.946041267301752 1.0425458715199751
1647472597.675862 8.683210064892755 13.946041310284146 1.0425509914139401
1647472597.775862 8.683214119842258 13.946041353266539 1.042556111307905
1647472597.8758621 8.68321817479176 13.946041396248932 1.04256123120187
1647472597.975862 8.683208145696867 13.946020002389373 1.0425635847746613
1647472598.075862 8.683188964053398 13.945984677748875 1.0425641406472892
1647472598.175862 8.68316978240993 13.945949353108375 1.0425646965199171
1647472598.275862 8.683150600766462 13.945914028467877 1.0425652523925448
1647472598.3758621 8.683169686821252 13.945942166989349 1.0425718101402155
1647472598.475862 8.683213542638175 13.94601138369158 1.042582252757474
1647472598.575862 8.683257398455098 13.946080600393811 1.0425926953747326
1647472598.675862 8.683301254272019 13.946149817096043 1.0426031379919911
1647472598.775862 8.683359212019608 13.946244447703423 1.0426103869291918
1647472598.8758621 8.683426417593948 13.946355744354438 1.042615541500695
1647472598.975862 8.683493623168285 13.946467041005452 1.042620696072198
1647472599.075862 8.683560828742625 13.946578337656467 1.0426258506437012
1647472599.175862 8.683628034316964 13.94668963430748 1.0426310052152041
1647472599.275862 8.683695239891302 13.946800930958494 1.0426361597867073
1647472599.3758621 8.683762445465641 13.94691222760951 1.0426413143582103
1647472599.475862 8.683829651039979 13.947023524260523 1.0426464689297135
1647472599.575862 8.683827452688053 13.947028064222513 1.0426409379307442
1647472599.675862 8.683780514102722 13.946963785034903 1.0426285186339117
1647472599.775862 8.683733575517392 13.946899505847293 1.0426160993370792
1647472599.8758621 8.68368663693206 13.946835226659683 1.0426036800402467
1647472599.975862 8.683672714379613 13.9468163265773 1.0425976509250143
1647472600.075862 8.683680056275776 13.946826653557256 1.0425957374977186
1647472600.175862 8.68368739817194 13.946836980537212 1.042593824070423
1647472600.275862 8.683694740068104 13.946847307517167 1.0425919106431274
1647472600.3758621 8.68368137861077 13.946829803381878 1.042582448883466
1647472600.475862 8.68365468747792 13.94679438042317 1.0425681271951401
1647472600.575862 8.68362799634507 13.946758957464466 1.0425538055068142
1647472600.675862 8.683601305212221 13.94672353450576 1.0425394838184885
1647472600.775862 8.683586924344931 13.946704913910152 1.0425339171816128
1647472600.8758621 8.683580475476356 13.946697119752185 1.0425339917761545
1647472600.975862 8.68357402660778 13.94668932559422 1.0425340663706961
1647472601.075862 8.683567577739204 13.946681531436253 1.0425341409652378
1647472601.175862 8.683545198131736 13.946642583237365 1.0425314885789008
1647472601.275862 8.683512555311099 13.946583564371 1.0425270793634391
1647472601.3758621 8.683479912490462 13.946524545504635 1.0425226701479775
1647472601.475862 8.683447269669825 13.94646552663827 1.0425182609325159
1647472601.575862 8.683428061338349 13.946442855707385 1.0425158308445992
1647472601.675862 8.683417510929702 13.946443609382873 1.0425146762151942
1647472601.775862 8.683406960521056 13.946444363058362 1.0425135215857895
1647472601.8758621 8.68339641011241 13.94644511673385 1.0425123669563847
1647472601.975862 8.683417405591728 13.946468925487125 1.0425161509715415
1647472602.075862 8.683458736344223 13.946507596123675 1.0425231185612545
1647472602.175862 8.683500067096718 13.946546266760228 1.0425300861509674
1647472602.275862 8.683541397849213 13.94658493739678 1.0425370537406804
1647472602.3758621 8.683541900622522 13.946588330466104 1.042539487309067
1647472602.475862 8.683516123754973 13.946569016514024 1.0425390024755514
1647472602.575862 8.683490346887423 13.946549702561946 1.0425385176420359
1647472602.675862 8.683464570019874 13.946530388609867 1.04253803280852
1647472602.775862 8.683448472624272 13.946519362601636 1.04253769202265
1647472602.8758621 8.683438639541585 13.94651370034403 1.0425374444608242
1647472602.975862 8.683428806458899 13.94650803808642 1.0425371968989985
1647472603.075862 8.683418973376211 13.946502375828812 1.0425369493371726
1647472603.175862 8.683413373659205 13.946495028284456 1.0425358689785964
1647472603.275862 8.683410515900732 13.94648658917685 1.042534249216073
1647472603.3758621 8.68340765814226 13.946478150069245 1.0425326294535493
1647472603.475862 8.683404800383787 13.94646971096164 1.0425310096910259
1647472603.575862 8.683401942625315 13.946461271854036 1.0425293899285022
1647472603.675862 8.683399084866842 13.94645283274643 1.0425277701659788
1647472603.775862 8.68339622710837 13.946444393638826 1.0425261504034553
1647472603.8758621 8.683393369349897 13.946435954531221 1.0425245306409316
1647472603.975862 8.683393061686257 13.94642864569768 1.0425231180922132
1647472604.075862 8.683394344992388 13.94642204202688 1.0425218348213932
1647472604.175862 8.683395628298522 13.946415438356082 1.042520551550573
1647472604.275862 8.683396911604653 13.946408834685284 1.042519268279753
1647472604.3758621 8.683414927924998 13.946436988450062 1.0425207399932246
1647472604.475862 8.683443416230453 13.946486894383536 1.0425239358523952
1647472604.575862 8.68347190453591 13.94653680031701 1.042527131711566
1647472604.675862 8.683500392841367 13.946586706250484 1.0425303275707367
1647472604.775862 8.683519183277182 13.946615473968649 1.0425323762197634
1647472604.8758621 8.68353192201362 13.94663105094192 1.0425337089826032
1647472604.975862 8.683544660750059 13.946646627915191 1.042535041745443
1647472605.075862 8.683557399486496 13.946662204888462 1.042536374508283
1647472605.175862 8.683491955029304 13.946556421544264 1.0425276191058244
1647472605.275862 8.683377752692516 13.946374953497612 1.0425125723570277
1647472615.3149998 8.683254479209552 13.946041496808622 1.042509822255135
1647472615.4149997 8.683206655758186 13.945956141617307 1.042509953197333
1647472615.5149999 8.683158942712113 13.945870966079148 1.0425100917462393
1647472615.6149998 8.683261565446836 13.94603041919052 1.0425205881359676
1647472615.715 8.68336418818156 13.946189872301892 1.0425310845256959
1647472615.8149998 8.683466810916284 13.946349325413264 1.0425415809154241
1647472615.9149997 8.683569433651009 13.946508778524635 1.0425520773051524
1647472616.0149999 8.683496972250103 13.946383252170296 1.0425542352101167
1647472616.1149998 8.683424215812062 13.946257245592406 1.042556379063764
1647472616.215 8.68335145937402 13.946131239014514 1.0425585229174112
1647472616.3149998 8.68327870293598 13.946005232436622 1.0425606667710585
1647472616.4149997 8.683316451985998 13.946078392020414 1.0425635779265756
1647472616.5149999 8.683354406922078 13.9461519226766 1.0425664905116754
1647472616.6149998 8.683392361858155 13.946225453332787 1.0425694030967751
1647472616.715 8.683430316794235 13.94629898398897 1.042572315681875
1647472616.8149998 8.683477239336238 13.946377780407019 1.042587759418334
1647472616.9149997 8.683524178594638 13.946456586640902 1.0426032265139487
1647472617.0149999 8.683571117853038 13.946535392874788 1.0426186936095632
1647472617.1149998 8.683618057111438 13.946614199108673 1.042634160705178
1647472617.215 8.68362677214845 13.946625277247465 1.042612851122522
1647472617.3149998 8.683635424492218 13.946636244302397 1.042591481220801
1647472617.4149997 8.683644076835984 13.946647211357327 1.04257011131908
1647472617.5149999 8.683652729179752 13.946658178412259 1.0425487414173589
1647472617.6149998 8.683656794053993 13.946663848506427 1.042557600636971
1647472617.715 8.683660850225289 13.946669508551665 1.0425665172046295
1647472617.8149998 8.683664906396585 13.9466751685969 1.042575433772288
1647472617.9149997 8.68366896256788 13.946680828642139 1.0425843503399461
1647472618.0149999 8.683636263698766 13.946626116751531 1.0425838343409144
1647472618.1149998 8.683603504563658 13.946571305871108 1.042583302875623
1647472618.215 8.683570745428549 13.946516494990686 1.042582771410332
1647472618.3149998 8.683537986293441 13.946461684110263 1.0425822399450406
1647472618.4149997 8.683505227158333 13.94640687322984 1.0425817084797495
1647472618.5149999 8.683472468023226 13.946352062349417 1.0425811770144582
1647472618.6149998 8.683439708888118 13.946297251468996 1.0425806455491669
1647472618.715 8.68340694975301 13.946242440588573 1.0425801140838757
1647472618.8149998 8.683363309142596 13.946166620089109 1.0425769535316936
1647472618.9149997 8.683319649289677 13.946090762436807 1.0425737883303055
1647472619.0149999 8.68327598943676 13.946014904784505 1.0425706231289176
1647472619.1149998 8.683232329583841 13.945939047132201 1.0425674579275297
1647472619.215 8.683266319140252 13.94599679365083 1.0425730752458573
1647472619.3149998 8.683300457790375 13.946054796701251 1.0425787094273975
1647472619.4149997 8.683334596440499 13.946112799751672 1.0425843436089377
1647472619.5149999 8.683368735090625 13.946170802802094 1.0425899777904777
1647472619.6149998 8.683342368635675 13.94612419636688 1.0425874520596736
1647472619.715 8.683315903319905 13.946077419007585 1.0425849129961826
1647472619.8149998 8.683289438004135 13.94603064164829 1.0425823739326916
1647472619.9149997 8.683262972688365 13.945983864288994 1.0425798348692006
1647472620.0149999 8.683236507372595 13.9459370869297 1.0425772958057096
1647472620.1149998 8.683210042056825 13.945890309570405 1.0425747567422183
1647472620.215 8.683183576741055 13.945843532211109 1.0425722176787273
1647472620.3149998 8.683157111425285 13.945796754851814 1.0425696786152363
1647472620.4149997 8.683123686475554 13.945741115618869 1.0425663953133963
1647472620.5149999 8.68309025070695 13.945685462609983 1.0425631108546245
1647472620.6149998 8.683056814938347 13.945629809601098 1.0425598263958527
1647472620.715 8.683023379169743 13.945574156592212 1.042556541937081
1647472620.8149998 8.683102114626806 13.945695125690312 1.0425657139450653
1647472620.9149997 8.68318106589206 13.945816434594787 1.042574909918265
1647472621.0149999 8.683260017157313 13.945937743499263 1.0425841058914649
1647472621.1149998 8.683338968422566 13.946059052403736 1.0425933018646647
1647472621.215 8.683491204326135 13.946307930153159 1.0426106142282003
1647472621.3149998 8.683643579188757 13.946557049792917 1.0426279419816724
1647472621.4149997 8.68379595405138 13.946806169432676 1.0426452697351445
1647472621.5149999 8.683948328914003 13.947055289072434 1.0426625974886166
1647472621.6149998 8.683905101995087 13.946982945047672 1.0426573056440764
1647472621.715 8.683861576529646 13.946910110373697 1.0426519792752986
1647472621.8149998 8.683818051064202 13.946837275699723 1.0426466529065208
1647472621.9149997 8.68377452559876 13.946764441025747 1.0426413265377432
1647472622.0149999 8.683777445093188 13.946771197898547 1.042642951995812
1647472622.1149998 8.683780431300525 13.946778069095563 1.0426445874393906
1647472622.215 8.683783417507861 13.946784940292577 1.042646222882969
1647472622.3149998 8.683786403715198 13.946791811489591 1.0426478583265475
1647472622.4149997 8.683776679068027 13.946774366806324 1.0426469152947915
1647472622.5149999 8.6837669373058 13.946756889381932 1.0426459687911407
1647472622.6149998 8.683757195543574 13.946739411957541 1.04264502228749
1647472622.715 8.683747453781347 13.94672193453315 1.042644075783839
1647472622.8149998 8.683778501299633 13.946773385108973 1.0426443369473297
1647472622.9149997 8.683809559557059 13.946824853832393 1.0426445984287789
1647472623.0149999 8.683840617814484 13.946876322555811 1.0426448599102283
1647472623.1149998 8.68387167607191 13.946927791279231 1.0426451213916774
1647472623.215 8.683739240150413 13.946713503287487 1.0426287897678965
1647472623.3149998 8.683606796120666 13.946499202115934 1.0426124573212054
1647472623.4149997 8.683474352090919 13.94628490094438 1.0425961248745141
1647472623.5149999 8.683341908061172 13.94607059977283 1.0425797924278228
1647472623.6149998 8.683354604000478 13.946088915852156 1.0425808188621235
1647472623.715 8.68336741602538 13.946107417983008 1.042581859180374
1647472623.8149998 8.683380228050284 13.946125920113857 1.0425828994986244
1647472623.9149997 8.683393040075186 13.946144422244709 1.0425839398168748
1647472624.0149999 8.683419425833158 13.946192651401564 1.0425870396108234
1647472624.1149998 8.68344582482726 13.946240909546082 1.0425901414130248
1647472624.215 8.683472223821363 13.9462891676906 1.0425932432152263
1647472624.3149998 8.683498622815465 13.946337425835116 1.0425963450174276
1647472624.4149997 8.68352255804566 13.946375504849875 1.0425982331007075
1647472624.5149999 8.683546491906435 13.946413578206831 1.0426001205093731
1647472624.6149998 8.683570425767211 13.946451651563786 1.042602007918039
1647472624.715 8.683594359627987 13.94648972492074 1.0426038953267045
1647472624.8149998 8.683552326919536 13.946416240970354 1.0425963212542304
1647472624.9149997 8.683510257167393 13.946342694374687 1.0425887418686381
1647472625.0149999 8.68346818741525 13.946269147779018 1.0425811624830459
1647472625.1149998 8.683426117663108 13.94619560118335 1.0425735830974534
1647472625.215 8.683429922465422 13.946213609895684 1.042574035148739
1647472625.3149998 8.683433796035326 13.946231755852683 1.042574499239434
1647472625.4149997 8.683437669605228 13.94624990180968 1.042574963330129
1647472625.5149999 8.683441543175132 13.946268047766676 1.0425754274208237
1647472625.6149998 8.683535446938068 13.946421437466526 1.0425863366569488
1647472625.715 8.683630622877043 13.946576738234688 1.0425973934887114
1647472625.8149998 8.683725798816019 13.946732039002848 1.042608450320474
1647472625.9149997 8.683820974754992 13.94688733977101 1.0426195071522366
1647472626.0149999 8.683831915105662 13.946906629879678 1.042623202262859
1647472626.1149998 8.683841617545788 13.946923921200979 1.042626789186996
1647472626.215 8.683851319985912 13.94694121252228 1.0426303761111333
1647472626.3149998 8.683861022426036 13.946958503843582 1.0426339630352703
1647472626.4149997 8.683835096721497 13.946904958541237 1.0426355422492926
1647472626.5149999 8.683808607384256 13.946850292612547 1.0426370897015969
1647472626.6149998 8.683782118047015 13.946795626683857 1.042638637153901
1647472626.715 8.683755628709774 13.946740960755166 1.0426401846062052
1647472626.8149998 8.683804964537464 13.946802934443037 1.0426525307437773
1647472626.9149997 8.683854539640661 13.946865276201368 1.042664910957911
1647472627.0149999 8.68390411474386 13.9469276179597 1.0426772911720446
1647472627.1149998 8.683953689847058 13.946989959718032 1.0426896713861782
1647472627.215 8.683945702130744 13.946970252512543 1.0426897920696516
1647472627.3149998 8.683936800690558 13.946949242902175 1.0426897181513677
1647472627.4149997 8.683927899250373 13.946928233291809 1.0426896442330837
1647472627.5149999 8.683918997810187 13.94690722368144 1.0426895703148
1647472627.6149998 8.683891935981666 13.946877232261702 1.0426888478042413
1647472627.715 8.683864583184816 13.946847096934132 1.042688114901845
1647472627.8149998 8.683837230387967 13.946816961606562 1.0426873819994484
1647472627.9149997 8.683809877591116 13.946786826278993 1.042686649097052
1647472628.0149999 8.683773488628619 13.946718737065897 1.0426858582556242
1647472628.1149998 8.68373695967978 13.946650059879353 1.0426850665166172
1647472628.215 8.683700430730944 13.946581382692811 1.0426842747776104
1647472628.3149998 8.683663901782108 13.946512705506267 1.0426834830386034
1647472628.4149997 8.683633177764658 13.946457679473207 1.042685023950539
1647472628.5149999 8.683602543253537 13.946402863927489 1.042686600829655
1647472628.6149998 8.683571908742413 13.94634804838177 1.0426881777087709
1647472628.715 8.68354127423129 13.94629323283605 1.0426897545878868
1647472628.8149998 8.68363452912612 13.94643423910078 1.0427020491145866
1647472628.9149997 8.683729707492628 13.946578285639239 1.0427145100404345
1647472629.0149999 8.683824885859135 13.946722332177696 1.0427269709662823
1647472629.1149998 8.683920064225642 13.946866378716155 1.04273943189213
1647472629.215 8.683890292160449 13.946836737854184 1.0427228353823605
1647472629.3149998 8.683860142165305 13.946806571650528 1.0427061509843376
1647472629.4149997 8.68382999217016 13.94677640544687 1.042689466586315
1647472629.5149999 8.683799842175018 13.946746239243215 1.042672782188292
1647472629.6149998 8.683769692179874 13.946716073039557 1.0426560977902692
1647472629.715 8.68373954218473 13.9466859068359 1.0426394133922463
1647472629.8149998 8.683709392189586 13.946655740632243 1.0426227289942236
1647472629.9149997 8.683679273228337 13.946625614490411 1.0426060546322895
1647472630.0149999 8.683703952878185 13.946666228179485 1.0426071016599754
1647472630.1149998 8.683728632528034 13.946706841868558 1.0426081486876613
1647472630.215 8.683753312177883 13.946747455557631 1.0426091957153472
1647472630.3149998 8.683777991827732 13.946788069246702 1.042610242743033
1647472630.4149997 8.683802671477581 13.946828682935775 1.042611289770719
1647472630.5149999 8.68382735112743 13.946869296624849 1.0426123367984048
1647472630.6149998 8.683852030777278 13.946909910313922 1.042613383826091
1647472630.715 8.683876710427127 13.946950524002995 1.0426144308537768
1647472630.8149998 8.683858625699674 13.9469356292389 1.0426098507272177
1647472630.9149997 8.683840508586176 13.9469206924375 1.042605266339138
1647472631.0149999 8.68382239147268 13.946905755636099 1.0426006819510583
1647472631.1149998 8.683804274359181 13.946890818834698 1.0425960975629787
1647472631.215 8.683864184755723 13.946961789714772 1.0426074330928083
1647472631.3149998 8.683924129732342 13.94703279866724 1.0426187756779954
1647472631.4149997 8.683984074708961 13.94710380761971 1.0426301182631827
1647472631.5149999 8.68404401968558 13.94717481657218 1.0426414608483698
1647472631.6149998 8.683978346900753 13.947050418951104 1.0426439267490988
1647472631.715 8.683912607832442 13.946925918221769 1.0426463879659553
1647472631.8149998 8.68384686876413 13.946801417492436 1.0426488491828116
1647472631.9149997 8.683781129695818 13.946676916763101 1.042651310399668
1647472632.0149999 8.683747121970974 13.946617102693889 1.042648564633987
1647472632.1149998 8.683713134579659 13.946557330076057 1.0426458155316576
1647472632.215 8.683679147188341 13.946497557458226 1.0426430664293282
1647472632.3149998 8.683645159797026 13.946437784840395 1.042640317326999
1647472632.4149997 8.68361117240571 13.946378012222564 1.0426375682246696
1647472632.5149999 8.683577185014393 13.946318239604732 1.0426348191223402
1647472632.6149998 8.683543197623077 13.946258466986901 1.042632070020011
1647472632.715 8.68350921023176 13.94619869436907 1.0426293209176816
1647472632.8149998 8.683537832831876 13.946239171476684 1.0426358270074003
1647472632.9149997 8.683566560607597 13.946279816989142 1.0426423486444851
1647472633.0149999 8.68359528838332 13.9463204625016 1.0426488702815702
1647472633.1149998 8.683624016159042 13.946361108014058 1.042655391918655
1647472633.215 8.683607644084121 13.946338705234023 1.0426590643001572
1647472633.3149998 8.68359120300084 13.946316205982288 1.0426627323219455
1647472633.4149997 8.683574761917562 13.946293706730554 1.0426664003437338
1647472633.5149999 8.683558320834281 13.94627120747882 1.042670068365522
1647472633.6149998 8.683578852693643 13.94630235928616 1.042673221738253
1647472633.715 8.683599436564261 13.946333586566501 1.0426763743870076
1647472633.8149998 8.68362002043488 13.946364813846845 1.042679527035762
1647472633.9149997 8.683640604447609 13.946396041374982 1.0426826797004354
1647472634.0149999 8.683686023725787 13.946470573596825 1.0426886143457041
1647472634.1149998 8.683731443003966 13.946545105818668 1.042694548990973
1647472634.215 8.683776862282144 13.946619638040511 1.042700483636242
1647472634.3149998 8.683822281560323 13.946694170262354 1.0427064182815107
1647472634.4149997 8.683881403629103 13.946789368621006 1.0427134114554821
1647472634.5149999 8.683940539662187 13.946884588040202 1.042720405708184
1647472634.6149998 8.68399967569527 13.9469798074594 1.0427273999608857
1647472634.715 8.684058811728354 13.947075026878597 1.0427343942135876
1647472634.8149998 8.684068449967626 13.947090508349667 1.0427360672354962
1647472634.9149997 8.684077693113373 13.947105353348999 1.042737697783111
1647472635.0149999 8.684086936259119 13.947120198348328 1.042739328330726
1647472635.1149998 8.684095870249049 13.94713453637052 1.0427409186716206
1647472635.215 8.684040155300917 13.947042858164862 1.0427341012077136
1647472635.3149998 8.683984440352786 13.946951179959203 1.0427272837438064
1647472635.4149997 8.683928725404654 13.946859501753545 1.0427204662798992
1647472635.5149999 8.68387334666395 13.946768403265112 1.0427136896765206
1647472635.6149998 8.68389402981649 13.946808457113265 1.04271615715549
1647472635.715 8.68391471296903 13.946848510961418 1.0427186246344595
1647472635.8149998 8.683935396121568 13.946888564809571 1.042721092113429
1647472635.9149997 8.683955992193665 13.946928427384796 1.042723552593091
1647472636.0149999 8.683956829560103 13.946924889796396 1.042724424917553
1647472636.1149998 8.683957666926542 13.946921352207994 1.042725297242015
1647472636.215 8.68395850429298 13.946917814619592 1.042726169566477
1647472636.3149998 8.683958459801445 13.946912905591722 1.0427269142225306
1647472636.4149997 8.683753007130084 13.946588551830047 1.0426979215101786
1647472636.5149999 8.683547554458723 13.946264198068373 1.0426689287978266
1647472636.6149998 8.683342101787364 13.945939844306698 1.0426399360854746
1647472636.715 8.683137649256855 13.945617080019725 1.0426110716286907
1647472636.8149998 8.68316465223936 13.945662156603609 1.0426118884495847
1647472636.9149997 8.683191655221867 13.945707233187495 1.0426127052704788
1647472637.0149999 8.683218658204373 13.94575230977138 1.0426135220913726
1647472637.1149998 8.683245587099618 13.945797288428823 1.0426143209727545
1647472637.215 8.683248542373809 13.94581057943325 1.0426093148741746
1647472637.3149998 8.683251497648 13.945823870437675 1.0426043087755947
1647472637.4149997 8.68325445292219 13.9458371614421 1.0425993026770148
1647472637.5149999 8.68325736738723 13.945850406276675 1.0425942996506452
1647472637.6149998 8.683248508333106 13.94585033102059 1.0425901829629323
1647472637.715 8.683239649278985 13.945850255764505 1.0425860662752193
1647472637.8149998 8.683230790224862 13.94585018050842 1.0425819495875064
1647472637.9149997 8.683221972129285 13.945850152432834 1.0425778384219522
1647472638.0149999 8.683234603265745 13.945874831912267 1.0425766191088417
1647472638.1149998 8.683247234402206 13.945899511391698 1.042575399795731
1647472638.215 8.683259865538668 13.94592419087113 1.0425741804826205
1647472638.3149998 8.68327239099934 13.94594870181423 1.0425729480883057
1647472638.4149997 8.683176385774592 13.945800123309537 1.0425582810926552
1647472638.5149999 8.683080380549843 13.945651544804845 1.0425436140970048
1647472638.6149998 8.682984375325095 13.945502966300152 1.0425289471013544
1647472638.715 8.682888370100347 13.94535438779546 1.042514280105704
1647472638.8149998 8.682866485986235 13.945321193696454 1.0425085852920395
1647472638.9149997 8.682844619265301 13.945288026673426 1.0425028925837772
1647472639.0149999 8.682822752544368 13.945254859650396 1.042497199875515
1647472639.1149998 8.682800885823434 13.945221692627367 1.0424915071672527
1647472639.215 8.682801198199652 13.945217195383321 1.0424893980475742
1647472639.3149998 8.682801528188003 13.945212720905575 1.042487291773577
1647472639.4149997 8.682801858176356 13.94520824642783 1.0424851854995798
1647472639.5149999 8.682802188164708 13.945203771950085 1.0424830792255826
1647472639.6149998 8.682802518153059 13.945199297472339 1.0424809729515854
1647472639.715 8.68280284814141 13.945194822994594 1.0424788666775882
1647472639.8149998 8.682803178129763 13.945190348516848 1.042476760403591
1647472639.9149997 8.682803508118115 13.945185874039103 1.0424746541295937
1647472640.0149999 8.682811220556443 13.94519594165689 1.0424730632475927
1647472640.1149998 8.682818934026344 13.945206011306682 1.042471472437609
1647472640.215 8.682826647496244 13.945216080956477 1.0424698816276252
1647472640.3149998 8.682834360966144 13.94522615060627 1.0424682908176415
1647472640.4149997 8.682786267302657 13.945144516616475 1.0424618828054784
1647472640.5149999 8.682738143153031 13.945062832531114 1.0424554721617896
1647472640.6149998 8.682690019003404 13.944981148445752 1.042449061518101
1647472640.715 8.682641894853779 13.944899464360391 1.0424426508744125
1647472640.8149998 8.682808759644699 13.945179897182136 1.0424675191218555
1647472640.9149997 8.68297580008419 13.945460625857784 1.0424924129245319
1647472641.0149999 8.68314284052368 13.945741354533432 1.0425173067272082
1647472641.1149998 8.68330988096317 13.94602208320908 1.0425422005298846
1647472641.215 8.68337497092326 13.946125653287503 1.0425506224416046
1647472641.3149998 8.68344000475217 13.94622912582719 1.0425590352843461
1647472641.4149997 8.68350503858108 13.946332598366876 1.042567448127088
1647472641.5149999 8.683570072409989 13.946436070906563 1.0425758609698297
1647472641.6149998 8.683505821149563 13.946326536337182 1.0425657909404733
1647472641.715 8.683441495498956 13.946216879204266 1.042555710276138
1647472641.8149998 8.683377169848347 13.946107222071351 1.0425456296118027
1647472641.9149997 8.68331284419774 13.945997564938436 1.0425355489474677
1647472642.0149999 8.683345176722316 13.946046802413036 1.0425505918952556
1647472642.1149998 8.683377652939004 13.946096276100475 1.0425656721918233
1647472642.215 8.683410129155694 13.946145749787911 1.0425807524883912
1647472642.3149998 8.683442605372383 13.94619522347535 1.042595832784959
1647472642.4149997 8.683433078295781 13.946186380634142 1.042597636290617
1647472642.5149999 8.683423492452897 13.946177456203007 1.042599421220883
1647472642.6149998 8.683413906610014 13.946168531771871 1.0426012061511485
1647472642.715 8.68340432076713 13.946159607340736 1.0426029910814143
1647472642.8149998 8.683412777673166 13.946166357486382 1.042600082863794
1647472642.9149997 8.683421237565092 13.946173110226013 1.0425971738695057
1647472643.0149999 8.683429697457019 13.946179862965643 1.0425942648752173
1647472643.1149998 8.683438157348945 13.946186615705273 1.042591355880929
1647472643.215 8.683447762913417 13.946189595127187 1.0425899619366776
1647472643.3149998 8.683457369234464 13.946192572057281 1.0425885689929328
1647472643.4149997 8.683466975555513 13.946195548987378 1.042587176049188
1647472643.5149999 8.683476581876562 13.946198525917474 1.042585783105443
1647472643.6149998 8.683515884262867 13.946250419563189 1.042590290256704
1647472643.715 8.683555192186839 13.946302322330796 1.042594798508203
1647472643.8149998 8.683594500110809 13.946354225098403 1.042599306759702
1647472643.9149997 8.683633808034779 13.94640612786601 1.042603815011201
1647472644.0149999 8.68366447147613 13.946459516479555 1.0426215006552588
1647472644.1149998 8.683695129068516 13.946512906098443 1.0426391952153053
1647472644.215 8.6837257866609 13.94656629571733 1.042656889775352
1647472644.3149998 8.683756364100905 13.946619554399355 1.0426745619586635
1647472644.4149997 8.683702765192807 13.946535302672569 1.0426687340065737
1647472644.5149999 8.683649166284711 13.946451050945782 1.0426629060544839
1647472644.6149998 8.683595567376614 13.946366799218996 1.042657078102394
1647472644.715 8.683542033808033 13.94628266093438 1.0426512518170028
1647472644.8149998 8.683525945683424 13.946263535258739 1.0426463807003894
1647472644.9149997 8.683509857558814 13.946244409583098 1.042641509583776
1647472645.0149999 8.683493769434204 13.946225283907458 1.0426366384671626
1647472645.1149998 8.683477526315114 13.946205920284921 1.0426317412548658
1647472645.215 8.683358117475189 13.946028177067257 1.0426094745207757
1647472645.3149998 8.683238708635265 13.945850433849591 1.0425872077866858
1647472645.4149997 8.68311929979534 13.945672690631925 1.0425649410525957
1647472645.5149999 8.683000040063849 13.94549517923009 1.0425426925066756
1647472645.6149998 8.683008840748162 13.945516760736876 1.04253606470442
1647472645.715 8.683017641432473 13.94553834224366 1.0425294369021643
1647472645.8149998 8.683026442116784 13.945559923750446 1.0425228090999084
1647472645.9149997 8.683035319278519 13.945581618056165 1.0425161967672034
1647472646.0149999 8.683080430756629 13.945656755484192 1.042516913768797
1647472646.1149998 8.68312554223474 13.94573189291222 1.0425176307703905
1647472646.215 8.68317065371285 13.945807030340244 1.0425183477719842
1647472646.3149998 8.683215577572035 13.945881863081492 1.0425190425455755
1647472646.4149997 8.6831651877424 13.94580190961969 1.042508445106046
1647472646.5149999 8.683114797912767 13.945721956157886 1.0424978476665165
1647472646.6149998 8.683064408083132 13.945642002696083 1.042487250226987
1647472646.715 8.683014038509594 13.945562079796645 1.0424766541656096
1647472646.8149998 8.682977449886245 13.945502949571777 1.042466995710385
1647472646.9149997 8.682940861262894 13.945443819346908 1.0424573372551604
1647472647.0149999 8.682904272639545 13.94538468912204 1.0424476787999357
1647472647.1149998 8.682867934353016 13.945325958648045 1.04243805374062
1647472647.215 8.68296371949274 13.945478209742726 1.042446054461885
1647472647.3149998 8.683059504632464 13.945630460837405 1.04245405518315
1647472647.4149997 8.68315528977219 13.945782711932086 1.042462055904415
1647472647.5149999 8.683251101053001 13.945935007827817 1.0424700584279072
1647472647.6149998 8.683358215358478 13.946106675044318 1.0424788402080716
1647472647.715 8.683465329663957 13.946278342260818 1.0424876219882357
1647472647.8149998 8.683572443969434 13.946450009477319 1.0424964037684001
1647472647.9149997 8.68367926924703 13.946621208504904 1.0425051729918295
1647472648.0149999 8.68365366286523 13.946577884854586 1.0425081887590943
1647472648.1149998 8.683628056483432 13.946534561204267 1.0425112045263591
1647472648.215 8.683602450101633 13.94649123755395 1.0425142202936242
1647472648.3149998 8.683577011842251 13.946448214661855 1.0425172222290782
1647472648.4149997 8.683596811546154 13.946486119047261 1.0425165023351577
1647472648.5149999 8.683616611250057 13.946524023432666 1.0425157824412372
1647472648.6149998 8.68363641095396 13.94656192781807 1.0425150625473167
1647472648.715 8.68365599243014 13.946599440376833 1.0425143470473686
1647472648.8149998 8.683629390765043 13.946554031367269 1.042514561435861
1647472648.9149997 8.683602789099947 13.946508622357705 1.0425147758243538
1647472649.0149999 8.68357618743485 13.94646321334814 1.0425149902128463
1647472649.1149998 8.6835495372725 13.946417746989177 1.0425151711798906
1647472649.215 8.68351026352728 13.946357352880622 1.0425066527181386
1647472649.3149998 8.683470989782062 13.946296958772066 1.0424981342563868
1647472649.4149997 8.683431716036843 13.946236564663511 1.0424896157946348
1647472649.5149999 8.683392442291623 13.946176170554956 1.042481097332883
1647472649.6149998 8.683295745680898 13.946018917891816 1.0424697537373682
1647472649.715 8.68319902205946 13.945861619668108 1.0424584088129596
1647472649.8149998 8.683102298438023 13.945704321444397 1.042447063888551
1647472662.5158544 8.683656628397745 13.946612732047145 1.0424006811571518
1647472662.6158543 8.683623554079519 13.946554058498709 1.0423952416079758
1647472662.7158544 8.683590479761293 13.946495384950273 1.0423898020587996
1647472662.8158543 8.683557405443066 13.946436711401837 1.0423843625096236
1647472662.9158545 8.68352433112484 13.946378037853401 1.0423789229604474
1647472663.0158544 8.683491256806615 13.946319364304966 1.0423734834112715
1647472663.1158543 8.683458915701397 13.946262024046254 1.0423681498347848
1647472663.2158544 8.683483611196763 13.94630840032348 1.0423710598681017
1647472663.3158543 8.683508306692131 13.946354776600703 1.0423739699014187
1647472663.4158545 8.683533002187497 13.946401152877929 1.042376879934736
1647472663.5158544 8.683557697682863 13.946447529155153 1.042379789968053
1647472663.6158543 8.68358239317823 13.946493905432378 1.04238270000137
1647472663.7158544 8.683607088673597 13.946540281709604 1.042385610034687
1647472663.8158543 8.683631784168965 13.946586657986828 1.042388520068004
1647472663.9158545 8.683656211876244 13.946632583863446 1.0423913471252775
1647472664.0158544 8.68365998989835 13.946643778431232 1.042387775730702
1647472664.1158543 8.683663767920457 13.946654972999019 1.0423842043361269
1647472664.2158544 8.683667545942564 13.946666167566807 1.0423806329415515
1647472664.3158543 8.68367132396467 13.946677362134594 1.0423770615469763
1647472664.4158545 8.683675101986777 13.946688556702382 1.0423734901524009
1647472664.5158544 8.683678880008884 13.946699751270168 1.0423699187578257
1647472664.6158543 8.68368265803099 13.946710945837957 1.0423663473632505
1647472664.7158544 8.68368573194659 13.946720995309192 1.0423627287173778
1647472664.8158543 8.683635180583135 13.946643833369365 1.0423555113772962
1647472664.9158545 8.68358462921968 13.946566671429537 1.0423482940372146
1647472665.0158544 8.683534077856226 13.946489509489709 1.042341076697133
1647472665.1158543 8.68348375877429 13.946412798125403 1.0423339161015706
1647472665.2158544 8.683451498551273 13.946371117011463 1.0423311671409436
1647472665.3158543 8.683419238328256 13.946329435897523 1.0423284181803165
1647472665.4158545 8.683386978105238 13.946287754783583 1.0423256692196894
1647472665.5158544 8.683354198491102 13.946245222093115 1.0423228091937637
1647472665.6158543 8.683281789277133 13.946137714019386 1.0423114748732674
1647472665.7158544 8.683209380063163 13.946030205945656 1.042300140552771
1647472665.8158543 8.683136970849194 13.945922697871927 1.0422888062322746
1647472665.9158545 8.683065867214477 13.945817106407798 1.0422776586950708
1647472666.0158544 8.683095878160435 13.945859952639838 1.0422809771615997
1647472666.1158543 8.683125889106392 13.945902798871876 1.0422842956281284
1647472666.2158544 8.68315590005235 13.945945645103915 1.0422876140946573
1647472666.3158543 8.683185910424147 13.945988493446482 1.0422909317982223
1647472666.4158545 8.68321479181606 13.946035491738588 1.0422927492791245
1647472666.5158544 8.683243673207974 13.946082490030694 1.0422945667600265
1647472666.6158543 8.683272554599887 13.9461294883228 1.0422963842409285
1647472666.7158544 8.683300872044937 13.94617561460094 1.0422981520888035
1647472666.8158543 8.683284902199034 13.946153260781331 1.042296022207193
1647472666.9158545 8.68326893235313 13.946130906961724 1.0422938923255827
1647472667.0158544 8.683252962507225 13.946108553142116 1.0422917624439723
1647472667.1158543 8.683236984563127 13.946086133014164 1.0422896294992468
1647472667.2158544 8.683220347193156 13.946058313481492 1.0422872471289095
1647472667.3158543 8.683203709823188 13.946030493948822 1.0422848647585725
1647472667.4158545 8.683187072453217 13.94600267441615 1.0422824823882355
1647472667.5158544 8.683171564848928 13.945976704755312 1.042280254960823
1647472667.6158543 8.68325240908171 13.946108501038882 1.042291241809328
1647472667.7158544 8.683333253314492 13.94624029732245 1.042302228657833
1647472667.8158543 8.683414097547274 13.946372093606021 1.0423132155063377
1647472667.9158545 8.683494206228268 13.946502553583377 1.0423240712528723
1647472668.0158544 8.683511289707877 13.946518513168437 1.0423236936257472
1647472668.1158543 8.683528373187483 13.946534472753495 1.0423233159986223
1647472668.2158544 8.683545456667092 13.946550432338555 1.0423229383714971
1647472668.3158543 8.683562100248198 13.946565823405304 1.0423225489306742
1647472668.4158545 8.68354531808332 13.946538015532866 1.0423212618244477
1647472668.5158544 8.683528535918445 13.94651020766043 1.0423199747182212
1647472668.6158543 8.683511753753567 13.946482399787993 1.0423186876119948
1647472668.7158544 8.683495168895947 13.94645503708456 1.0423174303593894
1647472668.8158543 8.683494719852769 13.946464080363484 1.0423186145400154
1647472668.9158545 8.683494270809591 13.94647312364241 1.0423197987206416
1647472669.0158544 8.683493821766412 13.946482166921333 1.0423209829012676
1647472669.1158543 8.683492339642966 13.946489513247242 1.042322021644822
1647472669.2158544 8.683405010608258 13.946355846159697 1.0423109748576036
1647472669.3158543 8.68331768157355 13.946222179072153 1.0422999280703853
1647472669.4158545 8.68323035253884 13.946088511984609 1.042288881283167
1647472669.5158544 8.683144446988697 13.94595711787945 1.0422779908199773
1647472669.6158543 8.683175019355923 13.946011712622559 1.042279891712421
1647472669.7158544 8.68320559172315 13.946066307365667 1.0422817926048644
1647472669.8158543 8.683236164090374 13.946120902108776 1.042283693497308
1647472669.9158545 8.683267090844673 13.946175982338495 1.042285645699708
1647472670.0158544 8.68332712268387 13.946270934589784 1.0422918118837956
1647472670.1158543 8.683387154523066 13.946365886841072 1.0422979780678834
1647472670.2158544 8.683447186362262 13.94646083909236 1.0423041442519712
1647472670.3158543 8.683505953770176 13.946553716511442 1.0423101451941084
1647472670.4158545 8.683460846852386 13.946476144338424 1.0423025713406704
1647472670.5158544 8.683415739934595 13.946398572165407 1.0422949974872324
1647472670.6158543 8.683370633016807 13.94632099999239 1.0422874236337945
1647472670.7158544 8.683326543998358 13.94624512825071 1.0422799824605937
1647472670.8158543 8.683368570826344 13.94631311561 1.042283766239068
1647472670.9158545 8.68341059765433 13.946381102969287 1.0422875500175424
1647472671.0158544 8.683452624482316 13.946449090328576 1.0422913337960167
1647472671.1158543 8.683493580930103 13.946515374702203 1.0422950006894245
1647472671.2158544 8.683446625716225 13.946441790738085 1.042289067666437
1647472671.3158543 8.68339967050235 13.946368206773966 1.0422831346434493
1647472671.4158545 8.683352715288473 13.946294622809848 1.0422772016204618
1647472671.5158544 8.683305251728163 13.946220165888956 1.042271194978328
1647472671.6158543 8.683213361646636 13.946069417623937 1.0422587544510675
1647472671.7158544 8.683121471565109 13.945918669358916 1.0422463139238067
1647472671.8158543 8.68302958148358 13.945767921093895 1.0422338733965462
1647472671.9158545 8.682937691402053 13.945617172828873 1.0422214328692854
1647472672.0158544 8.683018501772928 13.945751093053621 1.0422319474978894
1647472672.1158543 8.683099416956562 13.945885186045086 1.042242476058091
1647472672.2158544 8.683180332140196 13.94601927903655 1.0422530046182927
1647472672.3158543 8.683261247323832 13.946153372028014 1.0422635331784946
1647472672.4158545 8.683265531449821 13.946156320341192 1.042263652118197
1647472672.5158544 8.683268682421636 13.946157329399654 1.0422636171293838
1647472672.6158543 8.683271833393448 13.946158338458117 1.0422635821405708
1647472672.7158544 8.683274973112876 13.94615935402475 1.0422635517270171
1647472672.8158543 8.68327685599057 13.94616109652541 1.0422640323497026
1647472672.9158545 8.683278738868266 13.94616283902607 1.0422645129723882
1647472673.0158544 8.683280621745961 13.946164581526729 1.0422649935950736
1647472673.1158543 8.683282504623655 13.946166324027386 1.042265474217759
1647472673.2158544 8.68328438750135 13.946168066528045 1.0422659548404445
1647472673.3158543 8.683286270379044 13.946169809028705 1.04226643546313
1647472673.4158545 8.68328815325674 13.946171551529362 1.0422669160858156
1647472673.5158544 8.683290072661235 13.946173322928717 1.0422673811963603
1647472673.6158543 8.683296205317271 13.94617842770144 1.042266057030323
1647472673.7158544 8.683302337973307 13.946183532474166 1.0422647328642858
1647472673.8158543 8.683308470629344 13.946188637246891 1.0422634086982485
1647472673.9158545 8.683314603285378 13.946193742019615 1.0422620845322113
1647472674.0158544 8.683298203887459 13.946171984972121 1.0422593253738126
1647472674.1158543 8.68328170372305 13.94615010779482 1.042256559797928
1647472674.2158544 8.68326520355864 13.946128230617516 1.0422537942220433
1647472674.3158543 8.683248703394232 13.946106353440214 1.0422510286461588
1647472674.4158545 8.683284489560641 13.946153078048967 1.042254541042701
1647472674.5158544 8.683321186222269 13.946200997264366 1.0422581627615803
1647472674.6158543 8.683357882883898 13.946248916479764 1.0422617844804596
1647472674.7158544 8.683394579545526 13.946296835695163 1.0422654061993388
1647472674.8158543 8.683415235610871 13.94632496884954 1.0422725162575912
1647472674.9158545 8.683435812381633 13.94635300419412 1.0422796435599915
1647472675.0158544 8.683456389152395 13.946381039538702 1.042286770862392
1647472675.1158543 8.683476965923157 13.946409074883283 1.0422938981647922
1647472675.2158544 8.683497542693917 13.946437110227862 1.0423010254671927
1647472675.3158543 8.68351811946468 13.946465145572443 1.042308152769593
1647472675.4158545 8.683538696235441 13.946493180917024 1.0423152800719935
1647472675.5158544 8.683558027553259 13.946519181102824 1.0423222192066854
1647472675.6158543 8.683426395458978 13.946298496325538 1.0423063502220966
1647472675.7158544 8.6832947633647 13.94607781154825 1.042290481237508
1647472675.8158543 8.683163131270419 13.945857126770962 1.0422746122529192
1647472675.9158545 8.683032690457502 13.945638426169593 1.042258905828031
1647472676.0158544 8.68307946999521 13.945714900463424 1.0422673825121727
1647472676.1158543 8.683126249532917 13.945791374757256 1.0422758591963146
1647472676.2158544 8.683173029070625 13.945867849051089 1.0422843358804563
1647472676.3158543 8.683219123255258 13.945943182219164 1.0422927245190812
1647472676.4158545 8.68316440646051 13.94585066321087 1.0422881622348383
1647472676.5158544 8.683109689665761 13.945758144202575 1.0422835999505957
1647472676.6158543 8.683054972871012 13.94566562519428 1.042279037666353
1647472676.7158544 8.683001242356088 13.945574815947285 1.0422745939901648
1647472676.8158543 8.683070055106063 13.945696441069048 1.0422848871238097
1647472676.9158545 8.683138867856039 13.94581806619081 1.0422951802574545
1647472677.0158544 8.683207680606014 13.94593969131257 1.0423054733910995
1647472677.1158543 8.683275542822821 13.946059731433325 1.0423156551135533
1647472677.2158544 8.683221130467798 13.94597588038384 1.0423115051365095
1647472677.3158543 8.683166718112775 13.945892029334354 1.042307355159466
1647472677.4158545 8.683112305757751 13.945808178284869 1.0423032051824221
1647472677.5158544 8.683058209488635 13.945724679108139 1.0422991369608559
1647472677.6158543 8.683044155136026 13.94568575534322 1.0423054255629236
1647472677.7158544 8.683030100783416 13.945646831578301 1.0423117141649916
1647472677.8158543 8.683016046430806 13.945607907813383 1.0423180027670595
1647472677.9158545 8.683002887666719 13.94557040731304 1.0423243684449326
1647472678.0158544 8.68311919042496 13.945738646383962 1.0423418757919878
1647472678.1158543 8.683235493183203 13.945906885454884 1.0423593831390432
1647472678.2158544 8.683351795941444 13.946075124525805 1.0423768904860986
1647472678.3158543 8.683467867717036 13.946243118738211 1.0423943363335637
1647472678.4158545 8.683549523044897 13.946374628996901 1.0424026187333348
1647472678.5158544 8.683631178372758 13.946506139255593 1.042410901133106
1647472678.6158543 8.68371283370062 13.946637649514283 1.042419183532877
1647472678.7158544 8.683793477344928 13.946767535790935 1.04242733534833
1647472678.8158543 8.683730052381774 13.94666615920861 1.0424168913283312
1647472678.9158545 8.68366662741862 13.946564782626284 1.0424064473083323
1647472679.0158544 8.683603202455465 13.946463406043957 1.0423960032883335
1647472679.1158543 8.683540719783355 13.946363441466561 1.0423857235513376
1647472679.2158544 8.683610036644469 13.94646097594398 1.0423984223019565
1647472679.3158543 8.683679353505582 13.946558510421397 1.0424111210525753
1647472679.4158545 8.683748670366695 13.946656044898814 1.042423819803194
1647472679.5158544 8.683816993624252 13.946752106915353 1.0424363621951387
1647472679.6158543 8.683746180177499 13.94664197668124 1.0424270093045531
1647472679.7158544 8.683675366730746 13.946531846447128 1.0424176564139676
1647472679.8158543 8.683604553283994 13.946421716213017 1.042408303523382
1647472679.9158545 8.683533739837241 13.946311585978904 1.0423989506327964
1647472680.0158544 8.683462926390488 13.946201455744792 1.0423895977422108
1647472680.1158543 8.683392112943734 13.946091325510679 1.0423802448516253
1647472680.2158544 8.683321299496981 13.945981195276566 1.0423708919610397
1647472680.3158543 8.683251310294361 13.945872342520106 1.0423616315981168
1647472680.4158545 8.683298883616857 13.94594569730737 1.0423655685213402
1647472680.5158544 8.683346456939352 13.946019052094632 1.0423695054445639
1647472680.6158543 8.683394030261848 13.946092406881895 1.0423734423677875
1647472680.7158544 8.683441399844781 13.94616542731645 1.0423774047774181
1647472680.8158543 8.683457565285064 13.946187239289257 1.0423852706089762
1647472680.9158545 8.683473730725344 13.946209051262064 1.0423931364405346
1647472681.0158544 8.683489896165627 13.946230863234874 1.0424010022720926
1647472681.1158543 8.683506068382798 13.946252801497119 1.0424088321931881
1647472681.2158544 8.68352317303569 13.946292115990849 1.0424117211744657
1647472681.3158543 8.68354027768858 13.94633143048458 1.042414610155743
1647472681.4158545 8.683557382341471 13.94637074497831 1.0424174991370205
1647472681.5158544 8.683574061103222 13.946409339538265 1.0424202980273984
1647472681.6158543 8.683540475719036 13.946362966713625 1.0424124642896235
1647472681.7158544 8.68350689033485 13.946316593888984 1.0424046305518488
1647472681.8158543 8.683473304950665 13.946270221064344 1.0423967968140742
1647472681.9158545 8.683439998954992 13.946224238739012 1.0423890092260315
1647472682.0158544 8.68343980314072 13.946224534275352 1.042386690817772
1647472682.1158543 8.683439607326447 13.946224829811692 1.0423843724095123
1647472682.2158544 8.683439411512175 13.946225125348032 1.0423820540012525
1647472682.3158543 8.683439461760864 13.946225773270726 1.042379764136694
1647472682.4158545 8.683476454720397 13.946279326787918 1.0423817596862994
1647472682.5158544 8.683513447679932 13.94633288030511 1.0423837552359048
1647472682.6158543 8.683550440639465 13.946386433822303 1.04238575078551
1647472682.7158544 8.683587363531162 13.94643985890906 1.042387764658433
1647472682.8158543 8.683614666243724 13.946475650744272 1.0423922942875674
1647472682.9158545 8.683641968956286 13.946511442579485 1.0423968239167016
1647472683.0158544 8.683669271668848 13.9465472344147 1.042401353545836
1647472683.1158543 8.6836961774372 13.946582469543062 1.042405856941544
1647472683.2158544 8.68367550571812 13.946550978132592 1.0424072160149924
1647472683.3158543 8.683654833999041 13.94651948672212 1.0424085750884409
1647472683.4158545 8.683634162279962 13.946487995311651 1.042409934161889
1647472683.5158544 8.683613816155496 13.946456980173204 1.0424113257377565
1647472683.6158543 8.68363403194476 13.946485298033506 1.04241676639879
1647472683.7158544 8.683654247734024 13.946513615893807 1.0424222070598237
1647472683.8158543 8.683674463523289 13.946541933754107 1.0424276477208572
1647472683.9158545 8.683693597852148 13.946568536878381 1.0424329411975624
1647472684.0158544 8.683576799997981 13.946379609401399 1.0424197346099833
1647472684.1158543 8.683460002143816 13.946190681924417 1.0424065280224042
1647472684.2158544 8.683343204289649 13.946001754447435 1.0423933214348249
1647472684.3158543 8.683227183230589 13.945814079423663 1.0423802028067368
1647472684.4158545 8.683207723892208 13.945782094151538 1.0423780182328657
1647472684.5158544 8.683188264553827 13.945750108879412 1.0423758336589946
1647472684.6158543 8.683168805215447 13.945718123607287 1.0423736490851236
1647472684.7158544 8.68314910624416 13.945685765278823 1.0423714488596412
1647472684.8158543 8.68309992624679 13.945607511401597 1.042367323082397
1647472684.9158545 8.68305074624942 13.94552925752437 1.0423631973051533
1647472685.0158544 8.683001566252049 13.945451003647145 1.0423590715279092
1647472685.1158543 8.682953110949809 13.945373883243738 1.042355019257121
1647472685.2158544 8.682994035643965 13.945436559399527 1.0423600328769085
1647472685.3158543 8.683034960338121 13.945499235555316 1.042365046496696
1647472685.4158545 8.683075885032277 13.945561911711106 1.0423700601164834
1647472685.5158544 8.683116282355622 13.945623775643275 1.0423750130183822
1647472685.6158543 8.68309333314008 13.945588077188745 1.042372672630625
1647472685.7158544 8.68307038392454 13.945552378734217 1.0423703322428677
1647472685.8158543 8.683047434708998 13.945516680279686 1.0423679918551105
1647472685.9158545 8.683024485493457 13.945480981825156 1.0423656514673532
1647472686.0158544 8.683001536277915 13.945445283370628 1.0423633110795958
1647472686.1158543 8.682978587062374 13.945409584916098 1.0423609706918386
1647472686.2158544 8.682955637846833 13.945373886461567 1.0423586303040813
1647472686.3158543 8.682933933846732 13.945340213915117 1.0423564437615445
1647472686.4158545 8.683071676652162 13.945565953965838 1.0423739567249273
1647472686.5158544 8.683209419457592 13.945791694016558 1.04239146968831
1647472686.6158543 8.683347162263024 13.94601743406728 1.042408982651693
1647472686.7158544 8.683483899736935 13.946241509984176 1.0424263612926445
1647472686.8158543 8.683495236103743 13.946258008380571 1.042426985080815
1647472686.9158545 8.683506572470552 13.946274506776966 1.0424276088689857
1647472687.0158544 8.68351790883736 13.946291005173363 1.0424282326571561
1647472687.1158543 8.68352875370659 13.946306760422361 1.042428802683777
1647472687.2158544 8.683472619685004 13.946221243172069 1.0424220463488358
1647472687.3158543 8.68341648566342 13.946135725921774 1.0424152900138948
1647472687.4158545 8.683360351641836 13.94605020867148 1.0424085336789537
1647472687.5158544 8.683304831037931 13.945965652062757 1.042401851521797
1647472687.6158543 8.683338657163658 13.946021016726803 1.0424059736545115
1647472687.7158544 8.683372483289384 13.94607638139085 1.0424100957872258
1647472687.8158543 8.683406309415112 13.946131746054897 1.0424142179199403
1647472687.9158545 8.683440135540838 13.946187110718943 1.0424183400526548
1647472688.0158544 8.683473961666564 13.94624247538299 1.042422462185369
1647472688.1158543 8.68350778779229 13.946297840047036 1.0424265843180835
1647472688.2158544 8.683541613918017 13.946353204711082 1.0424307064507978
1647472688.3158543 8.683574563374988 13.946407118466341 1.0424347132189171
1647472688.4158545 8.683497442206091 13.946278862573882 1.042424235322065
1647472688.5158544 8.683420321037195 13.946150606681421 1.0424137574252128
1647472688.6158543 8.683343199868299 13.946022350788962 1.0424032795283606
1647472688.7158544 8.683267265073978 13.945896071265903 1.042392955799488
1647472688.8158543 8.683339090731911 13.946015944385346 1.0424018333674485
1647472688.9158545 8.683410916389844 13.946135817504787 1.0424107109354088
1647472689.0158544 8.683482742047778 13.94625569062423 1.0424195885033694
1647472689.1158543 8.683553891524326 13.94637443161378 1.0424283849300615
1647472689.2158544 8.683542532156519 13.94635502811858 1.042427280356209
1647472689.3158543 8.68353117278871 13.946335624623378 1.042426175782356
1647472689.4158545 8.6835198134209 13.946316221128177 1.0424250712085035
1647472689.5158544 8.683508454053094 13.946296817632975 1.0424239666346506
1647472689.6158543 8.683497094685285 13.946277414137773 1.0424228620607978
1647472689.7158544 8.683485735317477 13.946258010642572 1.0424217574869452
1647472689.8158543 8.683474375949668 13.94623860714737 1.0424206529130924
1647472689.9158545 8.68346315001477 13.946219461978298 1.0424195635351894
1647472690.0158544 8.683467883877512 13.946231214979214 1.0424202917319747
1647472690.1158543 8.683472617740252 13.946242967980131 1.04242101992876
1647472690.2158544 8.683477351602994 13.946254720981047 1.0424217481255451
1647472690.3158543 8.683481818813352 13.9462659976559 1.0424224709391827
1647472690.4158545 8.683454726907932 13.946220899700675 1.0424225566410035
1647472690.5158544 8.683427635002513 13.94617580174545 1.0424226423428242
1647472690.6158543 8.683400543097093 13.946130703790226 1.0424227280446448
1647472690.7158544 8.683374380754051 13.94608693602952 1.0424229783975887
1647472690.8158543 8.683467224469751 13.946213464755267 1.0424443080042622
1647472690.9158545 8.683560068185452 13.946339993481015 1.0424656376109358
1647472691.0158544 8.683652911901152 13.946466522206762 1.0424869672176094
1647472691.1158543 8.68374526243654 13.946592409615395 1.0425082209990348
1647472691.2158544 8.68377860355949 13.946641562926397 1.042520402229857
1647472691.3158543 8.683811944682441 13.946690716237399 1.0425325834606793
1647472691.4158545 8.683845285805392 13.946739869548402 1.0425447646915016
1647472691.5158544 8.683878189112061 13.94678840612345 1.0425568635753608
1647472691.6158543 8.683859597696642 13.946764403946423 1.0425592770405323
1647472691.7158544 8.683841006281222 13.946740401769397 1.0425616905057038
1647472691.8158543 8.683822414865801 13.94671639959237 1.0425641039708753
1647472691.9158545 8.68380401348711 13.946692601701638 1.0425665171639236
1647472692.0158544 8.683813227548795 13.946698489945968 1.0425688908130273
1647472692.1158543 8.683822441610477 13.946704378190297 1.0425712644621312
1647472692.2158544 8.683831655672162 13.946710266434627 1.0425736381112352
1647472692.3158543 8.683840949747706 13.946716357298012 1.0425760219628408
1647472692.4158545 8.683862287299494 13.946752945849541 1.0425799414682302
1647472692.5158544 8.68388362485128 13.94678953440107 1.0425838609736195
1647472692.6158543 8.683904962403068 13.946826122952599 1.042587780479009
1647472692.7158544 8.68392588817682 13.946862203896062 1.0425915515920983
1647472692.8158543 8.683886084329464 13.946823422066807 1.0425734375938416
1647472692.9158545 8.68384628048211 13.946784640237551 1.0425553235955851
1647472693.0158544 8.683806476634755 13.946745858408296 1.0425372095973287
1647472693.1158543 8.683766202529677 13.946706289714745 1.042519021510191
1647472693.2158544 8.683657346594698 13.946551965663653 1.0424900283883165
1647472693.3158543 8.68354849065972 13.946397641612561 1.0424610352664418
1647472693.4158545 8.68343963472474 13.946243317561468 1.0424320421445674
1647472693.5158544 8.68333116670126 13.946089430269923 1.0424031590908396
1647472697.0796099 8.683746090930411 13.946600550381715 1.0425113491768185
1647472697.1796098 8.683706372663535 13.946534550846213 1.0425068410686693
1647472697.27961 8.68365055761818 13.946442894774641 1.0425004431298825
1647472697.3796098 8.683594742572824 13.94635123870307 1.0424940451910958
1647472697.47961 8.68353892752747 13.9462595826315 1.042487647252309
1647472697.5796099 8.683483112482115 13.946167926559928 1.0424812493135225
1647472697.6796098 8.68342729743676 13.946076270488357 1.0424748513747357
1647472697.77961 8.683371482391404 13.945984614416785 1.042468453435949
1647472697.8796098 8.683315667346049 13.945892958345214 1.0424620554971622
1647472697.97961 8.683287061750214 13.945846767619438 1.0424582128657633
1647472698.0796099 8.683273573649958 13.945825837315178 1.042455789956146
1647472698.1796098 8.6832600855497 13.945804907010919 1.0424533670465286
1647472698.27961 8.683246597449443 13.94578397670666 1.0424509441369112
1647472698.3796098 8.683258665756263 13.945801894102917 1.0424520156113162
1647472698.47961 8.683284928326637 13.945841387869363 1.0424550278987483
1647472698.5796099 8.683311190897012 13.945880881635809 1.0424580401861807
1647472698.6796098 8.683337453467386 13.945920375402252 1.0424610524736129
1647472698.77961 8.68330098699444 13.945860928520267 1.0424567044384767
1647472698.8796098 8.683229719150653 13.945746590474393 1.0424482729787952
1647472698.97961 8.683158451306863 13.945632252428519 1.0424398415191134
1647472699.0796099 8.683087183463075 13.945517914382643 1.0424314100594319
1647472699.1796098 8.683071509563817 13.94549364813577 1.0424302032716188
1647472699.27961 8.683086702728396 13.945519391867373 1.0424330077913262
1647472699.3796098 8.683101895892976 13.945545135598978 1.0424358123110333
1647472699.47961 8.683117089057555 13.945570879330583 1.0424386168307407
1647472699.5796099 8.683180189575143 13.945672701271748 1.0424466761998283
1647472699.6796098 8.683269858837882 13.945816715119465 1.042457649834581
1647472699.77961 8.68335952810062 13.945960728967181 1.0424686234693339
1647472699.8796098 8.683449197363357 13.946104742814896 1.0424795971040868
1647472699.97961 8.683483587222241 13.946160288940781 1.0424837342021607
1647472700.0796099 8.68348732869029 13.946166786178182 1.0424840809401095
1647472700.1796098 8.68349107015834 13.946173283415584 1.0424844276780585
1647472700.27961 8.683494811626389 13.946179780652985 1.0424847744160073
1647472700.3796098 8.683516852823685 13.946214568950229 1.042487553067725
1647472700.47961 8.683549040558615 13.946265043616354 1.0424916801276205
1647472700.5796099 8.683581228293546 13.946315518282477 1.0424958071875163
1647472700.6796098 8.683613416028477 13.946365992948602 1.042499934247412
1647472700.77961 8.683614142261385 13.94637182882332 1.0424996395590016
1647472700.8796098 8.68359743503014 13.946352929427317 1.0424968946890794
1647472700.97961 8.683580727798896 13.946334030031313 1.0424941498191571
1647472701.0796099 8.68356402056765 13.946315130635307 1.0424914049492349
1647472701.1796098 8.68355606553853 13.94632663127035 1.0424916341198907
1647472701.27961 8.683552965598475 13.946354995645075 1.042493513073273
1647472701.3796098 8.68354986565842 13.9463833600198 1.0424953920266558
1647472701.47961 8.683546765718365 13.946411724394524 1.0424972709800382
1647472701.5796099 8.683531541125733 13.946394515443398 1.0424959501976663
1647472701.6796098 8.683509663084221 13.946352297957644 1.0424928735482184
1647472701.77961 8.683487785042708 13.946310080471891 1.0424897968987703
1647472701.8796098 8.683465907001196 13.946267862986137 1.0424867202493224
1647472701.97961 8.683376433136136 13.946121654161407 1.0424749287330817
1647472702.0796099 8.683249890773961 13.945918418105608 1.042458358119589
1647472702.1796098 8.683123348411787 13.945715182049808 1.0424417875060963
1647472702.27961 8.682996806049612 13.945511945994008 1.0424252168926034
1647472702.3796098 8.682933140300404 13.945411821366498 1.042416528498755
1647472702.47961 8.682904004154556 13.945368321874357 1.042412168740071
1647472702.5796099 8.682874868008708 13.945324822382217 1.0424078089813869
1647472702.6796098 8.682845731862862 13.945281322890075 1.0424034492227028
1647472702.77961 8.682836033142138 13.945265575578647 1.0424009051278802
1647472702.8796098 8.682837016151817 13.945265079325967 1.0423993588211775
1647472702.97961 8.682837999161498 13.945264583073287 1.0423978125144746
1647472703.0796099 8.682838982171178 13.945264086820607 1.042396266207772
1647472703.1796098 8.68285102448197 13.945283322899378 1.0423954874549486
1647472703.27961 8.682869135347724 13.945313386673025 1.0423951298809013
1647472703.3796098 8.682887246213477 13.94534345044667 1.0423947723068538
1647472703.47961 8.682905357079232 13.945373514220316 1.0423944147328064
1647472703.5796099 8.682907802919212 13.945375431283152 1.0423917265718585
1647472703.6796098 8.682901654219155 13.945361905790291 1.042387759745767
1647472703.77961 8.682895505519097 13.945348380297428 1.0423837929196755
1647472703.8796098 8.68288935681904 13.945334854804566 1.0423798260935841
1647472703.97961 8.682962055778612 13.94544942318478 1.0423868838285284
1647472704.0796099 8.683080401814777 13.94563814862765 1.0424003239847697
1647472704.1796098 8.683198747850945 13.945826874070521 1.0424137641410107
1647472704.27961 8.68331709388711 13.946015599513391 1.0424272042972518
1647472704.3796098 8.683404726449595 13.9461565747535 1.0424369970391953
1647472704.47961 8.683475474155003 13.946271299125426 1.0424447846002938
1647472704.5796099 8.683546221860409 13.946386023497352 1.0424525721613922
1647472704.6796098 8.683616969565817 13.946500747869276 1.0424603597224906
1647472704.77961 8.683664648066907 13.946574796972971 1.042465554404192
1647472704.8796098 8.683699654030935 13.946626502053135 1.0424693247472034
1647472704.97961 8.683734659994965 13.946678207133298 1.042473095090215
1647472705.0796099 8.683769665958993 13.94672991221346 1.0424768654332264
1647472705.1796098 8.68378402277235 13.946750779821649 1.0424785506666243
1647472705.27961 8.683787063323695 13.946754747707512 1.0424790932066939
1647472705.3796098 8.68379010387504 13.946758715593374 1.0424796357467634
1647472709.0788672 8.683294134606088 13.945995663290727 1.0423430036655383
1647472709.178867 8.683310861799622 13.946029007824752 1.0423430116144392
1647472709.2788672 8.683319747974528 13.94604858907648 1.0423425872108383
1647472709.3788671 8.683328634149433 13.946068170328209 1.0423421628072373
1647472709.4788673 8.683337520324338 13.946087751579938 1.0423417384036362
1647472709.5788672 8.683346406499243 13.946107332831668 1.0423413140000353
1647472709.678867 8.683355292674149 13.946126914083397 1.0423408895964343
1647472709.7788672 8.683364178849056 13.946146495335126 1.0423404651928334
1647472709.8788671 8.683373065023961 13.946166076586856 1.0423400407892325
1647472709.9788673 8.68334031408927 13.946120613552633 1.042335144009427
1647472710.0788672 8.68328395930517 13.946038277268912 1.042327711864044
1647472710.178867 8.683227604521068 13.945955940985192 1.042320279718661
1647472710.2788672 8.683171249736969 13.945873604701472 1.042312847573278
1647472710.3788671 8.683129971283256 13.945811756518788 1.0423072321943105
1647472710.4788673 8.683097310099567 13.945761618844859 1.0423026552355938
1647472710.5788672 8.683064648915877 13.94571148117093 1.042298078276877
1647472710.678867 8.683031987732189 13.945661343497 1.0422935013181602
1647472710.7788672 8.683071542646495 13.945723154645817 1.0422984976572556
1647472710.8788671 8.683152435143983 13.945849046988457 1.0423089738963407
1647472710.9788673 8.683233327641473 13.945974939331096 1.042319450135426
1647472711.0788672 8.68331422013896 13.946100831673736 1.0423299263745112
1647472711.178867 8.683331648473894 13.94613387263624 1.0423296043965504
1647472711.2788672 8.683312703901855 13.946113698138618 1.0423230936889465
1647472711.3788671 8.683293759329816 13.946093523640997 1.0423165829813428
1647472711.4788673 8.683274814757777 13.946073349143376 1.042310072273739
1647472711.5788672 8.683271466589467 13.946067535517717 1.04230740921886
1647472711.678867 8.683277069946767 13.946069964286613 1.0423069545167853
1647472711.7788672 8.683282673304069 13.946072393055509 1.0423064998147107
1647472711.8788671 8.68328827666137 13.946074821824405 1.042306045112636
1647472711.9788673 8.683303296991616 13.946097001631152 1.0423084640928362
1647472712.0788672 8.68332401833645 13.946131138672516 1.042312622793928
1647472712.178867 8.683344739681282 13.946165275713879 1.0423167814950194
1647472712.2788672 8.683365461026115 13.946199412755242 1.0423209401961109
1647472712.3788671 8.683358717113707 13.946192841685185 1.042321198491921
1647472712.4788673 8.683336140549173 13.946162803972845 1.0423192083558506
1647472712.5788672 8.683313563984637 13.946132766260504 1.0423172182197802
1647472712.678867 8.683290987420103 13.946102728548164 1.0423152280837098
1647472712.7788672 8.6832687481977 13.946067984975073 1.042310868393917
1647472712.8788671 8.683246704984285 13.946030507112614 1.0423051319006242
1647472712.9788673 8.68322466177087 13.945993029250152 1.0422993954073314
1647472713.0788672 8.683202618557456 13.945955551387692 1.0422936589140386
1647472713.178867 8.683180575344041 13.945918073525233 1.0422879224207457
1647472713.2788672 8.683158532130626 13.945880595662773 1.042282185927453
1647472713.3788671 8.683136488917214 13.945843117800312 1.04227644943416
1647472713.4788673 8.683114445703799 13.945805639937852 1.0422707129408673
1647472713.5788672 8.683122471354356 13.945818958529829 1.0422691946152953
1647472713.678867 8.683148073761052 13.945861970192125 1.0422701420199036
1647472713.7788672 8.683173676167746 13.94590498185442 1.0422710894245117
1647472713.8788671 8.683199278574442 13.945947993516716 1.04227203682912
1647472713.9788673 8.683224880981138 13.945991005179014 1.0422729842337282
1647472714.0788672 8.683250483387832 13.94603401684131 1.0422739316383365
1647472714.178867 8.683276085794528 13.946077028503606 1.0422748790429448
1647472714.2788672 8.683301688201222 13.946120040165901 1.042275826447553
1647472714.3788671 8.683309764211531 13.946135327050255 1.0422698881286183
1647472714.4788673 8.683307624323021 13.946134453537464 1.0422599362147926
1647472714.5788672 8.683305484434511 13.946133580024673 1.042249984300967
1647472714.678867 8.683303344546001 13.94613270651188 1.0422400323871415
1647472714.7788672 8.683257668809457 13.946058208507882 1.042230616616076
1647472714.8788671 8.683186633413674 13.94594082419081 1.0422215131485102
1647472714.9788673 8.683115598017894 13.945823439873738 1.0422124096809444
1647472715.0788672 8.683044562622111 13.945706055556668 1.0422033062133786
1647472715.178867 8.683034761861375 13.945693495631824 1.0422020343171532
1647472715.2788672 8.683060653865978 13.94574203629868 1.0422053273283187
1647472715.3788671 8.68308654587058 13.945790576965537 1.0422086203394842
1647472715.4788673 8.683112437875181 13.945839117632394 1.0422119133506496
1647472715.5788672 8.683124142260464 13.945861252632021 1.0422134284344102
1647472715.678867 8.683127550553978 13.945867947138526 1.0422139038899867
1647472715.7788672 8.683130958847494 13.94587464164503 1.0422143793455632
1647472715.8788671 8.683134367141008 13.945881336151535 1.0422148548011398
1647472715.9788673 8.683109856633152 13.94584426862061 1.0422115432096122
1647472716.0788672 8.683069002878478 13.945781583450536 1.0422060147376133
1647472722.678374 8.682924036613342 13.945706633723523 1.0420843494962662
1647472722.778374 8.682927775274793 13.945712242259773 1.0420773534842689
1647472722.878374 8.682933878343473 13.945720762852734 1.0420704495672959
1647472722.978374 8.682939981412154 13.945729283445694 1.042063545650323
1647472723.0783741 8.682946084480836 13.945737804038654 1.04205664173335
1647472723.178374 8.682952187549517 13.945746324631614 1.0420497378163773
1647472723.278374 8.682958290618199 13.945754845224574 1.0420428338994046
1647472723.378374 8.68296439368688 13.945763365817534 1.0420359299824316
1647472723.478374 8.68297049675556 13.945771886410494 1.0420290260654588
1647472723.5783741 8.682927182067536 13.945703911184609 1.04201918209907
1647472723.678374 8.682854591844267 13.945590619129517 1.0420075964202682
1647472723.778374 8.682782001621 13.945477327074423 1.0419960107414663
1647472723.878374 8.682709411397731 13.94536403501933 1.0419844250626642
1647472723.978374 8.68283194896059 13.945562835773448 1.0419995897731196
1647472724.0783741 8.683070003477537 13.94594639755739 1.0420305908928789
1647472724.178374 8.683308057994484 13.946329959341334 1.0420615920126381
1647472724.278374 8.683546112511431 13.946713521125277 1.0420925931323974
1647472724.378374 8.683640032158452 13.946863823660706 1.0421060975659173
1647472724.478374 8.683648582579007 13.946875969748483 1.0421092389375997
1647472724.5783741 8.68365713299956 13.946888115836257 1.0421123803092818
1647472724.678374 8.683665683420113 13.946900261924032 1.042115521680964
1647472724.778374 8.683683793507127 13.946914809667307 1.0421308111286616
1647472724.878374 8.683707568632219 13.946930780626541 1.0421532995004559
1647472724.978374 8.683731343757312 13.946946751585775 1.0421757878722502
1647472725.0783741 8.683755118882404 13.94696272254501 1.0421982762440443
1647472725.178374 8.683728055854367 13.946902173880648 1.0422061226333403
1647472725.278374 8.683670825828463 13.946796219016814 1.0422052805745394
1647472725.378374 8.683613595802559 13.94669026415298 1.0422044385157385
1647472725.478374 8.683556365776653 13.946584309289147 1.0422035964569376
1647472725.5783741 8.683563593077357 13.946584101545092 1.0422090773516872
1647472725.678374 8.683609038237934 13.946646593090913 1.0422183072345734
1647472725.778374 8.683654483398511 13.946709084636733 1.0422275371174596
1647472725.878374 8.683699928559088 13.946771576182554 1.0422367670003458
1647472725.978374 8.683673753170444 13.94672746766747 1.0422365442923711
1647472726.0783741 8.683605108217538 13.946620147431924 1.0422307163856181
1647472726.178374 8.683536463264632 13.94651282719638 1.042224888478865
1647472726.278374 8.683467818311728 13.946405506960833 1.042219060572112
1647472726.378374 8.6834442962073 13.946371654008582 1.0422175317632867
1647472726.478374 8.683447531711678 13.946381366764012 1.042218552296634
1647472726.5783741 8.683450767216058 13.946391079519442 1.0422195728299815
1647472726.678374 8.683454002720438 13.946400792274874 1.0422205933633288
1647472726.778374 8.683453824184554 13.946401497092921 1.0422218663392213
1647472726.878374 8.683451621091406 13.94639686012128 1.0422232890158643
1647472726.978374 8.683449417998256 13.946392223149639 1.042224711692507
1647472727.0783741 8.683447214905108 13.946387586177998 1.0422261343691497
1647472727.178374 8.683464483426896 13.946420891037173 1.0422271288605944
1647472727.278374 8.683493288360996 13.946476675418753 1.042227869663734
1647472727.378374 8.683522093295096 13.946532459800332 1.0422286104668734
1647472727.478374 8.683550898229196 13.946588244181912 1.0422293512700131
1647472727.5783741 8.683561914887367 13.9466107057557 1.042228998114002
1647472727.678374 8.68356239618748 13.94661343142518 1.0422279970452086
1647472727.778374 8.683562877487592 13.946616157094658 1.0422269959764152
1647472727.878374 8.683563358787705 13.946618882764135 1.0422259949076216
1647472727.978374 8.683537249488383 13.946580968781088 1.0422225181485254
1647472728.0783741 8.683495342547399 13.946518910525949 1.042217570566315
1647472728.178374 8.683453435606417 13.94645685227081 1.0422126229841047
1647472728.278374 8.683411528665433 13.94639479401567 1.0422076754018943
1647472728.378374 8.683342898547739 13.946290428031732 1.0421991841072735
1647472728.478374 8.68325837187277 13.946160894858982 1.0421885847987777
1647472728.5783741 8.683173845197802 13.94603136168623 1.0421779854902817
1647472728.678374 8.683089318522834 13.94590182851348 1.042167386181786
1647472728.778374 8.683049043790698 13.945842449616656 1.0421614880247374
1647472728.878374 8.683035097184522 13.945824809692065 1.0421583868636968
1647472728.978374 8.683021150578346 13.945807169767475 1.0421552857026564
1647472729.0783741 8.68300720397217 13.945789529842886 1.042152184541616
1647472729.178374 8.68299958488306 13.945782817130517 1.0421480614538134
1647472729.278374 8.682995736840512 13.945782616771357 1.0421433293224698
1647472729.378374 8.682991888797964 13.945782416412198 1.042138597191126
1647472729.478374 8.682988040755415 13.945782216053038 1.0421338650597822
1647472729.5783741 8.682990203904733 13.945785405251895 1.0421325544661397
1647472729.678374 8.682995957374983 13.945790618941299 1.0421332874636369
1647472729.778374 8.683001710845234 13.945795832630703 1.0421340204611342
1647472729.878374 8.683007464315486 13.945801046320106 1.0421347534586314
1647472729.978374 8.683106828984698 13.945961187541666 1.0421464578708113
1647472730.0783741 8.683262313993426 13.946214208523358 1.0421647396959908
1647472730.178374 8.683417799002155 13.946467229505048 1.0421830215211705
1647472730.278374 8.683573284010885 13.94672025048674 1.0422013033463502
1647472730.378374 8.683630870393607 13.946815348703787 1.042208268246968
1647472730.478374 8.68362987805114 13.946815952088693 1.0422084615406602
1647472730.5783741 8.68362888570867 13.9468165554736 1.042208654834352
1647472730.678374 8.683627893366202 13.946817158858506 1.042208848128044
1647472730.778374 8.683619240370021 13.946804160093192 1.0422078078861192
1647472730.878374 8.683606004078246 13.946783023291944 1.0422060296316733
1647472730.978374 8.68359276778647 13.946761886490695 1.0422042513772272
1647472731.0783741 8.683579531494694 13.946740749689447 1.0422024731227812
1647472731.178374 8.683572126704554 13.946727947464877 1.042201259120053
1647472731.278374 8.683568206812936 13.946720125973528 1.0422003823134873
1647472731.378374 8.683564286921316 13.946712304482176 1.0421995055069218
1647472731.478374 8.683560367029695 13.946704482990826 1.0421986287003562
1647472731.5783741 8.683556447138077 13.946696661499477 1.0421977518937906
1647472731.678374 8.683552527246457 13.946688840008125 1.042196875087225
1647472731.778374 8.683548607354837 13.946681018516776 1.0421959982806595
1647472731.878374 8.683544687463218 13.946673197025424 1.042195121474094
1647472731.978374 8.683501169560207 13.946602731506909 1.0421889706198837
1647472732.0783741 8.683433952297891 13.946494773618046 1.0421796632548856
1647472732.178374 8.683366735035577 13.946386815729182 1.0421703558898876
1647472732.278374 8.68329951777326 13.94627885784032 1.0421610485248896
1647472732.378374 8.683327835723643 13.946324797750604 1.0421630854088797
1647472732.478374 8.683413272849501 13.946462751015401 1.042171904861624
1647472732.5783741 8.683498709975359 13.9466007042802 1.0421807243143684
1647472732.678374 8.683584147101215 13.946738657544998 1.0421895437671125
1647472732.778374 8.683602206036236 13.946769540169873 1.042190894293298
1647472732.878374 8.68357997745244 13.946736401924392 1.0421877789156722
1647472732.978374 8.683557748868646 13.946703263678911 1.0421846635380463
1647472733.0783741 8.683535520284853 13.94667012543343 1.0421815481604204
1647472733.178374 8.683514032347558 13.946630999383952 1.0421782561509794
1647472733.278374 8.683492987768375 13.946588288977475 1.0421748584080364
1647472733.378374 8.683471943189192 13.946545578570998 1.0421714606650936
1647472733.478374 8.68345089861001 13.94650286816452 1.0421680629221508
1647472733.5783741 8.683474367393043 13.946541042598733 1.0421687811705662
1647472733.678374 8.68352448051239 13.946627632223136 1.0421719631254405
1647472733.778374 8.683574593631734 13.94671422184754 1.042175145080315
1647472733.878374 8.683624706751079 13.946800811471944 1.0421783270351892
1647472733.978374 8.68361168727186 13.94678142409403 1.0421749287331814
1647472734.0783741 8.68356083914856 13.946698535982863 1.0421675875838774
1647472734.178374 8.683509991025263 13.946615647871694 1.0421602464345736
1647472734.278374 8.683459142901963 13.946532759760526 1.0421529052852696
1647472734.378374 8.683402810014904 13.946442284530551 1.0421448902264892
1647472734.478374 8.683343196160731 13.946347270711792 1.042136472037341
1647472734.5783741 8.683283582306558 13.94625225689303 1.0421280538481927
1647472734.678374 8.683223968452383 13.946157243074271 1.0421196356590445
1647472734.778374 8.68321145117317 13.946139319516895 1.0421178040285803
1647472734.878374 8.683227216453087 13.946167690406151 1.04211992777567
1647472734.978374 8.683242981733004 13.946196061295408 1.0421220515227596
1647472735.0783741 8.683258747012921 13.946224432184664 1.0421241752698494
1647472735.178374 8.683254184279459 13.94621794930579 1.0421224472689827
1647472735.278374 8.683237325925235 13.946190384744856 1.0421183894963255
1647472735.378374 8.683220467571012 13.94616282018392 1.042114331723668
1647472735.478374 8.683203609216788 13.946135255622984 1.0421102739510109
1647472735.5783741 8.683206605604036 13.946142851546169 1.0421103111284973
1647472735.678374 8.68322159616423 13.94617168778255 1.0421128220496123
1647472735.778374 8.683236586724425 13.94620052401893 1.0421153329707276
1647472735.878374 8.683251577284617 13.94622936025531 1.0421178438918426
1647472735.978374 8.683255845644453 13.946235576943868 1.04211881551336
1647472736.0783741 8.683253624626163 13.94622810364399 1.0421188555073377
1647472736.178374 8.683251403607873 13.946220630344113 1.0421188955013154
1647472736.278374 8.68324918258958 13.946213157044236 1.042118935495293
1647472736.378374 8.683207776820412 13.946147845196323 1.042112082252384
1647472736.478374 8.683142674250327 13.946047555748011 1.0421010603556362
1647472736.5783741 8.683077571680244 13.9459472662997 1.0420900384588885
1647472736.678374 8.683012469110158 13.945846976851389 1.042079016562141
1647472736.778374 8.683043432326478 13.945895653797137 1.042079978048139
1647472756.7966056 8.683150143097736 13.945828904206227 1.0422949659157386
1647472756.8966055 8.683161496607596 13.94586092629324 1.0422850466752054
1647472756.9966056 8.683172850117458 13.945892948380251 1.0422751274346722
1647472757.0966055 8.683184203627318 13.945924970467264 1.042265208194139
1647472757.1966057 8.68316746555564 13.945900769869468 1.042255948231094
1647472757.2966056 8.683143942743165 13.945862990244704 1.0422468474982034
1647472757.3966055 8.68312041993069 13.94582521061994 1.042237746765313
1647472757.4966056 8.683096897118215 13.945787430995177 1.0422286460324224
1647472757.5966055 8.683094319649014 13.945781129939991 1.0422274633273625
1647472757.6966057 8.683096824319863 13.94578246678776 1.0422282018381954
1647472757.7966056 8.683099328990714 13.945783803635527 1.0422289403490281
1647472757.8966055 8.683101833661565 13.945785140483293 1.0422296788598608
1647472757.9966056 8.683126830367756 13.945823290229741 1.0422344347090882
1647472758.0966055 8.683157251368067 13.945870317962854 1.042240159400161
1647472758.1966057 8.683187672368376 13.945917345695964 1.0422458840912336
1647472758.2966056 8.683218093368687 13.945964373429076 1.0422516087823064
1647472758.3966055 8.683248514368998 13.946011401162187 1.0422573334733791
1647472758.4966056 8.683278935369307 13.946058428895299 1.0422630581644519
1647472758.5966055 8.683309356369618 13.946105456628409 1.0422687828555246
1647472758.6966057 8.683339777369927 13.94615248436152 1.0422745075465973
1647472758.7966056 8.683364823886725 13.946179865791583 1.0422854809766984
1647472758.8966055 8.683388575828632 13.946202514932375 1.0422977186930784
1647472758.9966056 8.683412327770538 13.94622516407317 1.0423099564094584
1647472759.0966055 8.683436079712443 13.946247813213963 1.0423221941258385
1647472759.1966057 8.683432713106095 13.9462306392042 1.0423303859172186
1647472759.2966056 8.683422780116851 13.946203822567108 1.0423375980435938
1647472759.3966055 8.683412847127608 13.946177005930014 1.0423448101699693
1647472759.4966056 8.683402914138366 13.94615018929292 1.0423520222963447
1647472759.5966055 8.68343370556853 13.946197624264926 1.0423614802946546
1647472759.6966057 8.683474350726033 13.94626302524163 1.0423714817067198
1647472759.7966056 8.683514995883536 13.946328426218331 1.042381483118785
1647472759.8966055 8.683555641041037 13.946393827195035 1.04239148453085
1647472759.9966056 8.683516955462572 13.946333976655641 1.0423889979844856
1647472760.0966055 8.683458957391371 13.94624363454239 1.0423834713351454
1647472760.1966057 8.683400959320169 13.94615329242914 1.0423779446858052
1647472760.2966056 8.683342961248966 13.946062950315888 1.042372418036465
1647472760.3966055 8.683314126130659 13.946011207211054 1.0423685492588033
1647472760.4966056 8.683292422629375 13.945968903251371 1.0423650859032507
1647472760.5966055 8.683270719128089 13.94592659929169 1.0423616225476982
1647472760.6966057 8.683249015626803 13.945884295332007 1.0423581591921456
1647472760.7966056 8.683214889705175 13.945830776754901 1.0423542460941302
1647472760.8966055 8.683177738178992 13.945774526745705 1.0423502234568458
1647472760.9966056 8.68314058665281 13.94571827673651 1.0423462008195614
1647472761.0966055 8.683103435126627 13.945662026727314 1.042342178182277
1647472761.1966057 8.683115349613196 13.945683990368755 1.0423441256813497
1647472761.2966056 8.683139184673834 13.945724955994732 1.04234752362338
1647472761.3966055 8.68316301973447 13.94576592162071 1.04235092156541
1647472761.4966056 8.683186854795109 13.945806887246688 1.0423543195074403
1647472761.5966055 8.683174718750625 13.94578281877037 1.042353001964207
1647472761.6966057 8.683153815243795 13.945742899125698 1.0423505350862692
1647472761.7966056 8.683132911736964 13.945702979481027 1.0423480682083313
1647472761.8966055 8.683112008230133 13.945663059836354 1.0423456013303933
1647472761.9966056 8.683123132489762 13.94568115583857 1.0423479111616345
1647472762.0966055 8.683142052614471 13.945713373404839 1.0423513836896356
1647472762.1966057 8.683160972739179 13.945745590971109 1.0423548562176368
1647472762.2966056 8.683179892863889 13.945777808537379 1.042358328745638
1647472762.3966055 8.683187220190508 13.94578895502468 1.0423595998120734
1647472762.4966056 8.683191715866789 13.945794954702086 1.042360333150745
1647472762.5966055 8.683196211543068 13.945800954379491 1.0423610664894165
1647472762.6966057 8.683200707219347 13.945806954056897 1.042361799828088
1647472762.7966056 8.683208315023828 13.945818148399079 1.042362345640133
1647472762.8966055 8.683216680910013 13.945830608106977 1.0423628457726632
1647472762.9966056 8.683225046796197 13.945843067814875 1.0423633459051935
1647472763.0966055 8.683233412682384 13.945855527522776 1.0423638460377238
1647472763.1966057 8.68329468968161 13.945957972106859 1.0423706121886673
1647472763.2966056 8.683368846961717 13.946082321928113 1.0423789036917066
1647472763.3966055 8.683443004241823 13.94620667174937 1.0423871951947459
1647472763.4966056 8.68351716152193 13.946331021570625 1.042395486697785
1647472763.5966055 8.683496147268631 13.946294560246965 1.0423930542290154
1647472763.6966057 8.683451928891069 13.946218890962104 1.0423880071089366
1647472763.7966056 8.683407710513508 13.946143221677241 1.0423829599888579
1647472763.8966055 8.683363492135948 13.94606755239238 1.0423779128687791
1647472763.9966056 8.683375996750579 13.946088563174795 1.042378772971324
1647472764.0966055 8.683401340705712 13.946131457645913 1.0423809701832099
1647472764.1966057 8.683426684660846 13.946174352117032 1.0423831673950954
1647472764.2966056 8.68345202861598 13.94621724658815 1.0423853646069812
1647472764.3966055 8.683431568558621 13.946194425370816 1.042381801445003
1647472764.4966056 8.683399886604944 13.946155503934266 1.042376827002337
1647472764.5966055 8.683368204651268 13.946116582497716 1.0423718525596712
1647472764.6966057 8.683336522697592 13.946077661061166 1.0423668781170055
1647472764.7966056 8.68329471630463 13.946014634328934 1.0423565747283172
1647472764.8966055 8.683250431111714 13.945945705817442 1.0423449666361513
1647472764.9966056 8.683206145918799 13.94587677730595 1.0423333585439853
1647472765.0966055 8.683161860725884 13.945807848794457 1.0423217504518194
1647472765.1966057 8.683196185353502 13.945862037563906 1.0423221224666865
1647472765.2966056 8.683249804053212 13.945946444360542 1.0423254348908713
1647472765.3966055 8.683303422752923 13.94603085115718 1.0423287473150562
1647472765.4966056 8.683357041452632 13.946115257953819 1.042332059739241
1647472765.5966055 8.683380401739502 13.946152342124524 1.042331091289389
1647472765.6966057 8.683396339131088 13.946177817262768 1.0423290726694614
1647472765.7966056 8.683412276522672 13.946203292401012 1.0423270540495337
1647472765.8966055 8.683428213914256 13.946228767539255 1.042325035429606
1647472765.9966056 8.683422817537323 13.946221416826717 1.0423218830764016
1647472766.0966055 8.683411557084233 13.946205043175322 1.042318419090572
1647472766.1966057 8.683400296631142 13.946188669523927 1.0423149551047428
1647472766.2966056 8.68338903617805 13.946172295872532 1.0423114911189135
1647472766.3966055 8.68337777572496 13.946155922221136 1.042308027133084
1647472766.4966056 8.683366515271869 13.946139548569741 1.0423045631472547
1647472766.5966055 8.68335525481878 13.946123174918347 1.0423010991614254
1647472766.6966057 8.68334399436569 13.946106801266952 1.042297635175596
1647472766.7966056 8.683337718306973 13.94609663168344 1.0422959131413778
1647472766.8966055 8.68333271324056 13.946088044102064 1.0422946352949434
1647472766.9966056 8.683327708174147 13.946079456520685 1.042293357448509
1647472767.0966055 8.683322703107732 13.946070868939307 1.0422920796020745
1647472767.1966057 8.68331769804132 13.946062281357928 1.04229080175564
1647472767.2966056 8.683312692974907 13.94605369377655 1.0422895239092056
1647472767.3966055 8.683307687908494 13.946045106195172 1.0422882460627712
1647472767.4966056 8.683302682842081 13.946036518613795 1.0422869682163367
1647472767.5966055 8.683340567193417 13.946099486978065 1.042291503014554
1647472767.6966057 8.683389578302142 13.946181019027476 1.0422975457811752
1647472767.7966056 8.683438589410867 13.946262551076886 1.0423035885477965
1647472767.8966055 8.683487600519591 13.946344083126297 1.0423096313144176
1647472767.9966056 8.68348342765324 13.94634225740917 1.042308975244342
1647472768.0966055 8.68346653475927 13.946320494989475 1.0423067170114404
1647472768.1966057 8.6834496418653 13.94629873256978 1.042304458778539
1647472768.2966056 8.683432748971331 13.946276970150086 1.0423022005456377
1647472768.3966055 8.683432417173403 13.946278021423945 1.042301963153355
1647472768.4966056 8.683436079723274 13.94628457510093 1.04230221316482
1647472768.5966055 8.683439742273144 13.946291128777915 1.0423024631762852
1647472768.6966057 8.683443404823015 13.946297682454901 1.0423027131877503
1647472768.7966056 8.683447067372885 13.946304236131887 1.0423029631992153
1647472768.8966055 8.683450729922756 13.946310789808871 1.0423032132106804
1647472768.9966056 8.683454392472626 13.946317343485857 1.0423034632221455
1647472769.0966055 8.683458055022497 13.946323897162841 1.0423037132336106
1647472769.1966057 8.683428353964732 13.946275440335812 1.0423000586487736
1647472769.2966056 8.683390607357126 13.946213717864472 1.0422954624803855
1647472769.3966055 8.68335286074952 13.946151995393132 1.0422908663119976
1647472769.4966056 8.683315114141914 13.946090272921792 1.0422862701436095
1647472769.5966055 8.683285339119736 13.94603781490031 1.0422820245411781
1647472769.6966057 8.683257491064985 13.945987596369738 1.0422778636808834
1647472769.7966056 8.683229643010234 13.945937377839169 1.0422737028205884
1647472769.8966055 8.683201794955483 13.945887159308597 1.0422695419602934
1647472769.9966056 8.683253458449343 13.945972013636508 1.0422755958424585
1647472770.0966055 8.68332435813428 13.946089546076726 1.042284120972401
1647472770.1966057 8.68339525781922 13.946207078516945 1.0422926461023436
1647472770.2966056 8.683466157504157 13.946324610957163 1.042301171232286
1647472770.3966055 8.683459897901582 13.946315072992356 1.0422989498756245
1647472770.4966056 8.683435012484232 13.946274860951831 1.0422941343779928
1647472770.5966055 8.683410127066882 13.946234648911307 1.0422893188803612
1647472770.6966057 8.683385241649532 13.946194436870783 1.0422845033827295
1647472770.7966056 8.683423184580615 13.946250117727313 1.0422860310524409
1647472770.8966055 8.68347629793585 13.946328952716616 1.0422890903323483
1647472770.9966056 8.683529411291087 13.946407787705917 1.0422921496122555
1647472771.0966055 8.683582524646322 13.946486622695218 1.0422952088921627
1647472771.1966057 8.683531225527318 13.946403268913118 1.042285286278616
1647472771.2966056 8.683454708477013 13.94628074294087 1.0422722282495012
1647472771.3966055 8.683378191426709 13.94615821696862 1.0422591702203865
1647472771.4966056 8.683301674376402 13.946035690996371 1.0422461121912716
1647472771.5966055 8.683255366837766 13.945960504213593 1.0422380276659053
1647472771.6966057 8.683216364495046 13.945896764886744 1.0422311458219882
1647472771.7966056 8.683177362152323 13.945833025559894 1.0422242639780708
1647472771.8966055 8.6831383598096 13.945769286233045 1.0422173821341534
1647472771.9966056 8.683072746327456 13.945674804077232 1.0422075846128878
1647472772.0966055 8.683000717903449 13.945572910985067 1.0421970842318014
1647472772.1966057 8.682928689479441 13.945471017892903 1.0421865838507152
1647472772.2966056 8.682856661055434 13.945369124800738 1.0421760834696288
1647472772.3966055 8.68286630202817 13.945407836053814 1.0421789284239722
1647472772.4966056 8.682895698356106 13.945480558685615 1.0421850015378484
1647472772.5966055 8.682925094684041 13.945553281317416 1.0421910746517247
1647472772.6966057 8.682954491011976 13.945626003949217 1.0421971477656011
1647472772.7966056 8.682937856709449 13.945599733282343 1.042194253254195
1647472772.8966055 8.682910093042281 13.94554952784623 1.0421891905349947
1647472772.9966056 8.682882329375113 13.945499322410118 1.0421841278157944
1647472773.0966055 8.682854565707943 13.945449116974006 1.042179065096594
1647472773.1966057 8.682882185600912 13.94549002409523 1.0421789513143722
1647472773.2966056 8.682923197732661 13.945552963045406 1.0421800342292489
1647472773.3966055 8.68296420986441 13.945615901995584 1.0421811171441258
1647472773.4966056 8.68300522199616 13.945678840945762 1.0421822000590024
1647472773.5966055 8.683052197529445 13.945749881900888 1.042184025451059
1647472773.6966057 8.683100603604135 13.945822866420185 1.0421860289536022
1647472773.7966056 8.683149009678827 13.94589585093948 1.0421880324561457
1647472773.8966055 8.683197415753519 13.945968835458778 1.0421900359586889
1647472773.9966056 8.68324582182821 13.946041819978074 1.0421920394612323
1647472774.0966055 8.683294227902902 13.946114804497372 1.0421940429637755
1647472774.1966057 8.683342633977592 13.946187789016667 1.042196046466319
1647472774.2966056 8.683391040052284 13.946260773535965 1.0421980499688621
1647472774.3966055 8.683425887315504 13.94631709578717 1.042201957424395
1647472774.4966056 8.683457467783343 13.946369403510959 1.0422063236092824
1647472774.5966055 8.68348904825118 13.946421711234745 1.0422106897941699
1647472774.6966057 8.68352062871902 13.946474018958531 1.0422150559790575
1647472774.7966056 8.683552209186859 13.946526326682317 1.042219422163945
1647472774.8966055 8.683583789654696 13.946578634406103 1.0422237883488323
1647472774.9966056 8.683615370122535 13.94663094212989 1.0422281545337198
1647472775.0966055 8.683646950590374 13.946683249853676 1.0422325207186072
1647472775.1966057 8.683637550549237 13.946669443995985 1.0422380689811
1647472775.2966056 8.683618276137473 13.946639707882092 1.0422439020685663
1647472775.3966055 8.683599001725707 13.946609971768199 1.0422497351560327
1647472775.4966056 8.683579727313942 13.946580235654306 1.0422555682434989
1647472775.5966055 8.683577801889488 13.946580719539707 1.0422524267312723
1647472775.6966057 8.683580089824746 13.946588542627408 1.042247105655703
1647472775.7966056 8.683582377760004 13.946596365715108 1.0422417845801337
1647472775.8966055 8.683584665695264 13.946604188802807 1.0422364635045642
1647472775.9966056 8.683534832141538 13.946521440722883 1.0422286620897463
1647472776.0966055 8.683472210502321 13.946416470871153 1.0422202521199742
1647472776.1966057 8.683409588863107 13.946311501019421 1.0422118421502018
1647472776.2966056 8.68334696722389 13.946206531167691 1.0422034321804294
1647472776.3966055 8.683354628877762 13.946218264075926 1.042203519343459
1647472776.4966056 8.683379551902558 13.946258658840193 1.0422056933774166
1647472776.5966055 8.683404474927354 13.94629905360446 1.0422078674113746
1647472776.6966057 8.68342939795215 13.946339448368727 1.0422100414453324
1647472776.7966056 8.683388006713539 13.94627510167546 1.0421994038892368
1647472776.8966055 8.683330385904075 13.94618512084529 1.0421856308597475
1647472776.9966056 8.683272765094609 13.946095140015121 1.042171857830258
1647472777.0966055 8.683215144285144 13.946005159184951 1.0421580848007683
1647472777.1966057 8.683306046699961 13.94615018963228 1.042171377208923
1647472777.2966056 8.683433307828015 13.946352751201006 1.042191295277749
1647472777.3966055 8.683560568956068 13.94655531276973 1.042211213346575
1647472777.4966056 8.683687830084121 13.946757874338454 1.0422311314154011
1647472777.5966055 8.683660474131594 13.946712107374056 1.0422308043019566
1647472777.6966057 8.683595269736802 13.946605552506318 1.0422255214060756
1647472777.7966056 8.683530065342008 13.94649899763858 1.0422202385101944
1647472777.8966055 8.683464860947215 13.946392442770842 1.0422149556143132
1647472777.9966056 8.683475405212697 13.946413922149844 1.042213090593999
1647472778.0966055 8.683504484415943 13.946466730225442 1.0422120618935709
1647472778.1966057 8.68353356361919 13.94651953830104 1.0422110331931425
1647472778.2966056 8.683562642822436 13.946572346376637 1.0422100044927143
1647472778.3966055 8.683564081698057 13.946580760998643 1.0422074753906023
1647472778.4966056 8.68355879210304 13.946578368945234 1.0422045810464857
1647472778.5966055 8.683553502508024 13.946575976891825 1.042201686702369
1647472782.116018 8.683100347114749 13.94596336776808 1.042076342209345
1647472782.216018 8.68309465406377 13.945961061454415 1.0420756384863872
1647472782.316018 8.683088982715363 13.945958779235717 1.042074936047462
1647472782.416018 8.683100278685533 13.945975334737573 1.0420752374801407
1647472782.5160182 8.683111574655705 13.94599189023943 1.0420755389128193
1647472782.616018 8.683122870625875 13.946008445741287 1.0420758403454982
1647472782.716018 8.68313444186633 13.946025443828583 1.0420761761352362
1647472782.816018 8.683288031064468 13.946270781421157 1.0420942374830495
1647472782.916018 8.683441620262606 13.946516119013731 1.042112298830863
1647472783.0160182 8.683595209460746 13.946761456606307 1.0421303601786764
1647472783.116018 8.683748408257104 13.947006185128588 1.042148370486048
1647472783.216018 8.683713566643851 13.946957549653193 1.0421417967211222
1647472783.316018 8.683678725030598 13.946908914177799 1.0421352229561962
1647472783.416018 8.683643883417346 13.946860278702404 1.0421286491912705
1647472783.5160182 8.683609203871686 13.946811878541167 1.0421220927755217
1647472783.616018 8.683655132309694 13.946880517199814 1.0421241653654945
1647472783.716018 8.683701060747701 13.946949155858462 1.0421262379554674
1647472783.816018 8.68374698918571 13.947017794517109 1.0421283105454404
1647472783.916018 8.6837927899574 13.947086257501919 1.0421303768496069
1647472784.0160182 8.683785659403295 13.94708188491637 1.0421298370155576
1647472784.116018 8.683778528849189 13.947077512330821 1.0421292971815086
1647472784.216018 8.683771398295084 13.947073139745273 1.0421287573474594
1647472784.316018 8.68376428829474 13.947068775372893 1.0421282162011372
1647472784.416018 8.68376585866072 13.947067879627253 1.0421271208491736
1647472784.5160182 8.683767429026702 13.947066983881614 1.04212602549721
1647472784.616018 8.683768999392683 13.947066088135974 1.0421249301452462
1647472784.716018 8.683770314469976 13.947064787636545 1.0421238059502302
1647472784.816018 8.683665384103278 13.946895037660878 1.0421106779217242
1647472784.916018 8.683560453736582 13.946725287685211 1.0420975498932181
1647472785.0160182 8.683455523369885 13.946555537709544 1.042084421864712
1647472785.116018 8.683350847380002 13.94638620592595 1.0420713265289308
1647472785.216018 8.68335870070104 13.946401870820972 1.0420726935560078
1647472785.316018 8.68336655402208 13.946417535715996 1.042074060583085
1647472785.416018 8.683374407343118 13.94643320061102 1.042075427610162
1647472785.5160182 8.683382257149336 13.946448851112484 1.042076784546692
1647472785.616018 8.683388614708422 13.946458390706885 1.0420738574563981
1647472785.716018 8.683394972267507 13.946467930301287 1.0420709303661042
1647472785.816018 8.683401329826593 13.94647746989569 1.0420680032758103
1647472785.916018 8.683407687385678 13.946487009490092 1.0420650761855164
1647472786.0160182 8.683414044944763 13.946496549084493 1.0420621490952222
1647472786.116018 8.683420402503849 13.946506088678895 1.0420592220049283
1647472786.216018 8.683426760062934 13.946515628273298 1.0420562949146344
1647472786.316018 8.683433071178872 13.946525110426064 1.0420533621119226
1647472786.416018 8.68341811152642 13.946508284548404 1.042047813045576
1647472786.5160182 8.683403151873968 13.946491458670744 1.0420422639792293
1647472786.616018 8.683388192221516 13.946474632793086 1.0420367149128829
1647472786.716018 8.683373286246454 13.94645786684957 1.042031170902834
1647472786.816018 8.683388693372068 13.946474947368 1.0420284823234955
1647472786.916018 8.683404100497684 13.94649202788643 1.042025793744157
1647472787.0160182 8.683419507623299 13.94650910840486 1.0420231051648183
1647472787.116018 8.683434914748913 13.946526188923288 1.0420204165854798
1647472787.216018 8.683414406092473 13.946495704836941 1.0420159859415865
1647472787.316018 8.683393488838028 13.946464679629074 1.0420115354789932
1647472787.416018 8.683372571583583 13.946433654421206 1.0420070850164
1647472787.5160182 8.683351654329137 13.946402629213338 1.0420026345538067
1647472787.616018 8.68338281445413 13.946450847267535 1.042005179816232
1647472787.716018 8.683414005563588 13.94649911246907 1.0420077292409013
1647472787.816018 8.683445196673045 13.946547377670605 1.042010278665571
1647472787.916018 8.683476387782502 13.946595642872142 1.0420128280902405
1647472788.0160182 8.68347363630938 13.946569988610838 1.0420239641450535
1647472788.116018 8.683470875300564 13.9465443135829 1.04203510261216
1647472788.216018 8.683468114291749 13.94651863855496 1.0420462410792664
1647472788.316018 8.683465353011712 13.946492963173052 1.0420573794216077
1647472788.416018 8.683452058857823 13.946453541351213 1.0420636724904222
1647472788.5160182 8.683438764703933 13.946414119529374 1.0420699655592365
1647472788.616018 8.683425470550041 13.946374697707537 1.042076258628051
1647472788.716018 8.683412179025936 13.9463353020156 1.04208254366781
1647472788.816018 8.683401171379584 13.946318599255637 1.0420818557459126
1647472788.916018 8.683390163733232 13.946301896495676 1.0420811678240154
1647472789.0160182 8.68337915608688 13.946285193735713 1.0420804799021182
1647472789.116018 8.683368139222273 13.946268470853607 1.0420797940475421
1647472789.216018 8.683349724647412 13.946235599820227 1.0420807672317591
1647472789.316018 8.683331310072552 13.946202728786849 1.0420817404159761
1647472789.416018 8.683312895497691 13.94616985775347 1.0420827136001933
1647472789.5160182 8.683294461177981 13.946136954486052 1.0420836784826288
1647472789.616018 8.683259922012658 13.94607775959071 1.042077872033847
1647472789.716018 8.683225382847336 13.946018564695366 1.0420720655850655
1647472789.816018 8.683190843682015 13.945959369800022 1.0420662591362837
1647472789.916018 8.683156304516693 13.94590017490468 1.0420604526875021
1647472790.0160182 8.683121765351371 13.945840980009336 1.0420546462387204
1647472790.116018 8.683087226186048 13.945781785113994 1.0420488397899386
1647472790.216018 8.683052687020727 13.94572259021865 1.042043033341157
1647472790.316018 8.683018147855405 13.945663395323306 1.0420372268923752
1647472790.416018 8.682988854750072 13.945617200933391 1.0420307132811863
1647472790.5160182 8.682959563348826 13.945571010766448 1.0420241994402888
1647472790.616018 8.68293027194758 13.945524820599507 1.0420176855993912
1647472790.716018 8.682900980546332 13.945478630432566 1.0420111717584937
1647472790.816018 8.682910205413194 13.945508330585142 1.042009977474444
1647472790.916018 8.682919454225814 13.945538077919112 1.0420087864975895
1647472791.0160182 8.682928703038435 13.945567825253084 1.0420075955207353
1647472796.7961473 8.683066501834066 13.945893193260519 1.0420336466329594
1647472796.8961473 8.683061792379666 13.945888741801438 1.0420337336604821
1647472796.9961474 8.683057082925268 13.945884290342356 1.0420338206880049
1647472797.0961473 8.683052373470868 13.945879838883275 1.0420339077155276
1647472797.1961474 8.683060036966156 13.945891587076318 1.0420309501350116
1647472797.2961473 8.683070746813836 13.945907323796773 1.0420272429394712
1647472797.3961473 8.683081456661515 13.945923060517226 1.042023535743931
1647472797.4961474 8.683092166509194 13.94593879723768 1.0420198285483908
1647472797.5961473 8.683102876356875 13.945954533958133 1.0420161213528505
1647472797.6961474 8.683113586204554 13.945970270678588 1.0420124141573102
1647472797.7961473 8.683124296052233 13.945986007399041 1.0420087069617698
1647472797.8961473 8.683135005899913 13.946001744119496 1.0420049997662295
1647472797.9961474 8.683061097243876 13.945887829888292 1.0419906843049862
1647472798.0961473 8.682966142125867 13.945741668646052 1.0419737303373773
1647472798.1961474 8.682871187007859 13.94559550740381 1.0419567763697686
1647472798.2961473 8.68277623188985 13.945449346161569 1.0419398224021597
1647472798.3961473 8.682874715096856 13.945608395377603 1.0419481995910804
1647472798.4961474 8.683021382845096 13.94584347102692 1.0419628866472734
1647472798.5961473 8.683168050593334 13.946078546676238 1.0419775737034664
1647472798.6961474 8.683314718341574 13.946313622325556 1.0419922607596594
1647472798.7961473 8.683399192091082 13.946448612544735 1.0420014296985676
1647472798.8961473 8.683468105216956 13.946558561895962 1.0420092180324658
1647472798.9961474 8.68353701834283 13.94666851124719 1.042017006366364
1647472799.0961473 8.683605931468707 13.946778460598418 1.0420247947002623
1647472799.1961474 8.683578535665216 13.946734410978927 1.042022237206216
1647472799.2961473 8.683527011402692 13.94665177970475 1.042017087752241
1647472799.3961473 8.68347548714017 13.946569148430571 1.042011938298266
1647472799.4961474 8.683423962877646 13.946486517156394 1.042006788844291
1647472799.5961473 8.683444670919757 13.946521168064953 1.0420103872375137
1647472799.6961474 8.683483431150803 13.946585129960228 1.0420161718795515
1647472799.7961473 8.683522191381849 13.946649091855505 1.0420219565215891
1647472799.8961473 8.683560951612895 13.94671305375078 1.042027741163627
1647472799.9961474 8.683577044093381 13.94673953458786 1.0420288808979397
1647472800.0961473 8.683587472294274 13.946756649555457 1.042028859949988
1647472800.1961474 8.683597900495165 13.946773764523055 1.0420288390020367
1647472800.2961473 8.683608328696057 13.946790879490655 1.042028818054085
1647472800.3961473 8.683580943140486 13.946744625284081 1.0420231279838594
1647472800.4961474 8.683544097817196 13.946682518178342 1.042016019684267
1647472800.5961473 8.683507252493905 13.946620411072605 1.0420089113846742
1647472800.6961474 8.683470407170615 13.946558303966865 1.0420018030850815
1647472800.7961473 8.683428613084146 13.946492154587233 1.0419955531985337
1647472800.8961473 8.683385582224972 13.946424994980632 1.041989517842725
1647472800.9961474 8.683342551365799 13.94635783537403 1.0419834824869163
1647472801.0961473 8.683299520506624 13.94629067576743 1.0419774471311076
1647472801.1961474 8.683305440094992 13.946301063476454 1.0419769252954045
1647472801.2961473 8.683323677036947 13.946330964341215 1.0419777908214125
1647472801.3961473 8.683341913978902 13.946360865205977 1.0419786563474203
1647472801.4961474 8.683360150920857 13.946390766070737 1.041979521873428
1647472801.5961473 8.683348982287535 13.946358699201049 1.0419808705764328
1647472801.6961474 8.683330448220216 13.946311110810228 1.0419823403043877
1647472801.7961473 8.683311914152897 13.946263522419407 1.0419838100323426
1647472801.8961473 8.683293380085576 13.946215934028587 1.0419852797602973
1647472801.9961474 8.68328035382354 13.946188026541751 1.0419932715681293
1647472802.0961473 8.6832687072535 13.94616504907411 1.0420028971413096
1647472802.1961474 8.68325706068346 13.946142071606468 1.04201252271449
1647472802.2961473 8.68324541411342 13.946119094138826 1.0420221482876706
1647472802.3961473 8.683212037991877 13.94606238794795 1.0420326400684419
1647472802.4961474 8.683173214910319 13.945997226957317 1.0420433489820018
1647472802.5961473 8.683134391828759 13.945932065966682 1.0420540578955617
1647472802.6961474 8.6830955687472 13.945866904976047 1.0420647668091216
1647472802.7961473 8.683122371717936 13.94590441255554 1.0420812480502044
1647472802.8961473 8.683165606713427 13.945967627189278 1.042099174617121
1647472802.9961474 8.683208841708918 13.946030841823015 1.0421171011840378
1647472803.0961473 8.68325207670441 13.946094056456753 1.0421350277509547
1647472803.1961474 8.68324063635957 13.946074825408488 1.0421330696777704
1647472803.2961473 8.683215496466973 13.94603493662766 1.0421261292747988
1647472803.3961473 8.683190356574373 13.945995047846834 1.042119188871827
1647472803.4961474 8.683165216681775 13.945955159066006 1.0421122484688552
1647472803.5961473 8.683178156474098 13.945971839778773 1.042104559833481
1647472810.3969598 8.683537049461975 13.946404521664922 1.042199618364996
1647472810.4969597 8.683524452984386 13.94638581419652 1.042200059754381
1647472810.5969598 8.683511856506799 13.946367106728115 1.0422005011437658
1647472810.6969597 8.68349926002921 13.94634839925971 1.0422009425331509
1647472810.7969599 8.68348530556217 13.946324681808852 1.0421998046328032
1647472810.8969598 8.683471009350058 13.946299703569982 1.0421982692960219
1647472810.9969597 8.683456713137945 13.946274725331113 1.0421967339592406
1647472811.0969598 8.683442416925832 13.946249747092246 1.0421951986224591
1647472811.1969597 8.68342812071372 13.946224768853376 1.0421936632856779
1647472811.2969599 8.683413824501606 13.946199790614509 1.0421921279488966
1647472811.3969598 8.683399528289494 13.94617481237564 1.0421905926121153
1647472811.4969597 8.68338523207738 13.94614983413677 1.042189057275334
1647472811.5969598 8.683306269114196 13.946027794616906 1.0421803528982911
1647472811.6969597 8.68321241027688 13.94588339719904 1.0421699971452383
1647472811.7969599 8.683118551439566 13.945738999781174 1.0421596413921854
1647472811.8969598 8.68302469260225 13.945594602363308 1.0421492856391326
1647472811.9969597 8.683034307145862 13.945605397332512 1.0421504568334328
1647472812.0969598 8.683067761981402 13.945651948665143 1.0421542838391844
1647472812.1969597 8.683101216816942 13.945698499997773 1.042158110844936
1647472812.2969599 8.683134671652482 13.945745051330402 1.0421619378506877
1647472812.3969598 8.683127913496397 13.945736774435224 1.0421615622073959
1647472812.4969597 8.683111147245002 13.945714852046205 1.0421601406207293
1647472812.5969598 8.683094380993607 13.945692929657184 1.0421587190340627
1647472812.6969597 8.683077614742212 13.945671007268164 1.042157297447396
1647472812.7969599 8.683071785398976 13.945661169872743 1.0421563761195978
1647472812.8969598 8.683068661567146 13.945654321995706 1.0421555785430512
1647472812.9969597 8.683065537735317 13.945647474118669 1.0421547809665046
1647472813.0969598 8.683062413903485 13.945640626241632 1.042153983389958
1647472813.1969597 8.683100938436178 13.945699690450198 1.0421585532698507
1647472813.2969599 8.68314977148823 13.945775068769008 1.042164451665983
1647472813.3969598 8.683198604540282 13.945850447087818 1.0421703500621151
1647472813.4969597 8.683247437592332 13.945925825406627 1.0421762484582473
1647472813.5969598 8.683313920998634 13.946032583058415 1.0421847426061408
1647472813.6969597 8.683384781840347 13.94614712304711 1.0421938805221713
1647472813.7969599 8.68345564268206 13.946261663035806 1.0422030184382018
1647472813.8969598 8.683526503523774 13.946376203024501 1.0422121563542326
1647472813.9969597 8.683538224186263 13.946400469335952 1.0422138182701415
1647472814.0969598 8.683535264322897 13.946402326769539 1.0422136243984197
1647472814.1969597 8.68353230445953 13.946404184203125 1.042213430526698
1647472814.2969599 8.683529344596163 13.946406041636711 1.0422132366549761
1647472814.3969598 8.683543692176025 13.946423373912888 1.0422148796071573
1647472814.4969597 8.683562015869414 13.946444261291347 1.0422169445408105
1647472814.5969598 8.683580339562804 13.946465148669805 1.0422190094744637
1647472814.6969597 8.683598663256193 13.946486036048265 1.0422210744081168
1647472814.7969599 8.683615454029045 13.946517442464343 1.0422233925353133
1647472814.8969598 8.683631889978582 13.946551283709688 1.0422257692689214
1647472814.9969597 8.683648325928118 13.946585124955032 1.0422281460025298
1647472815.0969598 8.683664761877655 13.946618966200376 1.042230522736138
1647472815.1969597 8.683663779319478 13.946613646510455 1.0422296257016306
1647472815.2969599 8.68365873815804 13.946599202118112 1.0422279658620561
1647472815.3969598 8.683653696996604 13.94658475772577 1.0422263060224817
1647472815.4969597 8.683648655835167 13.946570313333426 1.042224646182907
1647472815.5969598 8.683563131795683 13.946436611988785 1.0422142731884596
1647472815.6969597 8.683458906608614 13.94627519988231 1.0422018755895355
1647472815.7969599 8.683354681421546 13.946113787775836 1.0421894779906113
1647472815.8969598 8.683250456234477 13.94595237566936 1.042177080391687
1647472815.9969597 8.683237769504759 13.94593198694612 1.042175282146583
1647472816.0969598 8.683246321470481 13.945944318379771 1.0421759431569022
1647472816.1969597 8.683254873436203 13.945956649813425 1.0421766041672214
1647472816.2969599 8.683263425401925 13.945968981247079 1.0421772651775405
1647472816.3969598 8.683271977367648 13.945981312680733 1.0421779261878596
1647472816.4969597 8.68328052933337 13.945993644114385 1.0421785871981788
1647472816.5969598 8.683289081299092 13.946005975548038 1.042179248208498
1647472816.6969597 8.683297633264814 13.946018306981692 1.042179909218817
1647472816.7969599 8.683315954807373 13.946044743664967 1.042182892873378
1647472816.8969598 8.683336542508297 13.946074452212514 1.0421864152902383
1647472816.9969597 8.68335713020922 13.946104160760061 1.0421899377070982
1647472817.0969598 8.683377717910144 13.946133869307609 1.0421934601239584
1647472817.1969597 8.683398305611068 13.946163577855156 1.0421969825408184
1647472817.2969599 8.68341889331199 13.946193286402703 1.0422005049576784
1647472817.3969598 8.683439481012913 13.94622299495025 1.0422040273745385
1647472817.4969597 8.683460068713837 13.946252703497798 1.0422075497913985
1647472817.5969598 8.68345257065902 13.946221887299092 1.0422125927660715
1647472817.6969597 8.683438576825846 13.946177072711299 1.0422179874210271
1647472817.7969599 8.683424582992675 13.946132258123505 1.042223382075983
1647472817.8969598 8.683410589159504 13.946087443535713 1.0422287767309388
1647472817.9969597 8.683373943468911 13.946021031623445 1.0422307723627526
1647472818.0969598 8.68333207657723 13.94594964157751 1.0422319845275416
1647472818.1969597 8.68329020968555 13.945878251531573 1.0422331966923306
1647472818.2969599 8.683248342793869 13.945806861485636 1.0422344088571196
1647472818.3969598 8.683263611287165 13.945836056365525 1.042241441466693
1647472818.4969597 8.683292098148213 13.945888521737782 1.0422498206459914
1647472818.5969598 8.68332058500926 13.945940987110037 1.0422581998252898
1647472818.6969597 8.683349071870309 13.945993452482291 1.0422665790045882
1647472818.7969599 8.683356764841418 13.946001611902894 1.04227097673027
1647472818.8969598 8.683359660078631 13.945999548697195 1.0422744558228803
1647472818.9969597 8.683362555315844 13.945997485491496 1.0422779349154907
1647472819.0969598 8.683365450553058 13.945995422285797 1.042281414008101
1647472819.1969597 8.683369845252301 13.946004494539912 1.042283809393239
1647472819.2969599 8.683374585900019 13.946016135912304 1.0422859547507426
1647472819.3969598 8.683379326547735 13.946027777284696 1.042288100108246
1647472819.4969597 8.683384067195451 13.946039418657088 1.0422902454657494
1647472819.5969598 8.68340788884894 13.9460924128734 1.0422856988247988
1647472819.6969597 8.6834361203875 13.946154964305464 1.0422796055701937
1647472819.7969599 8.683464351926057 13.946217515737526 1.0422735123155888
1647472819.8969598 8.683492583464616 13.94628006716959 1.042267419060984
1647472819.9969597 8.683487196671615 13.946297252560427 1.042250550905053
1647472820.0969598 8.683474034821424 13.94630394595036 1.0422311907910105
1647472820.1969597 8.683460872971233 13.946310639340295 1.0422118306769679
1647472820.2969599 8.683447711121042 13.946317332730228 1.0421924705629253
1647472820.3969598 8.68333943226394 13.946153207155582 1.0421712727584116
1647472820.4969597 8.683209210473079 13.945949674651027 1.0421496510095207
1647472820.5969598 8.683078988682219 13.945746142146474 1.0421280292606296
1647472820.6969597 8.682948766891357 13.945542609641919 1.0421064075117388
1647472820.7969599 8.683004258137384 13.94562853470063 1.042110940950823
1647472820.8969598 8.68310262542206 13.945781287559257 1.0421215129043233
1647472820.9969597 8.683200992706738 13.945934040417884 1.0421320848578237
1647472821.0969598 8.683299359991416 13.946086793276509 1.0421426568113241
1647472821.1969597 8.683256054955468 13.946021590996807 1.0421408193475463
1647472821.2969599 8.68317749997502 13.945902158600061 1.042135894256853
1647472821.3969598 8.68309894499457 13.945782726203314 1.0421309691661598
1647472821.4969597 8.683020390014123 13.945663293806568 1.0421260440754665
1647472821.5969598 8.683006711957953 13.945642784416258 1.0421239943103393
1647472821.6969597 8.68300797303808 13.945645053915243 1.0421226066431923
1647472821.7969599 8.683009234118206 13.94564732341423 1.0421212189760451
1647472821.8969598 8.683010495198332 13.945649592913215 1.0421198313088982
1647472821.9969597 8.683000131380311 13.945617917119558 1.0421240026777219
1647472822.0969598 8.682987087504404 13.945578415420842 1.042129455652457
1647472822.1969597 8.682974043628498 13.945538913722128 1.042134908627192
1647472822.2969599 8.682960999752593 13.945499412023414 1.0421403616019271
1647472822.3969598 8.683002460245815 13.945552706316914 1.042150598064861
1647472822.4969597 8.683056485720476 13.945627393022402 1.04216193727316
1647472822.5969598 8.683110511195137 13.94570207972789 1.042173276481459
1647472822.6969597 8.683164536669798 13.94577676643338 1.042184615689758
1647472822.7969599 8.683180060582238 13.945794475151015 1.0421887523176347
1647472822.8969598 8.683186685943582 13.945799015012454 1.042191224272023
1647472822.9969597 8.683193311304926 13.945803554873896 1.0421936962264113
1647472823.0969598 8.683199936666272 13.945808094735336 1.0421961681807996
1647472823.1969597 8.68321944748646 13.94583798075308 1.0422005451305676
1647472823.2969599 8.683241959938595 13.945873771087728 1.0422053658437327
1647472823.3969598 8.68326447239073 13.945909561422377 1.0422101865568976
1647472823.4969597 8.683286984842866 13.945945351757025 1.0422150072700624
1647472823.5969598 8.68331570725536 13.945984481321071 1.0422194818136101
1647472823.6969597 8.68334587440229 13.946024387749931 1.0422238758215119
1647472823.7969599 8.68337604154922 13.946064294178791 1.0422282698294139
1647472823.8969598 8.68340620869615 13.946104200607651 1.0422326638373156
1647472823.9969597 8.68338321494614 13.946065163480048 1.0422307532854924
1647472824.0969598 8.683347852961187 13.946007759610916 1.0422273759360723
1647472824.1969597 8.683312490976235 13.945950355741784 1.0422239985866522
1647472824.2969599 8.683277128991282 13.945892951872652 1.042220621237232
1647472824.3969598 8.683251105018874 13.945846386888842 1.0422186142104326
1647472824.4969597 8.683227254185603 13.945802344326776 1.042216926084652
1647472824.5969598 8.683203403352332 13.945758301764709 1.0422152379588718
1647472824.6969597 8.68317955251906 13.945714259202642 1.0422135498330913
1647472824.7969599 8.683160573232085 13.945686358449963 1.0422115313169626
1647472824.8969598 8.683142727321457 13.945662213126033 1.042209435934766
1647472824.9969597 8.683124881410828 13.9456380678021 1.0422073405525696
1647472825.0969598 8.683107035500198 13.945613922478168 1.0422052451703732
1647472825.1969597 8.683154402522149 13.945691046131113 1.0422114306063572
1647472825.2969599 8.683216913237029 13.945791686381583 1.042219539007047
1647472825.3969598 8.683279423951907 13.945892326632054 1.042227647407737
1647472825.4969597 8.683341934666785 13.945992966882523 1.0422357558084268
1647472825.5969598 8.683404445381665 13.946093607132994 1.0422438642091167
1647472825.6969597 8.683466956096543 13.946194247383463 1.0422519726098065
1647472825.7969599 8.683529466811423 13.946294887633934 1.0422600810104965
1647472825.8969598 8.683591977526302 13.946395527884405 1.0422681894111863
1647472825.9969597 8.683567833942519 13.94636541319832 1.042264762315698
1647472826.0969598 8.683523563240465 13.946304928177323 1.0422586558805873
1647472826.1969597 8.683479292538413 13.946244443156324 1.0422525494454766
1647472826.2969599 8.683435021836361 13.946183958135325 1.0422464430103657
1647472826.3969598 8.683438803580142 13.946188494549084 1.0422487514848036
1647472826.4969597 8.683453816510706 13.946208228272072 1.0422530267565453
1647472826.5969598 8.68346882944127 13.94622796199506 1.0422573020282868
1647472826.6969597 8.683483842371835 13.946247695718048 1.0422615773000283
1647472826.7969599 8.683502682468418 13.94628417618799 1.0422643681695363
1647472826.8969598 8.683522504174253 13.946324951941074 1.0422667783126915
1647472826.9969597 8.683542325880085 13.946365727694156 1.042269188455847
1647472827.0969598 8.683562147585917 13.946406503447239 1.0422715985990023
1647472827.1969597 8.68359149800171 13.946460188703576 1.0422758640865677
1647472827.2969599 8.68362309135775 13.946516912697005 1.042280566299216
1647472827.3969598 8.68365468471379 13.946573636690433 1.0422852685118644
1647472827.4969597 8.683686278069828 13.946630360683862 1.0422899707245128
1647472827.5969598 8.683686131934882 13.946628291313578 1.0422893354159666
1647472827.6969597 8.683678572561682 13.946612489863808 1.0422874534486024
1647472827.7969599 8.68367101318848 13.946596688414038 1.0422855714812385
1647472827.8969598 8.683663453815278 13.946580886964268 1.0422836895138743
1647472827.9969597 8.683688213132491 13.94662103999138 1.0422859625325167
1647472828.0969598 8.683720591961686 13.946674384945561 1.042289215138056
1647472828.1969597 8.68375297079088 13.946727729899745 1.0422924677435956
1647472828.2969599 8.683785349620075 13.946781074853929 1.042295720349135
1647472828.3969598 8.683763272052479 13.946745085999845 1.0422898716428826
1647472828.4969597 8.683728244453183 13.946687853073133 1.0422818585944569
1647472831.9990556 8.683289684147748 13.946019131041165 1.0422041060159437
1647472832.0990555 8.683312274085997 13.946055045970567 1.0422066718534124
1647472832.1990557 8.683334864024246 13.946090960899971 1.0422092376908811
1647472832.2990556 8.683357453962497 13.946126875829373 1.0422118035283499
1647472832.3990557 8.6833796206666 13.946163021813414 1.042214796685231
1647472832.4990556 8.683401700076134 13.946199215453852 1.0422178779792928
1647472832.5990555 8.683423779485667 13.94623540909429 1.0422209592733542
1647472832.6990557 8.6834458588952 13.946271602734729 1.042224040567416
1647472832.7990556 8.683423849517286 13.94624022689859 1.042221031789105
1647472832.8990557 8.683392776769296 13.946194960746848 1.0422167710693617
1647472832.9990556 8.683361704021305 13.946149694595105 1.0422125103496183
1647472833.0990555 8.683330631273314 13.946104428443363 1.042208249629875
1647472833.1990557 8.683297798000664 13.946048126291615 1.0422025830136492
1647472833.2990556 8.683264604647679 13.945989566945356 1.042196628849234
1647472833.3990557 8.683231411294694 13.945931007599096 1.0421906746848186
1647472833.4990556 8.683198217941708 13.945872448252837 1.0421847205204031
1647472833.5990555 8.683253086156745 13.945960236037925 1.0421904740828052
1647472833.6990557 8.683325982799179 13.946077984777505 1.042198624512622
1647472833.7990556 8.683398879441611 13.946195733517085 1.0422067749424389
1647472833.8990557 8.683471776084044 13.946313482256665 1.0422149253722557
1647472833.9990556 8.683544672726478 13.946431230996245 1.0422230758020725
1647472834.0990555 8.683617569368911 13.946548979735825 1.0422312262318894
1647472834.1990557 8.683690466011345 13.946666728475403 1.0422393766617062
1647472834.2990556 8.683763362653778 13.946784477214983 1.0422475270915228
1647472834.3990557 8.683677032321638 13.946647253979545 1.042233794561073
1647472834.4990556 8.683557767631001 13.946457292579266 1.0422155357795881
1647472834.5990555 8.683438502940364 13.946267331178985 1.0421972769981032
1647472834.6990557 8.683319238249727 13.946077369778706 1.0421790182166184
1647472834.7990556 8.683316400735063 13.946073084411209 1.0421746807100551
1647472834.8990557 8.683337637389188 13.946107192108874 1.0421732217678774
1647472834.9990556 8.683358874043316 13.94614129980654 1.0421717628256997
1647472835.0990555 8.683380110697444 13.946175407504205 1.042170303883522
1647472835.1990557 8.683345520539817 13.946119853054268 1.0421635301686072
1647472835.2990556 8.683299429748969 13.946045827704044 1.0421556615809964
1647472835.3990557 8.68325333895812 13.945971802353817 1.0421477929933856
1647472835.4990556 8.683207248167273 13.94589777700359 1.0421399244057747
1647472835.5990555 8.683324324675825 13.946095742601914 1.0421494083663059
1647472835.6990557 8.683474743000314 13.946349287180688 1.042162438168855
1647472835.7990556 8.683625161324803 13.94660283175946 1.0421754679714044
1647472835.8990557 8.683775579649293 13.946856376338232 1.0421884977739535
1647472835.9990556 8.68381531671553 13.946922535237395 1.0421904449989503
1647472836.0990555 8.683832374077474 13.946950296923973 1.0421901212922133
1647472836.1990557 8.683849431439416 13.946978058610549 1.0421897975854764
1647472836.2990556 8.683866488801359 13.947005820297127 1.0421894738787394
1647472836.3990557 8.683835910864216 13.946960923327442 1.0421826669920722
1647472836.4990556 8.683795542049104 13.946901092221717 1.0421745275636811
1647472836.5990555 8.683755173233994 13.946841261115992 1.0421663881352903
1647472836.6990557 8.683714804418882 13.946781430010267 1.0421582487068994
1647472836.7990556 8.683764971045147 13.946862551735139 1.0421625733645372
1647472836.8990557 8.683833755395007 13.946972659024118 1.0421694611389505
1647472836.9990556 8.683902539744867 13.947082766313097 1.0421763489133635
1647472837.0990555 8.68397132409473 13.947192873602075 1.0421832366877768
1647472837.1990557 8.683947852024707 13.947154201838428 1.042181956147454
1647472837.2990556 8.683905415554017 13.947084946776961 1.0421789965132142
1647472837.3990557 8.683862979083328 13.947015691715496 1.0421760368789743
1647472837.4990556 8.683820542612636 13.946946436654029 1.0421730772447344
1647472837.5990555 8.683778106141947 13.946877181592562 1.0421701176104947
1647472837.6990557 8.683735669671258 13.946807926531097 1.0421671579762548
1647472837.7990556 8.683693233200566 13.94673867146963 1.042164198342015
1647472837.8990557 8.683650796729877 13.946669416408163 1.0421612387077752
1647472837.9990556 8.683564462593226 13.946533856154728 1.0421515407908133
1647472838.0990555 8.683469071772778 13.946384616241003 1.0421404526747455
1647472838.1990557 8.683373680952329 13.946235376327278 1.042129364558678
1647472838.2990556 8.68327829013188 13.946086136413552 1.0421182764426102
1647472838.3990557 8.683182899311431 13.945936896499827 1.0421071883265427
1647472838.4990556 8.683087508490981 13.9457876565861 1.042096100210475
1647472838.5990555 8.682992117670533 13.945638416672375 1.0420850120944074
1647472838.6990557 8.682896726850084 13.945489176758649 1.0420739239783396
1647472838.7990556 8.682884517224611 13.945471613863472 1.042072408078389
1647472838.8990557 8.682889711954843 13.945481602311714 1.0420728950139855
1647472838.9990556 8.682894906685075 13.945491590759957 1.042073381949582
1647472839.0990555 8.682900101415306 13.9455015792082 1.0420738688851787
1647472839.1990557 8.682905296145538 13.945511567656443 1.0420743558207752
1647472839.2990556 8.68291049087577 13.945521556104685 1.0420748427563717
1647472839.3990557 8.682915685606002 13.945531544552928 1.0420753296919683
1647472839.4990556 8.682920880336233 13.94554153300117 1.042075816627565
1647472839.5990555 8.682936237834523 13.945563121739168 1.0420778761256335
1647472839.6990557 8.682953902451406 13.945587343937266 1.0420802926217263
1647472839.7990556 8.68297156706829 13.945611566135364 1.042082709117819
1647472839.8990557 8.682989231685172 13.94563578833346 1.0420851256139119
1647472839.9990556 8.683000197152039 13.945657097974085 1.042086002032701
1647472840.0990555 8.683009631002797 13.945677741721282 1.042086526346043
1647472840.1990557 8.683019064853553 13.94569838546848 1.0420870506593851
1647472840.2990556 8.68302849870431 13.94571902921568 1.0420875749727272
1647472840.3990557 8.683110699668072 13.945855262727784 1.0420954526341557
1647472840.4990556 8.683209562515385 13.946017963460081 1.042105014031883
1647472840.5990555 8.683308425362698 13.946180664192376 1.0421145754296102
1647472840.6990557 8.68340728821001 13.94634336492467 1.0421241368273375
1647472840.7990556 8.683434974993443 13.946391841317288 1.042126973073813
1647472840.8990557 8.683447684358601 13.946416281740234 1.0421283941619082
1647472840.9990556 8.683460393723758 13.94644072216318 1.0421298152500034
1647472841.0990555 8.683473103088915 13.946465162586126 1.0421312363380988
1647472841.1990557 8.68351187748944 13.946529344537543 1.0421305615831917
1647472841.2990556 8.68355613727918 13.946601890097472 1.042129445757922
1647472841.3990557 8.68360039706892 13.946674435657403 1.0421283299326523
1647472841.4990556 8.683644656858661 13.946746981217332 1.0421272141073825
1647472841.5990555 8.683633090752808 13.946732263962186 1.0421219671609934
1647472841.6990557 8.683608740037013 13.946697562772314 1.0421157741523586
1647472841.7990556 8.683584389321217 13.946662861582443 1.0421095811437238
1647472841.8990557 8.683560038605421 13.946628160392573 1.042103388135089
1647472841.9990556 8.683518740375767 13.946562697531736 1.0420970083600691
1647472842.0990555 8.683473882713015 13.946490773893775 1.0420905893590917
1647472842.1990557 8.683429025050263 13.946418850255814 1.0420841703581145
1647472842.2990556 8.683384167387509 13.946346926617853 1.0420777513571373
1647472842.3990557 8.683297276729002 13.946208805457852 1.0420671005708715
1647472842.4990556 8.683201564115684 13.94605679065222 1.042055561610496
1647472842.5990555 8.683105851502368 13.945904775846587 1.0420440226501206
1647472842.6990557 8.683010138889053 13.945752761040955 1.0420324836897452
1647472842.7990556 8.683007651518624 13.945752090133603 1.0420264044208858
1647472842.8990557 8.683024715907639 13.94578315998016 1.0420214701914152
1647472842.9990556 8.683041780296655 13.945814229826716 1.0420165359619449
1647472843.0990555 8.68305884468567 13.945845299673273 1.0420116017324745
1647472843.1990557 8.68306804251281 13.945861410241488 1.0420107392690834
1647472843.2990556 8.683075604237503 13.945874409550644 1.042010723659317
1647472843.3990557 8.683083165962197 13.945887408859802 1.0420107080495509
1647472843.4990556 8.68309072768689 13.94590040816896 1.0420106924397845
1647472843.5990555 8.683108477751759 13.945929063489189 1.0420106840896826
1647472843.6990557 8.68312834426953 13.945960971077156 1.0420106772476512
1647472843.7990556 8.683148210787303 13.945992878665123 1.0420106704056198
1647472843.8990557 8.683168077305075 13.94602478625309 1.0420106635635886
1647472843.9990556 8.683162563843501 13.946017651509282 1.0420077539486265
1647472844.0990555 8.683151820574633 13.946002471689123 1.0420042461872736
1647472844.1990557 8.683141077305764 13.945987291868965 1.0420007384259207
1647472844.2990556 8.683130334036896 13.945972112048807 1.0419972306645677
1647472844.3990557 8.683119590768026 13.945956932228649 1.0419937229032148
1647472844.4990556 8.683108847499158 13.94594175240849 1.0419902151418619
1647472844.5990555 8.68309810423029 13.945926572588332 1.041986707380509
1647472844.6990557 8.683087360961421 13.945911392768174 1.041983199619156
1647472844.7990556 8.683129759057138 13.94598014679276 1.0419850624277807
1647472844.8990557 8.683183119793965 13.946066215702347 1.0419880331423026
1647472844.9990556 8.68323648053079 13.946152284611932 1.0419910038568245
1647472845.0990555 8.683289841267614 13.946238353521519 1.0419939745713465
1647472845.1990557 8.683343202004439 13.946324422431106 1.0419969452858684
1647472845.2990556 8.683396562741263 13.946410491340693 1.0419999160003903
1647472845.3990557 8.683449923478088 13.946496560250278 1.042002886714912
1647472845.4990556 8.683503284214913 13.946582629159865 1.042005857429434
1647472845.5990555 8.683561604676427 13.946678790138208 1.0420129449468762
1647472845.6990557 8.683620946892846 13.94677703018775 1.042020880568567
1647472845.7990556 8.683680289109265 13.946875270237292 1.0420288161902576
1647472845.8990557 8.683739631325684 13.946973510286835 1.0420367518119482
1647472845.9990556 8.683755719610533 13.947001113808218 1.0420382989821948
1647472846.0990555 8.683762970916801 13.947014285959701 1.042038540962219
1647472846.1990557 8.683770222223071 13.947027458111185 1.0420387829422433
1647472846.2990556 8.683777473529341 13.947040630262668 1.0420390249222675
1647472846.3990557 8.68378472483561 13.94705380241415 1.0420392669022918
1647472846.4990556 8.68379197614188 13.947066974565633 1.0420395088823162
1647472846.5990555 8.683799227448148 13.947080146717116 1.0420397508623405
1647472846.6990557 8.683806478754418 13.9470933188686 1.0420399928423647
1647472846.7990556 8.683661204059595 13.94686734418753 1.0420205033076917
1647472846.8990557 8.683484728664371 13.946592449659216 1.0419969774967506
1647472846.9990556 8.683308253269148 13.9463175551309 1.0419734516858092
1647472847.0990555 8.683131777873923 13.946042660602584 1.041949925874868
1647472847.1990557 8.68312619612868 13.9460366691723 1.0419499082889812
1647472847.2990556 8.683155666054073 13.94608583194363 1.0419547124303035
1647472847.3990557 8.683185135979466 13.946134994714962 1.0419595165716258
1647472847.4990556 8.68321460590486 13.946184157486293 1.0419643207129479
1647472847.5990555 8.683159634364898 13.946098204803945 1.0419573953880374
1647472847.6990557 8.68308734337244 13.945984539129274 1.0419480642790453
1647472847.7990556 8.683015052379984 13.9458708734546 1.041938733170053
1647472847.8990557 8.682942761387526 13.945757207779929 1.0419294020610608
1647472847.9990556 8.682944530183429 13.945762135394178 1.0419298372138202
1647472848.0990555 8.682961422055067 13.945791279865233 1.041932266646058
1647472848.1990557 8.682978313926705 13.94582042433629 1.0419346960782958
1647472848.2990556 8.682995205798344 13.945849568807347 1.0419371255105336
1647472848.3990557 8.683012097669982 13.945878713278404 1.0419395549427715
1647472848.4990556 8.683028989541619 13.945907857749459 1.0419419843750095
1647472848.5990555 8.683045881413257 13.945937002220516 1.0419444138072473
1647472848.6990557 8.683062773284895 13.945966146691573 1.0419468432394852
1647472848.7990556 8.683073026885367 13.945983969375165 1.0419425748257256
1647472848.8990557 8.683081937026106 13.945999500744472 1.0419369508954213
1647472848.9990556 8.683090847166845 13.94601503211378 1.0419313269651171
1647472849.0990555 8.683099757307584 13.946030563483086 1.0419257030348128
1647472849.1990557 8.683108667448323 13.946046094852392 1.0419200791045085
1647472849.2990556 8.683117577589062 13.946061626221699 1.0419144551742041
1647472849.3990557 8.683126487729801 13.946077157591006 1.0419088312439
1647472849.4990556 8.68313539787054 13.946092688960313 1.0419032073135956
1647472849.5990555 8.683138779093728 13.946101666649078 1.0418995579909678
1647472849.6990557 8.683141046514573 13.946109324096643 1.0418963064537359
1647472849.7990556 8.683143313935416 13.946116981544208 1.041893054916504
1647472849.8990557 8.68314558135626 13.946124638991773 1.041889803379272
1647472849.9990556 8.68311953251349 13.946077720000815 1.0418818554843488
1647472850.0990555 8.683087273233317 13.946018831084736 1.0418728775652715
1647472850.1990557 8.683055013953142 13.945959942168656 1.0418638996461942
1647472850.2990556 8.683022754672969 13.945901053252577 1.0418549217271167
1647472850.3990557 8.683055823904118 13.94595767951773 1.0418568516445887
1647472850.4990556 8.683103359828682 13.946039886079717 1.0418611970514688
1647472850.5990555 8.683150895753245 13.946122092641705 1.0418655424583492
1647472850.6990557 8.683198431677807 13.946204299203693 1.0418698878652293
1647472850.7990556 8.683200862170628 13.946208766637618 1.041868263528492
1647472850.8990557 8.683193290089772 13.946195994654339 1.0418653153423187
1647472850.9990556 8.683185718008916 13.94618322267106 1.0418623671561458
1647472851.0990555 8.68317814592806 13.94617045068778 1.0418594189699726
1647472851.1990557 8.68302383985275 13.945909014960538 1.0418473041431657
1647472851.2990556 8.682837079461507 13.945592580309992 1.0418331618580845
1647472851.3990557 8.682650319070264 13.945276145659445 1.0418190195730033
1647472851.4990556 8.682463558679022 13.944959711008897 1.0418048772879223
1647472851.5990555 8.682590323458811 13.945145531669501 1.0418337377746099
1647472851.6990557 8.682786474771284 13.945442506896892 1.0418721152427222
1647472851.7990556 8.682982626083758 13.945739482124281 1.0419104927108342
1647472851.8990557 8.68317877739623 13.94603645735167 1.0419488701789466
1647472851.9990556 8.683210143688314 13.946078264114385 1.0419575533059053
1647472852.0990555 8.683205031064688 13.94606358352836 1.0419596629144379
1647472852.1990557 8.68319991844106 13.946048902942334 1.0419617725229702
1647472852.2990556 8.683194805817434 13.946034222356309 1.0419638821315027
1647472852.3990557 8.683189693193809 13.946019541770282 1.041965991740035
1647472852.4990556 8.683184580570183 13.946004861184257 1.0419681013485675
1647472852.5990555 8.683179467946555 13.94599018059823 1.0419702109570999
1647472852.6990557 8.68317435532293 13.945975500012205 1.0419723205656324
1647472852.7990556 8.683170943963946 13.945967050529395 1.0419738960513363
1647472852.8990557 8.683167908751608 13.945959978732645 1.041975353443414
1647472852.9990556 8.68316487353927 13.945952906935897 1.0419768108354917
1647472853.0990555 8.683161838326933 13.945945835139147 1.0419782682275693
1647472853.1990557 8.68317629696007 13.9459689597445 1.0419809895526257
1647472853.2990556 8.683194626462411 13.945998765918128 1.0419839905485673
1647472853.3990557 8.68321295596475 13.946028572091755 1.0419869915445086
1647472853.4990556 8.683231285467091 13.946058378265384 1.04198999254045
1647472853.5990555 8.683244004896881 13.946086784783088 1.0419913831276748
1647472853.6990557 8.683255586695433 13.946114907473392 1.0419924471502695
1647472853.7990556 8.683267168493982 13.946143030163695 1.0419935111728642
1647472853.8990557 8.683278750292532 13.946171152854 1.041994575195459
1647472853.9990556 8.683300875133279 13.946212351637282 1.0419956755576625
1647472854.0990555 8.683325133728705 13.946256196826981 1.0419967832744614
1647472854.1990557 8.683349392324129 13.946300042016682 1.0419978909912604
1647472854.2990556 8.683373650919552 13.946343887206384 1.0419989987080596
1647472854.3990557 8.68338205387399 13.94637060053271 1.0419996741925144
1647472854.4990556 8.68338726926087 13.946393869723796 1.0420002627823555
1647472854.5990555 8.683392484647749 13.946417138914882 1.0420008513721966
1647472854.6990557 8.683397700034629 13.946440408105968 1.0420014399620379
1647472854.7990556 8.683370655036711 13.946395594971523 1.0419976522149186
1647472854.8990557 8.683337140106909 13.946337127690937 1.0419929867782673
1647472854.9990556 8.683303625177109 13.946278660410348 1.041988321341616
1647472855.0990555 8.683270110247307 13.94622019312976 1.0419836559049647
1647472855.1990557 8.683312265849652 13.946290992574836 1.0419884459964088
1647472855.2990556 8.683369548163581 13.946387632732547 1.0419951262694374
1647472855.3990557 8.683426830477508 13.946484272890258 1.042001806542466
1647472855.4990556 8.683484112791435 13.946580913047969 1.0420084868154946
1647472855.5990555 8.683440035450118 13.946510280392282 1.0420028541771744
1647472855.6990557 8.683375759235071 13.946406313739672 1.0419947678314003
1647472855.7990556 8.683311483020026 13.94630234708706 1.0419866814856265
1647472855.8990557 8.683247206804978 13.946198380434451 1.0419785951398526
1647472855.9990556 8.683254693159043 13.946213945503342 1.0419787690680222
1647472856.0990555 8.683276488768426 13.946253344862766 1.0419805900716843
1647472856.1990557 8.683298284377809 13.946292744222193 1.0419824110753464
1647472856.2990556 8.683320079987192 13.946332143581618 1.0419842320790085
1647472856.3990557 8.683365470921295 13.94640832308684 1.0419887196847615
1647472856.4990556 8.683415593136242 13.946491877663242 1.0419937419915002
1647472856.5990555 8.68346571535119 13.946575432239642 1.041998764298239
1647472856.6990557 8.683515837566137 13.946658986816043 1.0420037866049776
1647472856.7990556 8.683481231630536 13.946606551384471 1.041999605509044
1647472856.8990557 8.68342985687065 13.946527201727424 1.0419936029377064
1647472856.9990556 8.683378482110765 13.946447852070378 1.041987600366369
1647472857.0990555 8.68332710735088 13.94636850241333 1.0419815977950317
1647472857.1990557 8.683320154754593 13.946355488731887 1.0419803435923702
1647472857.2990556 8.683322801185241 13.946356809354873 1.0419801154477641
1647472857.3990557 8.683325447615887 13.94635812997786 1.0419798873031583
1647472857.4990556 8.683328094046534 13.946359450600845 1.0419796591585524
1647472857.5990555 8.683315530226526 13.94633875258223 1.0419772519471404
1647472857.6990557 8.683299690643821 13.94631331250864 1.0419743754399937
1647472857.7990556 8.683283851061116 13.946287872435049 1.041971498932847
1647472857.8990557 8.683268011478411 13.94626243236146 1.0419686224257003
1647472857.9990556 8.683203120060211 13.946157600243115 1.0419602546663955
1647472858.0990555 8.683128521271168 13.946037056418728 1.0419508001868787
1647472858.1990557 8.683053922482127 13.945916512594339 1.0419413457073619
1647472858.2990556 8.682979323693086 13.94579596876995 1.041931891227845
1647472858.3990557 8.682984016740045 13.9458021720297 1.041931824283214
1647472858.4990556 8.683005788408982 13.945835675269446 1.0419337793142076
1647472858.5990555 8.68302756007792 13.945869178509193 1.0419357343452011
1647472858.6990557 8.683049331746856 13.94590268174894 1.0419376893761947
1647472858.7990556 8.683030003715844 13.94587478977819 1.0419351673294708
1647472858.8990557 8.683001774359163 13.945833600903473 1.0419316756424124
1647472858.9990556 8.682973545002481 13.945792412028759 1.0419281839553538
1647472859.0990555 8.6829453156458 13.945751223154042 1.0419246922682954
1647472859.1990557 8.682931794532308 13.945731096666554 1.0419229096997085
1647472859.2990556 8.68292144679716 13.945715514496333 1.0419214958821323
1647472859.3990557 8.682911099062013 13.945699932326113 1.0419200820645562
1647472859.4990556 8.682900751326864 13.945684350155892 1.04191866824698
1647472859.5990555 8.682890403591715 13.945668767985671 1.041917254429404
1647472859.6990557 8.682880055856568 13.94565318581545 1.041915840611828
1647472859.7990556 8.68286970812142 13.94563760364523 1.041914426794252
1647472859.8990557 8.68285936038627 13.945622021475009 1.0419130129766758
1647472859.9990556 8.682882659847008 13.945654409566668 1.0419145437237087
1647472860.0990555 8.68291323888625 13.94569717603543 1.0419167115279664
1647472860.1990557 8.682943817925493 13.945739942504193 1.041918879332224
1647472860.2990556 8.682974396964736 13.945782708972956 1.041921047136482
1647472860.3990557 8.683062421922576 13.945922756336584 1.0419284731202885
1647472860.4990556 8.683162882086709 13.946083861906358 1.0419370373319974
1647472860.5990555 8.683263342250843 13.946244967476133 1.0419456015437063
1647472860.6990557 8.683363802414975 13.946406073045907 1.0419541657554152
1647472860.7990556 8.683318022115232 13.946336428787632 1.0419433981310897
1647472860.8990557 8.68324068577421 13.946216992899151 1.0419284590469662
1647472860.9990556 8.68316334943319 13.946097557010669 1.0419135199628426
1647472861.0990555 8.683086013092169 13.945978121122188 1.0418985808787191
1647472861.1990557 8.683107850729735 13.946012864726127 1.0418995077301179
1647472861.2990556 8.68314936353025 13.946078196057611 1.0419035822304377
1647472861.3990557 8.683190876330764 13.946143527389095 1.0419076567307575
1647472861.4990556 8.683232389131279 13.94620885872058 1.0419117312310773
1647472861.5990555 8.6832280307641 13.946204590985696 1.0419109458758447
1647472861.6990557 8.683214585911038 13.94618653657465 1.041909197845993
1647472861.7990556 8.683201141057976 13.946168482163607 1.0419074498161411
1647472861.8990557 8.683187696204914 13.946150427752563 1.0419057017862896
1647472861.9990556 8.683174213122566 13.946124980983551 1.0419044712481815
1647472862.0990555 8.683160722451863 13.946098066862197 1.0419033434300349
1647472862.1990557 8.68314723178116 13.94607115274084 1.041902215611888
1647472862.2990556 8.683133741110456 13.946044238619484 1.0419010877937414
1647472862.3990557 8.683128499570106 13.94603916246149 1.0419006600845038
1647472862.4990556 8.683124912636858 13.94603846655302 1.041900372802817
1647472862.5990555 8.683121325703612 13.946037770644551 1.0419000855211307
1647472862.6990557 8.683117738770363 13.946037074736081 1.0418997982394442
1647472862.7990556 8.683114151837115 13.94603637882761 1.0418995109577576
1647472862.8990557 8.683110564903869 13.94603568291914 1.0418992236760711
1647472862.9990556 8.68310697797062 13.94603498701067 1.0418989363943847
1647472863.0990555 8.683103391037372 13.9460342911022 1.041898649112698
1647472863.1990557 8.6831298749909 13.946073713819995 1.041899810992184
1647472863.2990556 8.683162413485633 13.946121214113873 1.041901264649099
1647472863.3990557 8.683194951980365 13.946168714407753 1.0419027183060139
1647472863.4990556 8.683227490475097 13.946216214701632 1.041904171962929
1647472863.5990555 8.683225122123206 13.946214503011534 1.0419022874196735
1647472863.6990557 8.683215717569965 13.946202871621965 1.0418997299927055
1647472863.7990556 8.683206313016726 13.946191240232395 1.0418971725657376
1647472863.8990557 8.683196908463485 13.946179608842826 1.0418946151387696
1647472863.9990556 8.683187503910244 13.946167977453255 1.0418920577118016
1647472864.0990555 8.683178099357002 13.946156346063686 1.0418895002848336
1647472864.1990557 8.683168694803763 13.946144714674116 1.0418869428578656
1647472864.2990556 8.683159290250522 13.946133083284547 1.0418843854308977
1647472864.3990557 8.683088353230673 13.9460145555512 1.0418753238942648
1647472864.4990556 8.68300390421212 13.945872554303167 1.0418648341112735
1647472864.5990555 8.682919455193568 13.945730553055135 1.0418543443282822
1647472864.6990557 8.682835006175015 13.945588551807104 1.0418438545452908
1647472864.7990556 8.68291471354258 13.945699449665172 1.0418542315157993
1647472864.8990557 8.683027483604478 13.945861283865352 1.0418688112536143
1647472864.9990556 8.683140253666378 13.946023118065531 1.0418833909914291
1647472865.0990555 8.683253023728279 13.94618495226571 1.0418979707292442
1647472865.1990557 8.683309656507705 13.946256623946487 1.0419097915314373
1647472865.2990556 8.68335500578894 13.946310173114385 1.0419210577922682
1647472865.3990557 8.683400355070175 13.946363722282285 1.0419323240530989
1647472865.4990556 8.68344570435141 13.946417271450184 1.0419435903139298
1647472865.5990555 8.683412459900584 13.946360754037343 1.0419450992042074
1647472865.6990557 8.683363431647386 13.946282132200743 1.0419446485437112
1647472865.7990556 8.683314403394187 13.946203510364144 1.041944197883215
1647472865.8990557 8.683265375140989 13.946124888527546 1.0419437472227187
1647472865.9990556 8.683223649798382 13.946049154325168 1.0419425120392367
1647472866.0990555 8.683183391896426 13.94597400036156 1.0419411192143726
1647472866.1990557 8.68314313399447 13.945898846397949 1.0419397263895085
1647472866.2990556 8.683102876092514 13.94582369243434 1.0419383335646444
1647472866.3990557 8.683127269712129 13.945854912976106 1.0419470007503198
1647472866.4990556 8.683164681796427 13.945907553473782 1.0419576936561756
1647472866.5990555 8.683202093880727 13.945960193971457 1.0419683865620313
1647472866.6990557 8.683239505965025 13.946012834469133 1.0419790794678871
1647472866.7990556 8.68328511674967 13.946089928449112 1.0419887249696849
1647472866.8990557 8.683332371783884 13.946171926575618 1.0419981604145712
1647472866.9990556 8.683379626818098 13.946253924702123 1.0420075958594575
1647472867.0990555 8.683426881852313 13.946335922828629 1.0420170313043438
1647472867.1990557 8.683466551961438 13.946410515559059 1.0420243587275415
1647472867.2990556 8.683504697696119 13.946483619995751 1.042031262492714
1647472867.3990557 8.6835428434308 13.946556724432446 1.0420381662578864
1647472867.4990556 8.683580989165481 13.946629828869138 1.042045070023059
1647472867.5990555 8.683583184217385 13.946625078985427 1.042045923400858
1647472867.6990557 8.683578135878303 13.946604642910552 1.0420455577386287
1647472867.7990556 8.683573087539223 13.946584206835679 1.0420451920763996
1647472867.8990557 8.683568039200141 13.946563770760804 1.0420448264141704
1647472867.9990556 8.683627932104175 13.946656879012448 1.0420548093436748
1647472868.0990555 8.68370092049843 13.94677288363235 1.0420668790808123
1647472868.1990557 8.683773908892682 13.946888888252252 1.0420789488179498
1647472868.2990556 8.683846897286937 13.947004892872155 1.0420910185550873
1647472868.3990557 8.683783659553775 13.94690200523133 1.0420855800824964
1647472868.4990556 8.68369320384157 13.946755382918763 1.042076643469758
1647472868.5990555 8.683602748129362 13.946608760606196 1.0420677068570192
1647472868.6990557 8.683512292417156 13.946462138293628 1.0420587702442807
1647472868.7990556 8.683490870814252 13.946424355885725 1.0420586125863651
1647472868.8990557 8.683483246111619 13.946408325816272 1.0420602094577018
1647472868.9990556 8.683475621408986 13.94639229574682 1.0420618063290386
1647472869.0990555 8.683467996706353 13.946376265677367 1.0420634032003753
1647472869.1990557 8.683487027205341 13.946402639352202 1.042065592321398
1647472869.2990556 8.683511374340851 13.946437470861971 1.0420678995723207
1647472869.3990557 8.68353572147636 13.946472302371742 1.0420702068232435
1647472869.4990556 8.68356006861187 13.946507133881513 1.0420725140741662
1647472869.5990555 8.683584415747378 13.946541965391283 1.0420748213250892
1647472869.6990557 8.683608762882887 13.946576796901052 1.042077128576012
1647472869.7990556 8.683633110018397 13.946611628410823 1.0420794358269347
1647472869.8990557 8.683657457153906 13.946646459920593 1.0420817430778575
1647472869.9990556 8.683607117505481 13.946570797755054 1.0420789815014595
1647472870.0990555 8.68354184297886 13.946473040521346 1.0420752063278136
1647472870.1990557 8.683476568452239 13.946375283287637 1.042071431154168
1647472870.2990556 8.683411293925618 13.946277526053928 1.042067655980522
1647472870.3990557 8.683440248077545 13.946319312605304 1.042075916149625
1647472870.4990556 8.68348809059815 13.946389071049099 1.0420865888325666
1647472870.5990555 8.683535933118755 13.946458829492894 1.042097261515508
1647472870.6990557 8.68358377563936 13.94652858793669 1.0421079341984496
1647472870.7990556 8.683540078055227 13.946462314592324 1.042101242556823
1647472870.8990557 8.683478105711593 13.946368884317993 1.0420910843596762
1647472870.9990556 8.68341613336796 13.94627545404366 1.0420809261625292
1647472871.0990555 8.683354161024326 13.946182023769328 1.0420707679653822
1647472871.1990557 8.683352841552699 13.946174922567716 1.0420777026750025
1647472871.2990556 8.683363670054234 13.946185111944834 1.0420880608692136
1647472871.3990557 8.68337449855577 13.94619530132195 1.0420984190634244
1647472871.4990556 8.683385327057307 13.946205490699068 1.0421087772576354
1647472871.5990555 8.683388541333347 13.94622593542291 1.0421111831113263
1647472871.6990557 8.683390234177443 13.946248429312767 1.0421119999728197
1647472871.7990556 8.68339192702154 13.946270923202624 1.0421128168343128
1647472871.8990557 8.683393619865637 13.94629341709248 1.0421136336958061
1647472871.9990556 8.68341711357745 13.946329654539898 1.0421110692108846
1647472872.0990555 8.683444954695108 13.946368632649898 1.042107830436969
1647472872.1990557 8.683472795812765 13.946407610759898 1.0421045916630536
1647472872.2990556 8.683500636930424 13.946446588869899 1.042101352889138
1647472872.3990557 8.683452904629656 13.946355538169838 1.0420967659507459
1647472872.4990556 8.683390123569422 13.946238595134524 1.0420919105554893
1647472872.5990555 8.683327342509191 13.94612165209921 1.0420870551602328
1647472872.6990557 8.683264561448958 13.946004709063898 1.0420821997649765
1647472872.7990556 8.68324866505097 13.945970802658566 1.0420901906617608
1647472872.8990557 8.683242110055946 13.945953440653566 1.0421007410819545
1647472872.9990556 8.683235555060921 13.945936078648565 1.0421112915021482
1647472873.0990555 8.683229000065898 13.945918716643565 1.0421218419223417
1647472873.1990557 8.683246123501693 13.94594111204046 1.0421269777330107
1647472873.2990556 8.683267984618201 13.945971462266698 1.0421310301656752
1647472873.3990557 8.683289845734711 13.946001812492938 1.0421350825983398
1647472873.4990556 8.68331170685122 13.946032162719176 1.0421391350310043
1647472873.5990555 8.683312838218196 13.946031253807403 1.0421418303132715
1647472873.6990557 8.683309824992154 13.946024095114128 1.0421442542542927
1647472873.7990556 8.683306811766112 13.946016936420852 1.042146678195314
1647472873.8990557 8.68330379854007 13.946009777727578 1.0421491021363352
1647472873.9990556 8.683295602936953 13.945996229150525 1.0421485537532533
1647472874.0990555 8.683286373075733 13.945981405330668 1.042147412177077
1647472874.1990557 8.68327714321451 13.94596658151081 1.0421462706009008
1647472874.2990556 8.683267913353289 13.945951757690953 1.0421451290247248
1647472874.3990557 8.683258683492069 13.945936933871094 1.0421439874485485
1647472874.4990556 8.683249453630847 13.945922110051237 1.0421428458723725
1647472874.5990555 8.683240223769625 13.945907286231378 1.0421417042961962
1647472874.6990557 8.683230993908404 13.945892462411521 1.04214056272002
1647472874.7990556 8.68330606061427 13.946013737096681 1.0421501563459759
1647472874.8990557 8.683397969310597 13.946162203514584 1.0421618948062725
1647472874.9990556 8.683489878006926 13.946310669932487 1.0421736332665694
1647472875.0990555 8.683581786703252 13.94645913635039 1.042185371726866
1647472875.1990557 8.683578259740823 13.94645147738386 1.0421847862027729
1647472875.2990556 8.683555680192564 13.946412649854908 1.0421817403428533
1647472875.3990557 8.683533100644304 13.946373822325956 1.0421786944829337
1647472875.4990556 8.683510521096045 13.946334994797004 1.0421756486230138
1647472875.5990555 8.683513204230424 13.946346606920278 1.042175631800015
1647472875.6990557 8.683520937293812 13.946368301767805 1.0421762204717544
1647472875.7990556 8.6835286703572 13.946389996615332 1.042176809143494
1647472875.8990557 8.683536403420586 13.94641169146286 1.0421773978152333
1647472875.9990556 8.68354596340524 13.946422600024604 1.0421756344762747
1647472876.0990555 8.683555890408236 13.946431341681395 1.0421733986314197
1647472876.1990557 8.683565817411234 13.946440083338187 1.0421711627865646
1647472876.2990556 8.683575744414231 13.946448824994977 1.0421689269417096
1647472876.3990557 8.683586037492574 13.946469438413171 1.0421691754891425
1647472876.4990556 8.683596404040935 13.946492434451544 1.0421699226452485
1647472876.5990555 8.683606770589297 13.946515430489919 1.0421706698013544
1647472876.6990557 8.683617137137658 13.946538426528294 1.0421714169574605
1647472876.7990556 8.683548520279611 13.94643197839587 1.0421628016632147
1647472876.8990557 8.683464008982876 13.946299481216816 1.0421523022910357
1647472876.9990556 8.68337949768614 13.94616698403776 1.0421418029188567
1647472877.0990555 8.683294986389404 13.946034486858705 1.0421313035466777
1647472877.1990557 8.683210475092668 13.945901989679651 1.0421208041744987
1647472877.2990556 8.683125963795932 13.945769492500595 1.0421103048023197
1647472877.3990557 8.683041452499197 13.945636995321541 1.0420998054301407
1647472877.4990556 8.68295694120246 13.945504498142487 1.0420893060579617
1647472877.5990555 8.682928391775976 13.945459391354362 1.0420862052951185
1647472877.6990557 8.682911123977476 13.945431902023905 1.0420845960542309
1647472877.7990556 8.682893856178977 13.945404412693449 1.0420829868133432
1647472909.881574 8.683523579761921 13.946609018247774 1.0419122844993478
1647472909.9815738 8.683549765543138 13.946651759540389 1.0419108128215602
1647472910.081574 8.683558704617674 13.946664285693863 1.041905642774744
1647472910.1815739 8.68356764369221 13.946676811847338 1.0419004727279275
1647472910.281574 8.683576582766747 13.94668933800081 1.0418953026811113
1647472910.381574 8.683583132023356 13.94670493602083 1.0418946375977214
1647472910.4815738 8.683588398284149 13.946722183200759 1.0418963910455292
1647472910.581574 8.683593664544944 13.946739430380687 1.0418981444933373
1647472910.6815739 8.683598930805738 13.946756677560616 1.0418998979411453
1647472910.781574 8.68360614577099 13.946772764227868 1.0419009384452742
1647472910.881574 8.683614406097798 13.946788228350568 1.0419015964984302
1647472910.9815738 8.683622666424606 13.94680369247327 1.0419022545515861
1647472911.081574 8.683630926751416 13.946819156595971 1.0419029126047423
1647472911.1815739 8.683648630998784 13.946847881937085 1.0419043920460087
1647472911.281574 8.683671401091322 13.946883720772941 1.0419063120908327
1647472911.381574 8.68369417118386 13.946919559608798 1.0419082321356565
1647472911.4815738 8.6837169412764 13.946955398444652 1.0419101521804803
1647472911.581574 8.683664549922225 13.946871710949663 1.0419034005943235
1647472911.6815739 8.68357175909551 13.94672377774185 1.0418919879840245
1647472911.781574 8.683478968268796 13.946575844534037 1.0418805753737257
1647472911.881574 8.683386177442081 13.946427911326223 1.0418691627634267
1647472911.9815738 8.683336998469189 13.94634859436456 1.041860178107264
1647472912.081574 8.683311266487138 13.946306167476443 1.0418524987892928
1647472912.1815739 8.683285534505089 13.946263740588325 1.0418448194713215
1647472912.281574 8.683259802523038 13.946221313700208 1.0418371401533502
1647472912.381574 8.683235161443273 13.946182068515885 1.0418292485425136
1647472912.4815738 8.683211106036756 13.946144531494449 1.0418212429579017
1647472912.581574 8.68318705063024 13.946106994473011 1.0418132373732898
1647472912.6815739 8.683162995223725 13.946069457451573 1.0418052317886777
1647472912.781574 8.683187539219109 13.94610862646718 1.0418042122603715
1647472912.881574 8.683238198726789 13.946189014456174 1.041806946779074
1647472912.9815738 8.68328885823447 13.94626940244517 1.0418096812977768
1647472913.081574 8.68333951774215 13.946349790434164 1.0418124158164794
1647472913.1815739 8.68335300195473 13.946373011381613 1.0418111158223622
1647472913.281574 8.683346508833164 13.94636551179038 1.0418076477537075
1647472913.381574 8.683340015711597 13.946358012199148 1.0418041796850526
1647472913.4815738 8.68333352259003 13.946350512607916 1.0418007116163979
1647472913.581574 8.683359191248131 13.946391654026108 1.0418022898349206
1647472913.6815739 8.68340218758275 13.946459001571125 1.0418065868218926
1647472913.781574 8.683445183917371 13.94652634911614 1.0418108838088647
1647472913.881574 8.68348818025199 13.946593696661157 1.0418151807958367
1647472913.9815738 8.68353117658661 13.946661044206172 1.0418194777828087
1647472914.081574 8.68357417292123 13.946728391751188 1.0418237747697805
1647472914.1815739 8.683617169255848 13.946795739296205 1.0418280717567525
1647472914.281574 8.683660165590469 13.946863086841221 1.0418323687437245
1647472914.381574 8.68369529140027 13.946901985479945 1.0418459823368755
1647472914.4815738 8.683726193352909 13.946925616506993 1.0418645958524777
1647472914.581574 8.683757095305548 13.946949247534041 1.0418832093680799
1647472914.6815739 8.683787997258186 13.946972878561091 1.041901822883682
1647472914.781574 8.68374920665452 13.946892920319595 1.041908638182769
1647472914.881574 8.683673025913304 13.946757386314992 1.0419091237249671
1647472914.9815738 8.68359684517209 13.946621852310392 1.0419096092671656
1647472915.081574 8.683520664430874 13.946486318305789 1.041910094809364
1647472915.1815739 8.683507525148773 13.946451319093073 1.0419141629095658
1647472915.281574 8.683528295905289 13.94647039760513 1.0419201580698636
1647472915.381574 8.683549066661806 13.946489476117186 1.0419261532301611
1647472915.4815738 8.683569837418322 13.946508554629244 1.041932148390459
1647472915.581574 8.683571238249314 13.946514697640199 1.0419388570817665
1647472915.6815739 8.683562217866637 13.94651388122218 1.0419459496598942
1647472915.781574 8.68355319748396 13.946513064804162 1.0419530422380217
1647472915.881574 8.683544177101282 13.946512248386144 1.0419601348161494
1647472915.9815738 8.683491392265859 13.946431776913071 1.041959697659879
1647472916.081574 8.683415065567294 13.946308457231309 1.0419552100936174
1647472916.1815739 8.683338738868729 13.946185137549547 1.0419507225273554
1647472916.281574 8.683262412170164 13.946061817867784 1.0419462349610937
1647472916.381574 8.683231347735731 13.94601580075638 1.041943897379232
1647472916.4815738 8.683224567475843 13.946011258130339 1.0419427133100687
1647472916.581574 8.683217787215955 13.946006715504298 1.0419415292409056
1647472916.6815739 8.683211006956068 13.94600217287826 1.0419403451717424
1647472916.781574 8.683212903205968 13.946012518540329 1.0419374974572584
1647472916.881574 8.683219453778614 13.946030850696928 1.0419337573168517
1647472916.9815738 8.683226004351258 13.946049182853528 1.041930017176445
1647472917.081574 8.683232554923904 13.946067515010128 1.041926277036038
1647472917.1815739 8.68323910549655 13.946085847166728 1.0419225368956313
1647472917.281574 8.683245656069195 13.946104179323328 1.0419187967552246
1647472917.381574 8.683252206641841 13.94612251147993 1.0419150566148179
1647472917.4815738 8.683258757214485 13.94614084363653 1.0419113164744112
1647472917.581574 8.683270735829181 13.946167973467452 1.0419115776723855
1647472917.6815739 8.68328563147993 13.94619983117869 1.0419139891942162
1647472917.781574 8.683300527130678 13.94623168888993 1.0419164007160469
1647472917.881574 8.683315422781428 13.946263546601168 1.0419188122378777
1647472917.9815738 8.683308016799957 13.946255774865934 1.0419182125068012
1647472918.081574 8.683288624839928 13.946226704344541 1.0419159943823972
1647472918.1815739 8.683269232879901 13.946197633823148 1.0419137762579933
1647472918.281574 8.683249840919874 13.946168563301756 1.0419115581335892
1647472918.381574 8.68328896701794 13.946234947083008 1.041915987553368
1647472918.4815738 8.683359575030474 13.946352683972842 1.0419239932609485
1647472918.581574 8.683430183043006 13.946470420862676 1.0419319989685292
1647472918.6815739 8.683500791055538 13.946588157752508 1.0419400046761098
1647472918.781574 8.683571399068072 13.946705894642342 1.0419480103836904
1647472918.881574 8.683642007080604 13.946823631532176 1.041956016091271
1647472918.9815738 8.683712615093137 13.94694136842201 1.0419640217988517
1647472919.081574 8.683783223105669 13.947059105311842 1.0419720275064321
1647472919.1815739 8.683793084188478 13.947077094231405 1.0419726166817183
1647472919.281574 8.683770250617476 13.947041397715822 1.0419692141992047
1647472919.381574 8.683747417046476 13.947005701200236 1.0419658117166914
1647472919.4815738 8.683724583475476 13.946970004684653 1.041962409234178
1647472919.581574 8.68375388191477 13.947016529366762 1.0419651471163638
1647472919.6815739 8.683811214962654 13.94710726947586 1.0419711870526993
1647472919.781574 8.683868548010539 13.947198009584957 1.041977226989035
1647472919.881574 8.683925881058421 13.947288749694057 1.0419832669253708
1647472919.9815738 8.683939865577148 13.947312804519159 1.0419845933759768
1647472920.081574 8.683930538322185 13.947300997637319 1.0419833850297915
1647472920.1815739 8.68392121106722 13.947289190755479 1.041982176683606
1647472920.281574 8.683911883812257 13.947277383873637 1.0419809683374206
1647472920.381574 8.683858639672605 13.947193534108141 1.0419747385106415
1647472920.4815738 8.683781759684871 13.947070911222335 1.0419658061480768
1647472920.581574 8.683704879697137 13.946948288336529 1.041956873785512
1647472920.6815739 8.683627999709403 13.946825665450724 1.0419479414229473
1647472920.781574 8.683677608120908 13.946787296810058 1.0419658847600195
1647472920.881574 8.68379525157985 13.946794246487904 1.0419982838852169
1647472920.9815738 8.683912895038793 13.946801196165751 1.0420306830104142
1647472921.081574 8.684030538497735 13.946808145843598 1.0420630821356118
1647472921.1815739 8.723645381967547 13.922053670301844 1.0422797869347862
1647472921.281574 8.784512698149088 13.883975680342909 1.0425956620879535
1647472921.381574 8.845380014330631 13.845897690383973 1.0429115372411208
1647472921.4815738 8.906247330512175 13.80781970042504 1.0432274123942882
1647472921.581574 8.967114646693718 13.769741710466104 1.0435432875474557
1647472921.6815739 9.02798196287526 13.731663720507168 1.043859162700623
1647472921.781574 9.088849279056802 13.693585730548232 1.0441750378537904
1647472921.881574 9.149716595238345 13.655507740589297 1.044490913006958
1647472921.9815738 9.215190264998675 13.618449611288828 1.0438916156320617
1647472922.081574 9.283153293678367 13.581942633606062 1.0427977420470413
1647472922.1815739 9.351116322358058 13.545435655923296 1.0417038684620208
1647472922.281574 9.419079351037748 13.50892867824053 1.0406099948770005
1647472922.381574 9.496059804807341 13.461840938844052 1.0374544312030818
1647472922.4815738 9.577916524369456 13.409031543222099 1.0331839873105808
1647472922.581574 9.659773243931573 13.356222147600144 1.0289135434180796
1647472922.6815739 9.74162996349369 13.30341275197819 1.0246430995255786
1647472922.781574 9.824421299138814 13.25260278190546 1.0222035076083573
1647472922.881574 9.907717691157336 13.202873279668804 1.02075328819999
1647472922.9815738 9.991014083175857 13.153143777432147 1.0193030687916227
1647472923.081574 10.07431047519438 13.103414275195492 1.0178528493832553
1647472923.1815739 10.148689709429041 13.064994492080885 1.0174096478095116
1647472923.281574 10.218252054591668 13.032684016860928 1.0175104192505466
1647472923.381574 10.287814399754293 13.000373541640972 1.0176111906915815
1647472923.4815738 10.35737674491692 12.968063066421015 1.0177119621326165
1647472923.581574 10.416087922104017 12.936333170308377 1.0192338955335065
1647472923.6815739 10.468932311231722 12.904917169859505 1.0215241937809594
1647472923.781574 10.521776700359425 12.873501169410636 1.0238144920284122
1647472923.881574 10.57462108948713 12.842085168961766 1.026104790275865
1647472923.9815738 10.640210835937141 12.804218623872966 1.0273289231203269
1647472924.081574 10.712674935392606 12.762872904382782 1.0279780075642597
1647472924.1815739 10.785139034848068 12.721527184892595 1.0286270920081928
1647472924.281574 10.857603134303533 12.68018146540241 1.0292761764521257
1647472924.381574 10.944948995823983 12.632050352409498 1.0279868334322158
1647472924.4815738 11.040332473324845 12.580254459196828 1.0256505488275511
1647472924.581574 11.135715950825706 12.52845856598416 1.0233142642228865
1647472924.6815739 11.231099428326567 12.476662672771491 1.020977979618222
1647472924.781574 11.32648290582743 12.424866779558823 1.0186416950135573
1647472924.881574 11.421866383328291 12.373070886346152 1.0163054104088927
1647472924.9815738 11.517249860829153 12.321274993133484 1.013969125804228
1647472925.081574 11.612633338330015 12.269479099920815 1.0116328411995634
1647472925.1815739 11.69058152882317 12.21850590359871 1.0110440295329177
1647472925.281574 11.759173665391042 12.167974179588983 1.0113929397996049
1647472925.381574 11.827765801958915 12.117442455579258 1.011741850066292
1647472925.4815738 11.896357938526787 12.066910731569532 1.0120907603329792
1647472925.581574 11.960951150669779 12.028760659926725 1.0131766640085675
1647472925.6815739 12.023396034724668 11.997262339787763 1.0146585000581805
1647472925.781574 12.085840918779557 11.9657640196488 1.0161403361077934
1647472925.881574 12.148285802834446 11.934265699509838 1.0176221721574064
1647472925.9815738 12.222672990366133 11.896586509425306 1.016551893141218
1647472926.081574 12.303431425977976 11.855609810124825 1.014120054502557
1647472926.1815739 12.384189861589821 11.814633110824344 1.0116882158638958
1647472926.281574 12.464948297201664 11.773656411523863 1.0092563772252348
1647472926.381574 12.547180383222717 11.722559849593987 1.0083888714437519
1647472926.4815738 12.630199271956425 11.666060150448692 1.0083565850113307
1647472926.581574 12.713218160690133 11.609560451303398 1.0083242985789098
1647472926.6815739 12.79623704942384 11.553060752158105 1.0082920121464887
1647472926.781574 12.879255938157547 11.49656105301281 1.0082597257140675
1647472926.881574 12.962274826891255 11.440061353867517 1.0082274392816466
1647472926.9815738 13.045293715624963 11.383561654722223 1.0081951528492255
1647472927.081574 13.12831260435867 11.32706195557693 1.0081628664168045
1647472927.1815739 13.205253471911586 11.281285774339755 1.007202963939312
1647472927.281574 13.278942517540235 11.241246817373714 1.0057467745778257
1647472927.381574 13.352631563168885 11.201207860407674 1.004290585216339
1647472927.4815738 13.426320608797534 11.161168903441633 1.0028343958548527
1647472927.581574 13.500009654426183 11.121129946475593 1.001378206493366
1647472927.6815739 13.573698700054832 11.081090989509551 0.9999220171318796
1647472927.781574 13.647387745683481 11.041052032543512 0.998465827770393
1647472927.881574 13.72107679131213 11.00101307557747 0.9970096384089066
1647472927.9815738 13.781694770691358 10.962686651995217 0.9985784520478805
1647472928.081574 13.835337471979665 10.925274109221458 1.00176153622542
1647472928.1815739 13.888980173267973 10.8878615664477 1.0049446204029595
1647472928.281574 13.942622874556278 10.850449023673942 1.008127704580499
1647472928.381574 14.01262722325871 10.811598088218814 1.0101895963535055
1647472928.4815738 14.091358569505136 10.771979940937157 1.0116534650110487
1647472928.581574 14.170089915751563 10.732361793655501 1.0131173336685917
1647472928.6815739 14.248821261997989 10.692743646373843 1.014581202326135
1647472928.781574 14.327552608244414 10.653125499092187 1.016045070983678
1647472928.881574 14.40628395449084 10.613507351810531 1.0175089396412211
1647472928.9815738 14.485015300737267 10.573889204528873 1.0189728082987641
1647472929.081574 14.563746646983693 10.534271057247217 1.0204366769563074
1647472929.1815739 14.64807082520745 10.484034639425145 1.0234776057564878
1647472929.281574 14.735378266182002 10.428134348433005 1.0273597514568658
1647472929.381574 14.822685707156554 10.372234057440867 1.031241897157244
1647472929.4815738 14.909993148131106 10.316333766448729 1.0351240428576218
1647472929.581574 14.994788178806786 10.263493541005596 1.0388054510452318
1647472929.6815739 15.078240173924245 10.212289106040098 1.0423795528674615
1647472929.781574 15.161692169041704 10.1610846710746 1.0459536546896913
1647472929.881574 15.245144164159163 10.1098802361091 1.0495277565119208
1647472929.9815738 15.325579658360207 10.057880178404803 1.050228028660921
1647472930.081574 15.40440599416185 10.005455694171765 1.0493952506682944
1647472930.1815739 15.483232329963492 9.953031209938725 1.048562472675668
1647472930.281574 15.562058665765136 9.900606725705687 1.0477296946830417
1647472930.381574 15.637592473341236 9.854431179347992 1.0490732978909325
1647472930.4815738 15.711369720141139 9.811589435592074 1.0515779984650442
1647472930.581574 15.78514696694104 9.768747691836154 1.054082699039156
1647472930.6815739 15.858924213740941 9.725905948080234 1.0565873996132678
1647472930.781574 15.934457399526702 9.679777371166297 1.0582372090925531
1647472930.881574 16.010929341673354 9.631891594509586 1.0594299785154349
1647472930.9815738 16.087401283820004 9.584005817852875 1.0606227479383166
1647472931.081574 16.163873225966654 9.536120041196163 1.0618155173611983
1647472931.1815739 16.236495947384785 9.489191574544487 1.0631121722749313
1647472931.281574 16.30706027921262 9.442775034095026 1.064464380462439
1647472931.381574 16.37762461104046 9.396358493645566 1.0658165886499467
1647472931.4815738 16.4481889428683 9.349941953196106 1.0671687968374544
1647472931.581574 16.514305344501203 9.310036649159148 1.0676386603270211
1647472931.6815739 16.57804370826143 9.27361250739504 1.0676367877468882
1647472931.781574 16.64178207202166 9.237188365630931 1.067634915166755
1647472931.881574 16.70552043578189 9.200764223866823 1.067633042586622
1647472931.9815738 16.763160976921792 9.161826794866244 1.0680952609589711
1647472932.081574 16.81754290984356 9.12154629327185 1.0688054843465336
1647472932.1815739 16.871924842765328 9.081265791677454 1.069515707734096
1647472932.281574 16.926306775687095 9.04098529008306 1.0702259311216582
1647472932.381574 16.982406487505106 8.997731156162855 1.0714005619747253
1647472932.4815738 17.039424724383355 8.952886971382679 1.072823519254531
1647472932.581574 17.09644296126161 8.908042786602502 1.0742464765343367
1647472932.6815739 17.15346119813986 8.863198601822328 1.0756694338141424
1647472932.781574 17.22029651372013 8.808337226545794 1.0767228622240945
1647472932.881574 17.292370189528913 8.748130712059282 1.0775791112700137
1647472932.9815738 17.364443865337698 8.687924197572773 1.0784353603159327
1647472933.081574 17.43651754114648 8.627717683086264 1.0792916093618516
1647472933.1815739 17.50924256893106 8.557805024311065 1.0798892142097563
1647472936.6786232 19.11591309652746 5.816184415732622 1.2482332865720678
1647472936.778623 19.154512395395454 5.704048927093433 1.2491913020319405
1647472936.8786232 19.19368366070885 5.587025848240566 1.247093064391703
1647472936.9786232 19.23285492602225 5.4700027693876985 1.2449948267514657
1647472937.0786233 19.272026191335645 5.3529796905348315 1.242896589111228
1647472937.1786232 19.30554233785862 5.236012429594802 1.2367436995411007
1647472937.278623 19.335624499938124 5.119079063229133 1.2281286845644286
1647472937.3786232 19.365706662017626 5.002145696863464 1.2195136695877566
1647472937.4786232 19.39578882409713 4.8852123304977955 1.2108986546110845
1647472937.5786233 19.41782548332998 4.77068875942474 1.201270178627814
1647472937.6786232 19.43497483003383 4.6576290400152045 1.191026066708591
1647472937.778623 19.452124176737676 4.54456932060567 1.180781954789368
1647472937.8786232 19.469273523441526 4.431509601196135 1.1705378428701452
1647472937.9786232 19.477456728237208 4.33097964174622 1.165659297158939
1647472938.0786233 19.480139012064182 4.238136959611419 1.1640726417574083
1647472938.1786232 19.482821295891156 4.1452942774766175 1.1624859863558776
1647472938.278623 19.48550357971813 4.052451595341816 1.160899330954347
1647472938.3786232 19.480842601800532 3.9485592524426596 1.1587793027818032
1647472938.4786232 19.47160652822039 3.8377826043404446 1.1563269656795139
1647472938.5786233 19.46237045464025 3.727005956238229 1.1538746285772243
1647472938.6786232 19.453134381060107 3.616229308136014 1.1514222914749348
1647472938.778623 19.432881552280172 3.5048683945065906 1.1491844991829518
1647472938.8786232 19.40577194658175 3.393143836745245 1.1470802385776238
1647472938.9786232 19.37866234088333 3.281419278983899 1.1449759779722954
1647472939.0786233 19.35155273518491 3.1696947212225535 1.1428717173669671
1647472939.1786232 19.330349643235017 3.0701408520662126 1.1419009074891662
1647472939.278623 19.312828241688823 2.978173303597708 1.1416366082273175
1647472939.3786232 19.29530684014263 2.8862057551292035 1.1413723089654686
1647472939.4786232 19.277785438596435 2.7942382066606988 1.1411080097036197
1647472939.5786233 19.26157821100771 2.71390266363125 1.1418273314278033
1647472939.6786232 19.24618974253267 2.640814114357523 1.1431594705359818
1647472939.778623 19.23080127405763 2.5677255650837956 1.1444916096441602
1647472939.8786232 19.21541280558259 2.494637015810068 1.1458237487523386
1647472939.9786232 19.203150398513248 2.410616946413965 1.1443507038178482
1647472940.0786233 19.19283458320018 2.319789842800608 1.1411308767752542
1647472940.1786232 19.182518767887114 2.2289627391872515 1.13791104973266
1647472940.278623 19.172202952574047 2.1381356355738945 1.1346912226900663
1647472940.3786232 19.157260677830923 2.04981599576351 1.13242555089293
1647472940.4786232 19.139585391050275 1.9629776028679171 1.1307235321032236
1647472940.5786233 19.12191010426963 1.8761392099723246 1.129021513313517
1647472940.6786232 19.104234817488983 1.789300817076732 1.1273194945238108
1647472940.778623 19.08612632590895 1.694426222339591 1.1261390623468186
1647472940.8786232 19.067747624700168 1.5945390812980376 1.1252839675741797
1647472940.9786232 19.049368923491382 1.4946519402564842 1.124428872801541
1647472941.0786233 19.030990222282597 1.3947647992149308 1.1235737780289023
1647472941.1786232 19.01261152107381 1.2948776581733776 1.1227186832562637
1647472941.278623 18.99423281986503 1.1949905171318242 1.121863588483625
1647472941.3786232 18.975854118656244 1.0951033760902709 1.1210084937109863
1647472941.4786232 18.95747541744746 0.9952162350487176 1.1201533989383476
1647472941.5786233 18.94234870023443 0.9004758971168805 1.1165157147717184
1647472941.6786232 18.929244998767427 0.8089373165572291 1.1111470189623172
1647472941.778623 18.91614129730042 0.7173987359975779 1.105778323152916
1647472941.8786232 18.903037595833418 0.6258601554379266 1.1004096273435147
1647472941.9786232 18.887951465195695 0.5482421193516704 1.1023090364774137
1647472942.0786233 18.871638416882725 0.47923945390048284 1.1087066473893241
1647472942.1786232 18.855325368569755 0.4102367884492953 1.1151042583012345
1647472942.278623 18.839012320256785 0.34123412299810774 1.1215018692131449
1647472942.3786232 18.83322804750255 0.2616258043074719 1.1207097983059102
1647472942.4786232 18.833921487961046 0.1754924742576791 1.1154943548369411
1647472942.5786233 18.834614928419537 0.08935914420788629 1.110278911367972
1647472942.6786232 18.83530836887803 0.0032258141580934763 1.105063467899003
1647472942.778623 18.83923777474742 -0.07327845721910811 1.102041244464477
1647472942.8786232 18.84515558596525 -0.1438659559075379 1.1003666900847875
1647472942.9786232 18.851073397183082 -0.2144534545959677 1.0986921357050983
1647472943.0786233 18.856991208400913 -0.28504095328439744 1.0970175813254088
1647472943.1786232 18.85193697070563 -0.36688734094775594 1.098780843062121
1647472943.278623 18.840147589153755 -0.455644947975154 1.1026543930667603
1647472943.3786232 18.828358207601884 -0.5444025550025521 1.1065279430713992
1647472943.4786232 18.81656882605001 -0.6331601620299501 1.1104014930760384
1647472943.5786233 18.801438522617495 -0.7366801521182441 1.1105586883318361
1647472943.6786232 18.784262913478102 -0.8492376436508502 1.1084407386282003
1647472943.778623 18.76708730433871 -0.9617951351834562 1.1063227889245644
1647472943.8786232 18.749911695199316 -1.0743526267160624 1.1042048392209283
1647472943.9786232 18.733095494261324 -1.1668909429821241 1.1064121091601704
1647472944.0786233 18.716498798046512 -1.2472027616108743 1.1112609608349437
1647472944.1786232 18.6999021018317 -1.3275145802396247 1.116109812509717
1647472944.278623 18.683305405616892 -1.4078263988683748 1.1209586641844904
1647472944.3786232 18.655595206013256 -1.475013735303367 1.1299716741063037
1647472944.4786232 18.62111414623991 -1.5342050302899743 1.141521681789202
1647472954.9161134 23.179750208208404 -6.605560000089318 0.9100454644106885
1647472955.0161133 23.29584859335168 -6.646753579859067 0.9062339719280356
1647472955.1161134 23.41192306459383 -6.687949755180876 0.9024254643726211
1647472955.2161133 23.504630085156776 -6.731682172266129 0.9015336762459005
1647472955.3161135 23.597337105719724 -6.775414589351381 0.9006418881191799
1647472955.4161134 23.69004412628267 -6.819147006436633 0.8997500999924593
1647472955.5161133 23.78275114684562 -6.8628794235218855 0.8988583118657386
1647472955.6161134 23.855911826627786 -6.881433914873887 0.8977688936077683
1647472955.7161133 23.928846102738326 -6.899696772364905 0.8966771862161009
1647472955.8161135 24.001780378848867 -6.917959629855924 0.8955854788244334
1647472955.9161134 24.074718454362948 -6.93623845969391 0.8944931487919907
1647472956.0161133 24.15209168692203 -6.973162286401935 0.8926739916172214
1647472956.1161134 24.22946491948111 -7.010086113109962 0.890854834442452
1647472956.2161133 24.30683815204019 -7.047009939817987 0.8890356772676825
1647472956.3161135 24.384231661215033 -7.0839372275639985 0.887216766336641
1647472956.4161134 24.480354076228522 -7.124061372975204 0.8856253034001881
1647472956.5161133 24.576476491242012 -7.164185518386408 0.8840338404637352
1647472956.6161134 24.6725989062555 -7.204309663797614 0.8824423775272823
1647472956.7161133 24.768710147937984 -7.244435441334355 0.8808536177361986
1647472956.8161135 24.851488500352872 -7.286508798248877 0.8824904616495441
1647472956.9161134 24.934266852767756 -7.328582155163399 0.8841273055628897
1647472957.0161133 25.017045205182644 -7.370655512077922 0.8857641494762352
1647472957.1161134 25.09981123519057 -7.412715288823699 0.8874020727567796
1647472957.2161133 25.16391765032772 -7.434210843059904 0.8906744637429276
1647472957.3161135 25.228024065464872 -7.455706397296108 0.8939468547290755
1647472957.4161134 25.292130480602026 -7.477201951532313 0.8972192457152234
1647472957.5161133 25.35624292162498 -7.498702055885295 0.9004892713363004
1647472957.6161134 25.42675765257308 -7.525036497920184 0.9012461804694764
1647472957.7161133 25.49727238352118 -7.551370939955073 0.9020030896026523
1647472957.8161135 25.567787114469287 -7.577705381989962 0.9027599987358282
1647472957.9161134 25.638317136180145 -7.604048447151936 0.9035200028952344
1647472958.0161133 25.725109559832145 -7.639562589053254 0.9075717042300535
1647472958.1161134 25.811901983484148 -7.675076730954571 0.9116234055648726
1647472958.2161133 25.89869440713615 -7.710590872855889 0.9156751068996918
1647472958.3161135 25.98551242652965 -7.74609522432726 0.9197233751833308
1647472958.4161134 26.098643496982373 -7.771534773296878 0.9202423825153916
1647472958.5161133 26.2117745674351 -7.796974322266495 0.9207613898474525
1647472958.6161134 26.324905637887824 -7.822413871236113 0.9212803971795133
1647472958.7161133 26.43802834619925 -7.847855351572445 0.921794650623148
1647472958.8161135 26.54335145498159 -7.875098270844862 0.9178748213825799
1647472958.9161134 26.648674563763933 -7.902341190117278 0.9139549921420117
1647472959.0161133 26.753997672546273 -7.929584109389696 0.9100351629014436
1647472959.1161134 26.859300705742086 -7.956826409691824 0.9061193100856968
1647472959.2161133 26.934953935157466 -7.983154547532984 0.9080762727674008
1647472959.3161135 27.010607164572846 -8.009482685374145 0.9100332354491047
1647472959.4161134 27.086260393988226 -8.035810823215304 0.9119901981308087
1647472959.5161133 27.161913623403606 -8.062138961056464 0.9139471608125127
1647472959.6161134 27.236224293483 -8.074261130677026 0.9136799748827619
1647472959.7161133 27.310534391636125 -8.086377248597456 0.9134118414723299
1647472959.8161135 27.384844489789245 -8.098493366517886 0.9131437080618979
1647472959.9161134 27.459154587942365 -8.110609484438315 0.912875574651466
1647472960.0161133 27.546435886756125 -8.142349834085106 0.9108224670955413
1647472960.1161134 27.63378551846853 -8.174193565112898 0.908759956211385
1647472960.2161133 27.721135150180938 -8.20603729614069 0.9066974453272287
1647472960.3161135 27.80848478189334 -8.237881027168482 0.9046349344430725
1647472960.4161134 27.90369089728602 -8.269710890471055 0.9063162163287275
1647472960.5161133 27.998935589129985 -8.301540685681125 0.9080158807688828
1647472960.6161134 28.094180280973955 -8.333370480891196 0.9097155452090383
1647472960.7161133 28.18942497281792 -8.365200276101266 0.9114152096491938
1647472960.8161135 28.283210467911793 -8.404584171839794 0.9132181968657836
1647472960.9161134 28.376990137571863 -8.443998225206192 0.9150215965695824
1647472961.0161133 28.47076980723193 -8.48341227857259 0.9168249962733811
1647472961.1161134 28.564549476891997 -8.522826331938989 0.9186283959771799
1647472961.2161133 28.644264498233266 -8.548392202437082 0.917112446194267
1647472961.3161135 28.723919536335202 -8.573899012882734 0.9155823399724468
1647472961.4161134 28.80357457443714 -8.599405823328386 0.9140522337506264
1647472961.5161133 28.883229612539076 -8.624912633774038 0.912522127528806
1647472961.6161134 28.971110650543434 -8.652405271903753 0.9126488213228432
1647472961.7161133 29.059022014666443 -8.679905231021392 0.9127816231055087
1647472961.8161135 29.146933378789452 -8.707405190139033 0.9129144248881742
1647472961.9161134 29.23484474291246 -8.734905149256674 0.9130472266708397
1647472962.0161133 29.32438173703724 -8.764462948471703 0.9122658638577291
1647472962.1161134 29.413924956195064 -8.794028627784044 0.9114810004295898
1647472962.2161133 29.503468175352886 -8.823594307096384 0.9106961370014505
1647472962.3161135 29.59301139451071 -8.853159986408723 0.9099112735733111
1647472962.4161134 29.682554613668533 -8.882725665721063 0.9091264101451718
1647472962.5161133 29.772097832826358 -8.912291345033404 0.9083415467170325
1647472962.6161134 29.86164105198418 -8.941857024345744 0.9075566832888932
1647472962.7161133 29.951184271142004 -8.971422703658083 0.9067718198607537
1647472962.8161135 30.03605524648045 -8.99654550476093 0.9075734469953007
1647472962.9161134 30.120907378301393 -9.021650387395356 0.90838147256791
1647472963.0161133 30.205759510122334 -9.046755270029784 0.9091894981405193
1647472963.1161134 30.290611641943276 -9.071860152664213 0.9099975237131286
1647472963.2161133 30.374751900645588 -9.104466178202236 0.9099677959234176
1647472963.3161135 30.458888929855263 -9.137106233520486 0.9099342675711559
1647472963.4161134 30.543025959064938 -9.169746288838738 0.9099007392188943
1647472963.5161133 30.627162988274613 -9.20238634415699 0.9098672108666326
1647472963.6161134 30.71818490199272 -9.229029937020599 0.9101873615756669
1647472963.7161133 30.809238901265868 -9.25564558463315 0.9105091605315196
1647472963.8161135 30.900292900539014 -9.2822612322457 0.9108309594873725
1647472963.9161134 30.99134689981216 -9.308876879858252 0.9111527584432252
1647472964.0161133 31.074550443780826 -9.335375766334167 0.9124391825493382
1647472964.1161134 31.15771996325171 -9.361874146758028 0.9137297874175864
1647472964.2161133 31.240889482722597 -9.38837252718189 0.9150203922858346
1647472964.3161135 31.324059002193486 -9.414870907605751 0.9163109971540829
1647472964.4161134 31.40447110620887 -9.444739588749284 0.919192871041634
1647472964.5161133 31.484870447457183 -9.474623869414808 0.922082110158025
1647472964.6161134 31.5652697887055 -9.504508150080333 0.924971349274416
1647472964.7161133 31.645669129953813 -9.534392430745857 0.927860588390807
1647472964.8161135 31.734292921625112 -9.556796844822701 0.927022107265784
1647472964.9161134 31.823003401263083 -9.579122419051016 0.9261443349454297
1647472965.0161133 31.911713880901058 -9.601447993279331 0.9252665626250753
1647472965.1161134 32.00042436053903 -9.623773567507646 0.9243887903047211
1647472965.2161133 32.10044997025397 -9.66051383148462 0.9253817707524684
1647472965.3161135 32.200611022177355 -9.697426639427102 0.9263971441276198
1647472965.4161134 32.30077207410074 -9.734339447369582 0.9274125175027711
1647472965.5161133 32.40093312602413 -9.771252255312062 0.9284278908779223
1647472965.6161134 32.48887949850605 -9.805572868999207 0.9283881618387605
1647472965.7161133 32.57682384375466 -9.839893052467731 0.9283482576874501
1647472965.8161135 32.66476818900327 -9.874213235936255 0.9283083535361396
1647472965.9161134 32.75271253425188 -9.90853341940478 0.9282684493848292
1647472966.0161133 32.83097574559213 -9.93601546842378 0.9309644716786506
1647472966.1161134 32.9092353779574 -9.963494989483527 0.9336615054048475
1647472966.2161133 32.987495010322675 -9.990974510543273 0.9363585391310445
1647472966.3161135 33.06575464268795 -10.01845403160302 0.9390555728572414
1647472966.4161134 33.14768247786959 -10.039599235681953 0.936389926635826
1647472966.5161133 33.229610797626115 -10.06074360298846 0.9337235719966405
1647472966.6161134 33.311539117382644 -10.081887970294966 0.9310572173574548
1647472966.7161133 33.39346743713917 -10.103032337601473 0.9283908627182693
1647472966.8161135 33.48207259620568 -10.132092034941746 0.9302766226995558
1647472966.9161134 33.57067929657093 -10.16115355947713 0.9321634335026705
1647472967.0161133 33.65928599693618 -10.190215084012515 0.9340502443057852
1647472967.1161134 33.747892697301424 -10.219276608547899 0.9359370551088999
1647472967.2161133 33.84443725089958 -10.246203201511937 0.9347721483141096
1647472967.3161135 33.94099528704544 -10.273126168266732 0.9336020581370004
1647472967.4161134 34.0375533231913 -10.300049135021528 0.9324319679598911
1647472967.5161133 34.134111359337155 -10.326972101776324 0.9312618777827818
1647472967.6161134 34.236042123434146 -10.349215671743496 0.9258621090205859
1647472967.7161133 34.33797956448743 -10.371453426391493 0.9204570838263967
1647472967.8161135 34.43991700554073 -10.393691181039491 0.9150520586322075
1647472967.9161134 34.541854446594016 -10.415928935687488 0.9096470334380183
1647472968.0161133 34.62845743603323 -10.445821958109843 0.9098681374595454
1647472968.1161134 34.71503255260081 -10.475728895232333 0.9100994678902935
1647472968.2161133 34.80160766916839 -10.505635832354823 0.9103307983210415
1647472980.5164773 43.49330199431673 -7.1248791726758345 0.9620816385444039
1647472980.6164773 43.52006779959658 -7.052600066288745 0.9620654823068049
1647472980.7164774 43.54682495189918 -6.980321117969492 0.9620492498393348
1647472980.8164773 43.554057271041046 -6.90839883857965 0.9618610100418741
1647472980.9164774 43.561289590182916 -6.8364765591898085 0.9616727702444132
1647472981.0164773 43.56852190932479 -6.764554279799966 0.9614845304469525
1647472981.1164773 43.57576172925594 -6.692636864177324 0.9612932770816339
1647472981.2164774 43.58624276696119 -6.622821164534339 0.9597998101311791
1647472981.3164773 43.596723804666446 -6.553005464891355 0.9583063431807243
1647472981.4164774 43.607204842371694 -6.483189765248371 0.9568128762302694
1647472981.5164773 43.61768588007695 -6.413374065605386 0.9553194092798146
1647472981.6164773 43.6324455978806 -6.336656883309504 0.9565858942490011
1647472981.7164774 43.6472453281375 -6.259875161191607 0.9578781891513026
1647472981.8164773 43.6620450583944 -6.183093439073709 0.9591704840536042
1647472981.9164774 43.6768447886513 -6.106311716955812 0.9604627789559057
1647472982.0164773 43.69044623884582 -6.018136409933783 0.9594817356792549
1647472982.1164773 43.704036860315824 -5.929858140343984 0.9584801484966881
1647472982.2164774 43.71762748178583 -5.8415798707541855 0.9574785613141213
1647472982.3164773 43.731218103255834 -5.753301601164386 0.9564769741315546
1647472982.4164774 43.74480872472584 -5.665023331574588 0.9554753869489878
1647472982.5164773 43.75839934619585 -5.576745061984789 0.9544737997664211
1647472982.6164773 43.77198996766585 -5.48846679239499 0.9534722125838544
1647472982.7164774 43.78549267371757 -5.400296601957531 0.952491640970288
1647472982.8164773 43.77439833115866 -5.342364886358856 0.9573908226735229
1647472982.9164774 43.763303988599745 -5.284433170760181 0.9622900043767578
1647472983.0164773 43.75220964604083 -5.2265014551615065 0.9671891860799927
1647472983.1164773 43.741109168908416 -5.168574176906356 0.9720762969311114
1647472983.2164774 43.72835309382972 -5.111844448378819 0.9737057276889335
1647472983.3164773 43.715597018751026 -5.055114719851281 0.9753351584467556
1647472983.4164774 43.70284094367233 -4.998384991323745 0.9769645892045776
1647472983.5164773 43.690048160023736 -4.941601382707916 0.9785970242619416
1647472983.6164773 43.66347099848665 -4.864585346086875 0.9813575991593615
1647472983.7164774 43.63689383694957 -4.787569309465832 0.9841181740567815
1647472983.8164773 43.610316675412484 -4.71055327284479 0.9868787489542014
1647472983.9164774 43.58370367665183 -4.633500338718311 0.9896331033267005
1647472984.0164773 43.54693309238914 -4.545989296264568 0.9906243324498937
1647472984.1164773 43.51016250812645 -4.458478253810825 0.9916155615730867
1647472984.2164774 43.473391923863765 -4.370967211357082 0.9926067906962798
1647472984.3164773 43.436621339601075 -4.2834561689033395 0.9935980198194728
1647472984.4164774 43.399850755338385 -4.195945126449597 0.9945892489426659
1647472984.5164773 43.363080171075694 -4.108434083995854 0.9955804780658589
1647472984.6164773 43.32630958681301 -4.020923041542111 0.9965717071890521
1647472984.7164774 43.289554795457015 -3.9334270361360524 0.9975682244048945
1647472984.8164773 43.25836562782893 -3.851230280007207 1.0004283335795807
1647472984.9164774 43.227176460200845 -3.7690335238783614 1.0032884427542668
1647472985.0164773 43.19598729257276 -3.686836767749516 1.0061485519289528
1647472985.1164773 43.164798124944674 -3.6046400116206705 1.009008661103639
1647472985.2164774 43.13360895731659 -3.522443255491825 1.0118687702783251
1647472985.3164773 43.10241978968851 -3.4402464993629795 1.0147288794530114
1647472985.4164774 43.071230622060426 -3.358049743234134 1.0175889886276974
1647472985.5164773 43.040031924661044 -3.2758178745251536 1.020451469961738
1647472985.6164773 43.00601397016727 -3.1831984122887707 1.0240157233404756
1647472985.7164774 42.97199601567349 -3.0905789500523877 1.0275799767192133
1647472985.8164773 42.93797806117971 -2.997959487816005 1.0311442300979508
1647472985.9164774 42.903940171123686 -2.9053457177855475 1.0346951808905875
1647472986.0164773 42.863116436888376 -2.8146695114893676 1.0337180789845712
1647472986.1164773 42.822292702653066 -2.723993305193188 1.032740977078555
1647472986.2164774 42.781468968417755 -2.6333170988970083 1.0317638751725386
1647472986.3164773 42.74069459711939 -2.5426940869487322 1.030826915344287
1647472986.4164774 42.713499296725004 -2.4667041148178037 1.040932493782459
1647472986.5164773 42.68630399633061 -2.390714142686875 1.0510380722206307
1647472986.6164773 42.65910869593621 -2.3147241705559467 1.0611436506588026
1647472986.7164774 42.631850719588414 -2.2387418699929107 1.0712116009198651
1647472986.8164773 42.58509283497739 -2.165146367906921 1.0695725732752732
1647472986.9164774 42.53833495036637 -2.091550865820931 1.0679335456306813
1647472987.0164773 42.491577065755344 -2.0179553637349414 1.0662945179860894
1647472987.1164773 42.44480892110753 -1.9443003956790001 1.0646539340651362
1647472987.2164774 42.395110369960754 -1.8536611352273944 1.0625688563808633
1647472987.3164773 42.34541181881397 -1.7630218747757886 1.0604837786965904
1647472987.4164774 42.29571326766719 -1.672382614324183 1.0583987010123177
1647472987.5164773 42.24601506059727 -1.5817283842356653 1.0563303396236194
1647472987.6164773 42.19641183065189 -1.486942016182615 1.0588762544512278
1647472987.7164774 42.14680860070651 -1.3921556481295645 1.0614221692788361
1647472987.8164773 42.09720537076112 -1.2973692800765142 1.0639680841064447
1647472987.9164774 42.047602140815734 -1.202582912023464 1.066513998934053
1647472988.0164773 42.00306560630913 -1.1229980442050194 1.0674324071405825
1647472988.1164773 41.95857434245288 -1.0435490009709172 1.0683362736632707
1647472988.2164774 41.91408307859662 -0.964099957736815 1.0692401401859588
1647472988.3164773 41.86959340704362 -0.8846539533756923 1.0701415727317927
1647472988.4164774 41.8259737960418 -0.8068684389314505 1.0697130405004858
1647472988.5164773 41.782354185039985 -0.7290829244872087 1.069284508269179
1647472988.6164773 41.73873457403817 -0.6512974100429669 1.0688559760378722
1647472988.7164774 41.695110658396096 -0.5735093703037092 1.068427621160698
1647472988.8164773 41.64429209521244 -0.4915006276666198 1.0682956906999044
1647472988.9164774 41.59347353202878 -0.40949188502953043 1.0681637602391107
1647472989.0164773 41.54265496884512 -0.32748314239244103 1.0680318297783171
1647472989.1164773 41.49183367479244 -0.24546651746328924 1.0678993253737523
1647472989.2164774 41.43897483809376 -0.1575687953002463 1.0673385928475556
1647472989.3164773 41.38611600139508 -0.06967107313720339 1.066777860321359
1647472989.4164774 41.3332571646964 0.018226649025839536 1.0662171277951622
1647472989.5164773 41.280402801528396 0.10612122042797453 1.0656565542976213
1647472989.6164773 41.232920282722354 0.19023233789783484 1.0652869434313532
1647472989.7164774 41.18543776391631 0.2743434553676951 1.0649173325650854
1647472989.8164773 41.13795524511027 0.3584545728375554 1.0645477216988173
1647472989.9164774 41.09049072772868 0.44253312575953746 1.064183741418112
1647472990.0164773 41.05077126149949 0.5126008936037122 1.066242301271364
1647472990.1164773 41.01105179527031 0.5826686614478869 1.0683008611246159
1647472990.2164774 40.97133232904113 0.6527364292920617 1.070359420977868
1647472990.3164773 40.93161286281195 0.7228041971362363 1.0724179808311198
1647472990.4164774 40.893136014433566 0.8068903809649723 1.072485425162688
1647472990.5164773 40.85467315672084 0.8911343984922195 1.0725304514744671
1647472990.6164773 40.81621029900813 0.9753784160194667 1.0725754777862464
1647472990.7164774 40.777755494002186 1.0596306939084295 1.0726253079242951
1647472990.8164773 40.74355829705231 1.1482503706788807 1.0752150057096315
1647472990.9164774 40.709361100102434 1.236870047449332 1.0778047034949678
1647472991.0164773 40.67516390315256 1.325489724219783 1.0803944012803042
1647472991.1164773 40.640966706202676 1.4141094009902342 1.0829840990656405
1647472991.2164774 40.60059131667616 1.505914268912436 1.0842140133181282
1647472991.3164773 40.5601415306073 1.597757492260667 1.085427553333019
1647472991.4164774 40.51969174453844 1.6896007156088977 1.08664109334791
1647472991.5164773 40.47924473076375 1.7814370862476057 1.0878537305739573
1647472991.6164773 40.442558001680595 1.8639785779240154 1.0878418429602708
1647472991.7164774 40.40587127259744 1.9465200696004252 1.0878299553465844
1647472991.8164773 40.36918454351429 2.0290615612768352 1.0878180677328981
1647472991.9164774 40.33249781443113 2.111603052953245 1.0878061801192116
1647472992.0164773 40.29368184325303 2.1909116238359103 1.0889126747256295
1647472992.1164773 40.25486567711893 2.2702198987084015 1.0900192717324886
1647472992.2164774 40.216049510984824 2.349528173580892 1.091125868739348
1647472992.3164773 40.17723334485072 2.4288364484533833 1.092232465746207
1647472992.4164774 40.13358149805837 2.5109692786900677 1.0922563645026873
1647472992.5164773 40.08992705812024 2.593103623601587 1.0922796826595396
1647472992.6164773 40.046272618182115 2.6752379685131062 1.0923030008163919
1647472992.7164774 40.00261817824399 2.757372313424626 1.0923263189732442
1647472992.8164773 39.95753007432846 2.8387389198672266 1.0919082423806443
1647472992.9164774 39.91243955246439 2.9201042314791428 1.091489421352942
1647472993.0164773 39.86734903060032 3.001469543091059 1.0910706003252397
1647472993.1164773 39.82225850873625 3.082834854702975 1.0906517792975376
1647472993.2164774 39.77783115297248 3.164863008493852 1.090755607414331
1647472993.3164773 39.73340494803782 3.2468923125517173 1.0908603425133243
1647472993.4164774 39.68897874310316 3.3289216166095823 1.0909650776123174
1647472993.5164773 39.644552538168504 3.4109509206674478 1.0910698127113108
1647472993.6164773 39.600126333233845 3.4929802247253128 1.0911745478103039
1647472993.7164774 39.555700128299186 3.5750095287831782 1.0912792829092972
1647472993.8164773 39.51127392336453 3.6570388328410433 1.0913840180082903
1647472993.9164774 39.46684771842986 3.7390681368989087 1.0914887531072837
1647472994.0164773 39.42279459899417 3.8178610530879435 1.0918333280073498
1647472994.1164773 39.378742133956926 3.896648292596483 1.0921783235905898
1647472994.2164774 39.33468966891968 3.9754355321050228 1.09252331917383
1647472994.3164773 39.29063720388243 4.054222771613562 1.09286831475707
1647472994.4164774 39.246584738845186 4.133010011122102 1.09321331034031
1647472994.5164773 39.20253227380794 4.211797250630641 1.09355830592355
1647472994.6164773 39.15847980877069 4.290584490139181 1.0939033015067903
1647472994.7164774 39.114427343733446 4.36937172964772 1.0942482970900302
1647472994.8164773 39.06905296625782 4.450190976428839 1.094700829155605
1647472994.9164774 39.02367573603718 4.531014608370778 1.0951535932896252
1647472995.0164773 38.97829850581654 4.611838240312715 1.0956063574236454
1647472995.1164773 38.932921275595895 4.692661872254653 1.0960591215576656
1647472995.2164774 38.887022014467256 4.76828466594857 1.096844238339521
1647472995.3164773 38.84112194607708 4.843899417136587 1.0976298690670143
1647472995.4164774 38.79522187768691 4.919514168324605 1.0984154997945075
1647472995.5164773 38.74932180929674 4.995128919512623 1.0992011305220006
1647472995.6164773 38.7033423197205 5.066561761762069 1.1000961390514326
1647472995.7164774 38.65736268882386 5.137987162810081 1.100991342205441
1647472995.8164773 38.61138305792722 5.209412563858092 1.1018865453594495
1647472995.9164774 38.56540342703058 5.2808379649061035 1.102781748513458
1647472996.0164773 38.520402899847575 5.346993064342564 1.1043209626173474
1647472996.1164773 38.475416830615934 5.413070339782114 1.105869686519701
1647472996.2164774 38.43043076138429 5.479147615221665 1.1074184104220548
1647472996.3164773 38.385444692152646 5.545224890661216 1.1089671343244085
1647472996.4164774 38.334748156372974 5.612298068231627 1.111321047238316
1647472996.5164773 38.28396633777574 5.6793861190771056 1.113686985227057
1647472996.6164773 38.23318451917851 5.7464741699225845 1.1160529232157983
1647472996.7164774 38.18240270058127 5.8135622207680635 1.1184188612045396
1647472996.8164773 38.126987182640704 5.882183364702058 1.1206173247036137
1647472996.9164774 38.07156143195993 5.950807894212485 1.122815418363642
1647472997.0164773 38.01613568127915 6.019432423722911 1.1250135120236704
1647472997.1164773 37.96070993059838 6.0880569532333375 1.1272116056836987
1647472997.2164774 37.901790981177726 6.159181600952998 1.130151666692537
1647472997.3164773 37.84282199928107 6.23034205742951 1.1331023547702426
1647472997.4164774 37.783853017384416 6.301502513906024 1.136053042847948
1647472997.5164773 37.72488403548776 6.372662970382536 1.1390037309256538
1647472997.6164773 37.65719297806688 6.446465884108327 1.137939828757177
1647472997.7164774 37.589486609453004 6.520273436543428 1.1368688791645065
1647472997.8164773 37.52178024083913 6.5940809889785275 1.1357979295718361
1647472997.9164774 37.454073872225244 6.667888541413628 1.1347269799791657
1647472998.0164773 37.394638126570264 6.734115453998698 1.1363106180264126
1647472998.1164773 37.33550267644988 6.8000671234360945 1.1379906406892384
1647472998.2164774 37.2763672263295 6.866018792873492 1.1396706633520641
1647472998.3164773 37.21723177620912 6.931970462310888 1.1413506860148899
1647472998.4164774 37.154507810892575 7.0046259270418645 1.1418192539841097
1647472998.5164773 37.0917439322947 7.077355954775348 1.142274347541388
1647472998.6164773 37.02898005369682 7.150085982508831 1.1427294410986664
1647472998.7164774 36.96621617509894 7.222816010242315 1.1431845346559446
1647472998.8164773 36.90536178331556 7.28994088963319 1.1426267994140957
1647472998.9164774 36.84452913448005 7.357001944310936 1.1420575312914736
1647472999.0164773 36.783696485644526 7.424062998988682 1.1414882631688512
1647472999.1164773 36.722863836809005 7.491124053666428 1.1409189950462288
1647472999.2164774 36.655052490289755 7.563959370676405 1.1402804759420488
1647472999.3164773 36.587160003598335 7.63686182408647 1.1396411516680764
1647472999.4164774 36.51926751690691 7.709764277496535 1.139001827394104
1647472999.5164773 36.451376131925514 7.782666574972681 1.1383615938792835
1647472999.6164773 36.38442861608078 7.855435279025238 1.1369423855375755
1647472999.7164774 36.31748110023605 7.928203983077796 1.1355231771958676
1647472999.8164773 36.25053358439132 8.000972687130353 1.1341039688541596
1647472999.9164774 36.18358374934963 8.073735878062587 1.1326841101395313
1647473000.0164773 36.114547011291656 8.14153815034909 1.1306790207464363
1647473000.1164773 36.045510273233674 8.209340422635595 1.1286739313533414
1647473000.2164774 35.9764735351757 8.277142694922098 1.1266688419602462
1647473000.3164773 35.90743631791291 8.344944316042149 1.1246631044501012
1647473000.4164774 35.83719023475359 8.411103272262011 1.121022394617193
1647473000.5164773 35.766944151594274 8.477262228481873 1.117381684784285
1647473000.6164773 35.69669806843495 8.543421184701735 1.113740974951377
1647473000.7164774 35.62645051349711 8.609580161583688 1.1100999124436024
1647473000.8164773 35.55435509302136 8.675765080388864 1.1060160552334308
1647473000.9164774 35.482259672545595 8.74194999919404 1.1019321980232595
1647473001.0164773 35.41016425206984 8.808134917999215 1.097848340813088
1647473001.1164773 35.33807042563093 8.874319028340764 1.09376441450258
1647473001.2164774 35.272839358846696 8.937022484150994 1.0893829925576453
1647473001.3164773 35.20760829206246 8.999725939961225 1.0850015706127105
1647473001.4164774 35.14237722527823 9.062429395771455 1.0806201486677758
1647473001.5164773 35.07714355805641 9.125134571242256 1.07623893732767
1647473001.6164773 35.008695078778004 9.189965691041714 1.0721180879152064
1647473001.7164774 34.940246599499595 9.25479681084117 1.0679972385027428
1647473001.8164773 34.871798120221186 9.319627930640625 1.0638763890902794
1647473001.9164774 34.803346859093196 9.384458471536522 1.0597545954658083
1647473002.0164773 34.73250053255638 9.448790598750922 1.0548198716463584
1647473002.1164773 34.66165420601956 9.513122725965319 1.0498851478269087
1647473002.2164774 34.590807879482746 9.577454853179717 1.0449504240074587
1647473002.3164773 34.51995780186138 9.641785166286029 1.040015104182488
1647473002.4164774 34.44590846401139 9.70456824584408 1.0345714575691773
1647473002.5164773 34.371859126161404 9.767351325402128 1.0291278109558666
1647473002.6164773 34.29780978831141 9.830134404960178 1.023684164342556
1647473002.7164774 34.22376576747563 9.892911578226071 1.0182417043547474
1647473002.8164773 34.15377266414496 9.95118887593012 1.013703308533857
1647473002.9164774 34.083779560814286 10.009466173634166 1.0091649127129665
1647473003.0164773 34.01378645748361 10.067743471338215 1.0046265168920758
1647473003.1164773 33.94380083725705 10.12601310705095 1.0000903915498018
1647473003.2164774 33.8797588940792 10.178196979259774 0.9973576610872301
1647473003.3164773 33.815716950901354 10.230380851468595 0.9946249306246585
1647473003.4164774 33.751675007723506 10.28256472367742 0.9918922001620868
1647473003.5164773 33.68763610916316 10.334743820573816 0.9891613235663118
1647473003.6164773 33.62591178002676 10.383292644653679 0.9878397876880172
1647473003.7164774 33.564187450890365 10.43184146873354 0.9865182518097225
1647473003.8164773 33.50246312175397 10.4803902928134 0.9851967159314278
1647473003.9164774 33.44074032142386 10.5289413843724 0.9838768132564679
1647473004.0164773 33.38118523459753 10.580707562883916 0.9848726499588976
1647473004.1164773 33.3216301477712 10.632473741395431 0.9858684866613273
1647473004.2164774 33.26207506094487 10.684239919906947 0.986864323363757
1647473004.3164773 33.202517572848166 10.736011343827647 0.987860688279059
1647473016.9164166 23.991453555143675 17.370218468681788 1.0658410105915155
1647473017.0164165 23.90574033668832 17.4277787038455 1.067026231080555
1647473017.1164167 23.820027118232968 17.485338939009214 1.0682114515695942
1647473017.2164166 23.734313899777614 17.54289917417293 1.0693966720586336
1647473017.3164167 23.64860068132226 17.600459409336644 1.070581892547673
1647473017.4164166 23.562887462866907 17.658019644500357 1.0717671130367126
1647473017.5164165 23.477172016016397 17.71557723663447 1.072951827418104
1647473017.6164167 23.385444275767412 17.766003836150976 1.0727710444562093
1647473017.7164166 23.29371653551843 17.81643043566748 1.0725902614943144
1647473017.8164167 23.201988795269447 17.866857035183987 1.0724094785324196
1647473017.9164166 23.110275144124497 17.91727917380654 1.0722308959047335
1647473018.0164165 23.047233805088048 17.95862308123881 1.0765301472847053
1647473018.1164167 22.9841924660516 17.99996698867108 1.0808293986646773
1647473018.2164166 22.921151127015147 18.041310896103347 1.085128650044649
1647473018.3164167 22.858109787978698 18.08265480353562 1.0894279014246209
1647473018.4164166 22.790354457633658 18.1224729451462 1.0892153120194716
1647473018.5164165 22.722597458826016 18.16229054672965 1.089001125700559
1647473018.6164167 22.654840460018377 18.2021081483131 1.088786939381646
1647473018.7164166 22.587083461210735 18.24192574989655 1.0885727530627334
1647473018.8164167 22.505018377844042 18.290372170417776 1.089240748496592
1647473018.9164166 22.42293164085339 18.338831649654146 1.0899100790100595
1647473019.0164165 22.340844903862735 18.387291128890514 1.0905794095235273
1647473019.1164167 22.25875816687208 18.43575060812688 1.0912487400369948
1647473019.2164166 22.172239715194074 18.491821254864988 1.094773379913355
1647473019.3164167 22.08571480673022 18.547902990692098 1.0983021798321324
1647473019.4164166 21.999189898266366 18.603984726519204 1.1018309797509098
1647473019.5164165 21.912664989802515 18.660066462346315 1.1053597796696872
1647473019.6164167 21.82968734849217 18.71227258885683 1.1049367979508802
1647473019.7164166 21.746713954464987 18.76447407494713 1.1045090846077288
1647473019.8164167 21.66374056043781 18.81667556103743 1.1040813712645774
1647473019.9164166 21.580767166410627 18.868877047127732 1.1036536579214262
1647473020.0164165 21.50767311543549 18.911995680461505 1.1061201120992818
1647473020.1164167 21.43459172927516 18.955102670040485 1.1085902764525473
1647473020.2164166 21.361510343114823 18.99820965961947 1.1110604408058127
1647473020.3164167 21.28842895695449 19.04131664919845 1.113530605159078
1647473020.4164166 21.214224621555275 19.085979244281628 1.1140242383479027
1647473020.5164165 21.14001941964274 19.130643039733304 1.1145163463648637
1647473020.6164167 21.065814217730207 19.17530683518498 1.1150084543818246
1647473020.7164166 20.991609015817673 19.21997063063666 1.1155005623987855
1647473020.8164167 20.914540983747454 19.27268544787398 1.1176989874317753
1647473020.9164166 20.83747084923951 19.325406177712104 1.1198986655692322
1647473021.0164165 20.760400714731567 19.378126907550232 1.122098343706689
1647473021.1164167 20.683330580223625 19.430847637388357 1.1242980218441456
1647473021.2164166 20.598197653849994 19.485204463907632 1.1257804035950296
1647473021.3164167 20.51305849049573 19.53956255603111 1.1272622304805833
1647473021.4164166 20.42791932714147 19.593920648154594 1.128744057366137
1647473021.5164165 20.342780163787207 19.648278740278073 1.1302258842516906
1647473021.6164167 20.26631058961392 19.69713275516406 1.1319192951102726
1647473021.7164166 20.189848641071805 19.745981928752258 1.1336128920747135
1647473021.8164167 20.113386692529687 19.794831102340453 1.1353064890391542
1647473021.9164166 20.03692474398757 19.843680275928648 1.137000086003595
1647473022.0164165 19.956832649868442 19.893160067028187 1.1372718901741614
1647473022.1164167 19.876732645242072 19.942641232316245 1.1375405960937184
1647473022.2164166 19.796632640615698 19.992122397604305 1.1378093020132753
1647473022.3164167 19.716532635989324 20.041603562892366 1.1380780079328323
1647473022.4164166 19.63474191565735 20.08789719723562 1.1369582717042332
1647473022.5164165 19.552948998007576 20.134186688943615 1.1358367310039303
1647473022.6164167 19.4711560803578 20.180476180651613 1.1347151903036274
1647473022.7164166 19.389363162708023 20.22676567235961 1.1335936496033245
1647473022.8164167 19.3048630095206 20.282117684570434 1.1323695680572927
1647473022.9164166 19.2203597041363 20.337480248817982 1.131145367116798
1647473023.0164165 19.135856398752 20.392842813065535 1.129921166176303
1647473023.1164167 19.051353093367698 20.448205377313087 1.1286969652358079
1647473023.2164166 18.96761637580325 20.499172611268097 1.1265860620910164
1647473023.3164167 18.883880615679413 20.550134355613686 1.1244740514870686
1647473023.4164166 18.800144855555576 20.60109609995927 1.1223620408831207
1647473023.5164165 18.716409095431736 20.65205784430486 1.120250030279173
1647473023.6164167 18.644864933941317 20.702386023235118 1.120549213091951
1647473023.7164166 18.573350948781606 20.752712633980593 1.120854364028528
1647473023.8164167 18.501836963621894 20.803039244726065 1.1211595149651048
1647473023.9164166 18.430322978462186 20.853365855471537 1.1214646659016818
1647473024.0164165 18.36065130856519 20.9011548728344 1.1230369096683477
1647473024.1164167 18.290985963432654 20.948935178506723 1.124613503430839
1647473024.2164166 18.22132061830012 20.996715484179045 1.1261900971933305
1647473024.3164167 18.151655273167584 21.044495789851368 1.127766690955822
1647473050.7972028 3.02970077377467 18.23568483082684 0.9619724321800345
1647473050.8972027 3.077603097737316 18.169971623566923 0.9625255558298025
1647473050.9972029 3.1255054216999616 18.104258416307005 0.9630786794795705
1647473051.0972028 3.1734077456626073 18.038545209047086 0.9636318031293385
1647473051.197203 3.2261244985081206 17.977116850404848 0.9637808682694413
1647473051.2972028 3.2800198665057914 17.916737460940134 0.9638310162807556
1647473051.3972027 3.333915234503462 17.85635807147542 0.9638811642920699
1647473051.4972029 3.3878106025011325 17.795978682010706 0.9639313123033842
1647473051.5972028 3.444091389522164 17.73929160725298 0.9655264229784174
1647473051.697203 3.5009563458245894 17.68350874966127 0.9674998821617028
1647473051.7972028 3.5578213021270146 17.627725892069563 0.9694733413449883
1647473051.8972027 3.61468625842944 17.571943034477854 0.9714468005282737
1647473051.9972029 3.6794553857788865 17.51650044904373 0.9724210149941427
1647473052.0972028 3.7461478231154426 17.4611406615191 0.9731520847541164
1647473052.197203 3.812840260451998 17.40578087399447 0.9738831545140901
1647473052.2972028 3.8795326977885543 17.350421086469844 0.9746142242740639
1647473052.3972027 3.9462581754968022 17.298120540485726 0.9763123341851687
1647473052.4972029 4.012991693404541 17.24656444473076 0.978245768196243
1647473052.5972028 4.07972521131228 17.195008348975794 0.9801792022073172
1647473052.697203 4.1464587292200195 17.14345225322083 0.9821126362183915
1647473052.7972028 4.212613946604973 17.09953373495545 0.9849705634819215
1647473052.8972027 4.2786288585495384 17.057468221539533 0.9880527883689363
1647473052.9972029 4.3446437704941046 17.015402708123617 0.9911350132559512
1647473053.0972028 4.41065868243867 16.9733371947077 0.994217238142966
1647473053.197203 4.478925424924295 16.93462736574235 0.995378370542435
1647473053.2972028 4.5477337854177655 16.89672465751453 0.9960774351854641
1647473053.3972027 4.616542145911235 16.858821949286703 0.9967764998284933
1647473053.4972029 4.685350506404705 16.82091924105888 0.9974755644715224
1647473053.5972028 4.755536653368494 16.78451525033519 0.9998044109290788
1647473053.697203 4.826052243225443 16.74846961835665 1.0025229549542662
1647473053.7972028 4.8965678330823925 16.712423986378113 1.0052414989794538
1647473053.8972027 4.967083422939342 16.676378354399574 1.0079600430046414
1647473053.9972029 5.046286969944371 16.647965616690698 1.0106010700725883
1647473054.0972028 5.1275760573685 16.621385152005594 1.0132234892279113
1647473054.197203 5.208865144792628 16.59480468732049 1.015845908383234
1647473054.2972028 5.290154232216755 16.568224222635386 1.018468327538557
1647473054.3972027 5.374136533983835 16.540923237099467 1.0188992873413092
1647473054.4972029 5.458766401503379 16.513449007043242 1.018803325093332
1647473054.5972028 5.543396269022922 16.485974776987018 1.018707362845355
1647473054.697203 5.6280261365424655 16.458500546930797 1.0186114005973776
1647473054.7972028 5.7095438193893315 16.43602131376872 1.020902325633764
1647473054.8972027 5.790315897230856 16.414738762384122 1.0237650917700798
1647473054.9972029 5.871087975072381 16.39345621099952 1.0266278579063957
1647473055.0972028 5.951860052913906 16.372173659614923 1.0294906240427115
1647473055.197203 6.031412749456313 16.35882209509834 1.032097363599582
1647473055.2972028 6.1106756378613785 16.34735547381743 1.034643253784601
1647473055.3972027 6.189938526266444 16.33588885253652 1.0371891439696204
1647473055.4972029 6.26920141467151 16.324422231255614 1.0397350341546396
1647473055.5972028 6.348464303076577 16.312955609974704 1.042280924339659
1647473055.697203 6.427727191481643 16.301488988693794 1.0448268145246782
1647473055.7972028 6.506990079886709 16.290022367412888 1.0473727047096972
1647473055.8972027 6.586252968291775 16.27855574613198 1.0499185948947165
1647473055.9972029 6.667731989187177 16.271323659450108 1.0522741463489778
1647473056.0972028 6.749739559237152 16.265101512242566 1.0545843018823435
1647473056.197203 6.831747129287126 16.25887936503502 1.0568944574157095
1647473056.2972028 6.9137546993371 16.25265721782748 1.0592046129490755
1647473056.3972027 7.002030907768984 16.252223696793994 1.060557187684285
1647473056.4972029 7.0917897946005 16.253159320137478 1.0616832723463985
1647473056.5972028 7.181548681432018 16.25409494348096 1.062809357008512
1647473056.697203 7.271307568263534 16.25503056682445 1.0639354416706255
1647473056.7972028 7.3563268609724535 16.261363414441135 1.0658384686858018
1647473056.8972027 7.440220194514035 16.268978450783568 1.0679260695995638
1647473056.9972029 7.524113528055618 16.276593487125997 1.070013670513326
1647473057.0972028 7.6080068615972 16.284208523468426 1.072101271427088
1647473057.197203 7.691900195138782 16.291823559810858 1.0741888723408504
1647473057.2972028 7.7757935286803646 16.299438596153287 1.0762764732546124
1647473057.3972027 7.859686862221947 16.30705363249572 1.0783640741683747
1647473057.4972029 7.943580195763529 16.31466866883815 1.0804516750821367
1647473057.5972028 8.038121835361247 16.33451552040253 1.0775372641294618
1647473057.697203 8.135208814730483 16.357286229113594 1.073427186967145
1647473057.7972028 8.232295794099718 16.38005693782466 1.0693171098048282
1647473057.8972027 8.329382773468954 16.402827646535723 1.0652070326425114
1647473057.9972029 8.426469752838189 16.425598355246787 1.0610969554801946
1647473058.0972028 8.523556732207425 16.448369063957852 1.0569868783178777
1647473058.197203 8.62064371157666 16.471139772668916 1.0528768011555607
1647473058.2972028 8.717730690945896 16.49391048137998 1.0487667239932439
1647473058.3972027 8.793389085996411 16.515573015813015 1.048877782938103
1647473058.4972029 8.86388631083527 16.536968641523195 1.050005521361722
1647473058.5972028 8.934383535674126 16.558364267233372 1.051133259785341
1647473058.697203 9.004880760512982 16.579759892943553 1.05226099820896
1647473058.7972028 9.07537798535184 16.60115551865373 1.053388736632579
1647473058.8972027 9.145875210190697 16.62255114436391 1.0545164750561977
1647473058.9972029 9.216372435029554 16.64394677007409 1.0556442134798167
1647473059.0972028 9.286869659868412 16.66534239578427 1.0567719519034358
1647473059.197203 9.358421469770892 16.696247018084584 1.0555432577483697
1647473059.2972028 9.43024785378945 16.729627423916796 1.0537010375585596
1647473059.3972027 9.502074237808007 16.763007829749007 1.0518588173687498
1647473059.4972029 9.573900621826564 16.796388235581222 1.0500165971789397
1647473059.5972028 9.648037624935496 16.829674286883215 1.052012682790089
1647473059.697203 9.722777201168597 16.862935732007458 1.0550097381965822
1647473059.7972028 9.7975167774017 16.896197177131704 1.0580067936030755
1647473059.8972027 9.872256353634803 16.929458622255947 1.0610038490095688
1647473059.9972029 9.957778242078962 16.970764326638232 1.062954835998311
1647473060.0972028 10.046105714287346 17.014163166771716 1.0646336334499982
1647473060.197203 10.134433186495729 17.0575620069052 1.0663124309016856
1647473060.2972028 10.222760658704113 17.10096084703869 1.0679912283533728
1647473060.3972027 10.300984516240751 17.150732337809888 1.0672780749832997
1647473060.4972029 10.376589083046195 17.202155893242182 1.0659448252595498
1647473060.5972028 10.45219364985164 17.25357944867448 1.0646115755357999
1647473064.1164963 12.759850926506239 19.20209211869071 1.0660394403562532
1647473064.2164962 12.828203104000535 19.263075786646052 1.0653827607669992
1647473064.3164964 12.89655528149483 19.324059454601393 1.064726081177745
1647473064.4164963 12.96999192341426 19.391361196446688 1.0599562468386339
1647473064.5164964 13.04342911332107 19.458663619233857 1.0551859691968077
1647473064.6164963 13.116866303227878 19.52596604202103 1.0504156915549816
1647473064.7164962 13.190303493134687 19.593268464808197 1.0456454139131555
1647473064.8164964 13.281203331608896 19.650433939517587 1.045814457779935
1647473064.9164963 13.372104485823005 19.70759865044896 1.045983873804601
1647473065.0164964 13.463005640037112 19.764763361380336 1.0461532898292671
1647473065.1164963 13.55390679425122 19.82192807231171 1.046322705853933
1647473065.2164962 13.618388523352435 19.872334075350615 1.0459382258051961
1647473065.3164964 13.68253549862757 19.92265444051827 1.0455467274799815
1647473065.4164963 13.746682473902704 19.972974805685922 1.045155229154767
1647473065.5164964 13.810829449177838 20.023295170853576 1.0447637308295523
1647473065.6164963 13.873713443012285 20.060703682755594 1.048728854869812
1647473065.7164962 13.936597270005173 20.09811048898431 1.0526945544257849
1647473065.8164964 13.99948109699806 20.135517295213027 1.056660253981758
1647473065.9164963 14.062365339956234 20.172924927328015 1.0606258201014767
1647473066.0164964 14.129109089791429 20.217995491533596 1.0633533066032854
1647473066.1164963 14.195852839626625 20.263066055739177 1.0660807931050942
1647473066.2164962 14.262596589461818 20.308136619944758 1.068808279606903
1647473066.3164964 14.329340339297014 20.35320718415034 1.0715357661087117
1647473066.4164963 14.394724576160916 20.392375426632082 1.0756638499144997
1647473066.5164964 14.460108374655466 20.43154176593452 1.0797923853371134
1647473066.6164963 14.525492173150017 20.470708105236955 1.0839209207597271
1647473066.7164962 14.590875971644566 20.509874444539392 1.0880494561823408
1647473066.8164964 14.69148449406425 20.563858094381633 1.0948972467834233
1647473066.9164963 14.792110627972876 20.617849152511905 1.1017463969447001
1647473067.0164964 14.892736761881505 20.671840210642177 1.108595547105977
1647473067.1164963 14.993362895790131 20.72583126877245 1.1154446972672536
1647473067.2164962 15.100464528382831 20.786755608100975 1.1123182630270683
1647473067.3164964 15.207570100262615 20.847684165202743 1.1091857602672688
1647473067.4164963 15.314675672142396 20.908612722304508 1.1060532575074695
1647473067.5164964 15.42178124402218 20.969541279406275 1.10292075474767
1647473067.6164963 15.504307462708681 21.006868319716226 1.1047633117834983
1647473067.7164962 15.586820641452078 21.044182838849 1.1066085082092312
1647473067.8164964 15.669333820195476 21.081497357981778 1.108453704634964
1647473067.9164963 15.751846998938873 21.118811877114556 1.110298901060697
1647473068.0164964 15.8269894387883 21.15071428887588 1.1129705144931816
1647473068.1164963 15.902129227644135 21.18261475409396 1.1156424251585784
1647473068.2164962 15.977269016499971 21.214515219312048 1.1183143358239753
1647473068.3164964 16.052408805355807 21.24641568453013 1.1209862464893723
1647473068.4164963 16.144039145396015 21.29167130429126 1.1139471231553582
1647473068.5164964 16.235673032551382 21.336929796744187 1.1069059109793433
1647473068.6164963 16.327306919706746 21.382188289197114 1.0998646988033287
1647473068.7164962 16.418940806862114 21.42744678165004 1.0928234866273139
1647473068.8164964 16.51275212608654 21.45901807367811 1.0949680428556954
1647473068.9164963 16.606619319717957 21.49023814271371 1.0973483122297114
1647473069.0164964 16.70048651334938 21.521458211749316 1.0997285816037274
1647473069.1164963 16.794353706980797 21.552678280784917 1.1021088509777437
1647473069.2164962 16.868525395127325 21.581487712261286 1.1077271840014502
1647473069.3164964 16.942344912134732 21.610254039640843 1.113403416151682
1647473069.4164963 17.01616442914214 21.639020367020397 1.1190796483019136
1647473069.5164964 17.08998394614955 21.66778669439995 1.1247558804521451
1647473069.6164963 17.17006160876172 21.69046160096081 1.1237853472892483
1647473069.7164962 17.250212107099294 21.713065612230615 1.1227374554319784
1647473069.8164964 17.330362605436868 21.73566962350042 1.1216895635747086
1647473069.9164963 17.41051310377444 21.75827363477023 1.1206416717174388
1647473070.0164964 17.512487069083367 21.788878923588307 1.1219819603082717
1647473070.1164963 17.614706958195363 21.81957437702627 1.1233491607742423
1647473070.2164962 17.716926847307356 21.850269830464235 1.124716361240213
1647473070.3164964 17.819146736419352 21.8809652839022 1.1260835617061835
1647473070.4164963 17.910871304727863 21.905359153075768 1.129589577324138
1647473070.5164964 18.0024765184731 21.929681359567283 1.1331199159097436
1647473070.6164963 18.094081732218335 21.954003566058798 1.136650254495349
1647473070.7164962 18.18568694596357 21.97832577255031 1.1401805930809545
1647473070.8164964 18.273051059367592 21.996610414751615 1.1416714715114704
1647473070.9164963 18.36036654505861 22.01482583129922 1.1431389658493885
1647473071.0164964 18.44768203074963 22.033041247846825 1.1446064601873065
1647473071.1164963 18.53499751644065 22.05125666439443 1.1460739545252245
1647473071.2164962 18.62231300213167 22.069472080942035 1.1475414488631426
1647473071.3164964 18.70962848782269 22.08768749748964 1.1490089432010604
1647473071.4164963 18.79694397351371 22.105902914037244 1.1504764375389784
1647473071.5164964 18.88425945920473 22.12411833058485 1.1519439318768965
1647473071.6164963 18.97654081752482 22.13075187088595 1.154325499329456
1647473071.7164962 19.068881850189666 22.13724623305509 1.1567180510980157
1647473071.8164964 19.161222882854513 22.143740595224234 1.1591106028665754
1647473071.9164963 19.253563915519358 22.15023495739338 1.161503154635135
1647473072.0164964 19.345904948184202 22.156729319562523 1.163895706403695
1647473072.1164963 19.43824598084905 22.163223681731665 1.1662882581722547
1647473072.2164962 19.530587013513895 22.16971804390081 1.1686808099408144
1647473072.3164964 19.62292804617874 22.176212406069954 1.171073361709374
1647473072.4164963 19.70671032738045 22.169937634719265 1.1726246700572909
1647473072.5164964 19.790395360501616 22.163517775182488 1.1741664198488835
1647473072.6164963 19.874080393622783 22.15709791564571 1.175708169640476
1647473072.7164962 19.957765426743954 22.150678056108934 1.1772499194320685
1647473072.8164964 20.046966835421166 22.137766282236914 1.1780635986356573
1647473072.9164963 20.136230215924083 22.124781577183978 1.1788690985803976
1647473073.0164964 20.225493596427 22.111796872131045 1.1796745985251378
1647473073.1164963 20.314756976929917 22.098812167078112 1.180480098469878
1647473073.2164962 20.400189844127016 22.07001074975954 1.1834124437813107
1647473073.3164964 20.48557914260558 22.041029431255463 1.1863689800874606
1647473073.4164963 20.570968441084148 22.012048112751383 1.1893255163936103
1647473073.5164964 20.65635773956271 21.983066794247307 1.1922820526997602
1647473073.6164963 20.746832064309594 21.950367911192487 1.1918640650665757
1647473073.7164962 20.8373663531677 21.917625189533414 1.191406284063968
1647473073.8164964 20.927900642025804 21.884882467874338 1.1909485030613605
1647473073.9164963 21.01843493088391 21.852139746215265 1.1904907220587528
1647473074.0164964 21.102880099074923 21.80834206773799 1.191659587625878
1647473074.1164963 21.187245033224013 21.764398722272443 1.1928498869001354
1647473074.2164962 21.271609967373102 21.720455376806893 1.1940401861743926
1647473074.3164964 21.355974901522192 21.676512031341346 1.1952304854486497
1647473074.4164963 21.427273856464705 21.63188108328233 1.1951859919427985
1647473074.5164964 21.49843794212628 21.587243037671275 1.1951287526938434
1647473074.6164963 21.569602027787855 21.54260499206022 1.1950715134448886
1647473074.7164962 21.640766113449427 21.497966946449168 1.1950142741959338
1647473074.8164964 21.711930199111002 21.453328900838113 1.194957034946979
1647473074.9164963 21.783094284772574 21.408690855227057 1.1948997956980238
1647473075.0164964 21.85425837043415 21.364052809616002 1.194842556449069
1647473075.1164963 21.925422456095724 21.319414764004947 1.1947853172001142
1647473075.2164962 21.99564698134891 21.265951089313724 1.1933429026970503
1647473075.3164964 22.06586160978241 21.21239445023312 1.1918858975092306
1647473075.4164963 22.136076238215907 21.158837811152516 1.1904288923214108
1647473075.5164964 22.206290866649404 21.105281172071912 1.188971887133591
1647473075.6164963 22.275136169219596 21.038519896425278 1.1877852692254172
1647473075.7164962 22.343967110061065 20.971620128244954 1.1866014871862387
1647473075.8164964 22.41279805090253 20.904720360064626 1.1854177051470605
1647473075.9164963 22.481628991744 20.837820591884302 1.184233923107882
1647473076.0164964 22.541639204835672 20.76755632343312 1.1810563951553796
1647473076.1164963 22.60156033048072 20.69725807425531 1.177858730799434
1647473076.2164962 22.66148145612577 20.6269598250775 1.1746610664434884
1647473076.3164964 22.721402581770818 20.556661575899692 1.1714634020875427
1647473076.4164963 22.785081138817837 20.46970051888143 1.1635342345188984
1647473076.5164964 22.848797411134264 20.382572208700175 1.155557574421645
1647473076.6164963 22.912513683450687 20.29544389851892 1.147580914324392
1647473076.7164962 22.976229955767113 20.208315588337662 1.1396042542271387
1647473076.8164964 23.035123492296897 20.115660393357878 1.1286369068392388
1647473076.9164963 23.09396889736884 20.02295003943212 1.117639712048201
1647473077.0164964 23.15281430244078 19.93023968550637 1.106642517257163
1647473077.1164963 23.211659707512727 19.837529331580615 1.0956453224661251
1647473077.2164962 23.244298553003443 19.763589204333396 1.093119862442306
1647473077.3164964 23.276652736396663 19.68985296390621 1.0906864244857422
1647473077.4164963 23.30900691978988 19.616116723479017 1.0882529865291783
1647473077.5164964 23.341361103183097 19.54238048305183 1.0858195485726143
1647473077.6164963 23.361182782935128 19.46964860324895 1.0829610138834795
1647473077.7164962 23.38087277551701 19.396927276916646 1.0800980124263824
1647473077.8164964 23.400562768098887 19.32420595058434 1.0772350109692852
1647473077.9164963 23.420252760680764 19.251484624252036 1.0743720095121878
1647473078.0164964 23.440771432228058 19.170097402447997 1.0704707172608448
1647473078.1164963 23.46129876161778 19.0886196414115 1.0665585771921138
1647473078.2164962 23.4818260910075 19.007141880375002 1.0626464371233826
1647473078.3164964 23.50235342039722 18.925664119338506 1.0587342970546516
1647473078.4164963 23.514865415624982 18.83279456516694 1.0582290695776126
1647473078.5164964 23.527293797304917 18.73980617524618 1.0577593819848983
1647473078.6164963 23.539722178984853 18.646817785325425 1.057289694392184
1647473078.7164962 23.552150560664785 18.553829395404666 1.0568200067994695
1647473078.8164964 23.546674301059827 18.472845446951577 1.0583420957760405
1647473078.9164963 23.54100658358578 18.391989864364437 1.05988548321325
1647473079.0164964 23.535338866111736 18.311134281777292 1.0614288706504593
1647473079.1164963 23.52967114863769 18.23027869919015 1.0629722580876688
1647473079.2164962 23.524003431163646 18.149423116603007 1.064515645524878
1647473079.3164964 23.5183357136896 18.068567534015866 1.0660590329620874
1647473079.4164963 23.51266799621555 17.98771195142872 1.0676024203992969
1647473079.5164964 23.507000278741508 17.90685636884158 1.0691458078365061
1647473079.6164963 23.490273495964946 17.817941650914975 1.0690930103402936
1647473079.7164962 23.473430346847707 17.72894213268538 1.069023417374061
1647473079.8164964 23.45658719773047 17.639942614455784 1.0689538244078283
1647473079.9164963 23.439744048613235 17.550943096226188 1.0688842314415956
1647473080.0164964 23.412756836367663 17.452382053322914 1.0657992579914117
1647473080.1164963 23.385658823878604 17.353716573050853 1.0626813485384048
1647473086.2815244 20.303242782162602 12.56597114695714 0.9875489359617554
1647473086.3815243 20.255505629857314 12.500520203197611 0.9914736439426092
1647473086.4815245 20.20680253656443 12.440570044181209 0.9968374817707546
1647473086.5815244 20.15809944327155 12.380619885164805 1.0022013195989
1647473086.6815245 20.10939634997867 12.320669726148402 1.0075651574270452
1647473086.7815244 20.06293769134256 12.254237816145503 1.0111561245143283
1647473086.8815243 20.017739639846795 12.18416537174306 1.0137513426239808
1647473086.9815245 19.97254158835103 12.114092927340614 1.0163465607336335
1647473087.0815244 19.927343536855265 12.044020482938171 1.018941778843286
1647473087.1815245 19.8821454853595 11.973948038535726 1.0215369969529386
1647473087.2815244 19.836947433863735 11.903875594133282 1.0241322150625911
1647473087.3815243 19.79174938236797 11.833803149730839 1.0267274331722438
1647473087.4815245 19.746551330872204 11.763730705328394 1.0293226512818963
1647473087.5815244 19.687701277899528 11.687178764277359 1.032812088370192
1647473087.6815245 19.621171794820924 11.60698202127413 1.0368045353766666
1647473087.7815244 19.554642311742317 11.5267852782709 1.0407969823831413
1647473087.8815243 19.488112828663713 11.44658853526767 1.044789429389616
1647473087.9815245 19.42158334558511 11.366391792264439 1.0487818763960908
1647473088.0815244 19.3550538625065 11.28619504926121 1.0527743234025655
1647473088.1815245 19.288524379427898 11.20599830625798 1.0567667704090402
1647473088.2815244 19.221994896349294 11.12580156325475 1.060759217415515
1647473088.3815243 19.154580277346263 11.045915820932724 1.0611708997161342
1647473088.4815245 19.086668598099553 10.966204725317622 1.0595717543821077
1647473088.5815244 19.018756918852848 10.886493629702523 1.057972609048081
1647473088.6815245 18.95084523960614 10.806782534087423 1.0563734637140545
1647473088.7815244 18.88293356035943 10.727071438472324 1.054774318380028
1647473088.8815243 18.81502188111272 10.647360342857223 1.0531751730460013
1647473088.9815245 18.747110201866015 10.567649247242123 1.0515760277119748
1647473089.0815244 18.679198522619306 10.487938151627024 1.0499768823779483
1647473089.1815245 18.626817046515765 10.409053464759433 1.045708591762241
1647473089.2815244 18.583261303685866 10.330638421663611 1.039923439833932
1647473089.3815243 18.53970556085597 10.25222337856779 1.034138287905623
1647473089.4815245 18.496149818026076 10.17380833547197 1.028353135977314
1647473089.5815244 18.450176052378577 10.108663001646576 1.0282816077561736
1647473089.6815245 18.402826372272038 10.051068458789555 1.0314612719617524
1647473089.7815244 18.355476692165496 9.993473915932535 1.034640936167331
1647473089.8815243 18.308127012058957 9.935879373075513 1.0378206003729098
1647473089.9815245 18.25637810489723 9.872171897453535 1.0382633485089034
1647473090.0815244 18.202118396832766 9.804975545964933 1.0371440378441046
1647473090.1815245 18.1478586887683 9.73777919447633 1.036024727179306
1647473090.2815244 18.09359898070383 9.670582842987727 1.0349054165145073
1647473090.3815243 18.054629780064698 9.604777160519141 1.0339089420627825
1647473090.4815245 18.024400790167242 9.539766398713995 1.0329826820492785
1647473090.5815244 17.994171800269783 9.474755636908847 1.0320564220357742
1647473090.6815245 17.963942810372327 9.409744875103701 1.03113016202227
1647473090.7815244 17.926465278777272 9.347250635415342 1.0336570169874957
1647473090.8815243 17.884614415838595 9.286274712860193 1.0382672725317112
1647473090.9815245 17.842763552899914 9.225298790305045 1.0428775280759266
1647473091.0815244 17.800912689961237 9.164322867749897 1.0474877836201422
1647473091.1815245 17.76102656386222 9.099346557772224 1.0512946272642376
1647473091.2815244 17.722323463371087 9.031961497336598 1.054617713067419
1647473091.3815243 17.683620362879953 8.96457643690097 1.0579407988706004
1647473091.4815245 17.64491726238882 8.897191376465344 1.0612638846737819
1647473091.5815244 17.60197687281245 8.824651063593672 1.064683446376503
1647473091.6815245 17.55661382641761 8.74916325122081 1.0681581678738796
1647473091.7815244 17.51125078002277 8.67367543884795 1.0716328893712563
1647473091.8815243 17.465887733627934 8.598187626475088 1.075107610868633
1647473091.9815245 17.431192513671338 8.524825619049558 1.0805842138831672
1647473092.0815244 17.40261114216377 8.452681933777601 1.0872081171729417
1647473092.1815245 17.374029770656204 8.380538248505644 1.093832020462716
1647473092.2815244 17.345448399148637 8.308394563233685 1.1004559237524907
1647473092.3815243 17.31373254851445 8.2334046062179 1.1057061308446552
1647473092.4815245 17.280318347651555 8.15687245795698 1.1102120301404832
1647473092.5815244 17.24690414678866 8.080340309696062 1.1147179294363112
1647473092.6815245 17.213489945925758 8.003808161435144 1.1192238287321392
1647473092.7815244 17.18007574506286 7.927276013174225 1.1237297280279672
1647473092.8815243 17.146661544199965 7.850743864913307 1.1282356273237955
1647473092.9815245 17.11324734333707 7.774211716652388 1.1327415266196235
1647473093.0815244 17.07983314247417 7.69767956839147 1.1372474259154515
1647473093.1815245 17.05024363895854 7.614412840573693 1.1432983274247814
1647473093.2815244 17.022724792569317 7.527500071282155 1.1501856793910288
1647473093.3815243 16.995205946180093 7.440587301990616 1.1570730313572763
1647473093.4815245 16.967687099790865 7.353674532699078 1.1639603833235237
1647473093.5815244 16.93680651415494 7.2643858613116645 1.1690509735617611
1647473093.6815245 16.904101884021966 7.173808050337426 1.1731666597095927
1647473093.7815244 16.87139725388899 7.0832302393631865 1.1772823458574242
1647473093.8815243 16.83869262375601 6.992652428388947 1.1813980320052557
1647473093.9815245 16.815928815591835 6.897005020534045 1.1830293271722325
1647473094.0815244 16.798842109924493 6.798462417372407 1.1832418118741592
1647473094.1815245 16.781755404257154 6.699919814210768 1.183454296576086
1647473094.2815244 16.764668698589816 6.60137721104913 1.1836667812780126
1647473094.3815243 16.744440895807944 6.520298267199601 1.1871127166045379
1647473094.4815245 16.722514857180954 6.448661060153948 1.192306818751096
1647473094.5815244 16.700588818553964 6.3770238531082954 1.197500920897654
1647473094.6815245 16.678662779926974 6.305386646062643 1.2026950230442122
1647473094.7815244 16.663284028202604 6.239100113631156 1.2088537634793834
1647473094.8815243 16.651448792041993 6.175709467549833 1.215534584409871
1647473094.9815245 16.639613555881382 6.11231882146851 1.2222154053403587
1647473095.0815244 16.627778319720772 6.048928175387187 1.2288962262708465
1647473095.1815245 16.618884022301597 5.976932499743699 1.2321612691362838
1647473095.2815244 16.611581373276096 5.900279745975073 1.2335776785726147
1647473095.3815243 16.60427872425059 5.823626992206448 1.2349940880089456
1647473095.4815245 16.59697607522509 5.746974238437822 1.2364104974452763
1647473095.5815244 16.595165971892566 5.669609709395818 1.2401840299641786
1647473095.6815245 16.596327443437495 5.591860095979648 1.2452328122719336
1647473095.7815244 16.597488914982424 5.514110482563477 1.2502815945796888
1647473095.8815243 16.59865038652735 5.436360869147307 1.2553303768874438
1647473095.9815245 16.6069696400241 5.354764236767636 1.2604599957570128
1647473096.0815244 16.619378399570333 5.27096965990885 1.2656357995496186
1647473096.1815245 16.631787159116566 5.1871750830500645 1.2708116033422243
1647473096.2815244 16.644195918662803 5.103380506191279 1.27598740713483
1647473096.3815243 16.656604678209035 5.019585929332493 1.2811632109274358
1647473096.4815245 16.669013437755268 4.935791352473708 1.2863390147200418
1647473096.5815244 16.6814221973015 4.851996775614922 1.2915148185126475
1647473096.6815245 16.693830956847737 4.7682021987561365 1.2966906223052532
1647473096.7815244 16.713411675963652 4.687126371189333 1.300824048830975
1647473096.8815243 16.736883507841466 4.607525588199071 1.304391938497979
1647473096.9815245 16.760355339719283 4.527924805208809 1.3079598281649831
1647473097.0815244 16.783827171597096 4.4483240222185465 1.3115277178319873
1647473097.1815245 16.817693902195668 4.362567297669982 1.3122912559973616
1647473097.2815244 16.857188397391518 4.273477766242255 1.3115365273163568
1647473097.3815243 16.896682892587364 4.184388234814528 1.3107817986353518
1647473097.4815245 16.936177387783214 4.095298703386801 1.3100270699543468
1647473097.5815244 16.976349739215493 4.011535718518192 1.308575111461403
1647473097.6815245 17.016889173524145 3.9306572450355626 1.306745578622894
1647473097.7815244 17.057428607832794 3.8497787715529332 1.3049160457843851
1647473097.8815243 17.097968042141442 3.768900298070304 1.3030865129458762
1647473097.9815245 17.139667998050005 3.6922110621865496 1.3000433458826652
1647473098.0815244 17.182030839002678 3.617914701153839 1.2963069560680314
1647473098.1815245 17.224393679955348 3.5436183401211276 1.2925705662533977
1647473098.2815244 17.26675652090802 3.469321979088417 1.2888341764387639
1647473098.3815243 17.314761161164142 3.3920445538484314 1.2814415327553395
1647473098.4815245 17.365819524750073 3.313153575054381 1.2720698772109307
1647473098.5815244 17.416877888336 3.2342625962603306 1.262698221666522
1647473098.6815245 17.46793625192193 3.15537161746628 1.2533265661221131
1647473098.7815244 17.518795846136697 3.08170873528913 1.2422732024677494
1647473098.8815243 17.569547983007862 3.010872231096078 1.2303106852292134
1647473098.9815245 17.620300119879026 2.9400357269030257 1.2183481679906774
1647473099.0815244 17.671052256750187 2.8691992227099736 1.206385650752141
1647473099.1815245 17.72840797995143 2.807668409783511 1.1968450914989754
1647473099.2815244 17.789336731733258 2.7511726640456335 1.1886149906346508
1647473099.3815243 17.85026548351508 2.6946769183077555 1.1803848897703262
1647473099.4815245 17.911194235296904 2.6381811725698774 1.1721547889060016
1647473099.5815244 17.968513848497018 2.593955620856036 1.1656847909839112
1647473099.6815245 18.023883257186263 2.556360290507536 1.1601658678459632
1647473099.7815244 18.079252665875508 2.5187649601590354 1.1546469447080154
1647473099.8815243 18.134622074564753 2.481169629810535 1.1491280215700677
1647473099.9815245 18.190063396187075 2.4496018445847496 1.14323626506675
1647473100.0815244 18.24554552730472 2.421454599503371 1.1371329313014695
1647473100.1815245 18.301027658422367 2.3933073544219927 1.131029597536189
1647473100.2815244 18.356509789540013 2.3651601093406143 1.1249262637709083
1647473100.3815243 18.40586399778654 2.3363102029060294 1.1210060732683254
1647473100.4815245 18.451752412762715 2.3070628895457213 1.1183206116269258
1647473100.5815244 18.49764082773889 2.277815576185413 1.1156351499855262
1647473100.6815245 18.543529242715067 2.2485682628251045 1.1129496883441266
1647473100.7815244 18.591556199536296 2.2221798790246745 1.113206587094526
1647473100.8815243 18.640791890183895 2.1974074022845778 1.1151265491808946
1647473100.9815245 18.690027580831494 2.1726349255444806 1.1170465112672632
1647473101.0815244 18.739263271479093 2.1478624488043834 1.1189664733536318
1647473101.1815245 18.797257397636542 2.123973261547806 1.1201777762325762
1647473101.2815244 18.86020700130799 2.1005838349127472 1.1209881233970518
1647473101.3815243 18.92315660497944 2.0771944082776885 1.1217984705615274
1647473101.4815245 18.98610620865089 2.0538049816426303 1.1226088177260032
1647473107.317627 23.032274182696202 4.205904524218896 1.0157719593780632
1647473107.4176269 23.089517871729463 4.282689329590526 1.0172917881108146
1647473107.517627 23.146761560762727 4.359474134962156 1.018811616843566
1647473107.617627 23.201673288197895 4.436862243848921 1.023662972077126
1647473107.717627 23.25658265476558 4.514250963517464 1.0285177001331984
1647473107.817627 23.31149202133327 4.591639683186006 1.0333724281892709
1647473107.9176269 23.366401387900957 4.669028402854549 1.0382271562453433
1647473108.017627 23.4415883376976 4.7433654941923065 1.041209161739775
1647473108.117627 23.516787119710177 4.817700804867893 1.0441900744778614
1647473108.217627 23.591985901722758 4.89203611554348 1.0471709872159476
1647473108.317627 23.66718468373534 4.966371426219067 1.050151899954034
1647473108.4176269 23.738409646142394 5.061932150478917 1.0442436060849443
1647473108.517627 23.809633148967578 5.157500670822145 1.0383320472148876
1647473108.617627 23.880856651792758 5.253069191165373 1.032420488344831
1647473108.717627 23.952080154617942 5.348637711508602 1.026508929474774
1647473108.817627 23.998458912890662 5.412232703105575 1.025357139608488
1647473108.9176269 24.044818440622024 5.47580294627877 1.024209033939255
1647473109.017627 24.09117796835339 5.539373189451965 1.0230609282700223
1647473109.117627 24.13753749608475 5.6029434326251595 1.0219128226007896
1647473109.217627 24.183897023816115 5.666513675798354 1.0207647169315568
1647473109.317627 24.230256551547477 5.730083918971548 1.019616611262324
1647473109.4176269 24.276616079278842 5.793654162144743 1.018468505593091
1647473109.517627 24.322975607010207 5.857224405317938 1.0173203999238585
1647473109.617627 24.373565034387344 5.91092868059062 1.0154541303913356
1647473109.717627 24.424161737378405 5.964615985963441 1.013586625585298
1647473109.817627 24.474758440369463 6.018303291336261 1.0117191207792606
1647473109.9176269 24.525355143360525 6.071990596709083 1.0098516159732231
1647473110.017627 24.586229681746907 6.134918692226218 1.007128485296016
1647473110.117627 24.647131556095957 6.1978713654763755 1.0044030789103575
1647473110.217627 24.708033430445006 6.2608240387265335 1.001677672524699
1647473110.317627 24.768935304794056 6.323776711976691 0.9989522661390405
1647473110.4176269 24.836804577597125 6.393546824514655 0.9983405682409829
1647473110.517627 24.904691720332988 6.4633344223712355 0.9977342915670545
1647473110.617627 24.972578863068854 6.5331220202278155 0.997128014893126
1647473110.717627 25.040466005804717 6.602909618084396 0.9965217382191974
1647473110.817627 25.09593481611739 6.6513713104583045 1.000267766439475
1647473110.9176269 25.151371466473115 6.699777774788801 1.0040250658943473
1647473111.017627 25.206808116828842 6.748184239119297 1.0077823653492195
1647473111.117627 25.262244767184566 6.796590703449794 1.011539664804092
1647473111.217627 25.322578470643105 6.8326334566295115 1.0126437437807727
1647473111.317627 25.38292579983813 6.868641808575143 1.0137404403414751
1647473111.4176269 25.44327312903315 6.904650160520775 1.0148371369021776
1647473111.517627 25.503620458228177 6.940658512466406 1.0159338334628798
1647473111.617627 25.57144014378655 6.976112443219604 1.0129726153020706
1647473111.717627 25.639276277095178 7.011565153610594 1.0100024650769086
1647473111.817627 25.70711241040381 7.0470178640015835 1.0070323148517466
1647473111.9176269 25.774948543712437 7.082470574392572 1.0040621646265848
1647473112.017627 25.858244096542954 7.123715504110482 1.003498164342282
1647473112.117627 25.941556349383706 7.164966690862939 1.0029367632971407
1647473112.217627 26.024868602224455 7.206217877615395 1.0023753622519993
1647473112.317627 26.108180855065207 7.247469064367851 1.001813961206858
1647473112.4176269 26.205217206846132 7.282253040878733 1.0014423667293946
1647473112.517627 26.302283004952145 7.317023141391196 1.0010711794994975
1647473112.617627 26.39934880305816 7.351793241903659 1.0006999922696007
1647473112.717627 26.496420882960066 7.386512763993756 1.0003015992121735
1647473112.817627 26.594770935399737 7.410942579783403 0.9943684353602147
1647473112.9176269 26.693120987839407 7.435372395573051 0.9884352715082557
1647473113.017627 26.791471040279074 7.459802211362698 0.9825021076562968
1647473113.117627 26.88979921101277 7.484158174184829 0.9765794814568065
1647473113.217627 26.983474318061077 7.492809577150667 0.9728976480041048
1647473113.317627 27.077149425109386 7.501460980116505 0.9692158145514032
1647473113.4176269 27.170824532157692 7.510112383082344 0.9655339810987015
1647473113.517627 27.264468299124363 7.518719737838153 0.9618555068716579
1647473113.617627 27.351727463607133 7.518353589766819 0.9588613742085438
1647473113.717627 27.438986628089907 7.517987441695484 0.9558672415454298
1647473113.817627 27.526245792572677 7.517621293624151 0.9528731088823157
1647473113.9176269 27.613368792889876 7.517222266466308 0.9498949211060063
1647473114.017627 27.673372354090095 7.510274802860134 0.950092432201029
1647473114.117627 27.733375915290313 7.503327339253961 0.9502899432960518
1647473114.217627 27.793379476490532 7.496379875647786 0.9504874543910745
1647473114.317627 27.85338303769075 7.489432412041613 0.9506849654860972
1647473114.4176269 27.91338659889097 7.482484948435439 0.9508824765811199
1647473114.517627 27.97339016009119 7.475537484829266 0.9510799876761427
1647473114.617627 28.033393721291407 7.468590021223092 0.9512774987711654
1647473114.717627 28.09358368376893 7.4616807057881145 0.9514888591930339
1647473114.817627 28.18296144211724 7.460744852819936 0.9538688277423228
1647473114.9176269 28.27233920046555 7.459808999851757 0.9562487962916119
1647473115.017627 28.361716958813858 7.458873146883578 0.9586287648409008
1647473115.117627 28.451094717162167 7.457937293915398 0.9610087333901898
1647473115.217627 28.543820296221927 7.4479685908206905 0.9609967676597104
1647473115.317627 28.636563485948173 7.437952371886664 0.9609722195478888
1647473115.4176269 28.72930667567442 7.427936152952636 0.9609476714360672
1647473115.517627 28.822049865400665 7.4179199340186095 0.9609231233242455
1647473115.617627 28.914793055126907 7.407903715084583 0.9608985752124238
1647473115.717627 29.007536244853153 7.397887496150555 0.9608740271006022
1647473115.817627 29.1002794345794 7.3878712772165285 0.9608494789887806
1647473128.7996814 39.084393411219445 2.6903537386146863 1.1121584438751535
1647473128.8996813 39.06384473852356 2.604849554146271 1.1118953116780457
1647473128.9996815 39.043296065827676 2.519345369677856 1.1116321794809378
1647473129.0996814 39.022747393131795 2.4338411852094404 1.11136904728383
1647473129.1996815 39.00219872043591 2.348337000741025 1.111105915086722
1647473129.2996814 38.981650047740025 2.26283281627261 1.1108427828896141
1647473129.3996813 38.961101375044144 2.1773286318041944 1.1105796506925063
1647473129.4996815 38.94055270234826 2.0918244473357794 1.1103165184953985
1647473129.5996814 38.91035242610962 2.0071472058137623 1.1070494117997665
1647473129.6996815 38.878047358292264 1.9226503014286715 1.1031272077206666
1647473129.7996814 38.84574229047492 1.8381533970435808 1.0992050036415666
1647473129.8996813 38.81343722265757 1.75365649265849 1.0952827995624665
1647473129.9996815 38.771208897567156 1.6556436089041542 1.0836821377132209
1647473130.0996814 38.72682280563896 1.5546917373496703 1.070411830395164
1647473130.1996815 38.68243671371076 1.4537398657951863 1.0571415230771068
1647473130.2996814 38.638050621782554 1.3527879942407024 1.0438712157590497
1647473130.3996813 38.599185172094096 1.281500290291846 1.0391283232055295
1647473130.4996815 38.561525967676914 1.2166941260528263 1.0362486475186814
1647473130.5996814 38.523866763259726 1.1518879618138067 1.033368971831833
1647473130.6996815 38.486207558842544 1.087081797574787 1.030489296144985
1647473130.7996814 38.46445757278398 1.0385846135417423 1.0295705942187736
1647473130.8996813 38.44619387242297 0.9936613174994373 1.0290816126358815
1647473130.9996815 38.42793017206196 0.9487380214571326 1.0285926310529894
1647473131.0996814 38.40966647170096 0.9038147254148278 1.0281036494700972
1647473131.1996815 38.37256730734027 0.8317277238880876 1.0280091123412094
1647473131.2996814 38.33134138514394 0.7536892876393372 1.028000996058727
1647473131.3996813 38.29011546294762 0.6756508513905868 1.0279928797762445
1647473131.4996815 38.24888954075129 0.5976124151418363 1.027984763493762
1647473131.5996814 38.19534994383859 0.5159885386832795 1.0292305417031833
1647473131.6996815 38.138908813084555 0.43351980670072265 1.0307717814531707
1647473131.7996814 38.08246768233052 0.35105107471816566 1.0323130212031584
1647473131.8996813 38.02602655157648 0.26858234273560877 1.033854260953146
1647473131.9996815 37.96930604835428 0.18486799291829087 1.0346373647795164
1647473132.0996814 37.91252439062838 0.10088097793469472 1.0352545130038509
1647473132.1996815 37.855742732902485 0.0168939629510986 1.0358716612281855
1647473132.2996814 37.798961075176585 -0.06709305203249755 1.03648880945252
1647473132.3996813 37.742179417450686 -0.15108006701609367 1.0371059576768544
1647473132.4996815 37.685397759724786 -0.2350670819996898 1.037723105901189
1647473132.5996814 37.62861610199889 -0.3190540969832859 1.0383402541255236
1647473132.6996815 37.571834444272994 -0.4030411119668821 1.038957402349858
1647473132.7996814 37.524244328723874 -0.47556421540934113 1.041239521472138
1647473132.8996813 37.4786669473142 -0.5455769886279247 1.0438862305297105
1647473132.9996815 37.43308956590453 -0.6155897618465083 1.046532939587283
1647473133.0996814 37.38751218449486 -0.6856025350650918 1.0491796486448557
1647473133.1996815 37.34396036452595 -0.7627663012153963 1.0465677780502478
1647473133.2996814 37.30085192610203 -0.8414953708072437 1.0428048403373
1647473133.3996813 37.257743487678106 -0.9202244403990909 1.0390419026243525
1647473133.4996815 37.214635049254184 -0.9989535099909381 1.0352789649114047
1647473133.5996814 37.16312603798345 -1.072947730455512 1.0349090697999481
1647473133.6996815 37.10977809760183 -1.145905467807021 1.035281929370599
1647473133.7996814 37.05643015722021 -1.21886320515853 1.03565478894125
1647473133.8996813 37.0030822168386 -1.291820942510039 1.036027648511901
1647473133.9996815 36.94203004712288 -1.3735305674286606 1.0340002265137938
1647473134.0996814 36.87932121304843 -1.4571221379092836 1.0314566645160306
1647473134.1996815 36.816612378973986 -1.5407137083899065 1.0289131025182672
1647473134.2996814 36.75390354489954 -1.6243052788705294 1.026369540520504
1647473134.3996813 36.691194710825094 -1.7078968493511524 1.0238259785227408
1647473134.4996815 36.62848587675065 -1.791488419831775 1.0212824165249776
1647473134.5996814 36.56577704267621 -1.875079990312398 1.0187388545272142
1647473134.6996815 36.50306820860176 -1.958671560793021 1.016195292529451
1647473134.7996814 36.44316655428949 -2.0312698493194894 1.0129637856496374
1647473134.8996813 36.38392333980462 -2.1012896016332383 1.009570917422219
1647473134.9996815 36.324680125319745 -2.171309353946987 1.0061780491948007
1647473135.0996814 36.265436910834865 -2.2413291062607357 1.0027851809673822
1647473135.1996815 36.20320262574193 -2.309839330359524 1.0007022771957212
1647473135.2996814 36.14032384287246 -2.3780242904623594 0.9989016366300169
1647473135.3996813 36.077445060002994 -2.446209250565195 0.9971009960643124
1647473135.4996815 36.01456627713352 -2.51439421066803 0.995300355498608
1647473135.5996814 35.95078625520017 -2.5888640460546335 0.9902737842634265
1647473135.6996815 35.88679480392181 -2.6648083038425723 0.9844904144873866
1647473135.7996814 35.822803352643454 -2.7407525616305115 0.9787070447113467
1647473135.8996813 35.75881190136509 -2.8166968194184503 0.9729236749353068
1647473135.9996815 35.70251691319243 -2.8917012193089353 0.9709239738608995
1647473136.0996814 35.64839908767377 -2.966439753764052 0.9699945906817563
1647473136.1996815 35.594281262155114 -3.0411782882191685 0.969065207502613
1647473136.2996814 35.540163436636455 -3.1159168226742846 0.9681358243234699
1647473136.3996813 35.48588997791491 -3.189593626085046 0.9648771785065505
1647473136.4996815 35.43158187142127 -3.2630340620975593 0.961099981638068
1647473136.5996814 35.37727376492764 -3.3364744981100722 0.9573227847695854
1647473136.6996815 35.322965658434 -3.409914934122585 0.9535455879011028
1647473136.7996814 35.26167305692385 -3.4849433135715455 0.9520247995662086
1647473136.8996813 35.19869250252886 -3.5603554535784516 0.9510493207038866
1647473140.3986394 33.345957406658236 -6.013882932021253 0.9407458625307298
1647473140.4986393 33.30310061505277 -6.07490116858027 0.9440564685384548
1647473140.5986395 33.26024382344731 -6.135919405139288 0.94736707454618
1647473140.6986394 33.217387031841845 -6.196937641698305 0.9506776805539051
1647473140.7986395 33.16745064091021 -6.281716604170038 0.9495862435207199
1647473140.8986394 33.115811388507794 -6.372210752319684 0.9474359796893388
1647473140.9986393 33.064172136105384 -6.46270490046933 0.9452857158579577
1647473141.0986395 33.012532883702974 -6.553199048618976 0.9431354520265767
1647473141.1986394 32.96089363130056 -6.643693196768622 0.9409851881951956
1647473141.2986395 32.90925437889815 -6.7341873449182685 0.9388349243638145
1647473141.3986394 32.85761512649574 -6.8246814930679145 0.9366846605324335
1647473141.4986393 32.80597587409333 -6.9151756412175605 0.9345343967010524
1647473141.5986395 32.757723227022076 -6.995106231537602 0.9362118997163106
1647473141.6986394 32.71028535907051 -7.072495348757744 0.9388103203457233
1647473141.7986395 32.662847491118946 -7.149884465977887 0.941408740975136
1647473141.8986394 32.61540962316738 -7.227273583198029 0.9440071616045488
1647473141.9986393 32.568351689307065 -7.303510369409932 0.9412399546089174
1647473142.0986395 32.52138505654584 -7.379470241572831 0.9371833458177198
1647473142.1986394 32.47441842378461 -7.455430113735728 0.933126737026522
1647473142.2986395 32.42745179102339 -7.531389985898626 0.9290701282353244
1647473142.3986394 32.387249817691995 -7.617994177899495 0.9261311939489566
1647473142.4986393 32.34867104825186 -7.70715251199132 0.9234604496024091
1647473142.5986395 32.31009227881173 -7.796310846083146 0.9207897052558616
1647473142.6986394 32.271513509371594 -7.8854691801749714 0.9181189609093141
1647473142.7986395 32.223458023346765 -7.9632937333968385 0.9184928829945279
1647473142.8986394 32.173123790765395 -8.038392995226985 0.9195989176300321
1647473142.9986393 32.12278955818403 -8.113492257057134 0.9207049522655363
1647473143.0986395 32.07245532560266 -8.18859151888728 0.9218109869010405
1647473143.1986394 32.03278398616783 -8.264894760615 0.9212132122466749
1647473143.2986395 31.995667681833684 -8.341486499175293 0.9202071719855301
1647473143.3986394 31.95855137749954 -8.418078237735584 0.9192011317243854
1647473143.4986393 31.921435073165398 -8.494669976295874 0.9181950914632407
1647473143.5986395 31.883063594098225 -8.575310261234224 0.9176099334341178
1647473143.6986394 31.844393406519178 -8.65691402578383 0.9171249376388996
1647473143.7986395 31.805723218940134 -8.738517790333436 0.9166399418436814
1647473143.8986394 31.76705303136109 -8.820121554883043 0.9161549460484631
1647473143.9986393 31.728382843782043 -8.90172531943265 0.9156699502532449
1647473144.0986395 31.689712656203 -8.983329083982257 0.9151849544580267
1647473144.1986394 31.651042468623952 -9.064932848531864 0.9146999586628085
1647473144.2986395 31.61237228104491 -9.14653661308147 0.9142149628675903
1647473144.3986394 31.581035124104147 -9.23142590090797 0.9118579300932766
1647473144.4986393 31.55144493751102 -9.317097909007208 0.9090549162159954
1647473144.5986395 31.5218547509179 -9.402769917106445 0.9062519023387142
1647473144.6986394 31.492264564324774 -9.488441925205684 0.9034488884614329
1647473144.7986395 31.469145324726384 -9.55751297389249 0.9036020088018446
1647473144.8986394 31.44758342554745 -9.622588727127834 0.9044665717342435
1647473144.9986393 31.426021526368515 -9.687664480363178 0.9053311346666424
1647473145.0986395 31.40445962718958 -9.752740233598523 0.9061956975990414
1647473145.1986394 31.387583276369156 -9.81713625318397 0.9081781506263502
1647473145.2986395 31.371830016761194 -9.881369345651688 0.9104285536236584
1647473145.3986394 31.35607675715323 -9.945602438119408 0.9126789566209667
1647473145.4986393 31.340323497545267 -10.009835530587127 0.9149293596182748
1647473145.5986395 31.33476182692711 -10.077721289097022 0.914522895587459
1647473145.6986394 31.331636226786973 -10.146480135397278 0.9134813671581776
1647473145.7986395 31.328510626646832 -10.215238981697533 0.9124398387288961
1647473145.8986394 31.32538502650669 -10.283997827997789 0.9113983102996147
1647473145.9986393 31.327454552771243 -10.355300471179554 0.9109828647899931
1647473146.0986395 31.330765826913215 -10.427211136983317 0.9107170666760291
1647473146.1986394 31.334077101055183 -10.49912180278708 0.9104512685620652
1647473146.2986395 31.337388375197154 -10.571032468590843 0.9101854704481012
1647473146.3986394 31.347679362070856 -10.645703895788325 0.9114339624104063
1647473146.4986393 31.359632330907232 -10.72103270471711 0.9130430312173105
1647473146.5986395 31.37158529974361 -10.796361513645897 0.9146521000242146
1647473146.6986394 31.383538268579986 -10.871690322574684 0.9162611688311187
1647473146.7986395 31.399615250098215 -10.947643025636468 0.9180650553282026
1647473146.8986394 31.416673975235636 -11.0237442500854 0.919915319234619
1647473146.9986393 31.433732700373053 -11.099845474534332 0.9217655831410355
1647473147.0986395 31.450791425510474 -11.175946698983264 0.923615847047452
1647473147.1986394 31.476468266134955 -11.248759202348262 0.9237985667333773
1647473147.2986395 31.50419510258605 -11.320789415837117 0.9235846267669883
1647473147.3986394 31.531921939037144 -11.392819629325974 0.9233706868005992
1647473147.4986393 31.559648775488238 -11.464849842814829 0.9231567468342101
1647473147.5986395 31.591616238028582 -11.529053136992932 0.9223975550431897
1647473147.6986394 31.62459447261161 -11.591390850227757 0.9215084000606587
1647473147.7986395 31.657572707194635 -11.653728563462584 0.9206192450781279
1647473147.8986394 31.690550941777662 -11.71606627669741 0.919730090095597
1647473147.9986393 31.72352917636069 -11.778403989932235 0.9188409351130662
1647473148.0986395 31.756507410943716 -11.840741703167062 0.9179517801305354
1647473148.1986394 31.789485645526746 -11.903079416401887 0.9170626251480045
1647473148.2986395 31.822463880109773 -11.965417129636712 0.9161734701654737
1647473148.3986394 31.86943560816882 -12.022951678980249 0.9159950148918172
1647473148.4986393 31.91974585875287 -12.079340304979496 0.9159861160617074
1647473148.5986395 31.970056109336916 -12.135728930978745 0.9159772172315975
1647473148.6986394 32.02036635992096 -12.192117556977992 0.9159683184014877
1647473148.7986395 32.076233065442004 -12.24334922139878 0.91577727022562
1647473148.8986394 32.133420911465066 -12.293354731574468 0.9155429129829415
1647473148.9986393 32.190608757488135 -12.343360241750156 0.915308555740263
1647473149.0986395 32.2477966035112 -12.393365751925845 0.9150741984975844
1647473149.1986394 32.31506781149748 -12.437215565925413 0.9142463371303067
1647473149.2986395 32.38473862268142 -12.479600468888178 0.9132772357281669
1647473149.3986394 32.45440943386535 -12.521985371850942 0.9123081343260272
1647473149.4986393 32.52408024504929 -12.564370274813706 0.9113390329238874
1647473149.5986395 32.5990964681412 -12.599857276466585 0.9097987626670578
1647473149.6986394 32.67538704795786 -12.633699804864227 0.9081223246305563
1647473149.7986395 32.75167762777452 -12.667542333261869 0.9064458865940549
1647473149.8986394 32.827968207591184 -12.701384861659509 0.9047694485575535
1647473149.9986393 32.906924031114144 -12.729560085241875 0.9055922720754989
1647473150.0986395 32.98651473171343 -12.756385322741096 0.9070104347231752
1647473150.1986394 33.06610543231271 -12.783210560240317 0.9084285973708516
1647473150.2986395 33.145696132911986 -12.810035797739538 0.9098467600185279
1647473150.3986394 33.22306360105285 -12.830664697405705 0.9087949377212459
1647473150.4986393 33.29989538641321 -12.849800603630387 0.9071479781956937
1647473150.5986395 33.37672717177358 -12.86893650985507 0.9055010186701415
1647473150.6986394 33.45355895713394 -12.888072416079751 0.9038540591445894
1647473150.7986395 33.52888945190873 -12.901709392915405 0.9007359507197452
1647473150.8986394 33.60385052967447 -12.913993268581049 0.8972558421388598
1647473150.9986393 33.6788116074402 -12.926277144246693 0.8937757335579744
1647473151.0986395 33.753772685205945 -12.938561019912338 0.8902956249770889
1647473151.1986394 33.82691056214418 -12.940969737729656 0.8895831603823435
1647473151.2986395 33.899635443419584 -12.941141511980655 0.8894976288962879
1647473151.3986394 33.97236032469499 -12.941313286231653 0.8894120974102323
1647473151.4986393 34.04508520597039 -12.941485060482652 0.8893265659241768
1647473151.5986395 34.12440986106897 -12.943140874363547 0.8904825757259286
1647473151.6986394 34.20521812816703 -12.945130296495515 0.8919176807818204
1647473151.7986395 34.2860263952651 -12.947119718627482 0.8933527858377123
1647473151.8986394 34.36683466236316 -12.949109140759449 0.8947878908936042
1647473151.9986393 34.44754980412985 -12.94167674939284 0.8965628748276374
1647473152.0986395 34.52824222286866 -12.931945390305641 0.8984207908394363
1647473152.1986394 34.608934641607476 -12.922214031218441 0.9002787068512351
1647473152.2986395 34.68962706034629 -12.912482672131244 0.902136622863034
1647473152.3986394 34.7744591880517 -12.895275045710335 0.9028131347733955
1647473152.4986393 34.860222249171564 -12.87638616412572 0.9032239737674056
1647473152.5986395 34.945985310291434 -12.857497282541102 0.9036348127614158
1647473152.6986394 35.031748371411304 -12.838608400956486 0.904045651755426
1647473152.7986395 35.121204835007966 -12.825227267485577 0.905186253967175
1647473152.8986394 35.211492757715696 -12.81308603878524 0.9064911405427665
1647473152.9986393 35.301780680423434 -12.800944810084903 0.9077960271183578
1647473153.0986395 35.39206860313117 -12.788803581384567 0.9091009136939493
1647473153.1986394 35.486164935274765 -12.767057289403015 0.910386654616997
1647473153.2986395 35.58112077662566 -12.743143257721744 0.9116680746116052
1647473153.3986394 35.67607661797655 -12.719229226040472 0.9129494946062134
1647473153.4986393 35.771032459327444 -12.6953151943592 0.9142309146008216
1647473153.5986395 35.855395863794335 -12.668355901131534 0.9146113524344114
1647473153.6986394 35.93737163445445 -12.640710177623633 0.9147887005077788
1647473153.7986395 36.01934740511457 -12.613064454115735 0.9149660485811463
1647473174.7981837 45.71387901732597 -16.840178792482135 0.9387659790471049
1647473174.8981836 45.63357178269979 -16.872267619973677 0.9386091142158862
1647473174.9981837 45.55326454807361 -16.90435644746522 0.9384522493846676
1647473175.0981836 45.472957313447424 -16.936445274956764 0.9382953845534491
1647473175.1981838 45.3911264765821 -16.956720343488573 0.9385176706123616
1647473175.2981837 45.30892810936106 -16.9741456426243 0.9388314171968256
1647473175.3981836 45.22672974214002 -16.991570941760028 0.9391451637812896
1647473175.4981837 45.14453137491898 -17.00899624089575 0.9394589103657536
1647473175.5981836 45.06233300769794 -17.02642154003148 0.9397726569502176
1647473175.6981838 44.98013464047689 -17.043846839167202 0.9400864035346816
1647473175.7981837 44.89793627325585 -17.06127213830293 0.9404001501191457
1647473175.8981836 44.815737906034805 -17.078697437438656 0.9407138967036096
1647473175.9981837 44.733323704766505 -17.082616034790085 0.9411864108252483
1647473176.0981836 44.650857360663316 -17.083271580135044 0.9416972812191299
1647473176.1981838 44.56839101656013 -17.08392712548 0.9422081516130113
1647473176.2981837 44.48592467245694 -17.084582670824958 0.9427190220068928
1647473176.3981836 44.40345832835376 -17.085238216169913 0.9432298924007744
1647473176.4981837 44.32099198425057 -17.08589376151487 0.9437407627946558
1647473176.5981836 44.23852564014738 -17.086549306859826 0.9442516331885373
1647473176.6981838 44.15605929604419 -17.087204852204785 0.9447625035824189
1647473176.7981837 44.06297379594628 -17.0651444646455 0.9433331320742129
1647473176.8981836 43.96728240664623 -17.037509697700397 0.9414276346455754
1647473176.9981837 43.87159101734618 -17.0098749307553 0.9395221372169381
1647473177.0981836 43.77589962804612 -16.982240163810197 0.9376166397883007
1647473177.1981838 43.68701531144225 -16.94042271268904 0.9370613097715137
1647473177.2981837 43.59980054649501 -16.89512671433937 0.9368371315346165
1647473177.3981836 43.51258578154776 -16.849830715989697 0.9366129532977192
1647473177.4981837 43.42537101660052 -16.804534717640028 0.936388775060822
1647473177.5981836 43.3417640042591 -16.763846509687934 0.9367677383049348
1647473177.6981838 43.259042207455536 -16.7242888913579 0.9372946912448085
1647473177.7981837 43.17632041065197 -16.68473127302787 0.9378216441846822
1647473177.8981836 43.0935986138484 -16.64517365469784 0.9383485971245558
1647473177.9981837 43.01087681704483 -16.60561603636781 0.9388755500644295
1647473178.0981836 42.92815502024126 -16.566058418037777 0.9394025030043032
1647473178.1981838 42.845433223437695 -16.526500799707748 0.9399294559441768
1647473178.2981837 42.762711426634134 -16.486943181377715 0.9404564088840505
1647473178.3981836 42.68045162990788 -16.43744508606175 0.9413964065550767
1647473178.4981837 42.59830487723853 -16.385514714429664 0.9424374696899134
1647473178.5981836 42.516158124569195 -16.33358434279758 0.94347853282475
1647473178.6981838 42.43401137189985 -16.281653971165493 0.9445195959595867
1647473178.7981837 42.344642529643885 -16.229452503892276 0.943574534677295
1647473178.8981836 42.2535184548982 -16.177185150441456 0.9421467723617701
1647473178.9981837 42.16239438015252 -16.124917796990637 0.9407190100462453
1647473179.0981836 42.071270305406834 -16.07265044353982 0.9392912477307204
1647473179.1981838 41.98183782563552 -16.02270666458671 0.937208213295898
1647473179.2981837 41.89281651779444 -15.973327671309669 0.9349659034398349
1647473179.3981836 41.80379520995336 -15.923948678032627 0.9327235935837718
1647473179.4981837 41.71477390211227 -15.874569684755587 0.9304812837277087
1647473179.5981836 41.6337071049885 -15.819839762027845 0.9284667692769603
1647473179.6981838 41.55457564998415 -15.763807951665283 0.926507677725015
1647473179.7981837 41.475444194979794 -15.707776141302721 0.9245485861730698
1647473179.8981836 41.39631273997544 -15.65174433094016 0.9225894946211245
1647473179.9981837 41.31718128497109 -15.595712520577598 0.9206304030691792
1647473180.0981836 41.23804982996674 -15.539680710215034 0.9186713115172339
1647473180.1981838 41.15891837496238 -15.483648899852472 0.9167122199652886
1647473180.2981837 41.07978691995803 -15.42761708948991 0.9147531284133433
1647473180.3981836 41.006124270202854 -15.36531756483972 0.913594670855802
1647473180.4981837 40.9338084065302 -15.301474509201103 0.9126333830038409
1647473180.5981836 40.86149254285754 -15.237631453562486 0.9116720951518797
1647473180.6981838 40.789176679184884 -15.173788397923868 0.9107108072999186
1647473180.7981837 40.71686081551223 -15.10994534228525 0.9097495194479575
1647473180.8981836 40.64454495183957 -15.046102286646633 0.9087882315959963
1647473180.9981837 40.572229088166914 -14.982259231008015 0.9078269437440353
1647473181.0981836 40.49991322449426 -14.918416175369396 0.9068656558920741
1647473181.1981838 40.432096357543074 -14.864588306924663 0.9050132575098863
1647473181.2981837 40.36547213556673 -14.813415377662679 0.9029246334619112
1647473181.3981836 40.2988479135904 -14.762242448400695 0.900836009413936
1647473181.4981837 40.23222369161406 -14.71106951913871 0.898747385365961
1647473181.5981836 40.16539432289663 -14.65862791896721 0.8993306326816429
1647473181.6981838 40.09851050547424 -14.605849596468671 0.9006230306023985
1647473181.7981837 40.03162668805185 -14.553071273970131 0.9019154285231539
1647473181.8981836 39.96474287062946 -14.500292951471591 0.9032078264439093
1647473181.9981837 39.890311028412434 -14.4466624879189 0.9033971128573128
1647473182.0981836 39.814028355348576 -14.392823073151582 0.903315908266665
1647473182.1981838 39.73774568228472 -14.338983658384265 0.9032347036760171
1647473182.2981837 39.66146300922086 -14.285144243616948 0.9031534990853693
1647473182.3981836 39.585180336157 -14.23130482884963 0.9030722944947215
1647473182.4981837 39.508897663093144 -14.177465414082311 0.9029910899040737
1647473182.5981836 39.432614990029286 -14.123625999314994 0.9029098853134259
1647473182.6981838 39.35633231696543 -14.069786584547677 0.902828680722778
1647473182.7981837 39.27915757790372 -14.016253109381363 0.902079993204085
1647473182.8981836 39.20175702945567 -13.962797076953285 0.901162345192858
1647473182.9981837 39.12435648100763 -13.909341044525204 0.9002446971816309
1647473183.0981836 39.046955932559584 -13.855885012097126 0.8993270491704037
1647473183.1981838 38.970808833430624 -13.798252794564881 0.8985172373891446
1647473183.2981837 38.89500409671454 -13.739479909606276 0.8977368795884533
1647473183.3981836 38.81919935999845 -13.68070702464767 0.896956521787762
1647473183.4981837 38.74339462328236 -13.621934139689065 0.8961761639870707
1647473183.5981836 38.66479675668128 -13.56681771056878 0.8953976986598157
1647473183.6981838 38.58549280586111 -13.512625608590985 0.8946197117369613
1647473183.7981837 38.50618885504093 -13.458433506613193 0.893841724814107
1647473183.8981836 38.42688490422076 -13.404241404635401 0.8930637378912527
1647473183.9981837 38.35160069902111 -13.349805908453423 0.8919462587655856
1647473184.0981836 38.277348310927344 -13.295307936103283 0.8907416363489632
1647473184.1981838 38.203095922833576 -13.240809963753144 0.8895370139323409
1647473184.2981837 38.12884353473981 -13.186311991403002 0.8883323915157184
1647473184.3981836 38.061685244384606 -13.129607611201257 0.8896992798354771
1647473184.4981837 37.9963647347758 -13.072331644024274 0.8917323378493476
1647473184.5981836 37.93104422516701 -13.015055676847293 0.893765395863218
1647473184.6981838 37.865723715558204 -12.957779709670312 0.8957984538770885
1647473184.7981837 37.797841251257324 -12.904561794240758 0.897488765021682
1647473184.8981836 37.7293414427956 -12.852321731603993 0.8990964857992219
1647473184.9981837 37.660841634333885 -12.800081668967229 0.9007042065767618
1647473185.0981836 37.59234182587217 -12.747841606330464 0.9023119273543017
1647473185.1981838 37.517991488537405 -12.69730510193569 0.9028758856594815
1647473185.2981837 37.442236858637706 -12.647177499748745 0.9031893114211424
1647473185.3981836 37.366482228738015 -12.597049897561797 0.9035027371828034
1647473185.4981837 37.290727598838316 -12.546922295374852 0.9038161629444643
1647473185.5981836 37.224506400077246 -12.488004453942926 0.9069751849526914
1647473185.6981838 37.16057375333107 -12.426976467753772 0.9108173078224001
1647473185.7981837 37.0966411065849 -12.365948481564619 0.914659430692109
1647473185.8981836 37.03270845983872 -12.304920495375464 0.9185015535618178
1647473185.9981837 36.953772837561864 -12.243979186481752 0.918799339640282
1647473186.0981836 36.87122854904908 -12.183058726080983 0.9182446062647773
1647473186.1981838 36.78868426053629 -12.122138265680215 0.9176898728892725
1647473186.2981837 36.70613997202351 -12.061217805279446 0.9171351395137678
1647473186.3981836 36.62487325112295 -12.000934604881047 0.9145494073283519
1647473186.4981837 36.543913802043356 -11.940804673898283 0.9114751932052828
1647473186.5981836 36.46295435296376 -11.880674742915517 0.9084009790822137
1647473186.6981838 36.38199490388417 -11.820544811932752 0.9053267649591445
1647473186.7981837 36.31155865455543 -11.757351075088279 0.9061843852176495
1647473186.8981836 36.24364690553723 -11.693422335674956 0.9079852468240663
1647473190.280379 34.32821521221718 -9.696341636063913 0.9160592894947756
1647473190.380379 34.28822755254084 -9.60912398867622 0.9172970952874873
1647473190.480379 34.24861380574288 -9.516886839796761 0.9194833384475671
1647473190.580379 34.20900005894492 -9.424649690917303 0.921669581607647
1647473190.6803792 34.16938631214696 -9.332412542037845 0.9238558247677269
1647473190.780379 34.1290585690064 -9.237291722542848 0.9237323174288429
1647473190.880379 34.08830553980877 -9.140453268330697 0.9222330261763582
1647473190.980379 34.04755251061115 -9.043614814118547 0.9207337349238734
1647473191.080379 34.006799481413516 -8.946776359906398 0.9192344436713886
1647473191.1803792 33.969182629066786 -8.84913723066116 0.9170820123209645
1647473191.280379 33.933439349326285 -8.751019772903275 0.9145393907951423
1647473191.380379 33.897696069585784 -8.65290231514539 0.9119967692693202
1647473191.480379 33.86195278984528 -8.554784857387506 0.9094541477434981
1647473191.580379 33.82922060150047 -8.465998277734597 0.9088087793689441
1647473191.6803792 33.79829438441949 -8.38280810666238 0.9093013321735165
1647473191.780379 33.76736816733852 -8.29961793559016 0.9097938849780888
1647473191.880379 33.73644195025754 -8.21642776451794 0.9102864377826612
1647473191.980379 33.705515733176576 -8.13323759344572 0.9107789905872336
1647473192.080379 33.6745895160956 -8.0500474223735 0.9112715433918058
1647473192.1803792 33.64366329901463 -7.966857251301282 0.9117640961963782
1647473192.280379 33.61273708193365 -7.883667080229063 0.9122566490009505
1647473192.380379 33.58559102270205 -7.797782845047346 0.9128935270859502
1647473192.480379 33.56071136515095 -7.710283377997414 0.9136169356998682
1647473192.580379 33.53583170759986 -7.622783910947484 0.9143403443137863
1647473192.6803792 33.510952050048765 -7.535284443897553 0.9150637529277044
1647473192.780379 33.48256582837248 -7.449463785238398 0.9166744595291371
1647473192.880379 33.45207763654803 -7.3646494692542674 0.9188170468593094
1647473192.980379 33.42158944472359 -7.279835153270137 0.9209596341894818
1647473193.080379 33.39110125289914 -7.195020837286006 0.9231022215196542
1647473193.1803792 33.369921545561404 -7.137258217191246 0.9243690272561781
1647473193.280379 33.354333374466655 -7.095745346259814 0.9251097576118148
1647473193.380379 33.33874520337191 -7.054232475328381 0.9258504879674516
1647473193.480379 33.32315703227715 -7.012719604396948 0.9265912183230883
1647473193.580379 33.3075688611824 -6.9712067334655154 0.927331948678725
1647473193.6803792 33.291980690087655 -6.929693862534083 0.9280726790343617
1647473193.780379 33.27639251899291 -6.88818099160265 0.9288134093899985
1647473193.880379 33.26080434789815 -6.846668120671217 0.9295541397456353
1647473193.980379 33.238887553154825 -6.777188600107332 0.9324049356270002
1647473194.080379 33.21317380825261 -6.690930079770023 0.9365216961284897
1647473194.1803792 33.18746006335039 -6.604671559432715 0.9406384566299791
1647473194.280379 33.16174631844818 -6.518413039095407 0.9447552171314686
1647473194.380379 33.13603257354597 -6.432154518758098 0.9488719776329582
1647473194.480379 33.11031882864375 -6.34589599842079 0.9529887381344476
1647473194.580379 33.084605083741536 -6.259637478083482 0.9571054986359371
1647473194.6803792 33.05889133883932 -6.173378957746173 0.9612222591374265
1647473194.780379 33.02877198667608 -6.066098670649108 0.9594207521397529
1647473194.880379 32.99600943149022 -5.94620609331649 0.9540685013704384
1647473194.980379 32.96324687630437 -5.826313515983871 0.9487162506011239
1647473195.080379 32.93048432111852 -5.706420938651252 0.9433639998318094
1647473195.1803792 32.907342961734756 -5.592618075819114 0.9384000315844697
1647473195.280379 32.88996929477522 -5.482465861088589 0.9336688300541288
1647473195.380379 32.872595627815684 -5.372313646358065 0.928937628523788
1647473195.480379 32.85522196085615 -5.262161431627541 0.9242064269934472
1647473195.580379 32.83505545212484 -5.170025391292162 0.9203560377048711
1647473195.6803792 32.81321322469316 -5.088699143565937 0.9170341400623154
1647473195.780379 32.791370997261474 -5.007372895839713 0.9137122424197597
1647473195.880379 32.76952876982979 -4.926046648113489 0.910390344777204
1647473195.980379 32.75296356644553 -4.846737154067385 0.907466991275824
1647473196.080379 32.739570643465974 -4.768640030501893 0.9047832223884424
1647473196.1803792 32.72617772048641 -4.6905429069364 0.902099453501061
1647473196.280379 32.712784797506856 -4.612445783370909 0.8994156846136796
1647473196.380379 32.70703532609531 -4.5304496422353 0.9005604986937459
1647473196.480379 32.70587596701752 -4.446112028993938 0.9040044868764221
1647473196.580379 32.70471660793974 -4.361774415752577 0.9074484750590982
1647473196.6803792 32.70355724886195 -4.2774368025112155 0.9108924632417744
1647473196.780379 32.69734117869504 -4.193785110540727 0.9146249543452861
1647473196.880379 32.688092192815084 -4.110544820638437 0.9185304838182916
1647473196.980379 32.67884320693513 -4.0273045307361475 0.9224360132912971
1647473197.080379 32.66959422105518 -3.944064240833858 0.9263415427643026
1647473197.1803792 32.66349907958576 -3.8452690212761667 0.9279335703456426
1647473197.280379 32.6592999125393 -3.7371227542543157 0.9281348062952202
1647473197.380379 32.65510074549285 -3.6289764872324644 0.9283360422447978
1647473197.480379 32.650901578446394 -3.5208302202106134 0.9285372781943755
1647473197.580379 32.64405634711949 -3.4189995164564 0.9286762419640445
1647473197.6803792 32.63562186481059 -3.3209619991334534 0.928777804479405
1647473197.780379 32.627187382501695 -3.2229244818105065 0.9288793669947654
1647473197.880379 32.6187529001928 -3.12488696448756 0.9289809295101259
1647473197.980379 32.61350621998308 -3.035808742099689 0.9318805037029501
1647473198.080379 32.610172088730614 -2.952105724838365 0.9364587687773479
1647473198.1803792 32.60683795747815 -2.868402707577041 0.9410370338517459
1647473198.280379 32.60350382622568 -2.784699690315717 0.9456152989261437
1647473198.380379 32.59982241882559 -2.7036249668139893 0.9479481002308201
1647473198.480379 32.5959316932519 -2.6241344282704198 0.9489274645708903
1647473198.580379 32.59204096767821 -2.5446438897268497 0.9499068289109606
1647473198.6803792 32.588150242104525 -2.46515335118328 0.9508861932510309
1647473198.780379 32.58476075831403 -2.378497713674463 0.9534333630894012
1647473198.880379 32.58167343857283 -2.287522732907717 0.9569256545711252
1647473198.980379 32.57858611883163 -2.1965477521409706 0.9604179460528491
1647473199.080379 32.575498799090425 -2.1055727713742245 0.9639102375345731
1647473199.1803792 32.57242352873427 -2.010463204136016 0.9670258919818483
1647473199.280379 32.56935551919788 -1.9128621830125556 0.9699145893176241
1647473199.380379 32.56628750966149 -1.815261161889095 0.9728032866534
1647473199.480379 32.5632195001251 -1.7176601407656347 0.9756919839891759
1647473199.580379 32.560151490588716 -1.6200591196421743 0.9785806813249518
1647473199.6803792 32.557083481052324 -1.5224580985187137 0.9814693786607276
1647473199.780379 32.55401547151594 -1.4248570773952534 0.9843580759965035
1647473199.880379 32.55094746197955 -1.3272560562717928 0.9872467733322794
1647473199.980379 32.5483309609514 -1.2334188234608845 0.9901299208295143
1647473200.080379 32.54598494418898 -1.141836355509519 0.9930097435964832
1647473200.1803792 32.54363892742657 -1.0502538875581535 0.995889566363452
1647473200.280379 32.54129291066416 -0.958671419606788 0.9987693891304208
1647473200.380379 32.53734247630626 -0.8599754522234048 0.9987644544700224
1647473200.480379 32.53243549135307 -0.7570384305562736 0.9970396331403649
1647473200.580379 32.527528506399875 -0.6541014088891426 0.9953148118107075
1647473200.6803792 32.52262152144669 -0.5511643872220116 0.99358999048105
1647473200.780379 32.51636103067599 -0.4572920229476911 0.9933329513730504
1647473200.880379 32.509295484937525 -0.36881124796004716 0.9939489379690053
1647473200.980379 32.502229939199054 -0.2803304729724032 0.9945649245649602
1647473201.080379 32.49516439346059 -0.1918496979847592 0.995180911160915
1647473201.1803792 32.492714231891725 -0.10797921698689025 0.9976024157055718
1647473201.280379 32.49301571958755 -0.026857350535671953 1.0011003533169804
1647473201.380379 32.49331720728336 0.054264515915546346 1.004598290928389
1647473201.480379 32.49361869497918 0.13538638236676467 1.0080962285397976
1647473201.580379 32.493920182675005 0.21650824881798295 1.0115941661512062
1647473201.6803792 32.49422167037082 0.29763011526920125 1.015092103762615
1647473201.780379 32.49452315806664 0.3787519817204196 1.0185900413740236
1647473201.880379 32.494824645762456 0.4598738481716378 1.0220879789854322
1647473201.980379 32.4901211268716 0.5426581045695803 1.0261494450274897
1647473202.080379 32.48241472010861 0.6264397563801591 1.0305490150581615
1647473202.1803792 32.474708313345616 0.7102214081907381 1.0349485850888331
1647473202.280379 32.467001906582624 0.7940030600013169 1.039348155119505
1647473202.380379 32.46071465666528 0.8882746995533572 1.0421779457091742
1647473202.480379 32.45527820465683 0.9888351856568806 1.0440666387239514
1647473202.580379 32.449841752648375 1.0893956717604039 1.0459553317387287
1647473202.6803792 32.44440530063993 1.189956157863927 1.047844024753506
1647473202.780379 32.43641139570024 1.2841270516267265 1.0505316596614775
1647473228.7988946 16.08195466084273 11.131397346074602 1.0022819145555533
1647473228.8988945 15.999723679137565 11.172759885264936 1.002923448334292
1647473228.9988947 15.917492697432403 11.214122424455269 1.0035649821130308
1647473229.0988946 15.83526171572724 11.255484963645603 1.0042065158917697
1647473229.1988947 15.752995634678461 11.305199941790601 1.0070613142702418
1647473229.2988946 15.670720101957393 11.35716409350091 1.0105121081726298
1647473229.3988945 15.588444569236325 11.409128245211217 1.0139629020750178
1647473229.4988947 15.506169036515256 11.461092396921526 1.0174136959774058
1647473229.5988946 15.434422768710624 11.517411388877875 1.0188854869918482
1647473229.6988947 15.365493335705253 11.574895406659639 1.0198278465363022
1647473229.7988946 15.296563902699882 11.632379424441403 1.020770206080756
1647473229.8988945 15.227634469694513 11.689863442223167 1.0217125656252097
1647473229.9988947 15.158705036689142 11.747347460004931 1.0226549251696637
1647473230.0988946 15.089775603683773 11.804831477786696 1.0235972847141175
1647473230.1988947 15.020846170678402 11.86231549556846 1.0245396442585712
1647473230.2988946 14.95191673767303 11.919799513350224 1.025482003803025
1647473230.3988945 14.887118781836554 11.984128020138506 1.024471829109736
1647473230.4988947 14.823337492212978 12.050140806043684 1.0229811784249558
1647473230.5988946 14.759556202589403 12.116153591948862 1.0214905277401756
1647473230.6988947 14.695774912965827 12.182166377854038 1.0199998770553953
1647473230.7988946 14.642611595631662 12.245932134522475 1.0194204755665517
1647473230.8988945 14.591663676412608 12.309229057387244 1.0190312026348423
1647473230.9988947 14.540715757193555 12.37252598025201 1.018641929703133
1647473231.0988946 14.489767837974503 12.43582290311678 1.0182526567714238
1647473231.1988947 14.441138772041736 12.51164611018591 1.0164789285000118
1647473231.2988946 14.392994773251319 12.590089616227472 1.0144155942413162
1647473231.3988945 14.344850774460902 12.668533122269032 1.012352259982621
1647473231.4988947 14.296706775670485 12.746976628310593 1.0102889257239254
1647473231.5988946 14.248967914024913 12.830274597699638 1.0088421860184305
1647473231.6988947 14.201313446944807 12.914583805702593 1.0075238898043557
1647473231.7988946 14.153658979864703 12.998893013705548 1.0062055935902812
1647473231.8988945 14.1060045127846 13.083202221708504 1.0048872973762064
1647473231.9988947 14.076016110914804 13.15996834329952 1.0091951613725336
1647473232.0988946 14.049722170663163 13.235156997418319 1.014679610686954
1647473232.1988947 14.023428230411522 13.310345651537116 1.0201640600013742
1647473232.2988946 13.997134290159881 13.385534305655915 1.0256485093157943
1647473232.3988945 13.981891406557699 13.460580671956514 1.0297044634955308
1647473232.4988947 13.968940924540172 13.535597522453305 1.0334640944715867
1647473232.5988946 13.955990442522648 13.610614372950097 1.0372237254476426
1647473232.6988947 13.943039960505121 13.68563122344689 1.0409833564236985
1647473232.7988946 13.92758116632808 13.765805463485377 1.0433295322166618
1647473232.8988945 13.911597965251577 13.847057946775454 1.0453802002725665
1647473232.9988947 13.895614764175074 13.928310430065531 1.047430868328471
1647473233.0988946 13.87963156309857 14.009562913355609 1.0494815363843757
1647473233.1988947 13.868489506413606 14.101249266956923 1.0532253304359407
1647473233.2988946 13.858370621900592 14.195140811084435 1.0573269653743402
1647473233.3988945 13.848251737387576 14.289032355211948 1.0614286003127398
1647473233.4988947 13.838132852874562 14.38292389933946 1.0655302352511393
1647473233.5988946 13.834786097376528 14.478438415061497 1.0669449431369376
1647473233.6988947 13.832868740716853 14.574295492732187 1.0677925191209003
1647473233.7988946 13.830951384057178 14.670152570402877 1.0686400951048631
1647473233.8988945 13.829034027397503 14.766009648073567 1.0694876710888257
1647473233.9988947 13.836474338292797 14.86989567254232 1.067054559078558
1647473234.0988946 13.845887273780587 14.975474223253608 1.063929868127308
1647473234.1988947 13.855300209268378 15.081052773964894 1.060805177176058
1647473234.2988946 13.86471314475617 15.186631324676181 1.0576804862248081
1647473234.3988945 13.88191223352439 15.289058196243275 1.056100488009149
1647473234.4988947 13.90074908678023 15.390822133497 1.0548454054245484
1647473234.5988946 13.919585940036068 15.492586070750727 1.053590322839948
1647473234.6988947 13.938422793291908 15.594350008004453 1.0523352402553472
1647473234.7988946 13.96712443891764 15.684477834613615 1.0511706651342336
1647473234.8988945 13.997901228254474 15.772157905515376 1.0500251290345834
1647473234.9988947 14.028678017591307 15.859837976417138 1.0488795929349333
1647473235.0988946 14.059454806928139 15.9475180473189 1.0477340568352833
1647473235.1988947 14.103879346314232 16.034690413945203 1.0458093265093806
1647473235.2988946 14.151188088528242 16.121755486541225 1.0437199277082534
1647473235.3988945 14.198496830742252 16.208820559137244 1.0416305289071262
1647473235.4988947 14.245805572956263 16.295885631733267 1.0395411301059991
1647473235.5988946 14.300650895816538 16.382194023321784 1.0374572279731809
1647473235.6988947 14.357080992413977 16.468343301879553 1.0353744816663248
1647473235.7988946 14.413511089011417 16.55449258043732 1.0332917353594688
1647473235.8988945 14.469941185608857 16.64064185899509 1.031208989052613
1647473235.9988947 14.532729411718236 16.70325964732774 1.031838221368873
1647473236.0988946 14.596857328525001 16.760919229242766 1.0330388815753757
1647473236.1988947 14.660985245331766 16.81857881115779 1.0342395417818784
1647473236.2988946 14.72511316213853 16.87623839307281 1.035440201988381
1647473236.3988945 14.780421542358987 16.938826136631732 1.0362350178825557
1647473236.4988947 14.833875624563346 17.0024500208393 1.0369445054495752
1647473236.5988946 14.887329706767705 17.066073905046867 1.0376539930165944
1647473236.6988947 14.940783788972064 17.129697789254433 1.038363480583614
1647473236.7988946 15.00302829936178 17.18011870795198 1.041587849132361
1647473236.8988945 15.067134154737682 17.227743941031417 1.0453447356662935
1647473236.9988947 15.131240010113583 17.275369174110857 1.049101622200226
1647473237.0988946 15.195345865489482 17.322994407190293 1.0528585087341584
1647473237.1988947 15.266265092266353 17.38147701006668 1.0591092047554402
1647473237.2988946 15.338635275324938 17.442271767672732 1.0658909753840085
1647473237.3988945 15.411005458383523 17.50306652527879 1.072672746012577
1647473237.4988947 15.483375641442105 17.563861282884844 1.0794545166411451
1647473237.5988946 15.573328577294381 17.628392219111475 1.0837678181899375
1647473241.082947 18.02968664116844 19.583505428609797 1.0930381904161353
1647473241.182947 18.06718348825812 19.639554875878254 1.094443981716979
1647473241.282947 18.099451532237392 19.69775136256243 1.0951419284395094
1647473241.382947 18.13171957621666 19.755947849246603 1.0958398751620395
1647473241.482947 18.163987620195932 19.814144335930777 1.0965378218845698
1647473241.582947 18.1993132942269 19.879665316756228 1.0974006660533122
1647473241.682947 18.236181277214936 19.94888086910573 1.0983466866704774
1647473241.782947 18.27304926020297 20.018096421455226 1.0992927072876424
1647473241.882947 18.309917243191006 20.087311973804724 1.1002387279048076
1647473241.982947 18.34400973973179 20.161010315372824 1.1024916755575278
1647473242.082947 18.37662726050995 20.237090944000155 1.1054391629738503
1647473242.182947 18.409244781288113 20.313171572627486 1.1083866503901727
1647473242.282947 18.441862302066273 20.389252201254816 1.111334137806495
1647473242.382947 18.469391302389678 20.465633649847167 1.1155758009290389
1647473242.482947 18.494362806027166 20.54216629092669 1.1204679183651864
1647473242.582947 18.519334309664654 20.618698932006218 1.125360035801334
1647473242.682947 18.544305813302138 20.695231573085742 1.1302521532374816
1647473242.782947 18.5606057096784 20.774454956984783 1.1320516220373327
1647473242.882947 18.57254591966411 20.855031122957243 1.132296248953293
1647473242.982947 18.58448612964982 20.935607288929702 1.1325408758692537
1647473243.082947 18.59642633963553 21.016183454902162 1.132785502785214
1647473243.182947 18.60763165820488 21.097392697062023 1.1315478849925054
1647473243.282947 18.61846769934212 21.178920055264065 1.1295654503362709
1647473243.382947 18.62930374047936 21.26044741346611 1.1275830156800364
1647473243.482947 18.640139781616604 21.341974771668152 1.1256005810238021
1647473243.582947 18.643526716499974 21.423404879033694 1.1258699374708083
1647473243.682947 18.643171156703712 21.504786126747376 1.1272706130232628
1647473243.782947 18.642815596907454 21.58616737446106 1.1286712885757173
1647473243.882947 18.642460037111192 21.667548622174746 1.1300719641281718
1647473243.982947 18.63602387694895 21.741344475058217 1.131104070598088
1647473244.082947 18.62652928803609 21.811325015597973 1.1319507936830122
1647473244.182947 18.617034699123227 21.88130555613773 1.1327975167679365
1647473244.282947 18.607540110210365 21.951286096677485 1.133644239852861
1647473244.382947 18.592673689746412 22.012633389329253 1.1353612896234335
1647473244.482947 18.5749446596033 22.069380087429302 1.1375421301087127
1647473244.582947 18.55721562946019 22.12612678552935 1.139722970593992
1647473244.682947 18.53948659931708 22.1828734836294 1.141903811079271
1647473244.782947 18.511692966528695 22.245179291296125 1.1437047592280105
1647473244.882947 18.478544636534533 22.310442726751294 1.1453035922506327
1647473244.982947 18.44539630654037 22.37570616220646 1.1469024252732551
1647473245.082947 18.412247976546208 22.440969597661628 1.1485012582958776
1647473245.182947 18.379099646552046 22.506233033116796 1.1501000913185
1647473245.282947 18.345951316557883 22.571496468571965 1.1516989243411224
1647473245.382947 18.312802986563717 22.63675990402713 1.1532977573637448
1647473245.482947 18.279654656569555 22.7020233394823 1.1548965903863673
1647473245.582947 18.23558483642827 22.76907286435997 1.155756287685778
1647473245.682947 18.185711586735078 22.83707147622094 1.156223225202305
1647473245.782947 18.135838337041882 22.905070088081914 1.156690162718832
1647473245.882947 18.08596508734869 22.973068699942882 1.157157100235359
1647473245.982947 18.034570219607698 23.03781282537736 1.1583276529798958
1647473246.082947 17.982409834214774 23.100919636631016 1.1598521906669683
1647473246.182947 17.930249448821847 23.164026447884673 1.1613767283540408
1647473246.282947 17.878089063428924 23.227133259138327 1.1629012660411133
1647473246.382947 17.826839099281695 23.280199781731294 1.16540246263659
1647473246.482947 17.77607260574717 23.32793450376112 1.1684223047305986
1647473246.582947 17.725306112212646 23.37566922579095 1.171442146824607
1647473246.682947 17.67453961867812 23.423403947820777 1.1744619889186154
1647473246.782947 17.618705627243212 23.460626175679746 1.1768912833057465
1647473246.882947 17.560331235417134 23.49257835807865 1.1790245287047882
1647473246.982947 17.501956843591056 23.524530540477553 1.18115777410383
1647473247.082947 17.443582451764975 23.556482722876456 1.1832910195028716
1647473247.182947 17.37942590877829 23.582615566999216 1.1843312129516221
1647473247.282947 17.312378263328345 23.605838714928055 1.1848248753433004
1647473247.382947 17.2453306178784 23.629061862856894 1.1853185377349789
1647473247.482947 17.178282972428455 23.65228501078573 1.1858122001266571
1647473247.582947 17.101471789087036 23.669508038293483 1.18511721575129
1647473247.682947 17.01949613997865 23.683557276048294 1.18379349150666
1647473247.782947 16.937520490870266 23.697606513803105 1.1824697672620301
1647473247.882947 16.85554484176188 23.71165575155792 1.1811460430174001
1647473247.982947 16.769828038953456 23.72540796482723 1.178579402643882
1647473248.082947 16.682238477603093 23.739011492640934 1.175390579386708
1647473248.182947 16.594648916252726 23.752615020454638 1.1722017561295341
1647473248.282947 16.507059354902363 23.76621854826834 1.16901293287236
1647473248.382947 16.427992132426862 23.77313937255382 1.1692779438264602
1647473248.482947 16.35343406370782 23.77652439074662 1.17137037208192
1647473265.3177977 4.264985624270885 20.490981154628024 0.933970873231084
1647473265.4177976 4.22468973730136 20.568670936959535 0.9351060116548665
1647473265.5177977 4.184394243373765 20.646359175587325 0.9362413180283585
1647473265.6177976 4.1462172990112665 20.715726640738456 0.9382818962277826
1647473265.7177978 4.108040354648768 20.785094105889588 0.9403224744272065
1647473265.8177977 4.06986341028627 20.854461571040716 0.9423630526266306
1647473265.9177976 4.031686465923771 20.923829036191847 0.9444036308260546
1647473266.0177977 3.9931818376537263 21.01838166826883 0.9437805823366405
1647473266.1177976 3.954677192507609 21.112935597408878 0.9431573966676
1647473266.2177978 3.916172547361492 21.207489526548926 0.9425342109985595
1647473266.3177977 3.8776679022153755 21.302043455688974 0.9419110253295189
1647473266.4177976 3.8406509512415536 21.384819202660843 0.9446781672358309
1647473266.5177977 3.803634617691322 21.467590061445577 0.9474467161976131
1647473266.6177976 3.76661828414109 21.550360920230307 0.9502152651593954
1647473266.7177978 3.729601950590858 21.633131779015038 0.9529838141211775
1647473266.8177977 3.6981329191686827 21.719784418737497 0.9574829622862122
1647473266.9177976 3.66666409143136 21.806437200990494 0.9619821739950805
1647473267.0177977 3.6351952636940372 21.89308998324349 0.9664813857039487
1647473267.1177976 3.6037284324094867 21.979741320305173 0.9709803610764686
1647473267.2177978 3.583857569556742 22.057998573048025 0.9741066273754434
1647473267.3177977 3.563986706703997 22.136255825790872 0.9772328936744182
1647473267.4177976 3.544115843851252 22.214513078533724 0.9803591599733931
1647473267.5177977 3.5242449809985072 22.292770331276575 0.9834854262723678
1647473267.6177976 3.4935562749701496 22.36989257221048 0.9891772923854538
1647473267.7177978 3.4628573147485677 22.447013737270925 0.9948715904210409
1647473267.8177977 3.432158354526986 22.524134902331365 1.0005658884566278
1647473267.9177976 3.401459394305404 22.60125606739181 1.0062601864922147
1647473268.0177977 3.3699037607749647 22.692505711418455 1.0090940113296323
1647473268.1177976 3.338347287785223 22.7837692000262 1.0119250331722422
1647473268.2177978 3.306790814795481 22.875032688633944 1.0147560550148522
1647473268.3177977 3.2752343418057395 22.96629617724169 1.0175870768574624
1647473268.4177976 3.252910040011184 23.05341823006631 1.025175911588767
1647473268.5177977 3.230594595212781 23.14053630975395 1.0327693107859548
1647473268.6177976 3.2082791504143775 23.22765438944159 1.0403627099831423
1647473268.7177978 3.185963705615974 23.314772469129228 1.04795610918033
1647473268.8177977 3.1545585155180915 23.405030985821103 1.0524302600337851
1647473268.9177976 3.1231467454841946 23.495291775830204 1.056902152908184
1647473269.0177977 3.091734975450298 23.585552565839304 1.0613740457825827
1647473269.1177976 3.060323205416401 23.6758133558484 1.0658459386569814
1647473269.2177978 3.035184439320436 23.755954375597934 1.0696854973688104
1647473269.3177977 3.01004617877846 23.836094579774855 1.073525005119559
1647473269.4177976 2.984907918236484 23.916234783951772 1.0773645128703078
1647473269.5177977 2.9597697733016926 23.996374995850264 1.0812040641728042
1647473269.6177976 2.9447334564361825 24.077189923644394 1.088849194420473
1647473269.7177978 2.9296971395706723 24.15800485143852 1.0964943246681418
1647473269.8177977 2.914660822705162 24.23881977923265 1.1041394549158103
1647473269.9177976 2.8996248122229162 24.319634956348743 1.1117843871995248
1647473270.0177977 2.8878500819652313 24.403104027737644 1.1173221027903872
1647473270.1177976 2.876075351707547 24.486573099126545 1.1228598183812495
1647473270.2177978 2.8643006214498623 24.570042170515446 1.1283975339721117
1647473270.3177977 2.8525273754523686 24.653511740629625 1.133935127937473
1647473270.4177976 2.8467386448074765 24.738992163763143 1.138982329663492
1647473270.5177977 2.8409499141625845 24.824472586896665 1.144029531389511
1647473270.6177976 2.8351611835176924 24.909953010030183 1.14907673311553
1647473270.7177978 2.8293724528728004 24.9954334331637 1.1541239348415488
1647473270.8177977 2.8427832215140656 25.061453693026575 1.1596499569608612
1647473270.9177976 2.856195519168823 25.12747240311715 1.165176017212566
1647473271.0177977 2.8696078168235806 25.193491113207724 1.1707020774642707
1647473271.1177976 2.8830203140336943 25.25950947089592 1.1762280921922443
1647473271.2177978 2.9019391711946274 25.315803938549266 1.1804979639888133
1647473271.3177977 2.9208580283555605 25.372098406202614 1.1847678357853824
1647473271.4177976 2.9397768855164936 25.428392873855962 1.1890377075819514
1647473271.5177977 2.958695742677427 25.484687341509307 1.1933075793785202
1647473271.6177976 2.9775353439757786 25.545137136123042 1.1970761730710107
1647473271.7177978 2.996374917071157 25.605588409398074 1.200844588385112
1647473271.8177977 3.015214490166535 25.6660396826731 1.2046130036992133
1647473271.9177976 3.0340550754211404 25.726491317763703 1.2083813292316643
1647473272.0177977 3.066414734176351 25.79177560289489 1.2109504711782741
1647473272.1177976 3.098774392931561 25.857059888026082 1.2135196131248838
1647473272.2177978 3.1311340516867716 25.92234417315727 1.2160887550714936
1647473272.3177977 3.1634937104419825 25.987628458288462 1.2186578970181035
1647473272.4177976 3.2085470093379156 26.044348446035933 1.2216102243731732
1647473272.5177977 3.2536023362463755 26.10106706549959 1.2245626129482554
1647473272.6177976 3.2986576631548354 26.157785684963244 1.2275150015233376
1647473272.7177978 3.3437129900632954 26.2145043044269 1.2304673900984198
1647473272.8177977 3.393177924534454 26.260756857513172 1.2335025319356339
1647473272.9177976 3.4426431786341167 26.307008651971138 1.2365376797711825
1647473273.0177977 3.492108432733779 26.3532604464291 1.239572827606731
1647473273.1177976 3.5415751101355273 26.399512065245546 1.2426077499823636
1647473273.2177978 3.597965844154816 26.44490922608244 1.2445458586598526
1647473273.3177977 3.654356578174105 26.49030638691934 1.2464839673373413
1647473273.4177976 3.710747312193394 26.535703547756235 1.2484220760148301
1647473273.5177977 3.7671380462126827 26.581100708593134 1.250360184692319
1647473273.6177976 3.8252978347202315 26.62176950094236 1.2514919454023934
1647473273.7177978 3.88348061478547 26.662376840940862 1.252613226392406
1647473273.8177977 3.9416633948507087 26.702984180939364 1.2537345073824184
1647473273.9177976 3.9998461749159477 26.74359152093787 1.254855788372431
1647473274.0177977 4.056664396807471 26.769905512794608 1.2564532282101364
1647473274.1177976 4.113481330454537 26.796206010667092 1.2580511175772264
1647473274.2177978 4.1702982641016035 26.822506508539576 1.2596490069443165
1647473274.3177977 4.22711519774867 26.84880700641206 1.2612468963114065
1647473274.4177976 4.302864603857601 26.867324556643517 1.2601768662631552
1647473274.5177977 4.37864027183333 26.885831310887568 1.2591031354545066
1647473274.6177976 4.454415939809059 26.904338065131622 1.2580294046458578
1647473274.7177978 4.530191607784788 26.922844819375673 1.2569556738372092
1647473274.8177977 4.606073088191828 26.92447067089928 1.2566640892124419
1647473274.9177976 4.6819548654505905 26.926049163856597 1.2563746988614353
1647473275.0177977 4.757836642709353 26.927627656813918 1.2560853085104287
1647473275.1177976 4.833718419968115 26.929206149771236 1.2557959181594218
1647473275.2177978 4.916832163630135 26.920542408058417 1.2527728108233254
1647473275.3177977 5.000077486456651 26.911692318040682 1.2496999659501868
1647473275.4177976 5.0833228092831675 26.902842228022948 1.2466271210770483
1647473278.9172926 8.02580857300584 25.433518889942054 1.147204479694466
1647473279.0172925 8.089503198947705 25.385047448682343 1.1486891571875573
1647473279.1172926 8.15319782488957 25.336576007422632 1.1501738346806485
1647473279.2172925 8.222758679321226 25.287314277256 1.1482046486888835
1647473279.3172927 8.292320963488722 25.23805235447765 1.1462346209105398
1647473279.4172926 8.361883247656218 25.188790431699296 1.144264593132196
1647473279.5172925 8.431445531823714 25.13952850892094 1.1422945653538523
1647473279.6172926 8.52387113733735 25.069110152532282 1.141457308255796
1647473279.7172925 8.61637515698606 24.998619236106627 1.1406239362115245
1647473279.8172927 8.708879176634767 24.928128319680972 1.1397905641672528
1647473279.9172926 8.801383196283474 24.857637403255318 1.1389571921229813
1647473280.0172925 8.940324562864062 24.75663909873005 1.1346359313869985
1647473280.1172926 9.079734620327956 24.65533288396399 1.130279467485034
1647473280.2172925 9.219144677791851 24.554026669197928 1.1259230035830694
1647473280.3172927 9.357855157847856 24.453141865490984 1.1215975082805054
1647473280.4172926 9.449009445769407 24.380903934980747 1.1193772105538204
1647473280.5172925 9.540163733690957 24.30866600447051 1.1171569128271355
1647473280.6172926 9.631318021612508 24.236428073960273 1.1149366151004505
1647473280.7172925 9.722472309534059 24.164190143450035 1.1127163173737655
1647473280.8172927 9.81362659745561 24.091952212939795 1.1104960196470806
1647473280.9172926 9.904780885377159 24.019714282429558 1.1082757219203956
1647473281.0172925 9.99593517329871 23.94747635191932 1.1060554241937106
1647473281.1172926 10.087293742008116 23.87497238296189 1.103825617130661
1647473281.2172925 10.192301602022322 23.784692702924826 1.1009604311682164
1647473281.3172927 10.297309462036527 23.694413022887765 1.098095245205772
1647473281.4172926 10.402317322050733 23.6041333428507 1.0952300592433275
1647473281.5172925 10.507413470809698 23.51369008466153 1.0924005498118354
1647473281.6172926 10.618300757914655 23.412517217485043 1.09191117701965
1647473281.7172925 10.72918804501961 23.311344350308556 1.0914218042274642
1647473281.8172927 10.840075332124565 23.21017148313207 1.0909324314352786
1647473281.9172926 10.950991062080785 23.108703441050135 1.0904570361439918
1647473282.0172925 11.063799720824536 22.987590917102793 1.0909118715663018
1647473282.1172926 11.176608379568286 22.86647839315545 1.091366706988612
1647473282.2172925 11.289417038312035 22.74536586920811 1.091821542410922
1647473282.3172927 11.402154592941853 22.624143340431225 1.0921978442721345
1647473282.4172926 11.510121504330083 22.495540172650696 1.0873050332540988
1647473282.5172925 11.618088415718313 22.366937004870167 1.082412222236063
1647473282.6172926 11.726055327106543 22.238333837089638 1.077519411218027
1647473282.7172925 11.8337164160916 22.110285028363595 1.0727332949309638
1647473282.8172927 11.921509188071719 22.018251179021895 1.0748787988120567
1647473282.9172926 12.009301960051836 21.926217329680195 1.0770243026931496
1647473283.0172925 12.097094732031955 21.834183480338492 1.0791698065742426
1647473283.1172926 12.185213025967181 21.741718825133535 1.0812932808741176
1647473283.2172925 12.294579209049683 21.621134053657325 1.0819788119190588
1647473283.3172927 12.403945392132185 21.50054928218112 1.0826643429639997
1647473283.4172926 12.513311575214686 21.37996451070491 1.083349874008941
1647473283.5172925 12.622702670574547 21.25947137626926 1.0839348942351172
1647473283.6172926 12.733691767189324 21.14485631165838 1.078072634985317
1647473283.7172925 12.8446808638041 21.030241247047503 1.0722103757355168
1647473283.8172927 12.955669960418879 20.915626182436622 1.0663481164857165
1647473283.9172926 13.066456153657118 20.801211132064275 1.060500012220352
1647473284.0172925 13.125835883766852 20.737470568995455 1.0582381355373565
1647473284.1172926 13.185215613876585 20.673730005926636 1.0559762588543609
1647473284.2172925 13.244595343986319 20.609989442857817 1.0537143821713653
1647473284.3172927 13.30384942495227 20.54627015742858 1.0514841483812554
1647473284.4172926 13.355575345547358 20.483825703472483 1.0511497713003144
1647473284.5172925 13.407301266142445 20.42138124951639 1.0508153942193734
1647473284.6172926 13.459027186737535 20.358936795560297 1.0504810171384324
1647473284.7172925 13.510753107332622 20.296492341604203 1.0501466400574917
1647473284.8172927 13.56247902792771 20.23404788764811 1.0498122629765507
1647473284.9172926 13.614204948522797 20.171603433692017 1.0494778858956098
1647473285.0172925 13.665930869117885 20.109158979735923 1.0491435088146688
1647473285.1172926 13.717874974192666 20.046508434295408 1.0487963461184437
1647473285.2172925 13.782713923374553 19.971677748603096 1.0476935452753877
1647473285.3172927 13.84755287255644 19.896847062910787 1.0465907444323315
1647473285.4172926 13.912391821738327 19.822016377218475 1.0454879435892754
1647473285.5172925 13.977230770920213 19.747185691526163 1.0443851427462192
1647473285.6172926 14.0420697201021 19.67235500583385 1.0432823419031632
1647473285.7172925 14.106908669283987 19.597524320141538 1.042179541060107
1647473285.8172927 14.171747618465874 19.522693634449226 1.0410767402170509
1647473285.9172926 14.236226520364708 19.44799433325129 1.040052581367799
1647473286.0172925 14.277885918269773 19.381622074459226 1.0440126881307727
1647473286.1172926 14.319545316174837 19.315249815667165 1.0479727948937465
1647473286.2172925 14.361204714079902 19.2488775568751 1.0519329016567205
1647473286.3172927 14.40304112176676 19.18246873499854 1.0558238712186365
1647473286.4172926 14.455489185663257 19.113867972774138 1.055570096905491
1647473286.5172925 14.507937249559754 19.045267210549735 1.0553163225923456
1647473286.6172926 14.560385313456251 18.976666448325332 1.0550625482792002
1647473286.7172925 14.612869300034802 18.907988119135513 1.0548214119990185
1647473286.8172927 14.667513024939247 18.83464632000269 1.0553400977197132
1647473286.9172926 14.72215674984369 18.76130452086987 1.0558587834404078
1647473287.0172925 14.776800474748134 18.68796272173705 1.0563774691611023
1647473287.1172926 14.831329479625413 18.614544288365742 1.0569730775365271
1647473287.2172925 14.878408579464242 18.53614923658208 1.0625640340409483
1647473287.3172927 14.925487679303071 18.457754184798418 1.0681549905453698
1647473287.4172926 14.972566779141898 18.379359133014752 1.073745947049791
1647473287.5172925 15.019783611772185 18.30091725622314 1.0792746561199882
1647473287.6172926 15.07685671205084 18.21912454477485 1.0803488894938633
1647473287.7172925 15.133929812329498 18.13733183332656 1.0814231228677387
1647473287.8172927 15.191002912608154 18.055539121878265 1.0824973562416138
1647473287.9172926 15.248233930238891 17.973828926302083 1.0835239707746311
1647473288.0172925 15.31684026028366 17.89806262360397 1.0811204417267917
1647473288.1172926 15.38544659032843 17.822296320905853 1.0787169126789524
1647473288.2172925 15.454052920373199 17.74653001820774 1.076313383631113
1647473288.3172927 15.522429278932446 17.670851077811385 1.073960503671298
1647473288.4172926 15.5744639440706 17.601380072058216 1.075206730212337
1647473288.5172925 15.626498609208753 17.53190906630505 1.0764529567533758
1647473288.6172926 15.678533274346906 17.462438060551886 1.077699183294415
1647473288.7172925 15.7305562904577 17.393039074825275 1.0789469887904068
1647473288.8172927 15.781738585434802 17.328837841366056 1.0803087489331769
1647473288.9172926 15.832920880411903 17.264636607906837 1.081670509075947
1647473289.0172925 15.884103175389006 17.20043537444762 1.0830322692187173
1647473289.1172926 15.935493345696997 17.13627367108984 1.0843568742579428
1647473289.2172925 16.002762808800416 17.07513161442273 1.0828432552255336
1647473289.3172927 16.07003227190383 17.013989557755618 1.0813296361931244
1647473289.4172926 16.13730173500725 16.95284750108851 1.079816017160715
1647473289.5172925 16.204571198110663 16.891705444421397 1.0783023981283058
1647473289.6172926 16.271840661214082 16.83056338775429 1.0767887790958965
1647473289.7172925 16.3391101243175 16.769421331087177 1.0752751600634871
1647473289.8172927 16.406379587420915 16.708279274420068 1.073761541031078
1647473289.9172926 16.47372482066285 16.64721960157123 1.072257135702791
1647473290.0172925 16.54596694840624 16.59148425403879 1.0713481963184726
1647473290.1172926 16.61820907614963 16.53574890650635 1.070439256934154
1647473290.2172925 16.69045120389302 16.480013558973905 1.0695303175498354
1647473290.3172927 16.762727487145305 16.42446987037474 1.0685962009513117
1647473290.4172926 16.837211322843537 16.381313558237082 1.0660348206229702
1647473290.5172925 16.91169515854177 16.33815724609942 1.0634734402946284
1647473290.6172926 16.986178994240003 16.295000933961763 1.060912059966287
1647473290.7172925 17.060710323189213 16.251997766328255 1.0583205679444216
1647473290.8172927 17.138373137119366 16.219092237934362 1.0537436503287236
1647473290.9172926 17.216035951049516 16.18618670954047 1.0491667327130259
1647473291.0172925 17.29369876497967 16.153281181146575 1.0445898150973278
1647473291.1172926 17.371295786401635 16.120362267060916 1.0400370896346611
1647473291.2172925 17.444594176622562 16.086568782999763 1.0370649870530422
1647473291.3172927 17.517892566843486 16.05277529893861 1.0340928844714232
1647473291.4172926 17.59119095706441 16.018981814877456 1.0311207818898043
1647473291.5172925 17.66436829142165 15.985246570858916 1.028195424987698
1647473291.6172926 17.72899528263577 15.955624901630088 1.0285717801061856
1647473291.7172925 17.79362227384989 15.926003232401262 1.0289481352246734
1647473291.8172927 17.85824926506401 15.896381563172437 1.029324490343161
1647473291.9172926 17.92231603304879 15.867025954811455 1.0296887449488534
1647473292.0172925 17.94452116918516 15.857551246626702 1.0291488113929554
1647473292.1172926 17.966726305321526 15.84807653844195 1.0286088778370575
1647473292.2172925 17.98893144145789 15.838601830257197 1.0280689442811592
1647473292.3172927 18.010842003735018 15.829241909895543 1.0275291293218818
1647473292.4172926 18.011900179153287 15.828007626004686 1.026997709617424
1647473292.5172925 18.01295835457156 15.826773342113826 1.0264662899129664
1647473292.6172926 18.014016529989828 15.825539058222967 1.0259348702085087
1647473292.7172925 18.015054413801906 15.824335943322236 1.0254101358478078
1647473292.8172927 18.014693204180098 15.825281910609098 1.0253463517176482
1647473292.9172926 18.01433199455829 15.82622787789596 1.0252825675874888
1647473293.0172925 18.013970784936486 15.82717384518282 1.0252187834573292
1647473293.1172926 18.01360957531468 15.828119812469682 1.0251549993271698
1647473293.2172925 18.01324836569287 15.829065779756542 1.0250912151970102
1647473293.3172927 18.012887156071063 15.830011747043404 1.0250274310668506
1647473293.4172926 18.01252594644926 15.830957714330264 1.0249636469366912
1647473293.5172925 18.012303886833273 15.831964278696166 1.0249103065594645
1647473293.6172926 18.021565083505827 15.837100613862098 1.0255687217088716
1647473293.7172925 18.030826280178378 15.842236949028033 1.0262271368582787
1647473293.8172927 18.040087476850932 15.847373284193967 1.0268855520076858
1647473293.9172926 18.051105761206284 15.851601198600324 1.0274684188010188
1647473294.0172925 18.178226544697104 15.795803696241238 1.0230593019661842
1647473294.1172926 18.305347328187928 15.740006193882152 1.0186501851313496
1647473294.2172925 18.43246811167875 15.684208691523066 1.014241068296515
1647473294.3172927 18.559424184961856 15.6284701563347 1.0098472893664892
1647473294.4172926 18.629619728133928 15.593052206710055 1.0107390821068836
1647473294.5172925 18.699815271305997 15.55763425708541 1.0116308748472782
1647473294.6172926 18.77001081447807 15.522216307460765 1.0125226675876726
1647473294.7172925 18.840459125421287 15.486866280421987 1.0134309563432162
1647473294.8172927 18.925888961080503 15.455542019383081 1.0153169625409486
1647473294.9172926 19.011318796739722 15.424217758344176 1.017202968738681
1647473295.0172925 19.096748632398942 15.39289349730527 1.0190889749364136
1647473295.1172926 19.182345080967266 15.361488755269844 1.0208527476949047
1647473295.2172925 19.277137777326097 15.325641841313912 1.015869810360021
1647473295.3172927 19.37193047368493 15.289794927357978 1.010886873025137
1647473295.4172926 19.466723170043764 15.253948013402045 1.0059039356902533
1647473295.5172925 19.561481818305328 15.218175021857881 1.0010870361188327
1647473295.6172926 19.65420255029936 15.186826585503736 1.0062081679303008
1647473295.7172925 19.74692328229339 15.155478149149591 1.0113292997417687
1647473295.8172927 19.83964401428742 15.124129712795446 1.0164504315532368
1647473295.9172926 19.932797495063244 15.092572418215845 1.0214206429634864
1647473296.0172925 20.052621108407887 15.048143275591169 1.0170896910263971
1647473296.1172926 20.172444721752534 15.003714132966492 1.0127587390893076
1647473296.2172925 20.292268335097177 14.959284990341816 1.0084277871522183
1647473296.3172927 20.41225729539598 14.91472526895787 1.004227185448791
1647473296.4172926 20.5421895785062 14.86231304879454 1.0078653398834345
1647473296.5172925 20.672121861616414 14.809900828631209 1.0115034943180783
1647473296.6172926 20.802054144726633 14.75748860846788 1.0151416487527218
1647473296.7172925 20.93201028706158 14.70512142089115 1.0187304768361418
1647473300.2809823 24.60804553784229 11.23840120392884 0.973588977427297
1647473300.3809822 24.636648787336565 11.087604533746758 0.9753463020713798
1647473300.4809823 24.661084263398692 10.935975010687876 0.9780465548614466
1647473300.5809822 24.685519739460823 10.784345487628995 0.9807468076515136
1647473300.6809824 24.709955215522953 10.632715964570114 0.9834470604415805
1647473300.7809823 24.734124215365604 10.47584666516892 0.9833971263809994
1647473300.8809822 24.758150803723364 10.316177099646866 0.9818774244217953
1647473300.9809823 24.782177392081124 10.156507534124815 0.9803577224625911
1647473301.0809822 24.806203980438884 9.996837968602764 0.978838020503387
1647473301.1809824 24.819168364364298 9.83679891860907 0.9793689618008549
1647473301.2809823 24.826207010845003 9.676561945318781 0.9809983797723099
1647473301.3809822 24.833245657325705 9.51632497202849 0.9826277977437649
1647473301.4809823 24.84028430380641 9.356087998738202 0.9842572157152198
1647473301.5809822 24.835287102880418 9.200861310181368 0.9865968701076163
1647473301.6809824 24.82385563371448 9.048313079970194 0.989316211238445
1647473301.7809823 24.812424164548542 8.89576484975902 0.9920355523692738
1647473301.8809822 24.800992695382607 8.743216619547848 0.9947548935001026
1647473301.9809823 24.781973136260568 8.592971940176096 0.9969062574116268
1647473302.0809822 24.75864985140481 8.444033762319732 0.9987354825255049
1647473302.1809824 24.735326566549055 8.295095584463366 1.000564707639383
1647473302.2809823 24.7120032816933 8.146157406607003 1.0023939327532614
1647473302.3809822 24.67395503007351 7.998605585184047 1.0025919886946133
1647473302.4809823 24.628001079763706 7.851798085729022 1.0019142849689255
1647473302.5809822 24.582047129453898 7.704990586273995 1.0012365812432378
1647473302.6809824 24.536093179144093 7.558183086818969 1.00055887751755
1647473302.7809823 24.491473642114055 7.411511437747383 1.0011710156781877
1647473302.8809822 24.44761021429423 7.264916764622969 1.002514007873887
1647473302.9809823 24.4037467864744 7.1183220914985545 1.0038570000695861
1647473303.0809822 24.35988335865457 6.97172741837414 1.0051999922652852
1647473303.1809824 24.313326644614126 6.830793803567227 1.006590915121104
1647473303.2809823 24.265323311151885 6.692900859613395 1.0080075825202612
1647473303.3809822 24.217319977689645 6.555007915659563 1.0094242499194181
1647473303.4809823 24.169316644227404 6.417114971705732 1.0108409173185753
1647473303.5809822 24.117101427722314 6.276606095628167 1.012892070092716
1647473303.6809824 24.062623675445046 6.134691995343919 1.015284055184188
1647473303.7809823 24.00814592316778 5.992777895059672 1.0176760402756602
1647473303.8809822 23.953668170890513 5.850863794775424 1.0200680253671324
1647473303.9809823 23.899190418613248 5.708949694491176 1.0224600104586046
1647473304.0809822 23.84471266633598 5.567035594206929 1.0248519955500766
1647473304.1809824 23.790234914058715 5.425121493922681 1.0272439806415488
1647473304.2809823 23.735757161781446 5.283207393638433 1.029635965733021
1647473304.3809822 23.66020159486132 5.133815825490898 1.029310842796858
1647473304.4809823 23.5732643652618 4.980386551425649 1.027518527575441
1647473304.5809822 23.486327135662275 4.826957277360401 1.025726212354024
1647473304.6809824 23.399389906062755 4.673528003295152 1.0239338971326073
1647473304.7809823 23.333335112063985 4.531280183221214 1.0192261072201765
1647473304.8809822 23.278546493441144 4.395064811853567 1.0129454045593949
1647473304.9809823 23.2237578748183 4.258849440485921 1.006664701898613
1647473305.0809822 23.16896925619546 4.122634069118274 1.0003839992378314
1647473305.1809824 23.130265242752383 4.005134968169988 0.9978572173272072
1647473305.2809823 23.10024053345755 3.8977352263091607 0.9973560630011518
1647473305.3809822 23.07021582416272 3.7903354844483332 0.9968549086750963
1647473305.4809823 23.040191114867888 3.682935742587506 0.9963537543490408
1647473305.5809822 23.024432041556558 3.553080462702671 0.9928396755159015
1647473305.6809824 23.01636506044949 3.4111170602513705 0.9877010148456988
1647473305.7809823 23.00829807934242 3.26915365780007 0.9825623541754963
1647473305.8809822 23.00023109823535 3.12719025534877 0.9774236935052938
1647473305.9809823 22.99404502236127 2.9858323470134964 0.9730664004445104
1647473306.0809822 22.988873036679276 2.8448008908745686 0.969130381786726
1647473306.1809824 22.98370105099728 2.7037694347356407 0.9651943631289414
1647473306.2809823 22.978529065315286 2.5627379785967133 0.9612583444711569
1647473306.3809822 22.988507350089158 2.4381488970653784 0.9566499631405747
1647473306.4809823 23.007167741860016 2.322982383668624 0.951656273528994
1647473306.5809822 23.025828133630878 2.2078158702718698 0.9466625839174133
1647473306.6809824 23.044488525401736 2.0926493568751154 0.9416688943058327
1647473306.7809823 23.078154253930936 1.9731371894295895 0.9380810019692427
1647473306.8809822 23.119952122216716 1.8512698954962346 0.9352549812316552
1647473306.9809823 23.161749990502496 1.7294026015628794 0.9324289604940676
1647473307.0809822 23.203547858788276 1.6075353076295245 0.9296029397564801
1647473307.1809824 23.25216439680244 1.495748320662825 0.9268668431823447
1647473307.2809823 23.304478182865452 1.3894271205356215 0.9241795056698902
1647473307.3809822 23.356791968928462 1.2831059204084179 0.9214921681574356
1647473307.4809823 23.409105754991476 1.1767847202812143 0.9188048306449811
1647473307.5809822 23.48254999485943 1.0804789825620005 0.9171071015866552
1647473307.6809824 23.56751126851948 0.9896321157246456 0.9159487529937159
1647473307.7809823 23.652472542179524 0.8987852488872905 0.9147904044007767
1647473307.8809822 23.737433815839573 0.8079383820499355 0.9136320558078376
1647473307.9809823 23.822395089499622 0.7170915152125805 0.9124737072148984
1647473308.0809822 23.907356363159668 0.6262446483752255 0.9113153586219591
1647473308.1809824 23.992317636819717 0.5353977815378704 0.9101570100290199
1647473308.2809823 24.077278910479762 0.44455091470051544 0.9089986614360808
1647473308.3809822 24.184204325478948 0.36977545957260866 0.9089547287412963
1647473308.4809823 24.30304847469683 0.3037210776579228 0.9095155284006754
1647473308.5809822 24.421892623914708 0.2376666957432369 0.9100763280600545
1647473308.6809824 24.54073677313259 0.17161231382855102 0.9106371277194335
1647473308.7809823 24.662971270085354 0.12720513234168626 0.9097453214329008
1647473308.8809822 24.787049785045188 0.09457191344301105 0.9080634393987176
1647473308.9809823 24.911128300005018 0.06193869454433586 0.9063815573645345
1647473309.0809822 25.03520681496485 0.029305475645660647 0.9046996753303514
1647473309.1809824 25.162354534068747 0.004030159338259507 0.9038722483196688
1647473309.2809823 25.291168940223343 -0.017249554072250765 0.9035088207877521
1647473309.3809822 25.41998334637794 -0.03852926748276103 0.9031453932558353
1647473309.4809823 25.548797752532536 -0.0598089808932713 0.9027819657239186
1647473309.5809822 25.68389908837929 -0.07807369411776757 0.904346714319188
1647473309.6809824 25.82240982768445 -0.0947033720285862 0.9069571132840872
1647473309.7809823 25.960920566989607 -0.11133304993940482 0.9095675122489866
1647473309.8809822 26.099431306294765 -0.12796272785022345 0.9121779112138859
1647473309.9809823 26.244107796276822 -0.14159973430135736 0.9164805642915785
1647473310.0809822 26.3921299118999 -0.1536128738633901 0.9217014589666968
1647473310.1809824 26.540152027522975 -0.16562601342542282 0.926922353641815
1647473310.2809823 26.688174143146053 -0.17763915298745556 0.9321432483169331
1647473310.3809822 26.83606325585489 -0.1889126317550572 0.9370021777509295
1647473310.4809823 26.983876220479107 -0.19976263293884086 0.941653871426467
1647473310.5809822 27.131689185103323 -0.21061263412262454 0.9463055651020044
1647473310.6809824 27.27950214972754 -0.2214626353064082 0.9509572587775418
1647473310.7809823 27.42731511435176 -0.23231263649019185 0.9556089524530792
1647473310.8809822 27.575128078975975 -0.24316263767397553 0.9602606461286166
1647473310.9809823 27.722941043600194 -0.25401263885775915 0.964912339804154
1647473311.0809822 27.87075400822441 -0.26486264004154286 0.9695640334796914
1647473311.1809824 28.02612260813777 -0.26304292253601175 0.9716527162157792
1647473311.2809823 28.18582888386315 -0.2539495436902103 0.9722699792588088
1647473311.3809822 28.345535159588533 -0.24485616484440884 0.9728872423018383
1647473311.4809823 28.505241435313913 -0.2357627859986074 0.9735045053448679
1647473311.5809822 28.660071391089662 -0.23066892310170686 0.9731932950334146
1647473311.6809824 28.812250606824122 -0.22774917453303486 0.9723773718394149
1647473311.7809823 28.964429822558586 -0.22482942596436287 0.9715614486454153
1647473311.8809822 29.116609038293046 -0.22190967739569087 0.9707455254514156
1647473311.9809823 29.262560524694944 -0.2153883082297625 0.9698959861838062
1647473312.0809822 29.405137451975115 -0.20691536394063018 0.9690282317013442
1647473312.1809824 29.547714379255286 -0.19844241965149784 0.9681604772188823
1647473312.2809823 29.690291306535457 -0.18996947536236553 0.9672927227364204
1647473312.3809822 29.839398254142154 -0.18866302203961735 0.9684483685536768
1647473312.4809823 29.9922452168197 -0.19146111707646896 0.9707629001380372
1647473312.5809822 30.145092179497247 -0.1942592121133206 0.9730774317223977
1647473312.6809824 30.297939142174794 -0.1970573071501722 0.9753919633067581
1647473312.7809823 30.447224248180387 -0.18872257480227222 0.9754410652615583
1647473312.8809822 30.59446566452839 -0.1740001502248892 0.9741903296511947
1647473312.9809823 30.74170708087639 -0.1592777256475062 0.9729395940408312
1647473313.0809822 30.88894849722439 -0.14455530107012318 0.9716888584304676
1647473313.1809824 31.036700276929324 -0.13306455095785052 0.9726877149818539
1647473313.2809823 31.184729329590922 -0.12332952237563126 0.9749087420936924
1647473313.3809822 31.33275838225252 -0.113594493793412 0.977129769205531
1647473313.4809823 31.480787434914117 -0.10385946521119274 0.9793507963173695
1647473313.5809822 31.628816487575715 -0.09412443662897346 0.9815718234292081
1647473313.6809824 31.776845540237314 -0.08438940804675421 0.9837928505410467
1647473313.7809823 31.92487459289891 -0.07465437946453495 0.9860138776528853
1647473313.8809822 32.07290364556051 -0.06491935088231568 0.9882349047647238
1647473313.9809823 32.21461569794121 -0.049731268823355344 0.9914881582409353
1647473314.0809822 32.35270270975634 -0.03141392616911272 0.9953337597110224
1647473314.1809824 32.49078972157148 -0.013096583514870093 0.9991793611811096
1647473314.2809823 32.62887673338662 0.005220759139372533 1.0030249626511967
1647473314.3809822 32.77436743816674 0.018905679042995296 1.008641711793639
1647473314.4809823 32.923874754764185 0.0300774417896491 1.0152193344764406
1647473314.5809822 33.073382071361635 0.04124920453630291 1.021796957159242
1647473314.6809824 33.22288938795908 0.05242096728295671 1.0283745798420436
1647473314.7809823 33.37239670455652 0.06359273002961052 1.0349522025248452
1647473314.8809822 33.52190402115397 0.07476449277626432 1.0415298252076468
1647473314.9809823 33.671411337751415 0.08593625552291813 1.0481074478904482
1647473315.0809822 33.82091865434886 0.09710801826957194 1.0546850705732498
1647473315.1809824 33.982747348299384 0.10039848695678613 1.057994787289495
1647473315.2809823 34.15125601365305 0.09941615257757709 1.0595328255822
1647473315.3809822 34.3197646790067 0.09843381819836806 1.0610708638749053
1647473315.4809823 34.488273344360366 0.09745148381915902 1.0626089021676104
1647473315.5809822 34.648015444556194 0.09018560032584401 1.0628331856912494
1647473315.6809824 34.80273045358505 0.07931648413191761 1.0623041108725693
1647473315.7809823 34.957445462613904 0.0684473679379912 1.0617750360538891
1647473315.8809822 35.11216047164276 0.05757825174406477 1.061245961235209
1647473315.9809823 35.2630020768617 0.0386108932624101 1.061805275315951
1647473316.0809822 35.4117370784342 0.015239194936455445 1.0629565245877508
1647473316.1809824 35.560472080006704 -0.008132503389499217 1.0641077738595506
1647473316.2809823 35.7092070815792 -0.03150420171545388 1.0652590231313506
1647473316.3809822 35.869659276192834 -0.06966844188950509 1.0624797937454773
1647473316.4809823 36.03683013855836 -0.11631476250164104 1.057446818081452
1647473316.5809822 36.20400100092388 -0.162961083113777 1.0524138424174267
1647473316.6809824 36.371171863289405 -0.2096074037259129 1.0473808667534015
1647473316.7809823 36.513981154269786 -0.2746338216130785 1.043748176339296
1647473316.8809822 36.643543314012284 -0.34965481484672534 1.0408769213097522
1647473316.9809823 36.77310547375478 -0.4246758080803722 1.0380056662802082
1647473317.0809822 36.90266763349728 -0.4996968013140191 1.0351344112506642
1647473317.1809824 37.03222979323977 -0.574717794547666 1.0322631562211202
1647473317.2809823 37.16179195298227 -0.6497387877813128 1.0293919011915764
1647473317.3809822 37.29135411272477 -0.7247597810149597 1.0265206461620324
1647473317.4809823 37.42091627246727 -0.7997807742486065 1.0236493911324884
1647473317.5809822 37.53464666944514 -0.8722826613329219 1.0251298164492797
1647473317.6809824 37.63978305495514 -0.9434170931655383 1.0289724797149915
1647473317.7809823 37.74491944046514 -1.014551524998155 1.032815142980703
1647473317.8809822 37.85005582597513 -1.0856859568307715 1.0366578062464147
1647473317.9809823 37.972256225995565 -1.1772686967221484 1.0359896970898768
1647473318.0809822 38.105025199802995 -1.281516067929099 1.0325278472721515
1647473318.1809824 38.237794173610425 -1.3857634391360494 1.029065997454426
1647473318.2809823 38.37056314741785 -1.4900108103429999 1.0256041476367006
1647473318.3809822 38.49468141969905 -1.5958460034935342 1.0225641895615747
1647473318.4809823 38.61400723658738 -1.702560843897341 1.019757957890127
1647473318.5809822 38.733333053475725 -1.8092756843011477 1.0169517262186796
1647473318.6809824 38.85265887036407 -1.9159905247049545 1.014145494547232
1647473318.7809823 38.95851410973299 -2.0336185400867057 1.0107551349507087
1647473318.8809822 39.056947540666 -2.1572593261902067 1.007042941672168
1647473318.9809823 39.155380971599016 -2.2809001122937076 1.0033307483936273
1647473319.0809822 39.25381440253203 -2.4045408983972085 0.9996185551150868
1647473319.1809824 39.33419711215837 -2.53203218357844 0.9989377000269432
1647473319.2809823 39.40412750997965 -2.6617531091314777 1.0000121483094708
1647473319.3809822 39.474057907800926 -2.791474034684515 1.0010865965919984
1647473319.4809823 39.5439883056222 -2.9211949602375524 1.002161044874526
1647473319.5809822 39.61391870344348 -3.05091588579059 1.0032354931570535
1647473319.6809824 39.683849101264755 -3.1806368113436276 1.004309941439581
1647473319.7809823 39.753779499086036 -3.3103577368966652 1.0053843897221086
1647473319.8809822 39.82370989690731 -3.4400786624497024 1.0064588380046362
1647473319.9809823 39.88560314794088 -3.57962154137748 1.0063571952028771
1647473320.0809822 39.94284529846323 -3.72484838920232 1.005574947954309
1647473320.1809824 40.00008744898558 -3.870075237027159 1.0047927007057411
1647473320.2809823 40.05732959950793 -4.015302084851999 1.004010453457173
1647473320.3809822 40.09638667030085 -4.147993132053538 1.0031115482859616
1647473320.4809823 40.12490235970562 -4.273417526738718 1.0021450197843698
1647473320.5809822 40.15341804911039 -4.398841921423897 1.0011784912827781
1647473320.6809824 40.18193373851516 -4.524266316109077 1.0002119627811863
1647473320.7809823 40.196473233515995 -4.664642342585903 0.9988189528461231
1647473320.8809822 40.20291191828077 -4.813684557322771 0.9971787479263664
1647473320.9809823 40.20935060304554 -4.962726772059639 0.9955385430066097
1647473321.0809822 40.21578928781032 -5.111768986796507 0.993898338086853
1647473321.1809824 40.22026006210844 -5.258861768833669 0.9923111197599236
1647473321.2809823 40.22359016641391 -5.4048245912406045 0.990754614322363
1647473321.3809822 40.2269202707194 -5.550787413647541 0.9891981088848025
1647473321.4809823 40.23025037502487 -5.696750236054477 0.987641603447242
1647473321.5809822 40.220876731482036 -5.84423114979422 0.9825689154527549
1647473321.6809824 40.20311580000458 -5.992714340127557 0.9751747680049058
1647473321.7809823 40.185354868527135 -6.141197530460894 0.9677806205570566
1647473321.8809822 40.16759393704968 -6.28968072079423 0.9603864731092073
1647473321.9809823 40.149833005572226 -6.4381639111275675 0.9529923256613582
1647473322.0809822 40.13207207409478 -6.586647101460905 0.945598178213509
1647473322.1809824 40.114311142617325 -6.735130291794241 0.9382040307656598
1647473322.2809823 40.09655021113988 -6.883613482127578 0.9308098833178106
1647473322.3809822 40.05578924125665 -7.023014385975223 0.9270237003028723
1647473322.4809823 40.00068007220527 -7.1567494533968645 0.925488287106736
1647473322.5809822 39.9455709031539 -7.290484520818507 0.9239528739105997
1647473322.6809824 39.89046173410252 -7.424219588240148 0.9224174607144634
1647473322.7809823 39.82269159066101 -7.5694505845454865 0.919145698477292
1647473322.8809822 39.74701996810554 -7.721855976688853 0.91479031303234
1647473322.9809823 39.67134834555008 -7.874261368832219 0.9104349275873882
1647473323.0809822 39.59567672299461 -8.026666760975585 0.9060795421424362
1647473323.1809824 39.50565940320314 -8.164474386230665 0.9021275533582115
1647473323.2809823 39.40715560909863 -8.293646420500716 0.8984142016609757
1647473323.3809822 39.30865181499412 -8.422818454770768 0.89470084996374
1647473323.4809823 39.21014802088961 -8.55199048904082 0.8909874982665043
1647473323.5809822 39.106990557044774 -8.662664958962056 0.8896909272048453
1647473323.6809824 39.00123606044711 -8.763016654999056 0.8897430677658843
1647473323.7809823 38.89548156384945 -8.863368351036058 0.8897952083269233
1647473323.8809822 38.78972706725179 -8.96372004707306 0.8898473488879621
1647473323.9809823 38.6691460909008 -9.054004812734286 0.8884124869551631
1647473392.917482 12.475465621914324 -1.1566138295852308 1.267168488470977
1647473393.0174818 12.47552000845232 -1.1566209998956505 1.2671739429083522
1647473393.117482 12.475572461991607 -1.156627957768481 1.2671792119728993
1647473393.2174819 12.475503045936545 -1.1566215221078933 1.2671727938535717
1647473393.317482 12.475433629881483 -1.1566150864473057 1.2671663757342442
1647473393.417482 12.475364213826419 -1.156608650786718 1.2671599576149164
1647473393.5174818 12.47529649753101 -1.1566023577572941 1.267153695708213
1647473393.617482 12.475333769323363 -1.1566048745458493 1.2671570824978156
1647473393.7174819 12.475371041115716 -1.1566073913344044 1.267160469287418
1647473393.817482 12.47540831290807 -1.1566099081229597 1.2671638560770209
1647473393.917482 12.475445890213795 -1.1566124708701349 1.2671672756586307
1647473394.0174818 12.475502848839087 -1.156617949164663 1.2671727755170212
1647473394.117482 12.475559807464377 -1.1566234274591916 1.267178275375412
1647473394.2174819 12.475616766089669 -1.1566289057537198 1.2671837752338024
1647473394.317482 12.475671583614936 -1.1566341741563557 1.26718907356372
1647473394.417482 12.475579948282954 -1.1566250857951654 1.2671805871940076
1647473394.5174818 12.47548831295097 -1.1566159974339754 1.2671721008242953
1647473394.617482 12.475396677618988 -1.1566069090727853 1.267163614454583
1647473394.7174819 12.475309092650336 -1.1565982175590794 1.2671555209425278
1647473394.817482 12.475527002435939 -1.156619457884761 1.2671770583409854
1647473394.917482 12.475744912221542 -1.1566406982104427 1.267198595739443
1647473395.0174818 12.475962822007144 -1.1566619385361245 1.2672201331379007
1647473395.117482 12.476178123551689 -1.1566829132617105 1.2672414107298378
1647473395.2174819 12.476195554010317 -1.1566837385539483 1.2672429784110546
1647473395.317482 12.476212984468946 -1.1566845638461862 1.2672445460922714
1647473395.417482 12.476230414927574 -1.156685389138424 1.2672461137734883
1647473395.5174818 12.476247414078632 -1.1566861869612806 1.267247650889757
1647473395.617482 12.476232508002976 -1.1566849527844896 1.2672469270171844
1647473395.7174819 12.47621760192732 -1.1566837186076986 1.2672462031446121
1647473395.817482 12.476202695851665 -1.1566824844309076 1.2672454792720398
1647473395.917482 12.476187783899276 -1.1566812499056232 1.2672447538251712
1647473396.0174818 12.476165431054602 -1.156679574131154 1.2672420350655387
1647473396.117482 12.47614307820993 -1.156677898356685 1.267239316305906
1647473396.2174819 12.476120725365256 -1.156676222582216 1.2672365975462732
1647473396.317482 12.476098508302577 -1.1566745453147265 1.2672338998882293
1647473396.417482 12.47608617394588 -1.156672759379799 1.2672327380803425
1647473396.5174818 12.476073839589185 -1.1566709734448715 1.267231576272456
1647473396.617482 12.476061505232488 -1.1566691875099437 1.2672304144645692
1647473396.7174819 12.476045434036445 -1.1566670632182845 1.2672288718227562
1647473396.817482 12.475759098066792 -1.1566404674690685 1.2671997855845354
1647473396.917482 12.47547276209714 -1.1566138717198522 1.2671706993463145
1647473397.0174818 12.475186426127488 -1.1565872759706362 1.2671416131080935
1647473397.117482 12.474900228525332 -1.156560693383338 1.2671125408939483
1647473397.2174819 12.475086494687332 -1.1565790529206839 1.2671313546916332
1647473397.317482 12.475272760849332 -1.15659741245803 1.2671501684893183
1647473397.417482 12.47545902701133 -1.1566157719953762 1.2671689822870031
1647473397.5174818 12.475641096575346 -1.1566337123741308 1.2671873707684493
1647473397.617482 12.475510350134366 -1.1566204085125469 1.2671740560161926
1647473397.7174819 12.475379603693385 -1.1566071046509627 1.2671607412639359
1647473397.817482 12.475248857252403 -1.1565938007893786 1.267147426511679
1647473397.917482 12.475118240043926 -1.1565805120908144 1.2671341250178663
1647473398.0174818 12.475150268510989 -1.156586306823232 1.2671375099496576
1647473398.117482 12.475182296978051 -1.1565921015556495 1.2671408948814487
1647473398.2174819 12.475214325445114 -1.1565978962880672 1.26714427981324
1647473398.317482 12.475246627834164 -1.1566036403114461 1.2671476408852969
1647473398.417482 12.47529910831083 -1.1566056489230125 1.267149244362747
1647473398.5174818 12.475351588787495 -1.1566076575345792 1.2671508478401972
1647473398.617482 12.475404069264162 -1.1566096661461456 1.2671524513176473
1647473398.7174819 12.475456473240772 -1.156611670175207 1.2671540401802395
1647473398.817482 12.475420366057012 -1.1566083722100946 1.2671387195382653
1647473398.917482 12.475384258873252 -1.1566050742449825 1.267123398896291
1647473399.0174818 12.475348151689493 -1.1566017762798702 1.267108078254317
1647473399.117482 12.475311404732096 -1.1565984163495675 1.2670928013893084
1647473399.2174819 12.475227565413931 -1.1565904952949413 1.267080746852547
1647473399.317482 12.475143726095764 -1.1565825742403149 1.2670686923157854
1647473399.417482 12.475059886777597 -1.1565746531856884 1.2670566377790238
1647473399.5174818 12.47497803068267 -1.1565668982442405 1.267044786332267
1647473399.617482 12.475042694260273 -1.1565714156723639 1.267047939086941
1647473399.7174819 12.475107357837873 -1.156575933100487 1.267051091841615
1647473399.817482 12.475172021415474 -1.1565804505286101 1.2670542445962891
1647473399.917482 12.475236636050738 -1.1565849640625108 1.2670573932478135
1647473400.0174818 12.475205820992374 -1.1565818844879037 1.267052541416854
1647473400.117482 12.47517500593401 -1.1565788049132966 1.2670476895858949
1647473400.2174819 12.475144190875646 -1.1565757253386895 1.2670428377549354
1647473400.317482 12.475113375817282 -1.1565726457640824 1.267037985923976
1647473400.417482 12.475082560758919 -1.1565695661894753 1.2670331340930168
1647473400.5174818 12.475051745700554 -1.1565664866148682 1.2670282822620573
1647473400.617482 12.475020930642192 -1.1565634070402613 1.267023430431098
1647473400.7174819 12.47499142801409 -1.1565604552915145 1.2670187203445686
1647473400.817482 12.47506085937777 -1.156567139348179 1.2670246952770319
1647473400.917482 12.47513029074145 -1.1565738234048433 1.267030670209495
1647473401.0174818 12.475199722105133 -1.1565805074615079 1.267036645141958
1647473401.117482 12.475269270683809 -1.1565873279132644 1.2670426370508345
1647473401.2174819 12.475347700095186 -1.1566044823839887 1.267049915183247
1647473401.317482 12.475426129506562 -1.1566216368547129 1.2670571933156596
1647473401.417482 12.47550455891794 -1.1566387913254372 1.267064471448072
1647473401.5174818 12.475581707558636 -1.1566557566128 1.267071623239685
1647473401.617482 12.475563993117353 -1.1566587096206864 1.267069417323625
1647473401.7174819 12.475546278676072 -1.156661662628573 1.267067211407565
1647473401.817482 12.47552856423479 -1.1566646156364595 1.267065005491505
1647473401.917482 12.4755113487397 -1.1566675548897416 1.2670628736185177
1647473402.0174818 12.47553101786435 -1.1566694773332742 1.2670662153830325
1647473402.117482 12.475550686989003 -1.156671399776807 1.2670695571475472
1647473402.2174819 12.475570356113655 -1.1566733222203398 1.267072898912062
1647473402.317482 12.475591200516327 -1.1566753283463986 1.267076326811554
1647473402.417482 12.475700421530894 -1.1566836270925975 1.2670862317465263
1647473402.5174818 12.475809642545462 -1.1566919258387964 1.267096136681499
1647473402.617482 12.475918863560029 -1.1567002245849953 1.2671060416164714
1647473402.7174819 12.476026715371553 -1.1567084501920224 1.2671158199498944
1647473402.817482 12.476019050164542 -1.1567105051882614 1.2671149171548841
1647473402.917482 12.47601138495753 -1.1567125601845003 1.2671140143598736
1647473403.0174818 12.47600371975052 -1.1567146151807393 1.2671131115648633
1647473403.117482 12.475992269620066 -1.156716271371232 1.2671118265327923
1647473403.2174819 12.475586412387267 -1.1566763700979705 1.2670707105731462
1647473403.317482 12.475180555154466 -1.1566364688247088 1.2670295946135002
1647473403.417482 12.474774697921667 -1.1565965675514471 1.2669884786538541
1647473403.5174818 12.474373269291556 -1.1565570834609955 1.2669478026757317
1647473403.617482 12.474501880211823 -1.156567530105937 1.2669597861085733
1647473403.7174819 12.474630491132089 -1.1565779767508784 1.2669717695414147
1647473403.817482 12.474759102052356 -1.1565884233958197 1.2669837529742562
1647473403.917482 12.474887712972624 -1.156598870040761 1.2669957364070976
1647473404.0174818 12.474755216705924 -1.1565868245917819 1.266981956619404
1647473404.117482 12.47462146690372 -1.1565746711617138 1.2669680531464453
1647473404.2174819 12.474487717101516 -1.1565625177316456 1.2669541496734864
1647473404.317482 12.474353967299312 -1.1565503643015775 1.2669402462005275
1647473404.417482 12.474340939363909 -1.1565499445290168 1.2669395195718665
1647473404.5174818 12.47432842576343 -1.1565495747476466 1.2669388490830862
1647473404.617482 12.47431591216295 -1.1565492049662764 1.2669381785943057
1647473404.7174819 12.474303398562473 -1.156548835184906 1.2669375081055254
1647473404.817482 12.474414393768017 -1.1565580479494022 1.2669484975458858
1647473404.917482 12.474525986617925 -1.1565673070826932 1.266959543407251
1647473405.0174818 12.474637579467833 -1.1565765662159844 1.266970589268616
1647473405.117482 12.474749172317741 -1.1565858253492753 1.266981635129981
1647473405.2174819 12.47477608733158 -1.1565954982879696 1.2669847357743478
1647473405.317482 12.474802635711493 -1.156605173018338 1.266987802017905
1647473405.417482 12.474829184091403 -1.1566148477487064 1.2669908682614621
1647473405.5174818 12.474855732471314 -1.1566245224790748 1.2669939345050194
1647473405.617482 12.47482117380806 -1.1566230228364602 1.2669907319059734
1647473405.7174819 12.474786333309185 -1.1566214716558199 1.2669875003940057
1647473405.817482 12.474751492810308 -1.1566199204751795 1.2669842688820379
1647473405.917482 12.47471665231143 -1.156618369294539 1.26698103737007
1647473406.0174818 12.474839287630004 -1.1566309777767831 1.266993971783171
1647473406.117482 12.474962955027015 -1.1566436790598327 1.2670070121458898
1647473406.2174819 12.475086622424026 -1.1566563803428824 1.2670200525086086
1647473406.317482 12.475210289821037 -1.156669081625932 1.2670330928713276
1647473406.417482 12.475245946319218 -1.1566680281353063 1.2670368307457929
1647473406.5174818 12.475281006568729 -1.1566668814600227 1.267040505598561
1647473406.617482 12.475316066818241 -1.156665734784739 1.2670441804513288
1647473406.7174819 12.475351127067752 -1.1566645881094555 1.267047855304097
1647473406.817482 12.475410361525626 -1.1566713743094548 1.2670530574548156
1647473406.917482 12.475469765857358 -1.1566782162543257 1.2670582703379643
1647473407.0174818 12.475529170189091 -1.1566850581991965 1.267063483221113
1647473407.117482 12.475588574520824 -1.1566919001440674 1.2670686961042616
1647473407.2174819 12.47540192450477 -1.1566766646447462 1.2670489803209082
1647473407.317482 12.475213598740266 -1.1566612787874115 1.2670290947613463
1647473407.417482 12.475025272975762 -1.156645892930077 1.2670092092017844
1647473407.5174818 12.474836947211259 -1.1566305070727423 1.2669893236422223
1647473407.617482 12.474939079799054 -1.1566375383810874 1.266999982357993
1647473407.7174819 12.475043289137936 -1.1566447299701506 1.2670108594625844
1647473407.817482 12.47514749847682 -1.1566519215592137 1.2670217365671759
1647473407.917482 12.475251707815703 -1.156659113148277 1.2670326136717676
1647473408.0174818 12.475232974880562 -1.1566562298934078 1.267030058868177
1647473408.117482 12.475213328598555 -1.1566532717918088 1.2670274042779885
1647473408.2174819 12.475193682316545 -1.1566503136902098 1.2670247496878002
1647473408.317482 12.475174036034536 -1.1566473555886108 1.2670220950976117
1647473408.417482 12.47517131505376 -1.1566497939119451 1.267020607207827
1647473408.5174818 12.475168712705447 -1.1566522700597865 1.2670191274956537
1647473408.617482 12.475166110357133 -1.1566547462076282 1.2670176477834805
1647473408.7174819 12.475163508008821 -1.1566572223554696 1.2670161680713072
1647473408.817482 12.475167059443022 -1.15665388149465 1.2670088287315795
1647473408.917482 12.475170655638284 -1.1566504983223787 1.2670014467704012
1647473409.0174818 12.475174251833545 -1.1566471151501072 1.2669940648092228
1647473409.117482 12.475177757099228 -1.1566437378585286 1.2669867057232802
1647473409.2174819 12.475160555698746 -1.1566416997301292 1.2669845558319306
1647473409.317482 12.475143354298265 -1.1566396616017296 1.266982405940581
1647473409.417482 12.475126152897783 -1.1566376234733302 1.2669802560492314
1647473409.5174818 12.475108951497303 -1.1566355853449306 1.2669781061578818
1647473409.617482 12.47514104218654 -1.15663811455048 1.2669797346345617
1647473409.7174819 12.475173546538935 -1.1566406820854611 1.266981394819608
1647473409.817482 12.47520605089133 -1.1566432496204424 1.2669830550046544
1647473409.917482 12.475238633230978 -1.1566458248284766 1.2669847017257325
1647473410.0174818 12.475288828349049 -1.1566501329323418 1.2669833077204722
1647473410.117482 12.47533902346712 -1.156654441036207 1.266981913715212
1647473410.2174819 12.475389218585192 -1.1566587491400722 1.2669805197099517
1647473410.317482 12.475439005295593 -1.1566630235139042 1.2669790903438403
1647473410.417482 12.475347701486042 -1.1566556453448136 1.2669654450442946
1647473410.5174818 12.475256397676489 -1.1566482671757228 1.2669517997447493
1647473410.617482 12.475165093866938 -1.1566408890066322 1.2669381544452036
1647473410.7174819 12.475074248306003 -1.1566335304347017 1.266924553883802
1647473410.817482 12.47513226349191 -1.15663253794399 1.2669254863799406
1647473410.917482 12.475190278677815 -1.1566315454532778 1.2669264188760792
1647473411.0174818 12.47524829386372 -1.1566305529625658 1.2669273513722177
1647473411.117482 12.475306057925549 -1.1566295464747451 1.2669282621081532
1647473411.2174819 12.47518240859836 -1.156618428400058 1.2669134531560278
1647473411.317482 12.475058759271173 -1.156607310325371 1.2668986442039025
1647473411.417482 12.474935109943985 -1.1565961922506838 1.266883835251777
1647473411.5174818 12.47481163529124 -1.1565850937066349 1.2668690472863589
1647473411.617482 12.474794103836556 -1.1565858408466838 1.266866988137092
1647473411.7174819 12.47477657238187 -1.1565865879867325 1.2668649289878253
1647473411.817482 12.474759040927186 -1.1565873351267815 1.2668628698385584
1647473411.917482 12.474741393478887 -1.1565880590130027 1.2668607957918336
1647473412.0174818 12.474687171789888 -1.1565814506758776 1.2668540243898458
1647473412.117482 12.474632950100888 -1.1565748423387525 1.2668472529878583
1647473412.2174819 12.474578728411888 -1.1565682340016274 1.2668404815858707
1647473412.317482 12.474524644901036 -1.1565616438474782 1.2668337303694857
1647473412.417482 12.474509833057368 -1.1565602214842685 1.2668327161113697
1647473412.5174818 12.474495021213702 -1.1565587991210589 1.2668317018532538
1647473412.617482 12.474480209370034 -1.1565573767578492 1.2668306875951378
1647473412.7174819 12.474465397526368 -1.1565559543946395 1.2668296733370221
1647473412.817482 12.474523391795916 -1.1565614756126454 1.2668353905827725
1647473412.917482 12.474582995771998 -1.1565671503497386 1.2668412566586866
1647473413.0174818 12.47464259974808 -1.1565728250868317 1.2668471227346008
1647473413.117482 12.474702203724162 -1.1565784998239248 1.266852988810515
1647473413.2174819 12.474607933286343 -1.15656216550611 1.2668415536640363
1647473413.317482 12.474511948978954 -1.1565455860491036 1.2668299258147044
1647473413.417482 12.474415964671566 -1.1565290065920972 1.2668182979653728
1647473413.5174818 12.474320032560938 -1.1565124366395687 1.2668066767145556
1647473413.617482 12.474319901649615 -1.1565133110722667 1.2668071662845029
1647473413.7174819 12.474319770738294 -1.1565141855049645 1.2668076558544503
1647473413.817482 12.474319639826973 -1.1565150599376626 1.2668081454243976
1647473413.917482 12.474319508915652 -1.1565159343703604 1.2668086349943448
1647473414.0174818 12.474568140384598 -1.156541088893825 1.2668340521608579
1647473414.117482 12.47481977797006 -1.1565665368249254 1.2668597705596538
1647473414.2174819 12.475071415555522 -1.1565919847560255 1.2668854889584498
1647473414.317482 12.475323053140983 -1.156617432687126 1.2669112073572457
1647473414.417482 12.475372731334884 -1.1566210777291768 1.2669163030488453
1647473414.5174818 12.47541738664927 -1.156624180517243 1.2669208858384562
1647473414.617482 12.475462041963656 -1.1566272833053095 1.2669254686280669
1647473414.7174819 12.47550669727804 -1.1566303860933758 1.2669300514176778
1647473414.817482 12.475536755236002 -1.1566358907678982 1.266931056914058
1647473414.917482 12.475566429779747 -1.1566414585303788 1.2669319684492413
1647473415.0174818 12.475596104323493 -1.1566470262928596 1.2669328799844248
1647473415.117482 12.475625778867238 -1.1566525940553403 1.2669337915196082
1647473415.2174819 12.475633990683443 -1.1566557042174315 1.2669307999156354
1647473415.317482 12.47564164019307 -1.156658749992326 1.2669277060524873
1647473415.417482 12.475649289702698 -1.1566617957672205 1.2669246121893394
1647473415.5174818 12.475656939212326 -1.1566648415421148 1.2669215183261913
1647473415.617482 12.475634585384864 -1.1566620790897806 1.2669202268657798
1647473415.7174819 12.475612192764743 -1.1566593091277293 1.2669189377357755
1647473415.817482 12.475589800144622 -1.156656539165678 1.2669176486057712
1647473415.917482 12.475565503507406 -1.1566536133042937 1.2669161542467158
1647473416.0174818 12.475365406688852 -1.1566362930705887 1.2668957108433223
1647473416.117482 12.475165309870299 -1.1566189728368836 1.2668752674399286
1647473416.2174819 12.474965213051744 -1.1566016526031786 1.266854824036535
1647473416.317482 12.474765116233192 -1.1565843323694736 1.2668343806331412
1647473416.417482 12.474789398349696 -1.1565871775095486 1.2668375496934943
1647473416.5174818 12.474814037531617 -1.1565900547397916 1.2668407563295414
1647473416.617482 12.47483867671354 -1.1565929319700343 1.2668439629655885
1647473416.7174819 12.474863315895462 -1.156595809200277 1.2668471696016357
1647473416.817482 12.4748755721639 -1.156598992964301 1.2668480904995003
1647473416.917482 12.474887801839927 -1.1566021773866089 1.2668490064887232
1647473417.0174818 12.474900031515956 -1.1566053618089167 1.2668499224779461
1647473417.117482 12.474912261191983 -1.1566085462312246 1.2668508384671688
1647473417.2174819 12.47492449086801 -1.1566117306535324 1.2668517544563918
1647473417.317482 12.47493672054404 -1.1566149150758402 1.2668526704456147
1647473417.417482 12.474948950220067 -1.156618099498148 1.2668535864348376
1647473417.5174818 12.474961179896095 -1.156621283920456 1.2668545024240605
1647473417.617482 12.474976080906787 -1.156622373716272 1.2668558168289097
1647473417.7174819 12.474990987269189 -1.1566234593157467 1.2668571320319386
1647473417.817482 12.47500589363159 -1.1566245449152215 1.2668584472349673
1647473417.917482 12.47502079999399 -1.1566256305146965 1.266859762437996
1647473418.0174818 12.475146614063739 -1.1566398094818224 1.2668728817493307
1647473418.117482 12.475272668751932 -1.1566540168555022 1.2668860266701227
1647473418.2174819 12.475398723440126 -1.156668224229182 1.2668991715909146
1647473418.317482 12.47552477812832 -1.1566824316028619 1.2669123165117064
1647473418.417482 12.475488051108817 -1.15667917926088 1.2669073937383315
1647473418.5174818 12.475451007014629 -1.1566758929099545 1.266902435771761
1647473418.617482 12.475413962920442 -1.1566726065590291 1.2668974778051905
1647473418.7174819 12.475376918826253 -1.1566693202081038 1.26689251983862
1647473418.817482 12.475463440400048 -1.1566761592932224 1.2669012587898658
1647473418.917482 12.475550206624698 -1.156683018425953 1.2669100248599923
1647473419.0174818 12.475636972849346 -1.1566898775586834 1.2669187909301187
1647473422.9183047 12.47577431515023 -1.1567173334545213 1.2669107205106183
1647473423.0183046 12.4757696057079 -1.156715266084975 1.2669092833513411
1647473423.1183047 12.475764896265568 -1.1567131987154289 1.2669078461920638
1647473423.2183046 12.475785351483633 -1.1567121798350477 1.2669061288606145
1647473423.3183048 12.475805811154281 -1.156711161140184 1.2669044114795922
1647473423.4183047 12.475826270824928 -1.1567101424453203 1.26690269409857
1647473423.5183046 12.475846727353378 -1.156709123921452 1.2669009765028345
1647473423.6183047 12.475847035138381 -1.1567092018733705 1.2668978821005101
1647473423.7183046 12.475847342923384 -1.1567092798252887 1.266894787698186
1647473423.8183048 12.475847650708387 -1.1567093577772072 1.2668916932958618
1647473423.9183047 12.475847953427774 -1.1567094352882086 1.2668885985805858
1647473424.0183046 12.475830845864644 -1.1567079973879353 1.2668844282648761
1647473424.1183047 12.475813738301515 -1.1567065594876622 1.2668802579491667
1647473424.2183046 12.475796630738383 -1.156705121587389 1.266876087633457
1647473424.3183048 12.475779513501626 -1.15670368231118 1.266871915687868
1647473424.4183047 12.475735464281795 -1.156698412343943 1.266863206056753
1647473424.5183046 12.475691415061966 -1.1566931423767057 1.266854496425638
1647473424.6183047 12.475647365842136 -1.1566878724094685 1.2668457867945229
1647473424.7183046 12.475603275774978 -1.1566825985501836 1.2668370741478299
1647473424.8183048 12.475442040430048 -1.156666162761027 1.266819713182163
1647473424.9183047 12.475280805085118 -1.1566497269718705 1.2668023522164962
1647473425.0183046 12.475119569740189 -1.1566332911827142 1.266784991250829
1647473425.1183047 12.47496097755259 -1.1566170834446174 1.2667678292443973
1647473425.2183046 12.4750138939111 -1.1566191246194943 1.2667665881890415
1647473425.3183048 12.47506681026961 -1.1566211657943712 1.2667653471336857
1647473425.4183047 12.475119726628119 -1.1566232069692481 1.26676410607833
1647473425.5183046 12.475172226704395 -1.1566252265847672 1.2667628371619435
1647473425.6183047 12.4751877423636 -1.1566253307683738 1.2667590929441992
1647473425.7183046 12.475203258022804 -1.1566254349519807 1.266755348726455
1647473425.8183048 12.475218773682009 -1.1566255391355873 1.2667516045087106
1647473425.9183047 12.475233875630597 -1.1566256026282802 1.266747854600678
1647473426.0183046 12.475214427999429 -1.1566222679631508 1.2667436294883343
1647473426.1183047 12.475194980368261 -1.1566189332980212 1.2667394043759903
1647473426.2183046 12.475175532737094 -1.1566155986328917 1.2667351792636465
1647473426.3183048 12.475154892365401 -1.156612170962481 1.2667308067992256
1647473426.4183047 12.475031515941504 -1.1566007323330836 1.266713742244302
1647473426.5183046 12.47490813951761 -1.1565892937036861 1.2666966776893784
1647473426.6183047 12.474784763093712 -1.1565778550742887 1.2666796131344549
1647473426.7183046 12.47466446649921 -1.1565666729301616 1.2666628974899636
1647473426.8183048 12.4748134323924 -1.156577914710573 1.2666766862919767
1647473426.9183047 12.47496239828559 -1.1565891564909847 1.2666904750939896
1647473427.0183046 12.47511136417878 -1.1566003982713962 1.2667042638960027
1647473427.1183047 12.475260052164979 -1.156611668050838 1.2667179715103583
1647473427.2183046 12.475384248063374 -1.156625405399382 1.2667245240142284
1647473427.3183048 12.475508443961772 -1.1566391427479261 1.2667310765180986
1647473427.4183047 12.475632639860168 -1.15665288009647 1.2667376290219687
1647473427.5183046 12.47575485477203 -1.1566663933351464 1.2667440427687864
1647473427.6183047 12.475678227453253 -1.1566574114658628 1.2667365287269137
1647473427.7183046 12.475601600134476 -1.1566484295965793 1.266729014685041
1647473427.8183048 12.475524972815702 -1.1566394477272959 1.2667215006431682
1647473427.9183047 12.475449194409771 -1.1566305662605951 1.2667140750470889
1647473428.0183046 12.47546149312897 -1.1566321018477859 1.2667158259539328
1647473428.1183047 12.475473791848168 -1.1566336374349764 1.2667175768607768
1647473428.2183046 12.475486090567365 -1.156635173022167 1.2667193277676208
1647473428.3183048 12.475498267499628 -1.1566366837478812 1.2667210597177827
1647473428.4183047 12.475498370940182 -1.1566357298018117 1.2667209123749095
1647473428.5183046 12.475498474380737 -1.1566347758557423 1.2667207650320362
1647473428.6183047 12.475498577821291 -1.1566338219096728 1.266720617689163
1647473428.7183046 12.475498681261847 -1.156632867963603 1.2667204703462895
1647473428.8183048 12.4754987847024 -1.1566319140175336 1.2667203230034163
1647473428.9183047 12.475498888142956 -1.1566309600714642 1.266720175660543
1647473429.0183046 12.475498991583512 -1.1566300061253947 1.2667200283176698
1647473429.1183047 12.475498553317964 -1.1566290022045667 1.2667198164889328
1647473429.2183046 12.475444272152197 -1.1566230310405659 1.2667131950851374
1647473429.3183048 12.475389990986429 -1.1566170598765648 1.2667065736813417
1647473429.4183047 12.47533570982066 -1.156611088712564 1.266699952277546
1647473429.5183046 12.475279278126614 -1.156604921818705 1.2666931236170054
1647473429.6183047 12.474992067268222 -1.156577750609947 1.2666640536593392
1647473429.7183046 12.47470485640983 -1.1565505794011892 1.2666349837016728
1647473429.8183048 12.474417645551437 -1.1565234081924314 1.2666059137440064
1647473429.9183047 12.47413273171935 -1.1564964635297892 1.26657707414535
1647473430.0183046 12.474112846796045 -1.1564956575620295 1.266574813169994
1647473430.1183047 12.47409296187274 -1.1564948515942701 1.2665725521946385
1647473430.2183046 12.474073076949434 -1.1564940456265105 1.2665702912192829
1647473430.3183048 12.474053824950884 -1.1564932965957337 1.266568096792065
1647473430.4183047 12.474105754096122 -1.1564989509162487 1.2665733866234523
1647473430.5183046 12.47415768324136 -1.1565046052367636 1.2665786764548397
1647473430.6183047 12.474209612386597 -1.1565102595572787 1.266583966286227
1647473430.7183046 12.474260335988655 -1.1565157814065155 1.2665891354233818
1647473430.8183048 12.47417130799113 -1.156505946632017 1.2665803131810933
1647473430.9183047 12.474082279993606 -1.156496111857518 1.2665714909388048
1647473431.0183046 12.473993251996083 -1.1564862770830195 1.2665626686965163
1647473431.1183047 12.473905201189627 -1.1564765404684982 1.2665539451207548
1647473431.2183046 12.473937441801093 -1.1564788872665572 1.2665573673134218
1647473431.3183048 12.47396968241256 -1.1564812340646164 1.2665607895060889
1647473431.4183047 12.474001923024026 -1.1564835808626754 1.2665642116987559
1647473431.5183046 12.474036237744672 -1.156486125124727 1.2665678405138305
1647473431.6183047 12.474326132795879 -1.1565130017184835 1.266596930198482
1647473431.7183046 12.474616027847086 -1.1565398783122398 1.2666260198831336
1647473431.8183048 12.474905922898294 -1.1565667549059961 1.266655109567785
1647473431.9183047 12.47519249487348 -1.1565933557516623 1.266683863389995
1647473432.0183046 12.475123070740176 -1.1565904161214298 1.266676636776791
1647473432.1183047 12.47505364660687 -1.1565874764911974 1.2666694101635867
1647473432.2183046 12.474984222473566 -1.156584536860965 1.2666621835503824
1647473432.3183048 12.47491479834026 -1.1565815972307327 1.2666549569371783
1647473432.4183047 12.474979045302089 -1.1565848522075364 1.26666211011299
1647473432.5183046 12.475043789488824 -1.1565881302268153 1.2666693167782208
1647473432.6183047 12.47510853367556 -1.1565914082460942 1.2666765234434518
1647473432.7183046 12.475172628996196 -1.156594629543694 1.2666836616977117
1647473432.8183048 12.475138126530082 -1.1565892317563304 1.266680404632592
1647473432.9183047 12.47510362406397 -1.1565838339689671 1.2666771475674723
1647473433.0183046 12.475069121597857 -1.1565784361816036 1.2666738905023525
1647473433.1183047 12.475034619131744 -1.1565730383942403 1.2666706334372326
1647473433.2183046 12.475000116665631 -1.1565676406068768 1.266667376372113
1647473433.3183048 12.474965614199517 -1.1565622428195135 1.2666641193069932
1647473433.4183047 12.474931111733405 -1.15655684503215 1.2666608622418734
1647473433.5183046 12.474897352848162 -1.1565515200756373 1.266657673588176
1647473433.6183047 12.474961973324426 -1.1565558309944977 1.2666635360980107
1647473433.7183046 12.47502659380069 -1.156560141913358 1.2666693986078452
1647473433.8183048 12.475091214276953 -1.1565644528322183 1.26667526111768
1647473433.9183047 12.475156046309023 -1.1565687562686107 1.2666811567762608
1647473434.0183046 12.475248045044232 -1.1565720988522066 1.2666913091941792
1647473434.1183047 12.475340043779443 -1.1565754414358027 1.2667014616120977
1647473434.2183046 12.475432042514655 -1.1565787840193988 1.266711614030016
1647473434.3183048 12.475523943357818 -1.156582162225709 1.266721742900351
1647473434.4183047 12.475600687634465 -1.1565910558754184 1.2667282259125174
1647473434.5183046 12.47567743191111 -1.1565999495251278 1.2667347089246839
1647473434.6183047 12.475754176187758 -1.1566088431748371 1.2667411919368503
1647473434.7183046 12.475831028948837 -1.1566177415951193 1.2667476974904834
1647473434.8183048 12.475925007401171 -1.1566273931129223 1.2667577615103731
1647473434.9183047 12.476018985853505 -1.1566370446307255 1.2667678255302626
1647473435.0183046 12.47611296430584 -1.1566466961485284 1.2667778895501522
1647473435.1183047 12.476205762090952 -1.1566562404054115 1.2667878328677684
1647473435.2183046 12.476113977270256 -1.1566490157542006 1.266778905889191
1647473435.3183048 12.476022192449557 -1.1566417911029896 1.2667699789106135
1647473435.4183047 12.475930407628859 -1.1566345664517788 1.266761051932036
1647473435.5183046 12.47583895023889 -1.1566273424249607 1.2667521556158166
1647473435.6183047 12.475802134360157 -1.1566202225965851 1.266748376221815
1647473435.7183046 12.475765318481423 -1.1566131027682096 1.2667445968278135
1647473435.8183048 12.47572850260269 -1.156605982939834 1.2667408174338117
1647473435.9183047 12.475691915741317 -1.1565989147391513 1.2667370619502818
1647473436.0183046 12.475689356939728 -1.1565995175299584 1.2667368591535915
1647473436.1183047 12.475686798138138 -1.1566001203207654 1.2667366563569014
1647473436.2183046 12.47568423933655 -1.1566007231115725 1.266736453560211
1647473436.3183048 12.47568120552241 -1.1566012585434875 1.2667361995907762
1647473436.4183047 12.475607200579883 -1.1565917299538322 1.2667282999551157
1647473436.5183046 12.475533195637357 -1.1565822013641769 1.2667204003194552
1647473436.6183047 12.475459190694833 -1.1565726727745216 1.2667125006837947
1647473436.7183046 12.475385532341772 -1.1565631858537402 1.2667046387130385
1647473436.8183048 12.475370760616235 -1.15656077860417 1.2667031761266243
1647473436.9183047 12.475355988890698 -1.1565583713546002 1.2667017135402099
1647473437.0183046 12.47534121716516 -1.15655596410503 1.2667002509537955
1647473437.1183047 12.475326029996461 -1.1565535202545585 1.26669874484799
1647473437.2183046 12.475246859758462 -1.1565454394403827 1.2666905362507832
1647473437.3183048 12.475167689520461 -1.1565373586262069 1.2666823276535764
1647473437.4183047 12.47508851928246 -1.156529277812031 1.2666741190563693
1647473437.5183046 12.475010196409475 -1.1565212889706262 1.2666659964536506
1647473437.6183047 12.47506210629776 -1.1565274355581314 1.2666710904688558
1647473437.7183046 12.475114016186046 -1.1565335821456368 1.266676184484061
1647473437.8183048 12.47516592607433 -1.156539728733142 1.2666812784992663
1647473437.9183047 12.475217984107477 -1.1565458748571666 1.26668639407224
1647473438.0183046 12.475292038136887 -1.1565519521653016 1.2666947104622295
1647473438.1183047 12.475366092166297 -1.1565580294734368 1.2667030268522188
1647473438.2183046 12.475440146195707 -1.1565641067815717 1.2667113432422081
1647473438.3183048 12.475514200225117 -1.156570184089707 1.2667196596321975
1647473438.4183047 12.475450540617185 -1.1565641297106375 1.2667125944042559
1647473438.5183046 12.475386019221103 -1.1565579994135657 1.266705432920807
1647473438.6183047 12.475321497825023 -1.1565518691164938 1.266698271437358
1647473438.7183046 12.475257597177142 -1.1565458022575343 1.2666911852952716
1647473438.8183048 12.475292064706524 -1.1565497882532925 1.2666960382816415
1647473438.9183047 12.475326532235906 -1.1565537742490508 1.2667008912680113
1647473439.0183046 12.475360999765288 -1.156557760244809 1.2667057442543814
1647473439.1183047 12.475394506618219 -1.156561645218405 1.266710493723551
1647473439.2183046 12.475278163114945 -1.1565497723299498 1.2666990961441031
1647473439.3183048 12.47516181961167 -1.1565378994414945 1.2666876985646554
1647473439.4183047 12.475045476108395 -1.1565260265530393 1.2666763009852078
1647473439.5183046 12.474930861888383 -1.1565143136750144 1.2666650737319862
1647473439.6183047 12.47509194876636 -1.1565281113956425 1.2666810017335137
1647473439.7183046 12.475253035644336 -1.1565419091162705 1.2666969297350412
1647473439.8183048 12.475414122522311 -1.1565557068368988 1.266712857736569
1647473439.9183047 12.475574751509034 -1.1565694777956497 1.2667287400716112
1647473440.0183046 12.475646427997447 -1.156578049843473 1.2667357509815411
1647473440.1183047 12.475718104485859 -1.1565866218912964 1.2667427618914708
1647473440.2183046 12.475789780974269 -1.1565951939391197 1.2667497728014006
1647473440.3183048 12.475861073834384 -1.1566037235238729 1.2667567456520756
1647473440.4183047 12.475858552510958 -1.1566040827601884 1.266756395495433
1647473440.5183046 12.475856031187533 -1.156604441996504 1.2667560453387905
1647473440.6183047 12.475853509864105 -1.1566048012328196 1.266755695182148
1647473440.7183046 12.47585098854068 -1.1566051604691352 1.2667553450255054
1647473440.8183048 12.475848467217254 -1.156605519705451 1.2667549948688628
1647473440.9183047 12.475845945893827 -1.1566058789417666 1.2667546447122202
1647473441.0183046 12.475843424570401 -1.1566062381780822 1.2667542945555776
1647473441.1183047 12.475840810843234 -1.1566065733181459 1.266753933779425
1647473441.2183046 12.475821237012196 -1.1566024857483577 1.2667516238614678
1647473441.3183048 12.47580166318116 -1.1565983981785692 1.2667493139435106
1647473441.4183047 12.475782089350123 -1.156594310608781 1.2667470040255535
1647473441.5183046 12.475762552146595 -1.156590248559368 1.266744702744912
1647473441.6183047 12.47574993164733 -1.1565910057535653 1.266744032526841
1647473441.7183046 12.475737311148066 -1.1565917629477627 1.2667433623087703
1647473441.8183048 12.475724690648802 -1.1565925201419598 1.2667426920906992
1647473441.9183047 12.475711619418984 -1.156593214505409 1.266741971901135
1647473442.0183046 12.47561644429009 -1.1565824637840287 1.2667321490350025
1647473442.1183047 12.475521269161197 -1.1565717130626487 1.26672232616887
1647473442.2183046 12.475426094032303 -1.1565609623412685 1.2667125033027375
1647473442.3183048 12.475330918903408 -1.1565502116198882 1.266702680436605
1647473442.4183047 12.475235743774514 -1.156539460898508 1.2666928575704726
1647473442.5183046 12.47514056864562 -1.156528710177128 1.2666830347043398
1647473442.6183047 12.475045393516725 -1.1565179594557478 1.2666732118382074
1647473442.7183046 12.474949750228454 -1.1565072037358928 1.2666633425294258
1647473442.8183048 12.47478351246187 -1.1564956942882696 1.2666464700616082
1647473442.9183047 12.474617274695289 -1.1564841848406462 1.2666295975937905
1647473443.0183046 12.474451036928706 -1.156472675393023 1.266612725125973
1647473443.1183047 12.474286494847739 -1.156461293503855 1.2665960225283377
1647473443.2183046 12.474445194088279 -1.1564742275392876 1.2666117015595517
1647473443.3183048 12.474603893328819 -1.1564871615747203 1.2666273805907657
1647473443.4183047 12.474762592569357 -1.156500095610153 1.2666430596219798
1647473443.5183046 12.474919898036257 -1.1565129152759743 1.266658600389471
1647473443.6183047 12.474790961448152 -1.1565022466280273 1.266645745662196
1647473443.7183046 12.474662024860049 -1.1564915779800802 1.2666328909349207
1647473443.8183048 12.474533088271944 -1.156480909332133 1.2666200362076454
1647473443.9183047 12.474405273745091 -1.1564703291359462 1.266607293700195
1647473444.0183046 12.474497081349138 -1.1564770616880764 1.2666165160872587
1647473444.1183047 12.474588888953186 -1.1564837942402064 1.266625738474322
1647473444.2183046 12.474680696557233 -1.1564905267923364 1.2666349608613856
1647473444.3183048 12.474772267272746 -1.1564972553954203 1.2666441617994237
1647473444.4183047 12.474816639444557 -1.156503197175976 1.2666490891546605
1647473444.5183046 12.474861011616365 -1.1565091389565316 1.2666540165098972
1647473444.6183047 12.474905383788176 -1.1565150807370874 1.2666589438651337
1647473444.7183046 12.47495026492488 -1.1565210561154362 1.2666639211263102
1647473444.8183048 12.475096427749781 -1.1565337173010637 1.2666788294414515
1647473444.9183047 12.475242590574682 -1.1565463784866912 1.266693737756593
1647473445.0183046 12.475388753399585 -1.1565590396723187 1.2667086460717343
1647473445.1183047 12.475534282460487 -1.156571646843328 1.2667234879840716
1647473445.2183046 12.475521917195524 -1.1565707969518693 1.266721786473317
1647473445.3183048 12.475509551930562 -1.1565699470604107 1.2667200849625622
1647473445.4183047 12.4754971866656 -1.1565690971689522 1.2667183834518074
1647473445.5183046 12.475484733496625 -1.1565682185419062 1.2667166325898618
1647473445.6183047 12.475449156435593 -1.1565597807761203 1.2667018994807382
1647473445.7183046 12.475413579374562 -1.1565513430103345 1.2666871663716146
1647473445.8183048 12.47537800231353 -1.1565429052445484 1.2666724332624912
1647473445.9183047 12.475342433642508 -1.156534469754247 1.2666577229696552
1647473446.0183046 12.475308791174452 -1.1565265566764165 1.2666482509078623
1647473446.1183047 12.475275148706395 -1.1565186435985857 1.2666387788460693
1647473446.2183046 12.475241506238339 -1.1565107305207551 1.2666293067842764
1647473446.3183048 12.475207236043298 -1.1565027789903353 1.2666197971288444
1647473446.4183047 12.475058851227633 -1.1564878371556284 1.2666034533178696
1647473446.5183046 12.474910466411968 -1.1564728953209213 1.2665871095068946
1647473446.6183047 12.474762081596305 -1.1564579534862145 1.2665707656959198
1647473446.7183046 12.474614598531803 -1.1564430900913276 1.2665545110390155
1647473446.8183048 12.474617429878206 -1.156441301961387 1.2665531176233944
1647473446.9183047 12.474620261224608 -1.1564395138314463 1.2665517242077733
1647473447.0183046 12.474623092571012 -1.1564377257015057 1.2665503307921522
1647473447.1183047 12.474625923917413 -1.156435937571565 1.266548937376531
1647473447.2183046 12.474628755263817 -1.1564341494416241 1.26654754396091
1647473447.3183048 12.47463158661022 -1.1564323613116836 1.266546150545289
1647473447.4183047 12.474634417956622 -1.1564305731817428 1.266544757129668
1647473447.5183046 12.474636667072078 -1.156428738967921 1.2665433095831422
1647473447.6183047 12.474550157170151 -1.1564198794319265 1.2665336099745734
1647473447.7183046 12.474463647268227 -1.156411019895932 1.2665239103660046
1647473447.8183048 12.474377137366302 -1.1564021603599375 1.2665142107574359
1647473447.9183047 12.474291485288617 -1.1563934015046982 1.2665046081395268
1647473448.0183046 12.474343199580892 -1.156400765007914 1.2665105369722538
1647473448.1183047 12.474394913873166 -1.1564081285111298 1.2665164658049808
1647473448.2183046 12.47444662816544 -1.1564154920143457 1.2665223946377078
1647473448.3183048 12.47449888432176 -1.156422875764952 1.2665283779748073
1647473448.4183047 12.474632747916775 -1.1564333088739474 1.266542569943383
1647473448.5183046 12.474766611511791 -1.1564437419829425 1.2665567619119587
1647473448.6183047 12.474900475106809 -1.1564541750919377 1.266570953880534
1647473448.7183046 12.4750338931322 -1.1564645826723037 1.266585092757303
1647473448.8183048 12.475100777495397 -1.1564711782486368 1.2665913038217953
1647473448.9183047 12.475167661858597 -1.1564777738249699 1.2665975148862876
1647473449.0183046 12.475234546221795 -1.1564843694013027 1.2666037259507799
1647473449.1183047 12.475301597683004 -1.1564909783442259 1.2666099573420062
1647473449.2183046 12.475395691451991 -1.1564997504693804 1.2666194783103983
1647473449.3183048 12.47548978522098 -1.1565085225945346 1.2666289992787905
1647473449.4183047 12.475583878989966 -1.1565172947196891 1.2666385202471826
1647473449.5183046 12.475677604904625 -1.1565260332682528 1.2666480035433196
1647473449.6183047 12.475702367634318 -1.1565284770733009 1.2666504242646803
1647473449.7183046 12.475727130364008 -1.156530920878349 1.2666528449860412
1647473449.8183048 12.475751893093701 -1.156533364683397 1.2666552657074022
1647473449.9183047 12.47577621238197 -1.1565357444099982 1.2666576481895695
1647473450.0183046 12.475717043332725 -1.156526059853164 1.2666528312389738
1647473450.1183047 12.47565787428348 -1.15651637529633 1.266648014288378
1647473450.2183046 12.475598705234235 -1.1565066907394959 1.2666431973377823
1647473450.3183048 12.475540045305193 -1.1564970893811122 1.266638430641196
1647473450.4183047 12.475589184483503 -1.156505104135108 1.2666443045307365
1647473450.5183046 12.475638323661814 -1.1565131188891038 1.2666501784202768
1647473450.6183047 12.475687462840122 -1.1565211336430994 1.2666560523098174
1647473450.7183046 12.475736098599201 -1.1565290706974074 1.2666618858902834
1647473450.8183048 12.475691443650165 -1.1565226088999105 1.2666602496287798
1647473450.9183047 12.475646788701129 -1.156516147102414 1.2666586133672761
1647473451.0183046 12.475602133752092 -1.1565096853049173 1.2666569771057725
1647473451.1183047 12.475558323648476 -1.1565033137329597 1.2666554233998948
1647473451.2183046 12.475681943877564 -1.1565148229373676 1.2666702304573172
1647473451.3183048 12.475805564106654 -1.1565263321417756 1.2666850375147396
1647473451.4183047 12.475929184335744 -1.1565378413461835 1.266699844572162
1647473451.5183046 12.476052219995372 -1.156549289559384 1.2667145822773407
1647473451.6183047 12.47606962543763 -1.1565497168162395 1.2667167882081152
1647473451.7183046 12.476087030879885 -1.1565501440730948 1.2667189941388897
1647473451.8183048 12.47610443632214 -1.15655057132995 1.2667212000696644
1647473451.9183047 12.476121487452977 -1.1565509779968863 1.2667233461160987
1647473452.0183046 12.4760845965905 -1.1565482499602646 1.2667163750963
1647473452.1183047 12.476047705728021 -1.156545521923643 1.266709404076501
1647473452.2183046 12.476010814865543 -1.1565427938870212 1.266702433056702
1647473452.3183048 12.475974223256609 -1.156540101918558 1.2666955424021344
1647473452.4183047 12.475983501760114 -1.156542938541206 1.2667009702723893
1647473452.5183046 12.47599278026362 -1.1565457751638544 1.266706398142644
1647473452.6183047 12.476002058767126 -1.1565486117865027 1.266711826012899
1647473452.7183046 12.476010870516893 -1.1565513785628478 1.2667171967396307
1647473452.8183048 12.4759463901792 -1.156543177711246 1.2667135944946897
1647473452.9183047 12.475881909841508 -1.1565349768596445 1.2667099922497487
1647473453.0183046 12.475817429503817 -1.1565267760080427 1.2667063900048074
1647473453.1183047 12.475752871923138 -1.1565185892339398 1.2667027928432473
1647473453.2183046 12.475675452030147 -1.156512746610317 1.2667000421537797
1647473453.3183048 12.475598032137158 -1.1565069039866946 1.2666972914643124
1647473453.4183047 12.475520612244168 -1.1565010613630722 1.266694540774845
1647473453.5183046 12.475444077862328 -1.156495293433618 1.2666918929871314
1647473453.6183047 12.475502785484217 -1.1565009333661442 1.2667049611386152
1647473453.7183046 12.475561493106104 -1.1565065732986706 1.2667180292900992
1647473453.8183048 12.475620200727993 -1.1565122132311967 1.266731097441583
1647473453.9183047 12.47567847003961 -1.1565178155722218 1.2667440819597813
1647473454.0183046 12.475665949199298 -1.1565173466247807 1.2667435591216982
1647473454.1183047 12.475653428358987 -1.1565168776773398 1.266743036283615
1647473454.2183046 12.475640907518674 -1.156516408729899 1.2667425134455317
1647473454.3183048 12.475628700682146 -1.1565159763460025 1.2667420139341945
1647473454.4183047 12.475668223917733 -1.1565215675672238 1.2667453573518916
1647473454.5183046 12.47570774715332 -1.1565271587884454 1.2667487007695888
1647473454.6183047 12.475747270388908 -1.1565327500096667 1.266752044187286
1647473454.7183046 12.47578602403061 -1.1565382493765115 1.2667553136389667
1647473454.8183048 12.475706882798201 -1.1565296774774994 1.26674725216097
1647473454.9183047 12.475627741565791 -1.1565211055784872 1.2667391906829732
1647473455.0183046 12.475548600333381 -1.156512533679475 1.2667311292049765
1647473455.1183047 12.475469459100971 -1.156503961780463 1.2667230677269796
1647473455.2183046 12.47539031786856 -1.156495389881451 1.266715006248983
1647473455.3183048 12.475311176636152 -1.1564868179824388 1.2667069447709862
1647473455.4183047 12.475232035403742 -1.1564782460834266 1.2666988832929895
1647473455.5183046 12.475152835266464 -1.1564696784391493 1.2666908178984415
1647473455.6183047 12.475064855766322 -1.156461744933627 1.2666821687690364
1647473455.7183046 12.47497687626618 -1.1564538114281047 1.2666735196396315
1647473455.8183048 12.474888896766037 -1.1564458779225824 1.2666648705102266
1647473455.9183047 12.474800917265895 -1.1564379444170598 1.2666562213808215
1647473456.0183046 12.474712937765753 -1.1564300109115375 1.2666475722514166
1647473456.1183047 12.474624958265611 -1.1564220774060152 1.2666389231220114
1647473456.2183046 12.47453697876547 -1.156414143900493 1.2666302739926065
1647473456.3183048 12.474450051134042 -1.156406314657803 1.2666217352158484
1647473456.4183047 12.474504316196079 -1.1564124806503666 1.2666280091122157
1647473456.5183046 12.474558581258115 -1.15641864664293 1.266634283008583
1647473456.6183047 12.474612846320152 -1.1564248126354937 1.2666405569049504
1647473456.7183046 12.474666458773314 -1.1564309139275089 1.2666467612159058
1647473456.8183048 12.474567394224106 -1.1564218786099099 1.2666366861098053
1647473456.9183047 12.4744683296749 -1.156412843292311 1.2666266110037046
1647473457.0183046 12.474369265125693 -1.1564038079747123 1.266616535897604
1647473457.1183047 12.474271074849861 -1.156394850648506 1.266606549149347
1647473457.2183046 12.474412341183976 -1.1564072545521917 1.2666207629204473
1647473457.3183048 12.474553607518091 -1.1564196584558775 1.266634976691548
1647473457.4183047 12.474694873852206 -1.1564320623595632 1.2666491904626482
1647473457.5183046 12.474836860634879 -1.1564445388079676 1.2666634810792492
1647473457.6183047 12.47515125521985 -1.1564743756569429 1.2666961613001668
1647473457.7183046 12.475465649804821 -1.1565042125059182 1.2667288415210842
1647473457.8183048 12.475780044389792 -1.1565340493548937 1.2667615217420016
1647473457.9183047 12.476092780077726 -1.1565637243905562 1.2667940279095384
1647473458.0183046 12.4759988460813 -1.1565537317631238 1.2667838658271644
1647473458.1183047 12.475904912084875 -1.1565437391356914 1.2667737037447906
1647473458.2183046 12.475810978088449 -1.1565337465082592 1.2667635416624166
1647473458.3183048 12.475718183225151 -1.156523866406381 1.26675350266655
1647473458.4183047 12.475908714042832 -1.156541973708698 1.266774077799665
1647473458.5183046 12.476099244860514 -1.1565600810110148 1.2667946529327803
1647473458.6183047 12.476289775678195 -1.1565781883133317 1.2668152280658953
1647473458.7183046 12.476479247927694 -1.1565961969238554 1.26683569011882
1647473458.8183048 12.476387912497037 -1.156588025441312 1.2668261552508906
1647473458.9183047 12.476296577066382 -1.1565798539587682 1.2668166203829612
1647473459.0183046 12.476205241635725 -1.1565716824762247 1.266807085515032
1647473459.1183047 12.47611390620507 -1.1565635109936812 1.2667975506471025
1647473459.2183046 12.476081163994275 -1.1565596928942694 1.2667937174667703
1647473459.3183048 12.476048985411206 -1.156555916671502 1.2667899391328727
1647473459.4183047 12.476016806828136 -1.1565521404487347 1.2667861607989754
1647473459.5183046 12.475985078195706 -1.1565484078167125 1.2667824309808802
1647473459.6183047 12.476083829954483 -1.156557315987887 1.2667927701745945
1647473459.7183046 12.476182581713259 -1.1565662241590617 1.2668031093683085
1647473459.8183048 12.476281333472036 -1.1565751323302365 1.2668134485620228
1647473459.9183047 12.476380085230812 -1.156584040501411 1.2668237877557371
1647473460.0183046 12.476327046976728 -1.1565809740391453 1.2668184618109835
1647473460.1183047 12.476272627579712 -1.1565777986192478 1.2668129933285563
1647473460.2183046 12.476218208182695 -1.1565746231993501 1.2668075248461292
1647473460.3183048 12.47616378878568 -1.1565714477794524 1.2668020563637021
1647473460.4183047 12.476167273561359 -1.1565708563820005 1.2668021129260305
1647473460.5183046 12.476172364809377 -1.1565703366747286 1.266802322773194
1647473460.6183047 12.476177456057396 -1.156569816967457 1.2668025326203574
1647473460.7183046 12.476182547305415 -1.1565692972601853 1.266802742467521
1647473460.8183048 12.476191397801115 -1.1565702263824689 1.2668012403372668
1647473460.9183047 12.476200299193163 -1.1565711751204149 1.2667997150285988
1647473461.0183046 12.476209200585211 -1.1565721238583608 1.266798189719931
1647473461.1183047 12.476218101977258 -1.1565730725963068 1.266796664411263
1647473461.2183046 12.476227003369306 -1.1565740213342526 1.266795139102595
1647473461.3183048 12.476235904761355 -1.1565749700721986 1.266793613793927
1647473461.4183047 12.476244806153401 -1.1565759188101445 1.266792088485259
1647473461.5183046 12.47625370754545 -1.1565768675480905 1.2667905631765912
1647473461.6183047 12.476176612035658 -1.1565667339194554 1.2667717439659183
1647473461.7183046 12.47609847550824 -1.1565564661355345 1.2667527154075082
1647473461.8183048 12.476020338980819 -1.1565461983516134 1.266733686849098
1647473461.9183047 12.47594206254363 -1.156535922038081 1.266714656237137
1647473462.0183046 12.475763955955893 -1.1565195595705895 1.2666941603501372
1647473462.1183047 12.475585849368155 -1.156503197103098 1.2666736644631373
1647473462.2183046 12.475407742780417 -1.156486834635606 1.2666531685761375
1647473462.3183048 12.475230108117495 -1.1564705154244712 1.2666327255397984
1647473462.4183047 12.475336561128499 -1.1564802355258745 1.2666440973620263
1647473462.5183046 12.475443014139504 -1.1564899556272776 1.2666554691842544
1647473462.6183047 12.47554946715051 -1.156499675728681 1.2666668410064823
1647473462.7183046 12.475655753442998 -1.1565093797547126 1.2666781924397745
1647473462.8183048 12.475655966967105 -1.1565088560076735 1.2666765716435362
1647473462.9183047 12.475656180491214 -1.1565083322606342 1.266674950847298
1647473463.0183046 12.47565639401532 -1.156507808513595 1.2666733300510598
1647473463.1183047 12.475656568299572 -1.1565072819827176 1.2666717079215486
1647473463.2183046 12.475631799442677 -1.1565049858820509 1.266669238286096
1647473463.3183048 12.475607030585783 -1.156502689781384 1.2666667686506432
1647473463.4183047 12.475582261728889 -1.1565003936807172 1.2666642990151906
1647473463.5183046 12.475557515312982 -1.156498100953913 1.266661831561364
1647473463.6183047 12.47555246249312 -1.1564987690365234 1.2666612786427855
1647473463.7183046 12.475547409673256 -1.1564994371191335 1.266660725724207
1647473463.8183048 12.475542356853394 -1.1565001052017436 1.2666601728056286
1647473463.9183047 12.475537300773215 -1.1565007779466552 1.2666596193752495
1647473464.0183046 12.47552939309747 -1.1565055285168684 1.266658618304632
1647473464.1183047 12.475521485421728 -1.1565102790870818 1.2666576172340143
1647473464.2183046 12.475513577745984 -1.156515029657295 1.2666566161633968
1647473464.3183048 12.475505647446404 -1.1565197773493412 1.2666556127059794
1647473464.4183047 12.475426177663127 -1.156515423905332 1.2666470618795214
1647473464.5183046 12.475346707879849 -1.1565110704613226 1.2666385110530634
1647473464.6183047 12.47526723809657 -1.1565067170173136 1.2666299602266053
1647473464.7183046 12.475187768313292 -1.1565023635733043 1.2666214094001473
1647473464.8183048 12.475190137629497 -1.1565031767318108 1.2666220030879651
1647473464.9183047 12.475192525252046 -1.1565039910460193 1.266622598821292
1647473465.0183046 12.475194912874596 -1.1565048053602278 1.266623194554619
1647473465.1183047 12.47519730259261 -1.156505619935795 1.266623790505914
1647473465.2183046 12.475249067197637 -1.1565125928312523 1.2666295223783157
1647473465.3183048 12.475300831802667 -1.1565195657267096 1.2666352542507173
1647473465.4183047 12.475352596407694 -1.1565265386221668 1.2666409861231192
1647473465.5183046 12.475404361012721 -1.156533511517624 1.266646717995521
1647473465.6183047 12.47525809856576 -1.1565211874928205 1.2666321508290372
1647473465.7183046 12.475111833002593 -1.1565088631643556 1.2666175833431226
1647473465.8183048 12.474965567439428 -1.1564965388358908 1.2666030158572081
1647473465.9183047 12.474819301876261 -1.156484214507426 1.2665884483712935
1647473466.0183046 12.475012576522884 -1.15650134159367 1.2666077517302394
1647473466.1183047 12.47520586088424 -1.1565184695225614 1.266627056058279
1647473466.2183046 12.475399145245596 -1.156535597451453 1.2666463603863187
1647473466.3183048 12.475592429606953 -1.1565527253803445 1.2666656647143582
1647473466.4183047 12.475576302241475 -1.156551699584777 1.266664053561283
1647473466.5183046 12.475560159197459 -1.1565506724300505 1.2666624408422775
1647473466.6183047 12.475544016153444 -1.156549645275324 1.266660828123272
1647473466.7183046 12.475527873109428 -1.1565486181205975 1.2666592154042666
1647473466.8183048 12.475511730065412 -1.156547590965871 1.2666576026852612
1647473466.9183047 12.475495587021395 -1.1565465638111445 1.2666559899662557
1647473467.0183046 12.475479443977381 -1.156545536656418 1.26665437724725
1647473467.1183047 12.475463300933365 -1.1565445095016915 1.2666527645282446
1647473467.2183046 12.475548738191115 -1.1565521585612806 1.2666613774562632
1647473467.3183048 12.475634225897137 -1.1565598119297762 1.2666699954626897
1647473467.4183047 12.47571971360316 -1.1565674652982718 1.2666786134691161
1647473467.5183046 12.475805201309184 -1.1565751186667674 1.2666872314755426
1647473467.6183047 12.475890689015207 -1.1565827720352633 1.2666958494819693
1647473467.7183046 12.475976176721229 -1.156590425403759 1.2667044674883958
1647473467.8183048 12.476061664427252 -1.1565980787722545 1.2667130854948223
1647473467.9183047 12.476146988445302 -1.1566057186283527 1.2667216866578153
1647473468.0183046 12.475903979653573 -1.15658625470057 1.2666965024925017
1647473468.1183047 12.475660970861842 -1.1565667907727872 1.2666713183271883
1647473468.2183046 12.475417962070111 -1.1565473268450046 1.2666461341618747
1647473468.3183048 12.475175320400348 -1.1565278924072566 1.2666209876810266
1647473468.4183047 12.475167902419907 -1.1565273529292381 1.2666199865245769
1647473468.5183046 12.475160484439465 -1.1565268134512199 1.2666189853681271
1647473468.6183047 12.475153066459026 -1.1565262739732014 1.2666179842116774
1647473468.7183046 12.475145719798112 -1.1565257409425693 1.2666169915183842
1647473468.8183048 12.475202604461488 -1.156531014514433 1.2666236208572883
1647473468.9183047 12.475259489124864 -1.1565362880862964 1.2666302501961924
1647473469.0183046 12.47531637378824 -1.1565415616581598 1.2666368795350964
1647473469.1183047 12.475373194552699 -1.1565468307314615 1.2666435007307413
1647473469.2183046 12.475387991972072 -1.1565491413100557 1.2666447664838871
1647473469.3183048 12.475402789391445 -1.15655145188865 1.266646032237033
1647473469.4183047 12.475417586810819 -1.1565537624672442 1.266647297990179
1647473469.5183046 12.47543233500574 -1.156556066759329 1.2666485590295566
1647473469.6183047 12.475407610529805 -1.156553329952658 1.2666460401381163
1647473469.7183046 12.475382886053872 -1.1565505931459872 1.266643521246676
1647473469.8183048 12.475358161577937 -1.1565478563393161 1.2666410023552355
1647473469.9183047 12.475333543544853 -1.156545130644623 1.2666384939373962
1647473470.0183046 12.47541028585526 -1.1565529863453108 1.2666459590198687
1647473470.1183047 12.475487028165666 -1.1565608420459985 1.266653424102341
1647473470.2183046 12.475563770476072 -1.1565686977466865 1.2666608891848135
1647473470.3183048 12.47564042729976 -1.1565765434113209 1.2666683459059398
1647473470.4183047 12.475633119578184 -1.1565745317241913 1.266667590162754
1647473470.5183046 12.475625811856608 -1.1565725200370618 1.2666668344195682
1647473470.6183047 12.475618504135031 -1.1565705083499322 1.2666660786763824
1647473470.7183046 12.47561144508258 -1.156568522320801 1.2666653484322012
1647473470.8183048 12.47580697561011 -1.1565874397436307 1.266685392108567
1647473470.9183047 12.476002506137643 -1.1566063571664602 1.2667054357849328
1647473471.0183046 12.476198036665174 -1.1566252745892898 1.2667254794612988
1647473471.1183047 12.476393408137012 -1.1566441772219191 1.266745506375932
1647473471.2183046 12.476237448370584 -1.1566304104212655 1.2667285090250868
1647473471.3183048 12.476081488604155 -1.1566166436206118 1.2667115116742416
1647473471.4183047 12.475925528837728 -1.156602876819958 1.2666945143233965
1647473471.5183046 12.4757695690713 -1.1565891100193044 1.2666775169725513
1647473471.6183047 12.47585639560307 -1.15659577604241 1.2666859878122707
1647473471.7183046 12.4759432317442 -1.1566024428742365 1.2666944596600083
1647473471.8183048 12.476030067885329 -1.156609109706063 1.2667029315077458
1647473471.9183047 12.476116904026458 -1.1566157765378895 1.2667114033554834
1647473472.0183046 12.476030315136038 -1.1566092798126104 1.266700973752375
1647473472.1183047 12.475943649718452 -1.1566027772786558 1.2666905358086336
1647473472.2183046 12.475856984300865 -1.1565962747447012 1.2666800978648922
1647473472.3183048 12.475770318883278 -1.1565897722107465 1.2666696599211509
1647473472.4183047 12.475778511638648 -1.1565892476131718 1.2666638334690987
1647473472.5183046 12.475786723485765 -1.1565887242187536 1.266658007945184
1647473472.6183047 12.47579493533288 -1.1565882008243356 1.266652182421269
1647473472.7183046 12.475803147179997 -1.1565876774299175 1.2666463568973543
1647473472.8183048 12.475649653575 -1.1565744841246395 1.266630107956812
1647473472.9183047 12.475496097180322 -1.1565612858996779 1.2666138549688923
1647473473.0183046 12.475342540785645 -1.1565480876747163 1.2665976019809726
1647473473.1183047 12.475188984390968 -1.1565348894497547 1.266581348993053
1647473473.2183046 12.475357401975485 -1.1565498623641264 1.2665954975516935
1647473473.3183048 12.47552617398811 -1.156564866289214 1.2666096795762762
1647473473.4183047 12.475694946000734 -1.1565798702143015 1.2666238616008592
1647473473.5183046 12.47586371801336 -1.1565948741393892 1.2666380436254419
1647473473.6183047 12.475950630394806 -1.1566026348678116 1.2666450445805912
1647473473.7183046 12.47603745825912 -1.1566103881178935 1.266652038121544
1647473473.8183048 12.476124286123433 -1.1566181413679752 1.266659031662497
1647473473.9183047 12.476211113987747 -1.156625894618057 1.2666660252034498
1647473474.0183046 12.47614390369608 -1.1566195395447076 1.2666565616331347
1647473474.1183047 12.476076065048037 -1.156613126920325 1.266647030930551
1647473474.2183046 12.476008226399992 -1.1566067142959424 1.2666375002279677
1647473474.3183048 12.475940387751947 -1.15660030167156 1.2666279695253841
1647473474.4183047 12.475872549103903 -1.1565938890471774 1.2666184388228006
1647473474.5183046 12.475804710455858 -1.1565874764227948 1.266608908120217
1647473474.6183047 12.475736871807813 -1.1565810637984124 1.2665993774176334
1647473474.7183046 12.47566903315977 -1.1565746511740298 1.26658984671505
1647473474.8183048 12.475720905197479 -1.1565802993216387 1.2665931368372818
1647473474.9183047 12.475773200221768 -1.1565859900848647 1.2665964722607064
1647473475.0183046 12.475825495246058 -1.1565916808480905 1.266599807684131
1647473475.1183047 12.475878076677345 -1.156597383873002 1.26660319143324
1647473475.2183046 12.47596206936574 -1.1566044316798645 1.2666118752292113
1647473475.3183048 12.476046062054138 -1.156611479486727 1.2666205590251824
1647473475.4183047 12.476130054742535 -1.1566185272935894 1.2666292428211536
1647473475.5183046 12.47621404743093 -1.156625575100452 1.2666379266171246
1647473475.6183047 12.476234225757391 -1.1566263599136029 1.2666396725777096
1647473475.7183046 12.476254168518112 -1.1566271216074013 1.2666413929278169
1647473475.8183048 12.476274111278835 -1.1566278833011996 1.266643113277924
1647473475.9183047 12.476294054039558 -1.1566286449949978 1.2666448336280312
1647473476.0183046 12.476185590461112 -1.156620997987556 1.2666313027627414
1647473476.1183047 12.476076648439443 -1.1566133196492143 1.26661771507128
1647473476.2183046 12.475967706417775 -1.1566056413108727 1.266604127379819
1647473476.3183048 12.475858764396104 -1.1565979629725311 1.2665905396883577
1647473476.4183047 12.475959760836378 -1.1566053659635491 1.2666001408214176
1647473476.5183046 12.476061545258153 -1.1566128255607195 1.2666098289912435
1647473476.6183047 12.476163329679927 -1.15662028515789 1.2666195171610697
1647473476.7183046 12.476265114101702 -1.1566277447550604 1.2666292053308956
1647473476.8183048 12.476015686690804 -1.1566029840614356 1.266603869822979
1647473476.9183047 12.475764875733201 -1.1565780964407744 1.2665783963445003
1647473477.0183046 12.475514064775597 -1.1565532088201131 1.2665529228660215
1647473477.1183047 12.475265096920259 -1.1565285153351603 1.2665276455524332
1647473477.2183046 12.4752179997716 -1.1565250850830946 1.2665238537232868
1647473477.3183048 12.47517090262294 -1.1565216548310289 1.2665200618941401
1647473477.4183047 12.475123805474281 -1.1565182245789631 1.2665162700649937
1647473477.5183046 12.475076708325622 -1.1565147943268972 1.266512478235847
1647473477.6183047 12.475103701576709 -1.1565178418912716 1.266514984389598
1647473477.7183046 12.475130936309187 -1.1565209105686665 1.2665175110702416
1647473477.8183048 12.475158171041665 -1.156523979246061 1.2665200377508852
1647473477.9183047 12.475185405774141 -1.156527047923456 1.2665225644315286
1647473478.0183046 12.475175503136008 -1.156527513091795 1.2665205286376848
1647473478.1183047 12.47516557072376 -1.1565279761728247 1.266518489185972
1647473478.2183046 12.475155638311513 -1.1565284392538544 1.2665164497342591
1647473478.3183048 12.475145699560878 -1.1565289020241432 1.2665144102943802
1647473478.4183047 12.475113160711121 -1.1565282568189164 1.2665124130491827
1647473478.5183046 12.475080621861364 -1.1565276116136896 1.266510415803985
1647473478.6183047 12.475048083011608 -1.1565269664084628 1.2665084185587874
1647473478.7183046 12.47501554416185 -1.156526321203236 1.26650642131359
1647473478.8183048 12.475094788103547 -1.1565338659869535 1.2665141851573174
1647473478.9183047 12.475174063449108 -1.156541413071538 1.2665219517432909
1647473479.0183046 12.47525333879467 -1.1565489601561223 1.2665297183292643
1647473479.1183047 12.475332607034842 -1.1565565066845271 1.266537484463871
1647473479.2183046 12.475384490634024 -1.1565619096603341 1.2665435110008452
1647473479.3183048 12.475436374233206 -1.156567312636141 1.266549537537819
1647473479.4183047 12.475488257832389 -1.156572715611948 1.2665555640747932
1647473479.5183046 12.475540116364126 -1.156578116081557 1.2665615876487843
1647473479.6183047 12.475537635639832 -1.1565780838099662 1.26656118829947
1647473479.7183046 12.475535154915537 -1.1565780515383755 1.2665607889501558
1647473479.8183048 12.475532674191243 -1.1565780192667847 1.2665603896008415
1647473479.9183047 12.475530193358704 -1.1565779893750976 1.2665599891682124
1647473480.0183046 12.475527648869264 -1.1565793590757654 1.266558951651404
1647473480.1183047 12.475525104379825 -1.1565807287764331 1.2665579141345955
1647473480.2183046 12.475522559890384 -1.156582098477101 1.2665568766177868
1647473480.3183048 12.475520015400944 -1.1565834681777687 1.2665558391009784
1647473480.4183047 12.475517470911505 -1.1565848378784365 1.2665548015841699
1647473480.5183046 12.475514926422065 -1.1565862075791042 1.2665537640673614
1647473480.6183047 12.475512381932626 -1.156587577279772 1.266552726550553
1647473480.7183046 12.475509820126762 -1.156588944985312 1.2665516876114529
1647473480.8183048 12.475410692448039 -1.1565791867648794 1.2665427171952566
1647473480.9183047 12.475311564769315 -1.1565694285444466 1.2665337467790603
1647473481.0183046 12.475212437090592 -1.1565596703240137 1.2665247763628638
1647473481.1183047 12.475113309411867 -1.156549912103581 1.2665158059466675
1647473481.2183046 12.475014181733144 -1.1565401538831481 1.2665068355304712
1647473481.3183048 12.47491505405442 -1.1565303956627153 1.2664978651142746
1647473481.4183047 12.474815926375697 -1.1565206374422825 1.2664888946980783
1647473481.5183046 12.474716838138924 -1.1565108835892872 1.2664799281708474
1647473481.6183047 12.474731487480117 -1.1565137239853005 1.2664821761369898
1647473481.7183046 12.474746136821308 -1.1565165643813138 1.266484424103132
1647473481.8183048 12.474760786162499 -1.156519404777327 1.2664866720692742
1647473481.9183047 12.474775449980827 -1.1565222456058344 1.266488921110213
1647473482.0183046 12.474832561987112 -1.1565263545435325 1.2664943215450217
1647473482.1183047 12.474889673993397 -1.1565304634812308 1.2664997219798302
1647473482.2183046 12.474946785999682 -1.156534572418929 1.2665051224146389
1647473482.3183048 12.47500384746751 -1.156538677730554 1.2665105177190303
1647473482.4183047 12.474919265641908 -1.1565326203067972 1.266501534088959
1647473482.5183046 12.474834683816306 -1.1565265628830401 1.2664925504588873
1647473482.6183047 12.474750101990706 -1.1565205054592833 1.2664835668288157
1647473482.7183046 12.474667312645002 -1.1565145923504327 1.2664747744158007
1647473482.8183048 12.474728993726217 -1.1565203107450568 1.2664813937291928
1647473482.9183047 12.47479067480743 -1.1565260291396808 1.2664880130425848
1647473483.0183046 12.474852355888645 -1.1565317475343049 1.2664946323559771
1647473483.1183047 12.47491403696986 -1.156537465928929 1.2665012516693692
1647473483.2183046 12.47493616698225 -1.156540851071076 1.2665042590000408
1647473483.3183048 12.474958266966501 -1.1565442344417605 1.2665072635884067
1647473483.4183047 12.474980366950753 -1.1565476178124452 1.2665102681767726
1647473483.5183046 12.47500250145408 -1.156551003241205 1.2665132755769941
1647473483.6183047 12.475091817618699 -1.1565583941339148 1.2665217554622845
1647473483.7183046 12.475181133783318 -1.1565657850266244 1.266530235347575
1647473483.8183048 12.475270449947937 -1.1565731759193343 1.2665387152328653
1647473483.9183047 12.475359665415288 -1.156580557180938 1.2665471841022888
1647473484.0183046 12.47536484708826 -1.1565799011004152 1.2665464600200926
1647473484.1183047 12.475370028761233 -1.1565792450198924 1.2665457359378967
1647473484.2183046 12.475375210434205 -1.1565785889393698 1.2665450118557005
1647473484.3183048 12.475380371268704 -1.156577935400283 1.2665442834497973
1647473484.4183047 12.475368058359763 -1.1565794129386475 1.2665399294735198
1647473484.5183046 12.475355745450821 -1.156580890477012 1.2665355754972423
1647473484.6183047 12.47534343254188 -1.1565823680153768 1.2665312215209648
1647473484.7183046 12.47533113147984 -1.15658383964948 1.2665268723937464
1647473484.8183048 12.475326425661862 -1.1565815259637169 1.266525632078858
1647473484.9183047 12.475321719843887 -1.156579212277954 1.2665243917639695
1647473485.0183046 12.47531701402591 -1.156576898592191 1.266523151449081
1647473485.1183047 12.475312339964074 -1.1565745886997953 1.2665219154916245
1647473485.2183046 12.475337180502526 -1.1565758044161896 1.2665247293925113
1647473485.3183048 12.475362021040977 -1.1565770201325838 1.2665275432933978
1647473485.4183047 12.47538686157943 -1.156578235848978 1.2665303571942845
1647473485.5183046 12.475411472938532 -1.15657943164836 1.2665331474659112
1647473485.6183047 12.475300043532163 -1.1565688047175684 1.266521911418706
1647473485.7183046 12.475188614125797 -1.1565581777867768 1.2665106753715012
1647473485.8183048 12.475077184719428 -1.1565475508559853 1.266499439324296
1647473485.9183047 12.474966290988895 -1.1565369737429445 1.2664882557997006
1647473486.0183046 12.475194255557993 -1.1565579103872432 1.2665102970743376
1647473486.1183047 12.47542222012709 -1.156578847031542 1.2665323383489748
1647473486.2183046 12.475650184696185 -1.1565997836758408 1.266554379623612
1647473486.3183048 12.475877824808203 -1.1566206899376492 1.2665763880192353
1647473486.4183047 12.475840822034781 -1.156616814771146 1.266571578701049
1647473486.5183046 12.475803819261358 -1.1566129396046427 1.2665667693828626
1647473486.6183047 12.475766816487937 -1.1566090644381395 1.2665619600646763
1647473486.7183046 12.475729840822796 -1.1566051922751113 1.2665571522768253
1647473486.8183048 12.475720156750116 -1.1566043438975115 1.266553885172822
1647473486.9183047 12.475710472677438 -1.1566034955199116 1.2665506180688186
1647473487.0183046 12.47570078860476 -1.1566026471423119 1.2665473509648153
1647473487.1183047 12.475691272962969 -1.1566018119043406 1.2665440954581735
1647473487.2183046 12.475806007815612 -1.1566106696945306 1.266549395258166
1647473487.3183048 12.475920742668254 -1.1566195274847204 1.2665546950581585
1647473487.4183047 12.476035477520897 -1.1566283852749104 1.266559994858151
1647473487.5183046 12.476149635539478 -1.1566371878842638 1.266565239318736
1647473487.6183047 12.475929919433602 -1.1566140515795986 1.2665384530837842
1647473487.7183046 12.475710203327726 -1.1565909152749336 1.2665116668488323
1647473487.8183048 12.47549048722185 -1.1565677789702684 1.2664848806138804
1647473487.9183047 12.47527110701294 -1.1565446730542286 1.2664581229468552
1647473488.0183046 12.475272214502533 -1.1565415146777833 1.2664501176860903
1647473488.1183047 12.475273321992125 -1.156538356301338 1.2664421124253256
1647473488.2183046 12.475274429481718 -1.1565351979248926 1.2664341071645606
1647473488.3183048 12.475275358731043 -1.1565320277925777 1.2664260955494802
1647473488.4183047 12.475149020911351 -1.1565204637373887 1.2664135468276365
1647473488.5183046 12.47502268309166 -1.1565088996821997 1.2664009981057927
1647473488.6183047 12.474896345271969 -1.1564973356270105 1.2663884493839488
1647473488.7183046 12.474770073277753 -1.1564857774026749 1.2663759070354912
1647473488.8183048 12.474715597052064 -1.1564805788829124 1.266370316131794
1647473488.9183047 12.474661120826378 -1.15647538036315 1.266364725228097
1647473489.0183046 12.474606644600689 -1.1564701818433876 1.2663591343243998
1647473489.1183047 12.474552214402081 -1.1564649833016638 1.2663535445100045
1647473489.2183046 12.474527959160511 -1.1564597703623984 1.266348668832493
1647473489.3183048 12.47450370391894 -1.156454557423133 1.2663437931549815
1647473489.4183047 12.47447944867737 -1.1564493444838677 1.26633891747747
1647473489.5183046 12.4744551934358 -1.1564441315446023 1.2663340417999585
1647473489.6183047 12.474430938194228 -1.156438918605337 1.2663291661224467
1647473489.7183046 12.474406682952658 -1.1564337056660716 1.2663242904449352
1647473489.8183048 12.474382427711088 -1.1564284927268063 1.2663194147674237
1647473489.9183047 12.474358519813451 -1.1564233139702056 1.2663145770068889
1647473490.0183046 12.474628581098235 -1.1564470651846015 1.2663418296948439
1647473490.1183047 12.474898642383021 -1.1564708163989976 1.2663690823827989
1647473490.2183046 12.475168703667805 -1.1564945676133935 1.266396335070754
1647473490.3183048 12.475438561798615 -1.156518300166239 1.2664235669286226
1647473490.4183047 12.475416411055562 -1.1565152090328368 1.2664208580966911
1647473490.5183046 12.475394260312507 -1.1565121178994349 1.2664181492647597
1647473490.6183047 12.475372109569452 -1.1565090267660327 1.2664154404328283
1647473490.7183046 12.475349958799615 -1.1565059352188674 1.2664127322552838
1647473490.8183048 12.475327775886115 -1.1565023471062859 1.2664108094200335
1647473490.9183047 12.475305592972616 -1.1564987589937041 1.266408886584783
1647473491.0183046 12.475283410059117 -1.1564951708811226 1.2664069637495325
1647473491.1183047 12.475261222251008 -1.1564915822492143 1.2664050401858935
1647473491.2183046 12.475231649310025 -1.156487210041207 1.2664020176078428
1647473491.3183048 12.475202076369042 -1.1564828378331997 1.2663989950297918
1647473491.4183047 12.475172503428059 -1.1564784656251925 1.266395972451741
1647473491.5183046 12.475143104459514 -1.1564741136437917 1.2663929665095028
1647473491.6183047 12.475279220374386 -1.1564890049660301 1.2664057876410453
1647473491.7183046 12.47541533628926 -1.1565038962882683 1.266418608772588
1647473491.8183048 12.475551452204131 -1.1565187876105067 1.2664314299041304
1647473491.9183047 12.475687227033639 -1.156533645101557 1.266444216446423
1647473492.0183046 12.475533744471763 -1.1565198120589355 1.2664276695806835
1647473492.1183047 12.475380261909885 -1.156505979016314 1.266411122714944
1647473492.2183046 12.47522677934801 -1.1564921459736923 1.2663945758492046
1647473492.3183048 12.47507347276818 -1.1564783313820484 1.2663780488765948
1647473492.4183047 12.47512756128549 -1.1564862612943625 1.2663849659861566
1647473492.5183046 12.475181649802797 -1.1564941912066766 1.2663918830957184
1647473492.6183047 12.475235738320107 -1.1565021211189908 1.2663988002052802
1647473492.7183046 12.475289676183813 -1.156510035152605 1.2664056989489139
1647473492.8183048 12.475242533160172 -1.1565072953881528 1.2664002750909737
1647473492.9183047 12.475195390136529 -1.1565045556237004 1.2663948512330336
1647473493.0183046 12.475148247112887 -1.156501815859248 1.2663894273750935
1647473493.1183047 12.475101267373256 -1.156499093175168 1.2663840218571423
1647473493.2183046 12.475157922932985 -1.156507211292359 1.2663902566109015
1647473493.3183048 12.475214578492713 -1.15651532940955 1.266396491364661
1647473493.4183047 12.47527123405244 -1.156523447526741 1.2664027261184205
1647473493.5183046 12.475327905910948 -1.1565315644697218 1.2664089602839723
1647473493.6183047 12.475394758675225 -1.1565389479514292 1.2664148270301705
1647473493.7183046 12.475461611439501 -1.1565463314331363 1.2664206937763687
1647473493.8183048 12.475528464203778 -1.1565537149148437 1.2664265605225669
1647473493.9183047 12.475595066829044 -1.1565610734712584 1.2664324032681418
1647473494.0183046 12.475491046707745 -1.156551430193923 1.2664218749077343
1647473494.1183047 12.475387026586446 -1.1565417869165877 1.2664113465473268
1647473494.2183046 12.475283006465148 -1.1565321436392526 1.2664008181869193
1647473494.3183048 12.47517907490568 -1.1565225139121005 1.2663903004145016
1647473494.4183047 12.475143893818828 -1.156523403180448 1.266388002089367
1647473494.5183046 12.475108712731975 -1.1565242924487955 1.2663857037642325
1647473494.6183047 12.475073531645123 -1.1565251817171431 1.2663834054390979
1647473494.7183046 12.475038587822079 -1.156526086023781 1.2663811285373419
1647473494.8183048 12.475155061254373 -1.1565365874816027 1.2663925236287907
1647473494.9183047 12.47527153468667 -1.1565470889394245 1.2664039187202396
1647473495.0183046 12.475388008118964 -1.1565575903972463 1.2664153138116885
1647473495.1183047 12.475504260861422 -1.1565680678807675 1.2664266850386532
1647473495.2183046 12.475474918183957 -1.156562728830059 1.2664223121805314
1647473495.3183048 12.475445575506493 -1.1565573897793506 1.2664179393224093
1647473495.4183047 12.475416232829026 -1.1565520507286422 1.2664135664642873
1647473495.5183046 12.475386890151562 -1.1565467116779338 1.2664091936061654
1647473495.6183047 12.475357547474097 -1.1565413726272253 1.2664048207480434
1647473495.7183046 12.475328204796632 -1.156536033576517 1.2664004478899216
1647473495.8183048 12.475298862119168 -1.1565306945258085 1.2663960750317995
1647473495.9183047 12.47526954238905 -1.1565253589895779 1.2663917055560854
1647473496.0183046 12.475256134843525 -1.1565224604677802 1.2663896815147428
1647473496.1183047 12.475242727297998 -1.1565195619459823 1.2663876574734005
1647473496.2183046 12.475229319752472 -1.1565166634241846 1.266385633432058
1647473496.3183048 12.475215912206945 -1.1565137649023869 1.2663836093907155
1647473496.4183047 12.47520250466142 -1.1565108663805892 1.266381585349373
1647473496.5183046 12.475189097115894 -1.1565079678587915 1.2663795613080304
1647473496.6183047 12.475175689570367 -1.1565050693369938 1.2663775372666881
1647473496.7183046 12.475162464853607 -1.156502198203711 1.2663755343731307
1647473496.8183048 12.475211799870614 -1.1565086987805773 1.2663807677577166
1647473496.9183047 12.475261134887623 -1.1565151993574436 1.2663860011423025
1647473497.0183046 12.47531046990463 -1.15652169993431 1.2663912345268884
1647473497.1183047 12.47535973617153 -1.156528184278865 1.266396461246292
1647473497.2183046 12.47538460911557 -1.1565289092140345 1.2663993230828425
1647473497.3183048 12.475409482059609 -1.1565296341492042 1.2664021849193932
1647473497.4183047 12.475434355003648 -1.1565303590843736 1.2664050467559438
1647473497.5183046 12.475459108046262 -1.1565310672604436 1.26640789561216
1647473497.6183047 12.475427309456776 -1.1565238709897743 1.2664046222802479
1647473497.7183046 12.475395510867289 -1.1565166747191051 1.2664013489483354
1647473497.8183048 12.475363712277803 -1.1565094784484358 1.266398075616423
1647473497.9183047 12.475331930951123 -1.1565022881505764 1.2663948027341523
1647473498.0183046 12.475314759735415 -1.1565001528484236 1.2663919103992536
1647473498.1183047 12.475297588519707 -1.1564980175462705 1.2663890180643547
1647473498.2183046 12.475280417303999 -1.1564958822441176 1.266386125729456
1647473498.3183048 12.475263307522493 -1.1564937573299054 1.2663832400581234
1647473498.4183047 12.475319841664897 -1.1565040849043167 1.2663883423015367
1647473498.5183046 12.4753763758073 -1.156514412478728 1.26639344454495
1647473498.6183047 12.475432909949705 -1.1565247400531393 1.2663985467883634
1647473498.7183046 12.475489444092108 -1.1565350676275508 1.2664036490317767
1647473498.8183048 12.475155028621048 -1.1565039242849986 1.2663694910969305
1647473498.9183047 12.474820089730153 -1.1564727254194336 1.2663352805989017
1647473499.0183046 12.474485150839257 -1.1564415265538688 1.2663010701008728
1647473499.1183047 12.474152880696952 -1.1564105646424596 1.266267133591151
1647473499.2183046 12.474259536573472 -1.156418574309259 1.266278259623998
1647473499.3183048 12.474366192449992 -1.1564265839760584 1.2662893856568451
1647473499.4183047 12.474472848326512 -1.1564345936428577 1.2663005116896922
1647473499.5183046 12.474578792019622 -1.1564425544122907 1.2663115727348833
1647473499.6183047 12.474578589699258 -1.1564432273673315 1.2663129478192485
1647473499.7183046 12.474578387378893 -1.1564439003223723 1.2663143229036138
1647473499.8183048 12.47457818505853 -1.1564445732774131 1.2663156979879788
1647473499.9183047 12.474577232723666 -1.1564451502374515 1.2663169870396598
1647473500.0183046 12.474463627766447 -1.1564313086912115 1.266305353931157
1647473500.1183047 12.474350022809228 -1.1564174671449714 1.2662937208226543
1647473500.2183046 12.474236417852008 -1.1564036255987313 1.2662820877141516
1647473500.3183048 12.474123728266758 -1.156389894867673 1.266270554986718
1647473500.4183047 12.474158212052354 -1.1563939809852901 1.266275161512852
1647473500.5183046 12.47419269583795 -1.1563980671029075 1.266279768038986
1647473500.6183047 12.474227179623545 -1.1564021532205246 1.2662843745651198
1647473500.7183046 12.4742628241379 -1.1564063400629723 1.266289095923179
1647473500.8183048 12.474480732300629 -1.1564263432405553 1.2663118487855682
1647473500.9183047 12.474698640463355 -1.1564463464181383 1.2663346016479575
1647473501.0183046 12.474916548626084 -1.1564663495957213 1.2663573545103468
1647473501.1183047 12.475133626471234 -1.1564862742225175 1.266380021971197
1647473501.2183046 12.475221528484603 -1.1564939783887687 1.2663894031725142
1647473501.3183048 12.47530943049797 -1.1565016825550198 1.2663987843738316
1647473501.4183047 12.47539733251134 -1.156509386721271 1.266408165575149
1647473501.5183046 12.47548523452471 -1.1565170908875224 1.2664175467764662
1647473501.6183047 12.475573136538078 -1.1565247950537736 1.2664269279777836
1647473501.7183046 12.475661038551447 -1.1565324992200248 1.2664363091791009
1647473501.8183048 12.475748940564817 -1.156540203386276 1.2664456903804182
1647473501.9183047 12.475836725028369 -1.1565479042386881 1.2664550628920106
1647473502.0183046 12.475900888970585 -1.1565549392065435 1.2664626892857507
1647473502.1183047 12.475965052912802 -1.156561974174399 1.2664703156794905
1647473502.2183046 12.47602921685502 -1.1565690091422547 1.2664779420732306
1647473502.3183048 12.476093071536422 -1.1565760092506343 1.266485532938426
1647473502.4183047 12.476073311169525 -1.1565735843797609 1.2664835179277902
1647473502.5183046 12.476053550802629 -1.1565711595088874 1.2664815029171543
1647473502.6183047 12.476033790435732 -1.1565687346380138 1.2664794879065184
1647473502.7183046 12.476014178914552 -1.1565663253463392 1.266477485267926
1647473502.8183048 12.476031597222038 -1.15656779184684 1.2664785605455309
1647473502.9183047 12.476049015529526 -1.1565692583473406 1.266479635823136
1647473503.0183046 12.476066433837012 -1.1565707248478414 1.266480711100741
1647473503.1183047 12.476082789190794 -1.1565720937227941 1.266481680494695
1647473503.2183046 12.475812720275249 -1.1565471563474021 1.2664541184039424
1647473503.3183048 12.475542651359703 -1.1565222189720101 1.2664265563131896
1647473503.4183047 12.475272582444157 -1.1564972815966181 1.2663989942224367
1647473503.5183046 12.47500391349342 -1.1564724702809814 1.266371574194919
1647473503.6183047 12.474994076753056 -1.156470965497704 1.2663704194998362
1647473503.7183046 12.47498424001269 -1.1564694607144261 1.2663692648047533
1647473503.8183048 12.474974403272325 -1.1564679559311486 1.2663681101096704
1647473503.9183047 12.47496456653196 -1.1564664511478708 1.2663669554145878
1647473504.0183046 12.474954729791595 -1.1564649463645933 1.2663658007195049
1647473504.1183047 12.47494489305123 -1.1564634415813158 1.266364646024422
1647473504.2183046 12.474935056310866 -1.156461936798038 1.2663634913293391
1647473504.3183048 12.474924997629268 -1.1564604268084016 1.2663623183726584
1647473504.4183047 12.474870203430397 -1.1564578674006085 1.2663574645225268
1647473504.5183046 12.474815409231526 -1.1564553079928157 1.266352610672395
1647473504.6183047 12.474760615032658 -1.156452748585023 1.2663477568222634
1647473504.7183046 12.474706493831011 -1.1564502365621403 1.2663429696554374
1647473504.8183048 12.474775820436692 -1.15645641634815 1.2663504142000672
1647473504.9183047 12.474845147042373 -1.15646259613416 1.266357858744697
1647473505.0183046 12.474914473648054 -1.1564687759201697 1.266365303289327
1647473530.7994397 12.476345764826577 -1.1566152575447597 1.2665397435495103
1647473530.8994396 12.476308386001437 -1.1566166199227264 1.2665349981383118
1647473530.9994397 12.476271007176294 -1.156617982300693 1.2665302527271136
1647473531.0994396 12.476233628351153 -1.1566193446786597 1.2665255073159152
1647473531.1994398 12.476248613229414 -1.1566210202397835 1.2665266025349349
1647473531.2994397 12.47627604597137 -1.156622770250593 1.2665290861845684
1647473531.3994396 12.476303478713325 -1.1566245202614023 1.266531569834202
1647473531.4994397 12.47633091145528 -1.1566262702722117 1.2665340534838352
1647473531.5994396 12.476246415209468 -1.1566191651812285 1.2665259018371957
1647473531.6994398 12.476137454384837 -1.15661012461008 1.2665154256091486
1647473531.7994397 12.476028493560204 -1.1566010840389314 1.2665049493811014
1647473531.8994396 12.475919532735572 -1.1565920434677828 1.266494473153054
1647473531.9994397 12.475810571910941 -1.1565830028966342 1.266483996925007
1647473532.0994396 12.47570161108631 -1.1565739623254854 1.2664735206969597
1647473532.1994398 12.475592650261678 -1.1565649217543368 1.2664630444689127
1647473532.2994397 12.475483689437045 -1.1565558811831882 1.2664525682408654
1647473532.3994396 12.475491038170368 -1.1565545708081901 1.266453010205187
1647473532.4994397 12.475525989727082 -1.1565550949792336 1.2664560432973657
1647473532.5994396 12.475560941283794 -1.1565556191502768 1.2664590763895447
1647473532.6994398 12.475595892840506 -1.1565561433213203 1.2664621094817234
1647473532.7994397 12.475608574993176 -1.1565598266218273 1.2664616420333277
1647473532.8994396 12.475615889748479 -1.15656427133935 1.266460330880618
1647473532.9994397 12.475623204503783 -1.1565687160568727 1.2664590197279082
1647473533.0994396 12.475630519259086 -1.1565731607743954 1.2664577085751985
1647473533.1994398 12.475626270145959 -1.1565709078111002 1.2664542812452246
1647473533.2994397 12.47561944321858 -1.1565671618027071 1.2664503821776185
1647473533.3994396 12.4756126162912 -1.1565634157943143 1.2664464831100126
1647473533.4994397 12.47560578936382 -1.1565596697859213 1.2664425840424065
1647473533.5994396 12.475606553311092 -1.1565599010360295 1.266441597798712
1647473533.6994398 12.475609007801111 -1.1565610180504025 1.2664412602619923
1647473533.7994397 12.475611462291129 -1.1565621350647755 1.2664409227252729
1647473533.8994396 12.475613916781146 -1.1565632520791485 1.2664405851885532
1647473533.9994397 12.475697548186496 -1.1565706819725563 1.266448247819837
1647473534.0994396 12.47579923583046 -1.156579516044107 1.2664576899341404
1647473534.1994398 12.475900923474423 -1.1565883501156575 1.2664671320484437
1647473534.2994397 12.476002611118385 -1.156597184187208 1.266476574162747
1647473534.3994396 12.476074451802491 -1.156601755429544 1.2664789074647043
1647473534.4994397 12.476139655052377 -1.1566053786943087 1.2664796598929458
1647473534.5994396 12.47620485830226 -1.1566090019590736 1.266480412321187
1647473534.6994398 12.476270061552144 -1.1566126252238385 1.2664811647494283
1647473534.7994397 12.476345038664544 -1.156618488935982 1.2664852380281775
1647473534.8994396 12.476422186887591 -1.1566248503284597 1.266490048981913
1647473534.9994397 12.476499335110638 -1.1566312117209372 1.2664948599356485
1647473535.0994396 12.476576483333686 -1.1566375731134149 1.2664996708893839
1647473535.1994398 12.476418959689205 -1.1566211687985546 1.2664780923520156
1647473535.2994397 12.476209247680922 -1.156599701648386 1.266450645090898
1647473535.3994396 12.475999535672639 -1.1565782344982176 1.2664231978297804
1647473535.4994397 12.475789823664355 -1.156556767348049 1.266395750568663
1647473535.5994396 12.475849225401008 -1.1565629964967186 1.2663961406371373
1647473535.6994398 12.475968540574618 -1.1565753917386687 1.2664027281969066
1647473535.7994397 12.476087855748228 -1.156587786980619 1.2664093157566758
1647473535.8994396 12.476207170921837 -1.1566001822225693 1.2664159033164448
1647473535.9994397 12.476221162375223 -1.15660075192798 1.266413385137586
1647473536.0994396 12.476211720970207 -1.1565986906389414 1.2664088410762055
1647473536.1994398 12.476202279565191 -1.156596629349903 1.266404297014825
1647473536.2994397 12.476192838160175 -1.1565945680608647 1.2663997529534443
1647473536.3994396 12.476128380712215 -1.1565889834822278 1.2663912131169368
1647473536.4994397 12.476051702389398 -1.1565826162649464 1.2663817856871895
1647473536.5994396 12.475975024066582 -1.1565762490476652 1.2663723582574422
1647473536.6994398 12.475898345743765 -1.156569881830384 1.266362930827695
1647473536.7994397 12.475842235588134 -1.1565639257824698 1.2663539169451026
1647473536.8994396 12.475790698871021 -1.1565580611601942 1.2663449950168622
1647473536.9994397 12.47573916215391 -1.1565521965379186 1.266336073088622
1647473537.0994396 12.475687625436798 -1.1565463319156433 1.2663271511603815
1647473537.1994398 12.475826261168114 -1.1565572484948583 1.266339911037461
1647473537.2994397 12.476007328744622 -1.156571909345916 1.2663575086237586
1647473537.3994396 12.476188396321131 -1.1565865701969733 1.2663751062100566
1647473537.4994397 12.47636946389764 -1.156601231048031 1.2663927037963543
1647473537.5994396 12.476299159221192 -1.1565956990695208 1.2663852166050522
1647473537.6994398 12.476172738563696 -1.1565856592727133 1.2663721295239936
1647473537.7994397 12.4760463179062 -1.156575619475906 1.266359042442935
1647473537.8994396 12.475919897248703 -1.1565655796790986 1.2663459553618763
1647473537.9994397 12.475844186584544 -1.156558384229259 1.2663382909379217
1647473538.0994396 12.475779841678813 -1.1565518262900638 1.2663318419077512
1647473538.1994398 12.475715496773082 -1.1565452683508686 1.2663253928775804
1647473538.2994397 12.475651151867353 -1.1565387104116733 1.2663189438474098
1647473538.3994396 12.47564155703925 -1.1565358558105494 1.2663178870014098
1647473538.4994397 12.475644252736974 -1.156533832550205 1.2663180406154069
1647473538.5994396 12.475646948434697 -1.1565318092898607 1.2663181942294042
1647473538.6994398 12.475649644132423 -1.156529786029516 1.2663183478434012
1647473538.7994397 12.475617703710888 -1.1565269337945057 1.2663152045371502
1647473538.8994396 12.475578003821811 -1.1565238958457906 1.2663113226277816
1647473538.9994397 12.475538303932733 -1.1565208578970758 1.266307440718413
1647473539.0994396 12.475498604043656 -1.1565178199483608 1.266303558809044
1647473539.1994398 12.475523607981323 -1.1565214664900263 1.2663060193281266
1647473539.2994397 12.475563113734419 -1.156526611200357 1.266309901350873
1647473539.3994396 12.475602619487514 -1.1565317559106876 1.266313783373619
1647473539.4994397 12.475642125240611 -1.1565369006210182 1.2663176653963655
1647473539.5994396 12.475736542200938 -1.156543825488152 1.266327343190283
1647473539.6994398 12.475843261958005 -1.1565511491974967 1.2663383195204791
1647473539.7994397 12.475949981715072 -1.1565584729068417 1.2663492958506752
1647473539.8994396 12.47605670147214 -1.1565657966161866 1.2663602721808713
1647473539.9994397 12.47598103062045 -1.156560288262664 1.2663524570938787
1647473540.0994396 12.475864514633509 -1.1565519062560137 1.2663404337969246
1647473540.1994398 12.475747998646566 -1.1565435242493634 1.2663284104999708
1647473540.2994397 12.475631482659626 -1.156535142242713 1.2663163872030168
1647473540.3994396 12.475583461489563 -1.1565332320772161 1.2663109257456864
1647473540.4994397 12.475551097371394 -1.1565328012930416 1.2663069642421945
1647473540.5994396 12.475518733253224 -1.1565323705088673 1.2663030027387023
1647473540.6994398 12.475486369135053 -1.156531939724693 1.2662990412352104
1647473540.7994397 12.47550047070117 -1.1565336846358225 1.2663007943145823
1647473540.8994396 12.475525187784745 -1.1565359266047668 1.2663038529435242
1647473540.9994397 12.47554990486832 -1.1565381685737108 1.266306911572466
1647473541.0994396 12.475574621951893 -1.1565404105426549 1.266309970201408
1647473541.1994398 12.475702334256326 -1.156550430736485 1.266323323453246
1647473541.2994397 12.475853566549164 -1.1565622271657323 1.2663390275851458
1647473541.3994396 12.476004798842 -1.15657402359498 1.2663547317170454
1647473541.4994397 12.476156031134838 -1.1565858200242274 1.2663704358489452
1647473541.5994396 12.476121622987943 -1.1565829399311118 1.2663673277849457
1647473541.6994398 12.476044718831501 -1.1565767001517377 1.266359913314122
1647473541.7994397 12.475967814675059 -1.1565704603723637 1.2663524988432981
1647473541.8994396 12.475890910518617 -1.1565642205929896 1.2663450843724744
1647473541.9994397 12.475856345506699 -1.1565627906574865 1.2663412158223781
1647473542.0994396 12.475831452077678 -1.156562459440539 1.2663381572713182
1647473542.1994398 12.475806558648657 -1.1565621282235916 1.2663350987202582
1647473542.2994397 12.475781665219635 -1.1565617970066442 1.2663320401691984
1647473542.3994396 12.475694493890595 -1.156552756211485 1.266323146690437
1647473542.4994397 12.475593090652499 -1.1565417250806695 1.2663129197986933
1647473542.5994396 12.475491687414404 -1.156530693949854 1.2663026929069499
1647473542.6994398 12.47539028417631 -1.1565196628190388 1.2662924660152064
1647473542.7994397 12.475361056059251 -1.1565191839044053 1.2662900584117236
1647473542.8994396 12.475348321694035 -1.1565211164250786 1.2662894377037572
1647473542.9994397 12.475335587328821 -1.1565230489457516 1.2662888169957909
1647473543.0994396 12.475322852963608 -1.156524981466425 1.2662881962878245
1647473543.1994398 12.475368764362292 -1.156531063156547 1.266292920832503
1647473543.2994397 12.475428063677317 -1.1565380920375625 1.2662988656152772
1647473543.3994396 12.475487362992341 -1.1565451209185778 1.266304810398051
1647473543.4994397 12.475546662307368 -1.156552149799593 1.266310755180825
1647473543.5994396 12.475577715010756 -1.1565568819892564 1.2663140326084388
1647473543.6994398 12.475602291447846 -1.156561087603025 1.266316698475893
1647473543.7994397 12.475626867884937 -1.1565652932167938 1.2663193643433468
1647473543.8994396 12.475651444322027 -1.1565694988305624 1.266322030210801
1647473543.9994397 12.475591532511217 -1.1565647860911739 1.2663154084851465
1647473544.0994396 12.475512286889554 -1.156558032526495 1.2663066614394283
1647473544.1994398 12.475433041267891 -1.156551278961816 1.2662979143937099
1647473544.2994397 12.47535379564623 -1.1565445253971371 1.2662891673479915
1647473544.3994396 12.4753392450359 -1.156541355131242 1.2662875416707509
1647473544.4994397 12.475339463104913 -1.156539002866451 1.2662875416707509
1647473544.5994396 12.475339681173924 -1.15653665060166 1.2662875416707509
1647473544.6994398 12.475339899242936 -1.1565342983368692 1.2662875416707509
1647473544.7994397 12.475373164294814 -1.1565380319370402 1.2662908695187327
1647473544.8994396 12.475413912523317 -1.1565431436237559 1.2662949509264065
1647473544.9994397 12.475454660751822 -1.1565482553104716 1.2662990323340804
1647473545.0994396 12.475495408980326 -1.1565533669971872 1.2663031137417542
1647473545.1994398 12.475536157208829 -1.156558478683903 1.2663071951494282
1647473545.2994397 12.475576905437334 -1.1565635903706186 1.266311276557102
1647473545.3994396 12.475617653665838 -1.1565687020573343 1.266315357964776
1647473545.4994397 12.475658401894341 -1.15657381374405 1.2663194393724497
1647473545.5994396 12.475613416337318 -1.156569809444381 1.2663152169678642
1647473545.6994398 12.475548978483266 -1.1565637368017159 1.2663091104959705
1647473545.7994397 12.475484540629216 -1.1565576641590507 1.2663030040240768
1647473545.8994396 12.475420102775164 -1.1565515915163855 1.266296897552183
1647473545.9994397 12.475406294613473 -1.1565492452845452 1.2662956063609314
1647473546.0994396 12.475403930955453 -1.1565477413829734 1.2662954036316953
1647473546.1994398 12.475401567297434 -1.156546237481402 1.2662952009024593
1647473546.2994397 12.475399203639414 -1.1565447335798302 1.266294998173223
1647473546.3994396 12.475439182808922 -1.1565486870323374 1.2662985890298688
1647473546.4994397 12.475488719850016 -1.156553872350843 1.2663030361969887
1647473546.5994396 12.475538256891111 -1.1565590576693485 1.2663074833641086
1647473546.6994398 12.475587793932206 -1.156564242987854 1.2663119305312285
1647473546.7994397 12.47559695497225 -1.1565648790661618 1.2663127098720282
1647473546.8994396 12.475596996260691 -1.1565644876048546 1.2663126607586945
1647473546.9994397 12.475597037549134 -1.1565640961435473 1.266312611645361
1647473547.0994396 12.475597078837575 -1.1565637046822401 1.2663125625320273
1647473547.1994398 12.475633431420405 -1.1565671228405123 1.2663163716739583
1647473547.2994397 12.475677992215015 -1.1565714021678735 1.2663210529791333
1647473547.3994396 12.475722553009625 -1.1565756814952348 1.2663257342843084
1647473547.4994397 12.475767113804233 -1.156579960822596 1.2663304155894834
1647473547.5994396 12.475977686979894 -1.1565987427947362 1.2663508750586183
1647473547.6994398 12.476225578476024 -1.1566207848511068 1.2663748813389932
1647473547.7994397 12.476473469972154 -1.1566428269074773 1.266398887619368
1647473547.8994396 12.476721361468286 -1.1566648689638481 1.2664228938997428
1647473547.9994397 12.476786917479439 -1.1566719046266765 1.2664292288933923
1647473548.0994396 12.476811573603154 -1.1566755741876904 1.2664316000198983
1647473548.1994398 12.476836229726867 -1.1566792437487046 1.266433971146404
1647473548.2994397 12.47686088585058 -1.1566829133097187 1.2664363422729101
1647473548.3994396 12.476784586192892 -1.1566751240524418 1.266428185215501
1647473548.4994397 12.476685685242016 -1.1566647694729202 1.2664176711799369
1647473548.5994396 12.47658678429114 -1.1566544148933986 1.2664071571443727
1647473548.6994398 12.476487883340264 -1.156644060313877 1.2663966431088085
1647473548.7994397 12.476502232268599 -1.1566446889303446 1.2663970819125594
1647473548.8994396 12.476542017120362 -1.1566477843726855 1.2663999807240744
1647473548.9994397 12.476581801972124 -1.1566508798150261 1.2664028795355895
1647473549.0994396 12.476621586823887 -1.156653975257367 1.2664057783471045
1647473549.1994398 12.476623017009418 -1.1566521451555993 1.2664058972710168
1647473549.2994397 12.476615773364797 -1.1566492011519993 1.2664053875289734
1647473549.3994396 12.476608529720178 -1.1566462571483993 1.2664048777869301
1647473549.4994397 12.476601286075558 -1.1566433131447993 1.2664043680448867
1647473549.5994396 12.476476941180746 -1.1566286603010267 1.2663905257422525
1647473549.6994398 12.476325901200259 -1.1566113382415881 1.2663736440711524
1647473549.7994397 12.476174861219773 -1.1565940161821495 1.266356762400052
1647473549.8994396 12.476023821239286 -1.156576694122711 1.2663398807289517
1647473549.9994397 12.476003847471679 -1.1565737340257571 1.2663352100520588
1647473550.0994396 12.476011601873095 -1.1565738123237834 1.2663331227145624
1647473550.1994398 12.476019356274511 -1.1565738906218095 1.2663310353770663
1647473550.2994397 12.476027110675927 -1.1565739689198358 1.26632894803957
1647473550.3994396 12.476050979768575 -1.1565773093791625 1.2663271764925679
1647473550.4994397 12.476078530736913 -1.156581395175289 1.2663254770972021
1647473550.5994396 12.476106081705252 -1.1565854809714153 1.2663237777018366
1647473550.6994398 12.47613363267359 -1.1565895667675419 1.2663220783064708
1647473550.7994397 12.4761553193698 -1.156589329435057 1.2663214425286025
1647473550.8994396 12.476175663025481 -1.1565881020160265 1.2663210503413067
1647473550.9994397 12.47619600668116 -1.1565868745969958 1.266320658154011
1647473551.0994396 12.476216350336841 -1.1565856471779652 1.2663202659667152
1647473551.1994398 12.476230876212203 -1.1565872186743473 1.2663139034352646
1647473551.2994397 12.476244072094866 -1.1565894300259405 1.2663061760337644
1647473551.3994396 12.476257267977532 -1.1565916413775337 1.2662984486322642
1647473551.4994397 12.476270463860196 -1.1565938527291266 1.2662907212307637
1647473551.5994396 12.476214847010297 -1.1565878005013674 1.266283158424808
1647473551.6994398 12.476143392029885 -1.1565798463051291 1.266275633502622
1647473551.7994397 12.476071937049472 -1.1565718921088906 1.266268108580436
1647473551.8994396 12.476000482069058 -1.1565639379126522 1.26626058365825
1647473551.9994397 12.475896959552552 -1.156554115302841 1.2662504435570174
1647473552.0994396 12.475785446831361 -1.1565438271441069 1.2662396518367827
1647473552.1994398 12.47567393411017 -1.1565335389853726 1.2662288601165481
1647473552.2994397 12.475562421388979 -1.1565232508266385 1.2662180683963133
1647473552.3994396 12.47567375788042 -1.1565315253306732 1.2662237989959249
1647473552.4994397 12.475840575181547 -1.1565444212176965 1.2662336430122818
1647473552.5994396 12.476007392482673 -1.1565573171047199 1.2662434870286388
1647473552.6994398 12.4761742097838 -1.1565702129917432 1.2662533310449957
1647473552.7994397 12.476103236912937 -1.1565615431230507 1.2662452242147615
1647473552.8994396 12.475972492532161 -1.1565474524341 1.2662326052165265
1647473552.9994397 12.475841748151385 -1.1565333617451492 1.2662199862182915
1647473553.0994396 12.47571100377061 -1.1565192710561985 1.2662073672200564
1647473553.1994398 12.475721969329298 -1.1565219731000256 1.266209076352273
1647473553.2994397 12.475771359960426 -1.1565292285433948 1.2662146705997654
1647473553.3994396 12.475820750591554 -1.156536483986764 1.2662202648472578
1647473553.4994397 12.475870141222682 -1.156543739430133 1.26622585909475
1647473553.5994396 12.47572980236941 -1.1565287385828897 1.2662117213435178
1647473553.6994398 12.475541854936784 -1.1565081529928156 1.2661926322668229
1647473553.7994397 12.475353907504157 -1.1564875674027415 1.266173543190128
1647473553.8994396 12.47516596007153 -1.1564669818126676 1.2661544541134333
1647473553.9994397 12.475056737037207 -1.15645673789898 1.2661432385531641
1647473554.0994396 12.474967251301868 -1.1564490867870574 1.266133996992711
1647473554.1994398 12.47487776556653 -1.156441435675135 1.2661247554322579
1647473554.2994397 12.474788279831191 -1.1564337845632122 1.266115513871805
1647473554.3994396 12.474813606731866 -1.1564362935799004 1.2661188679691961
1647473554.4994397 12.474865493488494 -1.1564411529611633 1.2661251358474188
1647473554.5994396 12.474917380245124 -1.1564460123424263 1.2661314037256413
1647473554.6994398 12.474969267001752 -1.156450871723689 1.266137671603864
1647473554.7994397 12.474927047235067 -1.1564452050234204 1.2661336711168476
1647473554.8994396 12.47486284138874 -1.1564370791177885 1.2661272716346503
1647473554.9994397 12.474798635542415 -1.1564289532121566 1.2661208721524533
1647473555.0994396 12.474734429696088 -1.1564208273065246 1.266114472670256
1647473555.1994398 12.474742209743374 -1.156423499345648 1.2661143851725276
1647473555.2994397 12.474766825180453 -1.1564286967074393 1.2661157738628908
1647473555.3994396 12.47479144061753 -1.1564338940692305 1.2661171625532537
1647473555.4994397 12.474816056054607 -1.1564390914310219 1.2661185512436168
1647473555.5994396 12.474796771140124 -1.156436492689141 1.2661160049951132
1647473555.6994398 12.474767249097876 -1.1564320759729958 1.266112541157787
1647473555.7994397 12.474737727055627 -1.1564276592568505 1.2661090773204604
1647473555.8994396 12.47470820501338 -1.156423242540705 1.2661056134831339
1647473555.9994397 12.47476689441999 -1.156428125246602 1.2661118129234636
1647473556.0994396 12.474846135124904 -1.1564351745102297 1.2661202636917597
1647473556.1994398 12.474925375829818 -1.1564422237738572 1.2661287144600555
1647473556.2994397 12.475004616534733 -1.156449273037485 1.2661371652283513
1647473556.3994396 12.475019558364771 -1.1564510829967733 1.2661386426660401
1647473556.4994397 12.4750195187339 -1.1564516722125682 1.2661384953368866
1647473556.5994396 12.475019479103027 -1.1564522614283632 1.2661383480077333
1647473556.6994398 12.475019439472156 -1.156452850644158 1.2661382006785797
1647473556.7994397 12.475067655737943 -1.156457152121218 1.2661429927718006
1647473556.8994396 12.47512713218596 -1.156462319828961 1.2661489374453254
1647473556.9994397 12.475186608633978 -1.1564674875367038 1.2661548821188502
1647473557.0994396 12.475246085081995 -1.1564726552444469 1.2661608267923747
1647473557.1994398 12.475279482785929 -1.1564752049715614 1.266164278969252
1647473557.2994397 12.475306781152304 -1.1564771424012616 1.2661671481971049
1647473557.3994396 12.475334079518676 -1.1564790798309617 1.2661700174249577
1647473557.4994397 12.47536137788505 -1.1564810172606617 1.2661728866528106
1647473557.5994396 12.47530804286093 -1.1564773260525885 1.2661675346122865
1647473557.6994398 12.475236036606574 -1.1564723314937428 1.2661602788790893
1647473557.7994397 12.475164030352218 -1.1564673369348972 1.266153023145892
1647473557.8994396 12.475092024097863 -1.1564623423760516 1.2661457674126948
1647473557.9994397 12.474948180418542 -1.1564438174065679 1.2661311031986398
1647473558.0994396 12.47478784456105 -1.1564221861739754 1.2661147381721412
1647473558.1994398 12.474627508703557 -1.156400554941383 1.2660983731456426
1647473558.2994397 12.474467172846065 -1.1563789237087905 1.2660820081191442
1647473558.3994396 12.474513723840309 -1.1563810072844556 1.2660865589432828
1647473558.4994397 12.47460796924733 -1.1563885579250621 1.266095931578018
1647473558.5994396 12.474702214654354 -1.1563961085656689 1.266105304212753
1647473558.6994398 12.474796460061375 -1.1564036592062756 1.266114676847488
1647473558.7994397 12.474822252652324 -1.1564049446700935 1.2661170904594914
1647473558.8994396 12.47483227878729 -1.1564047871014733 1.2661179012283705
1647473558.9994397 12.474842304922257 -1.1564046295328532 1.26611871199725
1647473559.0994396 12.474852331057225 -1.1564044719642332 1.2661195227661293
1647473559.1994398 12.47489653450887 -1.156408526605381 1.2661232939224825
1647473559.2994397 12.474948615235313 -1.1564135520873398 1.2661277473964632
1647473559.3994396 12.475000695961755 -1.1564185775692983 1.2661322008704439
1647473559.4994397 12.475052776688198 -1.156423603051257 1.2661366543444248
1647473559.5994396 12.474969887546203 -1.1564159562717602 1.266128553262717
1647473559.6994398 12.474855963062556 -1.1564053955977156 1.2661175653520478
1647473559.7994397 12.47474203857891 -1.156394834923671 1.2661065774413787
1647473559.8994396 12.474628114095262 -1.1563842742496264 1.2660955895307096
1647473559.9994397 12.474718923075987 -1.1563937738351875 1.2661049449538175
1647473560.0994396 12.474857481595913 -1.1564079520313286 1.2661190450082767
1647473560.1994398 12.474996040115839 -1.1564221302274698 1.2661331450627358
1647473560.2994397 12.475134598635766 -1.156436308423611 1.266147245117195
1647473560.3994396 12.475245182365924 -1.1564464117451696 1.2661585674851834
1647473560.4994397 12.47534922653718 -1.1564555624989847 1.2661692405240992
1647473560.5994396 12.475453270708435 -1.1564647132528 1.2661799135630152
1647473560.6994398 12.47555731487969 -1.1564738640066152 1.266190586601931
1647473560.7994397 12.475500851409238 -1.1564682958605959 1.2661847811393017
1647473560.8994396 12.475406759795781 -1.1564592771320246 1.2661751125870018
1647473560.9994397 12.475312668182323 -1.1564502584034533 1.2661654440347019
1647473561.0994396 12.475218576568865 -1.156441239674882 1.2661557754824022
1647473561.1994398 12.475283158585583 -1.1564462489463052 1.2661624344495437
1647473561.2994397 12.475384780622377 -1.156454532847551 1.266172904835427
1647473561.3994396 12.475486402659172 -1.156462816748797 1.2661833752213107
1647473561.4994397 12.475588024695968 -1.156471100650043 1.2661938456071942
1647473561.5994396 12.475605237250866 -1.1564734017488758 1.2661953489836597
1647473561.6994398 12.475602690393865 -1.1564743023337554 1.2661947532732858
1647473561.7994397 12.475600143536864 -1.156475202918635 1.2661941575629119
1647473561.8994396 12.475597596679865 -1.1564761035035147 1.2661935618525377
1647473561.9994397 12.4756532829627 -1.156482242034474 1.2661993280752841
1647473562.0994396 12.475722542810773 -1.1564896014785255 1.2662065772013136
1647473562.1994398 12.475791802658847 -1.156496960922577 1.266213826327343
1647473562.2994397 12.47586106250692 -1.1565043203666288 1.2662210754533725
1647473562.3994396 12.475902489754391 -1.1565056478121427 1.266225301290231
1647473562.4994397 12.47593747651432 -1.1565055794480457 1.2662288275353943
1647473562.5994396 12.47597246327425 -1.1565055110839484 1.2662323537805578
1647473562.6994398 12.476007450034178 -1.1565054427198513 1.266235880025721
1647473562.7994397 12.476038033067544 -1.1565086230235169 1.2662392750891938
1647473562.8994396 12.476067604032739 -1.156512549938762 1.266242640004379
1647473562.9994397 12.476097174997934 -1.1565164768540073 1.2662460049195643
1647473563.0994396 12.476126745963128 -1.1565204037692525 1.2662493698347494
1647473563.1994398 12.47609210702808 -1.156516572145473 1.2662461089242532
1647473563.2994397 12.47604264077562 -1.1565109489238194 1.2662413179814698
1647473563.3994396 12.475993174523161 -1.1565053257021658 1.2662365270386864
1647473563.4994397 12.475943708270702 -1.1564997024805124 1.266231736095903
1647473563.5994396 12.47594630680781 -1.1565003912758127 1.266233542489809
1647473563.6994398 12.475960905820996 -1.1565025349355058 1.2662368695117976
1647473563.7994397 12.47597550483418 -1.1565046785951991 1.266240196533786
1647473563.8994396 12.475990103847366 -1.1565068222548922 1.2662435235557743
1647473563.9994397 12.475930575041836 -1.1565011525166762 1.2662380977052823
1647473564.0994396 12.475853806459915 -1.1564936656302534 1.2662306362146354
1647473564.1994398 12.475777037877991 -1.1564861787438305 1.2662231747239883
1647473564.2994397 12.475700269296068 -1.156478691857408 1.2662157132333414
1647473564.3994396 12.475623500714144 -1.156471204970985 1.2662082517426945
1647473564.4994397 12.475546732132223 -1.1564637180845623 1.2662007902520473
1647473564.5994396 12.4754699635503 -1.1564562311981397 1.2661933287614004
1647473564.6994398 12.475393194968376 -1.1564487443117168 1.2661858672707533
1647473564.7994397 12.475398717497807 -1.1564485853419775 1.2661869708599167
1647473564.8994396 12.475423492256333 -1.1564501407582566 1.2661900782727737
1647473564.9994397 12.475448267014857 -1.1564516961745357 1.2661931856856308
1647473565.0994396 12.475473041773382 -1.156453251590815 1.2661962930984878
1647473565.1994398 12.47555593631043 -1.1564609953655354 1.2662053574678511
1647473565.2994397 12.475652436441536 -1.1564701878087635 1.2662158163355095
1647473565.3994396 12.475748936572641 -1.1564793802519915 1.2662262752031677
1647473565.4994397 12.475845436703747 -1.1564885726952197 1.266236734070826
1647473565.5994396 12.475745300396293 -1.1564798576631083 1.2662266001380797
1647473565.6994398 12.475599097768374 -1.1564669474192462 1.2662116418983556
1647473565.7994397 12.475452895140455 -1.1564540371753842 1.2661966836586314
1647473565.8994396 12.475306692512536 -1.156441126931522 1.2661817254189072
1647473565.9994397 12.475251016530178 -1.1564353259001194 1.2661759996493862
1647473566.0994396 12.475216434844675 -1.1564311814399626 1.2661724252074216
1647473566.1994398 12.475181853159171 -1.1564270369798058 1.2661688507654567
1647473566.2994397 12.475147271473666 -1.156422892519649 1.266165276323492
1647473566.3994396 12.475190736454532 -1.1564276256620656 1.2661709400416847
1647473566.4994397 12.475252393449624 -1.1564344280981473 1.2661787570964493
1647473566.5994396 12.475314050444718 -1.1564412305342293 1.266186574151214
1647473566.6994398 12.475375707439811 -1.1564480329703113 1.2661943912059785
1647473566.7994397 12.475507836734865 -1.1564605671313273 1.2662076368967798
1647473566.8994396 12.475656435567123 -1.1564744408095309 1.266222151272202
1647473566.9994397 12.475805034399379 -1.1564883144877345 1.2662366656476243
1647473567.0994396 12.475953633231637 -1.156502188165938 1.2662511800230467
1647473567.1994398 12.475935826344127 -1.15650095670919 1.266248978439977
1647473567.2994397 12.475878777774707 -1.1564961631699495 1.266242834911121
1647473567.3994396 12.475821729205288 -1.1564913696307093 1.2662366913822647
1647473567.4994397 12.47576468063587 -1.1564865760914689 1.2662305478534086
1647473567.5994396 12.47577422678883 -1.1564870296636478 1.2662322985202044
1647473567.6994398 12.475798949476061 -1.1564886790207694 1.266235848226422
1647473567.7994397 12.475823672163292 -1.156490328377891 1.2662393979326396
1647473567.8994396 12.475848394850523 -1.1564919777350122 1.2662429476388573
1647473567.9994397 12.47587326886565 -1.156494083898374 1.2662445767890507
1647473568.0994396 12.475898177329638 -1.1564962940508485 1.2662457687365543
1647473568.1994398 12.475923085793625 -1.156498504203323 1.266246960684058
1647473568.2994397 12.475947994257611 -1.1565007143557975 1.2662481526315617
1647473568.3994396 12.475978757861906 -1.156503628236338 1.2662517598044356
1647473568.4994397 12.476010855876183 -1.1565067024993299 1.2662559174168668
1647473568.5994396 12.47604295389046 -1.1565097767623216 1.266260075029298
1647473568.6994398 12.476075051904735 -1.1565128510253135 1.2662642326417295
1647473568.7994397 12.475949978544095 -1.1565009534522441 1.2662517192797063
1647473568.8994396 12.47578907366965 -1.1564856426396406 1.2662354053130778
1647473568.9994397 12.475628168795206 -1.1564703318270368 1.2662190913464493
1647473569.0994396 12.475467263920759 -1.156455021014433 1.2662027773798208
1647473569.1994398 12.47554992519374 -1.1564628106457964 1.2662115554886286
1647473569.2994397 12.475688544953446 -1.1564759075249063 1.2662260984156801
1647473569.3994396 12.475827164713152 -1.1564890044040161 1.2662406413427318
1647473569.4994397 12.475965784472859 -1.156502101283126 1.2662551842697833
1647473569.5994396 12.475883012648797 -1.1564942738616388 1.266246971542753
1647473569.6994398 12.475749315868876 -1.1564816333886971 1.2662335245125032
1647473569.7994397 12.475615619088957 -1.1564689929157554 1.2662200774822532
1647473569.8994396 12.475481922309037 -1.1564563524428138 1.2662066304520034
1647473569.9994397 12.475513145107811 -1.156458678936383 1.2662094652517395
1647473570.0994396 12.475582567768544 -1.156464472186654 1.2662160713663355
1647473570.1994398 12.475651990429277 -1.1564702654369248 1.2662226774809318
1647473570.2994397 12.475721413090008 -1.1564760586871956 1.2662292835955278
1647473570.3994396 12.475696412066275 -1.1564747404124796 1.2662260230385938
1647473570.4994397 12.47564931124628 -1.156471757690393 1.2662204531941985
1647473570.5994396 12.475602210426285 -1.1564687749683062 1.266214883349803
1647473570.6994398 12.475555109606288 -1.1564657922462196 1.2662093135054078
1647473570.7994397 12.47553617968167 -1.156463099402669 1.2662078321950234
1647473570.8994396 12.47552385678508 -1.156460474545442 1.266207309784186
1647473570.9994397 12.47551153388849 -1.1564578496882152 1.2662067873733487
1647473571.0994396 12.4754992109919 -1.1564552248309883 1.2662062649625112
1647473571.1994398 12.475481555130926 -1.1564461779369113 1.266203697022528
1647473571.2994397 12.475462652413723 -1.156435629559592 1.2662006508343187
1647473571.3994396 12.475443749696518 -1.1564250811822725 1.266197604646109
1647473571.4994397 12.475424846979315 -1.1564145328049529 1.2661945584578995
1647473571.5994396 12.475510027719737 -1.1564193226209687 1.266200417893626
1647473571.6994398 12.475619483844348 -1.156427689763723 1.266208354387969
1647473571.7994397 12.47572893996896 -1.156436056906477 1.266216290882312
1647473571.8994396 12.47583839609357 -1.1564444240492313 1.266224227376655
1647473571.9994397 12.475811095693798 -1.156441436958027 1.2662188755083335
1647473572.0994396 12.475751915734799 -1.1564358030609347 1.2662104259659048
1647473572.1994398 12.475692735775802 -1.1564301691638426 1.2662019764234764
1647473572.2994397 12.475633555816804 -1.1564245352667504 1.2661935268810478
1647473572.3994396 12.475614271770084 -1.1564243219323158 1.2661901553726749
1647473572.4994397 12.475604303035718 -1.1564253742472024 1.2661879695364848
1647473572.5994396 12.475594334301354 -1.1564264265620892 1.2661857837002946
1647473572.6994398 12.47558436556699 -1.1564274788769757 1.2661835978641043
1647473572.7994397 12.475548495358087 -1.1564235474729472 1.2661792168591188
1647473572.8994396 12.475506566651168 -1.156418450349526 1.2661743223920223
1647473572.9994397 12.475464637944247 -1.156413353226105 1.266169427924926
1647473573.0994396 12.475422709237328 -1.1564082561026838 1.2661645334578295
1647473573.1994398 12.47538078053041 -1.1564031589792625 1.266159638990733
1647473573.2994397 12.475338851823489 -1.1563980618558414 1.2661547445236367
1647473573.3994396 12.47529692311657 -1.1563929647324203 1.2661498500565402
1647473573.4994397 12.47525499440965 -1.1563878676089991 1.266144955589444
1647473573.5994396 12.475391629409456 -1.1563993422079397 1.2661584773535997
1647473573.6994398 12.47557010782929 -1.1564147001130243 1.266176314653727
1647473573.7994397 12.475748586249122 -1.1564300580181086 1.2661941519538544
1647473573.8994396 12.475927064668955 -1.156445415923193 1.2662119892539818
1647473573.9994397 12.475948657165636 -1.1564478737287682 1.2662151782474018
1647473574.0994396 12.475933590643331 -1.156447317210411 1.2662149444190482
1647473574.1994398 12.475918524121026 -1.1564467606920537 1.266214710590695
1647473574.2994397 12.475903457598722 -1.1564462041736965 1.2662144767623416
1647473574.3994396 12.475866551962387 -1.1564413008134364 1.2662118794931705
1647473574.4994397 12.475824547498773 -1.1564353825861797 1.2662087304261338
1647473574.5994396 12.475782543035159 -1.156429464358923 1.2662055813590969
1647473574.6994398 12.475740538571545 -1.1564235461316663 1.2662024322920602
1647473574.7994397 12.475690458040951 -1.1564173575185588 1.2661985072437194
1647473574.8994396 12.475638460663388 -1.1564111047296217 1.2661943980169397
1647473574.9994397 12.475586463285826 -1.1564048519406847 1.2661902887901602
1647473575.0994396 12.475534465908263 -1.1563985991517474 1.2661861795633804
1647473575.1994398 12.475562257408935 -1.1564030968249375 1.2661898931992754
1647473575.2994397 12.475608985676972 -1.1564101459690201 1.2661954634815338
1647473575.3994396 12.475655713945011 -1.1564171951131028 1.2662010337637921
1647473575.4994397 12.47570244221305 -1.1564242442571857 1.2662066040460505
1647473575.5994396 12.47572139323845 -1.1564233669571957 1.266211746517802
1647473575.6994398 12.475733753916156 -1.156420609052169 1.2662167874884782
1647473575.7994397 12.475746114593862 -1.156417851147142 1.2662218284591547
1647473575.8994396 12.475758475271567 -1.1564150932421149 1.266226869429831
1647473575.9994397 12.475728638617671 -1.156411579146684 1.266226365952319
1647473576.0994396 12.475688792288201 -1.1564078856744933 1.2662245472701363
1647473576.1994398 12.47564894595873 -1.1564041922023025 1.266222728587954
1647473576.2994397 12.47560909962926 -1.1564004987301117 1.2662209099057713
1647473576.3994396 12.475631477232673 -1.1564032117052139 1.2662228582722383
1647473576.4994397 12.47566864693954 -1.15640744764466 1.2662257021554426
1647473576.5994396 12.475705816646407 -1.156411683584106 1.2662285460386467
1647473576.6994398 12.475742986353273 -1.1564159195235524 1.266231389921851
1647473576.7994397 12.475832354383288 -1.1564230384077987 1.266239322472001
1647473576.8994396 12.475934146714629 -1.1564308434936845 1.266248466232161
1647473576.9994397 12.47603593904597 -1.1564386485795701 1.2662576099923206
1647473577.0994396 12.47613773137731 -1.1564464536654557 1.2662667537524805
1647473577.1994398 12.476157367365898 -1.156447719905097 1.266268875435923
1647473577.2994397 12.476157350026355 -1.1564474219308687 1.266269317307762
1647473577.3994396 12.476157332686812 -1.15644712395664 1.2662697591796008
1647473577.4994397 12.47615731534727 -1.1564468259824117 1.2662702010514397
1647473577.5994396 12.476061085312931 -1.156439125965993 1.2662611566657496
1647473577.6994398 12.475941597123715 -1.1564296366031266 1.2662498191019367
1647473577.7994397 12.475822108934498 -1.15642014724026 1.266238481538124
1647473577.8994396 12.475702620745281 -1.1564106578773936 1.2662271439743111
1647473577.9994397 12.475597673544634 -1.1564011376158279 1.266218162813526
1647473578.0994396 12.475495958116417 -1.1563916104869463 1.2662097053694263
1647473578.1994398 12.4753942426882 -1.1563820833580647 1.2662012479253268
1647473578.2994397 12.475292527259983 -1.156372556229183 1.2661927904812271
1647473578.3994396 12.47517871933986 -1.156363922475152 1.2661836836369726
1647473578.4994397 12.47506221873076 -1.1563554876528743 1.2661744321878963
1647473578.5994396 12.47494571812166 -1.1563470528305966 1.26616518073882
1647473578.6994398 12.47482921751256 -1.1563386180083188 1.2661559292897435
1647473578.7994397 12.474848101487044 -1.1563402728597392 1.266161385641453
1647473578.8994396 12.474899804134154 -1.1563443735560943 1.2661704073215496
1647473578.9994397 12.474951506781263 -1.1563484742524497 1.2661794290016462
1647473579.0994396 12.475003209428374 -1.1563525749488048 1.266188450681743
1647473579.1994398 12.475066791568798 -1.1563615968964789 1.266196038549574
1647473579.2994397 12.475133245490525 -1.1563718085209485 1.2662032798036944
1647473579.3994396 12.475199699412254 -1.1563820201454178 1.266210521057815
1647473579.4994397 12.475266153333983 -1.1563922317698874 1.2662177623119353
1647473579.5994396 12.475278812837875 -1.1563947907377736 1.2662213471939847
1647473579.6994398 12.475278472202977 -1.1563955003390958 1.2662240484649403
1647473579.7994397 12.475278131568079 -1.156396209940418 1.2662267497358959
1647473579.8994396 12.475277790933182 -1.15639691954174 1.2662294510068515
1647473579.9994397 12.475249897644826 -1.1563928864072082 1.2662276118977607
1647473580.0994396 12.475215347672542 -1.156387707434088 1.2662246758389724
1647473580.1994398 12.475180797700258 -1.156382528460968 1.266221739780184
1647473580.2994397 12.475146247727974 -1.1563773494878478 1.2662188037213955
1647473580.3994396 12.475173139020171 -1.1563816059249532 1.2662225494067971
1647473580.4994397 12.47521488740331 -1.156388143935346 1.2662279108024537
1647473580.5994396 12.47525663578645 -1.1563946819457391 1.26623327219811
1647473580.6994398 12.475298384169589 -1.156401219956132 1.2662386335937663
1647473580.7994397 12.475244708395351 -1.1563944568104791 1.2662354092139612
1647473580.8994396 12.475167947822998 -1.15638447587899 1.2662301077826141
1647473580.9994397 12.475091187250642 -1.1563744949475012 1.2662248063512673
1647473581.0994396 12.475014426678289 -1.1563645140160121 1.2662195049199203
1647473581.1994398 12.475089062905862 -1.1563720266083501 1.2662273933698645
1647473581.2994397 12.475200390647313 -1.1563837788138938 1.2662384784310494
1647473581.3994396 12.475311718388761 -1.1563955310194374 1.2662495634922342
1647473581.4994397 12.475423046130212 -1.156407283224981 1.266260648553419
1647473581.5994396 12.475430853359986 -1.156408843593005 1.2662611622275348
1647473581.6994398 12.475413483842262 -1.1564079252511037 1.2662591048832252
1647473581.7994397 12.475396114324537 -1.156407006909202 1.2662570475389154
1647473581.8994396 12.475378744806815 -1.1564060885673006 1.2662549901946056
1647473581.9994397 12.475323593057146 -1.156400674715289 1.2662494409777838
1647473582.0994396 12.475259239039618 -1.156394165933569 1.266243041277956
1647473582.1994398 12.47519488502209 -1.156387657151849 1.266236641578128
1647473582.2994397 12.475130531004561 -1.156381148370129 1.2662302418783002
1647473582.3994396 12.475155710478921 -1.1563842099606847 1.2662323594398137
1647473582.4994397 12.475202733251768 -1.1563896064149193 1.2662365549397367
1647473582.5994396 12.475249756024613 -1.1563950028691536 1.26624075043966
1647473582.6994398 12.475296778797459 -1.1564003993233882 1.266244945939583
1647473582.7994397 12.475373828030142 -1.1564083426388507 1.266253031270794
1647473582.8994396 12.475458194825155 -1.1564169066340697 1.2662620645686669
1647473582.9994397 12.475542561620168 -1.1564254706292887 1.2662710978665397
1647473583.0994396 12.47562692841518 -1.1564340346245077 1.2662801311644125
1647473583.1994398 12.475591845037007 -1.156429546213031 1.2662773234292732
1647473583.2994397 12.47553000341389 -1.1564221339088037 1.2662718631633485
1647473583.3994396 12.475468161790772 -1.1564147216045764 1.2662664028974238
1647473583.4994397 12.475406320167655 -1.156407309300349 1.266260942631499
1647473583.5994396 12.475485752107758 -1.1564144044893463 1.2662687270179833
1647473583.6994398 12.475596897827774 -1.1564247563913248 1.2662794846287708
1647473583.7994397 12.475708043547789 -1.1564351082933033 1.2662902422395585
1647473583.8994396 12.475819189267805 -1.1564454601952818 1.266300999850346
1647473583.9994397 12.47572511591419 -1.156436988840575 1.266291210134268
1647473584.0994396 12.475580988866568 -1.1564239264236749 1.2662764088488785
1647473584.1994398 12.475436861818947 -1.1564108640067745 1.2662616075634892
1647473584.2994397 12.475292734771324 -1.1563978015898742 1.2662468062780996
1647473584.3994396 12.475389617151608 -1.1564078855756694 1.2662565186240156
1647473584.4994397 12.475540516203987 -1.1564231572906565 1.2662717251316977
1647473584.5994396 12.475691415256366 -1.1564384290056433 1.26628693163938
1647473584.6994398 12.475842314308744 -1.1564537007206301 1.2663021381470623
1647473584.7994397 12.475884470114144 -1.1564565570907193 1.2663065893885104
1647473584.8994396 12.475901931417356 -1.1564565940603375 1.2663085982167241
1647473584.9994397 12.475919392720566 -1.1564566310299556 1.266310607044938
1647473585.0994396 12.475936854023777 -1.1564566679995736 1.2663126158731517
1647473585.1994398 12.475970092771878 -1.1564624009679376 1.2663162279769848
1647473585.2994397 12.476006892208007 -1.1564694194216687 1.2663202019115416
1647473585.3994396 12.476043691644135 -1.1564764378753996 1.2663241758460981
1647473585.4994397 12.476080491080262 -1.1564834563291306 1.2663281497806549
1647473585.5994396 12.475969825539105 -1.156476521779332 1.266317329191373
1647473585.6994398 12.475825898582992 -1.1564664400643638 1.2663031716280817
1647473585.7994397 12.475681971626878 -1.1564563583493956 1.2662890140647904
1647473585.8994396 12.475538044670765 -1.1564462766344275 1.2662748565014994
1647473585.9994397 12.475549866598625 -1.1564456446498026 1.2662757617288434
1647473586.0994396 12.47559723562104 -1.1564471694090948 1.2662801047878387
1647473586.1994398 12.475644604643454 -1.156448694168387 1.266284447846834
1647473586.2994397 12.47569197366587 -1.156450218927679 1.2662887909058294
1647473586.3994396 12.475664319919666 -1.156448452039475 1.2662859845347438
1647473586.4994397 12.475619585170541 -1.1564459357169126 1.2662815503986693
1647473586.5994396 12.475574850421415 -1.1564434193943498 1.266277116262595
1647473586.6994398 12.47553011567229 -1.156440903071787 1.2662726821265207
1647473586.7994397 12.475612972976364 -1.1564472376504384 1.2662780835894878
1647473586.8994396 12.4757249665589 -1.1564555933763003 1.2662857310603002
1647473586.9994397 12.475836960141434 -1.1564639491021622 1.2662933785311126
1647473587.0994396 12.47594895372397 -1.156472304828024 1.2663010260019252
1647473587.1994398 12.475990453766013 -1.156473522282634 1.2663019028222682
1647473587.2994397 12.476015802107716 -1.1564731041942222 1.2663012283300126
1647473587.3994396 12.476041150449417 -1.1564726861058103 1.266300553837757
1647473587.4994397 12.47606649879112 -1.1564722680173987 1.2662998793455014
1647473587.5994396 12.476103626634965 -1.1564748337405408 1.2663018755520332
1647473587.6994398 12.476143438659676 -1.1564780793812028 1.2663044803274583
1647473587.7994397 12.476183250684386 -1.1564813250218646 1.2663070851028835
1647473587.8994396 12.476223062709096 -1.1564845706625264 1.2663096898783086
1647473587.9994397 12.476170975280864 -1.156479136708378 1.2663042424448818
1647473588.0994396 12.476097957603717 -1.1564717259624853 1.2662969611078765
1647473588.1994398 12.476024939926567 -1.1564643152165925 1.2662896797708711
1647473588.2994397 12.47595192224942 -1.1564569044706998 1.266282398433866
1647473588.3994396 12.475878904572271 -1.156449493724807 1.2662751170968607
1647473588.4994397 12.475805886895124 -1.1564420829789144 1.2662678357598554
1647473588.5994396 12.475732869217975 -1.1564346722330217 1.2662605544228502
1647473588.6994398 12.475659851540827 -1.156427261487129 1.266253273085845
1647473588.7994397 12.475632099618071 -1.1564252540829927 1.266250726745408
1647473588.8994396 12.475614655872766 -1.1564244771588605 1.2662492586855723
1647473588.9994397 12.475597212127463 -1.1564237002347284 1.2662477906257363
1647473589.0994396 12.475579768382158 -1.1564229233105963 1.2662463225659006
1647473589.1994398 12.475546093886761 -1.1564222112568212 1.2662427339120517
1647473589.2994397 12.475508724025014 -1.1564215139725258 1.266238662447999
1647473589.3994396 12.475471354163266 -1.1564208166882304 1.2662345909839465
1647473589.4994397 12.47543398430152 -1.1564201194039352 1.266230519519894
1647473589.5994396 12.47543272931126 -1.1564245795667294 1.2662301774008087
1647473589.6994398 12.475439724423406 -1.156430217899759 1.266230687215473
1647473589.7994397 12.475446719535551 -1.1564358562327888 1.2662311970301372
1647473589.8994396 12.475453714647696 -1.1564414945658184 1.2662317068448015
1647473589.9994397 12.47546070975984 -1.156447132898848 1.2662322166594657
1647473590.0994396 12.475467704871987 -1.1564527712318775 1.2662327264741298
1647473590.1994398 12.475474699984131 -1.156458409564907 1.266233236288794
1647473590.2994397 12.475481695096276 -1.1564640478979367 1.2662337461034583
1647473590.3994396 12.475466644343536 -1.1564663079184145 1.2662328064119437
1647473590.4994397 12.475446519787083 -1.156467790428241 1.2662315331200067
1647473590.5994396 12.475426395230627 -1.1564692729380677 1.2662302598280697
1647473590.6994398 12.475406270674174 -1.1564707554478941 1.2662289865361327
1647473590.7994397 12.475450050330227 -1.156473549190723 1.2662330191703575
1647473590.8994396 12.475509944430799 -1.1564766735814174 1.2662383897766718
1647473590.9994397 12.47556983853137 -1.156479797972112 1.2662437603829861
1647473591.0994396 12.47562973263194 -1.1564829223628064 1.2662491309893005
1647473591.1994398 12.475576845186316 -1.1564784370318533 1.2662443075122454
1647473591.2994397 12.475497408064063 -1.1564721603116543 1.266237084266557
1647473591.3994396 12.47541797094181 -1.1564658835914554 1.2662298610208684
1647473591.4994397 12.475338533819556 -1.1564596068712567 1.2662226377751802
1647473591.5994396 12.475409602700395 -1.1564658025492331 1.2662299406456314
1647473591.6994398 12.47551610594908 -1.1564749346651972 1.2662406634709826
1647473591.7994397 12.475622609197766 -1.1564840667811616 1.2662513862963336
1647473591.8994396 12.475729112446452 -1.1564931988971259 1.2662621091216846
1647473591.9994397 12.475641277822657 -1.1564869123112365 1.2662534976867215
1647473592.0994396 12.475506890757863 -1.1564769322702364 1.2662402548487228
1647473592.1994398 12.47537250369307 -1.1564669522292361 1.266227012010724
1647473592.2994397 12.475238116628276 -1.1564569721882358 1.2662137691727253
1647473592.3994396 12.475254077924863 -1.1564588220075342 1.2662152252660726
1647473592.4994397 12.475303475100363 -1.156463302662133 1.2662199502456526
1647473592.5994396 12.475352872275863 -1.1564677833167318 1.2662246752252326
1647473592.6994398 12.475402269451363 -1.1564722639713307 1.2662294002048127
1647473592.7994397 12.475394015756812 -1.1564702441046086 1.2662292514568467
1647473592.8994396 12.475371699142086 -1.1564666385495463 1.2662279138483938
1647473592.9994397 12.475349382527359 -1.1564630329944843 1.266226576239941
1647473593.0994396 12.475327065912632 -1.156459427439422 1.266225238631488
1647473593.1994398 12.47527459041306 -1.1564538391437724 1.2662203118141346
1647473593.2994397 12.475215361122677 -1.156447806832529 1.2662145812281336
1647473593.3994396 12.475156131832295 -1.1564417745212858 1.2662088506421325
1647473593.4994397 12.475096902541912 -1.1564357422100426 1.2662031200561312
1647473593.5994396 12.475112670211859 -1.1564421439014827 1.2662053462356988
1647473593.6994398 12.475146701043801 -1.1564515735050445 1.2662095100364434
1647473593.7994397 12.475180731875744 -1.1564610031086064 1.2662136738371883
1647473593.8994396 12.475214762707687 -1.1564704327121682 1.266217837637933
1647473593.9994397 12.475251199581136 -1.156475219049678 1.2662225597515149
1647473594.0994396 12.475288222950917 -1.1564788735453193 1.266227417959354
1647473594.1994398 12.475325246320699 -1.1564825280409603 1.2662322761671934
1647473594.2994397 12.47536226969048 -1.1564861825366015 1.2662371343750325
1647473594.3994396 12.475399293060264 -1.1564898370322425 1.2662419925828718
1647473594.4994397 12.475436316430045 -1.1564934915278837 1.266246850790711
1647473594.5994396 12.475473339799827 -1.1564971460235247 1.2662517089985503
1647473594.6994398 12.47551036316961 -1.156500800519166 1.2662565672063895
1647473594.7994397 12.47549383501809 -1.1564980796254294 1.2662547695276254
1647473594.8994396 12.475464303718569 -1.1564938106873113 1.2662513556953605
1647473594.9994397 12.475434772419046 -1.1564895417491934 1.2662479418630959
1647473595.0994396 12.475405241119523 -1.1564852728110753 1.2662445280308312
1647473595.1994398 12.475421595389296 -1.1564832318170393 1.2662464385565897
1647473595.2994397 12.47544917082253 -1.156481735659323 1.2662496511364065
1647473595.3994396 12.475476746255765 -1.1564802395016072 1.2662528637162234
1647473595.4994397 12.475504321689 -1.1564787433438912 1.2662560762960402
1647473595.5994396 12.47553071135594 -1.156480415783091 1.266258041827224
1647473595.6994398 12.475556812192297 -1.1564828600334822 1.266259703600588
1647473595.7994397 12.475582913028651 -1.1564853042838734 1.266261365373952
1647473595.8994396 12.475609013865007 -1.1564877485342644 1.266263027147316
1647473595.9994397 12.475635114701364 -1.1564901927846556 1.2662646889206801
1647473596.0994396 12.47566121553772 -1.1564926370350466 1.2662663506940441
1647473596.1994398 12.475687316374076 -1.1564950812854378 1.2662680124674082
1647473596.2994397 12.475713417210432 -1.156497525535829 1.2662696742407722
1647473596.3994396 12.475694547499108 -1.1564963388354463 1.2662673662034414
1647473596.4994397 12.475664702767073 -1.1564942660048743 1.2662640893374695
1647473596.5994396 12.475634858035038 -1.1564921931743022 1.2662608124714974
1647473596.6994398 12.475605013303005 -1.15649012034373 1.2662575356055255
1647473596.7994397 12.475609912233711 -1.1564881242463247 1.2662571962379696
1647473596.8994396 12.475622679784184 -1.1564861455271707 1.266257522144489
1647473596.9994397 12.475635447334657 -1.1564841668080168 1.2662578480510083
1647473597.0994396 12.475648214885132 -1.1564821880888627 1.2662581739575274
1647473597.1994398 12.475576190549148 -1.1564737588752299 1.2662485568150073
1647473597.2994397 12.475484939613477 -1.1564638670089737 1.2662366850814932
1647473597.3994396 12.475393688677807 -1.1564539751427176 1.2662248133479792
1647473597.4994397 12.475302437742135 -1.1564440832764618 1.2662129416144652
1647473597.5994396 12.475275998589007 -1.1564397613516446 1.2662064525178827
1647473597.6994398 12.475264240053248 -1.1564367010829004 1.2662011826507389
1647473597.7994397 12.47525248151749 -1.1564336408141562 1.266195912783595
1647473597.8994396 12.47524072298173 -1.156430580545412 1.266190642916451
1647473597.9994397 12.475318317173203 -1.156435123929041 1.2661958754813618
1647473598.0994396 12.475417862611511 -1.1564415352987438 1.2662036881743293
1647473598.1994398 12.475517408049821 -1.1564479466684465 1.2662115008672967
1647473598.2994397 12.47561695348813 -1.1564543580381492 1.2662193135602642
1647473598.3994396 12.475539529873089 -1.1564455110006309 1.266205902314954
1647473598.4994397 12.475418541663094 -1.1564329077903939 1.2661872663579956
1647473598.5994396 12.475297553453101 -1.1564203045801569 1.2661686304010376
1647473598.6994398 12.475176565243107 -1.1564077013699199 1.2661499944440793
1647473598.7994397 12.47516252627554 -1.1564058633616923 1.266144821303547
1647473598.8994396 12.475172718761094 -1.1564064644215861 1.266142698428708
1647473598.9994397 12.475182911246646 -1.1564070654814802 1.266140575553869
1647473599.0994396 12.4751931037322 -1.156407666541374 1.2661384526790302
1647473599.1994398 12.475226614860189 -1.1564098028640046 1.2661413857066812
1647473599.2994397 12.475266304710829 -1.1564123459840152 1.2661456583929043
1647473599.3994396 12.475305994561467 -1.1564148891040258 1.2661499310791273
1647473599.4994397 12.475345684412106 -1.1564174322240366 1.2661542037653504
1647473599.5994396 12.475290000635319 -1.1564117968040897 1.2661445973129482
1647473599.6994398 12.475208791129544 -1.1564039724855961 1.2661312762578758
1647473599.7994397 12.47512758162377 -1.1563961481671028 1.2661179552028035
1647473599.8994396 12.475046372117996 -1.1563883238486092 1.2661046341477311
1647473599.9994397 12.4752096227857 -1.15640492006402 1.2661194725581413
1647473600.0994396 12.475438067942104 -1.1564280289321829 1.2661418207478667
1647473600.1994398 12.475666513098508 -1.156451137800346 1.2661641689375922
1647473600.2994397 12.475894958254912 -1.156474246668509 1.2661865171273177
1647473600.3994396 12.475934598828916 -1.1564760088860173 1.2661903118029771
1647473600.4994397 12.475927438543899 -1.15647247969812 1.2661895074356202
1647473600.5994396 12.475920278258881 -1.156468950510223 1.2661887030682635
1647473600.6994398 12.475913117973864 -1.1564654213223258 1.2661878987009065
1647473600.7994397 12.475852488570156 -1.1564600633084834 1.2661761874160706
1647473600.8994396 12.475778541781892 -1.1564542497947374 1.2661617595797383
1647473600.9994397 12.475704594993628 -1.1564484362809917 1.266147331743406
1647473601.0994396 12.475630648205364 -1.1564426227672457 1.2661329039070737
1647473601.1994398 12.475649203702933 -1.156445260636421 1.2661318939389568
1647473601.2994397 12.475688954612945 -1.1564498350041934 1.2661339584597389
1647473601.3994396 12.475728705522958 -1.1564544093719655 1.266136022980521
1647473601.4994397 12.475768456432968 -1.1564589837397377 1.266138087501303
1647473601.5994396 12.4756851049696 -1.1564512213052067 1.2661291233731615
1647473601.6994398 12.475573691697027 -1.1564406466341377 1.2661176452086669
1647473601.7994397 12.475462278424455 -1.1564300719630685 1.2661061670441722
1647473601.8994396 12.475350865151885 -1.1564194972919992 1.2660946888796778
1647473601.9994397 12.47532230426229 -1.1564148325482124 1.266091698314965
1647473602.0994396 12.47531262683562 -1.156411514777062 1.2660906422181586
1647473602.1994398 12.475302949408952 -1.1564081970059117 1.2660895861213521
1647473602.2994397 12.475293271982283 -1.1564048792347614 1.2660885300245455
1647473602.3994396 12.475271114800638 -1.1564044248158813 1.2660864042057731
1647473602.4994397 12.475246099423108 -1.1564046261808445 1.266084033392213
1647473602.5994396 12.475221084045577 -1.1564048275458076 1.2660816625786528
1647473602.6994398 12.475196068668048 -1.1564050289107708 1.2660792917650927
1647473602.7994397 12.47518715690916 -1.1564064412074426 1.2660790805291229
1647473602.8994396 12.475181924693123 -1.156408130191933 1.2660793627386613
1647473602.9994397 12.475176692477087 -1.1564098191764232 1.2660796449482
1647473603.0994396 12.47517146026105 -1.1564115081609134 1.2660799271577383
1647473603.1994398 12.475169562837577 -1.15641069184962 1.2660799971341241
1647473603.2994397 12.475168428171354 -1.1564093025094244 1.2660800185670482
1647473603.3994396 12.475167293505132 -1.1564079131692286 1.2660800399999723
1647473603.4994397 12.47516615883891 -1.1564065238290329 1.2660800614328962
1647473603.5994396 12.475165024172687 -1.156405134488837 1.2660800828658203
1647473603.6994398 12.475163889506465 -1.1564037451486413 1.2660801042987444
1647473603.7994397 12.475162754840243 -1.1564023558084457 1.2660801257316683
1647473603.8994396 12.47516162017402 -1.15640096646825 1.2660801471645924
1647473603.9994397 12.475089077655076 -1.1563944394115324 1.266072922674626
1647473604.0994396 12.474999851052038 -1.1563867119533011 1.2660640052113767
1647473604.1994398 12.474910624448999 -1.1563789844950698 1.2660550877481274
1647473604.2994397 12.474821397845961 -1.1563712570368385 1.2660461702848782
1647473604.3994396 12.474946887539353 -1.1563832327410646 1.2660605286632347
1647473604.4994397 12.475122519993995 -1.1563998097307422 1.266080322655878
1647473604.5994396 12.475298152448635 -1.1564163867204198 1.2661001166485215
1647473604.6994398 12.475473784903278 -1.1564329637100974 1.2661199106411651
1647473604.7994397 12.475472617156512 -1.1564333122225003 1.266122173945316
1647473604.8994396 12.47543021865901 -1.1564298761673741 1.2661203489993307
1647473604.9994397 12.475387820161508 -1.1564264401122482 1.2661185240533452
1647473605.0994396 12.475345421664006 -1.156423004057122 1.26611669910736
1647473605.1994398 12.475403900303963 -1.15642619377377 1.2661232131254765
1647473605.2994397 12.47548587528828 -1.1564309267679058 1.2661316694585425
1647473605.3994396 12.475567850272597 -1.1564356597620415 1.2661401257916085
1647473605.4994397 12.475649825256914 -1.1564403927561773 1.2661485821246745
1647473605.5994396 12.475665072557424 -1.1564431073280306 1.266151017524131
1647473605.6994398 12.475664759622033 -1.1564453512237705 1.2661520489014193
1647473605.7994397 12.47566444668664 -1.1564475951195103 1.2661530802787073
1647473605.8994396 12.475664133751248 -1.1564498390152502 1.2661541116559953
1647473605.9994397 12.475633939502961 -1.156447790716058 1.2661511253655262
1647473606.0994396 12.475596770466217 -1.15644474054818 1.2661472012855162
1647473606.1994398 12.47555960142947 -1.1564416903803019 1.2661432772055061
1647473606.2994397 12.475522432392726 -1.1564386402124238 1.266139353125496
1647473606.3994396 12.47547940763226 -1.156434286519134 1.2661339824593176
1647473606.4994397 12.475435013683017 -1.1564296280347626 1.2661282735515071
1647473606.5994396 12.475390619733771 -1.1564249695503912 1.2661225646436967
1647473606.6994398 12.475346225784527 -1.1564203110660196 1.266116855735886
1647473606.7994397 12.475309367218797 -1.1564191127072156 1.2661135851349745
1647473606.8994396 12.47527428843056 -1.156418731593294 1.2661108904362364
1647473606.9994397 12.475239209642325 -1.1564183504793721 1.2661081957374984
1647473607.0994396 12.475204130854088 -1.1564179693654504 1.2661055010387603
1647473607.1994398 12.475201961604375 -1.1564158398141053 1.266105054163319
1647473607.2994397 12.475207236431782 -1.156413314769429 1.2661051157413754
1647473607.3994396 12.475212511259189 -1.1564107897247529 1.2661051773194318
1647473607.4994397 12.475217786086596 -1.1564082646800766 1.2661052388974883
1647473607.5994396 12.475248790778195 -1.1564129999888266 1.266108730678169
1647473607.6994398 12.475285618875516 -1.1564193785236485 1.2661129988120179
1647473607.7994397 12.475322446972836 -1.1564257570584706 1.2661172669458667
1647473607.8994396 12.475359275070158 -1.1564321355932927 1.2661215350797155
1647473607.9994397 12.475343770087235 -1.1564325707843404 1.2661204307357303
1647473608.0994396 12.475316421303821 -1.156431660903063 1.2661181105153756
1647473608.1994398 12.475289072520406 -1.1564307510217855 1.2661157902950209
1647473608.2994397 12.475261723736992 -1.1564298411405078 1.2661134700746661
1647473608.3994396 12.475188774852736 -1.1564233603953995 1.266105905139961
1647473608.4994397 12.475104598533848 -1.156415508019344 1.266097048877245
1647473608.5994396 12.475020422214959 -1.1564076556432885 1.2660881926145287
1647473608.6994398 12.474936245896071 -1.156399803267233 1.2660793363518124
1647473608.7994397 12.474852069577183 -1.1563919508911775 1.266070480089096
1647473608.8994396 12.474767893258296 -1.156384098515122 1.2660616238263798
1647473608.9994397 12.474683716939406 -1.1563762461390663 1.2660527675636637
1647473609.0994396 12.474599540620519 -1.156368393763011 1.2660439113009474
1647473609.1994398 12.474632778199394 -1.1563708493420513 1.2660472060168657
1647473609.2994397 12.47469485828173 -1.1563758370509007 1.2660534855978638
1647473609.3994396 12.474756938364067 -1.15638082475975 1.266059765178862
1647473609.4994397 12.474819018446402 -1.1563858124685995 1.2660660447598602
1647473609.5994396 12.474881098528739 -1.1563908001774488 1.2660723243408583
1647473609.6994398 12.474943178611074 -1.1563957878862983 1.2660786039218563
1647473609.7994397 12.475005258693411 -1.1564007755951478 1.2660848835028546
1647473609.8994396 12.475067338775746 -1.156405763303997 1.2660911630838527
1647473609.9994397 12.475094769555668 -1.1564106595181254 1.266093969312527
1647473610.0994396 12.475114306783935 -1.1564155348885927 1.2660959842673785
1647473610.1994398 12.475133844012202 -1.15642041025906 1.26609799922223
1647473610.2994397 12.47515338124047 -1.1564252856295274 1.2661000141770815
1647473610.3994396 12.475080381007102 -1.1564176732237155 1.2660922606928902
1647473610.4994397 12.474986454542723 -1.156407236857892 1.26608229819401
1647473610.5994396 12.474892528078344 -1.1563968004920684 1.26607233569513
1647473610.6994398 12.474798601613967 -1.1563863641262448 1.26606237319625
1647473610.7994397 12.474941754443643 -1.1563992756807298 1.2660767296662048
1647473610.8994396 12.475138343586936 -1.1564174497225896 1.2660965674923053
1647473610.9994397 12.475334932730231 -1.1564356237644497 1.266116405318406
1647473611.0994396 12.475531521873524 -1.1564537978063099 1.2661362431445067
1647473611.1994398 12.475728111016819 -1.15647197184817 1.2661560809706072
1647473611.2994397 12.475924700160112 -1.15649014589003 1.2661759187967079
1647473611.3994396 12.476121289303407 -1.1565083199318902 1.2661957566228084
1647473611.4994397 12.476317878446702 -1.1565264939737503 1.266215594448909
1647473611.5994396 12.47638662122163 -1.1565315432484646 1.2662231411897897
1647473611.6994398 12.476423963789443 -1.1565333689634332 1.2662276691306331
1647473611.7994397 12.476461306357256 -1.1565351946784017 1.2662321970714767
1647473611.8994396 12.47649864892507 -1.15653702039337 1.26623672501232
1647473611.9994397 12.476477377034604 -1.1565343643331951 1.2662344514380142
1647473612.0994396 12.476442830941044 -1.156530693301711 1.2662306375493202
1647473612.1994398 12.476408284847487 -1.1565270222702266 1.2662268236606264
1647473612.2994397 12.476373738753928 -1.1565233512387425 1.2662230097719325
1647473612.3994396 12.476339192660369 -1.1565196802072581 1.2662191958832385
1647473612.4994397 12.47630464656681 -1.1565160091757738 1.2662153819945445
1647473612.5994396 12.476270100473252 -1.1565123381442897 1.2662115681058508
1647473612.6994398 12.476235554379693 -1.1565086671128053 1.2662077542171568
1647473612.7994397 12.476213210832471 -1.1565037176882313 1.2662036786504236
1647473612.8994396 12.476193865612379 -1.1564984541455563 1.2661995387859328
1647473612.9994397 12.476174520392288 -1.1564931906028812 1.266195398921442
1647473613.0994396 12.476155175172197 -1.156487927060206 1.2661912590569513
1647473613.1994398 12.476121459752292 -1.1564839206783362 1.2661863365596011
1647473613.2994397 12.476084498454632 -1.1564801982584392 1.2661812372845707
1647473613.3994396 12.476047537156973 -1.1564764758385422 1.2661761380095402
1647473613.4994397 12.476010575859313 -1.1564727534186454 1.2661710387345098
1647473613.5994396 12.476009954394177 -1.1564715559204437 1.2661691009760223
1647473613.6994398 12.476017705661496 -1.156470940166635 1.2661678916339951
1647473613.7994397 12.476025456928813 -1.1564703244128267 1.266166682291968
1647473613.8994396 12.476033208196132 -1.1564697086590183 1.2661654729499408
1647473613.9994397 12.475902141315988 -1.1564586759000934 1.2661465421038958
1647473614.0994396 12.475739139989894 -1.1564452467593345 1.26612353451124
1647473614.1994398 12.4755761386638 -1.1564318176185755 1.2661005269185845
1647473614.2994397 12.475413137337705 -1.1564183884778165 1.2660775193259288
1647473614.3994396 12.475399086743046 -1.1564168964111021 1.266073474089825
1647473614.4994397 12.47541913159193 -1.156418136790414 1.2660737694162083
1647473614.5994396 12.475439176440817 -1.156419377169726 1.2660740647425919
1647473614.6994398 12.475459221289704 -1.156420617549038 1.2660743600689752
1647473614.7994397 12.47547926613859 -1.1564218579283498 1.2660746553953586
1647473614.8994396 12.475499310987475 -1.1564230983076618 1.2660749507217421
1647473614.9994397 12.475519355836362 -1.1564243386869737 1.2660752460481255
1647473615.0994396 12.475539400685248 -1.1564255790662856 1.2660755413745088
1647473615.1994398 12.475539195346599 -1.1564254050722143 1.266074186497669
1647473615.2994397 12.475534370773499 -1.1564249084479328 1.2660724551958915
1647473615.3994396 12.475529546200397 -1.1564244118236513 1.266070723894114
1647473615.4994397 12.475524721627297 -1.1564239151993698 1.2660689925923363
1647473615.5994396 12.475433283993253 -1.156414464907009 1.266058568396668
1647473615.6994398 12.47532204888942 -1.1564029680414019 1.266046157233881
1647473615.7994397 12.47521081378559 -1.156391471175795 1.266033746071094
1647473615.8994396 12.475099578681759 -1.156379974310188 1.266021334908307
1647473615.9994397 12.475018738515415 -1.1563697264232322 1.2660119588406398
1647473616.0994396 12.474944841064664 -1.1563597638240342 1.2660032760398112
1647473616.1994398 12.474870943613913 -1.156349801224836 1.2659945932389827
1647473616.2994397 12.474797046163163 -1.1563398386256378 1.2659859104381541
1647473616.3994396 12.474801787355872 -1.156336401393581 1.265985659299195
1647473616.4994397 12.474824508030625 -1.156334456083513 1.2659873359263634
1647473616.5994396 12.47484722870538 -1.156332510773445 1.2659890125535318
1647473616.6994398 12.474869949380134 -1.1563305654633769 1.2659906891807002
1647473616.7994397 12.474888162854358 -1.156332665016068 1.2659926356113949
1647473616.8994396 12.474905344426574 -1.1563356906207467 1.2659946438123166
1647473616.9994397 12.474922525998789 -1.1563387162254253 1.2659966520132382
1647473617.0994396 12.474939707571005 -1.1563417418301039 1.26599866021416
1647473617.1994398 12.475060070105311 -1.1563512750444396 1.2660100794748352
1647473617.2994397 12.475204007294304 -1.1563622951091337 1.2660236489624457
1647473617.3994396 12.475347944483294 -1.156373315173828 1.2660372184500563
1647473617.4994397 12.475491881672285 -1.1563843352385221 1.2660507879376668
1647473617.5994396 12.475399831978047 -1.1563773782308322 1.2660404836241401
1647473617.6994398 12.475253594543716 -1.1563662932948746 1.2660246973646962
1647473617.7994397 12.475107357109385 -1.1563552083589173 1.2660089111052522
1647473617.8994396 12.474961119675054 -1.15634412342296 1.2659931248458083
1647473617.9994397 12.475141100879108 -1.1563613895448932 1.2660107669961809
1647473618.0994396 12.475396247175398 -1.1563851881258298 1.2660361114946457
1647473618.1994398 12.475651393471686 -1.1564089867067662 1.2660614559931107
1647473618.2994397 12.475906539767974 -1.1564327852877025 1.2660868004915757
1647473618.3994396 12.475920243271934 -1.1564329989319948 1.2660875076822256
1647473618.4994397 12.475878333983445 -1.1564277801333718 1.2660825400317552
1647473618.5994396 12.475836424694954 -1.156422561334749 1.266077572381285
1647473618.6994398 12.475794515406463 -1.156417342536126 1.2660726047308146
1647473618.7994397 12.475756217181225 -1.156415990722465 1.2660690449569802
1647473618.8994396 12.475718751837519 -1.1564155308179564 1.266065809905913
1647473618.9994397 12.475681286493813 -1.1564150709134482 1.2660625748548457
1647473619.0994396 12.475643821150108 -1.1564146110089397 1.2660593398037785
1647473619.1994398 12.475604720808127 -1.1564101142382872 1.2660556207839029
1647473619.2994397 12.475565239054873 -1.156404675750285 1.2660517888641178
1647473619.3994396 12.47552575730162 -1.156399237262283 1.2660479569443326
1647473619.4994397 12.475486275548368 -1.1563937987742812 1.2660441250245476
1647473619.5994396 12.475480673804897 -1.156394425034416 1.2660436038138863
1647473619.6994398 12.47548298249713 -1.1563964673153988 1.2660438556003941
1647473619.7994397 12.475485291189363 -1.1563985095963818 1.2660441073869022
1647473619.8994396 12.475487599881596 -1.1564005518773646 1.26604435917341
1647473619.9994397 12.475545237740933 -1.1564067212734133 1.266050085625834
1647473620.0994396 12.475615787726436 -1.1564138538112045 1.2660570896969308
1647473620.1994398 12.475686337711942 -1.156420986348996 1.2660640937680274
1647473620.2994397 12.475756887697447 -1.1564281188867875 1.266071097839124
1647473620.3994396 12.475827437682952 -1.156435251424579 1.2660781019102207
1647473620.4994397 12.475897987668455 -1.1564423839623703 1.2660851059813174
1647473620.5994396 12.47596853765396 -1.1564495165001618 1.266092110052414
1647473620.6994398 12.476039087639466 -1.1564566490379533 1.2660991141235107
1647473620.7994397 12.476062754495636 -1.1564562698332939 1.2661010205995198
1647473620.8994396 12.4760754964541 -1.1564541402118207 1.2661017392131642
1647473620.9994397 12.476088238412567 -1.1564520105903475 1.2661024578268087
1647473621.0994396 12.476100980371033 -1.1564498809688744 1.2661031764404531
1647473621.1994398 12.476071328595367 -1.156446266288196 1.2660996887711207
1647473621.2994397 12.476031794616746 -1.156442305432387 1.2660952205950478
1647473621.3994396 12.475992260638126 -1.1564383445765776 1.266090752418975
1647473621.4994397 12.475952726659505 -1.1564343837207682 1.2660862842429024
1647473621.5994396 12.475989256588909 -1.156437193691787 1.2660901078263456
1647473621.6994398 12.476043763036142 -1.1564416038420806 1.2660958910377738
1647473621.7994397 12.476098269483376 -1.1564460139923742 1.2661016742492017
1647473621.8994396 12.476152775930611 -1.156450424142668 1.26610745746063
1647473621.9994397 12.476037366746127 -1.15643708841203 1.2660965094338643
1647473622.0994396 12.475881522006478 -1.1564195296176272 1.2660815798022393
1647473622.1994398 12.47572567726683 -1.1564019708232243 1.2660666501706141
1647473622.2994397 12.47556983252718 -1.1563844120288214 1.266051720538989
1647473622.3994396 12.475467748727718 -1.1563763877220934 1.266040815514709
1647473622.4994397 12.475378445177821 -1.1563706299890442 1.266030867234974
1647473622.5994396 12.475289141627924 -1.1563648722559947 1.2660209189552394
1647473622.6994398 12.475199838078028 -1.1563591145229455 1.2660109706755045
1647473622.7994397 12.47523870373842 -1.1563630013710087 1.2660151137680586
1647473622.8994396 12.475308030018837 -1.1563691803446137 1.2660226058079609
1647473622.9994397 12.475377356299253 -1.1563753593182187 1.2660300978478631
1647473623.0994396 12.47544668257967 -1.1563815382918237 1.2660375898877652
1647473623.1994398 12.475466107402776 -1.156382053581378 1.2660396383445547
1647473623.2994397 12.475473678615153 -1.1563812235173168 1.266040393730587
1647473623.3994396 12.475481249827531 -1.1563803934532555 1.2660411491166197
1647473623.4994397 12.47548882103991 -1.1563795633891942 1.266041904502652
1647473623.5994396 12.475480428501996 -1.1563766945279519 1.266041031772298
1647473623.6994398 12.475468249383335 -1.1563733420666773 1.2660397728548611
1647473623.7994397 12.475456070264672 -1.1563699896054027 1.266038513937424
1647473623.8994396 12.47544389114601 -1.1563666371441281 1.2660372550199868
1647473623.9994397 12.475401242545214 -1.156364295091736 1.266033736651564
1647473624.0994396 12.47535136824637 -1.15636219265318 1.266029682464695
1647473624.1994398 12.475301493947526 -1.1563600902146238 1.266025628277826
1647473624.2994397 12.475251619648683 -1.1563579877760677 1.266021574090957
1647473624.3994396 12.475117984500967 -1.1563437629163367 1.266008843370433
1647473624.4994397 12.47496459046138 -1.1563266784197654 1.2659940658859064
1647473624.5994396 12.474811196421792 -1.156309593923194 1.2659792884013796
1647473624.6994398 12.474657802382204 -1.1562925094266225 1.2659645109168531
1647473624.7994397 12.474678830655154 -1.1562935928099956 1.2659662787936743
1647473624.8994396 12.47474086895071 -1.156298947809519 1.265971936801483
1647473624.9994397 12.474802907246264 -1.156304302809042 1.2659775948092917
1647473625.0994396 12.47486494554182 -1.1563096578085654 1.2659832528171002
1647473625.1994398 12.474888916983108 -1.1563096012967993 1.2659856270135639
1647473625.2994397 12.474904015805947 -1.1563082834705423 1.2659872358196196
1647473625.3994396 12.474919114628786 -1.1563069656442855 1.265988844625675
1647473625.4994397 12.474934213451627 -1.1563056478180285 1.2659904534317308
1647473625.5994396 12.474882841444765 -1.1563004918968103 1.265985366632386
1647473625.6994398 12.4748159483659 -1.1562944397727233 1.265978716395756
1647473625.7994397 12.474749055287033 -1.1562883876486363 1.265972066159126
1647473625.8994396 12.474682162208167 -1.1562823355245493 1.265965415922496
1647473625.9994397 12.47465945455559 -1.1562793779743068 1.265963811197744
1647473626.0994396 12.474647086641845 -1.1562771445787918 1.2659633871626328
1647473626.1994398 12.474634718728097 -1.1562749111832769 1.2659629631275213
1647473626.2994397 12.474622350814352 -1.1562726777877619 1.26596253909241
1647473626.3994396 12.474828628336947 -1.1562925526360122 1.2659839178470522
1647473626.4994397 12.475086045536953 -1.156317598451803 1.2660103961256237
1647473626.5994396 12.47534346273696 -1.156342644267594 1.2660368744041952
1647473626.6994398 12.475600879936966 -1.1563676900833846 1.2660633526827665
1647473626.7994397 12.475668680020059 -1.1563739593762126 1.2660718294421054
1647473626.8994396 12.475692049118408 -1.1563758289638932 1.2660760880947701
1647473626.9994397 12.475715418216756 -1.156377698551574 1.2660803467474349
1647473627.0994396 12.475738787315105 -1.1563795681392548 1.2660846054000996
1647473627.1994398 12.475762156413454 -1.1563814377269355 1.2660888640527643
1647473627.2994397 12.475785525511803 -1.1563833073146161 1.266093122705429
1647473627.3994396 12.475808894610152 -1.1563851769022968 1.2660973813580938
1647473627.4994397 12.4758322637085 -1.1563870464899775 1.2661016400107585
1647473627.5994396 12.475846455469412 -1.156389427236961 1.2661050985174604
1647473627.6994398 12.47585850506929 -1.1563919272980212 1.2661083702552314
1647473627.7994397 12.475870554669168 -1.1563944273590812 1.2661116419930023
1647473627.8994396 12.475882604269046 -1.1563969274201413 1.2661149137307732
1647473627.9994397 12.475874943252109 -1.156394805877854 1.2661156701582361
1647473628.0994396 12.475862646730636 -1.1563915974358778 1.2661158350399118
1647473628.1994398 12.475850350209164 -1.156388388993902 1.2661159999215874
1647473628.2994397 12.475838053687692 -1.1563851805519259 1.2661161648032633
1647473628.3994396 12.475960135879973 -1.1563972208528337 1.2661288349762196
1647473628.4994397 12.476116517496099 -1.156413153311068 1.2661446970556465
1647473628.5994396 12.476272899112224 -1.1564290857693023 1.266160559135073
1647473628.6994398 12.47642928072835 -1.1564450182275365 1.2661764212145
1647473628.7994397 12.47645921067221 -1.1564479472240865 1.26617913481489
1647473628.8994396 12.47645926393862 -1.1564478038988273 1.266178741830289
1647473628.9994397 12.476459317205029 -1.1564476605735678 1.266178348845688
1647473629.0994396 12.476459370471439 -1.1564475172483086 1.2661779558610868
1647473629.1994398 12.476481474050276 -1.156449057910022 1.2661800823847256
1647473629.2994397 12.476508773905984 -1.1564509954124864 1.2661828026442776
1647473629.3994396 12.476536073761691 -1.156452932914951 1.2661855229038297
1647473629.4994397 12.476563373617399 -1.1564548704174158 1.266188243163382
1647473629.5994396 12.47652038299281 -1.15645201135414 1.2661840341412678
1647473629.6994398 12.47646078107841 -1.1564480187498316 1.266178187567305
1647473629.7994397 12.47640117916401 -1.1564440261455233 1.2661723409933425
1647473629.8994396 12.476341577249611 -1.156440033541215 1.26616649441938
1647473629.9994397 12.476232022879302 -1.1564298917470408 1.2661555151390549
1647473630.0994396 12.47611066968742 -1.1564182975078823 1.2661433235081967
1647473630.1994398 12.47598931649554 -1.1564067032687237 1.2661311318773385
1647473630.2994397 12.475867963303658 -1.1563951090295652 1.2661189402464803
1647473630.3994396 12.475760549053367 -1.1563854867398382 1.2661085334962094
1647473630.4994397 12.475656417926826 -1.1563763289153628 1.2660985471497266
1647473630.5994396 12.475552286800283 -1.1563671710908872 1.2660885608032437
1647473630.6994398 12.475448155673742 -1.1563580132664115 1.2660785744567609
1647473630.7994397 12.47539821311802 -1.1563535981871291 1.2660738133580522
1647473630.8994396 12.475361014682704 -1.1563502985112408 1.2660702811381606
1647473630.9994397 12.47532381624739 -1.1563469988353523 1.2660667489182689
1647473631.0994396 12.475286617812074 -1.1563436991594638 1.266063216698377
1647473631.1994398 12.475309734406936 -1.1563457497580045 1.266065291171991
1647473631.2994397 12.475346937439246 -1.1563490499009104 1.266068675076059
1647473631.3994396 12.475384140471556 -1.1563523500438162 1.266072058980127
1647473631.4994397 12.475421343503866 -1.1563556501867218 1.2660754428841952
1647473631.5994396 12.475394280809798 -1.1563528733367123 1.2660726139004779
1647473631.6994398 12.475352205877908 -1.156348676923461 1.2660683336089755
1647473631.7994397 12.475310130946015 -1.1563444805102094 1.2660640533174734
1647473631.8994396 12.475268056014125 -1.1563402840969579 1.2660597730259713
1647473631.9994397 12.47538811762514 -1.1563518356685023 1.2660720631595808
1647473632.0994396 12.47554608280165 -1.1563670687344365 1.2660882270540474
1647473632.1994398 12.475704047978159 -1.1563823018003707 1.2661043909485143
1647473632.2994397 12.475862013154666 -1.1563975348663047 1.2661205548429812
1647473632.3994396 12.475910743731744 -1.1564018745292184 1.266125249529834
1647473632.4994397 12.475931897405047 -1.156403464089798 1.2661270487491667
1647473632.5994396 12.475953051078351 -1.1564050536503776 1.2661288479684996
1647473632.6994398 12.475974204751655 -1.1564066432109572 1.2661306471878324
1647473632.7994397 12.475995358424958 -1.1564082327715368 1.266132446407165
1647473632.8994396 12.476016512098262 -1.1564098223321164 1.266134245626498
1647473632.9994397 12.476037665771567 -1.156411411892696 1.2661360448458308
1647473633.0994396 12.476058819444871 -1.1564130014532756 1.2661378440651634
1647473633.1994398 12.47603667874841 -1.1564112397099537 1.266135489873458
1647473633.2994397 12.476004448260273 -1.1564086969422542 1.266132167725588
1647473633.3994396 12.475972217772137 -1.1564061541745547 1.2661288455777178
1647473633.4994397 12.475939987284 -1.1564036114068552 1.2661255234298476
1647473633.5994396 12.476048535456696 -1.1564122747916408 1.2661358123655297
1647473633.6994398 12.476189949600911 -1.1564235543477002 1.2661492789240258
1647473633.7994397 12.476331363745127 -1.1564348339037596 1.2661627454825217
1647473633.8994396 12.476472777889342 -1.156446113459819 1.2661762120410178
1647473633.9994397 12.476400337304138 -1.1564308035672564 1.2661653006430182
1647473634.0994396 12.476277847587687 -1.1564092708578895 1.2661486839910476
1647473634.1994398 12.476155357871235 -1.1563877381485226 1.2661320673390772
1647473634.2994397 12.476032868154784 -1.1563662054391557 1.2661154506871068
1647473634.3994396 12.475953898104684 -1.1563573551060204 1.2661016303362098
1647473634.4994397 12.475885117752208 -1.156351474225314 1.2660884647114357
1647473634.5994396 12.475816337399733 -1.1563455933446076 1.2660752990866613
1647473634.6994398 12.475747557047258 -1.1563397124639012 1.2660621334618871
1647473634.7994397 12.475678776694783 -1.1563338315831948 1.2660489678371127
1647473634.8994396 12.475609996342307 -1.1563279507024884 1.2660358022123386
1647473634.9994397 12.475541215989832 -1.156322069821782 1.2660226365875642
1647473635.0994396 12.475472435637357 -1.1563161889410756 1.2660094709627898
1647473635.1994398 12.475405282805875 -1.1563097376972078 1.2660009908087986
1647473635.2994397 12.475338509635467 -1.1563031534014832 1.2659936036612096
1647473635.3994396 12.475271736465059 -1.1562965691057585 1.2659862165136209
1647473635.4994397 12.47520496329465 -1.1562899848100336 1.265978829366032
1647473635.5994396 12.475280747427302 -1.1562954921339026 1.2659869697693196
1647473635.6994398 12.475389802946136 -1.1563038215155435 1.265998734140868
1647473635.7994397 12.47549885846497 -1.1563121508971845 1.2660104985124168
1647473635.8994396 12.475607913983806 -1.1563204802788254 1.2660222628839655
1647473635.9994397 12.475632986278397 -1.1563192645273206 1.2660241064702695
1647473636.0994396 12.47563840034638 -1.1563158145154373 1.2660236278660861
1647473636.1994398 12.475643814414363 -1.156312364503554 1.266023149261903
1647473636.2994397 12.475649228482348 -1.156308914491671 1.2660226706577196
1647473636.3994396 12.475641793383813 -1.156311389415666 1.2660226784605255
1647473636.4994397 12.475631327071365 -1.1563152620760855 1.266022801010357
1647473636.5994396 12.47562086075892 -1.1563191347365047 1.2660229235601883
1647473636.6994398 12.475610394446472 -1.156323007396924 1.2660230461100195
1647473636.7994397 12.47562659819 -1.1563230726374316 1.2660254999355187
1647473636.8994396 12.475649083150564 -1.1563222411707543 1.2660285028130505
1647473636.9994397 12.475671568111128 -1.156321409704077 1.266031505690582
1647473637.0994396 12.47569405307169 -1.1563205782373998 1.2660345085681137
1647473637.1994398 12.475776038909475 -1.1563310624947976 1.2660447793727192
1647473637.2994397 12.475872017225436 -1.1563442078057733 1.266056759333824
1647473637.3994396 12.4759679955414 -1.1563573531167488 1.2660687392949284
1647473637.4994397 12.476063973857363 -1.1563704984277245 1.2660807192560328
1647473637.5994396 12.475988086870029 -1.1563616350502772 1.26607553173993
1647473637.6994398 12.475871745545179 -1.1563475911803593 1.2660663032748751
1647473637.7994397 12.47575540422033 -1.1563335473104412 1.2660570748098203
1647473637.8994396 12.475639062895482 -1.1563195034405231 1.2660478463447655
1647473637.9994397 12.475638377180553 -1.1563216529004932 1.2660501864749607
1647473638.0994396 12.47566506803723 -1.1563276354460823 1.2660552649805483
1647473638.1994398 12.475691758893905 -1.1563336179916714 1.266060343486136
1647473638.2994397 12.47571844975058 -1.1563396005372606 1.2660654219917236
1647473638.3994396 12.475569723558861 -1.1563256462799907 1.26604705361289
1647473638.4994397 12.475379583235139 -1.1563069851519074 1.2660231496696668
1647473638.5994396 12.475189442911418 -1.1562883240238242 1.2659992457264437
1647473638.6994398 12.474999302587698 -1.156269662895741 1.2659753417832205
1647473638.7994397 12.475039159912306 -1.1562727991230246 1.2659775926853338
1647473638.8994396 12.475133408967926 -1.1562810901677532 1.2659860288998732
1647473638.9994397 12.475227658023545 -1.1562893812124815 1.2659944651144124
1647473639.0994396 12.475321907079167 -1.1562976722572098 1.2660029013289515
1647473639.1994398 12.47529573903473 -1.156295161427099 1.2660025066180973
1647473639.2994397 12.475240942440808 -1.1562900825065077 1.2660000123999098
1647473639.3994396 12.475186145846886 -1.1562850035859162 1.2659975181817222
1647473639.4994397 12.475131349252965 -1.1562799246653246 1.2659950239635347
1647473639.5994396 12.475138468271446 -1.1562807042944196 1.2660000280022776
1647473639.6994398 12.47516028918641 -1.156282875039385 1.2660068125062847
1647473639.7994397 12.475182110101375 -1.1562850457843503 1.266013597010292
1647473639.8994396 12.47520393101634 -1.1562872165293157 1.266020381514299
1647473639.9994397 12.475141896394694 -1.1562802174850106 1.2660178658829366
1647473640.0994396 12.47505995592339 -1.156271041691811 1.2660131425607772
1647473640.1994398 12.474978015452086 -1.1562618658986112 1.2660084192386176
1647473640.2994397 12.474896074980782 -1.1562526901054115 1.266003695916458
1647473640.3994396 12.474831833526855 -1.1562467912963974 1.266002270767528
1647473640.4994397 12.474771801552999 -1.1562416718752628 1.2660016300460148
1647473640.5994396 12.474711769579143 -1.1562365524541285 1.2660009893245017
1647473640.6994398 12.474651737605285 -1.156231433032994 1.2660003486029887
1647473640.7994397 12.474763739378018 -1.1562427380476068 1.2660180440733455
1647473640.8994396 12.474916551223618 -1.156257939288588 1.2660400892793864
1647473640.9994397 12.475069363069219 -1.1562731405295694 1.2660621344854273
1647473641.0994396 12.47522217491482 -1.1562883417705507 1.2660841796914681
1647473641.1994398 12.475225218341139 -1.1562910992653488 1.2660858783423683
1647473641.2994397 12.475192748589405 -1.1562909060915347 1.2660827524058225
1647473641.3994396 12.475160278837672 -1.1562907129177207 1.2660796264692764
1647473641.4994397 12.475127809085938 -1.1562905197439066 1.2660765005327306
1647473641.5994396 12.47511709647713 -1.1562950589771614 1.2660757322651872
1647473641.6994398 12.475111545666488 -1.1563007209557248 1.2660755233455134
1647473641.7994397 12.475105994855847 -1.156306382934288 1.2660753144258394
1647473641.8994396 12.475100444045205 -1.1563120449128512 1.2660751055061654
1647473641.9994397 12.475117224668294 -1.1563156227645517 1.2660778500506422
1647473642.0994396 12.475139299784791 -1.1563187064967935 1.2660812948231774
1647473642.1994398 12.475161374901287 -1.1563217902290355 1.2660847395957124
1647473642.2994397 12.475183450017784 -1.1563248739612775 1.2660881843682477
1647473642.3994396 12.47519164034486 -1.1563259918532136 1.2660895695967043
1647473642.4994397 12.475196536214654 -1.1563266433083372 1.2660904661551646
1647473642.5994396 12.475201432084445 -1.156327294763461 1.266091362713625
1647473642.6994398 12.475206327954236 -1.1563279462185847 1.2660922592720854
1647473642.7994397 12.475191064726637 -1.1563276515723129 1.266091075736284
1647473642.8994396 12.475171026539156 -1.1563271328288942 1.2660893995015063
1647473642.9994397 12.475150988351675 -1.1563266140854758 1.2660877232667287
1647473643.0994396 12.475130950164196 -1.156326095342057 1.266086047031951
1647473643.1994398 12.475155781067782 -1.1563284733734835 1.266088756184511
1647473643.2994397 12.475190329604143 -1.1563314787809835 1.2660924151130242
1647473643.3994396 12.475224878140505 -1.1563344841884833 1.2660960740415375
1647473643.4994397 12.475259426676866 -1.1563374895959833 1.2660997329700505
1647473643.5994396 12.475274082729541 -1.156338690629838 1.2661012701405367
1647473643.6994398 12.475283985634318 -1.1563394605232211 1.2661023003341232
1647473643.7994397 12.475293888539095 -1.1563402304166042 1.2661033305277098
1647473643.8994396 12.475303791443872 -1.1563410003099874 1.2661043607212963
1647473643.9994397 12.475313694348651 -1.1563417702033705 1.2661053909148827
1647473644.0994396 12.475323597253428 -1.1563425400967535 1.2661064211084694
1647473644.1994398 12.475333500158206 -1.1563433099901368 1.2661074513020558
1647473644.2994397 12.475343403062983 -1.1563440798835198 1.2661084814956423
1647473644.3994396 12.475343406811861 -1.1563446804936992 1.2661084134086402
1647473644.4994397 12.47534085926371 -1.156345237474731 1.2661080622631598
1647473644.5994396 12.475338311715557 -1.1563457944557627 1.2661077111176795
1647473644.6994398 12.475335764167406 -1.1563463514367944 1.266107359972199
1647473644.7994397 12.475347198361638 -1.1563484418355325 1.2661085129596357
1647473644.8994396 12.475361958155386 -1.1563508969622887 1.2661100237096146
1647473644.9994397 12.475376717949135 -1.1563533520890448 1.2661115344595937
1647473645.0994396 12.475391477742884 -1.156355807215801 1.2661130452095726
1647473645.1994398 12.475490205081156 -1.156366804035578 1.2661230998305895
1647473645.2994397 12.475608915826532 -1.1563798336899458 1.2661351878045428
1647473645.3994396 12.47572762657191 -1.1563928633443137 1.2661472757784962
1647473645.4994397 12.475846337317288 -1.1564058929986816 1.2661593637524495
1647473645.5994396 12.475835488616255 -1.1564033335974404 1.2661583258757112
1647473645.6994398 12.475793918039162 -1.1563970776302783 1.2661541755222734
1647473645.7994397 12.475752347462068 -1.1563908216631165 1.2661500251688358
1647473645.8994396 12.475710776884975 -1.1563845656959544 1.266145874815398
1647473645.9994397 12.475716783580935 -1.156387217332703 1.2661466046453043
1647473646.0994396 12.47573640457527 -1.1563924178918605 1.266148730946002
1647473646.1994398 12.475756025569606 -1.156397618451018 1.2661508572466997
1647473646.2994397 12.47577564656394 -1.1564028190101756 1.2661529835473975
1647473646.3994396 12.47578357413741 -1.156402432949996 1.266154556018466
1647473646.4994397 12.475788637838733 -1.1564006786534649 1.2661559928493942
1647473646.5994396 12.475793701540056 -1.1563989243569337 1.2661574296803224
1647473646.6994398 12.475798765241377 -1.1563971700604023 1.2661588665112506
1647473646.7994397 12.475791812417665 -1.1563960883847169 1.2661582213034832
1647473646.8994396 12.475781918702568 -1.1563951713244123 1.2661570665432749
1647473646.9994397 12.475772024987469 -1.1563942542641077 1.2661559117830665
1647473647.0994396 12.475762131272372 -1.1563933372038033 1.2661547570228582
1647473647.1994398 12.475628522656338 -1.156382621658026 1.266141877919483
1647473647.2994397 12.475464783226215 -1.1563695196871542 1.2661261433475943
1647473647.3994396 12.475301043796094 -1.1563564177162826 1.2661104087757056
1647473647.4994397 12.47513730436597 -1.156343315745411 1.2660946742038168
1647473647.5994396 12.475047551088252 -1.1563350452617385 1.266085325572918
1647473647.6994398 12.474975819186474 -1.1563279516205471 1.2660775324147608
1647473647.7994397 12.474904087284694 -1.1563208579793558 1.2660697392566036
1647473647.8994396 12.474832355382915 -1.1563137643381645 1.2660619460984461
1647473647.9994397 12.474886064750036 -1.1563188542553138 1.2660665126175585
1647473648.0994396 12.47497034102277 -1.1563269130014704 1.266074090881464
1647473648.1994398 12.475054617295505 -1.156334971747627 1.2660816691453698
1647473648.2994397 12.47513889356824 -1.1563430304937836 1.2660892474092755
1647473648.3994396 12.475093621901177 -1.1563386840947056 1.266085644978021
1647473648.4994397 12.47501671696818 -1.1563313085833256 1.266079312423046
1647473648.5994396 12.474939812035181 -1.1563239330719453 1.2660729798680712
1647473648.6994398 12.474862907102185 -1.1563165575605652 1.2660666473130964
1647473648.7994397 12.474973400120147 -1.1563261351898142 1.2660772293368094
1647473648.8994396 12.475129618723122 -1.156339849429251 1.2660919385614966
1647473648.9994397 12.475285837326096 -1.1563535636686875 1.2661066477861838
1647473649.0994396 12.47544205592907 -1.1563672779081242 1.266121357010871
1647473649.1994398 12.475598274532045 -1.1563809921475607 1.266136066235558
1647473649.2994397 12.475754493135017 -1.1563947063869975 1.2661507754602452
1647473649.3994396 12.475910711737992 -1.156408420626434 1.2661654846849324
1647473649.4994397 12.476066930340966 -1.1564221348658708 1.2661801939096196
1647473649.5994396 12.476096035518381 -1.156426271495891 1.2661767946794908
1647473649.6994398 12.476094140260306 -1.1564280723375275 1.2661689791575121
1647473649.7994397 12.476092245002231 -1.156429873179164 1.2661611636355334
1647473649.8994396 12.476090349744156 -1.1564316740208005 1.2661533481135547
1647473649.9994397 12.476102751643827 -1.1564294776370052 1.266148212476702
1647473650.0994396 12.476118643099868 -1.1564263056366766 1.2661437309286119
1647473650.1994398 12.476134534555909 -1.1564231336363482 1.2661392493805215
1647473650.2994397 12.47615042601195 -1.1564199616360198 1.2661347678324313
1647473650.3994396 12.476213934937624 -1.156423745391132 1.2661344724671333
1647473650.4994397 12.4762890641601 -1.1564292265892901 1.2661351986741045
1647473650.5994396 12.476364193382578 -1.1564347077874484 1.266135924881076
1647473650.6994398 12.476439322605053 -1.1564401889856066 1.2661366510880474
1647473650.7994397 12.476476094087518 -1.1564422738411675 1.266138506747543
1647473650.8994396 12.476503518067359 -1.156443531032707 1.266140637646415
1647473650.9994397 12.4765309420472 -1.1564447882242468 1.2661427685452868
1647473651.0994396 12.47655836602704 -1.1564460454157863 1.2661448994441586
1647473651.1994398 12.476501891982084 -1.1564426242056227 1.2661385700030392
1647473651.2994397 12.476424936571483 -1.1564380608940077 1.2661301752055867
1647473651.3994396 12.476347981160883 -1.1564334975823924 1.266121780408134
1647473651.4994397 12.476271025750282 -1.1564289342707772 1.2661133856106814
1647473651.5994396 12.476042923383707 -1.1564080967734076 1.2660900826790549
1647473651.6994398 12.475777945341541 -1.156383288824959 1.2660631425751414
1647473651.7994397 12.475512967299375 -1.1563584808765106 1.266036202471228
1647473651.8994396 12.475247989257207 -1.1563336729280622 1.2660092623673147
1647473651.9994397 12.475169552410774 -1.156332153342433 1.266001741029147
1647473652.0994396 12.47513664049604 -1.1563363172259298 1.2659989587942149
1647473652.1994398 12.475103728581304 -1.1563404811094267 1.2659961765592826
1647473652.2994397 12.475070816666568 -1.1563446449929233 1.2659933943243504
1647473652.3994396 12.475030248901724 -1.1563442446491727 1.265990236666011
1647473652.4994397 12.474987816574076 -1.1563427326994944 1.2659869875742562
1647473652.5994396 12.474945384246427 -1.156341220749816 1.2659837384825015
1647473652.6994398 12.474902951918779 -1.156339708800138 1.2659804893907467
1647473652.7994397 12.474912444906634 -1.1563413802966027 1.2659827031823216
1647473652.8994396 12.47493456625862 -1.1563438260149805 1.2659862455605255
1647473652.9994397 12.474956687610607 -1.1563462717333581 1.2659897879387296
1647473653.0994396 12.474978808962593 -1.1563487174517357 1.2659933303169337
1647473653.1994398 12.475060356329033 -1.1563599675302274 1.266002785433125
1647473653.2994397 12.47515641550713 -1.1563733676303367 1.2660136844378365
1647473653.3994396 12.475252474685227 -1.156386767730446 1.2660245834425479
1647473653.4994397 12.475348533863324 -1.1564001678305553 1.266035482447259
1647473653.5994396 12.475442903720086 -1.1564109905041795 1.2660455494570975
1647473653.6994398 12.475536860088303 -1.1564211823112482 1.2660554128228192
1647473653.7994397 12.475630816456519 -1.156431374118317 1.2660652761885411
1647473653.8994396 12.475724772824737 -1.1564415659253857 1.2660751395542629
1647473653.9994397 12.475785181469865 -1.1564443188303264 1.2660825490071883
1647473654.0994396 12.475837398292942 -1.1564452552733167 1.2660893592535176
1647473654.1994398 12.475889615116017 -1.156446191716307 1.2660961694998467
1647473654.2994397 12.475941831939092 -1.1564471281592972 1.266102979746176
1647473654.3994396 12.47600371909363 -1.1564527346079385 1.2661101701616073
1647473654.4994397 12.476067965819796 -1.1564594805431527 1.2661174533387223
1647473654.5994396 12.476132212545965 -1.156466226478367 1.2661247365158375
1647473654.6994398 12.476196459272133 -1.156472972413581 1.2661320196929524
1647473654.7994397 12.476083587081899 -1.156463141532475 1.2661206568028576
1647473654.8994396 12.4759275019921 -1.156449266293413 1.2661047447056761
1647473654.9994397 12.4757714169023 -1.1564353910543508 1.2660888326084947
1647473655.0994396 12.4756153318125 -1.1564215158152886 1.2660729205113135
1647473655.1994398 12.475634625089025 -1.1564219901979094 1.2660751391708303
1647473655.2994397 12.475696669994228 -1.1564259625587054 1.266081777528137
1647473655.3994396 12.475758714899431 -1.1564299349195015 1.2660884158854435
1647473655.4994397 12.475820759804634 -1.1564339072802978 1.26609505424275
1647473655.5994396 12.47574519006217 -1.1564277454695433 1.2660875672563692
1647473655.6994398 12.475636064936607 -1.1564191125845644 1.2660766360049565
1647473655.7994397 12.475526939811045 -1.1564104796995853 1.266065704753544
1647473655.8994396 12.475417814685482 -1.1564018468146064 1.2660547735021312
1647473655.9994397 12.475406491037953 -1.156399538391063 1.2660539588689423
1647473656.0994396 12.475419012154223 -1.1563987719205873 1.2660556107462484
1647473656.1994398 12.475431533270493 -1.1563980054501115 1.2660572626235544
1647473656.2994397 12.475444054386761 -1.1563972389796358 1.2660589145008605
1647473656.3994396 12.475446013324294 -1.1564022476110833 1.2660593961073352
1647473656.4994397 12.475445398623819 -1.156408663435325 1.2660595925592444
1647473656.5994396 12.475444783923344 -1.1564150792595664 1.2660597890111533
1647473656.6994398 12.475444169222866 -1.156421495083808 1.2660599854630623
1647473656.7994397 12.47548591972053 -1.1564260380745601 1.2660642751328541
1647473656.8994396 12.475537999465484 -1.1564301244414539 1.266069562788294
1647473656.9994397 12.475590079210438 -1.1564342108083474 1.266074850443734
1647473657.0994396 12.47564215895539 -1.156438297175241 1.266080138099174
1647473657.1994398 12.475642372789167 -1.1564380923375996 1.2660805566719258
1647473657.2994397 12.475629950452058 -1.156436842027266 1.266079788982651
1647473657.3994396 12.475617528114947 -1.1564355917169322 1.266079021293376
1647473657.4994397 12.475605105777838 -1.1564343414065985 1.2660782536041009
1647473657.5994396 12.475499104413814 -1.1564253697785878 1.2660673433267313
1647473657.6994398 12.475370235402172 -1.1564145113135624 1.2660539545332015
1647473657.7994397 12.475241366390533 -1.156403652848537 1.2660405657396718
1647473657.8994396 12.475112497378891 -1.1563927943835117 1.266027176946142
1647473657.9994397 12.475081173358806 -1.156390620278188 1.266024379692663
1647473658.0994396 12.475073630129966 -1.1563905633594245 1.266024164583063
1647473658.1994398 12.475066086901125 -1.156390506440661 1.2660239494734633
1647473658.2994397 12.475058543672285 -1.1563904495218975 1.2660237343638636
1647473658.3994396 12.475059260522896 -1.1563886566383645 1.2660236576984398
1647473658.4994397 12.475061993238292 -1.156386440094228 1.2660236148201898
1647473658.5994396 12.475064725953688 -1.1563842235500916 1.2660235719419395
1647473658.6994398 12.475067458669084 -1.1563820070059552 1.2660235290636894
1647473658.7994397 12.475088867248846 -1.1563838021253001 1.2660256649894193
1647473658.8994396 12.475114864804763 -1.1563865829783002 1.266028336284185
1647473658.9994397 12.475140862360679 -1.1563893638313003 1.2660310075789507
1647473659.0994396 12.475166859916595 -1.1563921446843004 1.2660336788737165
1647473659.1994398 12.47519285747251 -1.1563949255373005 1.2660363501684824
1647473659.2994397 12.475218855028427 -1.1563977063903006 1.2660390214632482
1647473659.3994396 12.475244852584343 -1.1564004872433005 1.266041692758014
1647473659.4994397 12.475270850140259 -1.1564032680963006 1.2660443640527799
1647473659.5994396 12.475277570830672 -1.1564054444143064 1.266045549622271
1647473659.6994398 12.47527981931942 -1.1564074804811697 1.2660463905058976
1647473659.7994397 12.475282067808168 -1.156409516548033 1.2660472313895244
1647473659.8994396 12.475284316296918 -1.1564115526148964 1.2660480722731509
1647473659.9994397 12.47522467246906 -1.1564054093519387 1.2660415930831381
1647473660.0994396 12.475150551192007 -1.1563973528332097 1.2660334016289858
1647473660.1994398 12.475076429914953 -1.1563892963144806 1.2660252101748333
1647473660.2994397 12.4750023086379 -1.1563812397957516 1.2660170187206807
1647473660.3994396 12.475138895660148 -1.156392914998502 1.2660299286233714
1647473660.4994397 12.475324864620891 -1.1564092145594749 1.2660477838742479
1647473660.5994396 12.475510833581632 -1.156425514120448 1.2660656391251246
1647473660.6994398 12.475696802542375 -1.1564418136814212 1.266083494376001
1647473660.7994397 12.475661794121642 -1.1564397928431376 1.2660777785824004
1647473660.8994396 12.475575202108772 -1.1564334954042503 1.266066560510076
1647473660.9994397 12.4754886100959 -1.1564271979653629 1.2660553424377514
1647473661.0994396 12.47540201808303 -1.1564209005264756 1.2660441243654268
1647473661.1994398 12.475396076999381 -1.1564202772772612 1.2660389975949458
1647473661.2994397 12.475409006000923 -1.1564209816313804 1.2660352960205017
1647473661.3994396 12.475421935002466 -1.1564216859854999 1.2660315944460576
1647473661.4994397 12.475434864004008 -1.1564223903396191 1.2660278928716135
1647473661.5994396 12.475421805782737 -1.1564203653448 1.2660207817258948
1647473661.6994398 12.475402665723294 -1.1564177015953636 1.2660128726318585
1647473661.7994397 12.475383525663853 -1.1564150378459275 1.2660049635378219
1647473661.8994396 12.47536438560441 -1.1564123740964911 1.2659970544437855
1647473661.9994397 12.475387007144576 -1.1564144230674451 1.2659968195858147
1647473662.0994396 12.475419363654948 -1.1564175706120414 1.2659983736549962
1647473662.1994398 12.47545172016532 -1.1564207181566377 1.2659999277241776
1647473662.2994397 12.475484076675695 -1.156423865701234 1.2660014817933591
1647473662.3994396 12.475586789711171 -1.1564321725940276 1.2660107790028818
1647473662.4994397 12.47570590327467 -1.1564416821618337 1.266021881184864
1647473662.5994396 12.47582501683817 -1.1564511917296398 1.2660329833668462
1647473662.6994398 12.475944130401668 -1.1564607012974457 1.2660440855488284
1647473662.7994397 12.475918417298297 -1.156459309788751 1.266040810380907
1647473662.8994396 12.475858895703608 -1.156455373521151 1.2660341789491163
1647473662.9994397 12.47579937410892 -1.156451437253551 1.2660275475173253
1647473663.0994396 12.475739852514232 -1.1564475009859512 1.2660209160855345
1647473663.1994398 12.475758730433698 -1.1564486297657084 1.26602295772064
1647473663.2994397 12.475795945408326 -1.1564509432218477 1.2660270279206907
1647473663.3994396 12.475833160382955 -1.156453256677987 1.2660310981207412
1647473663.4994397 12.475870375357584 -1.1564555701341264 1.2660351683207918
1647473663.5994396 12.475901827102582 -1.156455749371947 1.2660376739055847
1647473663.6994398 12.47593192158361 -1.15645542599269 1.2660398110171338
1647473663.7994397 12.475962016064637 -1.156455102613433 1.2660419481286826
1647473663.8994396 12.475992110545665 -1.1564547792341762 1.2660440852402315
1647473663.9994397 12.47596767570887 -1.1564531201956354 1.2660414365795247
1647473664.0994396 12.475930389389871 -1.1564511463686062 1.2660376600069085
1647473664.1994398 12.47589310307087 -1.1564491725415773 1.2660338834342921
1647473664.2994397 12.47585581675187 -1.1564471987145484 1.266030106861676
1647473664.3994396 12.47573860576285 -1.1564352970718068 1.2660180613777179
1647473664.4994397 12.47560255799277 -1.1564210556247105 1.2660040670627857
1647473664.5994396 12.475466510222692 -1.1564068141776143 1.2659900727478535
1647473664.6994398 12.475330462452613 -1.1563925727305182 1.2659760784329213
1647473664.7994397 12.475306446937804 -1.1563906351207673 1.2659735912955752
1647473664.8994396 12.475308857972276 -1.1563915997820022 1.2659738185104024
1647473664.9994397 12.475311269006747 -1.1563925644432371 1.2659740457252295
1647473665.0994396 12.47531368004122 -1.156393529104472 1.2659742729400567
1647473665.1994398 12.47531609107569 -1.156394493765707 1.2659745001548839
1647473665.2994397 12.475318502110161 -1.1563954584269418 1.265974727369711
1647473665.3994396 12.475320913144634 -1.1563964230881765 1.2659749545845382
1647473665.4994397 12.475323324179104 -1.1563973877494114 1.2659751817993652
1647473665.5994396 12.475293676751136 -1.1563959805258268 1.2659715333310053
1647473665.6994398 12.47525646763763 -1.1563940138416264 1.2659669706984817
1647473665.7994397 12.475219258524124 -1.156392047157426 1.265962408065958
1647473665.8994396 12.475182049410616 -1.1563900804732257 1.2659578454334344
1647473665.9994397 12.475200978042377 -1.156392517459714 1.2659595443951248
1647473666.0994396 12.475233129057248 -1.1563959916631528 1.2659627181790973
1647473666.1994398 12.475265280072119 -1.1563994658665913 1.2659658919630699
1647473666.2994397 12.475297431086988 -1.15640294007003 1.2659690657470422
1647473666.3994396 12.47530754655524 -1.1564043318622355 1.2659703198189118
1647473666.4994397 12.475312429043207 -1.1564052291254368 1.2659711179994093
1647473666.5994396 12.475317311531176 -1.1564061263886383 1.2659719161799068
1647473666.6994398 12.475322194019144 -1.1564070236518396 1.2659727143604045
1647473666.7994397 12.475439259580247 -1.1564164035562732 1.2659853799342606
1647473666.8994396 12.475583003305255 -1.1564278007106072 1.2660008676831234
1647473666.9994397 12.475726747030263 -1.1564391978649415 1.2660163554319863
1647473667.0994396 12.475870490755272 -1.1564505950192758 1.266031843180849
1647473667.1994398 12.475902025859181 -1.1564544662263991 1.2660345073709665
1647473667.2994397 12.475906918766247 -1.1564565505140765 1.2660341268059394
1647473667.3994396 12.475911811673312 -1.1564586348017538 1.2660337462409126
1647473667.4994397 12.475916704580378 -1.1564607190894314 1.2660333656758855
1647473667.5994396 12.475941498263738 -1.1564650074087972 1.266035853842099
1647473667.6994398 12.475971010715016 -1.1564698183366213 1.26603902222685
1647473667.7994397 12.476000523166295 -1.1564746292644457 1.266042190611601
1647473667.8994396 12.476030035617574 -1.15647944019227 1.2660453589963518
1647473667.9994397 12.475963767354035 -1.1564724977754783 1.2660385632685107
1647473668.0994396 12.47587474807323 -1.1564627635592435 1.266029400741695
1647473668.1994398 12.475785728792426 -1.1564530293430086 1.266020238214879
1647473668.2994397 12.47569670951162 -1.1564432951267738 1.2660110756880631
1647473668.3994396 12.475703738276806 -1.1564440214530345 1.2660104100267486
1647473668.4994397 12.47573354698962 -1.1564472287314869 1.2660117595875984
1647473668.5994396 12.475763355702432 -1.1564504360099392 1.2660131091484481
1647473668.6994398 12.475793164415245 -1.1564536432883918 1.2660144587092979
1647473668.7994397 12.475803126268444 -1.1564548130996561 1.2660139050944348
1647473668.8994396 12.475808221321133 -1.1564554832879805 1.2660128847872736
1647473668.9994397 12.475813316373824 -1.1564561534763051 1.2660118644801124
1647473669.0994396 12.475818411426514 -1.1564568236646298 1.2660108441729512
1647473669.1994398 12.475749256556393 -1.1564516491476453 1.2660032894763844
1647473669.2994397 12.475662460265033 -1.1564450859570508 1.265994182240614
1647473669.3994396 12.475575663973672 -1.156438522766456 1.2659850750048436
1647473669.4994397 12.47548886768231 -1.1564319595758612 1.2659759677690732
1647473669.5994396 12.475464323450804 -1.1564290900290846 1.265973209569452
1647473669.6994398 12.475454542600655 -1.1564270964480576 1.2659719570748973
1647473669.7994397 12.475444761750508 -1.1564251028670307 1.2659707045803426
1647473669.8994396 12.475434980900358 -1.1564231092860036 1.265969452085788
1647473669.9994397 12.475516937229456 -1.1564332114078784 1.2659770778338724
1647473670.0994396 12.475620716271045 -1.1564461908914616 1.265986815564668
1647473670.1994398 12.475724495312637 -1.1564591703750449 1.2659965532954638
1647473670.2994397 12.475828274354226 -1.1564721498586283 1.2660062910262595
1647473670.3994396 12.475802318381366 -1.15646975349945 1.2660040105181893
1647473670.4994397 12.475745373342138 -1.1564636844000031 1.2659988592816318
1647473670.5994396 12.47568842830291 -1.1564576153005566 1.2659937080450745
1647473670.6994398 12.475631483263683 -1.15645154620111 1.265988556808517
1647473670.7994397 12.475594493519035 -1.1564483428872325 1.2659846634595353
1647473670.8994396 12.47556229226405 -1.1564458272497262 1.265981071954339
1647473670.9994397 12.475530091009063 -1.1564433116122201 1.2659774804491426
1647473671.0994396 12.475497889754076 -1.1564407959747138 1.2659738889439465
1647473671.1994398 12.475465688499089 -1.1564382803372077 1.2659702974387501
1647473671.2994397 12.475433487244102 -1.1564357646997014 1.2659667059335538
1647473671.3994396 12.475401285989115 -1.1564332490621954 1.2659631144283574
1647473671.4994397 12.47536908473413 -1.1564307334246893 1.265959522923161
1647473671.5994396 12.475420483049115 -1.1564360666630722 1.2659654489349728
1647473671.6994398 12.475492147656535 -1.1564433026338987 1.2659736821928982
1647473671.7994397 12.475563812263955 -1.1564505386047252 1.2659819154508236
1647473671.8994396 12.475635476871375 -1.156457774575552 1.265990148708749
1647473671.9994397 12.475633578825585 -1.1564581517616366 1.2659896266494761
1647473672.0994396 12.475613782517218 -1.1564568601616605 1.265986974365703
1647473672.1994398 12.47559398620885 -1.1564555685616842 1.26598432208193
1647473672.2994397 12.475574189900481 -1.156454276961708 1.265981669798157
1647473672.3994396 12.475643988231722 -1.1564607345660876 1.2659885587412416
1647473672.4994397 12.475735658995216 -1.1564690839571636 1.265997776951333
1647473672.5994396 12.475827329758708 -1.1564774333482395 1.2660069951614248
1647473672.6994398 12.4759190005222 -1.1564857827393153 1.2660162133715163
1647473672.7994397 12.475853324600665 -1.1564787120615883 1.266010106960656
1647473672.8994396 12.47574934620477 -1.156467887718572 1.2660002701191169
1647473672.9994397 12.475645367808875 -1.1564570633755555 1.2659904332775778
1647473673.0994396 12.47554138941298 -1.1564462390325392 1.2659805964360387
1647473673.1994398 12.47560876066398 -1.156452132482901 1.2659862712424916
1647473673.2994397 12.47571791600742 -1.1564621026141115 1.2659957286078551
1647473673.3994396 12.475827071350864 -1.156472072745322 1.2660051859732184
1647473673.4994397 12.475936226694305 -1.1564820428765326 1.266014643338582
1647473673.5994396 12.475882153530742 -1.1564757697404195 1.2660077367777745
1647473673.6994398 12.475788319739245 -1.1564655399271284 1.2659968441486513
1647473673.7994397 12.475694485947747 -1.1564553101138375 1.2659859515195282
1647473673.8994396 12.475600652156249 -1.1564450803005464 1.265975058890405
1647473673.9994397 12.475642026161267 -1.1564487343325012 1.265978481767971
1647473674.0994396 12.475716381840424 -1.1564557750956321 1.265985396673282
1647473674.1994398 12.475790737519581 -1.1564628158587633 1.265992311578593
1647473674.2994397 12.47586509319874 -1.1564698566218943 1.2659992264839037
1647473674.3994396 12.475861792402123 -1.1564687849925288 1.2659988771544577
1647473674.4994397 12.475839579141114 -1.1564657376704388 1.265996758692691
1647473674.5994396 12.475817365880106 -1.1564626903483486 1.2659946402309246
1647473674.6994398 12.475795152619096 -1.1564596430262584 1.2659925217691579
1647473674.7994397 12.47576702134306 -1.1564566827843912 1.2659886907700175
1647473674.8994396 12.475737447431404 -1.156453743770086 1.2659844423053244
1647473674.9994397 12.47570787351975 -1.1564508047557804 1.2659801938406312
1647473675.0994396 12.475678299608095 -1.1564478657414752 1.265975945375938
1647473675.1994398 12.475756625585735 -1.156451871034932 1.2659810814228185
1647473675.2994397 12.475861348085008 -1.1564575751769357 1.2659885132872795
1647473675.3994396 12.475966070584283 -1.156463279318939 1.2659959451517404
1647473675.4994397 12.476070793083558 -1.1564689834609425 1.2660033770162011
1647473675.5994396 12.476029614561538 -1.1564643822451135 1.2659981226941195
1647473675.6994398 12.475952892426344 -1.1564572704940659 1.2659897778322793
1647473675.7994397 12.47587617029115 -1.1564501587430183 1.265981432970439
1647473675.8994396 12.475799448155955 -1.1564430469919706 1.2659730881085989
1647473675.9994397 12.475772889463054 -1.1564378835113862 1.2659685406708463
1647473676.0994396 12.475758552313946 -1.1564331946966484 1.2659649184165078
1647473676.1994398 12.47574421516484 -1.1564285058819104 1.2659612961621693
1647473676.2994397 12.475729878015732 -1.1564238170671726 1.2659576739078309
1647473676.3994396 12.475831379097157 -1.1564301433957374 1.2659618405897084
1647473676.4994397 12.475961155948932 -1.1564391584882878 1.2659679085279392
1647473676.5994396 12.476090932800707 -1.1564481735808383 1.26597397646617
1647473676.6994398 12.476220709652482 -1.1564571886733888 1.2659800444044007
1647473676.7994397 12.47613684850493 -1.1564491818650804 1.26596773300265
1647473676.8994396 12.47600088356592 -1.156437023615664 1.2659509390963797
1647473676.9994397 12.475864918626911 -1.1564248653662477 1.2659341451901092
1647473677.0994396 12.4757289536879 -1.1564127071168313 1.2659173512838389
1647473677.1994398 12.475710287462357 -1.156411342143044 1.2659145148349538
1647473677.2994397 12.47572020668692 -1.156412607467858 1.265915079789118
1647473677.3994396 12.475730125911484 -1.156413872792672 1.2659156447432824
1647473677.4994397 12.475740045136048 -1.1564151381174859 1.265916209697447
1647473677.5994396 12.475670321216189 -1.1564088621572264 1.2659089168771562
1647473677.6994398 12.475581175093094 -1.156400747138848 1.2658997078179532
1647473677.7994397 12.475492028969999 -1.1563926321204696 1.2658904987587503
1647473677.8994396 12.475402882846906 -1.1563845171020914 1.2658812896995473
1647473677.9994397 12.47548097442264 -1.1563913878623389 1.2658883180194476
1647473678.0994396 12.475599999742306 -1.1564019265995384 1.2658993206628582
1647473678.1994398 12.47571902506197 -1.1564124653367382 1.2659103233062687
1647473678.2994397 12.475838050381634 -1.1564230040739378 1.2659213259496793
1647473678.3994396 12.475811806940492 -1.156420949809536 1.2659182080969966
1647473678.4994397 12.475749935340728 -1.156415807025234 1.265911627095927
1647473678.5994396 12.475688063740963 -1.156410664240932 1.2659050460948573
1647473678.6994398 12.475626192141199 -1.15640552145663 1.265898465093788
1647473678.7994397 12.475643509496997 -1.1564060609525761 1.2659003935000959
1647473678.8994396 12.475680807722428 -1.156408034195186 1.2659044689906565
1647473678.9994397 12.475718105947857 -1.1564100074377957 1.2659085444812168
1647473679.0994396 12.475755404173288 -1.1564119806804054 1.2659126199717772
1647473679.1994398 12.47573691151822 -1.1564103312354888 1.2659103613013822
1647473679.2994397 12.475704729826685 -1.1564077929158814 1.2659065484601346
1647473679.3994396 12.47567254813515 -1.156405254596274 1.2659027356188868
1647473679.4994397 12.475640366443614 -1.1564027162766666 1.2658989227776392
1647473679.5994396 12.475608184752078 -1.1564001779570592 1.2658951099363913
1647473679.6994398 12.47557600306054 -1.1563976396374518 1.2658912970951437
1647473679.7994397 12.475543821369005 -1.1563951013178444 1.2658874842538959
1647473679.8994396 12.47551163967747 -1.156392562998237 1.2658836714126482
1647473679.9994397 12.475484385147654 -1.1563906202132572 1.2658806394608866
1647473680.0994396 12.475458342347824 -1.1563888238872748 1.2658777995521833
1647473680.1994398 12.475432299547995 -1.1563870275612924 1.26587495964348
1647473680.2994397 12.475406256748165 -1.15638523123531 1.2658721197347766
1647473680.3994396 12.475380213948334 -1.1563834349093276 1.2658692798260733
1647473680.4994397 12.475354171148505 -1.1563816385833452 1.26586643991737
1647473680.5994396 12.475328128348675 -1.1563798422573628 1.2658636000086667
1647473680.6994398 12.475302085548845 -1.1563780459313806 1.2658607600999634
1647473680.7994397 12.475448100260648 -1.1563917419779968 1.2658752060638803
1647473680.8994396 12.475636366320352 -1.156409242413147 1.2658938968376336
1647473680.9994397 12.475824632380053 -1.156426742848297 1.265912587611387
1647473681.0994396 12.476012898439755 -1.1564442432834472 1.2659312783851402
1647473681.1994398 12.475922836462518 -1.1564349128556528 1.2659218671575443
1647473681.2994397 12.47576441505121 -1.1564189925685444 1.2659055538695965
1647473681.3994396 12.475605993639899 -1.156403072281436 1.2658892405816489
1647473681.4994397 12.475447572228589 -1.1563871519943276 1.2658729272937013
1647473681.5994396 12.475446309712241 -1.1563871503466492 1.2658732797482968
1647473681.6994398 12.475483354255118 -1.1563910288246457 1.265877694432948
1647473681.7994397 12.475520398797995 -1.1563949073026423 1.2658821091175991
1647473681.8994396 12.475557443340872 -1.156398785780639 1.2658865238022503
1647473681.9994397 12.475487043074958 -1.1563926651248868 1.2658792586209984
1647473682.0994396 12.475390447718498 -1.1563841066760308 1.2658691458834213
1647473682.1994398 12.47529385236204 -1.1563755482271747 1.2658590331458441
1647473682.2994397 12.47519725700558 -1.1563669897783184 1.265848920408267
1647473682.3994396 12.475202227246726 -1.1563678468287564 1.265849691114923
1647473682.4994397 12.47523196948956 -1.156371000333603 1.2658531163099616
1647473682.5994396 12.475261711732394 -1.1563741538384495 1.265856541505
1647473682.6994398 12.475291453975228 -1.156377307343296 1.2658599667000385
1647473682.7994397 12.475309012730422 -1.1563788464586764 1.2658618235216548
1647473682.8994396 12.475323844608027 -1.156380024245463 1.2658633293138726
1647473682.9994397 12.47533867648563 -1.1563812020322493 1.2658648351060904
1647473683.0994396 12.475353508363236 -1.1563823798190358 1.265866340898308
1647473683.1994398 12.475366447316548 -1.156382944405024 1.2658674106865335
1647473683.2994397 12.475378926621465 -1.156383360090835 1.2658683746023076
1647473683.3994396 12.475391405926382 -1.156383775776646 1.265869338518082
1647473683.4994397 12.4754038852313 -1.156384191462457 1.265870302433856
1647473683.5994396 12.47540020656687 -1.156385658123264 1.2658694068024245
1647473683.6994398 12.475392589083182 -1.1563873809796654 1.265868057870198
1647473683.7994397 12.47538497159949 -1.1563891038360665 1.2658667089379714
1647473683.8994396 12.475377354115802 -1.1563908266924678 1.265865360005745
1647473683.9994397 12.475498714220176 -1.1564048544809924 1.2658779761364627
1647473684.0994396 12.475649000369414 -1.1564216419196542 1.2658937242379615
1647473684.1994398 12.475799286518649 -1.156438429358316 1.2659094723394604
1647473684.2994397 12.475949572667886 -1.156455216796978 1.2659252204409592
1647473684.3994396 12.475991245677212 -1.156457288109576 1.2659294469003095
1647473684.4994397 12.47600643338795 -1.1564557708969443 1.2659308638088742
1647473684.5994396 12.476021621098687 -1.1564542536843123 1.2659322807174391
1647473684.6994398 12.476036808809424 -1.1564527364716806 1.2659336976260038
1647473684.7994397 12.475995424904868 -1.1564460716283884 1.2659294463964796
1647473684.8994396 12.475941375849189 -1.1564382543428353 1.2659239261944308
1647473684.9994397 12.475887326793512 -1.1564304370572822 1.2659184059923818
1647473685.0994396 12.475833277737832 -1.1564226197717289 1.265912885790333
1647473685.1994398 12.475765034005747 -1.156412555476328 1.2659060340720976
1647473685.2994397 12.475693326191177 -1.1564019428184829 1.2658988574093712
1647473685.3994396 12.475621618376609 -1.1563913301606374 1.2658916807466452
1647473685.4994397 12.475549910562039 -1.1563807175027923 1.2658845040839188
1647473685.5994396 12.475643977199018 -1.1563887101819255 1.26589420792808
1647473685.6994398 12.475775222737683 -1.156400875554667 1.265907697631281
1647473685.7994397 12.475906468276348 -1.1564130409274087 1.2659211873344822
1647473685.8994396 12.476037713815014 -1.15642520630015 1.2659346770376834
1647473685.9994397 12.475950749945657 -1.1564187538589792 1.2659261219011966
1647473686.0994396 12.4758148135298 -1.1564081230381233 1.2659126192606291
1647473686.1994398 12.475678877113944 -1.1563974922172673 1.2658991166200615
1647473686.2994397 12.475542940698089 -1.1563868613964114 1.2658856139794938
1647473686.3994396 12.475587644187481 -1.1563910773534838 1.2658900978988992
1647473686.4994397 12.475676880822398 -1.156398953485871 1.2658990160439074
1647473686.5994396 12.475766117457317 -1.1564068296182581 1.265907934188916
1647473686.6994398 12.475855354092234 -1.1564147057506453 1.2659168523339241
1647473686.7994397 12.47588289507344 -1.1564166649125176 1.2659196169966824
1647473686.8994396 12.47589533409458 -1.1564171757089534 1.265920875400286
1647473686.9994397 12.47590777311572 -1.1564176865053892 1.2659221338038895
1647473687.0994396 12.47592021213686 -1.156418197301825 1.265923392207493
1647473687.1994398 12.475984343573108 -1.1564233013474183 1.2659296643917288
1647473687.2994397 12.47606121582681 -1.1564295375078277 1.2659371723407018
1647473687.3994396 12.47613808808051 -1.156435773668237 1.265944680289675
1647473687.4994397 12.476214960334213 -1.1564420098286463 1.2659521882386482
1647473687.5994396 12.476077451706272 -1.1564283547752017 1.265938202804859
1647473687.6994398 12.475886823697884 -1.1564097710688463 1.2659188917321074
1647473687.7994397 12.475696195689496 -1.1563911873624908 1.2658995806593556
1647473687.8994396 12.475505567681108 -1.1563726036561355 1.265880269586604
1647473687.9994397 12.47531493967272 -1.1563540199497802 1.2658609585138523
1647473688.0994396 12.475124311664331 -1.1563354362434248 1.2658416474411005
1647473688.1994398 12.474933683655944 -1.1563168525370695 1.265822336368349
1647473688.2994397 12.474743055647556 -1.156298268830714 1.2658030252955972
1647473688.3994396 12.474776666078867 -1.1563006073221935 1.2658086414201346
1647473688.4994397 12.474865829910188 -1.1563081291320503 1.2658204330717757
1647473688.5994396 12.474954993741507 -1.156315650941907 1.265832224723417
1647473688.6994398 12.475044157572828 -1.1563231727517638 1.2658440163750584
1647473688.7994397 12.47502668495364 -1.1563228948542337 1.265843494498236
1647473688.8994396 12.47498432403603 -1.1563207965524784 1.265840098718826
1647473688.9994397 12.474941963118416 -1.1563186982507232 1.2658367029394164
1647473689.0994396 12.474899602200805 -1.156316599948968 1.2658333071600065
1647473689.1994398 12.474943852894826 -1.1563194049412333 1.2658389275817385
1647473689.2994397 12.475008314882018 -1.15632335414397 1.2658466519833078
1647473689.3994396 12.47507277686921 -1.1563273033467065 1.2658543763848773
1647473689.4994397 12.475137238856401 -1.1563312525494431 1.2658621007864466
1647473689.5994396 12.47513120606512 -1.1563315522421727 1.2658620828883351
1647473689.6994398 12.475108730498876 -1.1563310006935328 1.2658602591133334
1647473689.7994397 12.475086254932632 -1.156330449144893 1.2658584353383318
1647473689.8994396 12.47506377936639 -1.156329897596253 1.26585661156333
1647473689.9994397 12.475029638283429 -1.1563256686376704 1.2658539354651328
1647473690.0994396 12.474992776688929 -1.1563205820714537 1.2658510605969067
1647473690.1994398 12.474955915094428 -1.1563154955052373 1.2658481857286807
1647473690.2994397 12.474919053499928 -1.1563104089390208 1.2658453108604548
1647473690.3994396 12.474945852371 -1.1563145968350748 1.265850426074144
1647473690.4994397 12.47498991571405 -1.1563212999294155 1.265857708167137
1647473690.5994396 12.475033979057098 -1.1563280030237564 1.2658649902601296
1647473690.6994398 12.475078042400147 -1.156334706118097 1.2658722723531224
1647473690.7994397 12.47508564750599 -1.156334054928917 1.2658737036777652
1647473690.8994396 12.47508337196401 -1.156331410634995 1.2658735493694762
1647473690.9994397 12.475081096422029 -1.156328766341073 1.265873395061187
1647473691.0994396 12.47507882088005 -1.156326122047151 1.2658732407528979
1647473691.1994398 12.475086220334088 -1.1563284143797556 1.265873786608246
1647473691.2994397 12.475095934723422 -1.1563318878984783 1.2658744999916751
1647473691.3994396 12.475105649112756 -1.156335361417201 1.2658752133751041
1647473691.4994397 12.47511536350209 -1.1563388349359236 1.2658759267585333
1647473691.5994396 12.475073274032411 -1.1563337390869124 1.2658720622941546
1647473691.6994398 12.475019247968694 -1.1563266686926497 1.2658671430066046
1647473691.7994397 12.474965221904975 -1.1563195982983872 1.2658622237190544
1647473691.8994396 12.474911195841258 -1.1563125279041246 1.2658573044315045
1647473691.9994397 12.474936966727693 -1.1563142456000166 1.265860317713667
1647473692.0994396 12.474984162755565 -1.1563183228607061 1.2658654608570297
1647473692.1994398 12.475031358783434 -1.1563224001213956 1.2658706040003926
1647473692.2994397 12.475078554811306 -1.1563264773820852 1.2658757471437554
1647473692.3994396 12.475075927641026 -1.1563270873224403 1.2658756770183794
1647473692.4994397 12.475060904023206 -1.156326834563165 1.2658743097861367
1647473692.5994396 12.475045880405384 -1.1563265818038895 1.2658729425538942
1647473692.6994398 12.475030856787564 -1.1563263290446142 1.2658715753216516
1647473692.7994397 12.475201054901172 -1.156342840598832 1.2658891529559968
1647473692.8994396 12.475413982578631 -1.156363219581555 1.2659111010596187
1647473692.9994397 12.475626910256093 -1.1563835985642779 1.2659330491632403
1647473693.0994396 12.475839837933552 -1.1564039775470007 1.2659549972668622
1647473693.1994398 12.47598033496197 -1.1564172009158318 1.265969215512303
1647473693.2994397 12.476104168832391 -1.156428778087557 1.2659816554518768
1647473693.3994396 12.476228002702811 -1.1564403552592821 1.2659940953914506
1647473693.4994397 12.476351836573231 -1.1564519324310074 1.2660065353310244
1647473693.5994396 12.47627856948125 -1.1564443164519334 1.2659982859570234
1647473693.6994398 12.476159903653361 -1.1564322796685478 1.2659852711639619
1647473693.7994397 12.47604123782547 -1.1564202428851624 1.2659722563709002
1647473693.8994396 12.47592257199758 -1.1564082061017769 1.2659592415778387
1647473693.9994397 12.475883981385003 -1.156406359109447 1.2659553187993744
1647473694.0994396 12.475863937212928 -1.156406872202604 1.2659535018473775
1647473694.1994398 12.475843893040853 -1.156407385295761 1.2659516848953805
1647473694.2994397 12.475823848868778 -1.156407898388918 1.2659498679433834
1647473694.3994396 12.475820103885304 -1.1564070795140997 1.2659498421103512
1647473694.4994397 12.475820168686372 -1.1564059493040897 1.2659502349348064
1647473694.5994396 12.47582023348744 -1.1564048190940799 1.2659506277592614
1647473694.6994398 12.475820298288507 -1.1564036888840699 1.2659510205837166
1647473694.7994397 12.475818375532501 -1.1564025342016884 1.2659508916039814
1647473694.8994396 12.475815985102297 -1.1564013737609329 1.2659506398431903
1647473694.9994397 12.475813594672095 -1.1564002133201774 1.2659503880823995
1647473695.0994396 12.475811204241891 -1.156399052879422 1.2659501363216086
1647473695.1994398 12.475660384712734 -1.1563848144446285 1.2659347225910589
1647473695.2994397 12.475474654029155 -1.1563675000100977 1.2659157427008325
1647473695.3994396 12.475288923345575 -1.1563501855755671 1.265896762810606
1647473695.4994397 12.475103192661996 -1.1563328711410363 1.2658777829203796
1647473695.5994396 12.475039763603608 -1.1563259729801547 1.2658721102199921
1647473695.6994398 12.475005104143996 -1.1563215250893588 1.2658695678337926
1647473695.7994397 12.474970444684386 -1.156317077198563 1.2658670254475932
1647473695.8994396 12.474935785224776 -1.1563126293077668 1.2658644830613937
1647473695.9994397 12.474957095566621 -1.1563151272610686 1.2658669632550847
1647473696.0994396 12.474991567352504 -1.1563192585476323 1.2658706245214695
1647473696.1994398 12.475026039138388 -1.1563233898341958 1.265874285787854
1647473696.2994397 12.475060510924271 -1.1563275211207595 1.2658779470542385
1647473696.3994396 12.47506401130423 -1.1563247916375456 1.2658762789004923
1647473696.4994397 12.475059669478284 -1.1563203249529472 1.2658732612952517
1647473696.5994396 12.47505532765234 -1.1563158582683488 1.2658702436900109
1647473696.6994398 12.475050985826396 -1.1563113915837506 1.2658672260847703
1647473696.7994397 12.475034443410776 -1.1563082065393702 1.2658624743463605
1647473696.8994396 12.475015045526664 -1.1563053214545291 1.2658573167453855
1647473696.9994397 12.474995647642553 -1.156302436369688 1.2658521591444103
1647473697.0994396 12.474976249758441 -1.156299551284847 1.2658470015434353
1647473697.1994398 12.475198813179954 -1.1563196153517916 1.2658684169496357
1647473697.2994397 12.475477900157156 -1.156345040472875 1.265896039963482
1647473697.3994396 12.475756987134357 -1.1563704655939584 1.2659236629773285
1647473697.4994397 12.476036074111558 -1.1563958907150418 1.265951285991175
1647473697.5994396 12.476043222157159 -1.1563946443216644 1.2659506533168678
1647473697.6994398 12.47598146503744 -1.1563866397745264 1.2659428610834205
1647473697.7994397 12.475919707917722 -1.1563786352273884 1.2659350688499729
1647473697.8994396 12.475857950798003 -1.1563706306802504 1.2659272766165253
1647473697.9994397 12.475788185547806 -1.1563631316077425 1.2659189272960905
1647473698.0994396 12.475716549732308 -1.1563557506056512 1.2659104478494556
1647473698.1994398 12.475644913916812 -1.1563483696035601 1.2659019684028208
1647473698.2994397 12.475573278101313 -1.156340988601469 1.2658934889561857
1647473698.3994396 12.475597888701193 -1.1563432094492543 1.265895362257838
1647473698.4994397 12.475644987278907 -1.1563476737695504 1.2658996544794374
1647473698.5994396 12.47569208585662 -1.1563521380898467 1.265903946701037
1647473698.6994398 12.475739184434333 -1.1563566024101428 1.2659082389226364
1647473698.7994397 12.475730044958231 -1.1563558941779501 1.2659069356847759
1647473698.8994396 12.47570777476298 -1.1563539782344412 1.2659043259933367
1647473698.9994397 12.47568550456773 -1.1563520622909322 1.2659017163018975
1647473699.0994396 12.47566323437248 -1.156350146347423 1.2658991066104583
1647473699.1994398 12.475634915175629 -1.156347189000345 1.2658966419190778
1647473699.2994397 12.475605185551787 -1.156343988832418 1.2658942110369127
1647473699.3994396 12.475575455927943 -1.1563407886644912 1.2658917801547473
1647473699.4994397 12.475545726304102 -1.1563375884965643 1.265889349272582
1647473699.5994396 12.475544242733713 -1.1563352456776583 1.2658896125829748
1647473699.6994398 12.475549397659472 -1.1563331043562175 1.2658905090928672
1647473699.7994397 12.475554552585232 -1.1563309630347767 1.2658914056027597
1647473699.8994396 12.47555970751099 -1.156328821713336 1.2658923021126522
1647473699.9994397 12.475496300033681 -1.1563232880622822 1.2658868600923745
1647473700.0994396 12.475416822018438 -1.1563169592733789 1.265879932365864
1647473700.1994398 12.475337344003194 -1.1563106304844755 1.2658730046393534
1647473700.2994397 12.475257865987949 -1.156304301695572 1.265866076912843
1647473700.3994396 12.475252796060538 -1.1563027460645656 1.2658677385241195
1647473700.4994397 12.475265080816781 -1.1563023037083087 1.2658714034826726
1647473700.5994396 12.475277365573026 -1.1563018613520517 1.2658750684412259
1647473700.6994398 12.475289650329271 -1.1563014189957947 1.265878733399779
1647473700.7994397 12.475285551328671 -1.1563014199683674 1.2658822380286576
1647473700.8994396 12.4752776212067 -1.1563015246074293 1.2658857051665968
1647473700.9994397 12.47526969108473 -1.1563016292464914 1.2658891723045358
1647473701.0994396 12.475261760962761 -1.1563017338855532 1.265892639442475
1647473701.1994398 12.47521023905474 -1.156294638224133 1.2658891598115123
1647473701.2994397 12.475148419895968 -1.15628584170789 1.2658840392149515
1647473701.3994396 12.475086600737194 -1.156277045191647 1.2658789186183907
1647473701.4994397 12.475024781578423 -1.1562682486754041 1.2658737980218298
1647473701.5994396 12.475232610108723 -1.156288143923183 1.265895394866283
1647473701.6994398 12.475502412995008 -1.1563146335297094 1.265923132301839
1647473701.7994397 12.47577221588129 -1.1563411231362362 1.265950869737395
1647473701.8994396 12.476042018767574 -1.156367612742763 1.2659786071729509
1647473701.9994397 12.476064215837772 -1.1563698665553208 1.2659808806184496
1647473702.0994396 12.476029566667943 -1.1563665562265235 1.2659773079488867
1647473702.1994398 12.475994917498115 -1.156363245897726 1.2659737352793239
1647473702.2994397 12.475960268328286 -1.1563599355689287 1.2659701626097608
1647473702.3994396 12.47594354936164 -1.1563568833896767 1.2659713797998648
1647473702.4994397 12.475930979005604 -1.1563538909399176 1.2659737052463806
1647473702.5994396 12.47591840864957 -1.1563508984901583 1.2659760306928964
1647473702.6994398 12.475905838293533 -1.1563479060403992 1.2659783561394122
1647473702.7994397 12.47589498469295 -1.1563477537722637 1.2659812449361771
1647473702.8994396 12.47588453381694 -1.156348267767302 1.265984265886295
1647473702.9994397 12.475874082940928 -1.1563487817623401 1.265987286836413
1647473703.0994396 12.475863632064918 -1.1563492957573784 1.2659903077865309
1647473703.1994398 12.47590770966729 -1.1563543829147853 1.265996091252038
1647473703.2994397 12.475964523853834 -1.1563605382565463 1.2660025199768818
1647473703.3994396 12.476021338040379 -1.1563666935983072 1.2660089487017254
1647473703.4994397 12.476078152226924 -1.156372848940068 1.2660153774265692
1647473703.5994396 12.476090928322344 -1.156374001483086 1.266016999231115
1647473703.6994398 12.476093403057368 -1.156373983774816 1.2660174966041258
1647473703.7994397 12.47609587779239 -1.156373966066546 1.2660179939771368
1647473703.8994396 12.476098352527414 -1.156373948358276 1.2660184913501475
1647473703.9994397 12.475913979973221 -1.156357773870999 1.2660003274751814
1647473704.0994396 12.47568595759497 -1.1563378249614977 1.2659778041032468
1647473704.1994398 12.475457935216722 -1.1563178760519965 1.2659552807313124
1647473704.2994397 12.475229912838474 -1.1562979271424951 1.265932757359378
1647473704.3994396 12.475134270626548 -1.1562907687473498 1.2659242990541215
1647473704.4994397 12.475069572014615 -1.1562866001094383 1.265919128430164
1647473704.5994396 12.475004873402682 -1.156282431471527 1.2659139578062064
1647473704.6994398 12.47494017479075 -1.1562782628336155 1.2659087871822488
1647473704.7994397 12.474943547105356 -1.1562817166710797 1.2659105853207653
1647473704.8994396 12.47496284133885 -1.1562869534199982 1.265914013466048
1647473704.9994397 12.474982135572345 -1.1562921901689167 1.2659174416113308
1647473705.0994396 12.47500142980584 -1.1562974269178352 1.2659208697566133
1647473705.1994398 12.474975610256116 -1.156295332874265 1.2659184177213803
1647473705.2994397 12.474938405217337 -1.1562913887385122 1.2659144816888823
1647473705.3994396 12.474901200178557 -1.1562874446027593 1.2659105456563844
1647473705.4994397 12.47486399513978 -1.1562835004670067 1.2659066096238862
1647473705.5994396 12.474945164287389 -1.1562921320507709 1.2659152050681766
1647473705.6994398 12.475053943562914 -1.1563036968519458 1.265926723410504
1647473705.7994397 12.475162722838437 -1.1563152616531205 1.2659382417528318
1647473705.8994396 12.475271502113962 -1.1563268264542954 1.2659497600951592
1647473705.9994397 12.47531227868136 -1.1563301663064964 1.265953865189915
1647473706.0994396 12.47533714232463 -1.1563315814855104 1.2659562355530785
1647473706.1994398 12.475362005967899 -1.1563329966645246 1.2659586059162418
1647473706.2994397 12.47538686961117 -1.1563344118435386 1.265960976279405
1647473706.3994396 12.475315309232707 -1.1563272900237993 1.2659540308563884
1647473706.4994397 12.47522119243242 -1.156318171148331 1.2659449061963004
1647473706.5994396 12.47512707563213 -1.1563090522728627 1.2659357815362122
1647473706.6994398 12.475032958831843 -1.1562999333973945 1.2659266568761243
1647473706.7994397 12.475071195393767 -1.1563044834827008 1.2659305374766452
1647473706.8994396 12.475140436754655 -1.1563122356278097 1.2659374646600707
1647473706.9994397 12.475209678115542 -1.1563199877729187 1.265944391843496
1647473707.0994396 12.47527891947643 -1.1563277399180278 1.2659513190269216
1647473707.1994398 12.475348160837319 -1.1563354920631368 1.265958246210347
1647473707.2994397 12.475417402198207 -1.1563432442082457 1.2659651733937725
1647473707.3994396 12.475486643559096 -1.1563509963533547 1.2659721005771978
1647473707.4994397 12.475555884919984 -1.1563587484984637 1.2659790277606233
1647473707.5994396 12.47556316531929 -1.156357632838545 1.2659796069745544
1647473707.6994398 12.4755559822049 -1.1563544471717029 1.2659787043854054
1647473707.7994397 12.475548799090511 -1.1563512615048606 1.2659778017962564
1647473707.8994396 12.475541615976121 -1.1563480758380182 1.2659768992071077
1647473707.9994397 12.475465850573748 -1.1563425370538059 1.2659690623089903
1647473708.0994396 12.475374049568687 -1.1563364480742537 1.2659596040618806
1647473708.1994398 12.475282248563625 -1.1563303590947018 1.2659501458147708
1647473708.2994397 12.475190447558562 -1.1563242701151497 1.2659406875676609
1647473708.3994396 12.475048639223786 -1.1563113093591273 1.2659268070622371
1647473708.4994397 12.474894993514452 -1.1562967219657216 1.2659118797517082
1647473708.5994396 12.474741347805118 -1.156282134572316 1.265896952441179
1647473708.6994398 12.474587702095786 -1.1562675471789101 1.26588202513065
1647473708.7994397 12.474618491300582 -1.1562707343478602 1.265885210017209
1647473708.8994396 12.47469254008374 -1.1562780905759966 1.265892643155857
1647473708.9994397 12.474766588866899 -1.156285446804133 1.265900076294505
1647473709.0994396 12.474840637650056 -1.1562928030322694 1.265907509433153
1647473709.1994398 12.47492491394033 -1.1563014262271665 1.2659161834319788
1647473709.2994397 12.475011773593199 -1.1563103694447732 1.2659251708592612
1647473709.3994396 12.475098633246068 -1.1563193126623796 1.2659341582865435
1647473709.4994397 12.475185492898937 -1.1563282558799863 1.265943145713826
1647473709.5994396 12.475214111642696 -1.156329359806614 1.2659458280941558
1647473709.6994398 12.47522914897122 -1.156328635659684 1.2659470401770256
1647473709.7994397 12.475244186299744 -1.1563279115127543 1.2659482522598953
1647473709.8994396 12.475259223628267 -1.1563271873658243 1.2659494643427651
1647473709.9994397 12.475291865222424 -1.1563314473315462 1.265952614999416
1647473710.0994396 12.475328957081475 -1.1563369672544868 1.2659562557172275
1647473710.1994398 12.475366048940526 -1.1563424871774273 1.2659598964350387
1647473710.2994397 12.475403140799575 -1.1563480071003678 1.26596353715285
1647473710.3994396 12.475361995736813 -1.1563439460824902 1.2659595854548336
1647473710.4994397 12.475302605803284 -1.156337650786691 1.2659538632034468
1647473710.5994396 12.475243215869755 -1.1563313554908916 1.2659481409520603
1647473710.6994398 12.475183825936224 -1.156325060195092 1.2659424187006736
1647473710.7994397 12.475124436002694 -1.1563187648992928 1.265936696449287
1647473710.8994396 12.475065046069165 -1.1563124696034934 1.2659309741979003
1647473710.9994397 12.475005656135634 -1.1563061743076941 1.2659252519465136
1647473711.0994396 12.474946266202105 -1.1562998790118946 1.265919529695127
1647473711.1994398 12.475007182376494 -1.1563052547920185 1.2659254596989937
1647473711.2994397 12.475096395496037 -1.1563133757012218 1.2659341304051699
1647473711.3994396 12.475185608615577 -1.1563214966104252 1.265942801111346
1647473711.4994397 12.47527482173512 -1.1563296175196285 1.2659514718175222
1647473711.5994396 12.475263677279987 -1.1563299959161266 1.2659496741845149
1647473711.6994398 12.475228925230466 -1.1563285530041676 1.2659454140337936
1647473711.7994397 12.475194173180945 -1.1563271100922086 1.2659411538830723
1647473711.8994396 12.475159421131425 -1.1563256671802495 1.2659368937323512
1647473711.9994397 12.475124973443107 -1.1563209777468437 1.2659325134354147
1647473712.0994396 12.475090597915996 -1.1563155185934455 1.2659281046529298
1647473712.1994398 12.475056222388885 -1.1563100594400473 1.265923695870445
1647473712.2994397 12.475021846861774 -1.156304600286649 1.26591928708796
1647473712.3994396 12.475017488662122 -1.1563051186203697 1.2659151524101433
1647473712.4994397 12.475020246568336 -1.1563070540166587 1.265911082713389
1647473712.5994396 12.47502300447455 -1.1563089894129475 1.2659070130166348
1647473712.6994398 12.475025762380765 -1.1563109248092365 1.2659029433198805
1647473712.7994397 12.47508659009573 -1.1563153684323701 1.265907034211269
1647473712.8994396 12.475161222253247 -1.1563204083149738 1.2659130650499841
1647473712.9994397 12.475235854410764 -1.1563254481975775 1.265919095888699
1647473713.0994396 12.475310486568281 -1.1563304880801812 1.2659251267274139
1647473713.1994398 12.475330919063255 -1.156332141691924 1.2659256234257046
1647473713.2994397 12.475338492976592 -1.1563329919289176 1.2659248071786169
1647473713.3994396 12.475346066889928 -1.156333842165911 1.2659239909315292
1647473713.4994397 12.475353640803265 -1.1563346924029045 1.2659231746844415
1647473713.5994396 12.475317138628938 -1.1563320959058072 1.2659179237346543
1647473713.6994398 12.475270143837998 -1.1563286788898912 1.2659116170733082
1647473713.7994397 12.475223149047059 -1.156325261873975 1.265905310411962
1647473713.8994396 12.47517615425612 -1.156321844858059 1.265899003750616
1647473713.9994397 12.475229248121954 -1.1563257083347545 1.2659046171579615
1647473714.0994396 12.475306100202564 -1.1563312999943698 1.2659130600522968
1647473714.1994398 12.475382952283175 -1.1563368916539853 1.2659215029466317
1647473714.2994397 12.475459804363785 -1.156342483313601 1.265929945840967
1647473714.3994396 12.475474233558272 -1.1563466014937032 1.2659319232312682
1647473714.4994397 12.475473839309858 -1.1563503697694548 1.2659323652707424
1647473714.5994396 12.475473445061446 -1.1563541380452065 1.2659328073102163
1647473714.6994398 12.475473050813033 -1.1563579063209581 1.2659332493496904
1647473714.7994397 12.475714535663764 -1.156388208675766 1.2659578362114796
1647473714.8994396 12.47601342146466 -1.1564248079010144 1.2659881529430566
1647473714.9994397 12.476312307265557 -1.156461407126263 1.2660184696746335
1647473715.0994396 12.476611193066454 -1.1564980063515116 1.2660487864062104
1647473715.1994398 12.47662442409501 -1.1565012969171826 1.2660498814704153
1647473715.2994397 12.476569928829546 -1.1564966902856406 1.2660440483281703
1647473715.3994396 12.476515433564083 -1.1564920836540988 1.2660382151859253
1647473715.4994397 12.47646093829862 -1.1564874770225568 1.2660323820436803
1647473715.5994396 12.47646442675083 -1.1564886640224712 1.2660325673631974
1647473715.6994398 12.476481680293784 -1.1564912264061296 1.2660341814402276
1647473715.7994397 12.476498933836737 -1.1564937887897881 1.266035795517258
1647473715.8994396 12.47651618737969 -1.1564963511734465 1.2660374095942883
1647473715.9994397 12.476533440922644 -1.156498913557105 1.2660390236713186
1647473716.0994396 12.476550694465598 -1.1565014759407635 1.266040637748349
1647473716.1994398 12.47656794800855 -1.156504038324422 1.2660422518253793
1647473716.2994397 12.476585201551503 -1.1565066007080804 1.2660438659024096
1647473716.3994396 12.476608578331987 -1.1565069307430558 1.2660472329397803
1647473716.4994397 12.476633450160842 -1.156506715728252 1.266051027979574
1647473716.5994396 12.476658321989696 -1.1565065007134485 1.2660548230193678
1647473716.6994398 12.476683193818552 -1.1565062856986448 1.2660586180591615
1647473716.7994397 12.476544526734571 -1.1564928987347327 1.2660461266880658
1647473716.8994396 12.476366022687593 -1.1564763031739176 1.2660296680584333
1647473716.9994397 12.476187518640614 -1.1564597076131022 1.266013209428801
1647473717.0994396 12.476009014593636 -1.1564431120522871 1.2659967507991685
1647473717.1994398 12.475874404451261 -1.1564321757005038 1.2659826926842919
1647473717.2994397 12.475750456704109 -1.156422614043542 1.265969217685392
1647473717.3994396 12.475626508956957 -1.15641305238658 1.2659557426864922
1647473717.4994397 12.475502561209804 -1.1564034907296181 1.2659422676875924
1647473717.5994396 12.475536182127154 -1.1564074597943415 1.2659460789019454
1647473717.6994398 12.475607873506588 -1.1564146980422394 1.265954066670871
1647473717.7994397 12.475679564886022 -1.1564219362901376 1.2659620544397967
1647473717.8994396 12.475751256265458 -1.1564291745380357 1.2659700422087223
1647473717.9994397 12.475737328825739 -1.1564271839278835 1.265969554077228
1647473718.0994396 12.47570265365102 -1.1564229569180342 1.2659670120078548
1647473718.1994398 12.4756679784763 -1.156418729908185 1.2659644699384813
1647473718.2994397 12.475633303301581 -1.156414502898336 1.265961927869108
1647473718.3994396 12.475598628126862 -1.1564102758884867 1.2659593857997349
1647473718.4994397 12.475563952952143 -1.1564060488786376 1.2659568437303614
1647473718.5994396 12.475529277777424 -1.1564018218687884 1.2659543016609882
1647473718.6994398 12.475494602602705 -1.1563975948589393 1.265951759591615
1647473718.7994397 12.475513190126668 -1.1564041246993577 1.2659542874248293
1647473718.8994396 12.475544765044804 -1.1564132774533333 1.2659580514857403
1647473718.9994397 12.47557633996294 -1.156422430207309 1.2659618155466512
1647473719.0994396 12.475607914881074 -1.1564315829612846 1.2659655796075622
1647473719.1994398 12.475584246411968 -1.1564296561910659 1.2659640711835964
1647473719.2994397 12.475547106483978 -1.156425027606891 1.2659612770299393
1647473719.3994396 12.475509966555986 -1.1564203990227162 1.265958482876282
1647473719.4994397 12.475472826627994 -1.1564157704385412 1.2659556887226249
1647473719.5994396 12.475385839053738 -1.1564079910015876 1.265947162955301
1647473719.6994398 12.47528669371083 -1.15639944307621 1.265937239255714
1647473719.7994397 12.475187548367922 -1.1563908951508322 1.265927315556127
1647473719.8994396 12.475088403025012 -1.1563823472254544 1.26591739185654
1647473719.9994397 12.475124696328173 -1.1563860756717095 1.2659213531748852
1647473720.0994396 12.47519398465741 -1.1563927948389585 1.265928697106259
1647473720.1994398 12.475263272986648 -1.1563995140062076 1.265936041037633
1647473720.2994397 12.475332561315888 -1.1564062331734566 1.265943384969007
1647473720.3994396 12.475393814317588 -1.1564127233571404 1.265949757265238
1647473720.4994397 12.475453108676398 -1.1564191577251741 1.2659558927215575
1647473720.5994396 12.475512403035209 -1.1564255920932076 1.265962028177877
1647473720.6994398 12.475571697394018 -1.156432026461241 1.2659681636341964
1647473720.7994397 12.475541997369541 -1.156428471625299 1.2659649581917443
1647473720.8994396 12.47549014205602 -1.1564224299616133 1.2659594273181294
1647473720.9994397 12.475438286742499 -1.1564163882979275 1.2659538964445145
1647473721.0994396 12.475386431428976 -1.1564103466342417 1.2659483655708996
1647473721.1994398 12.47541163124948 -1.156412869130796 1.2659506809964893
1647473721.2994397 12.475456167452348 -1.1564175407362856 1.2659549653894095
1647473721.3994396 12.475500703655216 -1.1564222123417751 1.26595924978233
1647473721.4994397 12.475545239858084 -1.1564268839472645 1.2659635341752504
1647473721.5994396 12.47557004695183 -1.1564287414699392 1.2659665954004482
1647473721.6994398 12.475589851147975 -1.1564298853989041 1.2659693464553878
1647473721.7994397 12.475609655344119 -1.1564310293278688 1.2659720975103275
1647473721.8994396 12.475629459540263 -1.1564321732568337 1.265974848565267
1647473721.9994397 12.47568872187821 -1.1564384337910292 1.2659809511662303
1647473722.0994396 12.47575797069212 -1.1564459892887686 1.2659879020112383
1647473722.1994398 12.47582721950603 -1.156453544786508 1.2659948528562466
1647473722.2994397 12.47589646831994 -1.1564611002842475 1.2660018037012546
1647473722.3994396 12.475855002193825 -1.156457051253973 1.2659975664990657
1647473722.4994397 12.475785480190318 -1.1564500615617144 1.265990494173809
1647473722.5994396 12.47571595818681 -1.156443071869456 1.2659834218485524
1647473722.6994398 12.475646436183302 -1.1564360821771975 1.2659763495232956
1647473722.7994397 12.475639587913875 -1.1564355438625422 1.2659724461617428
1647473722.8994396 12.475647366630557 -1.1564365111899548 1.2659692823825486
1647473722.9994397 12.47565514534724 -1.1564374785173674 1.2659661186033544
1647473723.0994396 12.475662924063922 -1.15643844584478 1.2659629548241602
1647473723.1994398 12.475696235510227 -1.1564418594522716 1.265964119209471
1647473723.2994397 12.475736011166873 -1.156445892393035 1.2659663793713072
1647473723.3994396 12.47577578682352 -1.1564499253337985 1.2659686395331433
1647473723.4994397 12.475815562480166 -1.156453958274562 1.2659708996949797
1647473723.5994396 12.475540419244819 -1.1564263478550576 1.2659407232827316
1647473723.6994398 12.475185663121467 -1.1563907378541973 1.2659023467611685
1647473723.7994397 12.474830906998116 -1.156355127853337 1.2658639702396055
1647473723.8994396 12.474476150874766 -1.1563195178524766 1.2658255937180425
1647473723.9994397 12.47441316541085 -1.156313880622329 1.2658148711444275
1647473724.0994396 12.474418501082663 -1.1563152618283052 1.265810624030459
1647473724.1994398 12.474423836754479 -1.1563166430342815 1.2658063769164907
1647473724.2994397 12.474429172426293 -1.1563180242402578 1.2658021298025224
1647473724.3994396 12.474452607527457 -1.1563193110656338 1.265798347588509
1647473724.4994397 12.474480624937923 -1.1563205739962727 1.2657946830751894
1647473724.5994396 12.47450864234839 -1.1563218369269117 1.2657910185618697
1647473724.6994398 12.474536659758856 -1.1563230998575507 1.26578735404855
1647473724.7994397 12.474566092053 -1.156325835897557 1.26578887617824
1647473724.8994396 12.474595881756484 -1.1563289440551137 1.265791708489601
1647473724.9994397 12.47462567145997 -1.1563320522126705 1.265794540800962
1647473725.0994396 12.474655461163454 -1.1563351603702274 1.265797373112323
1647473725.1994398 12.474597454224087 -1.1563250515172108 1.2657913143482304
1647473725.2994397 12.474518757844555 -1.1563118280513736 1.265783160385875
1647473725.3994396 12.474440061465023 -1.1562986045855363 1.2657750064235194
1647473725.4994397 12.474361365085493 -1.1562853811196994 1.2657668524611636
1647473725.5994396 12.474354564158078 -1.1562821043349685 1.2657652767988248
1647473725.6994398 12.47436471898037 -1.1562811733653104 1.2657652525560166
1647473725.7994397 12.474374873802661 -1.1562802423956522 1.2657652283132084
1647473725.8994396 12.474385028624953 -1.1562793114259942 1.2657652040704
1647473725.9994397 12.474353181151086 -1.1562784331041933 1.2657614983190661
1647473726.0994396 12.474310699211575 -1.1562775681121835 1.2657568604549785
1647473726.1994398 12.474268217272064 -1.1562767031201735 1.265752222590891
1647473726.2994397 12.474225735332553 -1.1562758381281637 1.2657475847268034
1647473726.3994396 12.47425587120412 -1.156277298110636 1.2657506095350706
1647473726.4994397 12.474303001377335 -1.156279302192649 1.2657554275916263
1647473726.5994396 12.47435013155055 -1.1562813062746622 1.2657602456481818
1647473726.6994398 12.474397261723762 -1.1562833103566752 1.2657650637047375
1647473726.7994397 12.47446799839527 -1.1562902586629742 1.2657721487026352
1647473726.8994396 12.47454469196193 -1.1562984546014012 1.2657798057435243
1647473726.9994397 12.474621385528591 -1.156306650539828 1.2657874627844135
1647473727.0994396 12.474698079095253 -1.156314846478255 1.2657951198253026
1647473727.1994398 12.47469586082547 -1.1563137945730995 1.265794499907913
1647473727.2994397 12.474673740636439 -1.1563104103202952 1.2657917925045044
1647473727.3994396 12.474651620447407 -1.156307026067491 1.265789085101096
1647473727.4994397 12.474629500258375 -1.1563036418146868 1.2657863776976876
1647473727.5994396 12.474642572616572 -1.156307304916998 1.2657876392291336
1647473727.6994398 12.474664547733187 -1.1563127508087077 1.2657899047932788
1647473727.7994397 12.474686522849805 -1.156318196700417 1.2657921703574242
1647473727.8994396 12.47470849796642 -1.1563236425921264 1.2657944359215696
1647473727.9994397 12.474817384796218 -1.1563374208057329 1.2658055384361586
1647473728.0994396 12.474948298738001 -1.1563533107828845 1.2658188806085557
1647473728.1994398 12.475079212679784 -1.1563692007600361 1.2658322227809529
1647473728.2994397 12.475210126621567 -1.1563850907371878 1.26584556495335
1647473728.3994396 12.475333527883892 -1.1563952394880372 1.265858927550524
1647473728.4994397 12.475455023414769 -1.156403931869614 1.2658722953288244
1647473728.5994396 12.475576518945646 -1.1564126242511907 1.265885663107125
1647473728.6994398 12.475698014476523 -1.1564213166327675 1.2658990308854252
1647473728.7994397 12.475700566657112 -1.1564235966844716 1.2658998367654235
1647473728.8994396 12.475672985668938 -1.156424252233269 1.2658974602077264
1647473728.9994397 12.475645404680764 -1.1564249077820667 1.2658950836500296
1647473729.0994396 12.47561782369259 -1.1564255633308642 1.2658927070923327
1647473729.1994398 12.475626197162331 -1.1564250152892188 1.2658944577357978
1647473729.2994397 12.475643656795377 -1.1564241630844752 1.265897251377153
1647473729.3994396 12.475661116428421 -1.1564233108797317 1.2659000450185078
1647473729.4994397 12.475678576061467 -1.156422458674988 1.265902838659863
1647473729.5994396 12.47570354777907 -1.156427075319228 1.2659060047955557
1647473729.6994398 12.475730418247542 -1.1564330742671005 1.2659092650827375
1647473729.7994397 12.475757288716016 -1.1564390732149732 1.2659125253699193
1647473729.8994396 12.475784159184489 -1.1564450721628459 1.2659157856571013
1647473729.9994397 12.475787661393317 -1.156445829136496 1.265915968725069
1647473730.0994396 12.475785251682407 -1.1564452599467367 1.2659153732894899
1647473730.1994398 12.475782841971496 -1.1564446907569772 1.2659147778539106
1647473730.2994397 12.475780432260583 -1.1564441215672179 1.2659141824183315
1647473730.3994396 12.475815332069105 -1.1564496153169097 1.2659177599014857
1647473730.4994397 12.475859719353302 -1.1564566508176464 1.2659223985203927
1647473730.5994396 12.475904106637499 -1.156463686318383 1.2659270371392994
1647473730.6994398 12.475948493921695 -1.15647072181912 1.2659316757582062
1647473730.7994397 12.476026828786129 -1.1564797061343224 1.2659393943656478
1647473730.8994396 12.476113391033643 -1.156489162755446 1.2659478594252778
1647473730.9994397 12.476199953281155 -1.1564986193765698 1.2659563244849077
1647473731.0994396 12.476286515528667 -1.1565080759976936 1.2659647895445374
1647473731.1994398 12.476263657000253 -1.1565068339649334 1.2659621268784826
1647473731.2994397 12.47621408966768 -1.1565029804696887 1.265956748016682
1647473731.3994396 12.476164522335106 -1.156499126974444 1.2659513691548816
1647473731.4994397 12.476114955002533 -1.1564952734791993 1.265945990293081
1647473731.5994396 12.476083509265072 -1.156490835682207 1.2659424722012984
1647473731.6994398 12.476056485965868 -1.1564862552907913 1.2659394082163682
1647473731.7994397 12.476029462666665 -1.1564816748993756 1.2659363442314382
1647473731.8994396 12.476002439367463 -1.1564770945079599 1.265933280246508
1647473731.9994397 12.476070608447875 -1.1564860255865592 1.26593937771672
1647473732.0994396 12.476162000922276 -1.1564982529604373 1.2659477102406533
1647473732.1994398 12.476253393396677 -1.1565104803343156 1.2659560427645864
1647473732.2994397 12.476344785871078 -1.1565227077081937 1.2659643752885195
1647473732.3994396 12.47633479521118 -1.1565216835524 1.2659642414340844
1647473732.4994397 12.476300081914479 -1.1565174279641057 1.2659620430232625
1647473732.5994396 12.476265368617778 -1.1565131723758117 1.2659598446124405
1647473732.6994398 12.476230655321077 -1.1565089167875175 1.2659576462016187
1647473732.7994397 12.476317317018832 -1.156516985211997 1.2659679150666412
1647473732.8994396 12.476433544389337 -1.1565280556364372 1.2659812208290029
1647473732.9994397 12.47654977175984 -1.1565391260608775 1.2659945265913646
1647473733.0994396 12.476665999130345 -1.156550196485318 1.2660078323537263
1647473733.1994398 12.476581219594694 -1.156541759850774 1.2659998999163373
1647473733.2994397 12.476447472146257 -1.1565285710413853 1.2659867935755589
1647473733.3994396 12.476313724697821 -1.1565153822319967 1.2659736872347804
1647473733.4994397 12.476179977249386 -1.156502193422608 1.265960580894002
1647473733.5994396 12.47609598754764 -1.1564947706197906 1.2659527425968722
1647473733.6994398 12.476024050099271 -1.1564887444512018 1.265946180318073
1647473733.7994397 12.475952112650905 -1.1564827182826132 1.2659396180392737
1647473733.8994396 12.475880175202537 -1.1564766921140244 1.2659330557604744
1647473733.9994397 12.475909903787977 -1.1564792560034296 1.2659361818641068
1647473734.0994396 12.475964427596567 -1.1564839149131363 1.2659416708572446
1647473734.1994398 12.476018951405155 -1.1564885738228432 1.2659471598503824
1647473734.2994397 12.476073475213743 -1.15649323273255 1.2659526488435202
1647473734.3994396 12.4761337813962 -1.1564996982203526 1.2659594152771123
1647473734.4994397 12.476195500661124 -1.1565066051953174 1.2659664938884967
1647473734.5994396 12.476257219926048 -1.1565135121702825 1.265973572499881
1647473734.6994398 12.47631893919097 -1.1565204191452474 1.2659806511112652
1647473734.7994397 12.476315281145974 -1.1565201945941535 1.2659795999346106
1647473734.8994396 12.476295585145436 -1.1565182205813884 1.2659765544088573
1647473734.9994397 12.4762758891449 -1.1565162465686232 1.265973508883104
1647473735.0994396 12.476256193144362 -1.1565142725558581 1.2659704633573503
1647473735.1994398 12.47617905435102 -1.1565058630320462 1.2659604533510986
1647473735.2994397 12.476087828848268 -1.1564958753263672 1.2659487354436783
1647473735.3994396 12.475996603345518 -1.156485887620688 1.2659370175362579
1647473735.4994397 12.475905377842766 -1.1564758999150089 1.2659252996288375
1647473735.5994396 12.475948830153142 -1.15648045646697 1.2659288418589885
1647473735.6994398 12.476025565543035 -1.1564886073576885 1.2659361553441104
1647473735.7994397 12.476102300932926 -1.1564967582484071 1.2659434688292321
1647473735.8994396 12.476179036322817 -1.156504909139126 1.265950782314354
1647473735.9994397 12.476142681642353 -1.156501031275723 1.2659466656222442
1647473736.0994396 12.476078418546 -1.1564941849512376 1.2659397281861131
1647473736.1994398 12.476014155449649 -1.1564873386267522 1.265932790749982
1647473736.2994397 12.475949892353297 -1.156480492302267 1.2659258533138509
1647473736.3994396 12.475923551590297 -1.1564759787036625 1.2659221260578153
1647473736.4994397 12.475906602565104 -1.156472042821351 1.2659191938259016
1647473736.5994396 12.47588965353991 -1.1564681069390397 1.2659162615939878
1647473736.6994398 12.475872704514718 -1.1564641710567285 1.2659133293620741
1647473736.7994397 12.475936275814288 -1.1564648713697157 1.265919099952675
1647473736.8994396 12.476021314661756 -1.1564668077401197 1.2659271908053926
1647473736.9994397 12.476106353509223 -1.1564687441105237 1.26593528165811
1647473737.0994396 12.476191392356691 -1.1564706804809277 1.2659433725108273
1647473737.1994398 12.476153160137633 -1.1564626279773826 1.2659389874446216
1647473737.2994397 12.476084240129836 -1.1564520887876901 1.2659314965533828
1647473737.3994396 12.47601532012204 -1.1564415495979976 1.2659240056621441
1647473737.4994397 12.475946400114244 -1.1564310104083049 1.2659165147709055
1647473737.5994396 12.475980411095843 -1.1564293717290732 1.2659180253380053
1647473737.6994398 12.47604005410324 -1.1564299494679977 1.2659217774614502
1647473737.7994397 12.476099697110639 -1.1564305272069222 1.2659255295848952
1647473737.8994396 12.476159340118038 -1.1564311049458467 1.26592928170834
1647473737.9994397 12.476184777898714 -1.1564333432306004 1.2659287796467535
1647473738.0994396 12.476199893529122 -1.1564360826201623 1.2659269937948994
1647473738.1994398 12.47621500915953 -1.1564388220097244 1.2659252079430452
1647473738.2994397 12.476230124789938 -1.1564415613992862 1.265923422091191
1647473738.3994396 12.476180279813073 -1.1564335324565969 1.2659113561490396
1647473738.4994397 12.476112159093702 -1.1564224739968554 1.2658963980497626
1647473738.5994396 12.476044038374331 -1.1564114155371141 1.2658814399504856
1647473738.6994398 12.475975917654958 -1.1564003570773727 1.2658664818512086
1647473738.7994397 12.475986329865218 -1.1564017537743083 1.2658633051141792
1647473738.8994396 12.476018781324292 -1.156406645849531 1.2658634346637634
1647473738.9994397 12.476051232783368 -1.1564115379247537 1.2658635642133476
1647473739.0994396 12.476083684242441 -1.1564164299999764 1.2658636937629315
1647473739.1994398 12.476092767830856 -1.1564179347813721 1.2658593043058626
1647473739.2994397 12.476095805226556 -1.1564185631358332 1.2658537456029733
1647473739.3994396 12.476098842622257 -1.1564191914902942 1.265848186900084
1647473739.4994397 12.476101880017955 -1.1564198198447553 1.2658426281971946
1647473739.5994396 12.476190719114198 -1.1564267697063646 1.2658463871730694
1647473739.6994398 12.476300342875101 -1.156435250894339 1.2658524032700418
1647473739.7994397 12.476409966636002 -1.1564437320823135 1.2658584193670142
1647473739.8994396 12.476519590396904 -1.1564522132702881 1.2658644354639865
1647473739.9994397 12.476477679803676 -1.156446688483005 1.2658563674069852
1647473740.0994396 12.476398936229922 -1.1564377593072126 1.265844875958819
1647473740.1994398 12.476320192656168 -1.1564288301314205 1.265833384510653
1647473740.2994397 12.476241449082414 -1.1564199009556284 1.265821893062487
1647473740.3994396 12.476257606693878 -1.156423223418572 1.265823309556784
1647473740.4994397 12.476296932556695 -1.1564295368773088 1.2658278772704752
1647473740.5994396 12.476336258419511 -1.1564358503360457 1.2658324449841667
1647473740.6994398 12.47637558428233 -1.1564421637947824 1.2658370126978582
1647473740.7994397 12.476329803622871 -1.1564368160036462 1.2658315392901607
1647473740.8994396 12.476263228797217 -1.1564286190070507 1.265823612524702
1647473740.9994397 12.476196653971563 -1.156420422010455 1.2658156857592433
1647473741.0994396 12.476130079145909 -1.1564122250138595 1.2658077589937844
1647473741.1994398 12.476049209363588 -1.1564048880612867 1.2657999954496373
1647473741.2994397 12.475964853030415 -1.156397760874108 1.2657922717152927
1647473741.3994396 12.475880496697245 -1.1563906336869294 1.265784547980948
1647473741.4994397 12.475796140364073 -1.1563835064997507 1.2657768242466034
1647473741.5994396 12.475682197054985 -1.1563718495189443 1.26576519905967
1647473741.6994398 12.475561040690343 -1.1563590882126 1.2657526227314526
1647473741.7994397 12.475439884325699 -1.1563463269062557 1.265740046403235
1647473741.8994396 12.475318727961056 -1.1563335655999114 1.2657274700750174
1647473741.9994397 12.475372245095851 -1.1563396919930689 1.2657329510710253
1647473742.0994396 12.475468661918711 -1.156350457191881 1.2657428669331068
1647473742.1994398 12.475565078741573 -1.1563612223906932 1.265752782795188
1647473742.2994397 12.475661495564434 -1.156371987589505 1.2657626986572694
1647473742.3994396 12.475610960427764 -1.1563671875308672 1.265757262140277
1647473742.4994397 12.475524374536544 -1.1563585689503282 1.2657480593254309
1647473742.5994396 12.475437788645324 -1.1563499503697892 1.265738856510585
1647473742.6994398 12.475351202754103 -1.1563413317892504 1.2657296536957388
1647473742.7994397 12.475367826308991 -1.1563429139119863 1.2657311462534637
1647473742.8994396 12.475409797191018 -1.1563470012372274 1.2657352655000982
1647473742.9994397 12.475451768073045 -1.1563510885624686 1.2657393847467324
1647473743.0994396 12.475493738955072 -1.1563551758877095 1.2657435039933669
1647473743.1994398 12.475494664336804 -1.156355302940148 1.2657436853773538
1647473743.2994397 12.475484712044826 -1.1563543804608465 1.2657428231686285
1647473743.3994396 12.475474759752851 -1.156353457981545 1.2657419609599034
1647473743.4994397 12.475464807460876 -1.1563525355022437 1.2657410987511781
1647473743.5994396 12.475399263340684 -1.1563461825467458 1.2657343045506744
1647473743.6994398 12.475320068045342 -1.1563384960790377 1.265726053685381
1647473743.7994397 12.475240872750001 -1.1563308096113298 1.2657178028200877
1647473743.8994396 12.47516167745466 -1.1563231231436217 1.2657095519547943
1647473743.9994397 12.47514807452396 -1.1563210801188633 1.2657082821901244
1647473744.0994396 12.475150613557462 -1.1563204259181632 1.2657087304406074
1647473744.1994398 12.475153152590964 -1.1563197717174631 1.2657091786910903
1647473744.2994397 12.475155691624465 -1.156319117516763 1.265709626941573
1647473744.3994396 12.475134228830376 -1.1563174690144786 1.2657078066067045
1647473744.4994397 12.475106884569474 -1.1563155768660909 1.265705430372107
1647473744.5994396 12.475079540308574 -1.156313684717703 1.2657030541375092
1647473744.6994398 12.475052196047672 -1.1563117925693152 1.2657006779029116
1647473744.7994397 12.475048840720206 -1.1563115680870863 1.2657001764532532
1647473744.8994396 12.475051352037058 -1.1563117514430898 1.265700133494025
1647473744.9994397 12.475053863353912 -1.156311934799093 1.2657000905347968
1647473745.0994396 12.475056374670766 -1.1563121181550964 1.2657000475755686
1647473745.1994398 12.47502298580627 -1.1563092521251477 1.265696518017567
1647473745.2994397 12.474980851055413 -1.156305643213631 1.2656921390656204
1647473745.3994396 12.474938716304557 -1.1563020343021142 1.265687760113674
1647473745.4994397 12.474896581553699 -1.1562984253905977 1.2656833811617274
1647473745.5994396 12.475002174245034 -1.1563076735303912 1.2656937292911443
1647473745.6994398 12.475143455298605 -1.15632002770856 1.265707635225439
1647473745.7994397 12.475284736352178 -1.1563323818867286 1.2657215411597338
1647473745.8994396 12.475426017405749 -1.156344736064897 1.2657354470940285
1647473745.9994397 12.475527360890329 -1.1563530305381189 1.265745849906419
1647473746.0994396 12.47561905213569 -1.1563603438488836 1.2657554060731198
1647473746.1994398 12.475710743381049 -1.1563676571596486 1.2657649622398204
1647473746.2994397 12.475802434626408 -1.1563749704704134 1.2657745184065212
1647473746.3994396 12.475843407119745 -1.1563777015258938 1.265778442090105
1647473746.4994397 12.475872018961153 -1.1563793158413056 1.265780993082908
1647473746.5994396 12.475900630802562 -1.1563809301567172 1.2657835440757113
1647473746.6994398 12.47592924264397 -1.156382544472129 1.2657860950685142
1647473746.7994397 12.475957854485376 -1.1563841587875405 1.2657886460613172
1647473746.8994396 12.475986466326784 -1.1563857731029523 1.2657911970541205
1647473746.9994397 12.476015078168192 -1.1563873874183639 1.2657937480469235
1647473747.0994396 12.4760436900096 -1.1563890017337757 1.2657962990397267
1647473747.1994398 12.476001710775465 -1.156382563460162 1.265792060227059
1647473747.2994397 12.475942527863426 -1.1563741626984179 1.2657861666779326
1647473747.3994396 12.475883344951388 -1.1563657619366738 1.2657802731288064
1647473747.4994397 12.475824162039348 -1.1563573611749296 1.26577437957968
1647473747.5994396 12.4758284235447 -1.156357223906857 1.2657757971267853
1647473747.6994398 12.475848175672342 -1.1563591042577415 1.2657789997549886
1647473747.7994397 12.475867927799984 -1.156360984608626 1.2657822023831917
1647473747.8994396 12.475887679927624 -1.1563628649595106 1.2657854050113948
1647473747.9994397 12.475774358246 -1.1563532147780562 1.2657740743129997
1647473748.0994396 12.475631096212254 -1.1563409703355654 1.2657594737531779
1647473748.1994398 12.47548783417851 -1.1563287258930743 1.2657448731933563
1647473748.2994397 12.475344572144765 -1.1563164814505835 1.2657302726335344
1647473748.3994396 12.475370210455493 -1.1563167204392488 1.2657334464042969
1647473748.4994397 12.475437272108334 -1.1563200210287718 1.265740979385687
1647473748.5994396 12.475504333761176 -1.156323321618295 1.2657485123670773
1647473748.6994398 12.475571395414018 -1.1563266222078183 1.2657560453484673
1647473748.7994397 12.475532757498215 -1.1563234979615422 1.265752826988626
1647473748.8994396 12.47546817399547 -1.1563187966403736 1.2657469695465045
1647473748.9994397 12.475403590492727 -1.1563140953192053 1.2657411121043827
1647473749.0994396 12.475339006989982 -1.156309393998037 1.2657352546622611
1647473749.1994398 12.475392102524967 -1.1563124652495544 1.2657408902370508
1647473749.2994397 12.475474056517706 -1.1563174425708773 1.2657493442470469
1647473749.3994396 12.475556010510445 -1.1563224198922 1.2657577982570432
1647473749.4994397 12.475637964503186 -1.1563273972135226 1.2657662522670394
1647473749.5994396 12.47564618747966 -1.1563267309259075 1.2657676617322604
1647473749.6994398 12.475636317005216 -1.156324679707411 1.2657673424796148
1647473749.7994397 12.475626446530773 -1.1563226284889145 1.2657670232269693
1647473749.8994396 12.475616576056328 -1.156320577270418 1.265766703974324
1647473749.9994397 12.47560480067249 -1.1563177504803897 1.2657656281230543
1647473750.0994396 12.475592556457336 -1.1563147328087249 1.2657643660597109
1647473750.1994398 12.47558031224218 -1.15631171513706 1.2657631039963675
1647473750.2994397 12.475568068027025 -1.156308697465395 1.2657618419330239
1647473750.3994396 12.47565622667189 -1.1563151950666943 1.2657711888796503
1647473750.4994397 12.47576741930629 -1.1563238756207284 1.265782969699421
1647473750.5994396 12.47587861194069 -1.1563325561747624 1.2657947505191918
1647473750.6994398 12.475989804575091 -1.1563412367287964 1.2658065313389624
1647473750.7994397 12.476027868285248 -1.1563440250675456 1.2658106705745273
1647473750.8994396 12.47604770766708 -1.1563453450178696 1.265812905464569
1647473750.9994397 12.47606754704891 -1.1563466649681933 1.2658151403546107
1647473751.0994396 12.47608738643074 -1.1563479849185172 1.2658173752446524
1647473751.1994398 12.47610722581257 -1.1563493048688411 1.2658196101346944
1647473751.2994397 12.4761270651944 -1.1563506248191648 1.265821845024736
1647473751.3994396 12.476146904576229 -1.1563519447694888 1.2658240799147777
1647473751.4994397 12.476166743958059 -1.1563532647198127 1.2658263148048194
1647473751.5994396 12.476212124699677 -1.156358198384834 1.2658324089251134
1647473751.6994398 12.476263861608683 -1.1563640313510555 1.265839463445076
1647473751.7994397 12.476315598517688 -1.1563698643172768 1.2658465179650384
1647473751.8994396 12.476367335426694 -1.1563756972834984 1.265853572485001
1647473751.9994397 12.47629616302989 -1.1563708503360008 1.2658471081325973
1647473752.0994396 12.47619440853431 -1.156363346029289 1.265837280035786
1647473752.1994398 12.476092654038728 -1.1563558417225772 1.2658274519389745
1647473752.2994397 12.475990899543149 -1.1563483374158656 1.2658176238421632
1647473752.3994396 12.475986652869855 -1.1563456795337235 1.26581734964456
1647473752.4994397 12.47600676351132 -1.156344232281518 1.2658194619973349
1647473752.5994396 12.476026874152783 -1.1563427850293124 1.26582157435011
1647473752.6994398 12.476046984794246 -1.1563413377771068 1.2658236867028851
1647473752.7994397 12.476128034860258 -1.1563513949319053 1.2658320078401206
1647473752.8994396 12.476224253170532 -1.1563643156131782 1.265841874386752
1647473752.9994397 12.476320471480808 -1.1563772362944513 1.2658517409333834
1647473753.0994396 12.476416689791082 -1.1563901569757242 1.2658616074800146
1647473753.1994398 12.476406381326465 -1.1563867943441448 1.265860864981911
1647473753.2994397 12.476369561809825 -1.1563793793252235 1.2658574822373794
1647473753.3994396 12.476332742293186 -1.1563719643063022 1.2658540994928476
1647473753.4994397 12.476295922776547 -1.1563645492873809 1.265850716748316
1647473753.5994396 12.47622496998501 -1.156359270656841 1.265843358188977
1647473753.6994398 12.476145508259455 -1.1563545245971671 1.2658350085162464
1647473753.7994397 12.476066046533901 -1.156349778537493 1.2658266588435156
1647473753.8994396 12.475986584808348 -1.156345032477819 1.265818309170785
1647473753.9994397 12.476032293700078 -1.1563483285502372 1.265823005899846
1647473754.0994396 12.476109234893693 -1.156353631278073 1.265830957938884
1647473754.1994398 12.476186176087309 -1.1563589340059086 1.265838909977922
1647473754.2994397 12.476263117280922 -1.1563642367337443 1.2658468620169598
1647473754.3994396 12.47607802736256 -1.1563481816946495 1.265827533244914
1647473754.4994397 12.475827789543999 -1.156326816546927 1.2658014217380076
1647473754.5994396 12.475577551725438 -1.1563054513992046 1.2657753102311011
1647473754.6994398 12.475327313906877 -1.156284086251482 1.2657491987241947
1647473754.7994397 12.475238056348644 -1.1562747537043958 1.265738866340435
1647473754.8994396 12.475188844546013 -1.1562684144099193 1.2657324592013475
1647473754.9994397 12.475139632743382 -1.1562620751154429 1.2657260520622602
1647473755.0994396 12.47509042094075 -1.1562557358209664 1.2657196449231727
1647473755.1994398 12.475127876679652 -1.1562595611344244 1.2657241676026771
1647473755.2994397 12.475187108127429 -1.1562659403629847 1.2657314364607797
1647473755.3994396 12.475246339575206 -1.1562723195915452 1.2657387053188822
1647473755.4994397 12.475305571022982 -1.1562786988201055 1.2657459741769848
1647473755.5994396 12.475238428310998 -1.1562717068974961 1.2657391541500826
1647473755.6994398 12.475139489306692 -1.156261350734665 1.2657287892979807
1647473755.7994397 12.475040550302385 -1.1562509945718338 1.2657184244458788
1647473755.8994396 12.47494161129808 -1.1562406384090027 1.265708059593777
1647473755.9994397 12.474969095269993 -1.1562446067578063 1.2657111238762648
1647473756.0994396 12.475028303531658 -1.1562521696664856 1.26571755803478
1647473756.1994398 12.475087511793326 -1.156259732575165 1.265723992193295
1647473756.2994397 12.475146720054992 -1.1562672954838442 1.26573042635181
1647473756.3994396 12.475132926424624 -1.1562659201531778 1.2657290238344598
1647473756.4994397 12.475100800683826 -1.1562623002671146 1.2657256533844528
1647473756.5994396 12.47506867494303 -1.1562586803810515 1.2657222829344454
1647473756.6994398 12.475036549202231 -1.1562550604949884 1.2657189124844384
1647473756.7994397 12.475184393139948 -1.156268673876129 1.2657344734654965
1647473756.8994396 12.475377506273505 -1.156286622077193 1.265754796419058
1647473756.9994397 12.475570619407062 -1.156304570278257 1.2657751193726194
1647473757.0994396 12.47576373254062 -1.1563225184793213 1.265795442326181
1647473757.1994398 12.475763006542952 -1.1563216318310547 1.265795540062108
1647473757.2994397 12.475713560726739 -1.1563160112034523 1.2657905543614398
1647473757.3994396 12.475664114910524 -1.1563103905758496 1.265785568660772
1647473757.4994397 12.47561466909431 -1.1563047699482472 1.265780582960104
1647473757.5994396 12.475551181902965 -1.156300651940322 1.2657735618066959
1647473757.6994398 12.475484170226917 -1.1562969111005885 1.2657660297402198
1647473757.7994397 12.475417158550869 -1.156293170260855 1.2657584976737435
1647473757.8994396 12.47535014687482 -1.1562894294211215 1.2657509656072674
1647473757.9994397 12.475388228779638 -1.1562912460581203 1.2657553441828533
1647473758.0994396 12.475452801929034 -1.156294463584442 1.2657627251086243
1647473758.1994398 12.47551737507843 -1.1562976811107641 1.2657701060343953
1647473758.2994397 12.475581948227825 -1.156300898637086 1.2657774869601663
1647473758.3994396 12.475604644501692 -1.1563041843952906 1.2657800138374546
1647473758.4994397 12.475616823006938 -1.1563074872905699 1.2657813215751068
1647473758.5994396 12.475629001512184 -1.1563107901858494 1.2657826293127588
1647473758.6994398 12.475641180017432 -1.1563140930811289 1.2657839370504107
1647473758.7994397 12.475598458659869 -1.156308950874958 1.2657774921331983
1647473758.8994396 12.475541944713495 -1.1563016869911398 1.2657690995029083
1647473758.9994397 12.47548543076712 -1.1562944231073213 1.2657607068726182
1647473759.0994396 12.475428916820746 -1.156287159223503 1.2657523142423281
1647473759.1994398 12.475435774555903 -1.1562854529884885 1.2657502802742955
1647473759.2994397 12.475458560224732 -1.1562851436212769 1.2657498445019908
1647473759.3994396 12.47548134589356 -1.1562848342540653 1.265749408729686
1647473759.4994397 12.475504131562388 -1.1562845248868536 1.2657489729573812
1647473759.5994396 12.475554361391078 -1.1562894050952397 1.2657515103047263
1647473759.6994398 12.475611484199886 -1.1562955887372748 1.26575479439217
1647473759.7994397 12.475668607008696 -1.15630177237931 1.2657580784796139
1647473759.8994396 12.475725729817505 -1.1563079560213454 1.2657613625670576
1647473759.9994397 12.47566199059018 -1.156301357392494 1.2657542884809077
1647473760.0994396 12.47556774013033 -1.1562915319204445 1.2657445995071293
1647473760.1994398 12.47547348967048 -1.156281706448395 1.2657349105333509
1647473760.2994397 12.47537923921063 -1.1562718809763457 1.2657252215595725
1647473760.3994396 12.475459643869087 -1.156277047835112 1.2657321098310974
1647473760.4994397 12.475581311410727 -1.1562857566845233 1.2657429145348635
1647473760.5994396 12.475702978952366 -1.1562944655339344 1.2657537192386297
1647473760.6994398 12.475824646494004 -1.1563031743833456 1.2657645239423958
1647473760.7994397 12.475840235583561 -1.1563043608190353 1.2657655281902171
1647473760.8994396 12.475830338491857 -1.1563037399357468 1.2657641778015245
1647473760.9994397 12.475820441400153 -1.1563031190524582 1.2657628274128316
1647473761.0994396 12.475810544308448 -1.1563024981691696 1.265761477024139
1647473761.1994398 12.475617327264551 -1.1562830958240449 1.2657411582818914
1647473761.2994397 12.475379814841837 -1.1562591553369619 1.2657162562392656
1647473761.3994396 12.475142302419123 -1.156235214849879 1.2656913541966397
1647473761.4994397 12.474904789996408 -1.1562112743627961 1.265666452154014
1647473761.5994396 12.474946398165049 -1.1562140394367888 1.2656706858758597
1647473761.6994398 12.47505543185 -1.1562232556157868 1.265681957752623
1647473761.7994397 12.475164465534952 -1.1562324717947845 1.2656932296293866
1647473761.8994396 12.475273499219904 -1.1562416879737825 1.2657045015061499
1647473761.9994397 12.475340364671274 -1.1562478713141684 1.2657135337615975
1647473762.0994396 12.475397038614263 -1.156253321657284 1.26572202472998
1647473762.1994398 12.475453712557252 -1.1562587720003992 1.2657305156983625
1647473762.2994397 12.47551038650024 -1.1562642223435144 1.2657390066667449
1647473762.3994396 12.475495377792852 -1.1562623125926474 1.2657395659535744
1647473762.4994397 12.475463051075126 -1.15625862469626 1.265738209003457
1647473762.5994396 12.475430724357402 -1.1562549367998727 1.2657368520533394
1647473762.6994398 12.475398397639678 -1.1562512489034853 1.265735495103222
1647473762.7994397 12.47538418990954 -1.1562492401629445 1.2657343011485236
1647473762.8994396 12.475374358623647 -1.1562476370042223 1.2657331465635946
1647473762.9994397 12.475364527337755 -1.1562460338455 1.2657319919786656
1647473763.0994396 12.475354696051863 -1.1562444306867778 1.2657308373937366
1647473763.1994398 12.475460473089871 -1.1562553359911936 1.2657422901152282
1647473763.2994397 12.475593957452022 -1.1562692391423994 1.265756764372832
1647473763.3994396 12.475727441814172 -1.156283142293605 1.265771238630436
1647473766.919157 12.475109551654956 -1.1562209834758983 1.265761356821746
1647473767.019157 12.475079571258732 -1.156216722256135 1.2657622160729793
1647473767.119157 12.475049617854435 -1.1562124652712122 1.265763077032835
1647473767.219157 12.475101202542808 -1.1562210010316065 1.2657690994542823
1647473767.3191571 12.475152787231181 -1.1562295367920008 1.2657751218757296
1647473767.419157 12.475204371919554 -1.156238072552395 1.265781144297177
1647473767.519157 12.475255956607928 -1.1562466083127896 1.2657871667186245
1647473767.619157 12.475409451163832 -1.156260489467619 1.265803211603475
1647473767.719157 12.47556296093206 -1.1562743714203676 1.2658192579844019
1647473767.8191571 12.475716470700286 -1.1562882533731165 1.2658353043653288
1647473767.919157 12.475869980468513 -1.1563021353258651 1.2658513507462557
1647473768.019157 12.475969262899431 -1.1563103003121145 1.265860540720867
1647473768.119157 12.476068492659005 -1.156318459745439 1.2658697240358088
1647473768.219157 12.476167722418577 -1.1563266191787638 1.2658789073507504
1647473768.3191571 12.47626695217815 -1.1563347786120883 1.2658880906656922
1647473768.419157 12.476276900656526 -1.1563358960989265 1.2658901920093453
1647473768.519157 12.476286683347796 -1.1563370005095197 1.2658922802024308
1647473768.619157 12.476296466039068 -1.156338104920113 1.2658943683955164
1647473768.719157 12.476306248730339 -1.156339209330706 1.265896456588602
1647473768.8191571 12.47628898134371 -1.1563374608574926 1.2658942542879459
1647473768.919157 12.476271698289256 -1.1563357107318442 1.2658920495021688
1647473769.019157 12.4762544152348 -1.1563339606061958 1.2658898447163918
1647473769.119157 12.476237147033236 -1.156332212545656 1.2658876418385596
1647473769.219157 12.47625184423783 -1.1563349088752224 1.2658895451131462
1647473769.3191571 12.47626654144242 -1.1563376052047887 1.2658914483877326
1647473769.419157 12.476281238647013 -1.1563403015343552 1.2658933516623192
1647473769.519157 12.476295866533414 -1.1563429908769078 1.2658952476977177
1647473769.619157 12.476073029758625 -1.156321744672696 1.2658723443073903
1647473769.719157 12.475850192983836 -1.1563004984684844 1.2658494409170629
1647473769.8191571 12.47562735620905 -1.1562792522642726 1.2658265375267355
1647473769.919157 12.475404617887452 -1.1562580156003228 1.2658036445087784
1647473770.019157 12.475357501383117 -1.1562537969537108 1.2657992538319236
1647473770.119157 12.475310384878782 -1.156249578307099 1.2657948631550688
1647473770.219157 12.475263268374448 -1.1562453596604871 1.2657904724782143
1647473770.3191571 12.475216173826556 -1.1562411420700185 1.265786083477814
1647473770.419157 12.47518900792866 -1.156237883082526 1.2657832161024969
1647473770.519157 12.475161842030767 -1.1562346240950334 1.2657803487271797
1647473770.619157 12.475134676132871 -1.1562313651075409 1.2657774813518627
1647473770.719157 12.475107547653757 -1.1562281114899298 1.2657746173925712
1647473770.8191571 12.475112463878665 -1.156229456532687 1.2657746788501878
1647473770.919157 12.475117380103573 -1.156230801575444 1.2657747403078043
1647473771.019157 12.475122296328479 -1.156232146618201 1.265774801765421
1647473771.119157 12.475127203790764 -1.1562334897682764 1.2657748631140666
1647473771.219157 12.475124707127033 -1.1562332336648369 1.2657748323857894
1647473771.3191571 12.475122210463303 -1.1562329775613973 1.2657748016575123
1647473771.419157 12.47511971379957 -1.156232721457958 1.265774770929235
1647473771.519157 12.475117217135839 -1.1562324653545184 1.265774740200958
1647473771.619157 12.475114720472108 -1.156232209251079 1.2657747094726808
1647473771.719157 12.475112223808376 -1.1562319531476395 1.2657746787444037
1647473771.8191571 12.475109727144645 -1.1562316970442 1.2657746480161265
1647473771.919157 12.475107294458414 -1.1562314459406637 1.265774623968731
1647473772.019157 12.47516429693041 -1.1562358397517558 1.265780806466552
1647473772.119157 12.475221299402406 -1.1562402335628479 1.2657869889643731
1647473772.219157 12.4752783018744 -1.15624462737394 1.265793171462194
1647473772.3191571 12.475335153121508 -1.1562490087188515 1.2657993378044197
1647473772.419157 12.475213785741689 -1.1562386986619508 1.2657864647674797
1647473772.519157 12.475092418361871 -1.1562283886050504 1.2657735917305395
1647473772.619157 12.474971050982054 -1.1562180785481497 1.2657607186935993
1647473772.719157 12.47484971514234 -1.156207771103339 1.2657478489725822
1647473772.8191571 12.474963737165991 -1.1562169555350263 1.2657597232567408
1647473772.919157 12.475077759189642 -1.1562261399667138 1.2657715975408996
1647473773.019157 12.475191781213292 -1.1562353243984014 1.2657834718250582
1647473773.119157 12.475305796709812 -1.1562445083781936 1.2657953454156297
1647473773.219157 12.47526601646887 -1.1562430445617486 1.265790876327996
1647473773.3191571 12.475226236227929 -1.1562415807453037 1.2657864072403622
1647473773.419157 12.475186455986988 -1.1562401169288588 1.2657819381527287
1647473773.519157 12.475146675746046 -1.1562386531124138 1.265777469065095
1647473773.619157 12.475131902814418 -1.156235507291878 1.26577654575935
1647473773.719157 12.475117144833014 -1.1562323604657827 1.2657756245733947
1647473773.8191571 12.475102386851612 -1.1562292136396872 1.2657747033874396
1647473773.919157 12.475087628870208 -1.1562260668135917 1.2657737822014843
1647473774.019157 12.475288083217183 -1.1562464241352002 1.2657939751507457
1647473774.119157 12.475488553471639 -1.1562667831941245 1.2658141696606644
1647473774.219157 12.475689023726094 -1.1562871422530485 1.265834364170583
1647473774.3191571 12.47588949398055 -1.1563075013119728 1.2658545586805017
1647473774.419157 12.475830157545813 -1.1563013337194847 1.2658471795125996
1647473774.519157 12.475770817146662 -1.1562951657222242 1.2658397999239484
1647473774.619157 12.475711476747511 -1.1562889977249637 1.265832420335297
1647473774.719157 12.47565213634836 -1.1562828297277032 1.2658250407466458
1647473774.8191571 12.47559279594921 -1.1562766617304427 1.2658176611579945
1647473774.919157 12.475533455550059 -1.1562704937331822 1.2658102815693433
1647473775.019157 12.475474115150908 -1.1562643257359217 1.265802901980692
1647473775.119157 12.475415851997662 -1.1562582661414686 1.2657956428201707
1647473775.219157 12.47544059170624 -1.1562605590904882 1.2657976627661067
1647473775.3191571 12.47546533141482 -1.1562628520395077 1.2657996827120428
1647473775.419157 12.4754900711234 -1.1562651449885273 1.2658017026579789
1647473775.519157 12.475514793991703 -1.156267436123733 1.2658037211002664
1647473775.619157 12.47549994107232 -1.1562654646737496 1.2658022058668907
1647473775.719157 12.475485088152936 -1.1562634932237659 1.2658006906335153
1647473775.8191571 12.475470235233551 -1.1562615217737824 1.2657991754001396
1647473775.919157 12.4754566523071 -1.1562596615909904 1.2657977911456637
1647473776.019157 12.475538210907434 -1.156266136990425 1.2658062191761017
1647473776.119157 12.47561976950777 -1.1562726123898595 1.2658146472065395
1647473776.219157 12.475701328108103 -1.156279087789294 1.2658230752369775
1647473776.3191571 12.475782879598986 -1.156285564292654 1.2658315022185282
1647473776.419157 12.475852095811943 -1.1562939561655317 1.2658381093248519
1647473776.519157 12.475921312024898 -1.1563023480384096 1.2658447164311757
1647473776.619157 12.475990528237855 -1.1563107399112875 1.2658513235374993
1647473776.719157 12.476059621547343 -1.156319119142207 1.2658579177214244
1647473776.8191571 12.47599773538279 -1.1563140257096483 1.2658507403735517
1647473776.919157 12.475935849218237 -1.1563089322770892 1.2658435630256792
1647473777.019157 12.475873963053683 -1.1563038388445304 1.2658363856778068
1647473777.119157 12.475812146699134 -1.1562987623912568 1.265829215967077
1647473777.219157 12.4758283833766 -1.1563126701037039 1.2658305851779708
1647473777.3191571 12.475844620054065 -1.156326577816151 1.2658319543888645
1647473777.419157 12.475860856731531 -1.156340485528598 1.2658333235997583
1647473777.519157 12.475877085194991 -1.1563543820580182 1.265834693733198
1647473777.619157 12.475884288825439 -1.15635599165319 1.2658370774795142
1647473777.719157 12.475891492455887 -1.1563576012483616 1.2658394612258304
1647473777.8191571 12.475898696086334 -1.1563592108435334 1.2658418449721467
1647473777.919157 12.47590644509982 -1.1563609002727593 1.2658442739913907
1647473778.019157 12.47595297992496 -1.156368267232012 1.265849922669332
1647473778.119157 12.4759995147501 -1.1563756341912648 1.2658555713472734
1647473778.219157 12.476046049575238 -1.1563830011505174 1.2658612200252148
1647473778.3191571 12.476092410685574 -1.1563903489666212 1.2658668509779738
1647473778.419157 12.475936327939442 -1.1563753877288938 1.265851825347595
1647473778.519157 12.47578024519331 -1.1563604264911662 1.2658367997172162
1647473778.619157 12.475624162447179 -1.1563454652534388 1.2658217740868374
1647473778.719157 12.475468270826939 -1.1563305224704798 1.265806768810712
1647473778.8191571 12.475471813761162 -1.1563309743980161 1.2658087427688387
1647473778.919157 12.475475356695387 -1.1563314263255524 1.2658107167269654
1647473779.019157 12.47547889962961 -1.1563318782530887 1.2658126906850924
1647473779.119157 12.475482442563834 -1.156332330180625 1.2658146646432191
1647473779.219157 12.475485985498059 -1.1563327821081613 1.265816638601346
1647473779.3191571 12.475489528432282 -1.1563332340356975 1.2658186125594728
1647473779.419157 12.475493071366506 -1.1563336859632338 1.2658205865175998
1647473779.519157 12.475496655442065 -1.1563341470547917 1.2658225626546316
1647473779.619157 12.475523567725485 -1.1563398043851127 1.2658257742876302
1647473779.719157 12.475550480008906 -1.156345461715434 1.2658289859206286
1647473779.8191571 12.475577392292328 -1.1563511190457552 1.265832197553627
1647473779.919157 12.475604381336606 -1.1563567729932027 1.2658354187645244
1647473780.019157 12.475663814669527 -1.1563609971112456 1.2658426882381457
1647473780.119157 12.47572324800245 -1.1563652212292885 1.265849957711767
1647473780.219157 12.475782681335371 -1.1563694453473317 1.2658572271853883
1647473780.3191571 12.475841832554137 -1.1563736416242352 1.2658644634367178
1647473780.419157 12.475777699408761 -1.156365671276029 1.2658571814901491
1647473780.519157 12.475713566263385 -1.156357700927823 1.2658498995435807
1647473780.619157 12.47564943311801 -1.1563497305796169 1.2658426175970123
1647473780.719157 12.475585451511499 -1.1563417844366815 1.265835354095501
1647473780.8191571 12.475587651084519 -1.1563444093993258 1.2658361460563914
1647473780.919157 12.475589850657538 -1.1563470343619704 1.265836938017282
1647473781.019157 12.475592050230556 -1.1563496593246148 1.2658377299781727
1647473781.119157 12.475594053104965 -1.156352273258591 1.2658385021162537
1647473781.219157 12.475501835897994 -1.1563496043793293 1.265829778982771
1647473781.3191571 12.475409618691023 -1.1563469355000677 1.2658210558492884
1647473781.419157 12.475317401484052 -1.1563442666208061 1.2658123327158057
1647473781.519157 12.475225361752164 -1.1563416071364754 1.2658036278004934
1647473781.619157 12.475277293371375 -1.1563465690085097 1.2658097018306083
1647473781.719157 12.475329224990585 -1.1563515308805443 1.2658157758607231
1647473781.8191571 12.475381156609794 -1.1563564927525787 1.265821849890838
1647473781.919157 12.475432955399322 -1.156361444155734 1.2658279084694897
1647473782.019157 12.475427920955626 -1.15636191628695 1.2658273559006712
1647473782.119157 12.47542288651193 -1.156362388418166 1.2658268033318525
1647473782.219157 12.475417852068235 -1.156362860549382 1.265826250763034
1647473782.3191571 12.475412844244495 -1.1563633327118608 1.2658257020447141
1647473782.419157 12.4754202211164 -1.1563638194189667 1.265826944736388
1647473782.519157 12.475427597988306 -1.1563643061260727 1.265828187428062
1647473782.619157 12.47543497486021 -1.1563647928331784 1.2658294301197357
1647473782.719157 12.475442351732115 -1.1563652795402843 1.2658306728114095
1647473782.8191571 12.475403168132459 -1.1563625753767925 1.2658259664155396
1647473782.919157 12.475363529907114 -1.1563598400570068 1.2658212019315978
1647473783.019157 12.475323891681768 -1.156357104737221 1.265816437447656
1647473783.119157 12.475284253456424 -1.1563543694174352 1.2658116729637139
1647473783.219157 12.475382420232464 -1.156362398144634 1.2658209931912676
1647473783.3191571 12.475481940738382 -1.1563705326126394 1.2658304517802348
1647473783.419157 12.4755814612443 -1.1563786670806449 1.2658399103692017
1647473783.519157 12.475680792958403 -1.1563867883605143 1.2658493519739709
1647473783.619157 12.475680634420291 -1.156387959704657 1.2658498431793255
1647473783.719157 12.47568047588218 -1.1563891310487993 1.26585033438468
1647473783.8191571 12.47568031734407 -1.1563903023929416 1.2658508255900347
1647473783.919157 12.475680095546005 -1.156391463481368 1.2658513097439756
1647473784.019157 12.47565288996521 -1.15638824995358 1.265848786089478
1647473784.119157 12.475625684384411 -1.1563850364257922 1.2658462624349804
1647473784.219157 12.475598478803613 -1.1563818228980043 1.2658437387804828
1647473784.3191571 12.475571548949612 -1.1563786366424325 1.2658412410812996
1647473784.419157 12.475655586353813 -1.156386426190071 1.2658491891934447
1647473784.519157 12.475739623758017 -1.1563942157377096 1.2658571373055896
1647473784.619157 12.47582366116222 -1.1564020052853483 1.2658650854177347
1647473784.719157 12.475907698566424 -1.1564097948329868 1.2658730335298798
1647473784.8191571 12.47583957067819 -1.1564031119391964 1.2658661249257048
1647473784.919157 12.475770150237281 -1.156396306110717 1.2658590901226567
1647473785.019157 12.475700729796372 -1.1563895002822377 1.2658520553196089
1647473785.119157 12.475631309355464 -1.1563826944537583 1.2658450205165608
1647473785.219157 12.475561888914555 -1.156375888625279 1.2658379857135127
1647473785.3191571 12.475492468473647 -1.1563690827967996 1.2658309509104648
1647473785.419157 12.475423048032738 -1.1563622769683202 1.2658239161074167
1647473785.519157 12.475353958152722 -1.1563554953143347 1.2658169063364557
1647473785.619157 12.475374195816881 -1.1563552463392495 1.2658166609919492
1647473785.719157 12.47539443348104 -1.1563549973641642 1.2658164156474427
1647473785.8191571 12.475414671145199 -1.156354748389079 1.2658161703029362
1647473785.919157 12.475435102999398 -1.1563545301732845 1.2658159290914475
1647473786.019157 12.475504974551484 -1.1563621431007538 1.265816740123093
1647473786.119157 12.47557484610357 -1.1563697560282233 1.265817551154739
1647473786.219157 12.475644717655653 -1.1563773689556927 1.2658183621863848
1647473786.3191571 12.475714472556705 -1.1563849587266175 1.265819171578512
1647473786.419157 12.475754521487788 -1.1563866515277874 1.265819563456247
1647473786.519157 12.475794570418872 -1.156388344328957 1.265819955333982
1647473786.619157 12.475834619349955 -1.156390037130127 1.2658203472117169
1647473786.719157 12.47587466828104 -1.156391729931297 1.2658207390894518
1647473786.8191571 12.475904676282576 -1.1563948846820116 1.2658214972195552
1647473786.919157 12.475934591707203 -1.1563980529118343 1.265822258726489
1647473787.019157 12.475964507131827 -1.156401221141657 1.2658230202334226
1647473787.119157 12.475994422556454 -1.1564043893714795 1.2658237817403561
1647473787.219157 12.475798844986148 -1.156379876893508 1.265797705718511
1647473787.3191571 12.47560130418897 -1.1563551234168779 1.2657713960390409
1647473787.419157 12.475403763391794 -1.1563303699402476 1.2657450863595707
1647473787.519157 12.475207232211748 -1.1563057291627996 1.2657188895729663
1647473787.619157 12.47527951691354 -1.1563110951365712 1.2657227511068534
1647473787.719157 12.475351801615332 -1.1563164611103427 1.2657266126407405
1647473787.8191571 12.475424086317124 -1.1563218270841142 1.2657304741746278
1647473787.919157 12.475496403743575 -1.15632718571239 1.2657343459417687
1647473788.019157 12.47557865628665 -1.1563303142683148 1.2657413244966964
1647473788.119157 12.475660908829726 -1.1563334428242396 1.2657483030516241
1647473788.219157 12.475743161372801 -1.1563365713801643 1.2657552816065518
1647473788.3191571 12.475825207372258 -1.156339687558395 1.2657622426303183
1647473788.419157 12.475807953046157 -1.1563368528916615 1.265760775168038
1647473788.519157 12.475790698720058 -1.1563340182249284 1.2657593077057576
1647473788.619157 12.475773444393957 -1.156331183558195 1.2657578402434773
1647473788.719157 12.475756160373422 -1.1563283494519527 1.2657563672994796
1647473788.8191571 12.47572650338886 -1.1563257488889684 1.2657526102544219
1647473788.919157 12.475696846404299 -1.1563231483259842 1.265748853209364
1647473789.019157 12.475667189419736 -1.1563205477629996 1.265745096164306
1647473789.119157 12.475637491605127 -1.15631794280576 1.2657413360863587
1647473789.219157 12.475587986028028 -1.1563132060762131 1.2657361046716389
1647473789.3191571 12.47553848045093 -1.1563084693466663 1.265730873256919
1647473789.419157 12.475488974873832 -1.1563037326171195 1.2657256418421992
1647473789.519157 12.475440099371337 -1.1562990545332694 1.2657204762010565
1647473789.619157 12.475643147754788 -1.1563178248660781 1.2657416089301492
1647473789.719157 12.475846196138239 -1.156336595198887 1.2657627416592416
1647473789.8191571 12.476049244521688 -1.156355365531696 1.265783874388334
1647473789.919157 12.476251750583796 -1.1563740901059958 1.2658049495833943
1647473790.019157 12.47624668727769 -1.1563753009590105 1.2658040040653282
1647473790.119157 12.476241623971585 -1.1563765118120255 1.2658030585472622
1647473790.219157 12.476236560665479 -1.1563777226650402 1.265802113029196
1647473790.3191571 12.476231757942028 -1.156378964492871 1.2658011968805603
1647473790.419157 12.476322940052404 -1.15639161580066 1.265811098872914
1647473790.519157 12.476414122162781 -1.156404267108449 1.2658210008652677
1647473790.619157 12.476505304273159 -1.1564169184162378 1.2658309028576213
1647473790.719157 12.476596073831306 -1.1564295230108588 1.2658407617060456
1647473790.8191571 12.476506858774442 -1.1564217480002976 1.2658317981050022
1647473790.919157 12.476417643717578 -1.1564139729897365 1.2658228345039588
1647473791.019157 12.476328428660713 -1.1564061979791753 1.2658138709029152
1647473791.119157 12.47623935167234 -1.156398438662989 1.2658049342291435
1647473791.219157 12.476211365340633 -1.1563976235790145 1.2658079119660415
1647473791.3191571 12.476183379008924 -1.1563968084950398 1.2658108897029396
1647473791.419157 12.476155392677217 -1.1563959934110652 1.2658138674398378
1647473791.519157 12.476127180933899 -1.1563951547831801 1.2658168098208737
1647473791.619157 12.475998336386168 -1.1563838052073097 1.2658039679238153
1647473791.719157 12.475869491838436 -1.1563724556314392 1.2657911260267567
1647473791.8191571 12.475740647290705 -1.1563611060555687 1.2657782841296983
1647473791.919157 12.475612136455268 -1.1563497941596967 1.2657654767525772
1647473792.019157 12.475698298208407 -1.1563627212952714 1.2657748755825544
1647473792.119157 12.475784459961545 -1.156375648430846 1.2657842744125316
1647473792.219157 12.475870621714684 -1.156388575566421 1.2657936732425088
1647473792.3191571 12.475956625966985 -1.1564014827724416 1.2658030557268358
1647473792.419157 12.47590702805641 -1.1563972313990045 1.2657983652349403
1647473792.519157 12.475857430145835 -1.1563929800255672 1.265793674743045
1647473792.619157 12.47580783223526 -1.1563887286521302 1.2657889842511494
1647473792.719157 12.475758236752666 -1.1563844774058751 1.2657842943979245
1647473792.8191571 12.475711091563708 -1.1563803545101943 1.2657802490840486
1647473792.919157 12.475663946374752 -1.1563762316145136 1.2657762037701727
1647473793.019157 12.475616801185794 -1.156372108718833 1.2657721584562969
1647473793.119157 12.47556969280906 -1.1563679897213401 1.2657681168509645
1647473793.219157 12.475668485048688 -1.1563793207018673 1.2657787735921486
1647473793.3191571 12.475767277288318 -1.1563906516823943 1.2657894303333328
1647473793.419157 12.475866069527948 -1.1564019826629215 1.265800087074517
1647473793.519157 12.475964861767578 -1.1564133136434487 1.2658107438157011
1647473793.619157 12.475858409523033 -1.1564041881745626 1.2657995841111451
1647473793.719157 12.475751879149888 -1.1563950549187012 1.265788416101916
1647473793.8191571 12.475645348776744 -1.15638592166284 1.265777248092687
1647473793.919157 12.4755388184036 -1.1563767884069787 1.2657660800834578
1647473794.019157 12.475562214750656 -1.1563805874315685 1.265767803516903
1647473794.119157 12.475585661609795 -1.1563843914838876 1.265769531962201
1647473794.219157 12.475609108468934 -1.1563881955362068 1.2657712604074989
1647473794.3191571 12.475632555328072 -1.156391999588526 1.2657729888527969
1647473794.419157 12.475656002187211 -1.1563958036408453 1.2657747172980949
1647473794.519157 12.47567944904635 -1.1563996076931644 1.2657764457433929
1647473794.619157 12.475702895905489 -1.1564034117454836 1.2657781741886909
1647473794.719157 12.475726340831727 -1.1564072153692495 1.2657799023169498
1647473794.8191571 12.47572910609714 -1.1564064339948072 1.265778238512927
1647473794.919157 12.47573187136255 -1.156405652620365 1.2657765747089043
1647473795.019157 12.47573463662796 -1.1564048712459227 1.2657749109048813
1647473795.119157 12.475737394650873 -1.1564040893355025 1.2657732465953615
1647473795.219157 12.475697851723853 -1.1564001769619208 1.265768629851809
1647473795.3191571 12.475658308796831 -1.156396264588339 1.2657640131082561
1647473795.419157 12.475618765869811 -1.156392352214757 1.2657593963647034
1647473795.519157 12.475579222942791 -1.1563884398411752 1.2657547796211506
1647473795.619157 12.475509842832182 -1.1563834170869163 1.2657467488077474
1647473795.719157 12.47544046246547 -1.1563783943231263 1.2657387179650397
1647473795.8191571 12.475371082098755 -1.1563733715593363 1.2657306871223322
1647473795.919157 12.475301701732043 -1.1563683487955463 1.2657226562796244
1647473796.019157 12.47523232136533 -1.1563633260317563 1.265714625436917
1647473796.119157 12.475162940998615 -1.1563583032679665 1.2657065945942092
1647473796.219157 12.475093560631903 -1.1563532805041765 1.2656985637515015
1647473796.3191571 12.47502421893468 -1.156348261030667 1.265690537679492
1647473796.419157 12.475068577508353 -1.1563529160003072 1.2656965389363446
1647473796.519157 12.475112936082024 -1.1563575709699472 1.2657025401931972
1647473796.619157 12.475157294655695 -1.1563622259395872 1.2657085414500495
1647473796.719157 12.475201653229368 -1.1563668809092273 1.265714542706902
1647473796.8191571 12.475278358162848 -1.1563731545164382 1.2657221851745175
1647473796.919157 12.475355119553807 -1.156379430948826 1.2657298305067095
1647473797.019157 12.475431880944768 -1.156385707381214 1.2657374758389015
1647473797.119157 12.475508642335727 -1.156391983813602 1.2657451211710933
1647473797.219157 12.47555334066366 -1.1563980829711802 1.2657490902771487
1647473797.3191571 12.475597801475548 -1.1564041808155459 1.2657530321505377
1647473797.419157 12.475642262287437 -1.1564102786599115 1.2657569740239267
1647473797.519157 12.475686723099324 -1.1564163765042774 1.2657609158973158
1647473797.619157 12.475711717340557 -1.1564182167521069 1.2657630041879226
1647473797.719157 12.475736572397556 -1.1564200265585034 1.2657650792255792
1647473797.8191571 12.475761427454556 -1.1564218363649 1.2657671542632356
1647473797.919157 12.475786282511557 -1.1564236461712964 1.2657692293008922
1647473798.019157 12.47580365462178 -1.1564255961852699 1.2657708963113454
1647473798.119157 12.47582097114066 -1.1564275472408554 1.2657725602905354
1647473798.219157 12.47583828765954 -1.1564294982964411 1.2657742242697256
1647473798.3191571 12.47585560417842 -1.1564314493520267 1.2657758882489158
1647473801.8853686 12.475365237043322 -1.156320072751896 1.2656539181766737
1647473801.9853685 12.475378621765158 -1.1563216226104283 1.2656539567483946
1647473802.0853686 12.47538610308884 -1.156321426719377 1.2656550064502397
1647473802.1853685 12.475393584412522 -1.156321230828326 1.2656560561520847
1647473802.2853687 12.475401065736206 -1.1563210349372746 1.2656571058539294
1647473802.3853686 12.475351217454685 -1.156315721890097 1.2656504219734317
1647473802.4853685 12.475272275292777 -1.1563078119660049 1.2656398134205271
1647473802.5853686 12.475193333130871 -1.156299902041913 1.2656292048676225
1647473802.6853685 12.475114390968963 -1.156291992117821 1.265618596314718
1647473802.7853687 12.475063301023681 -1.1562866308334165 1.2656115418782283
1647473802.8853686 12.475026344346134 -1.1562825628251472 1.2656062909347798
1647473802.9853685 12.474989387668586 -1.1562784948168778 1.2656010399913311
1647473803.0853686 12.474952430991038 -1.1562744268086083 1.2655957890478826
1647473803.1853685 12.475070016303267 -1.15628632567076 1.265607216575606
1647473803.2853687 12.475265488607837 -1.156306271611353 1.2656270498185553
1647473803.3853686 12.475460960912407 -1.1563262175519462 1.2656468830615044
1647473803.4853685 12.475656433216978 -1.1563461634925392 1.2656667163044535
1647473803.5853686 12.475705685315388 -1.1563502914312942 1.265671519735138
1647473803.6853685 12.475681092659727 -1.1563464308950884 1.2656687327457323
1647473803.7853687 12.475656500004066 -1.1563425703588828 1.2656659457563268
1647473803.8853686 12.475631907348404 -1.156338709822677 1.2656631587669211
1647473803.9853685 12.475607314692743 -1.1563348492864713 1.2656603717775154
1647473804.0853686 12.47558272203708 -1.1563309887502657 1.2656575847881097
1647473804.1853685 12.475558129381419 -1.15632712821406 1.265654797798704
1647473804.2853687 12.475533536725758 -1.1563232676778543 1.2656520108092986
1647473804.3853686 12.475525232956226 -1.1563228524563394 1.2656506502237344
1647473804.4853685 12.475525174731901 -1.1563241812766087 1.2656500116935194
1647473804.5853686 12.475525116507574 -1.1563255100968781 1.2656493731633043
1647473804.6853685 12.47552505828325 -1.1563268389171475 1.2656487346330891
1647473804.7853687 12.475574504033856 -1.1563321653253475 1.2656520672025044
1647473804.8853686 12.475648979163763 -1.156339512927699 1.2656574075734959
1647473804.9853685 12.47572345429367 -1.1563468605300502 1.265662747944487
1647473805.0853686 12.475797929423575 -1.1563542081324014 1.2656680883154783
1647473805.1853685 12.475822943786678 -1.1563566761583932 1.2656701282868001
1647473805.2853687 12.475822906644245 -1.1563566727157426 1.2656704966305687
1647473805.3853686 12.475822869501814 -1.156356669273092 1.2656708649743373
1647473805.4853685 12.47582283235938 -1.1563566658304414 1.265671233318106
1647473805.5853686 12.47582279521695 -1.1563566623877908 1.2656716016618748
1647473805.6853685 12.475822758074516 -1.1563566589451402 1.2656719700056434
1647473805.7853687 12.475822720932085 -1.1563566555024893 1.265672338349412
1647473805.8853686 12.475822683789652 -1.1563566520598387 1.2656727066931805
1647473805.9853685 12.475809680402056 -1.1563542672007576 1.2656711046180307
1647473806.0853686 12.475790094767607 -1.1563506734280233 1.2656685022699747
1647473806.1853685 12.475770509133158 -1.1563470796552893 1.265665899921919
1647473806.2853687 12.475750923498708 -1.156343485882555 1.265663297573863
1647473806.3853686 12.475767149975992 -1.1563456000263477 1.2656648498896363
1647473806.4853685 12.47580163799768 -1.1563506247879758 1.2656685207785496
1647473806.5853686 12.47583612601937 -1.156355649549604 1.265672191667463
1647473806.6853685 12.475870614041058 -1.156360674311232 1.2656758625563762
1647473806.7853687 12.475777279800385 -1.156353491658426 1.2656664083093359
1647473806.8853686 12.475618676348974 -1.1563400755976792 1.2656502520430333
1647473806.9853685 12.475460072897564 -1.1563266595369321 1.265634095776731
1647473807.0853686 12.475301469446153 -1.1563132434761854 1.2656179395104283
1647473807.1853685 12.475329735196762 -1.1563163308611861 1.2656207011976082
1647473807.2853687 12.475453606554114 -1.156327861702503 1.265633141646197
1647473807.3853686 12.475577477911465 -1.15633939254382 1.2656455820947856
1647473807.4853685 12.475701349268816 -1.1563509233851366 1.2656580225433742
1647473807.5853686 12.475725051105313 -1.1563536279459778 1.2656606158925696
1647473807.6853685 12.475697703681698 -1.1563518343812018 1.2656581908775564
1647473807.7853687 12.475670356258085 -1.1563500408164258 1.2656557658625431
1647473807.8853686 12.475643008834473 -1.1563482472516498 1.26565334084753
1647473807.9853685 12.475645415402969 -1.1563470506507183 1.2656537551185514
1647473808.0853686 12.475662974048115 -1.1563461580507388 1.2656556152822611
1647473808.1853685 12.47568053269326 -1.1563452654507593 1.265657475445971
1647473808.2853687 12.475698091338408 -1.15634437285078 1.2656593356096808
1647473808.3853686 12.475709125850832 -1.1563430065219615 1.2656600079002251
1647473808.4853685 12.475716838639176 -1.156341398996871 1.265660075392084
1647473808.5853686 12.47572455142752 -1.1563397914717803 1.2656601428839425
1647473808.6853685 12.475732264215864 -1.1563381839466897 1.265660210375801
1647473808.7853687 12.475685737105573 -1.1563319096345652 1.2656554264140008
1647473808.8853686 12.475611593066217 -1.156323259168913 1.26564817227333
1647473808.9853685 12.47553744902686 -1.156314608703261 1.2656409181326589
1647473809.0853686 12.475463304987503 -1.1563059582376087 1.2656336639919878
1647473809.1853685 12.4754659668918 -1.1563062888667524 1.265634101686424
1647473809.2853687 12.475507949612282 -1.1563112173689354 1.2656384772171785
1647473809.3853686 12.475549932332765 -1.1563161458711184 1.2656428527479329
1647473809.4853685 12.475591915053245 -1.1563210743733017 1.2656472282786873
1647473809.5853686 12.47566342737166 -1.1563278923423783 1.2656543350304006
1647473809.6853685 12.475750157930818 -1.1563356840586128 1.2656628493318602
1647473809.7853687 12.475836888489978 -1.1563434757748472 1.26567136363332
1647473809.8853686 12.475923619049135 -1.1563512674910816 1.2656798779347793
1647473809.9853685 12.475931817116901 -1.1563523996193588 1.2656810060431898
1647473810.0853686 12.475899495547718 -1.1563500956655572 1.2656783231702413
1647473810.1853685 12.475867173978537 -1.156347791711756 1.2656756402972928
1647473810.2853687 12.475834852409355 -1.1563454877579544 1.2656729574243444
1647473810.3853686 12.475809058262932 -1.1563446686968424 1.2656702913740954
1647473810.4853685 12.475786628838852 -1.1563446150605838 1.2656676339955248
1647473810.5853686 12.475764199414773 -1.1563445614243253 1.2656649766169545
1647473810.6853685 12.475741769990693 -1.1563445077880667 1.2656623192383842
1647473810.7853687 12.475792800589192 -1.1563503196847875 1.2656672819923662
1647473810.8853686 12.47588191699157 -1.1563591726034257 1.265676195451286
1647473810.9853685 12.475971033393948 -1.1563680255220639 1.265685108910206
1647473811.0853686 12.476060149796327 -1.156376878440702 1.2656940223691258
1647473811.1853685 12.475950350399515 -1.1563663181933423 1.265683005252401
1647473811.2853687 12.475737329555509 -1.1563456840599615 1.2656616457552832
1647473811.3853686 12.475524308711504 -1.1563250499265805 1.2656402862581655
1647473811.4853685 12.475311287867498 -1.1563044157931996 1.2656189267610476
1647473811.5853686 12.47525271976137 -1.1562979346880193 1.2656137208495795
1647473811.6853685 12.475273777631505 -1.1562987499810966 1.2656168426961374
1647473811.7853687 12.47529483550164 -1.1562995652741739 1.2656199645426955
1647473811.8853686 12.475315893371775 -1.1563003805672514 1.2656230863892535
1647473811.9853685 12.475336951241909 -1.1563011958603286 1.2656262082358114
1647473812.0853686 12.475358009112044 -1.156302011153406 1.2656293300823693
1647473812.1853685 12.475379066982178 -1.1563028264464832 1.2656324519289275
1647473812.2853687 12.475400124852314 -1.1563036417395605 1.2656355737754854
1647473812.3853686 12.475400988172302 -1.1563005631015464 1.2656360675788358
1647473812.4853685 12.475391452652731 -1.1562954793500548 1.2656352081161086
1647473812.5853686 12.475381917133161 -1.1562903955985633 1.2656343486533816
1647473812.6853685 12.47537238161359 -1.1562853118470717 1.2656334891906544
1647473812.7853687 12.47540849342022 -1.1562874274345807 1.2656370668902908
1647473812.8853686 12.475468114886104 -1.15629325088454 1.2656429298535756
1647473812.9853685 12.475527736351989 -1.1562990743344992 1.2656487928168607
1647473813.0853686 12.475587357817874 -1.1563048977844586 1.2656546557801456
1647473813.1853685 12.475550419767753 -1.1563007429008922 1.2656512624690197
1647473813.2853687 12.475466501695658 -1.1562917331635767 1.2656433656144503
1647473813.3853686 12.475382583623562 -1.1562827234262611 1.2656354687598808
1647473813.4853685 12.475298665551467 -1.1562737136889456 1.2656275719053114
1647473813.5853686 12.475312764143164 -1.1562751259734392 1.2656293220298072
1647473813.6853685 12.47537707198426 -1.156281876961292 1.2656360138403295
1647473813.7853687 12.475441379825355 -1.1562886279491447 1.265642705650852
1647473813.8853686 12.475505687666452 -1.1562953789369972 1.2656493974613743
1647473813.9853685 12.475509282438635 -1.1562963391843932 1.265651196803398
1647473814.0853686 12.475481790908924 -1.1562943344572083 1.2656504911039954
1647473814.1853685 12.475454299379214 -1.1562923297300236 1.2656497854045927
1647473814.2853687 12.475426807849503 -1.156290325002839 1.26564907970519
1647473814.3853686 12.475505639644615 -1.1562973598186104 1.265658976096177
1647473814.4853685 12.475639262723226 -1.1563090529552316 1.2656743360309464
1647473814.5853686 12.475772885801838 -1.1563207460918528 1.2656896959657156
1647473814.6853685 12.475906508880449 -1.156332439228474 1.265705055900485
1647473814.7853687 12.475932353509986 -1.15633486018679 1.265708028408457
1647473814.8853686 12.47590263492051 -1.156332501042235 1.2657046148038613
1647473814.9853685 12.475872916331035 -1.15633014189768 1.2657012011992657
1647473815.0853686 12.475843197741558 -1.1563277827531249 1.26569778759467
1647473815.1853685 12.475839633236498 -1.1563278157696513 1.2656972937787205
1647473815.2853687 12.47584953816352 -1.156329080756324 1.2656983036626992
1647473815.3853686 12.47585944309054 -1.1563303457429968 1.2656993135466779
1647473815.4853685 12.47586934801756 -1.1563316107296695 1.2657003234306565
1647473815.5853686 12.475904213123588 -1.1563340622076315 1.265703726549553
1647473815.6853685 12.475951251481462 -1.1563370923455973 1.2657082968656628
1647473815.7853687 12.475998289839335 -1.1563401224835632 1.2657128671817728
1647473815.8853686 12.476045328197209 -1.156343152621529 1.2657174374978826
1647473815.9853685 12.476077577737621 -1.1563468265062526 1.2657208499360595
1647473816.0853686 12.476102157224577 -1.1563508342629751 1.2657236618539
1647473816.1853685 12.476126736711533 -1.1563548420196976 1.2657264737717406
1647473816.2853687 12.47615131619849 -1.1563588497764201 1.2657292856895812
1647473816.3853686 12.476145054886334 -1.1563577824193114 1.2657289758930863
1647473816.4853685 12.47612281370031 -1.156354085439066 1.265727048609277
1647473816.5853686 12.476100572514287 -1.1563503884588204 1.2657251213254677
1647473816.6853685 12.476078331328264 -1.156346691478575 1.2657231940416585
1647473816.7853687 12.476107476629071 -1.1563495830336679 1.2657262393564066
1647473816.8853686 12.476161861551855 -1.1563557106952074 1.2657317270741204
1647473816.9853685 12.476216246474639 -1.1563618383567469 1.2657372147918344
1647473817.0853686 12.476270631397423 -1.1563679660182866 1.2657427025095482
1647473817.1853685 12.476283606667192 -1.1563690981188575 1.2657444350755664
1647473817.2853687 12.47627619445712 -1.1563677707228825 1.2657443188436854
1647473817.3853686 12.476268782247045 -1.1563664433269076 1.2657442026118044
1647473817.4853685 12.476261370036973 -1.1563651159309327 1.2657440863799232
1647473817.5853686 12.47625563050236 -1.1563640712966925 1.2657433256761421
1647473817.6853685 12.476250761987341 -1.156363173906205 1.2657422293736942
1647473817.7853687 12.476245893472324 -1.1563622765157175 1.2657411330712462
1647473817.8853686 12.476241024957307 -1.15636137912523 1.2657400367687983
1647473817.9853685 12.476118199407049 -1.15635014598205 1.2657275246448316
1647473818.0853686 12.475937348278434 -1.156333828461948 1.2657093968350799
1647473818.1853685 12.475756497149819 -1.1563175109418462 1.2656912690253281
1647473818.2853687 12.475575646021204 -1.1563011934217442 1.2656731412155764
1647473818.3853686 12.475570679085692 -1.1563012770925847 1.2656728231036969
1647473818.4853685 12.475652339219522 -1.1563094387326842 1.2656812766836065
1647473818.5853686 12.47573399935335 -1.156317600372784 1.2656897302635162
1647473818.6853685 12.475815659487179 -1.1563257620128835 1.2656981838434258
1647473818.7853687 12.475804668015378 -1.1563238499637634 1.2656971075548815
1647473818.8853686 12.475748033426637 -1.1563169752961115 1.2656913365511477
1647473818.9853685 12.475691398837895 -1.15631010062846 1.265685565547414
1647473819.0853686 12.475634764249156 -1.1563032259608081 1.2656797945436802
1647473819.1853685 12.475613673754426 -1.1563014135460457 1.2656775217626703
1647473819.2853687 12.475611115152049 -1.1563022404762497 1.2656770728764244
1647473819.3853686 12.475608556549673 -1.1563030674064536 1.2656766239901784
1647473819.4853685 12.475605997947298 -1.1563038943366575 1.2656761751039325
1647473819.5853686 12.47560343934492 -1.1563047212668616 1.2656757262176865
1647473819.6853685 12.475600880742546 -1.1563055481970654 1.2656752773314406
1647473819.7853687 12.475598322140169 -1.1563063751272693 1.2656748284451946
1647473819.8853686 12.475595763537793 -1.1563072020574734 1.2656743795589487
1647473819.9853685 12.475629745119422 -1.1563094153192475 1.2656781234208108
1647473820.0853686 12.475681713233092 -1.1563123109885651 1.2656839311200683
1647473820.1853685 12.475733681346762 -1.156315206657883 1.2656897388193258
1647473820.2853687 12.475785649460432 -1.1563181023272007 1.2656955465185835
1647473820.3853686 12.475809948253684 -1.156320183675019 1.265697907236134
1647473820.4853685 12.475819830471467 -1.1563218407360398 1.265698471969137
1647473820.5853686 12.47582971268925 -1.156323497797061 1.2656990367021403
1647473820.6853685 12.475839594907034 -1.1563251548580817 1.2656996014351434
1647473820.7853687 12.475903346798642 -1.1563320670650754 1.2657056751555882
1647473820.8853686 12.475995215342639 -1.15634172213465 1.2657146242282287
1647473820.9853685 12.476087083886636 -1.1563513772042244 1.265723573300869
1647473821.0853686 12.476178952430631 -1.156361032273799 1.2657325223735092
1647473821.1853685 12.476115313473384 -1.1563527382591623 1.2657252713033456
1647473821.2853687 12.475975064610695 -1.1563356017280355 1.2657100393229468
1647473821.3853686 12.475834815748009 -1.1563184651969085 1.2656948073425478
1647473821.4853685 12.47569456688532 -1.1563013286657815 1.265679575362149
1647473821.5853686 12.475635369965524 -1.1562931895614532 1.265671614190358
1647473821.6853685 12.475618446649355 -1.1562897431719517 1.265667445195166
1647473821.7853687 12.475601523333186 -1.15628629678245 1.265663276199974
1647473821.8853686 12.475584600017017 -1.1562828503929485 1.2656591072047818
1647473821.9853685 12.47565239609297 -1.1562889474441316 1.2656640828499854
1647473822.0853686 12.47576429651075 -1.1563000127459078 1.2656738191330523
1647473822.1853685 12.475876196928528 -1.1563110780476837 1.265683555416119
1647473822.2853687 12.475988097346306 -1.15632214334946 1.2656932916991859
1647473822.3853686 12.475960677697051 -1.15631768555392 1.265690044799886
1647473822.4853685 12.475864682571366 -1.1563055870515049 1.2656804073788523
1647473822.5853686 12.475768687445683 -1.1562934885490896 1.2656707699578187
1647473822.6853685 12.47567269232 -1.1562813900466744 1.265661132536785
1647473822.7853687 12.475628338016444 -1.156276409114819 1.2656564713777585
1647473822.8853686 12.475610942460841 -1.1562751438633665 1.2656544080432377
1647473822.9853685 12.47559354690524 -1.156273878611914 1.2656523447087167
1647473823.0853686 12.475576151349635 -1.1562726133604617 1.2656502813741959
1647473823.1853685 12.475615253223184 -1.1562755601480141 1.2656529246320254
1647473823.2853687 12.475682175638156 -1.1562805810335812 1.2656578855165053
1647473823.3853686 12.475749098053129 -1.1562856019191483 1.2656628464009851
1647473823.4853685 12.475816020468102 -1.1562906228047156 1.265667807285465
1647473823.5853686 12.475821235534939 -1.1562896581349724 1.2656675305637466
1647473823.6853685 12.475794047904234 -1.1562855504337402 1.2656645035606662
1647473823.7853687 12.47576686027353 -1.1562814427325077 1.265661476557586
1647473823.8853686 12.475739672642828 -1.1562773350312752 1.2656584495545056
1647473823.9853685 12.475750647514463 -1.156278229700906 1.2656595819717227
1647473824.0853686 12.475780207610967 -1.1562815605364498 1.265662740036023
1647473824.1853685 12.475809767707469 -1.1562848913719936 1.2656658981003233
1647473824.2853687 12.475839327803973 -1.1562882222075375 1.2656690561646236
1647473824.3853686 12.475826425773754 -1.1562869331804215 1.265668221084132
1647473824.4853685 12.475791670209793 -1.1562832664974434 1.2656653308940362
1647473824.5853686 12.475756914645832 -1.1562795998144655 1.2656624407039405
1647473824.6853685 12.475722159081872 -1.1562759331314874 1.2656595505138448
1647473824.7853687 12.475687403517911 -1.1562722664485094 1.2656566603237491
1647473824.8853686 12.47565264795395 -1.1562685997655313 1.2656537701336534
1647473824.9853685 12.475617892389991 -1.1562649330825534 1.2656508799435577
1647473825.0853686 12.47558313682603 -1.1562612663995753 1.2656479897534618
1647473825.1853685 12.475641768213093 -1.1562648625890466 1.2656545752928463
1647473825.2853687 12.475745635100603 -1.156271976825379 1.2656657507600575
1647473825.3853686 12.475849501988113 -1.1562790910617118 1.2656769262272687
1647473825.4853685 12.475953368875624 -1.1562862052980443 1.2656881016944797
1647473825.5853686 12.475986771749232 -1.1562896263646825 1.2656920124703122
1647473825.6853685 12.47598408773001 -1.156291156040076 1.2656922027635222
1647473825.7853687 12.475981403710788 -1.1562926857154694 1.2656923930567323
1647473825.8853686 12.475978719691566 -1.1562942153908629 1.2656925833499424
1647473825.9853685 12.475927119162538 -1.1562884713778632 1.265688955958816
1647473826.0853686 12.475850349283593 -1.156278984783697 1.2656833642281797
1647473826.1853685 12.47577357940465 -1.156269498189531 1.2656777724975432
1647473826.2853687 12.475696809525708 -1.156260011595365 1.2656721807669067
1647473826.3853686 12.475770145361677 -1.1562665552058269 1.2656814711870892
1647473826.4853685 12.475920935030459 -1.1562813703254047 1.2656984407260992
1647473826.5853686 12.47607172469924 -1.1562961854449825 1.265715410265109
1647473826.6853685 12.476222514368022 -1.1563110005645603 1.2657323798041187
1647473826.7853687 12.476247963672785 -1.1563129627958182 1.2657358484661245
1647473826.8853686 12.476208375729938 -1.1563082558548048 1.2657323117241843
1647473826.9853685 12.47616878778709 -1.1563035489137916 1.2657287749822443
1647473827.0853686 12.476129199844243 -1.1562988419727782 1.2657252382403044
1647473827.1853685 12.476151411092617 -1.1563011656620361 1.2657292375073577
1647473827.2853687 12.47620559034465 -1.156307126214654 1.265737135064313
1647473827.3853686 12.476259769596682 -1.1563130867672717 1.2657450326212683
1647473827.4853685 12.476313948848714 -1.1563190473198897 1.2657529301782233
1647473843.2000973 12.476199451778824 -1.1564086011866797 1.2657973421157434
1647473843.3000972 12.47624861615964 -1.1564156213404788 1.2658022630425432
1647473843.4000974 12.476297780540458 -1.156422641494278 1.265807183969343
1647473843.5000973 12.476346944921275 -1.156429661648077 1.2658121048961428
1647473843.6000974 12.476302902062132 -1.156425908775963 1.2658079312483312
1647473843.7000973 12.476235806610072 -1.1564194914522352 1.2658015082738967
1647473843.8000972 12.47616871115801 -1.1564130741285077 1.2657950852994622
1647473843.9000974 12.47610161570595 -1.1564066568047802 1.2657886623250278
1647473844.0000973 12.476175457771609 -1.1564172844866096 1.2657960748793387
1647473844.1000974 12.476281534740123 -1.1564318106626597 1.265806651863762
1647473844.2000973 12.476387611708638 -1.15644633683871 1.2658172288481855
1647473844.3000972 12.476493688677152 -1.15646086301476 1.265827805832609
1647473844.4000974 12.476459229389036 -1.1564570177017657 1.2658243318727693
1647473844.5000973 12.476392518448433 -1.1564489563174563 1.2658176333630353
1647473844.6000974 12.47632580750783 -1.1564408949331468 1.2658109348533015
1647473844.7000973 12.476259096567228 -1.1564328335488374 1.2658042363435675
1647473844.8000972 12.476208275141262 -1.1564294208152597 1.2657986173233375
1647473844.9000974 12.476161095469466 -1.1564270735165665 1.2657932457137735
1647473845.0000973 12.47611391579767 -1.156424726217873 1.2657878741042097
1647473845.1000974 12.476066736125874 -1.1564223789191796 1.2657825024946459
1647473845.2000973 12.475939073244875 -1.1564107633875644 1.2657699023607552
1647473845.3000972 12.475792923220908 -1.1563970189255943 1.2657556418213711
1647473845.4000974 12.475646773196939 -1.1563832744636244 1.2657413812819869
1647473845.5000973 12.47550062317297 -1.1563695300016545 1.2657271207426029
1647473845.6000974 12.475400886615715 -1.1563596458385061 1.2657166457879674
1647473845.7000973 12.475311840683615 -1.1563506508355654 1.2657070427843071
1647473845.8000972 12.475222794751515 -1.1563416558326245 1.2656974397806466
1647473845.9000974 12.475133748819417 -1.1563326608296838 1.2656878367769862
1647473846.0000973 12.475181565741364 -1.1563368741796871 1.2656924716223652
1647473846.1000974 12.475260831566601 -1.1563441225987547 1.2657003780986087
1647473846.2000973 12.47534009739184 -1.1563513710178224 1.2657082845748522
1647473846.3000972 12.475419363217076 -1.15635861943689 1.265716191051096
1647473846.4000974 12.475512714241358 -1.1563673340257428 1.2657256111898751
1647473846.5000973 12.475609314546617 -1.1563763868418069 1.2657353805118552
1647473846.6000974 12.475705914851876 -1.156385439657871 1.265745149833835
1647473846.7000973 12.475802515157135 -1.156394492473935 1.265754919155815
1647473846.8000972 12.475788616749162 -1.1563920173182887 1.265751872377937
1647473846.9000974 12.475749324389565 -1.1563868928941812 1.2657458803040431
1647473847.0000973 12.475710032029967 -1.1563817684700735 1.2657398882301492
1647473847.1000974 12.47567073967037 -1.1563766440459657 1.2657338961562554
1647473847.2000973 12.475621027216304 -1.156372000252729 1.265728956619787
1647473847.3000972 12.475568919856997 -1.1563674669254187 1.2657242589935436
1647473847.4000974 12.47551681249769 -1.1563629335981083 1.2657195613673
1647473847.5000973 12.475464705138382 -1.156358400270798 1.2657148637410567
1647473847.6000974 12.475400890791418 -1.1563507362830112 1.2657087140062946
1647473847.7000973 12.475334399919596 -1.156342356544014 1.2657022322813862
1647473847.8000972 12.475267909047773 -1.1563339768050167 1.2656957505564779
1647473847.9000974 12.475201418175951 -1.1563255970660193 1.2656892688315695
1647473848.0000973 12.475307365876317 -1.1563365222738327 1.2656984355676641
1647473848.1000974 12.475455994396926 -1.15635222571052 1.265711475504184
1647473848.2000973 12.475604622917535 -1.1563679291472075 1.2657245154407042
1647473848.3000972 12.475753251438146 -1.156383632583895 1.2657375553772243
1647473848.4000974 12.475761581266493 -1.1563830841485707 1.2657328854736813
1647473848.5000973 12.47573516688832 -1.1563785110257143 1.2657238298247644
1647473848.6000974 12.475708752510148 -1.156373937902858 1.2657147741758472
1647473848.7000973 12.475682338131975 -1.1563693647800015 1.2657057185269303
1647473848.8000972 12.475651861142373 -1.1563631234753178 1.2656979630149852
1647473848.9000974 12.475620378198853 -1.156356469107738 1.2656905294333802
1647473849.0000973 12.475588895255331 -1.156349814740158 1.2656830958517753
1647473849.1000974 12.475557412311812 -1.156343160372578 1.2656756622701704
1647473849.2000973 12.475525929368292 -1.1563365060049982 1.2656682286885654
1647473849.3000972 12.47549444642477 -1.1563298516374183 1.2656607951069605
1647473849.4000974 12.47546296348125 -1.1563231972698382 1.2656533615253556
1647473849.5000973 12.47543148053773 -1.1563165429022584 1.2656459279437506
1647473849.6000974 12.475427629160857 -1.156316775751684 1.2656435483241526
1647473849.7000973 12.475430108914408 -1.1563185866465995 1.2656423267023273
1647473849.8000972 12.47543258866796 -1.156320397541515 1.2656411050805019
1647473849.9000974 12.475435068421511 -1.1563222084364306 1.2656398834586766
1647473850.0000973 12.475534199633714 -1.156330369834572 1.2656481418181853
1647473850.1000974 12.475655522388635 -1.1563399893324209 1.2656585768174846
1647473850.2000973 12.475776845143557 -1.15634960883027 1.265669011816784
1647473850.3000972 12.47589816789848 -1.1563592283281192 1.2656794468160832
1647473850.4000974 12.475916237966382 -1.1563615297132355 1.2656812727617852
1647473850.5000973 12.475908653326602 -1.1563620128014303 1.2656809596565834
1647473850.6000974 12.475901068686822 -1.156362495889625 1.2656806465513815
1647473850.7000973 12.47589348404704 -1.1563629789778198 1.2656803334461797
1647473850.8000972 12.475963408430335 -1.156370329233954 1.2656872979061953
1647473850.9000974 12.476052525026995 -1.1563793798876303 1.265696064383304
1647473851.0000973 12.476141641623656 -1.1563884305413064 1.2657048308604126
1647473851.1000974 12.476230758220316 -1.1563974811949826 1.265713597337521
1647473851.2000973 12.476210936372457 -1.1563927420923352 1.2657111376573142
1647473851.3000972 12.476164132550268 -1.1563845875301335 1.265705897472118
1647473851.4000974 12.476117328728078 -1.1563764329679318 1.2657006572869216
1647473851.5000973 12.47607052490589 -1.1563682784057303 1.2656954171017252
1647473851.6000974 12.476041383405365 -1.1563679614552949 1.2656921923860789
1647473851.7000973 12.476016289832732 -1.1563694407628984 1.2656894295845322
1647473851.8000972 12.475991196260098 -1.156370920070502 1.2656866667829854
1647473851.9000974 12.475966102687467 -1.1563723993781052 1.2656839039814385
1647473852.0000973 12.475977572528626 -1.1563736480401288 1.2656853482565853
1647473852.1000974 12.475997405727231 -1.1563748439452781 1.2656877548402947
1647473852.2000973 12.476017238925834 -1.1563760398504273 1.2656901614240044
1647473852.3000972 12.476037072124438 -1.1563772357555764 1.2656925680077138
1647473852.4000974 12.4760247855541 -1.1563746102512984 1.2656911774376127
1647473852.5000973 12.47600515535289 -1.1563711110477013 1.265688918713821
1647473852.6000974 12.475985525151678 -1.1563676118441042 1.265686659990029
1647473852.7000973 12.475965894950466 -1.1563641126405073 1.2656844012662372
1647473852.8000972 12.475844992764749 -1.1563566905812668 1.265672667943693
1647473852.9000974 12.475700809007682 -1.1563483666907453 1.2656587564911561
1647473853.0000973 12.475556625250615 -1.1563400428002235 1.2656448450386193
1647473853.1000974 12.475412441493548 -1.1563317189097018 1.2656309335860825
1647473853.2000973 12.475455677824401 -1.1563390794016306 1.2656365783561
1647473853.3000972 12.475541970979831 -1.1563500431343394 1.2656467158614126
1647473853.4000974 12.475628264135262 -1.1563610068670482 1.265656853366725
1647473853.5000973 12.475714557290694 -1.156371970599757 1.2656669908720375
1647473853.6000974 12.475640108100238 -1.156364736979744 1.2656584593997706
1647473853.7000973 12.475528905516551 -1.1563533425739922 1.2656456593057512
1647473853.8000972 12.475417702932862 -1.1563419481682404 1.2656328592117316
1647473853.9000974 12.475306500349173 -1.1563305537624886 1.265620059117712
1647473854.0000973 12.475354233835949 -1.156334936750562 1.2656256425184573
1647473854.1000974 12.475438303939638 -1.156342926831183 1.2656354288292462
1647473854.2000973 12.475522374043328 -1.156350916911804 1.265645215140035
1647473854.3000972 12.475606444147015 -1.156358906992425 1.2656550014508239
1647473854.4000974 12.475609786870722 -1.1563613391188832 1.2656558734479777
1647473854.5000973 12.475594702007921 -1.1563625025347604 1.2656547105805578
1647473854.6000974 12.47557961714512 -1.1563636659506376 1.2656535477131376
1647473854.7000973 12.475564532282318 -1.1563648293665147 1.2656523848457177
1647473854.8000972 12.475537832101667 -1.1563619105995682 1.2656493377569413
1647473854.9000974 12.475508263404128 -1.156357983697458 1.2656458253411853
1647473855.0000973 12.475478694706592 -1.1563540567953479 1.265642312925429
1647473855.1000974 12.475449126009053 -1.156350129893238 1.2656388005096728
1647473855.2000973 12.475485004847446 -1.1563546102737878 1.2656416028829063
1647473855.3000972 12.475536949759453 -1.1563611544756902 1.2656459554117465
1647473855.4000974 12.47558889467146 -1.1563676986775924 1.2656503079405867
1647473855.5000973 12.475640839583468 -1.1563742428794948 1.265654660469427
1647473855.6000974 12.475700937802067 -1.156379321181533 1.265659900458842
1647473855.7000973 12.475763038020633 -1.156384039539854 1.2656653583593613
1647473855.8000972 12.4758251382392 -1.1563887578981749 1.2656708162598806
1647473855.9000974 12.475887238457767 -1.1563934762564958 1.2656762741604
1647473856.0000973 12.475809903833454 -1.1563863418189124 1.2656687270757068
1647473856.1000974 12.475698382580868 -1.1563763013133823 1.265657991429346
1647473856.2000973 12.475586861328283 -1.1563662608078522 1.2656472557829852
1647473856.3000972 12.475475340075697 -1.156356220302322 1.2656365201366244
1647473856.4000974 12.475474904283185 -1.1563586575669373 1.2656371740740218
1647473856.5000973 12.475501803618249 -1.1563641652733416 1.2656406306799668
1647473856.6000974 12.475528702953312 -1.156369672979746 1.265644087285912
1647473856.7000973 12.475555602288377 -1.15637518068615 1.265647543891857
1647473856.8000972 12.475561012972689 -1.1563748482832628 1.2656484619746342
1647473856.9000974 12.475561146743203 -1.156373081739458 1.2656487566786758
1647473857.0000973 12.475561280513718 -1.1563713151956532 1.2656490513827172
1647473857.1000974 12.475561414284233 -1.1563695486518484 1.2656493460867588
1647473857.2000973 12.475563349826198 -1.156369377731551 1.2656503950015936
1647473857.3000972 12.475565727201001 -1.1563695980922148 1.2656516288650226
1647473857.4000974 12.475568104575807 -1.1563698184528788 1.2656528627284513
1647473857.5000973 12.47557048195061 -1.1563700388135427 1.2656540965918803
1647473857.6000974 12.475505335273716 -1.156364634878927 1.265647239457797
1647473857.7000973 12.47542358545028 -1.156357848014875 1.2656383928693784
1647473857.8000972 12.475341835626843 -1.1563510611508232 1.2656295462809601
1647473857.9000974 12.475260085803406 -1.1563442742867713 1.2656206996925417
1647473858.0000973 12.475287870586811 -1.1563466078396105 1.2656233335937062
1647473858.1000974 12.47534257830778 -1.156351183135234 1.2656287893291123
1647473858.2000973 12.475397286028748 -1.1563557584308575 1.2656342450645184
1647473858.3000972 12.475451993749717 -1.156360333726481 1.2656397007999247
1647473858.4000974 12.475429878281364 -1.156358836225655 1.2656364292161302
1647473858.5000973 12.475390300982278 -1.1563559583845355 1.2656311739217923
1647473858.6000974 12.47535072368319 -1.1563530805434161 1.2656259186274543
1647473858.7000973 12.475311146384104 -1.1563502027022967 1.2656206633331164
1647473858.8000972 12.47530180449774 -1.156349242210036 1.2656197656996404
1647473858.9000974 12.475299327858988 -1.1563487170706777 1.2656198575158906
1647473859.0000973 12.475296851220238 -1.1563481919313192 1.2656199493321407
1647473859.1000974 12.475294374581486 -1.1563476667919608 1.2656200411483909
1647473859.2000973 12.475333678845297 -1.1563519281602972 1.2656244692427454
1647473859.3000972 12.475383239493048 -1.1563573645214567 1.2656299618074769
1647473859.4000974 12.4754328001408 -1.1563628008826161 1.2656354543722086
1647473859.5000973 12.47548236078855 -1.1563682372437756 1.26564094693694
1647473859.6000974 12.475537878789137 -1.1563732983726582 1.2656461875889236
1647473859.7000973 12.475594749845921 -1.1563782742773865 1.265651371025544
1647473859.8000972 12.475651620902706 -1.1563832501821145 1.265656554462164
1647473859.9000974 12.475708491959491 -1.1563882260868428 1.2656617378987844
1647473860.0000973 12.475675954777772 -1.1563856274897495 1.2656585167910788
1647473860.1000974 12.475621386651417 -1.1563811624714733 1.2656532247327106
1647473860.2000973 12.475566818525063 -1.1563766974531968 1.2656479326743424
1647473860.3000972 12.475512250398708 -1.1563722324349206 1.2656426406159742
1647473860.4000974 12.475501442294787 -1.1563708704650952 1.2656423067750933
1647473860.5000973 12.475501407533331 -1.1563702724392029 1.2656431936048615
1647473860.6000974 12.475501372771875 -1.1563696744133107 1.2656440804346298
1647473860.7000973 12.47550133801042 -1.1563690763874184 1.265644967264398
1647473860.8000972 12.475451620264904 -1.156359380749504 1.2656387429969966
1647473860.9000974 12.475390620617794 -1.156347619246072 1.265630903957455
1647473861.0000973 12.475329620970683 -1.1563358577426401 1.2656230649179132
1647473861.1000974 12.475268621323574 -1.156324096239208 1.2656152258783715
1647473861.2000973 12.475234928867 -1.1563172279643785 1.2656114535730205
1647473861.3000972 12.47520797365108 -1.1563115669488098 1.265608684613908
1647473861.4000974 12.47518101843516 -1.156305905933241 1.2656059156547956
1647473861.5000973 12.47515406321924 -1.1563002449176722 1.2656031466956832
1647473861.6000974 12.475102128511269 -1.1562950839635626 1.2655966510676404
1647473861.7000973 12.475044044325418 -1.1562900461151142 1.265589238004283
1647473861.8000972 12.474985960139566 -1.156285008266666 1.2655818249409254
1647473861.9000974 12.474927875953716 -1.1562799704182176 1.2655744118775678
1647473862.0000973 12.474869791767864 -1.1562749325697692 1.2655669988142104
1647473862.1000974 12.474811707582013 -1.1562698947213208 1.2655595857508528
1647473862.2000973 12.474753623396161 -1.1562648568728724 1.2655521726874952
1647473862.3000972 12.47469553921031 -1.156259819024424 1.2655447596241376
1647473862.4000974 12.474696262079734 -1.1562617040050265 1.2655406780271816
1647473862.5000973 12.47471144402125 -1.1562652911229636 1.2655374155481471
1647473862.6000974 12.474726625962766 -1.1562688782409007 1.2655341530691124
1647473862.7000973 12.474741807904282 -1.1562724653588379 1.2655308905900777
1647473862.8000972 12.474811314930346 -1.1562777113243627 1.2655346689136118
1647473862.9000974 12.474893274020886 -1.156283337520812 1.265540061086959
1647473863.0000973 12.474975233111426 -1.1562889637172613 1.2655454532603063
1647473863.1000974 12.475057192201966 -1.1562945899137105 1.2655508454336535
1647473863.2000973 12.475009984877106 -1.1562899817412473 1.265544750797224
1647473863.3000972 12.47493080035541 -1.156282839888274 1.2655358124186644
1647473863.4000974 12.474851615833712 -1.156275698035301 1.2655268740401049
1647473863.5000973 12.474772431312017 -1.156268556182328 1.2655179356615454
1647473863.6000974 12.474786937145693 -1.1562668410068564 1.265518645561605
1647473863.7000973 12.47482462513872 -1.1562664685747448 1.2655217427717727
1647473863.8000972 12.474862313131748 -1.1562660961426332 1.2655248399819403
1647473863.9000974 12.474900001124775 -1.1562657237105216 1.265527937192108
1647473864.0000973 12.474899243900461 -1.1562641318274531 1.2655258241797671
1647473864.1000974 12.474889688731064 -1.1562622608807378 1.265522518840924
1647473864.2000973 12.474880133561665 -1.1562603899340225 1.2655192135020812
1647473864.3000972 12.474870578392268 -1.1562585189873071 1.2655159081632383
1647473864.4000974 12.474966432543996 -1.1562657814850559 1.2655225071796783
1647473864.5000973 12.475088301996761 -1.15627529814121 1.2655315506173663
1647473864.6000974 12.475210171449527 -1.1562848147973646 1.2655405940550541
1647473864.7000973 12.475332040902293 -1.1562943314535188 1.2655496374927422
1647473864.8000972 12.475209322172189 -1.156283557710928 1.2655323343969729
1647473864.9000974 12.475026447324737 -1.1562677935734882 1.2655085514085949
1647473865.0000973 12.474843572477287 -1.156252029436048 1.265484768420217
1647473865.1000974 12.474660697629835 -1.1562362652986082 1.265460985431839
1647473865.2000973 12.474722440630305 -1.1562421028589955 1.2654627281468942
1647473865.3000972 12.474844253276213 -1.1562532450459273 1.2654707390879507
1647473865.4000974 12.474966065922123 -1.156264387232859 1.2654787500290074
1647473865.5000973 12.475087878568031 -1.1562755294197908 1.265486760970064
1647473865.6000974 12.47515984498085 -1.1562791157560488 1.2654935040977566
1647473865.7000973 12.475219585563375 -1.1562808488620353 1.2654999362677282
1647473865.8000972 12.475279326145898 -1.1562825819680218 1.2655063684377
1647473865.9000974 12.475339066728424 -1.1562843150740083 1.2655128006076715
1647473866.0000973 12.475320920012932 -1.1562833876321617 1.265511161423346
1647473866.1000974 12.475283590152074 -1.1562818049143315 1.2655075343158715
1647473866.2000973 12.475246260291218 -1.1562802221965012 1.2655039072083967
1647473866.3000972 12.475208930430362 -1.1562786394786708 1.265500280100922
1647473866.4000974 12.475137904625939 -1.1562716343873825 1.2654927689214954
1647473866.5000973 12.475058535955414 -1.1562632867565794 1.265484296074616
1647473866.6000974 12.47497916728489 -1.1562549391257766 1.2654758232277366
1647473866.7000973 12.474899798614365 -1.1562465914949736 1.2654673503808571
1647473866.8000972 12.474963516791297 -1.1562515109382816 1.2654733395072413
1647473866.9000974 12.475059951572572 -1.1562594638792323 1.2654826353432616
1647473867.0000973 12.475156386353845 -1.1562674168201832 1.2654919311792818
1647473867.1000974 12.47525282113512 -1.1562753697611339 1.2655012270153023
1647473867.2000973 12.475339426748404 -1.1562830825732708 1.265510324538381
1647473867.3000972 12.475423599833944 -1.1562907359582009 1.265519372982867
1647473867.4000974 12.475507772919483 -1.1562983893431307 1.265528421427353
1647473867.5000973 12.475591946005023 -1.1563060427280607 1.2655374698718391
1647473867.6000974 12.475578715826632 -1.156304985742572 1.2655365445676467
1647473867.7000973 12.475541392739418 -1.1563017742280477 1.265533152235063
1647473867.8000972 12.475504069652203 -1.1562985627135234 1.2655297599024793
1647473867.9000974 12.475466746564988 -1.156295351198999 1.2655263675698956
1647473868.0000973 12.475485898735611 -1.1562974531038817 1.2655281898547348
1647473868.1000974 12.475517994640343 -1.15630077280733 1.2655312072934164
1647473868.2000973 12.475550090545076 -1.1563040925107784 1.265534224732098
1647473868.3000972 12.475582186449808 -1.1563074122142267 1.2655372421707796
1647473868.4000974 12.475593484135164 -1.1563088649791018 1.2655383848545532
1647473868.5000973 12.47559964167099 -1.1563098563418128 1.2655390642044044
1647473868.6000974 12.475605799206813 -1.1563108477045239 1.2655397435542557
1647473868.7000973 12.475611956742638 -1.156311839067235 1.265540422904107
1647473868.8000972 12.475618114278461 -1.156312830429946 1.265541102253958
1647473868.9000974 12.475624271814286 -1.156313821792657 1.2655417816038093
1647473869.0000973 12.47563042935011 -1.156314813155368 1.2655424609536605
1647473869.1000974 12.475636586885935 -1.156315804518079 1.2655431403035118
1647473869.2000973 12.47567601634331 -1.156319738414685 1.2655471589713132
1647473869.3000972 12.475723047798711 -1.1563243446240343 1.2655519406094295
1647473869.4000974 12.47577007925411 -1.1563289508333836 1.2655567222475457
1647473869.5000973 12.475817110709508 -1.1563335570427329 1.2655615038856618
1647473869.6000974 12.475864142164909 -1.1563381632520824 1.2655662855237781
1647473869.7000973 12.475911173620307 -1.1563427694614317 1.2655710671618943
1647473869.8000972 12.475958205075708 -1.156347375670781 1.2655758488000104
1647473869.9000974 12.476005236531106 -1.1563519818801302 1.2655806304381267
1647473870.0000973 12.475969685833183 -1.156348089699324 1.2655775369715963
1647473870.1000974 12.475915206693339 -1.156342249624475 1.2655726384726835
1647473870.2000973 12.475860727553494 -1.1563364095496262 1.265567739973771
1647473870.3000972 12.47580624841365 -1.1563305694747774 1.2655628414748583
1647473870.4000974 12.475774077258315 -1.1563268390731178 1.2655594037927633
1647473870.5000973 12.475747018326285 -1.156323592136042 1.2655563008796733
1647473870.6000974 12.475719959394256 -1.1563203451989659 1.2655531979665835
1647473870.7000973 12.475692900462226 -1.15631709826189 1.2655500950534935
1647473870.8000972 12.475743422103958 -1.1563187436827447 1.2655545355412354
1647473870.9000974 12.475813161450056 -1.1563216010034836 1.2655608446262312
1647473871.0000973 12.475882900796151 -1.1563244583242223 1.2655671537112272
1647473871.1000974 12.475952640142246 -1.1563273156449612 1.265573462796223
1647473871.2000973 12.475996394325827 -1.1563297026786943 1.265577506830496
1647473871.3000972 12.47603368013963 -1.1563319726459957 1.265580987035867
1647473871.4000974 12.476070965953431 -1.1563342426132972 1.2655844672412382
1647473871.5000973 12.476108251767233 -1.1563365125805987 1.2655879474466092
1647473871.6000974 12.476187125729146 -1.1563426370573933 1.2655960112162246
1647473871.7000973 12.476276373920332 -1.1563497230476725 1.2656052183631843
1647473871.8000972 12.476365622111517 -1.1563568090379517 1.2656144255101438
1647473871.9000974 12.476454870302703 -1.156363895028231 1.2656236326571035
1647473872.0000973 12.476180570187669 -1.156337243397211 1.265596174862467
1647473872.1000974 12.475815415334864 -1.1563021603619357 1.2655595540938946
1647473872.2000973 12.475450260482058 -1.1562670773266603 1.2655229333253226
1647473872.3000972 12.475085105629253 -1.156231994291385 1.2654863125567504
1647473872.4000974 12.475071002639117 -1.1562310972588907 1.26548445247624
1647473872.5000973 12.47513785127665 -1.1562380834278914 1.265490608118125
1647473872.6000974 12.47520469991418 -1.156245069596892 1.2654967637600099
1647473872.7000973 12.475271548551712 -1.1562520557658926 1.2655029194018947
1647473872.8000972 12.475288159252226 -1.1562535034607722 1.2655046059517292
1647473872.9000974 12.475293123412287 -1.156253667184479 1.265505256442672
1647473873.0000973 12.475298087572348 -1.1562538309081858 1.265505906933615
1647473873.1000974 12.475303051732409 -1.1562539946318926 1.2655065574245579
1647473873.2000973 12.475268833883394 -1.1562511274738627 1.2655030710410249
1647473873.3000972 12.475225455981285 -1.1562475517498791 1.2654986175302128
1647473873.4000974 12.475182078079175 -1.1562439760258956 1.2654941640194004
1647473873.5000973 12.475138700177068 -1.156240400301912 1.2654897105085883
1647473873.6000974 12.475095322274958 -1.1562368245779284 1.265485256997776
1647473873.7000973 12.475051944372849 -1.1562332488539449 1.2654808034869636
1647473873.8000972 12.47500856647074 -1.1562296731299613 1.2654763499761514
1647473873.9000974 12.47496518856863 -1.1562260974059777 1.265471896465339
1647473874.0000973 12.475067371419929 -1.156235412073897 1.265482470458835
1647473874.1000974 12.47520358313862 -1.1562477402288067 1.26549655754868
1647473874.2000973 12.475339794857312 -1.1562600683837165 1.2655106446385251
1647473877.7203135 12.475381126595295 -1.1562504549087336 1.2655961910425328
1647473877.8203135 12.47542786293634 -1.1562558964009186 1.2656023379357173
1647473877.9203136 12.475474599277389 -1.1562613378931037 1.2656084848289018
1647473878.0203135 12.475452194516853 -1.1562606489582474 1.2656062225548603
1647473878.1203136 12.475429705715097 -1.1562599525718382 1.2656039500594503
1647473878.2203135 12.475407216913341 -1.1562592561854292 1.2656016775640404
1647473878.3203135 12.475386557399693 -1.1562586821021594 1.2655995871060566
1647473878.4203136 12.475523039889717 -1.1562686142700833 1.2656131342755133
1647473878.5203135 12.475659522379742 -1.1562785464380072 1.26562668144497
1647473878.6203136 12.475796004869768 -1.156288478605931 1.2656402286144266
1647473878.7203135 12.475932179835127 -1.1562984436014967 1.2656537478527774
1647473878.8203135 12.476040911638018 -1.1563113380996592 1.2656647745500125
1647473878.9203136 12.476149643440909 -1.156324232597822 1.2656758012472478
1647473879.0203135 12.4762583752438 -1.1563371270959846 1.2656868279444828
1647473879.1203136 12.476364632542774 -1.1563497410594745 1.2656975935516572
1647473879.2203135 12.47625837508192 -1.1563382622106093 1.2656859362840331
1647473879.3203135 12.47615211762107 -1.156326783361744 1.265674279016409
1647473879.4203136 12.476045860160218 -1.156315304512879 1.265662621748785
1647473879.5203135 12.475941610320955 -1.1563040519017895 1.2656511868087286
1647473879.6203136 12.476013182207856 -1.1563126125446048 1.2656592226777827
1647473879.7203135 12.476084754094758 -1.1563211731874201 1.265667258546837
1647473879.8203135 12.476156325981659 -1.1563297338302352 1.2656752944158909
1647473879.9203136 12.476226313919176 -1.1563380953632938 1.2656831598861153
1647473880.0203135 12.47615721575327 -1.1563289731304862 1.2656760626880321
1647473880.1203136 12.476088117587365 -1.1563198508976786 1.2656689654899491
1647473880.2203135 12.476019019421459 -1.156310728664871 1.2656618682918659
1647473880.3203135 12.475951351710906 -1.156301795160212 1.2656549192915474
1647473880.4203136 12.476005644558134 -1.1563089526088155 1.2656606056258413
1647473880.5203135 12.47605993740536 -1.156316110057419 1.2656662919601351
1647473880.6203136 12.476114230252588 -1.1563232675060229 1.265671978294429
1647473880.7203135 12.476166977267003 -1.1563302381438898 1.2656775096580768
1647473880.8203135 12.47610019275169 -1.1563227636406301 1.2656710579157653
1647473880.9203136 12.476033408236379 -1.1563152891373705 1.2656646061734538
1647473881.0203135 12.47596662372107 -1.1563078146341108 1.2656581544311423
1647473881.1203136 12.475900525518606 -1.156300418078308 1.2656517700663727
1647473881.2203135 12.475888140518263 -1.15629912195835 1.2656506588995908
1647473881.3203135 12.47587575551792 -1.156297825838392 1.265649547732809
1647473881.4203136 12.475863370517578 -1.156296529718434 1.265648436566027
1647473881.5203135 12.475851236758322 -1.1562952675775968 1.2656473510318225
1647473881.6203136 12.475858588450665 -1.156296640748232 1.265648253477996
1647473881.7203135 12.47586594014301 -1.1562980139188672 1.2656491559241694
1647473881.8203135 12.475873291835354 -1.1562993870895024 1.265650058370343
1647473881.9203136 12.475881054461157 -1.1563007970848098 1.2656510057345765
1647473882.0203135 12.475920587710824 -1.1563050541172435 1.2656554258625028
1647473882.1203136 12.47596012096049 -1.1563093111496772 1.2656598459904294
1647473882.2203135 12.475999654210158 -1.156313568182111 1.265664266118356
1647473882.3203135 12.476037745757242 -1.1563176745000066 1.2656685348025865
1647473882.4203136 12.475964765257768 -1.1563101694270508 1.2656611359199887
1647473882.5203135 12.475891784758291 -1.1563026643540952 1.2656537370373913
1647473882.6203136 12.475818804258816 -1.1562951592811395 1.2656463381547935
1647473882.7203135 12.47574582375934 -1.156287654208184 1.2656389392721958
1647473882.8203135 12.475672843259865 -1.1562801491352281 1.2656315403895981
1647473882.9203136 12.47559986276039 -1.1562726440622724 1.2656241415070004
1647473883.0203135 12.475526882260914 -1.1562651389893168 1.2656167426244027
1647473883.1203136 12.47545481768183 -1.1562577390203823 1.2656094328981908
1647473883.2203135 12.475464656321346 -1.1562597376385906 1.2656100956933987
1647473883.3203135 12.475474494960862 -1.1562617362567986 1.2656107584886065
1647473883.4203136 12.475484333600376 -1.1562637348750069 1.2656114212838145
1647473883.5203135 12.475494021708492 -1.1562656796966213 1.265612017592336
1647473883.6203136 12.475488647238878 -1.1562622414859984 1.2656059610637405
1647473883.7203135 12.475483272769265 -1.1562588032753758 1.2655999045351451
1647473883.8203135 12.475477898299651 -1.1562553650647531 1.2655938480065496
1647473883.9203136 12.475472523830039 -1.1562519268541303 1.2655877914779543
1647473884.0203135 12.475467149360425 -1.1562484886435076 1.2655817349493588
1647473884.1203136 12.475461774890812 -1.1562450504328847 1.2655756784207632
1647473884.2203135 12.475456400421198 -1.156241612222262 1.265569621892168
1647473884.3203135 12.475452263179326 -1.156238299948781 1.2655637211150206
1647473884.4203136 12.475569036089766 -1.1562472950933085 1.2655730414088988
1647473884.5203135 12.475685809000206 -1.156256290237836 1.265582361702777
1647473884.6203136 12.475802581910644 -1.1562652853823634 1.265591681996655
1647473884.7203135 12.475917282746984 -1.1562741198482747 1.265600799883842
1647473884.8203135 12.475786027439517 -1.1562638816889337 1.2655858920041876
1647473884.9203136 12.47565477213205 -1.1562536435295927 1.265570984124533
1647473885.0203135 12.475523516824584 -1.1562434053702517 1.2655560762448785
1647473885.1203136 12.475393993960964 -1.1562332977034393 1.2655413527110067
1647473885.2203135 12.475493300787758 -1.15624042613055 1.2655509784733538
1647473885.3203135 12.47559260761455 -1.1562475545576605 1.2655606042357008
1647473885.4203136 12.475691914441343 -1.156254682984771 1.265570229998048
1647473885.5203135 12.475790249261472 -1.1562617429814497 1.2655797468509407
1647473885.6203136 12.475763030997303 -1.1562599638907904 1.265575195983509
1647473885.7203135 12.475735812733133 -1.1562581848001312 1.2655706451160775
1647473885.8203135 12.475708594468962 -1.156256405709472 1.265566094248646
1647473885.9203136 12.475683181133371 -1.1562547191422043 1.2655617372186507
1647473886.0203135 12.475745492176696 -1.1562575294603923 1.2655668012089178
1647473886.1203136 12.475807803220018 -1.15626033977858 1.265571865199185
1647473886.2203135 12.475870114263342 -1.156263150096768 1.2655769291894523
1647473886.3203135 12.475930036773047 -1.1562658062841802 1.2655817848426243
1647473886.4203136 12.475872989318626 -1.1562609144634208 1.265576437925338
1647473886.5203135 12.475815941864205 -1.1562560226426615 1.2655710910080515
1647473886.6203136 12.475758894409784 -1.1562511308219021 1.265565744090765
1647473886.7203135 12.47570280236956 -1.156246292599045 1.2655604819039459
1647473886.8203135 12.475693033084031 -1.1562440530422948 1.265559327829258
1647473886.9203136 12.475683263798501 -1.1562418134855446 1.2655581737545702
1647473887.0203135 12.475673494512973 -1.1562395739287943 1.2655570196798824
1647473887.1203136 12.475660517175458 -1.156237068003935 1.2655555709629538
1647473887.2203135 12.475491991632671 -1.1562216467393445 1.265539835983851
1647473887.3203135 12.475323466089884 -1.1562062254747536 1.2655241010047482
1647473887.4203136 12.475154940547096 -1.156190804210163 1.2655083660256454
1647473887.5203135 12.474989204896604 -1.1561756566238661 1.2654929317730002
1647473887.6203136 12.47496659985043 -1.156174549629627 1.265492925771707
1647473887.7203135 12.474943994804258 -1.1561734426353878 1.2654929197704137
1647473887.8203135 12.474921389758086 -1.1561723356411486 1.2654929137691204
1647473887.9203136 12.474899653749063 -1.1561712672377344 1.265493029561764
1647473888.0203135 12.474924118694522 -1.1561722504531122 1.2654996203320612
1647473888.1203136 12.474948583639982 -1.15617323366849 1.2655062111023585
1647473888.2203135 12.47497304858544 -1.1561742168838676 1.2655128018726558
1647473888.3203135 12.474997305813359 -1.1561752052022225 1.2655193220109986
1647473888.4203136 12.475009553935799 -1.1561764885471337 1.265521758591498
1647473888.5203135 12.475021802058238 -1.1561777718920447 1.2655241951719975
1647473888.6203136 12.475034050180678 -1.156179055236956 1.2655266317524971
1647473888.7203135 12.47504617484503 -1.1561803311120071 1.2655290925194762
1647473888.8203135 12.475050744723783 -1.1561811498830303 1.265533033332612
1647473888.9203136 12.475055314602535 -1.1561819686540533 1.2655369741457478
1647473889.0203135 12.475059884481288 -1.1561827874250763 1.2655409149588834
1647473889.1203136 12.475062527629621 -1.1561834214519817 1.265544583944022
1647473889.2203135 12.474943786760733 -1.1561724165994005 1.2655311277652272
1647473889.3203135 12.474825045891844 -1.1561614117468193 1.2655176715864327
1647473889.4203136 12.474706305022956 -1.156150406894238 1.265504215407638
1647473889.5203135 12.474589373120082 -1.156139577394655 1.2654909833352963
1647473889.6203136 12.474586732040658 -1.156139826731479 1.2654919103521065
1647473889.7203135 12.474584090961232 -1.1561400760683032 1.2654928373689167
1647473889.8203135 12.474581449881807 -1.1561403254051272 1.265493764385727
1647473889.9203136 12.474579830814356 -1.1561406405686407 1.2654947785269512
1647473890.0203135 12.474641856476223 -1.1561450550205497 1.2655012182501446
1647473890.1203136 12.47470388213809 -1.1561494694724586 1.2655076579733382
1647473890.2203135 12.474765907799958 -1.1561538839243675 1.2655140976965316
1647473890.3203135 12.474826866026861 -1.1561582335307665 1.2655204678126293
1647473890.4203136 12.474821580344202 -1.1561585588919068 1.265522518184368
1647473890.5203135 12.47481629466154 -1.1561588842530468 1.2655245685561067
1647473890.6203136 12.47481100897888 -1.156159209614187 1.2655266189278453
1647473890.7203135 12.47480572329622 -1.1561595349753273 1.2655286692995842
1647473890.8203135 12.47480043761356 -1.1561598603364676 1.2655307196713228
1647473890.9203136 12.474795151930898 -1.1561601856976076 1.2655327700430616
1647473891.0203135 12.474789866248239 -1.1561605110587478 1.2655348204148005
1647473891.1203136 12.474784495413678 -1.1561608435653838 1.2655369273647556
1647473891.2203135 12.474773784842577 -1.156161624154389 1.2655425822422617
1647473891.3203135 12.474763074271475 -1.1561624047433943 1.265548237119768
1647473891.4203136 12.474752363700375 -1.1561631853323995 1.265553891997274
1647473891.5203135 12.474741564059245 -1.1561639509289563 1.265559521474502
1647473891.6203136 12.474704134364373 -1.156160234100716 1.2655575568059791
1647473891.7203135 12.474666704669499 -1.1561565172724755 1.2655555921374564
1647473891.8203135 12.474629274974625 -1.1561528004442352 1.2655536274689336
1647473891.9203136 12.474596931541567 -1.1561495360039724 1.2655522025176587
1647473892.0203135 12.474876546913427 -1.156174018152068 1.2655838803742485
1647473892.1203136 12.475156162285288 -1.1561985003001636 1.2656155582308384
1647473892.2203135 12.475435777657149 -1.156222982448259 1.2656472360874285
1647473892.3203135 12.475710016716867 -1.1562470251362633 1.265678410516763
1647473892.4203136 12.475637367151023 -1.1562427131262742 1.2656771029800278
1647473892.5203135 12.47556471758518 -1.1562384011162852 1.2656757954432922
1647473892.6203136 12.475492068019335 -1.156234089106296 1.2656744879065567
1647473892.7203135 12.475422403530779 -1.1562299996920362 1.2656733851465873
1647473892.8203135 12.475545997252059 -1.1562403214463928 1.2656855399298563
1647473892.9203136 12.47566959097334 -1.1562506432007493 1.2656976947131255
1647473893.0203135 12.47579318469462 -1.1562609649551059 1.2657098494963948
1647473893.1203136 12.475916139369295 -1.1562712362476146 1.2657219446446923
1647473893.2203135 12.475808986200809 -1.1562633372425646 1.2657125664379318
1647473893.3203135 12.475701833032323 -1.1562554382375145 1.2657031882311716
1647473893.4203136 12.475594679863839 -1.1562475392324645 1.2656938100244113
1647473893.5203135 12.47548881761053 -1.156239714572272 1.2656845332393944
1647473893.6203136 12.475469147327477 -1.1562368537779293 1.2656820281927859
1647473893.7203135 12.475449477044425 -1.1562339929835868 1.2656795231461773
1647473893.8203135 12.47542980676137 -1.156231132189244 1.2656770180995687
1647473893.9203136 12.4754071805521 -1.1562280004245507 1.2656742164109767
1647473894.0203135 12.475191796856183 -1.1562071985423015 1.265652070544292
1647473897.7199187 12.475993050600886 -1.1562910068257424 1.2657381137623687
1647473897.8199186 12.475859740247852 -1.1562782574073556 1.2657249076245236
1647473897.9199188 12.475726429894817 -1.1562655079889688 1.2657117014866788
1647473898.0199187 12.47579072014379 -1.1562718618498997 1.2657179414887942
1647473898.1199188 12.475855311517531 -1.1562782448224351 1.2657242111250016
1647473898.2199187 12.475919902891274 -1.1562846277949708 1.2657304807612089
1647473898.3199186 12.475983417772099 -1.1562909093332732 1.2657366360158773
1647473898.4199188 12.47595127137868 -1.156288177038003 1.26573262688989
1647473898.5199187 12.475919124985259 -1.1562854447427326 1.265728617763903
1647473898.6199188 12.47588697859184 -1.1562827124474622 1.265724608637916
1647473898.7199187 12.475856423361266 -1.1562801059093906 1.2657207755594229
1647473898.8199186 12.475965491963603 -1.1562885345096352 1.265732390570331
1647473898.9199188 12.47607456056594 -1.1562969631098798 1.2657440055812392
1647473899.0199187 12.476183629168277 -1.1563053917101243 1.2657556205921474
1647473899.1199188 12.476291599725577 -1.1563137634065643 1.2657670936593597
1647473899.2199187 12.476301509418718 -1.1563170533112215 1.2657658904509779
1647473899.3199186 12.476311419111857 -1.1563203432158784 1.2657646872425963
1647473899.4199188 12.476321328804998 -1.1563236331205355 1.2657634840342147
1647473899.5199187 12.476330940990549 -1.1563268654779406 1.2657621977848517
1647473899.6199188 12.476311920022525 -1.1563245592899247 1.2657529193858672
1647473899.7199187 12.476292899054501 -1.1563222531019088 1.265743640986883
1647473899.8199186 12.476273878086477 -1.1563199469138927 1.2657343625878987
1647473899.9199188 12.476255429259723 -1.156317681472699 1.2657251754944938
1647473900.0199187 12.476305469372033 -1.15632029368457 1.2657269182580926
1647473900.1199188 12.476355509484343 -1.156322905896441 1.2657286610216913
1647473900.2199187 12.476405549596652 -1.1563255181083123 1.2657304037852903
1647473900.3199186 12.476456079413191 -1.1563281971616095 1.2657321998052542
1647473900.4199188 12.476572646973105 -1.1563398899351722 1.2657411775687373
1647473900.5199187 12.476689214533017 -1.1563515827087352 1.2657501553322201
1647473900.6199188 12.47680578209293 -1.1563632754822981 1.265759133095703
1647473900.7199187 12.47691905819031 -1.1563746476718209 1.2657677964759106
1647473900.8199186 12.476479405180772 -1.1563321653072738 1.2657236469615858
1647473900.9199188 12.476039752171234 -1.1562896829427267 1.265679497447261
1647473901.0199187 12.475600099161696 -1.1562472005781799 1.2656353479329363
1647473901.1199188 12.475169295926136 -1.15620558424127 1.2655920743314983
1647473901.2199187 12.47520763099806 -1.1562098771830553 1.2655952340390086
1647473901.3199186 12.475245966069982 -1.156214170124841 1.265598393746519
1647473901.4199188 12.475284301141906 -1.1562184630666263 1.2656015534540292
1647473901.5199187 12.47532263621383 -1.156222756008412 1.2656047131615396
1647473901.6199188 12.475360971285754 -1.1562270489501973 1.2656078728690499
1647473901.7199187 12.475399306357678 -1.1562313418919827 1.2656110325765602
1647473901.8199186 12.475437641429602 -1.1562356348337683 1.2656141922840705
1647473901.9199188 12.475476011670894 -1.1562399664893477 1.2656173588906334
1647473902.0199187 12.475520152434765 -1.1562506502301497 1.265621657480572
1647473902.1199188 12.475564293198637 -1.1562613339709515 1.2656259560705108
1647473902.2199187 12.475608433962508 -1.1562720177117536 1.2656302546604496
1647473902.3199186 12.47565077093069 -1.156282501236436 1.2656343705822386
1647473902.4199188 12.475598501832831 -1.1562824837606098 1.2656289058651915
1647473902.5199187 12.47554623273497 -1.1562824662847837 1.2656234411481442
1647473902.6199188 12.475493963637112 -1.1562824488089578 1.265617976431097
1647473902.7199187 12.475441784364328 -1.1562824152464424 1.2656125226861807
1647473902.8199186 12.475404549332142 -1.1562797053338256 1.2656088943798747
1647473902.9199188 12.475367314299953 -1.156276995421209 1.2656052660735686
1647473903.0199187 12.475330079267765 -1.1562742855085926 1.2656016377672625
1647473903.1199188 12.475292750480962 -1.1562715827641912 1.2655980058993934
1647473903.2199187 12.475240324404917 -1.1562700343162378 1.26559380051364
1647473903.3199186 12.47518789832887 -1.1562684858682841 1.2655895951278866
1647473903.4199188 12.475135472252825 -1.1562669374203307 1.265585389742133
1647473903.5199187 12.475083867941137 -1.1562654591591648 1.265581258018141
1647473903.6199188 12.475160474867561 -1.1562749314032725 1.265588618962966
1647473903.7199187 12.475237081793985 -1.1562844036473803 1.265595979907791
1647473903.8199186 12.475313688720407 -1.156293875891488 1.265603340852616
1647473903.9199188 12.47538984570809 -1.156303271560872 1.2656106554215847
1647473904.0199187 12.475397597560233 -1.1563010254135238 1.2656109193713125
1647473904.1199188 12.475405349412377 -1.1562987792661754 1.2656111833210406
1647473904.2199187 12.475413101264522 -1.156296533118827 1.2656114472707685
1647473904.3199186 12.475420882254062 -1.1562943126190104 1.2656117214366933
1647473904.4199188 12.475433151408597 -1.1562960427245423 1.2656135692496655
1647473904.5199187 12.475445420563133 -1.156297772830074 1.2656154170626377
1647473904.6199188 12.47545768971767 -1.156299502935606 1.2656172648756097
1647473904.7199187 12.475469958872205 -1.156301233041138 1.2656191126885818
1647473904.8199186 12.475482228026742 -1.15630296314667 1.265620960501554
1647473904.9199188 12.475494497181279 -1.1563046932522019 1.265622808314526
1647473905.0199187 12.475506766335814 -1.1563064233577336 1.2656246561274982
1647473905.1199188 12.475518541996262 -1.1563081049520834 1.2656264531433867
1647473905.2199187 12.475451615242765 -1.1563020499853685 1.265620149042794
1647473905.3199186 12.475384688489266 -1.1562959950186535 1.2656138449422014
1647473905.4199188 12.475317761735768 -1.1562899400519384 1.265607540841609
1647473905.5199187 12.475251556735438 -1.1562839493913701 1.2656013080440842
1647473905.6199188 12.475308535197941 -1.156288934025625 1.2656072447238786
1647473905.7199187 12.475365513660444 -1.1562939186598802 1.2656131814036733
1647473905.8199186 12.475422492122947 -1.156298903294135 1.2656191180834677
1647473905.9199188 12.47547914138496 -1.1563038843639237 1.2656250230457724
1647473906.0199187 12.475481192369406 -1.156308274262881 1.2656256676260973
1647473906.1199188 12.475483243353851 -1.1563126641618384 1.2656263122064224
1647473906.2199187 12.475485294338299 -1.1563170540607957 1.2656269567867473
1647473906.3199186 12.475486487301781 -1.1563213507113395 1.2656275108828892
1647473906.4199188 12.475340219756614 -1.1563096215780049 1.2656125142590837
1647473906.5199187 12.475193952211447 -1.1562978924446705 1.265597517635278
1647473906.6199188 12.47504768466628 -1.1562861633113362 1.2655825210114726
1647473906.7199187 12.474902702091471 -1.1562745461927628 1.2655676560051907
1647473906.8199186 12.47498934536756 -1.1562831206017041 1.265576516076034
1647473906.9199188 12.475075988643646 -1.1562916950106454 1.265585376146877
1647473907.0199187 12.475162631919732 -1.1563002694195867 1.26559423621772
1647473907.1199188 12.475249214064084 -1.1563088348035304 1.2656030915774326
1647473907.2199187 12.475325963641733 -1.156315948586444 1.265611189188236
1647473907.3199186 12.475402713219381 -1.156323062369358 1.2656192867990395
1647473907.4199188 12.475479462797031 -1.1563301761522715 1.265627384409843
1647473907.5199187 12.475555309216878 -1.156337200937967 1.2656353879997422
1647473907.6199188 12.475488525964971 -1.156330170988175 1.2656285434970078
1647473907.7199187 12.475421742713065 -1.1563231410383827 1.2656216989942735
1647473907.8199186 12.475354959461159 -1.1563161110885907 1.2656148544915393
1647473907.9199188 12.475289080710569 -1.1563091753404782 1.2656081023055672
1647473908.0199187 12.47537321453822 -1.1563178630487152 1.2656166609602466
1647473908.1199188 12.475457348365872 -1.1563265507569522 1.2656252196149258
1647473908.2199187 12.475541482193522 -1.1563352384651893 1.2656337782696052
1647473908.3199186 12.475624793545569 -1.1563438423581671 1.265642251681277
1647473908.4199188 12.47558027395444 -1.1563394195016756 1.26563747643978
1647473908.5199187 12.475535754363314 -1.156334996645184 1.2656327011982829
1647473908.6199188 12.475491234772187 -1.1563305737886924 1.2656279259567857
1647473908.7199187 12.475447451751723 -1.1563262142087858 1.2656232344401004
1647473908.8199186 12.475534116930614 -1.1563330610439342 1.265633370762028
1647473908.9199188 12.475620782109505 -1.1563399078790824 1.2656435070839558
1647473909.0199187 12.475707447288395 -1.1563467547142305 1.2656536434058834
1647473909.1199188 12.47579335213371 -1.1563535567039829 1.2656636907039107
1647473909.2199187 12.475751040922802 -1.1563527963553046 1.2656587257838967
1647473909.3199186 12.475708729711892 -1.1563520360066264 1.2656537608638827
1647473909.4199188 12.475666418500982 -1.1563512756579482 1.2656487959438687
1647473909.5199187 12.475624223722656 -1.1563504962741857 1.2656438439445727
1647473909.6199188 12.47560720008724 -1.1563456017637757 1.2656416852290409
1647473909.7199187 12.475590176451822 -1.1563407072533656 1.265639526513509
1647473909.8199186 12.475573152816406 -1.1563358127429555 1.265637367797977
1647473913.4870775 12.475048265682974 -1.156252277001491 1.2654938383274463
1647473913.5870774 12.475042974959697 -1.1562515526516746 1.2654928243634596
1647473913.6870775 12.475028072388607 -1.1562510113722282 1.2654909704901978
1647473913.7870774 12.475013169817517 -1.1562504700927818 1.265489116616936
1647473913.8870776 12.474998267246429 -1.1562499288133352 1.2654872627436742
1647473913.9870775 12.475089741224354 -1.1562593157126677 1.2654958807821564
1647473914.0870774 12.475231213716366 -1.1562733689993865 1.2655094207703699
1647473914.1870775 12.47537268620838 -1.156287422286105 1.2655229607585834
1647473914.2870774 12.47551415870039 -1.1563014755728238 1.2655365007467967
1647473914.3870776 12.47572833974745 -1.1563209071727358 1.265557862656777
1647473914.4870775 12.475975362885988 -1.156342768129878 1.2655827576897853
1647473914.5870774 12.476222386024528 -1.15636462908702 1.2656076527227937
1647473914.6870775 12.476469409163066 -1.156386490044162 1.2656325477558024
1647473914.7870774 12.476455191384092 -1.1563850388536134 1.265630835654233
1647473914.8870776 12.476316070227094 -1.1563724417597994 1.2656164022645133
1647473914.9870775 12.476176949070096 -1.156359844665985 1.265601968874794
1647473915.0870774 12.476037827913098 -1.156347247572171 1.2655875354850743
1647473915.1870775 12.475967338342482 -1.156340603154483 1.2655804146614884
1647473915.2870774 12.475927844765291 -1.1563366471361134 1.2655765964025636
1647473915.3870776 12.475888351188102 -1.156332691117744 1.2655727781436386
1647473915.4870775 12.475848857610911 -1.1563287350993747 1.2655689598847137
1647473915.5870774 12.47574029475074 -1.1563191467995562 1.265557895267893
1647473915.6870775 12.475598646935259 -1.1563068605742348 1.2655433595649863
1647473915.7870774 12.47545699911978 -1.1562945743489135 1.2655288238620794
1647473915.8870776 12.4753153513043 -1.1562822881235921 1.2655142881591728
1647473915.9870775 12.475332494813813 -1.1562834263544857 1.2655162866264464
1647473916.0870774 12.47542170443568 -1.1562906571623508 1.265525788988319
1647473916.1870775 12.47551091405755 -1.1562978879702157 1.2655352913501914
1647473916.2870774 12.475600123679419 -1.1563051187780808 1.2655447937120639
1647473916.3870776 12.475653410141433 -1.1563104472535461 1.265550863599699
1647473916.4870775 12.475690387131266 -1.1563149120511644 1.2655553751098612
1647473916.5870774 12.475727364121099 -1.1563193768487827 1.265559886620023
1647473916.6870775 12.475764341110931 -1.156323841646401 1.2655643981301852
1647473916.7870774 12.475779249212348 -1.1563262945641828 1.2655660194271603
1647473916.8870776 12.475784119520686 -1.1563278324003747 1.2655663261422057
1647473916.9870775 12.475788989829024 -1.1563293702365665 1.2655666328572508
1647473917.0870774 12.475793860137362 -1.1563309080727584 1.2655669395722962
1647473917.1870775 12.47575819063757 -1.1563270306442999 1.2655629751433808
1647473917.2870774 12.475703872146982 -1.1563206621033941 1.2655570459167
1647473917.3870776 12.475649553656392 -1.1563142935624884 1.2655511166900193
1647473917.4870775 12.475595235165802 -1.1563079250215829 1.2655451874633386
1647473917.5870774 12.475649041115709 -1.1563147233774225 1.2655510223976008
1647473917.6870775 12.475752693567712 -1.1563275918108802 1.2655622807335507
1647473917.7870774 12.475856346019714 -1.1563404602443377 1.2655735390695007
1647473917.8870776 12.475959998471717 -1.1563533286777954 1.2655847974054508
1647473917.9870775 12.47591648126458 -1.156350087430607 1.2655801602311632
1647473918.0870774 12.4758051267363 -1.1563394204844946 1.2655681960790253
1647473918.1870775 12.47569377220802 -1.156328753538382 1.2655562319268874
1647473918.2870774 12.47558241767974 -1.1563180865922695 1.2655442677747495
1647473918.3870776 12.47547106315146 -1.156307419646157 1.2655323036226116
1647473918.4870775 12.47535970862318 -1.1562967527000445 1.2655203394704737
1647473918.5870774 12.4752483540949 -1.156286085753932 1.2655083753183358
1647473918.6870775 12.47513699956662 -1.1562754188078195 1.265496411166198
1647473918.7870774 12.475123786130665 -1.1562753025875856 1.2654949431680145
1647473918.8870776 12.475155811374574 -1.1562800497828594 1.2654983134301085
1647473918.9870775 12.475187836618483 -1.1562847969781331 1.2655016836922024
1647473919.0870774 12.475219861862392 -1.156289544173407 1.2655050539542965
1647473919.1870775 12.475192750308043 -1.1562883680162293 1.26550173293187
1647473919.2870774 12.475138406575187 -1.1562844641870085 1.2654953306088006
1647473919.3870776 12.47508406284233 -1.156280560357788 1.265488928285731
1647473919.4870775 12.475029719109472 -1.1562766565285674 1.2654825259626614
1647473919.5870774 12.4750769886283 -1.156281641871102 1.2654886520933477
1647473919.6870775 12.475173624665716 -1.1562909458183008 1.2655008648922093
1647473919.7870774 12.475270260703132 -1.1563002497654997 1.2655130776910706
1647473919.8870776 12.475366896740548 -1.1563095537126986 1.2655252904899321
1647473919.9870775 12.47531058145268 -1.1563046462673434 1.2655203207170747
1647473920.0870774 12.475184275548196 -1.1562932356803777 1.2655074881892692
1647473920.1870775 12.47505796964371 -1.156281825093412 1.2654946556614635
1647473920.2870774 12.474931663739225 -1.1562704145064462 1.265481823133658
1647473920.3870776 12.474902032586932 -1.156267490644483 1.2654793541430003
1647473920.4870775 12.474916849467407 -1.1562684687137117 1.2654816499831627
1647473920.5870774 12.474931666347882 -1.1562694467829402 1.2654839458233251
1647473920.6870775 12.474946483228358 -1.1562704248521687 1.2654862416634873
1647473920.7870774 12.474961002393286 -1.1562738728685442 1.2654889015908795
1647473920.8870776 12.47497538462435 -1.1562784569337794 1.2654917289797016
1647473920.9870775 12.474989766855414 -1.1562830409990146 1.265494556368524
1647473921.0870774 12.475004149086478 -1.1562876250642498 1.2654973837573462
1647473921.1870775 12.475012411137243 -1.156287965053545 1.265497692273482
1647473921.2870774 12.475017693885171 -1.1562862390273192 1.2654967746027777
1647473921.3870776 12.475022976633099 -1.1562845130010937 1.2654958569320736
1647473921.4870775 12.475028259381027 -1.156282786974868 1.2654949392613692
1647473921.5870774 12.475018678346148 -1.1562814357821525 1.265492653237818
1647473921.6870775 12.47500139009407 -1.1562802789493325 1.26548965769148
1647473921.7870774 12.47498410184199 -1.1562791221165123 1.265486662145142
1647473921.8870776 12.474966813589912 -1.1562779652836923 1.2654836665988038
1647473921.9870775 12.47503697836484 -1.1562849137272289 1.2654901880008704
1647473922.0870774 12.475150903564838 -1.1562959179519183 1.2655014715675168
1647473922.1870775 12.475264828764839 -1.1563069221766078 1.2655127551341632
1647473922.2870774 12.47537875396484 -1.1563179264012973 1.2655240387008093
1647473922.3870776 12.475354037097228 -1.156315157456541 1.265521026183348
1647473929.3194184 12.475225266512561 -1.1562516701794463 1.2654143788180563
1647473929.4194183 12.475330469745499 -1.1562617172966505 1.2654253693033084
1647473929.5194185 12.475435672978438 -1.1562717644138545 1.2654363597885607
1647473929.6194184 12.475540876211376 -1.1562818115310587 1.2654473502738128
1647473929.7194185 12.475646079444315 -1.156291858648263 1.2654583407590652
1647473929.8194184 12.475751282677253 -1.156301905765467 1.2654693312443173
1647473929.9194183 12.475856485567306 -1.1563119528499017 1.265480321693725
1647473930.0194185 12.4758589622938 -1.1563121824027547 1.2654805733614418
1647473930.1194184 12.475861439020298 -1.1563124119556079 1.2654808250291587
1647473930.2194185 12.475863915746793 -1.156312641508461 1.2654810766968756
1647473930.3194184 12.47586638836062 -1.1563128707211272 1.2654813279436443
1647473930.4194183 12.475809383049501 -1.1563081801100619 1.2654754913854172
1647473930.5194185 12.475752377738385 -1.1563034894989963 1.2654696548271898
1647473930.6194184 12.475695372427266 -1.156298798887931 1.2654638182689626
1647473930.7194185 12.475638367116149 -1.1562941082768656 1.2654579817107354
1647473930.8194184 12.475826390315353 -1.1563121278646744 1.2654768449174962
1647473930.9194183 12.47601453415146 -1.1563301586335824 1.2654957202848958
1647473931.0194185 12.476202677987569 -1.1563481894024903 1.2655145956522953
1647473931.1194184 12.476390821823678 -1.1563662201713982 1.2655334710196948
1647473931.2194185 12.476215519033632 -1.1563497759963923 1.265516398800867
1647473931.3194184 12.476039614922316 -1.1563332747827033 1.2654992671068739
1647473931.4194183 12.475863710811002 -1.156316773569014 1.2654821354128807
1647473931.5194185 12.475687806699685 -1.156300272355325 1.2654650037188877
1647473931.6194184 12.475831045994987 -1.1563130053641206 1.265479108939824
1647473931.7194185 12.475974789189864 -1.1563257845312014 1.2654932634811222
1647473931.8194184 12.476118532384742 -1.1563385636982821 1.2655074180224202
1647473931.9194183 12.47626227557962 -1.156351342865363 1.2655215725637183
1647473932.0194185 12.476035001888315 -1.1563308693526366 1.2654979880415296
1647473932.1194184 12.475807151799605 -1.1563103441798404 1.2654743448893995
1647473932.2194185 12.475579301710894 -1.1562898190070439 1.2654507017372696
1647473932.3194184 12.475351451622185 -1.1562692938342476 1.2654270585851395
1647473932.4194183 12.475264410422115 -1.1562631018589486 1.265417636370221
1647473932.5194185 12.475177612699664 -1.1562569346676872 1.265408238745227
1647473932.6194184 12.475090814977213 -1.156250767476426 1.2653988411202328
1647473932.7194185 12.475004017254761 -1.1562446002851647 1.2653894434952389
1647473932.8194184 12.474964422000484 -1.1562381624292357 1.265385542329074
1647473932.9194183 12.47492490705572 -1.1562317241128022 1.2653816505144955
1647473933.0194185 12.474885392110957 -1.1562252857963686 1.2653777586999166
1647473933.1194184 12.474846098321754 -1.1562188957504107 1.2653738929274545
1647473933.2194185 12.474826335381936 -1.156216768601517 1.2653723270051735
1647473933.3194184 12.474806572442116 -1.156214641452623 1.2653707610828926
1647473933.4194183 12.474786809502298 -1.1562125143037294 1.2653691951606116
1647473933.5194185 12.474767046562478 -1.1562103871548355 1.2653676292383307
1647473933.6194184 12.474834102163085 -1.1562122149106344 1.2653744031153393
1647473933.7194185 12.474901378812454 -1.1562140527360198 1.2653811982263186
1647473933.8194184 12.474968655461826 -1.156215890561405 1.265387993337298
1647473933.9194183 12.475035932111195 -1.1562177283867905 1.2653947884482772
1647473934.0194185 12.47519930427756 -1.1562319229313982 1.2654107863465796
1647473934.1194184 12.475362909462165 -1.1562461474393286 1.2654268065603589
1647473934.2194185 12.475526514646768 -1.1562603719472588 1.2654428267741382
1647473934.3194184 12.475690119831373 -1.1562745964551893 1.2654588469879178
1647473934.4194183 12.475665684261731 -1.1562742024489145 1.2654559840602244
1647473934.5194185 12.475640784429876 -1.1562737723503376 1.2654530745111
1647473934.6194184 12.475615884598021 -1.1562733422517604 1.2654501649619756
1647473934.7194185 12.475590984766166 -1.1562729121531834 1.265447255412851
1647473934.8194184 12.475598177203928 -1.1562747171264705 1.265448540389734
1647473934.9194183 12.475605448675807 -1.156276527604103 1.2654498356965396
1647473935.0194185 12.475612720147689 -1.1562783380817354 1.2654511310033452
1647473935.1194184 12.475619991619569 -1.156280148559368 1.2654524263101508
1647473935.2194185 12.475613882019292 -1.1562790178852762 1.265451801471808
1647473935.3194184 12.475607741824469 -1.1562778804865215 1.2654511722432358
1647473935.4194183 12.475601601629645 -1.1562767430877667 1.2654505430146639
1647473938.919567 12.475665212195427 -1.1562529148614737 1.2654781634276553
1647473939.019567 12.475781475820863 -1.1562646786701656 1.2654906814898284
1647473939.1195672 12.4758977394463 -1.1562764424788572 1.2655031995520014
1647473939.219567 12.475833733892875 -1.1562675477504467 1.2654966685071363
1647473939.3195672 12.4757695949183 -1.1562586377322024 1.2654901233636113
1647473939.419567 12.475705455943725 -1.156249727713958 1.2654835782200866
1647473939.519567 12.475641345937836 -1.156240822070701 1.2654770360006242
1647473939.6195672 12.475658534590087 -1.1562441945339046 1.2654786999649164
1647473939.719567 12.475675723242338 -1.1562475669971082 1.2654803639292083
1647473939.8195672 12.47569291189459 -1.1562509394603118 1.2654820278935004
1647473939.919567 12.475710044802776 -1.156254304921584 1.2654836856158505
1647473940.019567 12.475692697627155 -1.1562533393894967 1.2654814824305447
1647473940.1195672 12.475675350451532 -1.156252373857409 1.2654792792452392
1647473940.219567 12.475658003275909 -1.1562514083253217 1.2654770760599334
1647473940.3195672 12.475640599593605 -1.1562504369259998 1.2654748675931093
1647473940.419567 12.47553908828195 -1.1562407324149278 1.2654647978260296
1647473940.519567 12.475437576970297 -1.156231027903856 1.2654547280589497
1647473940.6195672 12.475336065658643 -1.1562213233927838 1.26544465829187
1647473940.719567 12.475234554346988 -1.1562116188817118 1.26543458852479
1647473940.8195672 12.47545247701383 -1.1562313713887657 1.2654558854326408
1647473940.919567 12.475670567165917 -1.1562511393406885 1.2654771987866296
1647473941.019567 12.475888657318004 -1.1562709072926114 1.2654985121406181
1647473941.1195672 12.47610674747009 -1.156290675244534 1.265519825494607
1647473941.219567 12.47599772478712 -1.156281460101623 1.2655091522162618
1647473941.3195672 12.475888630962 -1.1562722386553217 1.265498471981302
1647473941.419567 12.47577953713688 -1.1562630172090207 1.2654877917463425
1647473941.519567 12.475670443311758 -1.1562537957627195 1.265477111511383
1647473941.6195672 12.475801697907793 -1.156265367752977 1.26549089005144
1647473941.719567 12.475933019911682 -1.1562769455749389 1.2655046754511785
1647473941.8195672 12.476064341915572 -1.156288523396901 1.265518460850917
1647473941.919567 12.476195422786235 -1.156300078638945 1.2655322214546616
1647473942.019567 12.476121178512797 -1.1562924070620968 1.265524868248996
1647473942.1195672 12.476046934239358 -1.1562847354852486 1.26551751504333
1647473942.219567 12.47597268996592 -1.1562770639084003 1.265510161837664
1647473942.3195672 12.475898489515279 -1.1562693981227388 1.2655028128810062
1647473942.419567 12.47586868579796 -1.1562675993694735 1.2654997685803702
1647473942.519567 12.475838882080643 -1.156265800616208 1.2654967242797341
1647473942.6195672 12.475809078363325 -1.1562640018629429 1.2654936799790983
1647473942.719567 12.475779274646007 -1.1562622031096776 1.2654906356784623
1647473942.8195672 12.475749470928688 -1.1562604043564122 1.2654875913778263
1647473942.919567 12.47571966721137 -1.156258605603147 1.2654845470771903
1647473943.019567 12.475689863494052 -1.1562568068498817 1.2654815027765545
1647473943.1195672 12.47566008227784 -1.156255009784212 1.2654784608966547
1647473943.219567 12.4757071323781 -1.1562589751103858 1.2654836847599313
1647473943.3195672 12.475754182478358 -1.1562629404365599 1.265488908623208
1647473943.419567 12.475801232578618 -1.1562669057627337 1.2654941324864846
1647473943.519567 12.475848301725298 -1.156270872455092 1.2654993581611775
1647473943.6195672 12.47594251031563 -1.156278220421791 1.2655090670490703
1647473943.719567 12.476036718905961 -1.1562855683884896 1.265518775936963
1647473943.8195672 12.47613092749629 -1.1562929163551883 1.2655284848248558
1647473943.919567 12.476225136086622 -1.156300264321887 1.2655381937127486
1647473944.019567 12.476091393468579 -1.1562886095093934 1.2655246600695433
1647473944.1195672 12.475957570931246 -1.156276948034559 1.265511118277548
1647473944.219567 12.475823748393912 -1.1562652865597245 1.2654975764855525
1647473944.3195672 12.475689925856578 -1.15625362508489 1.2654840346935572
1647473944.419567 12.475712257979822 -1.1562553984564696 1.2654860035153592
1647473944.519567 12.475734605517884 -1.1562571731542715 1.2654879738682927
1647473944.6195672 12.475756953055948 -1.156258947852073 1.2654899442212264
1647473944.719567 12.47577930059401 -1.1562607225498747 1.2654919145741599
1647473944.8195672 12.475769294452943 -1.1562614257388015 1.2654904168547096
1647473944.919567 12.475759287478773 -1.156262128900137 1.2654889190459568
1647473945.019567 12.475749280504601 -1.1562628320614725 1.265487421237204
1647473945.1195672 12.475739273530431 -1.156263535222808 1.265485923428451
1647473945.219567 12.475707247146959 -1.156258838314151 1.2654826529126568
1647473945.3195672 12.475675219387943 -1.1562541410681537 1.2654793822861223
1647473945.419567 12.475643191628928 -1.1562494438221567 1.2654761116595876
1647473945.519567 12.47561116386991 -1.1562447465761594 1.2654728410330531
1647473945.6195672 12.475670374746334 -1.1562509221836677 1.2654787651212454
1647473945.719567 12.47572970816944 -1.1562571123949903 1.265484701559269
1647473945.8195672 12.475789041592545 -1.1562633026063132 1.2654906379972928
1647473945.919567 12.475848375015651 -1.1562694928176358 1.2654965744353164
1647473946.019567 12.475806951905966 -1.1562638377644618 1.2654921996761328
1647473946.1195672 12.475765028584618 -1.156258123904784 1.2654877737264116
1647473946.219567 12.475723105263272 -1.156252410045106 1.2654833477766905
1647473946.3195672 12.475681181941924 -1.156246696185428 1.2654789218269693
1647473946.419567 12.475703458750544 -1.1562455062688863 1.2654812531530406
1647473946.519567 12.475726038736575 -1.1562443377161231 1.2654836163895358
1647473946.6195672 12.475748618722603 -1.1562431691633601 1.265485979626031
1647473946.719567 12.475771198708633 -1.156242000610597 1.2654883428625263
1647473946.8195672 12.475657687076255 -1.156233530698377 1.2654771737459982
1647473946.919567 12.47554353361914 -1.1562250263520517 1.265465940809236
1647473947.019567 12.475429380162025 -1.1562165220057266 1.2654547078724738
1647473947.1195672 12.47531522670491 -1.1562080176594012 1.2654434749357117
1647473947.219567 12.475470229268566 -1.156220376586196 1.2654586157217065
1647473947.3195672 12.475626496281905 -1.156232833525136 1.2654738804070116
1647473947.419567 12.475782763295243 -1.1562452904640759 1.2654891450923167
1647473947.519567 12.47593903030858 -1.156257747403016 1.2655044097776218
1647473947.6195672 12.475944729536353 -1.156258953936256 1.265504350492713
1647473947.719567 12.475949683219373 -1.1562601047624876 1.2655042153303147
1647473947.8195672 12.475954636902392 -1.156261255588719 1.2655040801679163
1647473947.919567 12.475959590585413 -1.1562624064149505 1.2655039450055179
1647473948.019567 12.47591771960333 -1.1562585295302494 1.2654998349952402
1647473948.1195672 12.47587559777206 -1.156254625711085 1.2654957036908996
1647473948.219567 12.475833475940789 -1.1562507218919207 1.265491572386559
1647473948.3195672 12.475791354109518 -1.1562468180727563 1.2654874410822181
1647473948.419567 12.475855515281339 -1.1562499618012292 1.265493540347583
1647473948.519567 12.47592021213782 -1.1562531410505572 1.2654996911767835
1647473948.6195672 12.475984908994302 -1.1562563202998852 1.2655058420059837
1647473948.719567 12.476049605850784 -1.1562594995492135 1.265511992835184
1647473948.8195672 12.476052333954684 -1.156259886604004 1.2655125657465316
1647473948.919567 12.476054767419994 -1.1562602603829384 1.2655131121369347
1647473949.019567 12.476057200885306 -1.1562606341618726 1.2655136585273377
1647473949.1195672 12.476059634350616 -1.1562610079408069 1.2655142049177408
1647473949.219567 12.475914242949981 -1.1562455166913002 1.2655002535382707
1647473949.3195672 12.475768176301623 -1.1562299529720892 1.2654862359345826
1647473949.419567 12.475622109653264 -1.1562143892528782 1.2654722183308946
1647473949.519567 12.475476043004907 -1.1561988255336673 1.2654582007272068
1647473949.6195672 12.475584030788987 -1.1562097626848709 1.2654698283163348
1647473949.719567 12.475692869777092 -1.1562207886266829 1.2654815418291412
1647473949.8195672 12.475801708765195 -1.1562318145684949 1.2654932553419476
1647473949.919567 12.4759105477533 -1.1562428405103067 1.265504968854754
1647473950.019567 12.475984804285973 -1.156247951102634 1.2655155180304247
1647473950.1195672 12.476058964661506 -1.1562530452472255 1.2655260639686352
1647473950.219567 12.476133125037038 -1.156258139391817 1.2655366099068457
1647473950.3195672 12.47620728541257 -1.1562632335364085 1.2655471558450562
1647473950.419567 12.476194960726547 -1.156264303491047 1.2655457843439122
1647473950.519567 12.476182388019247 -1.1562653619051404 1.2655443786660159
1647473950.6195672 12.476169815311946 -1.156266420319234 1.2655429729881196
1647473950.719567 12.476157242604646 -1.1562674787333276 1.2655415673102233
1647473950.8195672 12.47611775338809 -1.1562621994737103 1.2655384296183612
1647473950.919567 12.476078185276517 -1.1562569016377293 1.2655352868497907
1647473951.019567 12.476038617164944 -1.1562516038017485 1.2655321440812202
1647473951.1195672 12.475999049053373 -1.1562463059657675 1.2655290013126497
1647473951.219567 12.475855376233662 -1.156233134086399 1.26551722639891
1647473951.3195672 12.475711417642692 -1.1562199405924911 1.2655054277896138
1647473951.419567 12.475567459051723 -1.1562067470985835 1.2654936291803178
1647473951.519567 12.475423500460753 -1.1561935536046757 1.2654818305710216
1647473951.6195672 12.47546274938495 -1.1561953674659626 1.2654869965072895
1647473951.719567 12.47550242500667 -1.1561972162799714 1.2654922019546524
1647473951.8195672 12.475542100628388 -1.15619906509398 1.2654974074020153
1647473951.919567 12.475581776250108 -1.1562009139079887 1.2655026128493783
1647473952.019567 12.475648089647365 -1.1562082876293414 1.2655131275791767
1647473952.1195672 12.47571446645056 -1.1562156745016394 1.265523654946668
1647473952.219567 12.475780843253753 -1.1562230613739377 1.2655341823141595
1647473952.3195672 12.475847220056949 -1.1562304482462358 1.265544709681651
1647473952.419567 12.475777772392389 -1.1562241137765823 1.2655422648004693
1647473952.519567 12.47570796972581 -1.1562177434436989 1.2655397860139497
1647473952.6195672 12.475638167059232 -1.1562113731108155 1.26553730722743
1647473952.719567 12.475568364392654 -1.156205002777932 1.2655348284409105
1647473952.8195672 12.475651715495093 -1.1562119897252008 1.265546717131877
1647473952.919567 12.475735591941238 -1.1562190224902325 1.2655586551057567
1647473953.019567 12.475819468387382 -1.156226055255264 1.2655705930796362
1647473953.1195672 12.475903344833526 -1.1562330880202953 1.2655825310535156
1647473953.219567 12.475937783698274 -1.1562373551232623 1.265590301054027
1647473953.3195672 12.475971916675904 -1.1562416051141382 1.2655980452658708
1647473953.419567 12.476006049653535 -1.1562458551050139 1.2656057894777146
1647473953.519567 12.476040182631165 -1.1562501050958898 1.2656135336895584
1647473953.6195672 12.47585308703302 -1.1562328724406763 1.2655947033987318
1647473953.719567 12.475664232974033 -1.1562154690281732 1.2655756618774066
1647473953.8195672 12.475475378915046 -1.15619806561567 1.2655566203560813
1647473953.919567 12.475287238081721 -1.1561807287826662 1.2655376583189504
1647473954.019567 12.475244953612695 -1.15617700761746 1.2655349509908285
1647473954.1195672 12.475202669143668 -1.1561732864522538 1.2655322436627066
1647473954.219567 12.475160384674641 -1.1561695652870474 1.2655295363345846
1647473954.3195672 12.475118880866292 -1.1561659271352152 1.2655269139232816
1647473954.419567 12.475224917120727 -1.1561779780000763 1.2655403402680203
1647473954.519567 12.47533095337516 -1.1561900288649376 1.2655537666127592
1647473954.6195672 12.475436989629594 -1.1562020797297987 1.265567192957498
1647473954.719567 12.475541984856356 -1.1562140186935421 1.2655804957076442
1647473954.8195672 12.475457864040639 -1.1562056293825689 1.2655713459131772
1647473954.919567 12.475373743224921 -1.1561972400715956 1.2655621961187105
1647473955.019567 12.475289622409203 -1.1561888507606224 1.2655530463242437
1647473955.1195672 12.475206103548404 -1.1561805406936607 1.2655439639786674
1647473955.219567 12.475210764713735 -1.1561838390358876 1.265544762181873
1647473955.3195672 12.475215425879066 -1.1561871373781145 1.2655455603850785
1647473955.419567 12.475220087044399 -1.1561904357203416 1.265546358588284
1647473955.519567 12.475224417606745 -1.156193668214491 1.2655471228583857
1647473955.6195672 12.475185049768202 -1.1561881970494874 1.2655434019228522
1647473955.719567 12.475145681929657 -1.156182725884484 1.2655396809873185
1647473955.8195672 12.475106314091112 -1.1561772547194804 1.265535960051785
1647473955.919567 12.475066946252568 -1.156171783554477 1.2655322391162516
1647473956.019567 12.475088918907424 -1.1561738605887917 1.265535365491325
1647473956.1195672 12.47511118545796 -1.1561759737881756 1.2655385246733568
1647473956.219567 12.475133452008494 -1.1561780869875593 1.2655416838553883
1647473956.3195672 12.475155891076502 -1.1561802324011028 1.2655448579831396
1647473956.419567 12.475200221010914 -1.1561864654926242 1.2655499285840253
1647473956.519567 12.475244550945325 -1.1561926985841455 1.2655549991849109
1647473956.6195672 12.475288880879736 -1.1561989316756671 1.2655600697857965
1647473956.719567 12.475332828944987 -1.1562051125083614 1.2655650925687225
1647473956.8195672 12.475327940165656 -1.1562046100147563 1.265563999963176
1647473956.919567 12.475323051386326 -1.1562041075211509 1.2655629073576298
1647473957.019567 12.475318162606996 -1.1562036050275457 1.2655618147520835
1647473957.1195672 12.475313954537452 -1.1562031727865807 1.2655608011019952
1647473957.219567 12.475402958939108 -1.1562123605368826 1.26557059915684
1647473957.3195672 12.475491963340765 -1.1562215482871845 1.2655803972116846
1647473957.419567 12.475580967742422 -1.1562307360374864 1.2655901952665292
1647473957.519567 12.475668627685485 -1.1562397888841887 1.2655998510549284
1647473957.6195672 12.475577031645496 -1.156230855102342 1.2655905385302741
1647473957.719567 12.475485435605508 -1.1562219213204952 1.2655812260056198
1647473957.8195672 12.47539383956552 -1.1562129875386484 1.2655719134809658
1647473957.919567 12.475302262266856 -1.15620405439349 1.2655626010083894
1647473958.019567 12.47521318972002 -1.1561952063408305 1.2655532954959519
1647473958.1195672 12.475124117173184 -1.156186358288171 1.2655439899835144
1647473958.219567 12.475035044626349 -1.1561775102355116 1.2655346844710769
1647473958.3195672 12.474948457742379 -1.1561688804410517 1.2655256286711685
1647473958.419567 12.475212964045037 -1.1561910790295897 1.2655518440936402
1647473958.519567 12.475477470347696 -1.1562132776181278 1.265578059516112
1647473958.6195672 12.475741976650355 -1.1562354762066658 1.2656042749385836
1647473958.719567 12.476006482953014 -1.156257674795204 1.2656304903610553
1647473958.8195672 12.47589651215366 -1.1562500291226432 1.2656199774007921
1647473958.919567 12.475784767162839 -1.1562422420544323 1.2656092904293998
1647473959.019567 12.475673022172018 -1.1562344549862211 1.2655986034580078
1647473959.1195672 12.475561277181196 -1.15622666791801 1.2655879164866157
1647473959.219567 12.475639652362343 -1.156233108461837 1.2655960249198588
1647473959.3195672 12.475718971497711 -1.156239619646324 1.265604226673034
1647473959.419567 12.47579829063308 -1.1562461308308112 1.2656124284262094
1647473959.519567 12.475877609768448 -1.156252642015298 1.2656206301793846
1647473959.6195672 12.475867943748986 -1.1562541025424848 1.265619374319777
1647473959.719567 12.475857849111716 -1.1562555387419995 1.265618072905366
1647473959.8195672 12.475847754474447 -1.1562569749415141 1.265616771490955
1647473959.919567 12.475837659837177 -1.1562584111410288 1.2656154700765438
1647473960.019567 12.47584512482785 -1.1562580825450675 1.265615921581413
1647473960.1195672 12.475852676740631 -1.1562577452131726 1.265616381763427
1647473960.219567 12.47586022865341 -1.1562574078812777 1.2656168419454412
1647473960.3195672 12.47586778056619 -1.156257070549383 1.2656173021274553
1647473960.419567 12.475817226160869 -1.1562530171584569 1.2656126866494957
1647473960.519567 12.47576628427967 -1.1562489389873813 1.265608037325031
1647473960.6195672 12.47571534239847 -1.156244860816306 1.2656033880005662
1647473960.719567 12.475664400517271 -1.1562407826452306 1.2655987386761014
1647473960.8195672 12.475613458636072 -1.1562367044741553 1.2655940893516366
1647473960.919567 12.475562516754874 -1.1562326263030798 1.2655894400271719
1647473961.019567 12.475511574873675 -1.1562285481320045 1.2655847907027071
1647473961.1195672 12.475460973370243 -1.1562245027970777 1.2655801725410845
1647473961.219567 12.47554019632669 -1.1562329815917125 1.2655874402883727
1647473961.3195672 12.475619419283138 -1.1562414603863476 1.2655947080356609
1647473961.419567 12.475698642239585 -1.1562499391809824 1.2656019757829489
1647473961.519567 12.475777456491203 -1.156258379177807 1.2656092004869801
1647473961.6195672 12.475680932835989 -1.1562501745783744 1.2655979592614783
1647473961.719567 12.475584409180774 -1.1562419699789421 1.2655867180359763
1647473961.8195672 12.475487885525562 -1.1562337653795096 1.2655754768104743
1647473961.919567 12.475391564949161 -1.156225556648459 1.2655642377462286
1647473962.019567 12.47537088941074 -1.1562158089266725 1.2655538037305738
1647473962.1195672 12.47535021387232 -1.156206061204886 1.265543369714919
1647473962.219567 12.475329538333899 -1.1561963134830993 1.2655329356992642
1647473962.3195672 12.475308862795478 -1.1561865657613126 1.2655225016836094
1647473962.419567 12.475250012054987 -1.156177794232514 1.265515471125059
1647473962.519567 12.475190774490192 -1.1561690325953506 1.2655084750532921
1647473962.6195672 12.475131536925396 -1.1561602709581873 1.265501478981525
1647473962.719567 12.475072772657036 -1.156151564224599 1.2654945333861425
1647473962.8195672 12.475179212715048 -1.1561620216077644 1.2655052065946444
1647473962.919567 12.47528565277306 -1.1561724789909298 1.2655158798031463
1647473963.019567 12.475392092831074 -1.156182936374095 1.2655265530116484
1647473963.1195672 12.475498581635746 -1.1561934015195092 1.2655372291408435
1647473963.219567 12.475627298696624 -1.1562074062152214 1.2655492370928987
1647473963.3195672 12.475756015757504 -1.1562214109109339 1.2655612450449538
1647473963.419567 12.475884732818383 -1.156235415606646 1.265573252997009
1647473963.519567 12.476012552480526 -1.156249329115557 1.265585171819225
1647473963.6195672 12.475787313980451 -1.156227367552068 1.2655620248273534
1647473963.719567 12.475562075480374 -1.1562054059885793 1.2655388778354817
1647473963.8195672 12.475336836980299 -1.1561834444250905 1.2655157308436102
1647473963.919567 12.475112287519712 -1.1561615571267163 1.2654926531827444
1647473964.019567 12.475191263901252 -1.156172384036742 1.2655001162271051
1647473964.1195672 12.475270240282791 -1.1561832109467678 1.2655075792714658
1647473964.219567 12.47534921666433 -1.1561940378567934 1.2655150423158268
1647473970.0012362 12.476333938258309 -1.1563813462823302 1.2656258901365331
1647473970.101236 12.476326437433018 -1.1563809475113225 1.2656255771901483
1647473970.2012362 12.476318936607727 -1.1563805487403147 1.2656252642437635
1647473970.3012362 12.476311435782435 -1.156380149969307 1.2656249512973787
1647473970.4012363 12.476260436296956 -1.156374890594847 1.2656195375083683
1647473970.5012362 12.476198231238499 -1.1563683790933916 1.2656128097049946
1647473970.601236 12.476136026180043 -1.156361867591936 1.2656060819016206
1647473970.7012362 12.476073821121586 -1.1563553560904805 1.2655993540982469
1647473970.8012362 12.476088996010398 -1.1563575613748736 1.2656008319732654
1647473970.9012363 12.476121087027552 -1.1563616722468684 1.2656041037020374
1647473971.0012362 12.476153178044706 -1.1563657831188632 1.265607375430809
1647473971.101236 12.476185269061862 -1.1563698939908578 1.265610647159581
1647473971.2012362 12.476101663167443 -1.1563616597638848 1.265602390785892
1647473971.3012362 12.475992734141458 -1.1563507235065713 1.2655916112017618
1647473971.4012363 12.475883805115476 -1.156339787249258 1.2655808316176314
1647473971.5012362 12.475774876089492 -1.1563288509919445 1.2655700520335011
1647473971.601236 12.475643493536822 -1.1563174148792659 1.2655565168979277
1647473971.7012362 12.475507199464394 -1.156305869427438 1.265542379008696
1647473971.8012362 12.475370905391966 -1.15629432397561 1.2655282411194642
1647473971.9012363 12.47523461131954 -1.156282778523782 1.2655141032302322
1647473972.0012362 12.475223485084172 -1.156271317158084 1.2655114372344252
1647473972.101236 12.475239703869404 -1.1562598741624164 1.2655112774668105
1647473972.2012362 12.475255922654636 -1.1562484311667487 1.265511117699196
1647473972.3012362 12.475272141439868 -1.156236988171081 1.2655109579315813
1647473972.4012363 12.47517795346532 -1.156224888100979 1.2654999157892264
1647473972.5012362 12.475059672470657 -1.1562126446437546 1.265486498889438
1647473972.601236 12.474941391475992 -1.1562004011865301 1.2654730819896496
1647473972.7012362 12.474823110481328 -1.1561881577293058 1.265459665089861
1647473972.8012362 12.474816848439929 -1.1561870930914753 1.2654563506805945
1647473972.9012363 12.474836988111361 -1.1561886631861682 1.2654554173242285
1647473973.0012362 12.474857127782792 -1.1561902332808611 1.2654544839678628
1647473973.101236 12.474877267454225 -1.1561918033755543 1.265453550611497
1647473973.2012362 12.47490778403101 -1.156193973152493 1.265451362789576
1647473973.3012362 12.474940740537532 -1.1561962839331794 1.2654488800042045
1647473973.4012363 12.474973697044051 -1.156198594713866 1.265446397218833
1647473973.5012362 12.475006653550572 -1.1562009054945526 1.2654439144334615
1647473973.601236 12.47499078621804 -1.156197310480927 1.265435738990145
1647473973.7012362 12.474964435881015 -1.1561924474296073 1.2654263412718094
1647473973.8012362 12.47493808554399 -1.1561875843782874 1.265416943553474
1647473973.9012363 12.474911735206964 -1.1561827213269675 1.2654075458351384
1647473974.0012362 12.474933833916339 -1.1561861705735046 1.2654042492299342
1647473974.101236 12.47496635960941 -1.1561914087550296 1.2654022656785855
1647473974.2012362 12.474998885302481 -1.1561966469365546 1.2654002821272365
1647473974.3012362 12.475031410995552 -1.1562018851180793 1.2653982985758878
1647473974.4012363 12.475049516072042 -1.156201887160821 1.265399510363827
1647473974.5012362 12.475064526165037 -1.1562007654122861 1.2654014079423008
1647473974.601236 12.475079536258031 -1.1561996436637512 1.265403305520775
1647473974.7012362 12.475094546351025 -1.156198521915216 1.265405203099249
1647473974.8012362 12.475167988532597 -1.1562049771877154 1.2654124943877407
1647473974.9012363 12.475254949034241 -1.1562131854113418 1.2654210335162488
1647473975.0012362 12.475341909535885 -1.1562213936349681 1.265429572644757
1647473975.101236 12.475428870037529 -1.1562296018585945 1.2654381117732652
1647473975.2012362 12.475301830482449 -1.156217691545233 1.2654243338610236
1647473975.3012362 12.475129111593574 -1.1562014868341006 1.2654057922698871
1647473975.4012363 12.474956392704698 -1.1561852821229686 1.2653872506787507
1647473975.5012362 12.474783673815823 -1.1561690774118363 1.2653687090876142
1647473975.601236 12.474841666234626 -1.1561738535544106 1.26537461144114
1647473975.7012362 12.474953153918749 -1.1561834945488512 1.26538618163695
1647473975.8012362 12.475064641602872 -1.1561931355432915 1.2653977518327602
1647473975.9012363 12.475176129286995 -1.156202776537732 1.2654093220285703
1647473976.0012362 12.475160979912394 -1.1562010015851183 1.265407584248313
1647473976.101236 12.475116453144558 -1.1561965783495363 1.265402759270279
1647473976.2012362 12.475071926376721 -1.1561921551139545 1.265397934292245
1647473976.3012362 12.475027399608884 -1.1561877318783724 1.265393109314211
1647473976.4012363 12.475083349251028 -1.1561930621746812 1.265398901053756
1647473976.5012362 12.475162561499184 -1.1562006506385503 1.2654071508082545
1647473976.601236 12.475241773747339 -1.1562082391024193 1.2654154005627527
1647473976.7012362 12.475320985995493 -1.1562158275662884 1.2654236503172511
1647473976.8012362 12.475319731761116 -1.1562159187601848 1.2654234408576808
1647473976.9012363 12.475299852510162 -1.1562142746131903 1.2654212734027155
1647473977.0012362 12.475279973259207 -1.1562126304661955 1.2654191059477502
1647473977.101236 12.475260094008252 -1.1562109863192007 1.265416938492785
1647473977.2012362 12.475191080181423 -1.1562054401105166 1.265410603386288
1647473977.3012362 12.47511161558027 -1.1561990639452209 1.2654033818330304
1647473977.4012363 12.475032150979116 -1.1561926877799251 1.2653961602797728
1647473977.5012362 12.474952686377963 -1.1561863116146294 1.2653889387265151
1647473977.601236 12.475034902250457 -1.1561940216392017 1.2653965000020033
1647473977.7012362 12.475151081347791 -1.1562046906632306 1.2654071666156015
1647473977.8012362 12.475267260445126 -1.1562153596872595 1.2654178332291997
1647473977.9012363 12.47538343954246 -1.1562260287112884 1.2654284998427978
1647473978.0012362 12.475281571082899 -1.1562169324486922 1.2654177786694185
1647473978.101236 12.475130015450643 -1.156203332208964 1.2654021837947222
1647473978.2012362 12.474978459818388 -1.1561897319692358 1.2653865889200262
1647473978.3012362 12.474826904186132 -1.1561761317295078 1.26537099404533
1647473978.4012363 12.474824916905224 -1.1561771240882184 1.2653715043599714
1647473978.5012362 12.474854333806489 -1.1561811803880344 1.2653753962075063
1647473978.601236 12.474883750707754 -1.1561852366878504 1.2653792880550414
1647473978.7012362 12.47491316760902 -1.1561892929876665 1.2653831799025763
1647473978.8012362 12.474965179132036 -1.156193736403269 1.265388222482945
1647473978.9012363 12.47502235315922 -1.1561982682685426 1.2653935279870798
1647473979.0012362 12.475079527186404 -1.1562028001338163 1.2653988334912147
1647473979.101236 12.475136701213588 -1.1562073319990898 1.2654041389953496
1647473979.2012362 12.475193875240771 -1.1562118638643635 1.2654094444994846
1647473979.3012362 12.475251049267955 -1.156216395729637 1.2654147500036195
1647473979.4012363 12.475308223295139 -1.1562209275949107 1.2654200555077544
1647473979.5012362 12.475365397322323 -1.1562254594601842 1.2654253610118895
1647473979.601236 12.475285092126772 -1.1562196807553373 1.26541688432006
1647473979.7012362 12.475175957893859 -1.1562117399506082 1.2654055175373897
1647473979.8012362 12.475066823660944 -1.1562037991458793 1.2653941507547195
1647473979.9012363 12.474957689428031 -1.1561958583411505 1.2653827839720493
1647473980.0012362 12.474908180790337 -1.1561910775620243 1.2653776588921288
1647473980.101236 12.474871207619882 -1.1561869611351328 1.2653738460449846
1647473980.2012362 12.47483423444943 -1.1561828447082412 1.2653700331978404
1647473980.3012362 12.474797261278976 -1.1561787282813496 1.2653662203506961
1647473980.4012363 12.474792241225071 -1.1561797848972981 1.2653659981298606
1647473980.5012362 12.474794496730768 -1.1561820193883827 1.2653665934760898
1647473980.601236 12.474796752236465 -1.1561842538794673 1.2653671888223192
1647473980.7012362 12.47479900774216 -1.156186488370552 1.2653677841685484
1647473980.8012362 12.474781313067878 -1.1561857079514597 1.2653653319332008
1647473980.9012363 12.474759056224498 -1.1561842380884602 1.265362182782712
1647473981.0012362 12.47473679938112 -1.1561827682254604 1.2653590336322231
1647473981.101236 12.47471454253774 -1.1561812983624609 1.2653558844817345
1647473981.2012362 12.474728575714538 -1.1561822265227653 1.265357342886772
1647473981.3012362 12.474750894748686 -1.1561837022076762 1.2653598533041155
1647473981.4012363 12.474773213782836 -1.1561851778925871 1.2653623637214593
1647473981.5012362 12.474795532816984 -1.1561866535774983 1.265364874138803
1647473981.601236 12.474910714748699 -1.1561990743008193 1.2653768025431105
1647473981.7012362 12.475047121294978 -1.1562139966068792 1.2653908835094045
1647473981.8012362 12.475183527841256 -1.1562289189129393 1.2654049644756986
1647473981.9012363 12.475319934387535 -1.1562438412189993 1.265419045441993
1647473982.0012362 12.475212769287008 -1.1562334069793307 1.2654080630572497
1647473982.101236 12.47505436765154 -1.1562176388612806 1.26539180846912
1647473982.2012362 12.47489596601607 -1.1562018707432304 1.2653755538809903
1647473982.3012362 12.474737564380602 -1.1561861026251803 1.2653592992928606
1647473982.4012363 12.474881997074316 -1.1561997902432888 1.265373378402326
1647473982.5012362 12.475090037762445 -1.1562196648095748 1.2653938288689368
1647473982.601236 12.475298078450574 -1.1562395393758609 1.2654142793355478
1647473982.7012362 12.475506119138704 -1.156259413942147 1.2654347298021589
1647473982.8012362 12.475674986699937 -1.1562746794812295 1.2654517644399346
1647473982.9012363 12.475835608822244 -1.1562889748794187 1.2654680800897133
1647473983.0012362 12.475996230944553 -1.1563032702776082 1.2654843957394921
1647473983.101236 12.47615685306686 -1.1563175656757976 1.265500711389271
1647473983.2012362 12.47617613572957 -1.1563206142114606 1.26550357290975
1647473983.3012362 12.476163490317528 -1.1563211221213954 1.2655033951908883
1647473983.4012363 12.476150844905488 -1.1563216300313301 1.2655032174720267
1647473983.5012362 12.476138199493448 -1.1563221379412651 1.265503039753165
1647473983.601236 12.47609964623628 -1.1563173442648793 1.265499474264063
1647473983.7012362 12.476055223828153 -1.1563113495696407 1.265495141311096
1647473983.8012362 12.476010801420028 -1.156305354874402 1.2654908083581289
1647473983.9012363 12.4759663790119 -1.1562993601791633 1.265486475405162
1647473984.0012362 12.47602664009397 -1.1563062086208133 1.2654926067949832
1647473984.101236 12.476110689910035 -1.156315975593041 1.2655011161478102
1647473984.2012362 12.476194739726099 -1.1563257425652689 1.2655096255006375
1647473984.3012362 12.476278789542164 -1.1563355095374968 1.2655181348534645
1647473984.4012363 12.476292278025905 -1.1563359146809038 1.2655203789101714
1647473984.5012362 12.476289828678023 -1.156334205248997 1.2655212078117024
1647473984.601236 12.476287379330142 -1.1563324958170906 1.2655220367132336
1647473984.7012362 12.476284929982262 -1.156330786385184 1.2655228656147646
1647473984.8012362 12.476241033513647 -1.156326303449874 1.2655183391505282
1647473984.9012363 12.476187769596567 -1.1563211936760835 1.2655126023220509
1647473985.0012362 12.47613450567949 -1.1563160839022928 1.2655068654935735
1647473985.101236 12.476081241762412 -1.1563109741285023 1.265501128665096
1647473985.2012362 12.476027977845334 -1.1563058643547117 1.2654953918366185
1647473985.3012362 12.475974713928256 -1.156300754580921 1.2654896550081411
1647473985.4012363 12.475921450011178 -1.1562956448071304 1.2654839181796638
1647473985.5012362 12.4758681860941 -1.15629053503334 1.2654781813511862
1647473985.601236 12.475840521555147 -1.1562892006455823 1.2654743458404425
1647473985.7012362 12.475818281420624 -1.1562886662468173 1.2654709132112176
1647473985.8012362 12.4757960412861 -1.1562881318480522 1.2654674805819925
1647473985.9012363 12.475773801151577 -1.1562875974492872 1.2654640479527675
1647473986.0012362 12.47583221481194 -1.1562932176026393 1.2654693987186527
1647473986.101236 12.475909276202831 -1.1563002607321766 1.265476780267905
1647473986.2012362 12.475986337593723 -1.156307303861714 1.2654841618171573
1647473986.3012362 12.476063398984612 -1.1563143469912514 1.2654915433664098
1647473986.4012363 12.476037400314885 -1.156311411754584 1.2654874095035056
1647473986.5012362 12.47598941521107 -1.1563063477719262 1.2654808189871816
1647473986.601236 12.475941430107255 -1.1563012837892683 1.2654742284708576
1647473986.7012362 12.47589344500344 -1.1562962198066105 1.2654676379545335
1647473986.8012362 12.475845459899626 -1.1562911558239524 1.2654610474382098
1647473986.9012363 12.47579747479581 -1.1562860918412945 1.2654544569218857
1647473987.0012362 12.475749489691994 -1.1562810278586366 1.2654478664055617
1647473987.101236 12.47570150458818 -1.1562759638759788 1.2654412758892377
1647473987.2012362 12.475528231171344 -1.1562557442922559 1.2654233065003582
1647473987.3012362 12.4753256433933 -1.1562319786733664 1.2654026747372138
1647473987.4012363 12.475123055615255 -1.1562082130544766 1.2653820429740694
1647473987.5012362 12.474920467837212 -1.1561844474355871 1.2653614112109253
1647473987.601236 12.474909910049401 -1.1561837586452886 1.2653596583336983
1647473987.7012362 12.47494452495709 -1.156188498395343 1.265362346482396
1647473987.8012362 12.474979139864779 -1.1561932381453974 1.2653650346310936
1647473987.9012363 12.475013754772467 -1.156197977895452 1.265367722779791
1647473988.0012362 12.475036806748642 -1.1561983269556106 1.2653676388480846
1647473988.101236 12.475057134336536 -1.1561976415078616 1.2653669017754894
1647473988.2012362 12.475077461924432 -1.1561969560601126 1.2653661647028944
1647473988.3012362 12.475097789512326 -1.1561962706123634 1.2653654276302995
1647473988.4012363 12.475130112794133 -1.1561976568756234 1.265365356193795
1647473988.5012362 12.475165259870778 -1.1561995308211208 1.2653654414484974
1647473988.601236 12.47520040694742 -1.1562014047666183 1.2653655267031998
1647473988.7012362 12.475235554024065 -1.1562032787121157 1.2653656119579022
1647473988.8012362 12.475184332427322 -1.156197465505934 1.2653565128610327
1647473988.9012363 12.475112775372274 -1.1561898423639696 1.2653452513134609
1647473989.0012362 12.475041218317227 -1.1561822192220053 1.265333989765889
1647473989.101236 12.474969661262177 -1.1561745960800407 1.265322728218317
1647473989.2012362 12.475034649527977 -1.1561786562768723 1.2653259945066444
1647473989.3012362 12.475129262387153 -1.15618525126698 1.265332412724518
1647473989.4012363 12.475223875246328 -1.1561918462570873 1.2653388309423914
1647473989.5012362 12.475318488105504 -1.1561984412471948 1.265345249160265
1647473989.601236 12.475258592598548 -1.1561919348210947 1.2653370834020163
1647473989.7012362 12.475165001405456 -1.156182571195611 1.2653257371229045
1647473989.8012362 12.475071410212362 -1.1561732075701274 1.2653143908437925
1647473989.9012363 12.474977819019267 -1.1561638439446436 1.2653030445646805
1647473990.0012362 12.474883612546794 -1.15615570330377 1.265291960896921
1647473990.101236 12.474789260958055 -1.156147851109034 1.2652809391671695
1647473990.2012362 12.474694909369315 -1.156139998914298 1.265269917437418
1647473990.3012362 12.474600557780576 -1.1561321467195618 1.2652588957076665
1647473990.4012363 12.474634758045827 -1.1561345008083772 1.2652617389159717
1647473990.5012362 12.47469682514925 -1.1561390673651055 1.2652675876973052
1647473990.601236 12.474758892252675 -1.1561436339218336 1.2652734364786389
1647473990.7012362 12.4748209593561 -1.156148200478562 1.2652792852599724
1647473990.8012362 12.474817730892076 -1.1561491870597185 1.2652785238595115
1647473990.9012363 12.474800325290037 -1.1561493963475646 1.2652763272397352
1647473991.0012362 12.474782919687998 -1.1561496056354108 1.2652741306199589
1647473991.101236 12.47476551408596 -1.156149814923257 1.2652719340001826
1647473991.2012362 12.474866515374591 -1.1561590838829556 1.2652812272686587
1647473991.3012362 12.474995462493856 -1.156170491063274 1.2652932323258597
1647473991.4012363 12.47512440961312 -1.1561818982435925 1.2653052373830607
1647473991.5012362 12.475253356732384 -1.156193305423911 1.2653172424402617
1647473991.601236 12.475300124229442 -1.1561966964941341 1.265321496025481
1647473991.7012362 12.47532749775953 -1.1561981958037206 1.2653239203032938
1647473991.8012362 12.475354871289618 -1.1561996951133073 1.2653263445811065
1647473991.9012363 12.475382244819706 -1.1562011944228938 1.2653287688589192
1647473992.0012362 12.47540144428426 -1.1562030154717458 1.2653309346143462
1647473992.101236 12.475418714610283 -1.156204912453389 1.2653330393566222
1647473992.2012362 12.475435984936308 -1.1562068094350326 1.265335144098898
1647473992.3012362 12.47545325526233 -1.156208706416676 1.265337248841174
1647473992.4012363 12.475500615076285 -1.156213272347854 1.2653418284625657
1647473992.5012362 12.475555125215166 -1.1562184725156937 1.2653469962026342
1647473992.601236 12.475609635354045 -1.1562236726835333 1.2653521639427028
1647473992.7012362 12.475664145492926 -1.1562288728513732 1.2653573316827715
1647473992.8012362 12.475718655631807 -1.1562340730192129 1.26536249942284
1647473992.9012363 12.475773165770686 -1.1562392731870528 1.2653676671629086
1647473993.0012362 12.475827675909567 -1.1562444733548924 1.2653728349029774
1647473993.101236 12.475882186048448 -1.1562496735227323 1.265378002643046
1647473993.2012362 12.475810323601891 -1.156243482376733 1.2653705937731998
1647473993.3012362 12.475708415427357 -1.1562345828876568 1.2653601947500777
1647473993.4012363 12.475606507252825 -1.1562256833985805 1.2653497957269553
1647473993.5012362 12.475504599078292 -1.156216783909504 1.265339396703833
1647473993.601236 12.475494408497154 -1.1562165049608535 1.265338032881831
1647473993.7012362 12.475504292060759 -1.156218112781904 1.2653386465859326
1647473993.8012362 12.475514175624365 -1.1562197206029547 1.2653392602900342
1647473993.9012363 12.47552405918797 -1.1562213284240053 1.2653398739941357
1647473994.0012362 12.475603023990084 -1.1562295008410297 1.2653476710861928
1647473994.101236 12.475697076839163 -1.156239107032759 1.2653570371034337
1647473994.2012362 12.47579112968824 -1.156248713224488 1.2653664031206746
1647473994.3012362 12.475885182537318 -1.1562583194162173 1.2653757691379157
1647473994.4012363 12.47589597753551 -1.156258181923564 1.2653776747060757
1647473994.5012362 12.475888591293549 -1.1562559166764246 1.2653779511159646
1647473994.601236 12.47588120505159 -1.1562536514292852 1.2653782275258538
1647473994.7012362 12.475873818809628 -1.1562513861821457 1.2653785039357428
1647473994.8012362 12.475862218514788 -1.1562505109969123 1.265378368210083
1647473994.9012363 12.475849689479697 -1.1562499421691164 1.2653781416533671
1647473995.0012362 12.475837160444607 -1.1562493733413204 1.2653779150966515
1647473995.101236 12.475824631409516 -1.1562488045135244 1.2653776885399357
1647473995.2012362 12.475816232329437 -1.1562482160705791 1.2653772314430218
1647473995.3012362 12.47580876887111 -1.1562476231839147 1.2653767221183179
1647473995.4012363 12.475801305412784 -1.15624703029725 1.265376212793614
1647473998.5198617 12.475797270110027 -1.1562259676660056 1.265369155462373
1647473998.6198616 12.475684689382971 -1.156214224426361 1.2653577045163968
1647473998.7198617 12.475572108655916 -1.1562024811867162 1.265346253570421
1647473998.8198617 12.47545952792886 -1.1561907379470713 1.2653348026244449
1647473998.9198618 12.475346947201807 -1.1561789947074266 1.265323351678469
1647473999.0198617 12.475234366474751 -1.1561672514677819 1.2653119007324931
1647473999.1198616 12.475122285659044 -1.156155571513819 1.265300500168226
1647473999.2198617 12.475183798270725 -1.156165867413075 1.2653065945729824
1647473999.3198617 12.475245310882409 -1.1561761633123313 1.2653126889777389
1647473999.4198618 12.47530682349409 -1.1561864592115874 1.2653187833824953
1647473999.5198617 12.475368215906684 -1.1561967219845908 1.2653248706518538
1647473999.6198616 12.475385697818554 -1.1561948832485178 1.2653283512550204
1647473999.7198617 12.475403179730424 -1.1561930445124446 1.2653318318581868
1647473999.8198617 12.475420661642294 -1.1561912057763715 1.2653353124613533
1647473999.9198618 12.475438182423185 -1.1561893741723257 1.2653387944237333
1647474000.0198617 12.475469265910489 -1.1561900311721516 1.2653427506614041
1647474000.1198616 12.475500349397791 -1.1561906881719775 1.2653467068990747
1647474000.2198617 12.475531432885095 -1.1561913451718036 1.2653506631367453
1647474000.3198617 12.475562516372399 -1.1561920021716294 1.2653546193744158
1647474000.4198618 12.475593599859701 -1.1561926591714553 1.2653585756120866
1647474000.5198617 12.475624683347005 -1.1561933161712812 1.2653625318497572
1647474000.6198616 12.47565576683431 -1.1561939731711073 1.2653664880874278
1647474000.7198617 12.475687014792962 -1.1561946498302555 1.2653704722487846
1647474000.8198617 12.475765944225824 -1.1562010258740076 1.2653825516955988
1647474000.9198618 12.475844873658685 -1.1562074019177597 1.265394631142413
1647474001.0198617 12.475923803091547 -1.1562137779615118 1.265406710589227
1647474001.1198616 12.47600255944636 -1.1562201434832653 1.2654187595192787
1647474001.2198617 12.476027249342717 -1.1562232221225697 1.2654212755635779
1647474001.3198617 12.476051939239076 -1.1562263007618738 1.2654237916078772
1647474001.4198618 12.476076629135433 -1.1562293794011782 1.2654263076521763
1647474001.5198617 12.476101208226465 -1.1562324478940396 1.2654288120689896
1647474001.6198616 12.476081339040679 -1.156231446258485 1.2654266522541056
1647474001.7198617 12.47606146985489 -1.1562304446229306 1.2654244924392215
1647474001.8198617 12.476041600669104 -1.1562294429873763 1.2654223326243375
1647474001.9198618 12.476021836748142 -1.1562284490114516 1.265420183599107
1647474002.0198617 12.476093834538062 -1.1562341321068028 1.2654274401573016
1647474002.1198616 12.47616583232798 -1.156239815202154 1.2654346967154964
1647474002.2198617 12.4762378301179 -1.1562454982975052 1.265441953273691
1647474002.3198617 12.47630928415215 -1.156251136017652 1.265449155309018
1647474002.4198618 12.476282087587547 -1.1562485415641846 1.2654464655605222
1647474002.5198617 12.476254891022945 -1.1562459471107172 1.2654437758120267
1647474002.6198616 12.476227694458343 -1.15624335265725 1.2654410860635312
1647474002.7198617 12.47620049789374 -1.1562407582037826 1.2654383963150355
1647474002.8198617 12.476173301329139 -1.1562381637503152 1.26543570656654
1647474002.9198618 12.476146104764537 -1.1562355692968478 1.2654330168180443
1647474003.0198617 12.476118908199934 -1.1562329748433804 1.2654303270695488
1647474003.1198616 12.476091711635332 -1.156230380389913 1.2654276373210533
1647474003.2198617 12.476111256617928 -1.1562316996095363 1.2654293724964216
1647474003.3198617 12.476131203720122 -1.1562330524986622 1.2654311457396057
1647474003.4198618 12.476151150822314 -1.156234405387788 1.2654329189827895
1647474003.5198617 12.476171138278543 -1.1562357717519292 1.265434696212613
1647474003.6198616 12.476200718681556 -1.1562403413918292 1.265437421144939
1647474003.7198617 12.476230299084568 -1.1562449110317294 1.265440146077265
1647474003.8198617 12.47625987948758 -1.1562494806716295 1.265442871009591
1647474003.9198618 12.476289184934261 -1.156254015203892 1.265445569689945
1647474004.0198617 12.476249609037598 -1.1562497546623312 1.2654416917946747
1647474004.1198616 12.476210033140934 -1.1562454941207703 1.2654378138994042
1647474004.2198617 12.476170457244269 -1.1562412335792094 1.265433936004134
1647474004.3198617 12.476130853187383 -1.1562369732082287 1.2654300552736522
1647474004.4198618 12.476081269450075 -1.1562327732890536 1.2654251697746242
1647474004.5198617 12.476031685712767 -1.1562285733698785 1.2654202842755962
1647474004.6198616 12.47598210197546 -1.1562243734507034 1.2654153987765682
1647474004.7198617 12.47593208798904 -1.156220132316181 1.2654104706261708
1647474004.8198617 12.475724039586568 -1.156200752409306 1.2653898762394165
1647474004.9198618 12.475515991184098 -1.1561813725024312 1.2653692818526623
1647474005.0198617 12.475307942781628 -1.1561619925955564 1.265348687465908
1647474005.1198616 12.475100162546177 -1.1561426370553305 1.2653281193459687
1647474005.2198617 12.475028384320554 -1.1561356391615882 1.265320872549614
1647474005.3198617 12.474956606094931 -1.156128641267846 1.265313625753259
1647474005.4198618 12.474884827869309 -1.1561216433741037 1.265306378956904
1647474005.5198617 12.474813178546361 -1.1561146576068875 1.2652991451690345
1647474005.6198616 12.474882564039778 -1.1561209396976695 1.2653061442072917
1647474005.7198617 12.474951949533194 -1.1561272217884515 1.265313143245549
1647474005.8198617 12.475021335026609 -1.1561335038792333 1.2653201422838063
1647474005.9198618 12.4750906090892 -1.156139775694016 1.2653271293420714
1647474006.0198617 12.475105496590777 -1.156141032054035 1.265328269270017
1647474006.1198616 12.475120384092353 -1.1561422884140542 1.2653294091979626
1647474006.2198617 12.475135271593931 -1.1561435447740733 1.265330549125908
1647474006.3198617 12.475150159095508 -1.1561448011340927 1.2653316890538535
1647474006.4198618 12.475165046597086 -1.1561460574941118 1.265332828981799
1647474006.5198617 12.475179934098662 -1.156147313854131 1.2653339689097445
1647474006.6198616 12.475194821600239 -1.1561485702141503 1.26533510883769
1647474006.7198617 12.475209709101817 -1.1561498265741694 1.2653362487656357
1647474006.8198617 12.475167922635432 -1.156146492951905 1.265332349694408
1647474006.9198618 12.475125603947264 -1.1561431162253963 1.265328403302246
1647474007.0198617 12.475083285259098 -1.1561397394988875 1.2653244569100839
1647474007.1198616 12.475041094311461 -1.1561363743072066 1.2653205215437933
1647474007.2198617 12.475041083159336 -1.1561368179040803 1.2653202269091937
1647474007.3198617 12.47504107200721 -1.156137261500954 1.2653199322745938
1647474007.4198618 12.475041060855084 -1.1561377050978277 1.2653196376399942
1647474007.5198617 12.475041380452234 -1.1561381772705224 1.26531937794172
1647474007.6198616 12.475175145872777 -1.156150178792572 1.2653332138350817
1647474007.7198617 12.475308911293318 -1.156162180314622 1.2653470497284431
1647474007.8198617 12.475442676713861 -1.1561741818366718 1.2653608856218046
1647474011.2014673 12.47637570971852 -1.1562285038789977 1.265441799451289
1647474011.3014672 12.476293903010705 -1.1562202801319474 1.2654347716448733
1647474011.4014673 12.476212096302888 -1.156212056384897 1.2654277438384578
1647474011.5014672 12.476130289595073 -1.1562038326378468 1.2654207160320423
1647474011.6014674 12.476003996092102 -1.1561912448163547 1.2654106202487714
1647474011.7014673 12.475867560543437 -1.1561776620784556 1.2653998250318517
1647474011.8014672 12.47573112499477 -1.1561640793405565 1.2653890298149322
1647474011.9014673 12.475594689446105 -1.1561504966026575 1.2653782345980125
1647474012.0014672 12.475466221800673 -1.156136964368691 1.2653669934656484
1647474012.1014674 12.475339571768307 -1.156123443655523 1.2653556506124533
1647474012.2014673 12.475212921735944 -1.1561099229423548 1.265344307759258
1647474012.3014672 12.475086271703578 -1.1560964022291869 1.265332964906063
1647474012.4014673 12.474990392226875 -1.1560881804494094 1.2653268037623386
1647474012.5014672 12.474901027584195 -1.1560810805756487 1.2653217397056322
1647474012.6014674 12.474811662941514 -1.1560739807018878 1.2653166756489258
1647474012.7014673 12.474722298298834 -1.1560668808281271 1.2653116115922196
1647474012.8014672 12.474706865520519 -1.156063187329875 1.2653191115786167
1647474012.9014673 12.474708598676001 -1.156060284743863 1.2653295287582154
1647474013.0014672 12.474710331831481 -1.156057382157851 1.265339945937814
1647474013.1014674 12.474712064986964 -1.1560544795718388 1.2653503631174128
1647474013.2014673 12.474831108242272 -1.1560631696720542 1.265364495341636
1647474013.3014672 12.474977422544434 -1.1560745547208695 1.2653794912012681
1647474013.4014673 12.475123736846598 -1.1560859397696845 1.2653944870609002
1647474013.5014672 12.475270051148762 -1.1560973248184998 1.2654094829205322
1647474013.6014674 12.475253455286913 -1.156094937819562 1.2654096211240362
1647474013.7014673 12.475199019951743 -1.1560893519592352 1.2654063083096982
1647474013.8014672 12.475144584616576 -1.1560837660989085 1.2654029954953605
1647474013.9014673 12.475090149281408 -1.1560781802385818 1.2653996826810225
1647474014.0014672 12.47519141878863 -1.156088043585323 1.2654085387874436
1647474014.1014674 12.475332839169697 -1.1561018907462763 1.2654205328361068
1647474014.2014673 12.475474259550765 -1.1561157379072298 1.2654325268847701
1647474014.3014672 12.475615679931833 -1.1561295850681832 1.2654445209334333
1647474014.4014673 12.475602249860817 -1.1561305396770538 1.2654471248973422
1647474014.5014672 12.475549438877588 -1.1561282155065933 1.265447340814601
1647474014.6014674 12.47549662789436 -1.1561258913361325 1.2654475567318597
1647474014.7014673 12.475443816911133 -1.156123567165672 1.2654477726491185
1647474014.8014672 12.47550006594271 -1.1561279541447875 1.265460759978096
1647474014.9014673 12.475583922893845 -1.15613404001307 1.2654769803169723
1647474015.0014672 12.475667779844983 -1.1561401258813522 1.2654932006558486
1647474015.1014674 12.475751636796119 -1.1561462117496344 1.2655094209947249
1647474015.2014673 12.475691019824136 -1.1561412761938508 1.2655060565642666
1647474015.3014672 12.475596629529678 -1.1561337641861988 1.265498113849256
1647474015.4014673 12.475502239235217 -1.156126252178547 1.2654901711342454
1647474015.5014672 12.475407848940756 -1.156118740170895 1.2654822284192349
1647474015.6014674 12.475441675382916 -1.1561240249952769 1.2654872787537401
1647474015.7014673 12.475505480979592 -1.1561323019267342 1.2654953670741538
1647474015.8014672 12.475569286576269 -1.1561405788581915 1.2655034553945677
1647474015.9014673 12.475633092172945 -1.1561488557896489 1.2655115437149813
1647474016.0014672 12.475537411186457 -1.1561417677740613 1.2655014465551808
1647474016.1014674 12.475401160913464 -1.1561307713109645 1.265486723476746
1647474016.2014673 12.47526491064047 -1.1561197748478678 1.2654720003983113
1647474016.3014672 12.47512866036748 -1.156108778384771 1.2654572773198765
1647474016.4014673 12.47508300593598 -1.1561068069286147 1.2654523588233024
1647474016.5014672 12.475060514948286 -1.1561071429761764 1.2654499471512932
1647474016.6014674 12.475038023960591 -1.1561074790237382 1.2654475354792842
1647474016.7014673 12.475015532972895 -1.1561078150712998 1.2654451238072753
1647474016.8014672 12.475042380506965 -1.1561123796889599 1.2654487933060177
1647474016.9014673 12.475081937112062 -1.1561180335406671 1.2654540292487528
1647474017.0014672 12.475121493717161 -1.1561236873923741 1.265459265191488
1647474017.1014674 12.475161050322258 -1.1561293412440814 1.2654645011342234
1647474017.2014673 12.47519038336148 -1.1561336339057937 1.2654680795507192
1647474017.3014672 12.475217448380121 -1.1561376245978248 1.2654712902575846
1647474017.4014673 12.47524451339876 -1.156141615289856 1.2654745009644501
1647474017.5014672 12.4752715784174 -1.1561456059818873 1.2654777116713156
1647474017.6014674 12.475288688911526 -1.156146974811975 1.2654796105715773
1647474017.7014673 12.475303595978694 -1.156147763294777 1.2654812191043758
1647474017.8014672 12.475318503045862 -1.156148551777579 1.2654828276371743
1647474017.9014673 12.47533341011303 -1.1561493402603806 1.2654844361699729
1647474018.0014672 12.475374257648197 -1.156157674881027 1.265488403458684
1647474018.1014674 12.475420822511051 -1.1561676726845755 1.265492890621612
1647474018.2014673 12.475467387373907 -1.156177670488124 1.26549737778454
1647474018.3014672 12.475513952236764 -1.1561876682916725 1.265501864947468
1647474018.4014673 12.475619859229283 -1.1561974972670233 1.2655126139868396
1647474018.5014672 12.47573884352607 -1.1562072890374786 1.2655247429642753
1647474018.6014674 12.475857827822857 -1.1562170808079342 1.265536871941711
1647474018.7014673 12.475976812119644 -1.1562268725783895 1.2655490009191468
1647474018.8014672 12.476046488815264 -1.1562391406074854 1.2655560225271159
1647474018.9014673 12.476105286675384 -1.1562519549785195 1.265561917285858
1647474019.0014672 12.476164084535505 -1.1562647693495538 1.2655678120446001
1647474019.1014674 12.476222882395625 -1.156277583720588 1.2655737068033421
1647474019.2014673 12.47622931256105 -1.1562800690962598 1.2655743918637785
1647474019.3014672 12.476224289885682 -1.156280295515525 1.265573937560612
1647474019.4014673 12.476219267210315 -1.1562805219347898 1.265573483257446
1647474019.5014672 12.476214244534946 -1.1562807483540547 1.2655730289542797
1647474019.6014674 12.476209221859579 -1.1562809747733196 1.2655725746511135
1647474019.7014673 12.47620419918421 -1.1562812011925847 1.2655721203479473
1647474019.8014672 12.476199176508842 -1.1562814276118496 1.265571666044781
1647474019.9014673 12.476194153833474 -1.1562816540311145 1.265571211741615
1647474020.0014672 12.476136577025239 -1.1562753077232264 1.2655651164447406
1647474020.1014674 12.476067603635064 -1.1562675360921624 1.2655577978749573
1647474020.2014673 12.47599863024489 -1.1562597644610983 1.2655504793051737
1647474020.3014672 12.475929656854715 -1.1562519928300343 1.2655431607353902
1647474020.4014673 12.475790037365508 -1.1562404290639627 1.2655295714971881
1647474020.5014672 12.475633761300259 -1.1562279712076866 1.2655145037928457
1647474020.6014674 12.47547748523501 -1.1562155133514105 1.2654994360885035
1647474020.7014673 12.475321209169758 -1.1562030554951344 1.2654843683841612
1647474020.8014672 12.475345590677342 -1.156203505101768 1.265486940821494
1647474020.9014673 12.475412711770835 -1.1562070083286362 1.2654936865261788
1647474021.0014672 12.475479832864329 -1.1562105115555044 1.2655004322308634
1647474021.1014674 12.475546953957823 -1.1562140147823725 1.2655071779355482
1647474021.2014673 12.475551754789205 -1.1562144199455577 1.2655074547488456
1647474021.3014672 12.475541788752464 -1.1562140910184762 1.2655061987498155
1647474021.4014673 12.475531822715723 -1.1562137620913946 1.2655049427507854
1647474021.5014672 12.475521856678983 -1.1562134331643132 1.265503686751755
1647474021.6014674 12.475554538923626 -1.1562173798723545 1.265506971701728
1647474021.7014673 12.475596563535428 -1.1562222631844479 1.2655112513743823
1647474021.8014672 12.475638588147227 -1.1562271464965412 1.2655155310470367
1647474021.9014673 12.475680612759028 -1.1562320298086346 1.2655198107196912
1647474022.0014672 12.475625066835141 -1.1562265713123088 1.2655144079291223
1647474022.1014674 12.47554830961001 -1.1562188645633498 1.265506900223962
1647474022.2014673 12.475471552384878 -1.1562111578143908 1.265499392518802
1647474022.3014672 12.475394795159746 -1.1562034510654318 1.2654918848136418
1647474022.4014673 12.475368907092443 -1.1562014317160936 1.2654891482040496
1647474022.5014672 12.475354059086051 -1.156200646694999 1.2654874470585369
1647474022.6014674 12.475339211079659 -1.1561998616739044 1.265485745913024
1647474022.7014673 12.475324363073264 -1.1561990766528099 1.265484044767511
1647474022.8014672 12.47529936016525 -1.1561977944609094 1.2654812343468775
1647474022.9014673 12.475271960826806 -1.156196394942885 1.2654781621511175
1647474023.0014672 12.47524456148836 -1.1561949954248605 1.2654750899553577
1647474023.1014674 12.475217162149915 -1.156193595906836 1.2654720177595977
1647474023.2014673 12.475352665986385 -1.1562053440805102 1.2654857670357313
1647474023.3014672 12.47552370976169 -1.156219960633877 1.2655031861855952
1647474023.4014673 12.475694753536995 -1.156234577187244 1.2655206053354593
1647474023.5014672 12.475865797312302 -1.1562491937406107 1.2655380244853232
1647474023.6014674 12.475857518040826 -1.1562495857321937 1.2655369584057028
1647474023.7014673 12.475810389420033 -1.156246896050899 1.2655318876030401
1647474023.8014672 12.475763260799242 -1.156244206369604 1.2655268168003777
1647474023.9014673 12.47571613217845 -1.156241516688309 1.2655217459977153
1647474024.0014672 12.475733185524017 -1.1562365369829786 1.2655160220646704
1647474024.1014674 12.475764573858322 -1.1562310458026868 1.2655101522554988
1647474024.2014673 12.475795962192628 -1.1562255546223947 1.2655042824463272
1647474024.3014672 12.475827350526933 -1.156220063442103 1.2654984126371553
1647474024.4014673 12.47579897389526 -1.1562154958988664 1.265491112995276
1647474024.5014672 12.475757247656643 -1.1562111346669939 1.2654834939739017
1647474024.6014674 12.475715521418024 -1.1562067734351216 1.2654758749525274
1647474024.7014673 12.475673795179405 -1.156202412203249 1.265468255931153
1647474024.8014672 12.475470177094584 -1.1561811080767717 1.2654446561559427
1647474024.9014673 12.47523050636997 -1.156156030838241 1.2654174975334207
1647474025.0014672 12.474990835645356 -1.1561309535997104 1.2653903389108987
1647474025.1014674 12.474751164920741 -1.1561058763611796 1.2653631802883765
1647474025.2014673 12.474743202996748 -1.156101787376338 1.2653607982365158
1647474025.3014672 12.47478699982008 -1.1561023867145837 1.2653639507360275
1647474025.4014673 12.474830796643412 -1.1561029860528291 1.265367103235539
1647474025.5014672 12.474874593466744 -1.1561035853910748 1.2653702557350506
1647474025.6014674 12.474918390290075 -1.1561041847293205 1.265373408234562
1647474025.7014673 12.474962187113407 -1.156104784067566 1.2653765607340737
1647474025.8014672 12.475005983936738 -1.1561053834058117 1.2653797132335851
1647474025.9014673 12.47504978076007 -1.1561059827440572 1.2653828657330968
1647474026.0014672 12.474974512837438 -1.1560978965585376 1.2653749380020478
1647474026.1014674 12.47487299647978 -1.1560878956046758 1.2653645675772396
1647474026.2014673 12.474771480122124 -1.1560778946508141 1.2653541971524314
1647474026.3014672 12.474669963764466 -1.1560678936969524 1.265343826727623
1647474026.4014673 12.474616595933922 -1.1560708718003971 1.2653370436120486
1647474026.5014672 12.474573753641167 -1.1560766871984867 1.2653310447023713
1647474026.6014674 12.474530911348412 -1.1560825025965764 1.2653250457926941
1647474026.7014673 12.474488069055656 -1.1560883179946662 1.2653190468830169
1647474026.8014672 12.474636711279436 -1.156105213343787 1.2653319600531105
1647474026.9014673 12.474826868792823 -1.1561245109099865 1.2653489735049552
1647474027.0014672 12.47501702630621 -1.156143808476186 1.2653659869568001
1647474027.1014674 12.475207183819595 -1.1561631060423854 1.2653830004086448
1647474027.2014673 12.475179266749425 -1.1561599972850627 1.2653804790146346
1647474027.3014672 12.47509974978753 -1.1561515868376082 1.2653733353674732
1647474027.4014673 12.475020232825635 -1.1561431763901535 1.265366191720312
1647474027.5014672 12.47494071586374 -1.156134765942699 1.265359048073151
1647474027.6014674 12.474901941095322 -1.1561298495719323 1.2653581197530728
1647474027.7014673 12.474871991892003 -1.1561256900872987 1.2653585377957972
1647474027.8014672 12.474842042688683 -1.1561215306026653 1.2653589558385216
1647474027.9014673 12.474812093485365 -1.1561173711180317 1.2653593738812459
1647474028.0014672 12.474779702441868 -1.1561192914684688 1.2653578457440176
1647474028.1014674 12.474746787012753 -1.156122517464586 1.2653558996642928
1647474028.2014673 12.474713871583637 -1.1561257434607028 1.265353953584568
1647474028.3014672 12.47468095615452 -1.15612896945682 1.2653520075048432
1647474028.4014673 12.474621864943579 -1.1561258587397252 1.2653474057223595
1647474028.5014672 12.474557190981068 -1.1561213965330788 1.265342237533537
1647474028.6014674 12.474492517018556 -1.1561169343264326 1.2653370693447146
1647474028.7014673 12.474427843056045 -1.1561124721197864 1.2653319011558921
1647474028.8014672 12.474518237841394 -1.1561242949050974 1.265341321849092
1647474028.9014673 12.474641695453467 -1.1561395898785491 1.265353853096063
1647474029.0014672 12.474765153065542 -1.156154884852001 1.265366384343034
1647474029.1014674 12.474888610677617 -1.1561701798254527 1.265378915590005
1647474029.2014673 12.474898311889337 -1.156169928501063 1.265380249576391
1647474029.3014672 12.474883609022259 -1.156166342040572 1.2653791814225124
1647474029.4014673 12.47486890615518 -1.156162755580081 1.265378113268634
1647474029.5014672 12.474854203288102 -1.1561591691195903 1.2653770451147552
1647474029.6014674 12.475094015402151 -1.1561842605008084 1.2654028676103861
1647474029.7014673 12.475388173897707 -1.1562154754387595 1.2654344320450213
1647474029.8014672 12.475682332393264 -1.1562466903767108 1.2654659964796564
1647474029.9014673 12.47597649088882 -1.156277905314662 1.2654975609142913
1647474030.0014672 12.4760265389442 -1.1562805970036625 1.2655036934385746
1647474030.1014674 12.476024263827705 -1.1562771749563712 1.2655043748309212
1647474030.2014673 12.47602198871121 -1.1562737529090799 1.265505056223268
1647474030.3014672 12.476019713594713 -1.1562703308617888 1.2655057376156147
1647474030.4014673 12.476043906173855 -1.1562691985078037 1.2655094337239976
1647474030.5014672 12.476073807147966 -1.1562685599812352 1.2655137800283813
1647474030.6014674 12.476103708122077 -1.1562679214546667 1.2655181263327653
1647474030.7014673 12.476133609096188 -1.1562672829280984 1.265522472637149
1647474030.8014672 12.476184814708814 -1.1562802597611066 1.2655280308989088
1647474030.9014673 12.476240610405624 -1.1562961700232175 1.2655338502768747
1647474031.0014672 12.476296406102433 -1.1563120802853286 1.2655396696548407
1647474031.1014674 12.476352201799243 -1.1563279905474397 1.2655454890328066
1647474031.2014673 12.476296187795601 -1.1563273187811567 1.2655412159608619
1647474031.3014672 12.47621400140088 -1.156322765497168 1.2655345804503724
1647474031.4014673 12.476131815006159 -1.156318212213179 1.2655279449398829
1647474031.5014672 12.476049628611438 -1.15631365892919 1.2655213094293933
1647474031.6014674 12.475953578127948 -1.1563056574345951 1.2655134055953996
1647474031.7014673 12.475854288360097 -1.1562968502805102 1.2655052054231062
1647474031.8014672 12.475754998592246 -1.156288043126425 1.2654970052508128
1647474031.9014673 12.475655708824394 -1.1562792359723402 1.2654888050785194
1647474032.0014672 12.475590769070347 -1.1562732920737238 1.2654821217939132
1647474032.1014674 12.475533859585703 -1.156268017540567 1.2654757931239182
1647474032.2014673 12.475476950101058 -1.1562627430074104 1.265469464453923
1647474032.3014672 12.475420040616413 -1.1562574684742535 1.2654631357839279
1647474032.4014673 12.475435462361553 -1.1562587772846606 1.265464436968069
1647474032.5014672 12.475467792069807 -1.1562616250006066 1.2654675216873814
1647474032.6014674 12.47550012177806 -1.1562644727165527 1.2654706064066938
1647474032.7014673 12.475532451486313 -1.1562673204324987 1.265473691126006
1647474032.8014672 12.475553137509412 -1.1562615911784322 1.265475320156152
1647474032.9014673 12.4755713163769 -1.156254015103691 1.2654766357426401
1647474033.0014672 12.475589495244387 -1.15624643902895 1.2654779513291285
1647474033.1014674 12.475607674111876 -1.1562388629542086 1.265479266915617
1647474033.2014673 12.475513017511956 -1.156224690726519 1.2654702776595042
1647474033.3014672 12.47539197503543 -1.1562089760292338 1.2654588786796446
1647474033.4014673 12.475270932558905 -1.1561932613319486 1.2654474796997848
1647474033.5014672 12.47514989008238 -1.1561775466346635 1.2654360807199252
1647474033.6014674 12.475259946171372 -1.1561861315218576 1.2654472662152287
1647474033.7014673 12.475423997440412 -1.1562003939018395 1.2654637284754484
1647474033.8014672 12.475588048709454 -1.1562146562818216 1.2654801907356683
1647474033.9014673 12.475752099978495 -1.1562289186618036 1.265496652995888
1647474034.0014672 12.475811988443064 -1.1562343017893804 1.2654997723364516
1647474034.1014674 12.4758493832073 -1.1562377674643325 1.2655000103064735
1647474034.2014673 12.475886777971537 -1.1562412331392848 1.2655002482764957
1647474034.3014672 12.475924172735773 -1.156244698814237 1.2655004862465176
1647474034.4014673 12.47592788615104 -1.1562450429664344 1.2654937948609488
1647474034.5014672 12.475923720310101 -1.1562446568842946 1.2654854824545567
1647474034.6014674 12.475919554469163 -1.1562442708021547 1.2654771700481646
1647474034.7014673 12.475915388628225 -1.156243884720015 1.2654688576417727
1647474034.8014672 12.476003595773209 -1.156270317108141 1.265472754906815
1647474034.9014673 12.476113436502546 -1.1563030303329525 1.2654795116545758
1647474035.0014672 12.476223277231881 -1.156335743557764 1.2654862684023367
1647474035.1014674 12.476333117961218 -1.1563684567825752 1.2654930251500973
1647474035.2014673 12.463417271820324 -1.1416987622364516 1.2648245018439652
1647474035.3014672 12.447450767410574 -1.123585715928125 1.263997825750903
1647474035.4014673 12.431484263000822 -1.1054726696197985 1.263171149657841
1647474035.5014672 12.415517758591072 -1.087359623311472 1.262344473564779
1647474035.6014674 12.371099951246652 -1.0283187763326878 1.2576644727121353
1647474035.7014673 12.32055563762278 -0.9604648205698348 1.2521547236265003
1647474035.8014672 12.270011323998906 -0.8926108648069819 1.2466449745408652
1647474035.9014673 12.219467010375034 -0.8247569090441289 1.24113522545523
1647474036.0014672 12.169982052006661 -0.7575929364271229 1.2378056397316277
1647474036.1014674 12.1207449511383 -0.6905903992650249 1.2349861471403605
1647474036.2014673 12.07150785026994 -0.6235878621029267 1.2321666545490932
1647474036.3014672 12.02227074940158 -0.5565853249408287 1.2293471619578262
1647474036.4014673 11.970224500956668 -0.48683683089559715 1.2276726561187874
1647474036.5014672 11.917521654532335 -0.4164465087897484 1.2262657745207295
1647474036.6014674 11.864818808108001 -0.34605618668389965 1.2248588929226716
1647474036.7014673 11.812115961683668 -0.27566586457805087 1.2234520113246137
1647474036.8014672 11.76895507042309 -0.20909050075173302 1.2224345154608476
1647474036.9014673 11.727850631921026 -0.14333732497209084 1.2215009388100384
1647474037.0014672 11.68674619341896 -0.07758414919244863 1.2205673621592292
1647474037.1014674 11.645641754916896 -0.011830973412806423 1.21963378550842
1647474037.2014673 11.595927222799087 0.060750412811569184 1.2152930188675488
1647474037.3014672 11.544364483272071 0.13479751470627013 1.210220878786941
1647474037.4014673 11.492801743745057 0.2088446166009711 1.2051487387063333
1647474037.5014672 11.441239004218042 0.2828917184956721 1.2000765986257254
1647474037.6014674 11.382243312520194 0.36445489211293713 1.1895887119453006
1647474037.7014673 11.321665711040648 0.44761766533808206 1.1779482250160735
1647474037.8014672 11.261088109561104 0.530780438563227 1.1663077380868463
1647474037.9014673 11.200510508081559 0.6139432117883719 1.1546672511576193
1647474038.0014672 11.156611830422259 0.6818598744764759 1.1489971248233815
1647474038.1014674 11.116577326078012 0.7462443180519713 1.1447102117192691
1647474038.2014673 11.076542821733765 0.8106287616274669 1.1404232986151566
1647474038.3014672 11.03650831738952 0.8750132052029624 1.136136385511044
1647474038.4014673 11.00412051343469 0.9361718650002274 1.1339101553989506
1647474038.5014672 10.973492871950752 0.9965879949144716 1.1321582654181865
1647474038.6014674 10.942865230466813 1.0570041248287159 1.1304063754374225
1647474038.7014673 10.912237588982874 1.11742025474296 1.1286544854566585
1647474038.8014672 10.879681514811008 1.1887214673838755 1.1237400577163752
1647474038.9014673 10.846716732536562 1.262329642324003 1.1181553681540877
1647474039.0014672 10.813751950262118 1.33593781726413 1.1125706785918004
1647474039.1014674 10.780787167987672 1.4095459922042575 1.1069859890295128
1647474039.2014673 10.739209101003453 1.5066583356309124 1.0977964125886026
1647474039.3014672 10.69562271357718 1.609251039179812 1.08776630106107
1647474039.4014673 10.652036326150906 1.7118437427287119 1.0777361895335373
1647474039.5014672 10.608449938724632 1.8144364462776115 1.0677060780060048
1647474039.6014674 10.602039860006546 1.8834089127574067 1.0711389950408057
1647474039.7014673 10.60356905318187 1.9452015323807632 1.0774470400261542
1647474039.8014672 10.605098246357194 2.0069941520041197 1.0837550850115028
1647474039.9014673 10.606627439532517 2.0687867716274764 1.0900631299968513
1647474040.0014672 10.608156632707841 2.1305793912508326 1.0963711749821996
1647474040.1014674 10.609685825883163 2.1923720108741893 1.1026792199675481
1647474040.2014673 10.611215019058488 2.254164630497546 1.1089872649528967
1647474040.3014672 10.612744212233812 2.3159572501209023 1.115295309938245
1647474040.4014673 10.601181399455456 2.361311123259973 1.114954969242289
1647474040.5014672 10.586551673521084 2.4028140809595437 1.1130571879536237
1647474040.6014674 10.571921947586713 2.4443170386591144 1.1111594066649584
1647474040.7014673 10.557292221652341 2.485819996358685 1.1092616253762928
1647474040.8014672 10.569596561494807 2.5678730766027806 1.1122095415073143
1647474040.9014673 10.588221433393038 2.659441925893086 1.1162945821306953
1647474041.0014672 10.606846305291267 2.7510107751833917 1.120379622754076
1647474041.1014674 10.625471177189496 2.8425796244736974 1.124464663377457
1647474041.2014673 10.63338395974844 2.93410603571956 1.1266169621259112
1647474041.3014672 10.638973887137883 3.0256232445187483 1.12835015687763
1647474041.4014673 10.644563814527325 3.1171404533179365 1.1300833516293487
1647474041.5014672 10.650153741916768 3.2086576621171248 1.1318165463810672
1647474041.6014674 10.64633464547536 3.299273953211486 1.1319731305662373
1647474041.7014673 10.640298398058949 3.389677951234477 1.1317582007965419
1647474041.8014672 10.634262150642538 3.4800819492574675 1.1315432710268465
1647474041.9014673 10.628225903226127 3.570485947280458 1.131328341257151
1647474042.0014672 10.625798803118416 3.663002121098434 1.1271511796031322
1647474042.1014674 10.62422151423157 3.7560156286458186 1.1220410692975433
1647474042.2014673 10.622644225344724 3.8490291361932027 1.1169309589919545
1647474042.3014672 10.621066936457877 3.9420426437405873 1.1118208486863657
1647474042.4014673 10.620216000859248 4.0367750501546835 1.1054231493860665
1647474042.5014672 10.619536381956427 4.131912873710895 1.0987217611017532
1647474042.6014674 10.618856763053609 4.227050697267108 1.09202037281744
1647474042.7014673 10.618177144150788 4.32218852082332 1.0853189845331266
1647474042.8014672 10.611796174763994 4.431400949115981 1.0739976711184809
1647474042.9014673 10.604069321494363 4.543935885597771 1.061585759469205
1647474043.0014672 10.596342468224732 4.656470822079561 1.049173847819929
1647474043.1014674 10.588615614955101 4.7690057585613514 1.0367619361706533
1647474043.2014673 10.595983061687292 4.86047693242669 1.0305218983997937
1647474043.3014672 10.606904629120754 4.946988409270455 1.0257350969309995
1647474043.4014673 10.617826196554216 5.03349988611422 1.0209482954622051
1647474043.5014672 10.628747763987677 5.120011362957986 1.0161614939934107
1647474043.6014674 10.635348952681436 5.19195341888137 1.017670265975992
1647474043.7014673 10.640920593706044 5.2604235770260654 1.0206792751746476
1647474043.8014672 10.64649223473065 5.3288937351707615 1.023688284373303
1647474043.9014673 10.652063875755257 5.397363893315457 1.0266972935719585
1647474044.0014672 10.639792653682266 5.457405013451557 1.0261770699089539
1647474044.1014674 10.623270097690748 5.515437786889571 1.0248159527587841
1647474044.2014673 10.606747541699232 5.573470560327585 1.0234548356086144
1647474044.3014672 10.590224985707716 5.631503333765599 1.0220937184584447
1647474044.4014673 10.587453613493116 5.715388437412395 1.0216435406108118
1647474044.5014672 10.58796643547736 5.805447851160467 1.0214109223290626
1647474044.6014674 10.588479257461605 5.895507264908538 1.0211783040473132
1647474044.7014673 10.58899207944585 5.9855666786566095 1.020945685765564
1647474044.8014672 10.569533147230098 6.090367753229326 1.0192148670581136
1647474044.9014673 10.545296584625135 6.198695318566848 1.0171256497938173
1647474045.0014672 10.52106002202017 6.307022883904371 1.0150364325295207
1647474045.1014674 10.496823459415209 6.415350449241894 1.0129472152652244
1647474045.2014673 10.470671220255372 6.522264671395252 1.006807388670388
1647474045.3014672 10.44409907838977 6.628869098752772 0.9997796972564243
1647474045.4014673 10.417526936524167 6.735473526110292 0.9927520058424605
1647474045.5014672 10.390954794658565 6.842077953467812 0.9857243144284966
1647474045.6014674 10.364934064615225 6.935386378533582 0.9757745765047342
1647474045.7014673 10.339034212636985 7.025780112681089 0.965184280446431
1647474045.8014672 10.313134360658744 7.1161738468285956 0.9545939843881279
1647474045.9014673 10.287234508680504 7.2065675809761025 0.9440036883298247
1647474046.0014672 10.259572660861975 7.283875259897646 0.9372518878944542
1647474046.1014674 10.231521113548428 7.358288704339893 0.9313490450852501
1647474046.2014673 10.20346956623488 7.43270214878214 0.9254462022760459
1647474046.3014672 10.175418018921333 7.5071155932243885 0.9195433594668418
1647474046.4014673 10.147366471607786 7.581529037666636 0.9136405166576377
1647474046.5014672 10.119314924294239 7.655942482108884 0.9077376738484335
1647474046.6014674 10.09126337698069 7.730355926551131 0.9018348310392295
1647474046.7014673 10.063211829667143 7.8047693709933785 0.8959319882300253
1647474046.8014672 10.02993339532059 7.870149241243733 0.8929912082159819
1647474046.9014673 9.995397288858483 7.933355489930585 0.8907631476004008
1647474047.0014672 9.960861182396377 7.996561738617436 0.8885350869848196
1647474047.1014674 9.926325075934269 8.059767987304287 0.8863070263692384
1647474047.2014673 9.884447080975715 8.124517079086075 0.8840872789725922
1647474047.3014672 9.840805866606118 8.18963669827297 0.8818695280689466
1647474047.4014673 9.797164652236521 8.254756317459865 0.879651777165301
1647474047.5014672 9.753523437866926 8.31987593664676 0.8774340262616553
1647474047.6014674 9.712822099494877 8.388475783523564 0.8772681312691577
1647474047.7014673 9.67282672717926 8.457911353614465 0.877594957951711
1647474047.8014672 9.632831354863642 8.527346923705366 0.8779217846342645
1647474047.9014673 9.592835982548024 8.596782493796267 0.878248611316818
1647474048.0014672 9.547733001605257 8.664972428260024 0.8807152806120956
1647474048.1014674 9.501403293408867 8.732863190394134 0.8836958896868501
1647474048.2014673 9.455073585212476 8.800753952528245 0.8866764987616047
1647474048.3014672 9.408743877016088 8.868644714662356 0.8896571078363592
1647474048.4014673 9.363519046244342 8.937162456085163 0.8926841245069502
1647474048.5014672 9.318563059553789 9.005832757119595 0.895722433296635
1647474048.6014674 9.273607072863236 9.074503058154027 0.8987607420863198
1647474048.7014673 9.228651086172684 9.143173359188461 0.9017990508760046
1647474048.8014672 9.181390896166096 9.216775909583932 0.9060850594030704
1647474048.9014673 9.133603861638228 9.29150619403628 0.9106563482117284
1647474049.0014672 9.08581682711036 9.366236478488629 0.9152276370203862
1647474049.1014674 9.038029792582492 9.440966762940976 0.9197989258290441
1647474049.2014673 8.979373190787237 9.517917355383684 0.922410147036049
1647474049.3014672 8.918237205960512 9.595374407174818 0.9245742705589854
1647474049.4014673 8.857101221133787 9.672831458965954 0.9267383940819218
1647474049.5014672 8.795965236307062 9.750288510757088 0.9289025176048583
1647474049.6014674 8.743303330019605 9.82097855170555 0.9327306578566674
1647474049.7014673 8.692573486233275 9.89012573606692 0.9369381885411004
1647474049.8014672 8.641843642446945 9.95927292042829 0.9411457192255336
1647474049.9014673 8.591113798660615 10.02842010478966 0.9453532499099666
1647474050.0014672 8.541425748157977 10.089126502591359 0.9515336900039241
1647474050.1014674 8.492024577819608 10.147508548458072 0.9582574130930342
1647474050.2014673 8.44262340748124 10.205890594324783 0.9649811361821444
1647474050.3014672 8.393222237142869 10.264272640191496 0.9717048592712545
1647474050.4014673 8.340750838274992 10.3157259224009 0.9754302952411481
1647474050.5014672 8.287561003971218 10.365557869491264 0.9784541301110798
1647474050.6014674 8.234371169667446 10.41538981658163 0.9814779649810116
1647474050.7014673 8.181181335363672 10.465221763671996 0.9845017998509434
1647474050.8014672 8.126085369962153 10.530286101907238 0.9900438058284347
1647474050.9014673 8.070539900653399 10.598942543195768 0.9961796470113204
1647474051.0014672 8.014994431344643 10.667598984484298 1.0023154881942062
1647474051.1014674 7.959448962035889 10.73625542577283 1.008451329377092
1647474051.2014673 7.893259608430096 10.809849068553522 1.0150115315125414
1647474051.3014672 7.82455131674797 10.884611129223968 1.0216721611734778
1647474051.4014673 7.755843025065843 10.959373189894416 1.0283327908344142
1647474051.5014672 7.687134733383716 11.034135250564862 1.0349934204953506
1647474051.6014674 7.6184264417015894 11.10889731123531 1.041654050156287
1647474051.7014673 7.549718150019463 11.183659371905756 1.0483146798172234
1647474051.8014672 7.481009858337336 11.258421432576204 1.0549753094781598
1647474051.9014673 7.412301566655209 11.33318349324665 1.0616359391390962
1647474052.0014672 7.341236995682603 11.406333947906441 1.0636438690337668
1647474052.1014674 7.269617211204949 11.479104657505639 1.06455547653762
1647474052.2014673 7.1979974267272935 11.551875367104836 1.0654670840414728
1647474052.3014672 7.126377642249638 11.624646076704034 1.066378691545326
1647474052.4014673 7.059539753172219 11.693176052001082 1.067592674109871
1647474052.5014672 6.993829384590383 11.760706106881269 1.0688779535242523
1647474052.6014674 6.928119016008548 11.828236161761454 1.0701632329386337
1647474052.7014673 6.8624086474267125 11.89576621664164 1.071448512353015
1647474052.8014672 6.796698278844877 11.963296271521825 1.0727337917673965
1647474052.9014673 6.730987910263042 12.03082632640201 1.0740190711817779
1647474053.0014672 6.665277541681206 12.098356381282196 1.0753043505961595
1647474053.1014674 6.599567173099371 12.165886436162381 1.0765896300105409
1647474053.2014673 6.534110873847364 12.224576018537059 1.0773132265185899
1647474053.3014672 6.468714437805485 12.28118262984405 1.0779044806385623
1647474053.4014673 6.403318001763604 12.337789241151041 1.0784957347585349
1647474053.5014672 6.337921565721724 12.394395852458032 1.0790869888785073
1647474053.6014674 6.2682708629643455 12.45562054859086 1.0800411048340384
1647474053.7014673 6.1976178512536215 12.51793326954154 1.0810807113549075
1647474053.8014672 6.1269648395428975 12.580245990492223 1.0821203178757766
1647474053.9014673 6.0563118278321735 12.642558711442906 1.0831599243966459
1647474054.0014672 5.9842147756263095 12.703237627951701 1.082191533702481
1647474054.1014674 5.911777430525541 12.763531533067043 1.0807499518564303
1647474054.2014673 5.839340085424773 12.823825438182386 1.0793083700103794
1647474054.3014672 5.766902740324004 12.884119343297728 1.0778667881643287
1647474054.4014673 5.697370578793468 12.943863235527411 1.0797511354984282
1647474054.5014672 5.628523799172179 13.003477370420743 1.0824201257428299
1647474054.6014674 5.559677019550889 13.063091505314073 1.0850891159872316
1647474054.7014673 5.490830239929599 13.122705640207405 1.087758106231633
1647474054.8014672 5.413631657601789 13.177044103225404 1.0857188159916795
1647474054.9014673 5.334460906408907 13.230136785400575 1.0825677269574343
1647474055.0014672 5.2552901552160245 13.283229467575744 1.0794166379231893
1647474055.1014674 5.176119404023143 13.336322149750913 1.076265548888944
1647474055.2014673 5.095372767326048 13.393991941619085 1.0722445561224883
1647474055.3014672 5.014253498250287 13.452744032466315 1.068017866751756
1647474055.4014673 4.933134229174526 13.511496123313545 1.0637911773810234
1647474055.5014672 4.8520149600987645 13.570248214160776 1.059564488010291
1647474055.6014674 4.775668564603439 13.622949069279432 1.0578085208048136
1647474055.7014673 4.700451495962465 13.674218119659264 1.0566371600934825
1647474055.8014672 4.625234427321491 13.725487170039095 1.0554657993821515
1647474055.9014673 4.550017358680516 13.776756220418926 1.0542944386708204
1647474056.0014672 4.4777220573837075 13.827407077653792 1.0526756092048104
1647474056.1014674 4.4061173340958755 13.87791182106749 1.0509510176964183
1647474056.2014673 4.334512610808044 13.92841656448119 1.049226426188026
1647474056.3014672 4.262907887520212 13.978921307894888 1.0475018346796336
1647474056.4014673 4.178077735186388 14.039586565285688 1.04231282712331
1647474056.5014672 4.0901223253537315 14.102652820208478 1.0363051548419915
1647474056.6014674 4.002166915521076 14.165719075131268 1.0302974825606732
1647474056.7014673 3.914211505688419 14.228785330054057 1.024289810279355
1647474056.8014672 3.8262560958557628 14.291851584976847 1.0182821379980367
1647474056.9014673 3.7383006860231065 14.354917839899638 1.0122744657167182
1647474057.0014672 3.6503452761904502 14.417984094822428 1.0062667934354
1647474060.9195983 1.0072933492963123 16.824974603818596 0.9569724074133484
1647474061.0195982 0.9416455573708282 16.89470366091499 0.9569924144996759
1647474061.1195984 0.8759977654453442 16.96443271801138 0.9570124215860032
1647474061.2195983 0.8147205411027857 17.035477321892888 0.9562531669410212
1647474061.3195984 0.7534975327824973 17.106538244870816 0.9554842457091309
1647474061.4195983 0.692274524462209 17.177599167848747 0.9547153244772406
1647474061.5195982 0.6310515161419207 17.248660090826675 0.9539464032453503
1647474061.6195984 0.5698285078216323 17.319721013804603 0.95317748201346
1647474061.7195983 0.508605499501344 17.390781936782535 0.9524085607815697
1647474061.8195984 0.44738249118105566 17.461842859760463 0.9516396395496793
1647474061.9195983 0.3861594828607673 17.53290378273839 0.950870718317789
1647474062.0195982 0.3329854263645235 17.60617373305772 0.9516542059274675
1647474062.1195984 0.2800264678481616 17.679502716817556 0.9524791796850411
1647474062.2195983 0.22706750933179973 17.75283170057739 0.9533041534426149
1647474062.3195984 0.17410855081543786 17.826160684337225 0.9541291272001885
1647474062.4195983 0.12114959229907596 17.899489668097058 0.9549541009577621
1647474062.5195982 0.06819063378271406 17.972818651856894 0.9557790747153357
1647474062.6195984 0.015231675266352218 18.046147635616727 0.9566040484729094
1647474062.7195983 -0.03772728325000968 18.119476619376563 0.957429022230483
1647474062.8195984 -0.08568753333419335 18.20339339501567 0.9585992585183404
1647474062.9195983 -0.13350812654847438 18.2876059786406 0.9597791409547836
1647474063.0195982 -0.18132871976275539 18.371818562265528 0.9609590233912269
1647474063.1195984 -0.22914931297703642 18.456031145890456 0.96213890582767
1647474063.2195983 -0.2817759143568239 18.54256017105313 0.9605003103203142
1647474063.3195984 -0.33460249236307554 18.62918558268627 0.9587444387510886
1647474063.4195983 -0.38742907036932717 18.715810994319405 0.9569885671818631
1647474063.5195982 -0.44025564837557885 18.802436405952545 0.9552326956126375
1647474063.6195984 -0.47935855365211866 18.873601139210212 0.9574680016115734
1647474063.7195983 -0.5182598457616718 18.944538741116638 0.9597619416194494
1647474063.8195984 -0.557161137871225 19.015476343023067 0.9620558816273252
1647474063.9195983 -0.5960624299807782 19.086413944929493 0.9643498216352012
1647474064.0195982 -0.6276404285733151 19.155227827303847 0.9673228849521086
1647474064.1195984 -0.6591094496890235 19.2240101067395 0.9703060542608763
1647474064.2195983 -0.6905784708047318 19.29279238617515 0.9732892235696441
1647474064.3195984 -0.7220474919204402 19.361574665610803 0.9762723928784119
1647474064.4195983 -0.7553469703961323 19.448873709389172 0.9770802481272053
1647474064.5195982 -0.7886742696297807 19.536454185792074 0.9778550412095344
1647474064.6195984 -0.8220015688634291 19.624034662194976 0.9786298342918636
1647474064.7195983 -0.8553288680970776 19.711615138597875 0.9794046273741926
1647474064.8195984 -0.8871973273468733 19.799492508623807 0.9841761869876551
1647474064.9195983 -0.9190442073619739 19.8873742703152 0.9890068669734345
1647474065.0195982 -0.9508910873770745 19.97525603200659 0.993837546959214
1647474065.1195984 -0.9827379673921752 20.063137793697987 0.9986682269449936
1647474065.2195983 -1.0027959421300636 20.142212398808624 1.0048084679926126
1647474065.3195984 -1.0226554507951036 20.221138735548415 1.0109707554843235
1647474065.4195983 -1.0425149594601437 20.300065072288202 1.0171330429760344
1647474065.5195982 -1.0623744681251837 20.378991409027993 1.0232953304677452
1647474065.6195984 -1.0822339767902238 20.457917745767784 1.0294576179594561
1647474065.7195983 -1.1020934854552638 20.536844082507574 1.035619905451167
1647474065.8195984 -1.121952994120304 20.61577041924736 1.0417821929428779
1647474065.9195983 -1.1418125027853439 20.694696755987152 1.0479444804345888
1647474066.0195982 -1.1439415131036499 20.77661267514092 1.0570562983131946
1647474066.1195984 -1.1458795716913768 20.858560791130024 1.0661998816797613
1647474066.2195983 -1.1478176302791037 20.940508907119128 1.075343465046328
1647474066.3195984 -1.1497556888668305 21.022457023108228 1.0844870484128946
1647474066.4195983 -1.140132763162878 21.1044658929321 1.0988668714959209
1647474066.5195982 -1.1303715314098968 21.18647548956458 1.1133093366177804
1647474066.6195984 -1.1206102996569156 21.268485086197053 1.1277518017396397
1647474066.7195983 -1.1108490679039345 21.35049468282953 1.1421942668614993
1647474066.8195984 -1.1025187837482646 21.43794888040259 1.1549159654275032
1647474066.9195983 -1.0942060530199096 21.52546986686928 1.1676165553584177
1647474067.0195982 -1.0858933222915546 21.61299085333597 1.180317145289332
1647474067.1195984 -1.0775805915631995 21.700511839802658 1.1930177352202462
1647474067.2195983 -1.0523447385810591 21.784785315259715 1.2083782915383996
1647474067.3195984 -1.0269044147629367 21.869019553200133 1.2237709864621082
1647474067.4195983 -1.0014640909448143 21.95325379114055 1.2391636813858171
1647474067.5195982 -0.9760235630804871 22.037487723383098 1.2545560882934639
1647474067.6195984 -0.9478576580540519 22.117638551077878 1.2661015606381343
1647474067.7195983 -0.9196917530276165 22.197789378772658 1.277647032982805
1647474067.8195984 -0.8915258480011813 22.277940206467438 1.2891925053274755
1647474067.9195983 -0.8633599429747459 22.358091034162218 1.300737977672146
1647474068.0195982 -0.8348177379878053 22.448288090477455 1.309178047482843
1647474068.1195984 -0.8062712859540329 22.53859853187883 1.3175830686850416
1647474068.2195983 -0.7777248339202604 22.6289089732802 1.3259880898872405
1647474068.3195984 -0.7491783818864879 22.719219414681575 1.3343931110894391
1647474068.4195983 -0.7151103608378236 22.813475921190022 1.339644229448146
1647474068.5195982 -0.6809802450015665 22.907776804590974 1.3448598794596085
1647474068.6195984 -0.6468501291653094 23.002077687991928 1.3500755294710711
1647474068.7195983 -0.6127200133290522 23.096378571392883 1.3552911794825335
1647474068.8195984 -0.5785898974927952 23.190679454793838 1.360506829493996
1647474068.9195983 -0.544459781656538 23.28498033819479 1.3657224795054583
1647474069.0195982 -0.5103296658202809 23.379281221595743 1.3709381295169207
1647474069.1195984 -0.4761995499840238 23.473582104996698 1.3761537795283831
1647474069.2195983 -0.4358244066487509 23.564616169820745 1.3771188581343108
1647474069.3195984 -0.3953792031410384 23.65561358566721 1.3780362514793352
1647474069.4195983 -0.35493399963332595 23.746611001513674 1.3789536448243598
1647474069.5195982 -0.3144887961256135 23.837608417360137 1.3798710381693842
1647474069.6195984 -0.2669866823252985 23.930523764101366 1.3785822163336332
1647474069.7195983 -0.21940915914826786 24.02345960564377 1.3772698191221462
1647474069.8195984 -0.17183163597123724 24.11639544718617 1.3759574219106592
1647474069.9195983 -0.12425411279420664 24.209331288728574 1.3746450246991722
1647474070.0195982 -0.06496303253262317 24.292216071503546 1.3730999417740601
1647474070.1195984 -0.005544459891405701 24.374991456817877 1.3715523262574285
1647474070.2195983 0.05387411274981177 24.457766842132212 1.3700047107407967
1647474070.3195984 0.11329268539102924 24.540542227446544 1.368457095224165
1647474070.4195983 0.16908188415928663 24.618801646901534 1.3655088445380752
1647474070.5195982 0.2248354897109483 24.69701677834526 1.3625468578433229
1647474070.6195984 0.28058909526260994 24.77523190978899 1.3595848711485705
1647474070.7195983 0.3363427008142716 24.853447041232712 1.3566228844538182
1647474070.8195984 0.3998589293094012 24.918664467741934 1.3543430047803027
1647474070.9195983 0.46354734624521854 24.98359358261197 1.3520782554235915
1647474071.0195982 0.5272357631810358 25.048522697482007 1.3498135060668806
1647474071.1195984 0.5909241801168532 25.113451812352043 1.3475487567101694
1647474071.2195983 0.6546125970526704 25.17838092722208 1.3452840073534584
1647474071.3195984 0.7183010139884878 25.243310042092116 1.3430192579967473
1647474071.4195983 0.7819894309243052 25.308239156962152 1.3407545086400363
1647474071.5195982 0.8456778478601225 25.37316827183219 1.3384897592833251
1647474071.6195984 0.914411652553978 25.43012818308227 1.3383020070915619
1647474071.7195983 0.9831812506909952 25.487031558492003 1.3381289897197044
1647474071.8195984 1.0519508488280123 25.54393493390173 1.337955972347847
1647474071.9195983 1.1207204469650291 25.600838309311463 1.3377829549759894
1647474072.0195982 1.195349529043158 25.653916733976097 1.3378031779446704
1647474072.1195984 1.2700226237489318 25.706966428101563 1.3378248524089507
1647474072.2195983 1.3446957184547057 25.760016122227025 1.3378465268732311
1647474072.3195984 1.4193688131604794 25.813065816352488 1.3378682013375114
1647474072.4195983 1.51009553373821 25.858486764392477 1.3352584154487568
1647474072.5195982 1.600965887409057 25.903839457422315 1.3326250856707318
1647474072.6195984 1.6918362410799044 25.949192150452152 1.3299917558927068
1647474072.7195983 1.7827065947507514 25.99454484348199 1.3273584261146818
1647474072.8195984 1.8735769484215987 26.039897536511827 1.3247250963366568
1647474072.9195983 1.9644473020924458 26.085250229541664 1.3220917665586318
1647474073.0195982 2.055317655763293 26.1306029225715 1.3194584367806068
1647474073.1195984 2.14618800943414 26.17595561560134 1.3168251070025818
1647474073.2195983 2.2345254194973045 26.2143244174219 1.3149509226752538
1647474073.3195984 2.322829098036043 26.252600213896343 1.3130868479821223
1647474073.4195983 2.411132776574781 26.29087601037079 1.3112227732889905
1647474073.5195982 2.4994364551135195 26.329151806845235 1.309358698595859
1647474073.6195984 2.5929475650809217 26.362224586402508 1.305111145889264
1647474073.7195983 2.6865362125493246 26.395219894189882 1.3008281037227718
1647474073.8195984 2.780124860017727 26.428215201977252 1.29654506155628
1647474073.9195983 2.87371350748613 26.461210509764623 1.292262019389788
1647474074.0195982 2.9608510951361544 26.49013871981402 1.289570668405391
1647474074.1195984 3.0478926057549622 26.519006357695847 1.2869030228225395
1647474074.2195983 3.1349341163737696 26.547873995577675 1.284235377239688
1647474074.3195984 3.2219756269925774 26.576741633459502 1.2815677316568366
1647474074.4195983 3.3214667252963395 26.604953692646504 1.2757007898763064
1647474074.5195982 3.42114737892522 26.63315577010272 1.2697851361507506
1647474074.6195984 3.5208280325541006 26.661357847558936 1.2638694824251948
1647474074.7195983 3.620508686182981 26.689559925015153 1.257953828699639
1647474074.8195984 3.71161875525088 26.71188313160284 1.255434482036227
1647474074.9195983 3.8026014585585948 26.734118973454564 1.252965607219597
1647474075.0195982 3.8935841618663094 26.756354815306285 1.2504967324029668
1647474075.1195984 3.984566865174024 26.77859065715801 1.2480278575863364
1647474075.2195983 4.0645546918030755 26.802485265204258 1.2474326135168998
1647474075.3195984 4.144379492917464 26.826404468452473 1.246865150533671
1647474075.4195983 4.224204294031852 26.850323671700693 1.246297687550442
1647474075.5195982 4.30402909514624 26.87424287494891 1.245730224567213
1647474075.6195984 4.392673669363303 26.886045176600895 1.2431571761545714
1647474075.7195983 4.481449178207047 26.897667595849043 1.2405543536676513
1647474075.8195984 4.570224687050791 26.90929001509719 1.2379515311807314
1647474075.9195983 4.659000195894535 26.920912434345336 1.2353487086938115
1647474076.0195982 4.737180537700767 26.93484537000619 1.2381953025637542
1647474076.1195984 4.815203213481956 26.948812688318803 1.2411229888612867
1647474076.2195983 4.893225889263144 26.96278000663142 1.2440506751588192
1647474076.3195984 4.971248565044333 26.976747324944032 1.2469783614563517
1647474076.4195983 5.040919765404418 26.988621399196283 1.2528246771266494
1647474076.5195982 5.110463992304061 27.00046364836033 1.2587153668090256
1647474076.6195984 5.180008219203704 27.012305897524378 1.264606056491402
1647474076.7195983 5.249552446103347 27.024148146688425 1.2704967461737782
1647474076.8195984 5.340655931051313 27.030920057229828 1.2695824860205558
1647474076.9195983 5.43206932669362 27.037619082509615 1.268570405862407
1647474077.0195982 5.523482722335926 27.0443181077894 1.2675583257042584
1647474077.1195984 5.6148961179782315 27.05101713306919 1.2665462455461098
1647474077.2195983 5.711957875792639 27.048671230820787 1.2702891323613255
1647474077.3195984 5.809096582545768 27.04620210744157 1.2740967971867165
1647474077.4195983 5.906235289298898 27.043732984062352 1.2779044620121076
1647474077.5195982 6.003373996052028 27.041263860683134 1.2817121268374985
1647474077.6195984 6.101513820457329 27.05008934441063 1.2852813352368713
1647474077.7195983 6.199667311276268 27.059069012586136 1.2888472884302795
1647474077.8195984 6.297820802095206 27.06804868076164 1.2924132416236878
1647474077.9195983 6.395974292914144 27.07702834893714 1.2959791948170958
1647474078.0195982 6.488947916397752 27.076664779857623 1.2967764348946658
1647474078.1195984 6.581852155661807 27.076176058301588 1.29753658811532
1647474081.604479 10.001955097864926 26.997991609272493 1.1827028426489066
1647474081.704479 10.084131325407903 26.98237654688347 1.1859617803162674
1647474081.8044791 10.16630755295088 26.966761484494445 1.189220717983628
1647474081.904479 10.248483780493856 26.95114642210542 1.192479655650989
1647474082.0044792 10.332411960258728 26.93908109687842 1.1893118133354463
1647474082.104479 10.416682750485664 26.92770995558754 1.1848871547483062
1647474082.204479 10.500953540712601 26.916338814296665 1.1804624961611663
1647474082.3044791 10.585224330939537 26.90496767300579 1.1760378375740264
1647474082.404479 10.669647525420258 26.883689671614086 1.1752317121980882
1647474082.5044792 10.754100477957671 26.860477282584128 1.1751321321696293
1647474082.604479 10.838553430495084 26.83726489355417 1.1750325521411702
1647474082.704479 10.923006383032497 26.814052504524213 1.174932972112711
1647474082.8044791 11.01121301128293 26.7890407436687 1.1782403656753861
1647474082.904479 11.100150647773757 26.76367856478761 1.182211249097159
1647474083.0044792 11.189088284264585 26.738316385906522 1.186182132518932
1647474083.104479 11.278025920755413 26.712954207025437 1.1901530159407048
1647474083.204479 11.36560993893584 26.69114590514758 1.1908180114316114
1647474083.3044791 11.452932475438482 26.670024114167457 1.1908444006654215
1647474083.404479 11.540255011941124 26.648902323187333 1.1908707898992317
1647474083.5044792 11.627577548443764 26.627780532207208 1.1908971791330418
1647474083.604479 11.713876824527969 26.603597802652445 1.192424173824209
1647474083.704479 11.799978503027742 26.57882398791786 1.1942409442246817
1647474083.8044791 11.886080181527515 26.554050173183274 1.1960577146251548
1647474083.904479 11.972181860027286 26.529276358448687 1.1978744850256278
1647474084.0044792 12.058163908746996 26.502613398338415 1.2006431944202902
1647474084.104479 12.144122863806388 26.47558575243188 1.2035956687250313
1647474084.204479 12.230081818865777 26.448558106525343 1.2065481430297722
1647474084.3044791 12.316040773925168 26.421530460618808 1.2095006173345133
1647474084.404479 12.408775402772028 26.395389036541093 1.2103306201281878
1647474084.5044792 12.502823373458355 26.36941939053938 1.210749220200007
1647474084.604479 12.596871344144684 26.343449744537672 1.2111678202718263
1647474084.704479 12.690919314831014 26.31748009853596 1.2115864203436455
1647474084.8044791 12.784967285517341 26.29151045253425 1.2120050204154647
1647474084.904479 12.87901525620367 26.265540806532538 1.212423620487284
1647474085.0044792 12.97306322689 26.23957116053083 1.2128422205591032
1647474085.104479 13.067111197576327 26.213601514529117 1.2132608206309223
1647474085.204479 13.154838853675164 26.190009522200285 1.2148727932154118
1647474085.3044791 13.241348580297949 26.166875705560646 1.2167147295997989
1647474085.404479 13.327858306920735 26.143741888921006 1.2185566659841858
1647474085.5044792 13.414368033543521 26.12060807228137 1.220398602368573
1647474085.604479 13.493109642629282 26.0968998671376 1.222746124181911
1647474085.704479 13.570222747443385 26.073071247475372 1.2251996366714728
1647474085.8044791 13.64733585225749 26.049242627813147 1.2276531491610345
1647474085.904479 13.724448957071592 26.025414008150918 1.2301066616505962
1647474086.0044792 13.805106083608777 25.996399161066705 1.230761843110526
1647474086.104479 13.886508037392932 25.966294353537915 1.2310390793842787
1647474086.204479 13.96790999117709 25.936189546009125 1.2313163156580316
1647474086.3044791 14.049311944961245 25.906084738480335 1.2315935519317842
1647474086.404479 14.152302776165358 25.870772566221238 1.2312416577548662
1647474086.5044792 14.25982301404702 25.834367874322368 1.2307577702552348
1647474086.604479 14.367343251928682 25.7979631824235 1.2302738827556032
1647474086.704479 14.474863489810344 25.76155849052463 1.2297899952559717
1647474086.8044791 14.56208074971348 25.728106974928295 1.2302550907537095
1647474086.904479 14.645033541251996 25.695275748972747 1.2309195120831122
1647474087.0044792 14.72798633279051 25.662444523017204 1.231583933412515
1647474087.104479 14.810939124329025 25.629613297061656 1.2322483547419176
1647474087.204479 14.89389191586754 25.59678207110611 1.2329127760713203
1647474087.3044791 14.976844707406055 25.563950845150565 1.2335771974007232
1647474087.404479 15.059797498944569 25.531119619195017 1.234241618730126
1647474087.5044792 15.142750290483084 25.498288393239473 1.2349060400595286
1647474087.604479 15.212116494278119 25.47553511881202 1.238202851589339
1647474087.704479 15.27827136356475 25.45516387540863 1.2421218565388479
1647474087.8044791 15.344426232851381 25.434792632005244 1.2460408614883567
1647474087.904479 15.41058110213801 25.414421388601856 1.2499598664378655
1647474088.0044792 15.498708742999227 25.382252088272367 1.2505892211866125
1647474088.104479 15.59121501037022 25.347731728831143 1.2505630305241648
1647474088.204479 15.683721277741213 25.31321136938992 1.250536839861717
1647474088.3044791 15.776227545112206 25.27869100994869 1.250510649199269
1647474088.404479 15.889290490700343 25.226730983845474 1.2491747536009594
1647474088.5044792 16.006442288189945 25.171302098939368 1.2475783494972978
1647474088.604479 16.123594085679542 25.11587321403326 1.2459819453936363
1647474088.704479 16.24074588316914 25.06044432912715 1.2443855412899747
1647474088.8044791 16.33473963185751 25.012525169254292 1.242191944521227
1647474088.904479 16.424133018902534 24.966097821204247 1.2398797150363243
1647474089.0044792 16.51352640594756 24.919670473154202 1.2375674855514216
1647474089.104479 16.602919792992584 24.873243125104157 1.2352552560665189
1647474089.204479 16.67692815688771 24.819048090888465 1.2334779362854082
1647474089.3044791 16.74814926713764 24.76344581071878 1.231797524322194
1647474089.404479 16.81937037738758 24.70784353054909 1.2301171123589796
1647474089.5044792 16.89059148763751 24.6522412503794 1.2284367003957652
1647474089.604479 16.96979159297922 24.600858096051724 1.2233151203341082
1647474089.704479 17.050438750089167 24.55024011245543 1.2175694581262184
1647474089.8044791 17.13108590719911 24.499622128859137 1.2118237959183287
1647474089.904479 17.21173306430906 24.449004145262844 1.206078133710439
1647474090.0044792 17.290778307497522 24.389444877313537 1.202693061829674
1647474090.104479 17.369533567412343 24.328267031191892 1.1997353111061912
1647474090.204479 17.448288827327165 24.267089185070244 1.1967775603827082
1647474090.3044791 17.527044087241986 24.2059113389486 1.1938198096592254
1647474090.404479 17.600925475256624 24.14067601754917 1.1925429266241343
1647474090.5044792 17.673924914194902 24.074706477719943 1.1915702041692995
1647474090.604479 17.746924353133185 24.008736937890717 1.1905974817144644
1647474090.704479 17.819923792071464 23.94276739806149 1.1896247592596296
1647474090.8044791 17.87892559759408 23.874422231944322 1.188540748989408
1647474090.904479 17.935393611844216 23.80564704019523 1.1874365938784845
1647474091.0044792 17.991861626094355 23.73687184844614 1.186332438767561
1647474091.104479 18.048329640344495 23.668096656697045 1.1852282836566375
1647474091.204479 18.10069779311838 23.59454757495054 1.185474121474723
1647474091.3044791 18.15232332394907 23.520133782167576 1.1859644881331224
1647474091.404479 18.203948854779764 23.445719989384617 1.1864548547915217
1647474091.5044792 18.255574385610455 23.371306196601655 1.186945221449921
1647474091.604479 18.309786212910033 23.284653504280687 1.1856303286213146
1647474091.704479 18.364472049730256 23.19575769908653 1.1839845726475233
1647474091.8044791 18.41915788655048 23.10686189389238 1.182338816673732
1647474091.904479 18.4738437233707 23.017966088698223 1.1806930606999408
1647474092.0044792 18.522364063451572 22.919424454686414 1.177963864778429
1647474092.104479 18.569776805738123 22.81915000024269 1.1750400347913896
1647474092.204479 18.617189548024673 22.718875545798966 1.1721162048043505
1647474092.3044791 18.664602290311223 22.618601091355245 1.1691923748173112
1647474092.404479 18.702086943732084 22.52809399833038 1.1657610970863783
1647474092.5044792 18.73779375272823 22.43933596791743 1.162238949586397
1647474092.604479 18.773500561724376 22.350577937504475 1.1587168020864156
1647474092.704479 18.80920737072052 22.261819907091525 1.155194654586434
1647474092.8044791 18.834394369825695 22.17629311711826 1.1533108662053868
1647474092.904479 18.857689140853115 22.0913475395385 1.151721774131443
1647474093.0044792 18.880983911880534 22.006401961958744 1.150132682057499
1647474093.104479 18.904278682907954 21.921456384378985 1.1485435899835552
1647474093.204479 18.92757345393537 21.836510806799225 1.1469544979096113
1647474093.3044791 18.95086822496279 21.75156522921947 1.1453654058356675
1647474093.404479 18.97416299599021 21.66661965163971 1.1437763137617236
1647474093.5044792 18.99745776701763 21.58167407405995 1.14218722168778
1647474093.604479 19.00927894052216 21.490432650197846 1.141485649188009
1647474093.704479 19.01903602841951 21.398058611593896 1.1409437403312666
1647474093.8044791 19.028793116316855 21.305684572989943 1.1404018314745241
1647474093.904479 19.038550204214204 21.21331053438599 1.1398599226177817
1647474094.0044792 19.04830729211155 21.120936495782036 1.1393180137610392
1647474094.104479 19.058064380008897 21.028562457178083 1.1387761049042968
1647474094.204479 19.067821467906246 20.93618841857413 1.1382341960475544
1647474094.3044791 19.07757855580359 20.84381437997018 1.137692287190812
1647474094.404479 19.078681337312013 20.746271748509766 1.135589608335042
1647474094.5044792 19.0782308726319 20.647801475157145 1.1332068076597723
1647474094.604479 19.07778040795178 20.549331201804524 1.1308240069845028
1647474094.704479 19.077329943271668 20.4508609284519 1.128441206309233
1647474094.8044791 19.073947006177583 20.349833941999563 1.1265458023632342
1647474094.904479 19.07003698621725 20.248347411695303 1.1247380031509877
1647474095.0044792 19.06612696625692 20.146860881391046 1.1229302039387414
1647474095.104479 19.06221694629659 20.04537435108679 1.121122404726495
1647474095.204479 19.057453371004243 19.94176500782195 1.1174744556543519
1647474095.3044791 19.052536387792895 19.837774135315254 1.113495779855935
1647474095.404479 19.04761940458155 19.73378326280856 1.1095171040575185
1647474095.5044792 19.042702421370205 19.62979239030187 1.1055384282591019
1647474101.7208 18.02718095588942 14.184199168182817 1.0642873186167396
1647474101.8207998 17.998872430119786 14.097748015639189 1.0706745365634533
1647474101.9208 17.970563904350147 14.011296863095563 1.077061754510167
1647474102.0207999 17.939250145111348 13.905761916849725 1.0759778341549477
1647474102.1208 17.907933257230574 13.800207103143128 1.0748861358626283
1647474102.2208 17.8766163693498 13.694652289436531 1.0737944375703088
1647474102.3207998 17.845299481469027 13.589097475729934 1.0727027392779893
1647474102.4208 17.83699152618832 13.480653793929944 1.0695297593621957
1647474102.5207999 17.828688322554395 13.372209515540751 1.0663563496344117
1647474102.6208 17.82038511892047 13.263765237151558 1.063182939906628
1647474102.7208 17.81208191528654 13.155320958762363 1.060009530178844
1647474102.8207998 17.793916042621284 13.061040693463088 1.0594432448267386
1647474102.9208 17.775746123813814 12.966766238924682 1.0588780290427147
1647474103.0207999 17.75757620500634 12.872491784386277 1.0583128132586908
1647474103.1208 17.73940628619887 12.778217329847871 1.0577475974746668
1647474103.2208 17.72583723403059 12.690334080721053 1.055742027308706
1647474103.3207998 17.712269415144533 12.602452544784514 1.0537360710495172
1647474103.4208 17.698701596258474 12.514571008847977 1.0517301147903282
1647474103.5207999 17.685133777372414 12.426689472911438 1.0497241585311392
1647474103.6208 17.671565958486354 12.3388079369749 1.0477182022719504
1647474103.7208 17.6579981396003 12.250926401038361 1.0457122460127615
1647474103.8207998 17.64443032071424 12.163044865101824 1.0437062897535725
1647474103.9208 17.630861837498653 12.075159192337454 1.0417018586924964
1647474104.0207999 17.6166983794422 11.983568568365088 1.0410633980852362
1647474104.1208 17.60253492138575 11.891977944392721 1.040424937477976
1647474104.2208 17.588371463329295 11.800387320420356 1.0397864768707157
1647474104.3207998 17.574201209457097 11.708782685568675 1.0391437095646172
1647474104.4208 17.554996414705773 11.606798377799715 1.0353104126501156
1647474104.5207999 17.535791619954452 11.504814070030754 1.0314771157356142
1647474104.6208 17.516586825203127 11.402829762261792 1.0276438188211126
1647474104.7208 17.497384314581595 11.300851477420213 1.0238118758686414
1647474104.8207998 17.480826021218196 11.205845619707 1.0215473437440858
1647474104.9208 17.464267727854793 11.110839761993788 1.01928281161953
1647474105.0207999 17.447709434491394 11.015833904280575 1.0170182794949745
1647474105.1208 17.431161199130877 10.92084354796308 1.0147572225731478
1647474105.2208 17.425003872995983 10.841867662672113 1.0160863929073336
1647474105.3207998 17.418846546861094 10.762891777381146 1.0174155632415194
1647474105.4208 17.412689220726204 10.683915892090178 1.0187447335757052
1647474105.5207999 17.406528691150516 10.604939735845688 1.0200730404731222
1647474105.6208 17.39319390476669 10.525356766406382 1.0194676399878229
1647474105.7208 17.379859118382864 10.445773796967076 1.0188622395025235
1647474105.8207998 17.366524331999038 10.36619082752777 1.0182568390172244
1647474105.9208 17.353189545615216 10.286607858088464 1.017651438531925
1647474106.0207999 17.33985475923139 10.207024888649158 1.017046038046626
1647474106.1208 17.326519972847564 10.127441919209852 1.0164406375613266
1647474106.2208 17.313185186463738 10.047858949770545 1.0158352370760273
1647474106.3207998 17.299854106716793 9.96826769177458 1.015233804316265
1647474106.4208 17.290199898586085 9.88045443639821 1.018568235218702
1647474106.5207999 17.280545690455376 9.79264118102184 1.0219026661211388
1647474106.6208 17.270891482324664 9.704827925645471 1.0252370970235758
1647474106.7208 17.261237274193956 9.617014670269104 1.0285715279260126
1647474106.8207998 17.25422467078951 9.528104644634679 1.0313647641457275
1647474106.9208 17.24724194582879 9.439182213742152 1.034151879065496
1647474107.0207999 17.24025922086807 9.350259782849626 1.0369389939852645
1647474107.1208 17.233275413434228 9.26136747854005 1.0397292473389226
1647474107.2208 17.225457474805648 9.195690090355003 1.0449379123536107
1647474107.3207998 17.217639536177067 9.130012702169955 1.050146577368299
1647474107.4208 17.209821597548487 9.064335313984907 1.0553552423829873
1647474107.5207999 17.202004888722765 8.998648347248357 1.0605604775313784
1647474107.6208 17.195163505807052 8.925364870732672 1.0630455714494909
1647474107.7208 17.18832212289134 8.852081394216984 1.0655306653676033
1647474107.8207998 17.181480739975623 8.778797917701299 1.0680157592857156
1647474107.9208 17.17463935705991 8.705514441185613 1.070500853203828
1647474108.0207999 17.179286523571513 8.623926663866856 1.0727501797642243
1647474108.1208 17.18406187480522 8.542246230421455 1.0749968757250463
1647474108.2208 17.188837226038924 8.460565796976054 1.0772435716858686
1647474108.3207998 17.19361257727263 8.378885363530655 1.0794902676466906
1647474108.4208 17.19633312267761 8.308202159254112 1.0875962819028175
1647474108.5207999 17.199029355963248 8.237649072356179 1.0957716226343062
1647474108.6208 17.201725589248884 8.167095985458246 1.1039469633657948
1647474108.7208 17.204421822534524 8.096542898560314 1.1121223040972834
1647474108.8207998 17.215086982162642 8.017209869862327 1.1164067535172808
1647474108.9208 17.225842625846713 7.937777148343632 1.120647023381338
1647474109.0207999 17.236598269530784 7.858344426824937 1.124887293245395
1647474109.1208 17.247353913214855 7.778911705306243 1.1291275631094522
1647474109.2208 17.265087949381105 7.685315295782832 1.1305379787186824
1647474109.3207998 17.28290855453032 7.591543181601256 1.1319132891650243
1647474109.4208 17.300729159679534 7.497771067419681 1.1332885996113664
1647474109.5207999 17.31854976482875 7.403998953238104 1.1346639100577085
1647474109.6208 17.34258964601894 7.319661947321217 1.1398882529254106
1647474109.7208 17.36671200904782 7.2354500725406234 1.1451636427749814
1647474109.8207998 17.3908343720767 7.151238197760029 1.1504390326245522
1647474109.9208 17.41495673510558 7.0670263229794354 1.155714422474123
1647474110.0207999 17.44027952534885 6.996222200828611 1.1598331699554678
1647474110.1208 17.46560251081518 6.9254202591536345 1.1639517293343904
1647474110.2208 17.490925496281516 6.854618317478658 1.168070288713313
1647474110.3207998 17.516248481747848 6.783816375803681 1.1721888480922356
1647474110.4208 17.542530040834343 6.724370136060646 1.1757001416388397
1647474110.5207999 17.56881196709957 6.664928246084998 1.179211202574098
1647474110.6208 17.595093893364798 6.605486356109351 1.1827222635093562
1647474110.7208 17.621375819630025 6.546044466133703 1.1862333244446142
1647474110.8207998 17.64769551000265 6.494586515303573 1.1924688054969976
1647474110.9208 17.674015206859025 6.443129935243393 1.1987047543076088
1647474111.0207999 17.7003349037154 6.391673355183212 1.20494070311822
1647474111.1208 17.726654600571777 6.340216775123031 1.211176651928831
1647474111.2208 17.766601449189725 6.281715049605184 1.2169648355369689
1647474111.3207998 17.806558552759547 6.223208022346454 1.2227526821847
1647474111.4208 17.84651565632937 6.164700995087723 1.228540528832431
1647474111.5207999 17.886472759899192 6.106193967828993 1.234328375480162
1647474111.6208 17.941714978280487 6.044167912356884 1.2397730303079442
1647474111.7208 17.997151685221564 5.982097080595065 1.2452133183459693
1647474111.8207998 18.05258839216264 5.9200262488332465 1.2506536063839946
1647474111.9208 18.108025099103717 5.857955417071428 1.2560938944220197
1647474112.0207999 18.163461806044793 5.795884585309609 1.261534182460045
1647474112.1208 18.21889851298587 5.733813753547789 1.26697447049807
1647474112.2208 18.274335219926947 5.67174292178597 1.2724147585360954
1647474112.3207998 18.32977303153672 5.609671722341715 1.277854919654097
1647474112.4208 18.41039086082211 5.539219503054204 1.2804020428396186
1647474112.5207999 18.491008690107495 5.468767283766693 1.2829491660251404
1647474112.6208 18.571626519392883 5.398315064479183 1.285496289210662
1647474112.7208 18.65224434867827 5.327862845191673 1.288043412396184
1647474112.8207998 18.75395304258476 5.258340483461362 1.2743275190583006
1647474112.9208 18.85566918123219 5.188818449956032 1.2606058851333377
1647474113.0207999 18.95738531987962 5.119296416450703 1.2468842512083746
1647474113.1208 19.059101458527053 5.0497743829453725 1.2331626172834118
1647474113.2208 19.160817597174482 4.980252349440043 1.219440983358449
1647474113.3207998 19.26253373582191 4.910730315934713 1.2057193494334861
1647474113.4208 19.364249874469344 4.841208282429383 1.1919977155085233
1647474113.5207999 19.465966013116773 4.771686248924054 1.1782760815835602
1647474113.6208 19.53775794896636 4.740555478290843 1.1650050821767037
1647474113.7208 19.609466335664344 4.709531897060929 1.1517353409531288
1647474113.8207998 19.681174722362325 4.678508315831015 1.1384655997295536
1647474113.9208 19.752883109060306 4.6474847346011 1.1251958585059787
1647474114.0207999 19.824591495758288 4.616461153371186 1.1119261172824035
1647474114.1208 19.89629988245627 4.585437572141272 1.0986563760588286
1647474114.2208 19.96800826915425 4.554413990911357 1.0853866348352534
1647474114.3207998 20.039568932344054 4.5234424670477384 1.0722581985965836
1647474114.4208 20.096529917977076 4.497615830221645 1.0730950901665368
1647474114.5207999 20.1534909036101 4.471789193395551 1.07393198173649
1647474114.6208 20.21045188924312 4.445962556569457 1.0747688733064433
1647474114.7208 20.267412874876143 4.420135919743363 1.0756057648763966
1647474114.8207998 20.329139161031183 4.402761981838175 1.0761226969131694
1647474114.9208 20.390877143945552 4.385408791666423 1.0766388435871643
1647474115.0207999 20.452615126859918 4.368055601494671 1.0771549902611592
1647474115.1208 20.514353109774287 4.350702411322919 1.0776711369351542
1647474115.2208 20.59365172694008 4.333713505108989 1.0754024305039374
1647474115.3207998 20.672996452463735 4.316725555383011 1.0731264119789925
1647474115.4208 20.752341177987393 4.2997376056570324 1.0708503934540476
1647474115.5207999 20.831685903511048 4.282749655931054 1.0685743749291028
1647474115.6208 20.93455065803346 4.276675522447524 1.0657370372900596
1647474115.7208 21.03749264664287 4.270637227297071 1.0628978564147986
1647474115.8207998 21.140434635252287 4.264598932146618 1.0600586755395378
1647474115.9208 21.2433766238617 4.258560636996165 1.0572194946642768
1647474116.0207999 21.360464203107146 4.262820982504481 1.049106546175854
1647474116.1208 21.47758830693839 4.267107919591333 1.0409799805693754
1647474116.2208 21.594712410769635 4.271394856678186 1.0328534149628967
1647474116.3207998 21.711836514600876 4.275681793765038 1.024726849356418
1647474116.4208 21.80430367266151 4.271141377372716 1.0144703464567284
1647474116.5207999 21.896704245892952 4.266577123160856 1.0042080917696043
1647474116.6208 21.98910481912439 4.262012868948996 0.9939458370824801
1647474116.7208 22.08150539235583 4.257448614737135 0.9836835823953559
1647474116.8207998 22.1415040454421 4.256549952276268 0.9858130014800457
1647474116.9208 22.2009956834399 4.255708647845961 0.9881363215911425
1647474117.0207999 22.260487321437697 4.254867343415655 0.9904596417022393
1647474117.1208 22.319978959435495 4.254026038985349 0.9927829618133361
1647474117.2208 22.379470597433297 4.253184734555043 0.995106281924433
1647474117.3207998 22.438962235431095 4.2523434301247365 0.9974296020355298
1647474117.4208 22.498453873428893 4.25150212569443 0.9997529221466266
1647474117.5207999 22.557945511426695 4.250660821264124 1.0020762422577234
1647474117.6208 22.64601691862066 4.2547673895198415 1.0010272884466975
1647474117.7208 22.734179294470362 4.25888970672454 0.9999676007762291
1647474117.8207998 22.82234167032006 4.26301202392924 0.9989079131057607
1647474117.9208 22.91050404616976 4.267134341133938 0.9978482254352922
1647474118.0207999 23.02107691361196 4.268479162142931 1.002125265759824
1647474118.1208 23.131717156178677 4.269815632859774 1.0064183504764073
1647474118.2208 23.242357398745394 4.2711521035766165 1.0107114351929904
1647474118.3207998 23.35299764131211 4.272488574293459 1.0150045199095739
1647474118.4208 23.439406054608785 4.262636285271475 1.0209464814735252
1647474118.5207999 23.525758147103968 4.252757990787455 1.026892275437605
1647474118.6208 23.612110239599147 4.242879696303433 1.032838069401685
1647474118.7208 23.69846233209433 4.233001401819412 1.038783863365765
1647474118.8207998 23.80360503987618 4.236115789679309 1.035186766465931
1647474118.9208 23.908792655046472 4.23926122854121 1.031566863165118
1647474119.0207999 24.013980270216763 4.2424066674031105 1.0279469598643052
1647474119.1208 24.11916788538705 4.245552106265011 1.0243270565634923
1647474119.2208 24.222024387079355 4.256754014695411 1.0203275707119857
1647474119.3207998 24.32487538804252 4.2679749339793505 1.0163271891594257
1647474119.4208 24.427726389005684 4.279195853263291 1.0123268076068659
1647474119.5207999 24.53057738996885 4.290416772547231 1.008326426054306
1647474119.6208 24.63091281993311 4.29797125252375 1.0036308256313458
1647474119.7208 24.731242353674247 4.30551713876778 0.9989335956914367
1647474119.8207998 24.831571887415386 4.313063025011811 0.9942363657515277
1647474119.9208 24.931901421156525 4.3206089112558415 0.9895391358116187
1647474120.0207999 25.00904305982512 4.316090927609324 0.9908788605541005
1647474120.1208 25.08612860440172 4.311543760122468 0.9922331893600518
1647474120.2208 25.163214148978316 4.306996592635613 0.9935875181660032
1647474120.3207998 25.24029969355491 4.302449425148759 0.9949418469719545
1647474120.4208 25.344776696997943 4.302784202647423 0.9902186900735076
1647474120.5207999 25.449324387101406 4.303131578539956 0.9854798495573914
1647474120.6208 25.55387207720487 4.303478954432489 0.9807410090412753
1647474120.7208 25.65811285810678 4.303803090800351 0.9760376786833105
1647474120.8207998 25.732264550247084 4.301848846080074 0.9748157307509963
1647474120.9208 25.806416242387392 4.299894601359798 0.973593782818682
1647474121.0207999 25.8805679345277 4.297940356639521 0.9723718348863679
1647474121.1208 25.954719626668005 4.295986111919245 0.9711498869540537
1647474121.2208 26.054188019092777 4.288795023283491 0.9760400544073906
1647474121.3207998 26.153719729897446 4.281590837029611 0.9809455085781761
1647474121.4208 26.253251440702115 4.274386650775733 0.9858509627489616
1647474121.5207999 26.352783151506785 4.267182464521853 0.9907564169197471
1647474121.6208 26.428583080572817 4.257362820451099 0.9878902754327252
1647474121.7208 26.50432147143066 4.247536394311074 0.9850039816420623
1647474121.8207998 26.580059862288508 4.23770996817105 0.9821176878513993
1647474121.9208 26.65579825314635 4.227883542031026 0.9792313940607363
1647474122.0207999 26.750931330045766 4.2239272619773525 0.9862089678905327
1647474122.1208 26.84611327654991 4.21998577317724 0.9932113961217206
1647474122.2208 26.94129522305406 4.216044284377127 1.0002138243529086
1647474122.3207998 27.036477169558204 4.212102795577015 1.0072162525840964
1647474122.4208 27.133198787216887 4.211349363495535 1.0020918154650134
1647474122.5207999 27.22992403139933 4.210603440526256 0.9969388148664834
1647474122.6208 27.32664927558178 4.209857517556977 0.9917858142679534
1647474122.7208 27.423374519764224 4.209111594587698 0.9866328136694236
1647474122.8207998 27.511613520646122 4.204965063776794 0.9906769815718848
1647474122.9208 27.599818556921964 4.200804922667247 0.9947579594259195
1647474123.0207999 27.68802359319781 4.1966447815577 0.9988389372799542
1647474123.1208 27.77622862947365 4.1924846404481535 1.002919915133989
1647474123.2208 27.86847526956967 4.18415451101692 1.005128315523152
1647474123.3207998 27.96074369186713 4.175801907456685 1.0073266236664233
1647474123.4208 28.053012114164588 4.16744930389645 1.0095249318096946
1647474123.5207999 28.145280536462046 4.159096700336215 1.011723239952966
1647474123.6208 28.240743674609362 4.150287516862794 1.009872780866551
1647474123.7208 28.33622349489082 4.1414759492251125 1.0080011799693476
1647474123.8207998 28.431703315172275 4.13266438158743 1.0061295790721438
1647474123.9208 28.52718313545373 4.123852813949748 1.0042579781749401
1647474124.0207999 28.623743841939028 4.120129130732031 1.0067409747799128
1647474124.1208 28.720310050423972 4.116431346205774 1.0092461374499588
1647474124.2208 28.81687625890892 4.112733561679517 1.011751300120005
1647474124.3207998 28.913442467393867 4.109035777153259 1.014256462790051
1647474124.4208 29.006036407526377 4.098469859355678 1.0138292271252234
1647474124.5207999 29.09860536330381 4.087860743096884 1.0133835475702255
1647474124.6208 29.19117431908125 4.077251626838089 1.0129378680152277
1647474124.7208 29.283743274858683 4.066642510579295 1.0124921884602298
1647474124.8207998 29.380580036355234 4.055870270683571 1.0122339293449565
1647474124.9208 29.477444345931502 4.04509697784794 1.0119768800020001
1647474125.0207999 29.574308655507775 4.03432368501231 1.011719830659044
1647474125.1208 29.671172965084047 4.023550392176679 1.011462781316088
1647474125.2208 29.76766873988689 4.01826263435745 1.0086930219395722
1647474125.3207998 29.86416208564534 4.013011032171415 1.0059067010750657
1647474125.4208 29.96065543140379 4.007759429985382 1.0031203802105593
1647474125.5207999 30.05706007102605 4.002471539420463 1.0003595199479298
1647474125.6208 30.13455328814127 3.9894472633623117 1.0030266517054949
1647474125.7208 30.21204650525649 3.9764229873041606 1.0056937834630602
1647474125.8207998 30.289539722371714 3.9633987112460094 1.0083609152206252
1647474125.9208 30.367052807905626 3.950403415318713 1.0110147595422898
1647474126.0207999 30.448778765365166 3.9435530261186598 1.010851154396089
1647474126.1208 30.530504722824702 3.9367026369186067 1.0106875492498881
1647474126.2208 30.612230680284238 3.9298522477185536 1.0105239441036873
1647474126.3207998 30.693956637743778 3.9230018585185005 1.0103603389574864
1647474126.4208 30.78779855174858 3.9148161240936017 1.0081554690971526
1647474126.5207999 30.881738502594015 3.9066195846590865 1.0059340822459637
1647474126.6208 30.975678453439446 3.898423045224571 1.0037126953947746
1647474126.7208 31.069576751556383 3.8901488534388213 1.0015230745954287
1647474126.8207998 31.155089099228316 3.8662409014440713 1.0057289180596527
1647474126.9208 31.240601446900254 3.842332949449321 1.0099347615238767
1647474127.0207999 31.32611379457219 3.8184249974545708 1.014140604988101
1647474127.1208 31.411626142244124 3.7945170454598207 1.018346448452325
1647474127.2208 31.51331798226602 3.7687894183965054 1.018698778629628
1647474127.3207998 31.615136342177298 3.743047561894874 1.0190209752239823
1647474127.4208 31.716954702088575 3.7173057053932426 1.0193431718183366
1647474127.5207999 31.818773061999853 3.6915638488916107 1.0196653684126908
1647474127.6208 31.904698386949274 3.6844009577355865 1.019600078839238
1647474127.7208 31.990496606604655 3.6773866527280754 1.0195316903269476
1647474127.8207998 32.07629482626004 3.6703723477205648 1.019463301814657
1647474127.9208 32.16209304591542 3.6633580427130537 1.0193949133023665
1647474128.0207999 32.248410615373714 3.639057729362702 1.022079513856263
1647474128.1208 32.334732242002886 3.614622377374991 1.0247856208149229
1647474128.2208 32.42105386863206 3.59018702538728 1.0274917277735827
1647474128.3207998 32.507375495261236 3.565751673399569 1.0301978347322425
1647474128.4208 32.58692613248446 3.555220455288716 1.0334752616234704
1647474128.5207999 32.66642609724712 3.5447932923806276 1.0367569641360317
1647474128.6208 32.74592606200978 3.5343661294725397 1.0400386666485928
1647474128.7208 32.82542602677243 3.5239389665644514 1.0433203691611541
1647474128.8207998 32.92932253833861 3.5019310598230495 1.0425268264287666
1647474128.9208 33.03341003794729 3.47983249338242 1.0417013806931257
1647474129.0207999 33.137497537555966 3.4577339269417897 1.040875934957485
1647474129.1208 33.24158503716464 3.43563536050116 1.040050489221844
1647474129.2208 33.364275987808185 3.420524443722401 1.0420520119203558
1647474129.3207998 33.48711709955826 3.4054699290167463 1.0440763530038755
1647474129.4208 33.60995821130833 3.3904154143110916 1.0461006940873954
1647474129.5207999 33.73292602163992 3.3752605365839865 1.048115853650542
1647474129.6208 33.88114257003143 3.3401051220771243 1.048301302098306
1647474129.7208 34.02935911842294 3.304949707570262 1.0484867505460702
1647474129.8207998 34.177575666814455 3.2697942930633994 1.0486721989938346
1647474129.9208 34.32588932850208 3.2346289140658393 1.0488510232581216
1647474130.0207999 34.49691485387237 3.197133141976332 1.047480651293315
1647474130.1208 34.66794037924265 3.1596373698868248 1.0461102793285084
1647474130.2208 34.83896590461294 3.122141597797318 1.0447399073637018
1647474130.3207998 35.01002846035919 3.0845795672283964 1.043373134949401
1647474130.4208 35.188928486977524 3.032993944164808 1.0427682066025268
1647474130.5207999 35.36782851359586 2.981408321101219 1.0421632782556527
1647474130.6208 35.5467285402142 2.9298226980376305 1.0415583499087786
1647474130.7208 35.725452705677306 2.878299385059831 1.040946194682721
1647474130.8207998 35.86694831098736 2.839966675623373 1.0388041603537206
1647474130.9208 36.008443916297416 2.8016339661869147 1.0366621260247202
1647474131.0207999 36.14993952160747 2.7633012567504567 1.0345200916957198
1647474131.1208 36.29147051833956 2.724936486493577 1.0323805033968796
1647474131.2208 36.4416135891441 2.6787701037421603 1.030836126923856
1647474131.3207998 36.591756659948636 2.6326037209907436 1.0292917504508323
1647474131.4208 36.74189973075317 2.5864373382393273 1.0277473739778087
1647474131.5207999 36.89198990011843 2.5401868748258987 1.0262513133713667
1647474131.6208 37.03184719630498 2.4776724540815436 1.0341011258073662
1647474131.7208 37.17170449249152 2.4151580333371885 1.0419509382433658
1647474131.8207998 37.31156178867807 2.3526436125928334 1.0498007506793654
1647474131.9208 37.45141908486462 2.2901291918484783 1.057650563115365
1647474132.0207999 37.59384016055209 2.2097991738370726 1.0606283235174105
1647474132.1208 37.736280271572994 2.1293368800843013 1.0635699103191496
1647474132.2208 37.87872038259389 2.0488745863315296 1.0665114971208884
1647474132.3207998 38.02116049361479 1.9684122925787584 1.0694530839226273
1647474132.4208 38.15225318296029 1.8779970715323038 1.0715937401925433
1647474132.5207999 38.28325716007459 1.7875040401768325 1.0737281349224777
1647474132.6208 38.414261137188895 1.6970110088213612 1.075862529652412
1647474132.7208 38.5452651143032 1.6065179774658898 1.0779969243823466
1647474132.8207998 38.66800415607568 1.5135302352392066 1.077595108224798
1647474132.9208 38.79067094346306 1.42052068354971 1.0771711197996425
1647474133.0207999 38.91333773085045 1.327511131860213 1.076747131374487
1647474133.1208 39.03600451823783 1.2345015801707162 1.0763231429493314
1647474133.2208 39.1494206981157 1.1297521410334301 1.074778476443589
1647474133.3207998 39.262750900373625 1.0248935882427885 1.07322339405608
1647474133.4208 39.37608110263155 0.9200350354521468 1.071668311668571
1647474133.5207999 39.48941130488948 0.8151764826615051 1.070113229281062
1647474133.6208 39.59499001572209 0.7044589063228853 1.0644621736434279
1647474133.7208 39.70049671224219 0.5936868974203064 1.0587730648517
1647474133.8207998 39.806003408762294 0.4829148885177276 1.0530839560599718
1647474133.9208 39.911510105282396 0.37214287961514875 1.0473948472682437
1647474134.0207999 39.990732398033074 0.2490058385341125 1.0470775788359445
1647474134.1208 40.06971679145174 0.12575688192623438 1.0468089307659105
1647474134.2208 40.148701184870404 0.002507925318356252 1.0465402826958763
1647474134.3207998 40.22771238004807 -0.12077528792604281 1.0462491889033279
1647474134.4208 40.31335089524001 -0.2525292023984298 1.0404079002120548
1647474134.5207999 40.398989410431966 -0.38428311687081673 1.0345666115207814
1647474134.6208 40.48462792562391 -0.5160370313432037 1.0287253228295083
1647474134.7208 40.570266440815864 -0.6477909458155907 1.0228840341382353
1647474134.8207998 40.6113900095289 -0.7859694828237312 1.0201129615084772
1647474134.9208 40.65217921094327 -0.9241962774139242 1.0173649503430595
1647474135.0207999 40.69296841235763 -1.062423072004117 1.0146169391776416
1647474135.1208 40.73375761377199 -1.20064986659431 1.0118689280122237
1647474135.2208 40.774546815186355 -1.3388766611845029 1.0091209168468058
1647474135.3207998 40.815336016600725 -1.4771034557746958 1.006372905681388
1647474135.4208 40.85612521801509 -1.6153302503648885 1.0036248945159703
1647474135.5207999 40.896730884776666 -1.7536748051452262 1.0009005346440791
1647474135.6208 40.902356548201595 -1.9144633604541532 1.0026838920556336
1647474135.7208 40.90798221162653 -2.07525191576308 1.0044672494671878
1647474135.8207998 40.91360787505147 -2.2360404710720068 1.0062506068787422
1647474135.9208 40.9192335384764 -2.3968290263809338 1.0080339642902967
1647474136.0207999 40.902564571759754 -2.5465706379218167 1.0052209613294576
1647474136.1208 40.88574829297844 -2.696239256635079 1.0023775878564307
1647474136.2208 40.86893201419713 -2.845907875348341 0.9995342143834041
1647474136.3207998 40.852115735415815 -2.995576494061603 0.9966908409103773
1647474136.4208 40.8352994566345 -3.1452451127748655 0.9938474674373505
1647474136.5207999 40.81848317785318 -3.2949137314881276 0.9910040939643238
1647474136.6208 40.80166689907187 -3.44458235020139 0.9881607204912971
1647474136.7208 40.78471063449118 -3.594198861217131 0.985340128625895
1647474136.8207998 40.73984165452849 -3.733425265974998 0.9870621155963483
1647474136.9208 40.694972674565804 -3.8726516707328655 0.9887841025668016
1647474137.0207999 40.65010369460312 -4.011878075490733 0.9905060895372548
1647474137.1208 40.60523471464043 -4.1511044802486 0.9922280765077081
1647474137.2208 40.527131406812074 -4.303771135059106 0.9876027191554273
1647474137.3207998 40.44881426636203 -4.4565242656339645 0.9829365224251764
1647474137.4208 40.37049712591198 -4.609277396208824 0.9782703256949256
1647474137.5207999 40.292198825393776 -4.761794396032942 0.9736361232943267
1647474137.6208 40.216913701120745 -4.876545677008801 0.9741189539552455
1647474137.7208 40.141628576847715 -4.9912969579846616 0.9746017846161642
1647474137.8207998 40.066343452574685 -5.106048238960522 0.975084615277083
1647474137.9208 39.991058328301655 -5.2207995199363815 0.9755674459380018
1647474138.0207999 39.89745100129493 -5.335869661590378 0.9731661154224567
1647474138.1208 39.8037267256046 -5.450941838498382 0.9707463756109436
1647474138.2208 39.71000244991426 -5.566014015406387 0.9683266357994305
1647474138.3207998 39.61627817422393 -5.681086192314392 0.9659068959879173
1647474138.4208 39.50337280972605 -5.786721995045481 0.9616078677180122
1647474138.5207999 39.39035166318694 -5.892300837367538 0.9572974955741496
1647474138.6208 39.27733051664782 -5.997879679689595 0.9529871234302869
1647474138.7208 39.164309370108704 -6.103458522011652 0.9486767512864243
1647474138.8207998 39.046759627317826 -6.200593738539533 0.9455244247741649
1647474138.9208 38.929187794574105 -6.297687768067027 0.9423777470704907
1647474160.0026844 22.643214391078114 5.89714713621169 1.0463123263920326
1647474160.1026843 22.70743147921401 5.979636085451224 1.0485763449186076
1647474160.2026844 22.771648567349907 6.062125034690757 1.0508403634451828
1647474160.3026843 22.8358656554858 6.144613983930291 1.0531043819717578
1647474160.4026845 22.89745992210088 6.231502734780417 1.0485307783316564
1647474160.5026844 22.95847241592927 6.319367413585823 1.0424405093482743
1647474160.6026843 23.019484909757654 6.4072320923912285 1.036350240364892
1647474160.7026844 23.080497403586044 6.495096771196634 1.03025997138151
1647474160.8026843 23.14150989741443 6.58296145000204 1.0241697023981278
1647474160.9026845 23.20252239124282 6.6708261288074455 1.0180794334147456
1647474161.0026844 23.26353488507121 6.758690807612851 1.0119891644313634
1647474161.1026843 23.324547378899595 6.846555486418257 1.0058988954479813
1647474161.2026844 23.375228121086852 6.90829422511142 1.0051346513861559
1647474161.3026843 23.423617276421258 6.964238219316018 1.0055517218886127
1647474161.4026845 23.47200643175566 7.020182213520615 1.0059687923910696
1647474161.5026844 23.52039558709006 7.076126207725212 1.0063858628935263
1647474161.6026843 23.574378888197973 7.13514503042915 1.0059549883890055
1647474161.7026844 23.6296034192041 7.194846096538928 1.0053359717199224
1647474161.8026843 23.684827950210227 7.254547162648705 1.0047169550508395
1647474161.9026845 23.740052481216352 7.314248228758482 1.0040979383817565
1647474162.0026844 23.80138140971316 7.397869644059931 0.9994500021241347
1647474162.1026843 23.86406957498795 7.486817288266572 0.9939049657532488
1647474162.2026844 23.926757740262747 7.575764932473213 0.988359929382363
1647474162.3026843 23.98944590553754 7.664712576679854 0.9828148930114771
1647474162.4026845 24.047867655025293 7.731073326967012 0.9826077583688674
1647474162.5026844 24.105320706572925 7.792305679389182 0.9836126046176719
1647474162.6026843 24.16277375812056 7.853538031811351 0.9846174508664763
1647474162.7026844 24.220226809668194 7.914770384233521 0.9856222971152808
1647474162.8026843 24.286878503400178 7.964552613743665 0.9906741480070116
1647474162.9026845 24.355622677633235 8.011730202433117 0.9966465998019365
1647474163.0026844 24.424366851866292 8.058907791122571 1.0026190515968612
1647474163.1026843 24.49311102609935 8.106085379812024 1.008591503391786
1647474163.2026844 24.561101945221687 8.156964446661606 1.0066507785118721
1647474163.3026843 24.628921192856193 8.208687103224547 1.0029065918380204
1647474163.4026845 24.696740440490696 8.260409759787487 0.9991624051641689
1647474163.5026844 24.764559688125203 8.312132416350426 0.9954182184903173
1647474163.6026843 24.83976714989553 8.38032788360122 0.9940245997120832
1647474163.7026844 24.91666410246815 8.452290250624188 0.9931684941632706
1647474163.8026843 24.993561055040768 8.524252617647154 0.9923123886144579
1647474163.9026845 25.070458007613386 8.59621498467012 0.9914562830656453
1647474164.0026844 25.143536652012198 8.662870376393938 0.993129533922942
1647474164.1026843 25.21574652393869 8.728318282016241 0.9953782844828002
1647474164.2026844 25.287956395865187 8.793766187638543 0.9976270350426584
1647474164.3026843 25.36016626779168 8.859214093260844 0.9998757856025167
1647474164.4026845 25.423149882302624 8.92314792393662 0.9981842918094839
1647474164.5026844 25.484038591016652 8.986737970102642 0.9955981296407101
1647474164.6026843 25.54492729973068 9.050328016268665 0.9930119674719363
1647474164.7026844 25.60581600844471 9.113918062434688 0.9904258053031626
1647474164.8026843 25.67005257520432 9.181570338070626 0.985490431788583
1647474164.9026845 25.735127018608168 9.25023927783929 0.9799671153886597
1647474165.0026844 25.800201462012016 9.318908217607952 0.9744437989887365
1647474165.1026843 25.865275905415867 9.387577157376615 0.9689204825888132
1647474165.2026844 25.921165691037583 9.453283986290842 0.9644616301166709
1647474165.3026843 25.97492759494443 9.518304559747968 0.9602493903525677
1647474165.4026845 26.028689498851275 9.583325133205095 0.9560371505884646
1647474165.5026844 26.08245140275812 9.648345706662223 0.9518249108243615
1647474165.6026843 26.125874911025885 9.706399182983917 0.9516950562882986
1647474165.7026844 26.166914435102097 9.76284608029551 0.9525065801040843
1647474165.8026843 26.207953959178308 9.819292977607104 0.9533181039198698
1647474165.9026845 26.24899348325452 9.875739874918695 0.9541296277356555
1647474166.0026844 26.285563077970718 9.93768819900875 0.9538691198687882
1647474166.1026843 26.321106888344563 10.00089902122695 0.9533625961869043
1647474166.2026844 26.356650698718408 10.064109843445147 0.9528560725050204
1647474166.3026843 26.392194509092253 10.127320665663344 0.9523495488231364
1647474166.4026845 26.425683937001708 10.189674284076926 0.9523333374489436
1647474166.5026844 26.458701370182 10.251830959767034 0.9524297754128772
1647474166.6026843 26.49171880336229 10.31398763545714 0.952526213376811
1647474170.0054379 26.820186386236887 12.934553773228284 0.9139614735242255
1647474170.1054378 26.80912278875047 13.008694456972972 0.9167094189965367
1647474170.205438 26.798059191264056 13.082835140717659 0.9194573644688478
1647474170.3054378 26.78699559377764 13.156975824462346 0.922205309941159
1647474170.405438 26.7624379495745 13.223890346437019 0.9222508425962306
1647474170.5054379 26.735325865311697 13.289436946876332 0.9217848050972174
1647474170.6054378 26.708213781048894 13.354983547315646 0.9213187675982041
1647474170.705438 26.68110169678609 13.42053014775496 0.9208527300991909
1647474170.8054378 26.645978294584665 13.491684601727496 0.919457369730485
1647474170.905438 26.609339382514776 13.56389989955065 0.9178862083274417
1647474171.0054379 26.572700470444882 13.636115197373806 0.9163150469243985
1647474171.1054378 26.536061558374993 13.708330495196961 0.9147438855213553
1647474171.205438 26.463907042706094 13.829520201746808 0.9212326878049841
1647474171.3054378 26.385037185960623 13.959970059477998 0.9292454795393322
1647474171.405438 26.306167329215153 14.090419917209186 0.9372582712736804
1647474171.5054379 26.22729747246968 14.220869774940374 0.9452710630080285
1647474171.6054378 26.133390625995883 14.36012795636907 0.9551649475778329
1647474171.705438 26.036373479971857 14.50120807993709 0.9654479234688235
1647474171.8054378 25.939356333947828 14.642288203505112 0.975730899359814
1647474171.905438 25.842339187923802 14.783368327073132 0.9860138752508047
1647474172.0054379 25.72191374926866 14.936492015494943 0.994409899842851
1647474172.1054378 25.596550351337555 15.092156283604583 1.002407873674992
1647474172.205438 25.471186953406452 15.247820551714222 1.010405847507133
1647474172.3054378 25.345823555475352 15.403484819823861 1.0184038213392739
1647474172.405438 25.220103747719975 15.552991816931884 1.019811059732342
1647474172.5054379 25.094309048991466 15.70120501127194 1.0198334132061369
1647474172.6054378 24.968514350262954 15.849418205611993 1.0198557666799315
1647474172.705438 24.84271965153444 15.997631399952049 1.0198781201537261
1647474172.8054378 24.735489242056264 16.133999163383397 1.0229209374187698
1647474172.905438 24.63182524791359 16.268091282114387 1.0265440208195205
1647474173.0054379 24.528161253770914 16.402183400845374 1.0301671042202711
1647474173.1054378 24.42449725962824 16.536275519576364 1.0337901876210218
1647474173.205438 24.305692084637553 16.68223277532092 1.04053027905593
1647474173.3054378 24.183973166286926 16.83047333806346 1.047870202271039
1647474173.405438 24.062254247936302 16.978713900806003 1.0552101254861481
1647474173.5054379 23.940535329585675 17.126954463548543 1.0625500487012574
1647474173.6054378 23.812207067282742 17.27047090348033 1.0656920755150703
1647474173.705438 23.68260941370387 17.41308002790157 1.0680278539163979
1647474173.8054378 23.553011760124996 17.55568915232281 1.0703636323177257
1647474173.905438 23.423414106546122 17.69829827674405 1.0726994107190533
1647474174.0054379 23.296563060341317 17.827571475082525 1.0741668198496461
1647474174.1054378 23.170235136017727 17.954304698175157 1.075468838407569
1647474174.205438 23.043907211694137 18.08103792126779 1.076770856965492
1647474174.3054378 22.917579287370547 18.20777114436042 1.0780728755234148
1647474174.405438 22.791391392909112 18.336021969115517 1.080287256551202
1647474174.5054379 22.66523018875387 18.464562055406883 1.0826755378692936
1647474174.6054378 22.539068984598632 18.59310214169825 1.0850638191873851
1647474174.705438 22.41290778044339 18.721642227989616 1.0874521005054765
1647474174.8054378 22.279486970258606 18.848422531555713 1.0912238551686664
1647474174.905438 22.14468466961852 18.974867951516764 1.0952588824135412
1647474175.0054379 22.009882368978438 19.10131337147782 1.099293909658416
1647474175.1054378 21.875080068338352 19.22775879143887 1.103328936903291
1647474175.205438 21.74027776769827 19.35420421139992 1.1073639641481658
1647474175.3054378 21.605475467058184 19.480649631360976 1.1113989913930407
1647474175.405438 21.470673166418102 19.607095051322027 1.1154340186379157
1647474175.5054379 21.33587086577802 19.73354047128308 1.1194690458827905
1647474175.6054378 21.199022921937424 19.861997993676834 1.1225919018382111
1647474175.705438 21.061787161169836 19.990836974275048 1.1255418266264197
1647474175.8054378 20.92455140040225 20.119675954873262 1.1284917514146282
1647474175.905438 20.787315639634667 20.248514935471476 1.1314416762028368
1647474176.0054379 20.65007987886708 20.37735391606969 1.1343916009910453
1647474176.1054378 20.512844118099494 20.50619289666791 1.1373415257792538
1647474176.205438 20.37560835733191 20.635031877266123 1.1402914505674624
1647474176.3054378 20.23837259656432 20.763870857864337 1.143241375355671
1647474176.405438 20.100439921697365 20.889384107786867 1.1448149027291112
1647474176.5054379 19.962375063862538 21.014266569852694 1.1461273702453654
1647474176.6054378 19.82431020602771 21.13914903191852 1.1474398377616195
1647474176.705438 19.686245348192887 21.26403149398435 1.1487523052778736
1647474176.8054378 19.54705043024158 21.378963944973872 1.1480577677791177
1647474176.905438 19.4076434423048 21.492029151315343 1.1469865905616567
1647474177.0054379 19.268236454368015 21.605094357656817 1.145915413344196
1647474177.1054378 19.12882946643123 21.718159563998288 1.1448442361267352
1647474177.205438 18.989422478494447 21.83122477033976 1.1437730589092745
1647474177.3054378 18.850015490557663 21.944289976681233 1.1427018816918135
1647474177.405438 18.71060850262088 22.057355183022704 1.1416307044743528
1647474177.5054379 18.5712015146841 22.170420389364175 1.140559527256892
1647474177.6054378 18.435437762337457 22.28998803204752 1.1441868175255059
1647474177.705438 18.300354792441123 22.41077073327875 1.148692073033723
1647474177.8054378 18.165271822544785 22.531553434509977 1.15319732854194
1647474177.905438 18.030188852648447 22.6523361357412 1.1577025840501567
1647474178.0054379 17.895105882752112 22.77311883697243 1.1622078395583737
1647474178.1054378 17.760022912855774 22.893901538203657 1.1667130950665905
1647474178.205438 17.624939942959436 23.01468423943488 1.1712183505748075
1647474178.3054378 17.4898569730631 23.13546694066611 1.1757236060830243
1647474178.405438 17.350442708404078 23.24837163578299 1.179314472964686
1647474178.5054379 17.210214651552494 23.359796159214476 1.1827335384876243
1647474178.6054378 17.069986594700907 23.47122068264596 1.1861526040105628
1647474178.705438 16.929758537849324 23.582645206077444 1.1895716695335012
1647474178.8054378 16.800212712087824 23.6697735106347 1.1936704175840234
1647474178.905438 16.672663499323797 23.75236061532607 1.1978962049166284
1647474179.0054379 16.545114286559766 23.83494772001744 1.2021219922492332
1647474179.1054378 16.41756507379574 23.91753482470881 1.206347779581838
1647474179.205438 16.29001586103171 24.00012192940018 1.210573566914443
1647474179.3054378 16.162466648267678 24.08270903409155 1.2147993542470479
1647474179.405438 16.03491743550365 24.16529613878292 1.2190251415796527
1647474179.5054379 15.90736822273962 24.247883243474295 1.2232509289122577
1647474179.6054378 15.728095440214624 24.348847125081978 1.2226795812355848
1647474179.705438 15.53903739014518 24.453287597334153 1.2212006927660097
1647474179.8054378 15.349979340075738 24.55772806958633 1.2197218042964346
1647474179.905438 15.160921290006295 24.662168541838508 1.2182429158268595
1647474180.0054379 15.012323430053918 24.731603791494557 1.211567298019118
1647474180.1054378 14.87136040596364 24.794433557388313 1.2039110576438146
1647474180.205438 14.730397381873363 24.85726332328207 1.196254817268511
1647474180.3054378 14.589434357783086 24.920093089175825 1.1885985768932075
1647474180.405438 14.45826787040743 24.986264389146566 1.1896681818410642
1647474180.5054379 14.328966659709785 25.05307192269292 1.192399202067741
1647474180.6054378 14.199665449012139 25.11987945623927 1.195130222294418
1647474180.705438 14.070364238314493 25.186686989785624 1.197861242521095
1647474180.8054378 13.899542478270556 25.278525243584234 1.1971046545561703
1647474180.905438 13.720664808367818 25.37522001371579 1.1956713930487055
1647474181.0054379 13.541787138465079 25.471914783847343 1.1942381315412407
1647474181.1054378 13.36290946856234 25.5686095539789 1.1928048700337759
1647474181.205438 13.223968173876669 25.631985776477954 1.193084674856145
1647474181.3054378 13.092768284764027 25.688903416070435 1.193696546401161
1647474181.405438 12.961568395651387 25.74582105566292 1.1943084179461774
1647474181.5054379 12.830368506538745 25.8027386952554 1.1949202894911934
1647474181.6054378 12.673970734505156 25.86918870120975 1.1932025100178452
1647474181.705438 12.512687626872715 25.93748683102733 1.1910330605733084
1647474181.8054378 12.351404519240274 26.005784960844903 1.1888636111287716
1647474181.905438 12.190121411607832 26.07408309066248 1.1866941616842348
1647474182.0054379 12.021226488028917 26.146998417275764 1.1821079304897755
1647474182.1054378 11.850856223993825 26.220808660066048 1.1770532728495795
1647474182.205438 11.680485959958732 26.294618902856328 1.1719986152093833
1647474182.3054378 11.51011569592364 26.368429145646612 1.1669439575691871
1647474182.405438 11.372762411839354 26.419668689897875 1.1655588838186344
1647474182.5054379 11.241826337165401 26.466521373228538 1.1648870336367942
1647474182.6054378 11.110890262491449 26.5133740565592 1.164215183454954
1647474182.705438 10.979954187817494 26.560226739889867 1.1635433332731138
1647474182.8054378 10.835057011421492 26.611121746198645 1.1659012031324463
1647474182.905438 10.687440814191204 26.66280402278274 1.168849131862347
1647474183.0054379 10.539824616960917 26.714486299366833 1.1717970605922479
1647474183.1054378 10.392208419730629 26.76616857595093 1.1747449893221489
1647474183.205438 10.24670451724056 26.803695056128248 1.1803480607992662
1647474183.3054378 10.101610600560504 26.83847396725393 1.1864664821606514
1647474183.405438 9.956516683880446 26.873252878379606 1.1925849035220364
1647474183.5054379 9.811422767200389 26.908031789505287 1.1987033248834216
1647474183.6054378 9.657255866057307 26.92661007700306 1.200765638559608
1647474183.705438 9.501301836882893 26.941997287878962 1.2020290107439553
1647474183.8054378 9.34534780770848 26.95738449875487 1.2032923829283027
1647474183.905438 9.189393778534066 26.972771709630774 1.20455575511265
1647474184.0054379 9.036954019517571 26.967174259437567 1.2041431729846255
1647474184.1054378 8.885198260720882 26.95749245825858 1.2034043913709234
1647474184.205438 8.733442501924193 26.947810657079593 1.202665609757221
1647474184.3054378 8.581686743127504 26.938128855900608 1.201926828143519
1647474184.405438 8.458538247367832 26.90994033463219 1.202088072990124
1647474184.5054379 8.34096993893832 26.878141857219685 1.2024248787159406
1647474184.6054378 8.223401630508807 26.846343379807184 1.2027616844417572
1647474184.705438 8.105833322079295 26.814544902394683 1.2030984901675739
1647474184.8054378 7.964799819770403 26.768469726972267 1.2037098754227529
1647474184.905438 7.819205410099453 26.719619603369413 1.2043746304392637
1647474185.0054379 7.6736110004285045 26.670769479766555 1.2050393854557744
1647474185.1054378 7.528016590757556 26.6219193561637 1.205704140472285
1647474185.205438 7.378242170827664 26.554201901171876 1.202258242245694
1647474185.3054378 7.227649900939857 26.48279291309124 1.1980080642748887
1647474237.7223506 18.04022189771013 7.525267038368645 1.1294064645223387
1647474237.8223505 18.040132228905797 7.525236434287811 1.1294005356776584
1647474237.9223506 18.04004275853903 7.525205905357403 1.1293946111477446
1647474238.0223505 18.040093256033444 7.525228383751122 1.1293917300365146
1647474238.1223507 18.04014375352786 7.52525086214484 1.1293888489252846
1647474238.2223506 18.040194251022275 7.525273340538559 1.1293859678140545
1647474238.3223505 18.040244627502588 7.525295760650051 1.1293830934902485
1647474238.4223506 18.040211284574127 7.5252778602248105 1.1293849148105288
1647474238.5223505 18.040177941645663 7.52525995979957 1.1293867361308092
1647474238.6223507 18.0401445987172 7.525242059374329 1.1293885574510896
1647474238.7223506 18.040111298987288 7.525224180858165 1.1293903766854119
1647474238.8223505 18.040119512903075 7.525227356884376 1.1293901913215942
1647474238.9223506 18.040127726818866 7.525230532910587 1.1293900059577766
1647474239.0223505 18.040135940734658 7.525233708936798 1.129389820593959
1647474239.1223507 18.040144154650445 7.52523688496301 1.1293896352301414
1647474239.2223506 18.040152368566236 7.525240060989221 1.129389449866324
1647474239.3223505 18.040160582482024 7.525243237015433 1.1293892645025063
1647474239.4223506 18.040168796397815 7.525246413041644 1.1293890791386887
1647474239.5223505 18.04017632553701 7.525249276934047 1.1293886377134328
1647474239.6223507 18.04015885892846 7.525240747303342 1.1293788495213815
1647474239.7223506 18.04014139231991 7.525232217672637 1.12936906132933
1647474239.8223505 18.040123925711356 7.525223688041932 1.1293592731372784
1647474239.9223506 18.040106998915288 7.525215500513816 1.1293495404833829
1647474240.0223505 18.040127908822107 7.525231291745827 1.12934370062704
1647474240.1223507 18.04014881872893 7.525247082977837 1.129337860770697
1647474240.2223506 18.04016972863575 7.525262874209848 1.1293320209143538
1647474240.3223505 18.04011837185809 7.525208055654742 1.129335466529306
1647474240.4223506 18.03487369139056 7.520078983551157 1.1300061969158746
1647474240.5223505 18.02962901092303 7.514949911447571 1.130676927302443
1647474240.6223507 18.0243843304555 7.509820839343985 1.1313476576890116
1647474240.7223506 18.01863631566839 7.502696301763238 1.13223116707357
1647474240.8223505 17.994379232894318 7.42219269038247 1.1409391795504198
1647474240.9223506 17.97012215012024 7.341689079001703 1.1496471920272695
1647474241.0223505 17.945865067346165 7.261185467620935 1.1583552045041192
1647474241.1223507 17.92151929271536 7.180610440937233 1.1669860677714297
1647474241.2223506 17.890358735748507 7.094548103886002 1.169689046678402
1647474241.3223505 17.859198178781657 7.00848576683477 1.1723920255853744
1647474241.4223506 17.828037621814804 6.922423429783539 1.1750950044923467
1647474241.5223505 17.796802588778334 6.836478600444254 1.1778247852877943
1647474241.6223507 17.759761694520616 6.759694209772891 1.182643935806278
1647474241.7223506 17.7227208002629 6.682909819101529 1.1874630863247613
1647474241.8223505 17.685679906005177 6.6061254284301665 1.1922822368432449
1647474241.9223506 17.648762020932597 6.529343398270937 1.1971250716981092
1647474242.0223505 17.621394116265872 6.4527446295859985 1.203806671260762
1647474242.1223507 17.59402621159915 6.37614586090106 1.2104882708234148
1647474242.2223506 17.566658306932425 6.299547092216121 1.2171698703860676
1647474242.3223505 17.53925790242233 6.22319843407792 1.2238359761791917
1647474242.4223506 17.509413088508754 6.165661330363082 1.2293367497121759
1647474242.5223505 17.479568274595177 6.108124226648244 1.2348375232451598
1647474242.6223507 17.4497234606816 6.050587122933406 1.240338296778144
1647474242.7223506 17.41976867570188 5.9927158817783965 1.2458547395147885
1647474242.8223505 17.38188671099337 5.910758600218649 1.252500684746823
1647474242.9223506 17.34400474628486 5.828801318658903 1.2591466299788572
1647474243.0223505 17.30612278157635 5.746844037099156 1.2657925752108916
1647474243.1223507 17.268441591791852 5.664554023826277 1.27245489924254
1647474243.2223506 17.24543633750213 5.557942501366309 1.2803144554872952
1647474243.3223505 17.22243108321241 5.451330978906342 1.2881740117320506
1647474243.4223506 17.199425828922685 5.3447194564463745 1.296033567976806
1647474243.5223505 17.176675271907374 5.238026565444402 1.3038985059176846
1647474243.6223507 17.170317119165535 5.1260967670637045 1.3121098116739807
1647474243.7223506 17.1639589664237 5.014166968683007 1.320321117430277
1647474243.8223505 17.15760081368186 4.9022371703023095 1.328532423186573
1647474243.9223506 17.151327211356396 4.789858245342557 1.3366084512418661
1647474244.0223505 17.15024959333645 4.649878573325495 1.3363710866323817
1647474244.1223507 17.149171975316502 4.509898901308433 1.3361337220228973
1647474244.2223506 17.148094357296557 4.369919229291371 1.3358963574134128
1647474244.3223505 17.147452560016593 4.229696280888708 1.3355351002585316
1647474244.4223506 17.17315673763843 4.0747669338197365 1.3276843649946555
1647474244.5223505 17.198860915260262 3.919837586750764 1.3198336297307793
1647474244.6223507 17.2245650928821 3.7649082396817923 1.3119828944669032
1647474244.7223506 17.25002714634223 3.6105779251715933 1.3041330706784344
1647474244.8223505 17.260946896188873 3.492226313830622 1.296337991331882
1647474244.9223506 17.271866646035516 3.3738747024896507 1.2885429119853296
1647474245.0223505 17.28278639588216 3.25552309114868 1.2807478326387771
1647474245.1223507 17.29394772471271 3.1370826146911255 1.2729720311790784
1647474245.2223506 17.319540431328566 3.013333538749419 1.2663478467333589
1647474245.3223505 17.34513313794442 2.8895844628077123 1.2597236622876395
1647474245.4223506 17.370725844560273 2.765835386866006 1.25309947784192
1647474245.5223505 17.396326348865667 2.641907485074986 1.2465221122464725
1647474245.6223507 17.422400010167646 2.507128586799241 1.2427856736292604
1647474245.7223506 17.44847367146962 2.372349688523496 1.2390492350120481
1647474245.8223505 17.4745473327716 2.2375707902477506 1.2353127963948358
1647474245.9223506 17.500717228690206 2.1028836802856734 1.231555820357147
1647474246.0223505 17.55161788256424 1.9917846995014317 1.222521055592034
1647474246.1223507 17.602518536438275 1.88068571871719 1.2134862908269213
1647474246.2223506 17.65341919031231 1.7695867379329482 1.2044515260618085
1647474246.3223505 17.704257030893103 1.6585899688579806 1.1953889064661274
1647474246.4223506 17.751251940876802 1.553846533825504 1.1846221224309923
1647474246.5223505 17.798246850860505 1.4491030987930278 1.173855338395857
1647474246.6223507 17.845241760844207 1.3443596637605513 1.163088554360722
1647474246.7223506 17.89223667082791 1.239616228728075 1.1523217703255866
1647474246.8223505 17.93923158081161 1.1348727936955987 1.1415549862904515
1647474246.9223506 17.98622649079531 1.0301293586631224 1.1307882022553162
1647474247.0223505 18.033221400779013 0.9253859236306459 1.120021418220181
1647474247.1223507 18.080100066146997 0.8211336816144741 1.1094805069452687
1647474247.2223506 18.120096364768028 0.7459629627370868 1.1123125950510488
1647474247.3223505 18.160092663389058 0.6707922438596996 1.115144683156829
1647474247.4223506 18.20008896201009 0.5956215249823124 1.1179767712626092
1647474247.5223505 18.24012611900151 0.5203574881781847 1.1207996025232816
1647474247.6223507 18.28949625144065 0.4237775273468394 1.1215079610996825
1647474247.7223506 18.338866383879793 0.327197566515494 1.1222163196760837
1647474247.8223505 18.388236516318937 0.23061760568414857 1.1229246782524847
1647474247.9223506 18.437606648758077 0.13403764485280317 1.1236330368288856
1647474248.0223505 18.505409447105958 0.030674634585686644 1.1179002047670579
1647474248.1223507 18.573366603176684 -0.07274517788627902 1.112113433273774
1647474248.2223506 18.641323759247413 -0.1761649903582447 1.10632666178049
1647474248.3223505 18.70928091531814 -0.27958480283021037 1.1005398902872061
1647474248.4223506 18.777238071388865 -0.383004615302176 1.0947531187939221
1647474248.5223505 18.845195227459595 -0.48642442777414174 1.0889663473006383
1647474248.6223507 18.91315238353032 -0.5898442402461074 1.0831795758073544
1647474248.7223506 18.98119968577738 -0.692765723406213 1.0773651019807555
1647474248.8223505 19.055600271818758 -0.7605661657180429 1.0695982349138045
1647474248.9223506 19.130000857860132 -0.8283666080298729 1.0618313678468534
1647474249.0223505 19.20440144390151 -0.8961670503417029 1.0540645007799023
1647474249.1223507 19.278541151215563 -0.9641429288298049 1.0462662396869697
1647474249.2223506 19.334258462017836 -1.044507532281981 1.0362510358763675
1647474249.3223505 19.38997577282011 -1.124872135734157 1.0262358320657654
1647474249.4223506 19.445693083622388 -1.205236739186333 1.0162206282551631
1647474249.5223505 19.501628285653823 -1.2855100922091445 1.0063562236807377
1647474249.6223507 19.57270736040666 -1.3594413593508774 1.0069726652052782
1647474249.7223506 19.6437864351595 -1.4333726264926105 1.0075891067298184
1647474249.8223505 19.71486550991234 -1.5073038936343435 1.0082055482543586
1647474249.9223506 19.786040451737044 -1.5811590241012259 1.008764734643097
1647474250.0223505 19.8640096811592 -1.6496181989433785 1.0052661371493448
1647474250.1223507 19.941978910581355 -1.718077373785531 1.0017675396555925
1647474250.2223506 20.01994814000351 -1.7865365486276836 0.9982689421618403
1647474250.3223505 20.098246410724567 -1.8558412411340663 0.9946894353985554
1647474250.4223506 20.199581806464288 -1.9843430502374848 0.9854452386294527
1647474250.5223505 20.30091720220401 -2.1128448593409033 0.9762010418603498
1647474250.6223507 20.40225259794373 -2.2413466684443217 0.9669568450912471
1647474250.7223506 20.503202734667706 -2.368886295127058 0.9577573787647967
1647474250.8223505 20.577375692279443 -2.429550053979424 0.951666872970685
1647474250.9223506 20.65154864989118 -2.4902138128317897 0.9455763671765733
1647474251.0223505 20.725721607502916 -2.5508775716841554 0.9394858613824617
1647474251.1223507 20.7996794006383 -2.611552570002692 0.933491847534999
1647474251.2223506 20.857892516139543 -2.673050017150315 0.934558639541903
1647474251.3223505 20.916105631640786 -2.734547464297938 0.935625431548807
1647474251.4223506 20.974318747142032 -2.7960449114455614 0.9366922235557109
1647474251.5223505 21.033132891360143 -2.857254367182224 0.9376975226115697
1647474251.6223507 21.135117662201097 -2.8977780065441046 0.9342859125331514
1647474251.7223506 21.237102433042047 -2.9383016459059847 0.930874302454733
1647474251.8223505 21.339087203883 -2.9788252852678654 0.9274626923763147
