1.0 0.0 0.0 0.0 0.0 1.0 0.0 0.0 0.0 0.0 1.0 0.0
0.7991884270584761 0.6010805369545793 -0.00021482595781656313 -0.5757177615226308 -0.6010805739748184 0.7991883983187028 -0.00021813502063682235 1.2720758097723497 4.056969781172433e-05 0.0003034586940581924 0.9999999531334592 0.05459150500505555
0.29497407565246986 0.9555052561378871 -1.3632407056296342e-05 -1.3651075327825648 -0.955505256195947 0.2949740754811343 -1.3265331132548884e-05 1.51185117417217 -8.653886953543031e-06 1.6938765385932526e-05 0.9999999998190942 -0.07983037036281015
1.0 0.0 0.0 0.0 0.0 1.0 0.0 0.0 0.0 0.0 1.0 0.0
0.7991876300405746 0.6010815969523878 -0.0002139983553745223 -0.5756150493952266 -0.6010816314780558 0.7991876134406777 -0.00017556387010187217 1.2717914388671225 6.5496623504024e-05 0.0002689389538496049 0.9999999616910149 0.054191819445778
0.29496982030796803 0.9555065698720644 -6.229517321609891e-06 -1.3650272119523006 -0.9555065698760206 0.2949698202585106 -7.773342231644602e-06 1.5116116016311683 -5.589959967543624e-06 8.245246089207441e-06 0.999999999950384 -0.07999863781349814
1.0 0.0 0.0 0.0 0.0 1.0 0.0 0.0 0.0 0.0 1.0 0.0
0.7991855616079093 0.6010843466620395 -0.00021520994455766798 -0.5756442368744015 -0.6010843835248837 0.7991855348102807 -0.00021173690597421377 1.2718991599980658 4.4720934846055336e-05 0.0002985764149669893 0.9999999544260801 0.054442550209514606
0.2949742614826468 0.955505198844747 -6.589904238402182e-06 -1.3651844972341038 -0.9555051986760231 0.2949742612784689 -2.2052542196031496e-05 1.5118924464398695 -1.912746658143416e-05 1.2801620106658783e-05 0.9999999997351292 -0.0799671453414133
1.0 0.0 0.0 0.0 0.0 1.0 0.0 0.0 0.0 0.0 1.0 0.0
0.7992014879601325 0.6010631700859715 -0.00021727520099940346 -0.5749516305563684 -0.6010632087389813 0.7992014513123296 -0.0002435583420401413 1.2720337494919864 2.725270680537175e-05 0.0003252483188556855 0.999999946735409 0.05444580851653519
0.29499732434670134 0.9554980787752091 9.228817273762731e-06 -1.3647610824699115 -0.9554980786871803 0.29499732445291443 -1.3810451931489239e-05 1.5118994082798356 -1.5918336691173672e-05 -4.7440708058265465e-06 0.9999999998620501 -0.0803925644709606
1.0 0.0 0.0 0.0 0.0 1.0 0.0 0.0 0.0 0.0 1.0 0.0
0.7991665352739006 0.601109652231366 -0.0001867955964253383 -0.574663407766522 -0.6011096791595172 0.7991665198483188 -0.00016484619669837592 1.2701606466721707 5.019014674920738e-05 0.00024402420490417026 0.9999999689665677 0.05331893192305409
0.2949490142411512 0.955512992474229 1.452985723337641e-05 -1.364780537636026 -0.9555129922602403 0.29494901450317546 -2.1575128997074716e-05 1.5107168741535748 -2.490088314286846e-05 -7.519904332357581e-06 0.9999999996616985 -0.08065551751707839
1.0 0.0 0.0 0.0 0.0 1.0 0.0 0.0 0.0 0.0 1.0 0.0
0.7991909980154238 0.6010771134110947 -0.00022896396343313546 -0.575637634616383 -0.6010771554556518 0.7991909654347927 -0.00023228591484875398 1.2721610229438731 4.336418380256231e-05 0.0003232658199551364 0.9999999468093773 0.054906725697662195
0.29498052714161566 0.9555032645089409 -1.09549928555202e-05 -1.3649900947546598 -0.9555032644319923 0.2949805268829964 -2.0485039554922866e-05 1.511997492304591 -1.6342012603795276e-05 1.6510219201696876e-05 0.9999999997301756 -0.07979123233260937
1.0 0.0 0.0 0.0 0.0 1.0 0.0 0.0 0.0 0.0 1.0 0.0
0.7991799488255982 0.6010918102251578 -0.00021230957781490512 -0.575554331797683 -0.6010918459920852 0.7991799234571707 -0.0002064577863332882 1.271202662479201 4.557346762518854e-05 0.0002926144791670443 0.9999999561499119 0.05436369278348324
0.29496928029166664 0.9555067365027894 -1.3490929336477226e-05 -1.3653050882364894 -0.955506736380797 0.2949692798941337 -2.548829718530935e-05 1.511513366858079 -2.0374829951067305e-05 2.040893853765573e-05 0.9999999995841707 -0.07975168266349814
1.0 0.0 0.0 0.0 0.0 1.0 0.0 0.0 0.0 0.0 1.0 0.0
0.79918448003514 0.6010857865578247 -0.00020992647016772938 -0.5757406765608266 -0.6010858218736855 0.7991844528496302 -0.0002122872400707816 1.2720065237104645 4.016712852552212e-05 0.0002958404924278833 0.9999999554325013 0.05444127319352249
0.29496907291060415 0.9555068005464735 -1.1649045899516797e-05 -1.365155421518196 -0.955506800464668 0.29496907262346633 -2.1480842136995993e-05 1.511984246558125 -1.7088982477440823e-05 1.746692666640634e-05 0.9999999997014366 -0.07997018589501886
1.0 0.0 0.0 0.0 0.0 1.0 0.0 0.0 0.0 0.0 1.0 0.0
0.7991871714405178 0.6010822088872558 -0.00020775976843731073 -0.5759182768296807 -0.6010822435133718 0.7991871445507637 -0.00021099224699543245 1.272010024920192 3.921525020784538e-05 0.0002935030047962813 0.9999999561590742 0.05438927089241463
0.294982766128014 0.955502573354579 -4.924211891549817e-07 -1.365538603910652 -0.9555025731367147 0.29498276604966833 -2.1512875915462378e-05 1.5119876654745834 -2.0410352533043894e-05 6.81643735821678e-06 0.999999999768477 -0.08000465172857574
1.0 0.0 0.0 0.0 0.0 1.0 0.0 0.0 0.0 0.0 1.0 0.0
0.799185115545867 0.601084940758098 -0.00021232939810250529 -0.5756828324423289 -0.6010849766581579 0.7991850893439831 -0.00020929909698096818 1.2717807615580785 4.388395368337514e-05 0.00029489673430666815 0.9999999555550565 0.05435507269268702
0.2949774858900531 0.9555042033607044 -1.334199679437607e-05 -1.365255122052174 -0.9555042031863651 0.2949774854483202 -2.778085064475553e-05 1.5120606414396622 -2.2609130898731307e-05 2.094305949500211e-05 0.9999999995251079 -0.07976446012397664
1.0 0.0 0.0 0.0 0.0 1.0 0.0 0.0 0.0 0.0 1.0 0.0
0.7991868210789261 0.6010826724789061 -0.00021414802350864086 -0.5757256004325662 -0.6010827091621737 0.7991867932784351 -0.00021493160095911414 1.2719910748081125 4.195261109011345e-05 0.00030049117705221887 0.9999999539725144 0.05469329379452742
0.2949661136869063 0.955507713988632 -1.687190816759868e-05 -1.364947058897755 -0.9555077134688822 0.2949661127738797 -4.262084023117191e-05 1.511811461379394 -3.5747900450295593e-05 2.869294200014377e-05 0.9999999989494013 -0.0797887200725334
1.0 0.0 0.0 0.0 0.0 1.0 0.0 0.0 0.0 0.0 1.0 0.0
0.7991811203128839 0.6010902538930885 -0.0002088305208314862 -0.5756066170095178 -0.601090289056921 0.7991810917368298 -0.00021682203746056463 1.2714353076448504 3.6563790079289145e-05 0.00029880607693675827 0.9999999546890078 0.054246816384256435
0.2949671166179326 0.9555074045305939 1.1451520837382097e-06 -1.3652629051128038 -0.9555074041120896 0.294967116523816 -2.9267757052853843e-05 1.5114644526174121 -2.8303340786127375e-05 7.538824612905012e-06 0.9999999995710435 -0.08019727634491736
1.0 0.0 0.0 0.0 0.0 1.0 0.0 0.0 0.0 0.0 1.0 0.0
0.7991888593966989 0.6010799634214593 -0.00021116216804730264 -0.575735353416519 -0.6010799975981738 0.7991888408003803 -0.00018228418733477855 1.2720384863025291 5.919107564711761e-05 0.00027260484722482206 0.9999999610915061 0.05407862277809461
0.29497446859497756 0.9555051349200988 -4.2935225649067e-06 -1.3651066625509287 -0.955505134871883 0.29497446852468523 -1.2330621616461957e-05 1.511930241031017 -1.0515492734605147e-05 7.739701416217212e-06 0.9999999999147606 -0.08007328953063958
1.0 0.0 0.0 0.0 0.0 1.0 0.0 0.0 0.0 0.0 1.0 0.0
0.799211464993584 0.6010499176943523 -0.00017510688675961573 -0.5754380759729365 -0.6010499429126586 0.7992114216565797 -0.00026385291178354013 1.2726298902565754 -1.8641347001901713e-05 0.00031612225645982696 0.9999999498596084 0.054675309590549004
0.29503633720427275 0.9554860331280699 1.504231502232233e-05 -1.365141485763881 -0.9554860329568534 0.2950363374659041 -1.9976978561716335e-05 1.5124057950912384 -2.352575353101367e-05 -8.4787873239063e-06 0.9999999996873246 -0.08031074696279134
1.0 0.0 0.0 0.0 0.0 1.0 0.0 0.0 0.0 0.0 1.0 0.0
0.799182101180922 0.6010889477182996 -0.00021466940487259014 -0.5751877769523723 -0.6010889844020199 0.7991820744776033 -0.0002113391167694851 1.2718830197303177 4.452633300226406e-05 0.00029793385395861043 0.9999999546264111 0.054424272291343334
0.29497245561261426 0.9555057563503861 3.3378079778149898e-06 -1.364984349405411 -0.9555057562239454 0.29497245562810603 -1.5608687732345065e-05 1.5119225535302991 -1.5898752392961793e-05 1.4148382133339879e-06 0.9999999998726141 -0.08023470540448124
1.0 0.0 0.0 0.0 0.0 1.0 0.0 0.0 0.0 0.0 1.0 0.0
0.7991909587100369 0.6010771776063502 -0.00019513307522123582 -0.575923826585452 -0.6010772076996534 0.7991909380378857 -0.00018692809583855782 1.272030179580728 4.359037316630288e-05 0.00026668128810687744 0.9999999634904841 0.05415080101174419
0.29498989269359166 0.9555003732025243 4.296529505347532e-06 -1.3655506670342294 -0.9555003731217433 0.29498989272455617 -1.2432387802811567e-05 1.5119627690496742 -1.31465839632539e-05 -4.379068016127651e-07 0.9999999999134876 -0.08009313529772671
1.0 0.0 0.0 0.0 0.0 1.0 0.0 0.0 0.0 0.0 1.0 0.0
0.799185115545867 0.601084940758098 -0.00021232939810250529 -0.5756828324423289 -0.6010849766581579 0.7991850893439831 -0.00020929909698096818 1.2717807615580785 4.388395368337514e-05 0.00029489673430666815 0.9999999555550565 0.05435507269268702
0.2949774858900531 0.9555042033607044 -1.334199679437607e-05 -1.365255122052174 -0.9555042031863651 0.2949774854483202 -2.778085064475553e-05 1.5120606414396622 -2.2609130898731307e-05 2.094305949500211e-05 0.9999999995251079 -0.07976446012397664
1.0 0.0 0.0 0.0 0.0 1.0 0.0 0.0 0.0 0.0 1.0 0.0
0.7991839392550845 0.6010865028979179 -0.0002174182061816483 -0.5756002059350518 -0.6010865404860831 0.7991839121367308 -0.00021313916131284014 1.2715376276786143 4.564205948187337e-05 0.0003010245519399421 0.9999999536505096 0.05459584002786427
0.29496447385875213 0.9555082203272544 -6.947887414364996e-06 -1.3650950006590037 -0.9555082195972547 0.2949644733286955 -4.1904779275230124e-05 1.5113437615165735 -3.799098111655957e-05 1.8999184704345838e-05 0.9999999990978581 -0.0799465804125562
1.0 0.0 0.0 0.0 0.0 1.0 0.0 0.0 0.0 0.0 1.0 0.0
0.7991918309034531 0.6010760129368323 -0.0002099741592726664 -0.5759117958745694 -0.6010760485412957 0.7991918015673263 -0.0002194938584736046 1.2720779962798936 3.587713331627146e-05 0.0003016281365769736 0.9999999538666482 0.05442764040047754
0.29499353428723235 0.9554992489406989 1.5773167620113595e-06 -1.3655166610637117 -0.9554992488427568 0.2949935342799832 -1.392591085040534e-05 1.5120080806719685 -1.3771495604682735e-05 2.600928678637496e-06 0.9999999999017906 -0.0800401016277566
1.0 0.0 0.0 0.0 0.0 1.0 0.0 0.0 0.0 0.0 1.0 0.0
0.7991845124610749 0.6010857449129904 -0.00020568118478890075 -0.5759246513588892 -0.6010857788892253 0.7991844858071754 -0.0002099101088502776 1.272042816136839 3.820323776269138e-05 0.00029138894316385134 0.9999999568164973 0.05430309717148579
0.2949690428417986 0.955506809868999 -7.678626264518544e-06 -1.3654082683109472 -0.9555068097350725 0.2949690426321608 -2.0942053283625332e-05 1.511958181897704 -1.774531748716596e-05 1.3514237097376918e-05 0.9999999997512347 -0.08004635043641423
