1.0 0.0 0.0 0.0 0.0 1.0 0.0 0.0 0.0 0.0 1.0 0.0
0.7989648114463268 0.6013777765020382 0.0 -0.7188707148321611 -0.6013777765020382 0.7989648114463268 0.0 1.0987849005109134 0.0 0.0 1.0 -0.04277318039936033
0.2945204173241157 0.9556451871794409 0.0 -1.5347876412388883 -0.9556451871794409 0.2945204173241157 0.0 1.31542203654856 0.0 0.0 1.0 -0.27439897663500384
1.0 0.0 0.0 0.0 0.0 1.0 0.0 0.0 0.0 0.0 1.0 0.0
0.7989600126109618 0.6013841519766644 0.0 -0.7178599473121284 -0.6013841519766644 0.7989600126109618 0.0 1.1005297280764235 0.0 0.0 1.0 -0.042222961464348854
0.2945119802783516 0.9556477873529158 0.0 -1.533821023113169 -0.9556477873529158 0.2945119802783516 0.0 1.317135705216349 0.0 0.0 1.0 -0.27409137124158534
1.0 0.0 0.0 0.0 0.0 1.0 0.0 0.0 0.0 0.0 1.0 0.0
0.7989651972133294 0.601377263988144 0.0 -0.71902948347161 -0.601377263988144 0.7989651972133294 0.0 1.0971498784037423 0.0 0.0 1.0 -0.043270095300720464
0.2945203701253828 0.9556452017256234 0.0 -1.5344085491005068 -0.9556452017256234 0.2945203701253828 0.0 1.3149978330610703 0.0 0.0 1.0 -0.2743504838986811
1.0 0.0 0.0 0.0 0.0 1.0 0.0 0.0 0.0 0.0 1.0 0.0
0.7989668001050566 0.6013751344459517 0.0 -0.7205079503177181 -0.6013751344459517 0.7989668001050566 0.0 1.0930910476455762 0.0 0.0 1.0 -0.043997241335910695
0.2945227586758786 0.9556444655947891 0.0 -1.535788229285801 -0.9556444655947891 0.2945227586758786 0.0 1.3111035588814088 0.0 0.0 1.0 -0.275075413263046
1.0 0.0 0.0 0.0 0.0 1.0 0.0 0.0 0.0 0.0 1.0 0.0
0.7989644108939962 0.6013783086583765 0.0 -0.7199192866692858 -0.6013783086583765 0.7989644108939962 0.0 1.0952964986714648 0.0 0.0 1.0 -0.04330601642870595
0.29451961620270084 0.9556454340767886 0.0 -1.5358960893625146 -0.9556454340767886 0.29451961620270084 0.0 1.3118920503519318 0.0 0.0 1.0 -0.2750151894559433
1.0 0.0 0.0 0.0 0.0 1.0 0.0 0.0 0.0 0.0 1.0 0.0
0.7989645762744335 0.6013780889412375 0.0 -0.7200877149692062 -0.6013780889412375 0.7989645762744335 0.0 1.09491645962314 0.0 0.0 1.0 -0.04339359942862523
0.2945196704519442 0.9556454173577552 0.0 -1.5355742183893535 -0.9556454173577552 0.2945196704519442 0.0 1.3129434352657432 0.0 0.0 1.0 -0.27483826740361883
1.0 0.0 0.0 0.0 0.0 1.0 0.0 0.0 0.0 0.0 1.0 0.0
0.7984278121456371 0.602090548665507 0.0 -0.49268639227528993 -0.602090548665507 0.7984278121456371 0.0 1.2865956062053572 0.0 0.0 1.0 0.06521968937812267
0.2948284864453521 0.9555501889384685 0.0 -1.6613413708633833 -0.9555501889384685 0.2948284864453521 0.0 1.410231172981503 0.0 0.0 1.0 -0.24823607576328913
1.0 0.0 0.0 0.0 0.0 1.0 0.0 0.0 0.0 0.0 1.0 0.0
0.7989621105871864 0.6013813647312898 0.0 -0.7210336979655364 -0.6013813647312898 0.7989621105871864 0.0 1.0966837754452674 0.0 0.0 1.0 -0.04220980358634746
0.29451531471280346 0.9556467597389834 0.0 -1.5381189720050261 -0.9556467597389834 0.29451531471280346 0.0 1.3115539243710443 0.0 0.0 1.0 -0.2753883549805721
1.0 0.0 0.0 0.0 0.0 1.0 0.0 0.0 0.0 0.0 1.0 0.0
0.7989663794295845 0.6013756933408444 0.0 -0.7195737687547802 -0.6013756933408444 0.7989663794295845 0.0 1.094745508805391 0.0 0.0 1.0 -0.04395828966661856
0.2945227468534189 0.9556444692383862 0.0 -1.5341406714457164 -0.9556444692383862 0.2945227468534189 0.0 1.3149054460030656 0.0 0.0 1.0 -0.2743258881310156
1.0 0.0 0.0 0.0 0.0 1.0 0.0 0.0 0.0 0.0 1.0 0.0
0.798966544168568 0.6013754744744214 0.0 -0.7204742885876394 -0.6013754744744214 0.798966544168568 0.0 1.0907737673702766 0.0 0.0 1.0 -0.044887256991475256
0.2945222526876269 0.9556446215365865 0.0 -1.5350552465572498 -0.9556446215365865 0.2945222526876269 0.0 1.3102269174075825 0.0 0.0 1.0 -0.275180144179571
1.0 0.0 0.0 0.0 0.0 1.0 0.0 0.0 0.0 0.0 1.0 0.0
0.7989623166471957 0.6013810909712294 0.0 -0.7180696304514749 -0.6013810909712294 0.7989623166471957 0.0 1.0987204520397806 0.0 0.0 1.0 -0.04296439355178906
0.294515783045153 0.9556466154061868 0.0 -1.5336586294769847 -0.9556466154061868 0.294515783045153 0.0 1.315781903122275 0.0 0.0 1.0 -0.27419134704047216
1.0 0.0 0.0 0.0 0.0 1.0 0.0 0.0 0.0 0.0 1.0 0.0
0.7989663491566921 0.6013757335603315 0.0 -0.7230466474581737 -0.6013757335603315 0.7989663491566921 0.0 1.0917600794394637 0.0 0.0 1.0 -0.04311938531597136
0.29452017991319684 0.9556452603471113 0.0 -1.5383300599671608 -0.9556452603471113 0.29452017991319684 0.0 1.3116636128364834 0.0 0.0 1.0 -0.2752944747231628
1.0 0.0 0.0 0.0 0.0 1.0 0.0 0.0 0.0 0.0 1.0 0.0
0.7989639379244954 0.6013789370240556 0.0 -0.7215345227934357 -0.6013789370240556 0.7989639379244954 0.0 1.0903633023190378 0.0 0.0 1.0 -0.04414781236942723
0.29451826703531314 0.955645849874584 0.0 -1.5364722901592105 -0.955645849874584 0.29451826703531314 0.0 1.3101147144173846 0.0 0.0 1.0 -0.2752971447799594
1.0 0.0 0.0 0.0 0.0 1.0 0.0 0.0 0.0 0.0 1.0 0.0
0.7989610531470562 0.6013827695853505 0.0 -0.7183885876385552 -0.6013827695853505 0.7989610531470562 0.0 1.1017663160763982 0.0 0.0 1.0 -0.04139578549742005
0.29451339233571494 0.9556473521832775 0.0 -1.5347690751410954 -0.9556473521832775 0.29451339233571494 0.0 1.3179055712197185 0.0 0.0 1.0 -0.27388010192400686
1.0 0.0 0.0 0.0 0.0 1.0 0.0 0.0 0.0 0.0 1.0 0.0
0.7989653387494488 0.6013770759490078 0.0 -0.7186402920822643 -0.6013770759490078 0.7989653387494488 0.0 1.0959007473533737 0.0 0.0 1.0 -0.04391356458624014
0.29452172293344003 0.9556447848025531 0.0 -1.53357920787413 -0.9556447848025531 0.29452172293344003 0.0 1.3145834244374928 0.0 0.0 1.0 -0.27432347535753915
