1.0 0.0 0.0 0.0 0.0 1.0 0.0 0.0 0.0 0.0 1.0 0.0
0.7989930433379969 0.6013335006839713 0.0028526571203187985 -0.6045906802294831 -0.6013346144805656 0.798997111261538 -0.0005455485560484291 1.1302562037850445 -0.0026073214215560653 -0.001279511968606361 0.9999957823531692 -0.05579820694393232
0.29464217448469243 0.9556018296569887 -0.003336490843359097 -1.3989532103356652 -0.9556069578352869 0.2946443792715451 0.00017860703758287874 1.3758931760299693 0.0011537554853905396 0.0031357486987359934 0.9999944179486095 -0.20104812214530096
1.0 0.0 0.0 0.0 0.0 1.0 0.0 0.0 0.0 0.0 1.0 0.0
0.7989742802620189 0.6013572154297812 0.0030982140546720878 -0.5999143679746101 -0.6013585843008289 0.7989790514619671 -0.0005730729780587271 1.1335865596734986 -0.0028200296969514878 -0.0014052670475964545 0.9999950363161976 -0.054727401805710535
0.2946127156408188 0.9556107067072745 -0.0033948503892269667 -1.3936629577816497 -0.95561603677412 0.29461494092724594 0.00016383698937030478 1.3845147662925046 0.0011567380280758932 0.003195905014033329 0.9999942240574571 -0.19461828120156294
1.0 0.0 0.0 0.0 0.0 1.0 0.0 0.0 0.0 0.0 1.0 0.0
0.7989815409004869 0.6013466580544948 0.0032701906632534175 -0.598465702836338 -0.6013482036246538 0.7989868462225655 -0.0005979638119483723 1.1399993521552494 -0.002972422864532008 -0.0014887612329843177 0.9999944741308852 -0.05184059377794008
0.2946268826279492 0.9556055906775809 -0.003599319197877938 -1.3925814984525355 -0.9556115583720246 0.29462944912922795 0.000192903080231481 1.3900501569305566 0.001244804694439175 0.003382716594584556 0.9999935038237565 -0.19178552333641785
1.0 0.0 0.0 0.0 0.0 1.0 0.0 0.0 0.0 0.0 1.0 0.0
0.7989714492745253 0.6013603480185905 0.0032179302547346825 -0.6001206004958537 -0.6013618604825447 0.7989765784231638 -0.0005829993020830042 1.1303561050079214 -0.0029216435677275267 -0.0014693407275790237 0.9999946525040468 -0.056353111383636835
0.2946080418902627 0.9556127024888551 -0.003234887251899661 -1.3945175550529831 -0.9556175497975326 0.29461004104491106 0.00014911229382564526 1.3752389870669084 0.0010955238681348844 0.0030473853486259056 0.9999947566212491 -0.19888417980306372
1.0 0.0 0.0 0.0 0.0 1.0 0.0 0.0 0.0 0.0 1.0 0.0
0.7990296297940527 0.6012830690719253 0.0032127182610928893 -0.6100753368218264 -0.6012845162938135 0.799034772349275 -0.0006025297147779552 1.128078025484981 -0.0029293645204834366 -0.0014503186506705935 0.9999946576853886 -0.05582932773305976
0.29470785843987357 0.9555822969312723 -0.003122813689181478 -1.4046150006309226 -0.9555867695998185 0.29470984287674584 0.0001851414247422182 1.3771567780902776 0.001097241799584342 0.0029295568125127236 0.9999951068666864 -0.20346141423226466
1.0 0.0 0.0 0.0 0.0 1.0 0.0 0.0 0.0 0.0 1.0 0.0
0.7989823761345519 0.6013449170295599 0.003384285611044176 -0.6008579895202699 -0.6013465939998779 0.7989880472311492 -0.0006117732429544334 1.1362391343619545 -0.0030718904816660017 -0.0015463325860129373 0.9999940861547143 -0.05325263672644553
0.29462958610609014 0.9556053748986875 -0.003431392675457425 -1.395593258523366 -0.95561080678434 0.29463189676915935 0.000177096556541928 1.3826629363691567 0.0011802321538373073 0.0032268980378330203 0.9999940970731359 -0.19632695697017144
1.0 0.0 0.0 0.0 0.0 1.0 0.0 0.0 0.0 0.0 1.0 0.0
0.7990435402851006 0.601264988046955 0.003136060832903589 -0.6150976543871719 -0.6012663474036297 0.7990484500252338 -0.0005949724103731395 1.1247267956324514 -0.0028636006269277306 -0.0014101989810790128 0.9999949055521649 -0.05661534101324104
0.2947292977091729 0.9555757790775954 -0.003093786046908174 -1.4099762630169894 -0.9555801543521136 0.2947312842130664 0.00019676002488800326 1.3723970223509492 0.0010998546487593908 0.0028983696042844537 0.9999951948751497 -0.20816342566630536
1.0 0.0 0.0 0.0 0.0 1.0 0.0 0.0 0.0 0.0 1.0 0.0
0.7989694299537611 0.6013644862376214 0.002933375448874618 -0.5965973022207643 -0.6013656856681165 0.7989737206912235 -0.0005529427987504171 1.1324841831527162 -0.0026762100586609776 -0.0013222469454198462 0.9999955447714441 -0.05555928515953269
0.29460514128950344 0.9556128310787965 -0.0034536652066110146 -1.3902271319479023 -0.9556183522078676 0.29460743113003196 0.00016262374794839197 1.383042947260139 0.0011728807746804182 0.0032524760615779136 0.9999940228572155 -0.19304147314541448
1.0 0.0 0.0 0.0 0.0 1.0 0.0 0.0 0.0 0.0 1.0 0.0
0.7990365919743608 0.6012744623470532 0.0030895979125161593 -0.6136367269757249 -0.6012757780916324 0.7990413591086304 -0.000587464156082464 1.1208783086937322 -0.0028219437097127477 -0.001388295031655211 0.9999950546230738 -0.05846479834151146
0.29471699546716645 0.955579537026975 -0.0031049956712498753 -1.4083447361381205 -0.9555839518818566 0.2947189757320602 0.00019039248571194 1.3678930039761983 0.0010970363072332762 0.002910972132760467 0.9999951613645852 -0.20866408576117768
1.0 0.0 0.0 0.0 0.0 1.0 0.0 0.0 0.0 0.0 1.0 0.0
0.7989760457643638 0.6013526915626786 0.00349551785338967 -0.598015241659649 -0.6013545082821978 0.7989820818007751 -0.0006231612756570907 1.1349562064651493 -0.0031675958418670796 -0.0016041544880188103 0.9999936964926135 -0.054303626898101386
0.29462042127484844 0.9556082790455531 -0.003409455591040614 -1.3927055585833192 -0.9556136502804156 0.29462267895866256 0.00016864448035820102 1.3808505052684479 0.001165661001668622 0.003208436194974476 0.9999941735688324 -0.19542129411075082
1.0 0.0 0.0 0.0 0.0 1.0 0.0 0.0 0.0 0.0 1.0 0.0
0.7989725471391699 0.6013595907604534 0.0030840749613066675 -0.6031161297600385 -0.601360964583801 0.7989772661925623 -0.0005642537549894164 1.1283992856072769 -0.0028034251885032183 -0.0014038190337233912 0.999995085037588 -0.056949414669359065
0.29460680396223526 0.9556135269600277 -0.0031013142655956 -1.3971896498231704 -0.9556179906581516 0.29460861788475445 0.00013490185846776277 1.375079680543287 0.001042587950177254 0.0029239287015161847 0.9999951818140499 -0.20033686846129517
1.0 0.0 0.0 0.0 0.0 1.0 0.0 0.0 0.0 0.0 1.0 0.0
0.7990033256020395 0.6013193092610507 0.00296209160800546 -0.6054431772357702 -0.6013205137535524 0.7990077098379376 -0.0005651183044624412 1.1316152617645703 -0.0027065505805327476 -0.0013296350428868532 0.9999954533169677 -0.054877533403043945
0.2946610377417743 0.9555970733366621 -0.0030176592495337333 -1.3999968731718995 -0.9556012822078279 0.294662803087701 0.00014805152558393484 1.375730153611291 0.0010306695377821917 0.002840054031952921 0.9999954358962843 -0.20139574218414832
1.0 0.0 0.0 0.0 0.0 1.0 0.0 0.0 0.0 0.0 1.0 0.0
0.7989814444311637 0.6013481605844114 0.0030068615592066 -0.5980617392813394 -0.6013494219489304 0.7989859522866416 -0.0005663658671774029 1.1328634886893105 -0.0027430232187217072 -0.0013556586418754387 0.9999953189956783 -0.05517308908890454
0.29462621900778774 0.955606381908221 -0.0034400478854270467 -1.3920067319422493 -0.9556118473372499 0.29462852461081157 0.00017237849398147952 1.3820245462937695 0.0011782622220263272 0.0032365632908015196 0.9999940681605071 -0.1943399399751569
1.0 0.0 0.0 0.0 0.0 1.0 0.0 0.0 0.0 0.0 1.0 0.0
0.7990015483860802 0.6013214485061684 0.003006865991335942 -0.6040774103725449 -0.6013227085937856 0.7990060568553009 -0.0005667785960604708 1.127594053424267 -0.00274332026559501 -0.0013552398264442616 0.9999953187485096 -0.05706785725206416
0.2946573227194268 0.9555983155737579 -0.0029868780383214446 -1.3978103328947817 -0.9556024428337578 0.2946590417038506 0.00014280169219219155 1.376775000873669 0.0010165716769780092 0.002812190385565308 0.9999955290736359 -0.199842713275124
1.0 0.0 0.0 0.0 0.0 1.0 0.0 0.0 0.0 0.0 1.0 0.0
0.7989887424993207 0.6013379367999371 0.003110486223867791 -0.6003012179725693 -0.601339297874931 0.7989935608230249 -0.0005818888453292941 1.134582706644424 -0.002835170301596306 -0.001405534965106268 0.999994993127877 -0.05399186084942389
0.2946390234487145 0.9556029903305876 -0.0032818794047011 -1.3944181505364166 -0.9556079674400845 0.2946411144376613 0.00016201223235047228 1.3828781206780234 0.0011217959789553839 0.0030884549813834233 0.9999946014952329 -0.19543510224116667
