1.0 0.0 0.0 0.0 0.0 1.0 0.0 0.0 0.0 0.0 1.0 0.0
0.7991899893975754 0.6010784763246749 -0.00016169697310054013 -0.5760287781255498 -0.6010784980720673 0.799189959824192 -0.00021742040891835243 1.272199403831559 -1.4601306786168845e-06 0.00027095278803234747 0.9999999632912266 0.05417742979322171
0.29498788150317246 0.955500993878403 -2.153263338148553e-05 -1.3655432119295368 -0.9555009940888323 0.2949878812333358 -1.4856681514716507e-05 1.5120942727580715 -7.843708054469109e-06 2.4956993607554103e-05 0.9999999996578123 -0.0799384220588053
1.0 0.0 0.0 0.0 0.0 1.0 0.0 0.0 0.0 0.0 1.0 0.0
0.7991747165398406 0.601098775750072 -0.0001850276457670931 -0.5749356596968944 -0.6010988030571573 0.799174696329541 -0.0001836023910102033 1.2709144758689233 3.750624015746973e-05 0.00025795028519470776 0.9999999660274658 0.05358739913689031
0.29496825354477296 0.9555070534536141 1.4182365778773944e-05 -1.3650453089677992 -0.9555070531151766 0.29496825382763914 -2.609647615785888e-05 1.5114673357067439 -2.9118714708033243e-05 -5.853718535519652e-06 0.9999999995589173 -0.08055506138821233
1.0 0.0 0.0 0.0 0.0 1.0 0.0 0.0 0.0 0.0 1.0 0.0
0.799187118492254 0.6010822812503253 -0.00020199740697996802 -0.5757521837660544 -0.6010823131184856 0.7991870985188333 -0.00018551867933398977 1.271891795630319 4.992173060402548e-05 0.00026968120739488135 0.9999999623899329 0.05407436824391332
0.2949740851283704 0.9555052533097732 -3.273480995842212e-07 -1.365376004508441 -0.9555052532170277 0.29497408509492956 -1.4038253322400737e-05 1.5117397611353987 -1.3317065590669075e-05 4.4537037593591775e-06 0.9999999999014101 -0.08010208523473222
1.0 0.0 0.0 0.0 0.0 1.0 0.0 0.0 0.0 0.0 1.0 0.0
0.7991831578383957 0.6010875418885626 -0.0002172874038698874 -0.575558978002304 -0.6010875792390518 0.7991831319815599 -0.0002089035220021244 1.2715134962891543 4.8083123432758094e-05 0.00029756093598850983 0.9999999545727504 0.054510579182506014
0.2949734358709999 0.9555054535820152 -1.7478131738828977e-05 -1.3651789520412194 -0.9555054535095622 0.2949734353465761 -2.7446793660558217e-05 1.5117823960313341 -2.1069976463557494e-05 2.479652522329732e-05 0.9999999994705941 -0.07963788603369648
1.0 0.0 0.0 0.0 0.0 1.0 0.0 0.0 0.0 0.0 1.0 0.0
0.7991831359760587 0.6010875783362709 -0.00019580936973082478 -0.5759286752452581 -0.601087609625744 0.7991831073704477 -0.00021551826835416728 1.271559665801675 2.694218654149661e-05 0.000289937151557244 0.9999999576052824 0.054142765903068435
0.29497682839365946 0.955504406330126 1.3947432494441685e-05 -1.3656759208973082 -0.9555044059315391 0.29497682868016084 -2.8057283775710046e-05 1.5115757355410757 -3.09230276827871e-05 -5.0505846183731784e-06 0.999999999509129 -0.08028858922173926
1.0 0.0 0.0 0.0 0.0 1.0 0.0 0.0 0.0 0.0 1.0 0.0
0.79918448003514 0.6010857865578247 -0.00020992647016772938 -0.5757406765608266 -0.6010858218736855 0.7991844528496302 -0.0002122872400707816 1.2720065237104645 4.016712852552212e-05 0.0002958404924278833 0.9999999554325013 0.05444127319352249
0.29496907291060415 0.9555068005464735 -1.1649045899516797e-05 -1.365155421518196 -0.955506800464668 0.29496907262346633 -2.1480842136995993e-05 1.511984246558125 -1.7088982477440823e-05 1.746692666640634e-05 0.9999999997014366 -0.07997018589501886
1.0 0.0 0.0 0.0 0.0 1.0 0.0 0.0 0.0 0.0 1.0 0.0
0.7991840295282947 0.6010863819667747 -0.0002199113726160054 -0.575686764075888 -0.6010864197729949 0.7991840056642388 -0.00020262020158456792 1.2716331478012215 5.3957407774531296e-05 0.00029411656879930277 0.9999999552920201 0.05430342384221376
0.2949706451811239 0.9555063150845258 -1.774888874681794e-05 -1.3651110710442271 -0.9555063150307782 0.29497064466542117 -2.6869499503425014e-05 1.5118760465135956 -2.043857530293404e-05 2.48848888865737e-05 0.9999999994815034 -0.07965758339607582
1.0 0.0 0.0 0.0 0.0 1.0 0.0 0.0 0.0 0.0 1.0 0.0
0.7991976122912015 0.6010683276817982 -0.000204855677780131 -0.5750914325969632 -0.6010683604400847 0.799197591848677 -0.00018777950748044786 1.272181684111228 5.085184982422817e-05 0.000273205200385733 0.9999999613865033 0.05418432461631195
0.29499421590783254 0.955499038302597 1.958915620350615e-05 -1.3648660290201136 -0.9554990381653515 0.294994215196121 3.2648314405894335e-05 1.5120553757623139 2.541674525642516e-05 -2.8348483819792224e-05 0.9999999992751762 -0.08061369634704119
1.0 0.0 0.0 0.0 0.0 1.0 0.0 0.0 0.0 0.0 1.0 0.0
0.7991883872899598 0.6010805876268183 -0.00022090511945614582 -0.5756606090419041 -0.6010806269531399 0.7991883554916078 -0.00022879737733950373 1.2718638659622652 3.901913711913431e-05 0.0003156339947119936 0.9999999494263428 0.054288512021206825
0.29497703993502616 0.9555043411124884 -5.134171906020942e-06 -1.36501352483943 -0.9555043408150945 0.2949770396975652 -2.710669585037755e-05 1.511801930332128 -2.4386102728114237e-05 1.290157644705514e-05 0.9999999996194336 -0.08006989544029902
1.0 0.0 0.0 0.0 0.0 1.0 0.0 0.0 0.0 0.0 1.0 0.0
0.7991871714405178 0.6010822088872558 -0.00020775976843731073 -0.5759182768296807 -0.6010822435133718 0.7991871445507637 -0.00021099224699543245 1.272010024920192 3.921525020784538e-05 0.0002935030047962813 0.9999999561590742 0.05438927089241463
0.294982766128014 0.955502573354579 -4.924211891549817e-07 -1.365538603910652 -0.9555025731367147 0.29498276604966833 -2.1512875915462378e-05 1.5119876654745834 -2.0410352533043894e-05 6.81643735821678e-06 0.999999999768477 -0.08000465172857574
1.0 0.0 0.0 0.0 0.0 1.0 0.0 0.0 0.0 0.0 1.0 0.0
0.7991897492594856 0.6010787770610619 -0.00022010301891879614 -0.5757892976073258 -0.6010788160639359 0.7991897180000345 -0.00022698502645922652 1.272111952472721 3.9468187505381294e-05 0.00031370336840540766 0.9999999500162279 0.05422473250907189
0.2949782890394437 0.9555039554919751 -5.8781554991647245e-06 -1.365089064494466 -0.9555039551595216 0.294978288759009 -2.8901874061648014e-05 1.511967563471953 -2.5881926736834274e-05 1.414202618922688e-05 0.9999999995650645 -0.08000896224788362
1.0 0.0 0.0 0.0 0.0 1.0 0.0 0.0 0.0 0.0 1.0 0.0
0.799187870934425 0.6010812851478277 -0.00018866991496817922 -0.5759606615961435 -0.6010813134594372 0.7991878504714727 -0.00018511797578768958 1.2717986346441563 3.951175300162412e-05 0.0002613500012408041 0.9999999650674983 0.054016050463468135
0.2949843756556331 0.9555020763868861 1.1806968752420585e-05 -1.3656947424332326 -0.955502076366494 0.2949843757770155 -1.0332602783322545e-05 1.5117192505444628 -1.3355694721198607e-05 -8.233626777593875e-06 0.9999999998769161 -0.08024346112481445
1.0 0.0 0.0 0.0 0.0 1.0 0.0 0.0 0.0 0.0 1.0 0.0
0.7991994585270464 0.6010658671616779 -0.00022095985130026876 -0.5756022516153187 -0.6010659056434359 0.7991994326540448 -0.00020956738486797933 1.2723169813388564 5.062718588401981e-05 0.0003002975736440513 0.9999999536291265 0.054710629027693636
0.2949924814390468 0.955499573989497 5.684878372988125e-07 -1.3649495635432256 -0.9554995739187635 0.2949924814098564 1.235784573597353e-05 1.512069316666298 1.16402166983783e-05 -4.188661465215995e-06 0.9999999999234803 -0.08007251312135971
1.0 0.0 0.0 0.0 0.0 1.0 0.0 0.0 0.0 0.0 1.0 0.0
0.7991855616079093 0.6010843466620395 -0.00021520994455766798 -0.5756442368744015 -0.6010843835248837 0.7991855348102807 -0.00021173690597421377 1.2718991599980658 4.4720934846055336e-05 0.0002985764149669893 0.9999999544260801 0.054442550209514606
0.2949742614826468 0.955505198844747 -6.589904238402182e-06 -1.3651844972341038 -0.9555051986760231 0.2949742612784689 -2.2052542196031496e-05 1.5118924464398695 -1.912746658143416e-05 1.2801620106658783e-05 0.9999999997351292 -0.0799671453414133
1.0 0.0 0.0 0.0 0.0 1.0 0.0 0.0 0.0 0.0 1.0 0.0
0.7991820030610676 0.601089081341121 -0.0002056107656543091 -0.5754701137356957 -0.601089115285351 0.7991819764909883 -0.00020961257406247372 1.2722280313713323 3.832458850267492e-05 0.00029110899002632583 0.9999999568933899 0.05433047850010536
0.2949824685509711 0.9555026650661698 1.7292279540272335e-05 -1.3654648142086465 -0.9555026650181286 0.29498246881396634 -1.535158932963655e-05 1.5122066495950275 -1.976940382767802e-05 -1.1994369468336465e-05 0.9999999997326527 -0.08029037154439644
1.0 0.0 0.0 0.0 0.0 1.0 0.0 0.0 0.0 0.0 1.0 0.0
0.799182734608517 0.6010881084373326 -0.00020639496355140868 -0.5756945305810177 -0.6010881424708368 0.799182709078908 -0.00020613164825311606 1.2715432039180978 4.104400357373078e-05 0.00028879841959674607 0.9999999574554305 0.05418076985376735
0.294974717503338 0.9555050580509133 -8.540862695243675e-06 -1.3653818701352662 -0.9555050578453733 0.29497471721443225 -2.522250513071558e-05 1.5118621641934613 -2.1580892670816894e-05 1.5600838829337615e-05 0.9999999996454397 -0.07990122719636511
1.0 0.0 0.0 0.0 0.0 1.0 0.0 0.0 0.0 0.0 1.0 0.0
0.7991952686204707 0.6010714453379642 -0.00020053424821733787 -0.5756081478054007 -0.6010714765950828 0.7991952497349158 -0.00018117657626976795 1.2719286141903083 5.136595202460197e-05 0.0002653308792235361 0.9999999634805309 0.05405854923320058
0.29499830860712073 0.9554977749408352 1.4317409838586071e-06 -1.3651532422272812 -0.9554977748542042 0.2949983085594095 1.3991043074235736e-05 1.5121986686332605 1.294604935799858e-05 -5.495359366785098e-06 0.9999999999011004 -0.08012094748323828
1.0 0.0 0.0 0.0 0.0 1.0 0.0 0.0 0.0 0.0 1.0 0.0
0.7991895858075656 0.6010789955315853 -0.00021695039058762633 -0.5756094351169363 -0.6010790332849637 0.799189556517048 -0.00022022555974351518 1.271969944337953 4.1011528198910145e-05 0.0003064063049208714 0.9999999522166142 0.05447719661624545
0.29498180569140076 0.9555028698472485 -4.97120541689052e-06 -1.3651265614226507 -0.9555028697796256 0.29498180559498244 -1.4519737049736162e-05 1.5119125142252186 -1.240723527059067e-05 9.033059295194497e-06 0.9999999998822321 -0.07999992580890364
1.0 0.0 0.0 0.0 0.0 1.0 0.0 0.0 0.0 0.0 1.0 0.0
0.7991909934256693 0.601077120327199 -0.00022681810810051223 -0.5757942375894434 -0.6010771620079036 0.7991909580228445 -0.00024068039694031404 1.2717688371609297 3.660350119768725e-05 0.00032868479023786705 0.9999999453132445 0.054939857687423155
0.294985360942634 0.9555017722532747 -7.098921608780466e-06 -1.3652373768556973 -0.9555017719150262 0.29498536061667796 -2.9817671237561203e-05 1.5115184286313577 -2.639675976120008e-05 1.557880868835954e-05 0.9999999995302561 -0.0797818066564005
1.0 0.0 0.0 0.0 0.0 1.0 0.0 0.0 0.0 0.0 1.0 0.0
0.7991854396678101 0.6010845124781333 -0.00020465066225726288 -0.5758829138660815 -0.6010845464296031 0.7991854106656374 -0.00021776756776371243 1.271801327469996 3.2657111256265454e-05 0.00029704901988806187 0.9999999553476954 0.054326738048226186
0.2949802285517842 0.9555033567443584 3.714844056900917e-06 -1.3655110551907406 -0.9555033562685157 0.29498022852405076 -3.065127019503479e-05 1.5118156805045668 -3.0383197108669908e-05 5.491972723152427e-06 0.9999999995233498 -0.0800839582015403
