1.0 0.0 0.0 0.0 0.0 1.0 0.0 0.0 0.0 0.0 1.0 0.0
0.7991806883957918 0.6010908315889493 -0.0001986829988085259 -0.5757163166041384 -0.6010908631812563 0.7991806643484658 -0.00019982881966624114 1.2714545063894578 3.8668339593920296e-05 0.0002791258689154373 0.9999999602967536 0.05413611947327118
0.29495932581412343 0.9555098095169053 -5.678480396357217e-06 -1.3652538102941705 -0.9555098090104908 0.2949593254506969 -3.484832721488978e-05 1.5113758505939954 -3.162299775178813e-05 1.5704682820041097e-05 0.9999999993766745 -0.08016124649814049
1.0 0.0 0.0 0.0 0.0 1.0 0.0 0.0 0.0 0.0 1.0 0.0
0.7991881661407727 0.6010808790738055 -0.00022784295233671144 -0.5757973996295629 -0.6010809204131834 0.7991881359600472 -0.00022462401180581212 1.2722919060600368 4.707218589228187e-05 0.0003164689035664743 0.9999999488158198 0.05491453488206133
0.2949740733986459 0.955505256815334 -1.4861796824304573e-05 -1.3651337243850747 -0.9555052565845332 0.2949740728372285 -3.1514175940459796e-05 1.512125524286331 -2.5728116036367965e-05 2.3496389834870426e-05 0.999999999392992 -0.07962991788247137
1.0 0.0 0.0 0.0 0.0 1.0 0.0 0.0 0.0 0.0 1.0 0.0
0.7991794549687787 0.601092490823174 -0.00012740407669473605 -0.5754285411147952 -0.6010925028302015 0.7991794200816039 -0.00023991530741899973 1.272484997967986 -4.239257359416482e-05 0.00026831701995299413 0.9999999631044225 0.054136681664385455
0.2949769927236002 0.9555043542646645 5.2392818265007905e-05 -1.3654012971947456 -0.9555043551589346 0.29497699395991717 -1.751227888148655e-05 1.512079835516106 -3.2187734761258674e-05 -4.489584667106569e-05 0.9999999984741563 -0.08081688288279276
1.0 0.0 0.0 0.0 0.0 1.0 0.0 0.0 0.0 0.0 1.0 0.0
0.7991814531605047 0.6010898124231241 -0.00020573137504712835 -0.5753892474065978 -0.6010898464192181 0.7991814264673791 -0.00021005067406698494 1.271995506429004 3.815737350498322e-05 0.0002915316435688846 0.9999999567766569 0.05434626071219828
0.2949799852018066 0.9555034317141696 1.7685795085184303e-05 -1.3653323719290462 -0.9555034317034776 0.2949799854510572 -1.3644493713593708e-05 1.5120310268377057 -1.8254316144261013e-05 -1.287398534257861e-05 0.9999999997505202 -0.08034809785566188
1.0 0.0 0.0 0.0 0.0 1.0 0.0 0.0 0.0 0.0 1.0 0.0
0.7991778986811483 0.6010945389262745 -0.00020379547024845077 -0.5752057271937616 -0.6010945723230876 0.7991778721973507 -0.00020907854868027883 1.2717777322453827 3.719285645826691e-05 0.0002895913062239819 0.9999999573767824 0.0542608398182407
0.2949641147960876 0.955508331173183 6.418721990235039e-06 -1.3650468363053339 -0.9555083311140312 0.29496411485182983 -1.1016180246893597e-05 1.5118130074706713 -1.2419344653941784e-05 -2.8837644818176104e-06 0.9999999999187219 -0.08046574563615722
1.0 0.0 0.0 0.0 0.0 1.0 0.0 0.0 0.0 0.0 1.0 0.0
0.7991881309255047 0.6010809328419172 -0.00020871436922252574 -0.5760186579408213 -0.6010809661834613 0.7991881129748594 -0.00017936454097988432 1.2724352607020997 5.898943727874168e-05 0.0002688002469686746 0.9999999621333359 0.05399267240620287
0.29496616273606807 0.9555076989333736 -1.0945697883702136e-05 -1.3651230183511762 -0.955507698951298 0.2949661625920031 -1.3059203907440154e-05 1.5122294715244369 -9.249559373847842e-06 1.431072186323469e-05 0.9999999998548244 -0.08003833670877708
1.0 0.0 0.0 0.0 0.0 1.0 0.0 0.0 0.0 0.0 1.0 0.0
0.7991886811521423 0.6010802015860044 -0.00020779708478200706 -0.5760666229906555 -0.6010802362132076 0.7991886543380643 -0.0002107396253157118 1.272221978276015 3.939765609537711e-05 0.000293323444027744 0.9999999562045901 0.0543806437928841
0.29498540655199645 0.9555017581989841 5.823107188737329e-08 -1.3656805876244524 -0.9555017579322201 0.29498540647107946 -2.3612034507742835e-05 1.5121394016043332 -2.2578517803213877e-05 6.909565707231885e-06 0.9999999997212343 -0.07993814211786199
1.0 0.0 0.0 0.0 0.0 1.0 0.0 0.0 0.0 0.0 1.0 0.0
0.7991949448681879 0.6010718604482849 -0.00024222793418475928 -0.5764142236470065 -0.6010719072121805 0.7991949104904524 -0.00023959647177231494 1.2726223596547896 4.9572635134043956e-05 0.0003370806954291887 0.9999999419595778 0.05473838400755504
0.2949870980524399 0.9555012359897298 -2.167716834410503e-06 -1.3654216176876748 -0.9555012353944995 0.2949870977869159 -3.603937900600516e-05 1.5122473980554858 -3.3796222686733446e-05 1.2702407941856454e-05 0.9999999993482321 -0.07978423645898297
1.0 0.0 0.0 0.0 0.0 1.0 0.0 0.0 0.0 0.0 1.0 0.0
0.7991834563590027 0.6010871493388398 -0.00020489457235025598 -0.5755629227690182 -0.6010871821652072 0.7991834356038979 -0.00018892602226517916 1.271466906778846 5.018734410816477e-05 0.00027414605260500365 0.9999999611625854 0.054353538111787336
0.29496095503249403 0.9555093065274136 -1.2075612382247458e-05 -1.3650458875026867 -0.9555093062555856 0.294960954560323 -3.072187115047006e-05 1.5113184423022945 -2.5793199643036856e-05 2.060011246489371e-05 0.999999999455173 -0.0799628882555824
1.0 0.0 0.0 0.0 0.0 1.0 0.0 0.0 0.0 0.0 1.0 0.0
0.7991887825951188 0.6010800670795192 -0.0002067215792518029 -0.5756269350669481 -0.6010801003982984 0.7991887619846458 -0.00018873955694041097 1.2719227122691334 5.176197745146251e-05 0.000275094764349921 0.9999999608217833 0.054238738887961324
0.29497793492927876 0.9555040648228919 -3.433591215644853e-06 -1.3651669498368868 -0.9555040647548138 0.2949779348596555 -1.3526355972697217e-05 1.5118549190589468 -1.1911654468209146e-05 7.270786915198838e-06 0.9999999999026241 -0.08004232222765612
1.0 0.0 0.0 0.0 0.0 1.0 0.0 0.0 0.0 0.0 1.0 0.0
0.7991894400580005 0.6010791891372196 -0.00021745326314706796 -0.5757773827684538 -0.6010792266450055 0.799189413533349 -0.0002111683290610222 1.2719697657895654 4.685745784195848e-05 0.0002994701379041384 0.9999999540610065 0.05419830048904539
0.2949823566223857 0.9555026997026764 -1.1933176808976615e-05 -1.3651269354568214 -0.9555026996582551 0.2949823563656106 -1.946221135839717e-05 1.5122007952490488 -1.5076118881091489e-05 1.714319162806005e-05 0.9999999997394108 -0.079831216343065
1.0 0.0 0.0 0.0 0.0 1.0 0.0 0.0 0.0 0.0 1.0 0.0
0.7991891313235848 0.6010796003823682 -0.00021535651073516487 -0.5758923765591781 -0.6010796372473741 0.7991891048088609 -0.00021081123455313758 1.2721258783277243 4.539624440788514e-05 0.00029792446076732965 0.9999999545900974 0.054091276992385307
0.29497660383420976 0.9555044757529092 -2.5678420954507576e-06 -1.3652875121286012 -0.95550447567728 0.2949766037741565 -1.3658361331874022e-05 1.5119213181012334 -1.2293172043708816e-05 6.4824816546528235e-06 0.9999999999034278 -0.0800942584327386
1.0 0.0 0.0 0.0 0.0 1.0 0.0 0.0 0.0 0.0 1.0 0.0
0.7991897930780096 0.6010787132436348 -0.00023478778485320502 -0.5762757963373808 -0.6010787556857685 0.7991897691977783 -0.00020560362126369566 1.2723946477413453 6.40560354798762e-05 0.00030544226510360466 0.9999999513009222 0.05432110991043593
0.29498133798278664 0.9555030142484151 -2.0193991830161866e-06 -1.365642426501628 -0.9555030140070347 0.2949813378592363 -2.3200137100285038e-05 1.5122545110039258 -2.157211585761997e-05 8.7731494890838e-06 0.9999999997288378 -0.07994497001006262
1.0 0.0 0.0 0.0 0.0 1.0 0.0 0.0 0.0 0.0 1.0 0.0
0.799189885604379 0.6010785939541582 -0.0002250283333252171 -0.575846025612222 -0.6010786348545325 0.7991898518463212 -0.00023542995880769413 1.2721891674200823 3.832845175659282e-05 0.00032341296524608193 0.9999999469674903 0.054991738929162204
0.2949780158434172 0.9555040395149058 -2.529382512099552e-05 -1.3650012782002925 -0.9555040396271115 0.2949780150999722 -2.9393051220734026e-05 1.5123415669839915 -2.062405684660419e-05 3.283865600941152e-05 0.9999999992481357 -0.07947682133069373
1.0 0.0 0.0 0.0 0.0 1.0 0.0 0.0 0.0 0.0 1.0 0.0
0.7991847172596768 0.6010854729697447 -0.00020465412049084017 -0.5758407432519874 -0.6010855064175852 0.799184692257616 -0.00020404855991380073 1.2717573829820665 4.0905815159139945e-05 0.0002860871163176323 0.9999999582404373 0.05410219155094409
0.2949776814585071 0.9555041430107205 -1.14329877720234e-05 -1.365523812797111 -0.9555041427730211 0.29497768104002237 -2.884175310945507e-05 1.5120425236782946 -2.41859383674278e-05 1.943194064186503e-05 0.9999999995187201 -0.07976863571223297
1.0 0.0 0.0 0.0 0.0 1.0 0.0 0.0 0.0 0.0 1.0 0.0
0.7991865788620145 0.601082992571331 -0.00021956393632186906 -0.5758877267915068 -0.601083030533788 0.7991865535152033 -0.00020756880200804352 1.2721706447741967 5.070646886987274e-05 0.0002978623569955727 0.9999999543534344 0.05451322983125323
0.2949593250640729 0.9555098095929878 -1.8147141385388448e-05 -1.3648089958413188 -0.9555098091669982 0.29495932415407833 -4.0990441354676085e-05 1.511935630675306 -3.381410025557647e-05 2.943028451813602e-05 0.9999999989952325 -0.07983075211343021
1.0 0.0 0.0 0.0 0.0 1.0 0.0 0.0 0.0 0.0 1.0 0.0
0.7991795932654048 0.6010922833675799 -0.0002111494533962967 -0.5752177011208133 -0.6010923185757345 0.7991795692273286 -0.0002016900346177522 1.2717843178746424 4.751200576696501e-05 0.00028810687433947777 0.9999999573685182 0.054029809617453295
0.29496611901239383 0.9555077124318835 1.0860728659517392e-05 -1.3650010630626213 -0.9555077124124509 0.2949661191164303 -9.680751318339312e-06 1.5117933576788456 -1.24535795302828e-05 -7.5220163510979795e-06 0.9999999998941638 -0.08052824998640346
1.0 0.0 0.0 0.0 0.0 1.0 0.0 0.0 0.0 0.0 1.0 0.0
0.7991737395627232 0.6011000729517284 -0.00019050133793952178 -0.5748778187947394 -0.6011001011521421 0.7991737225531337 -0.0001719751460578523 1.2710041927504268 4.88693905512204e-05 0.00025194839409196625 0.9999999670668942 0.05393325201307808
0.29495995945480613 0.9555096139282323 3.0231075595659996e-06 -1.3649619190646867 -0.95550961392905 0.29495995946121983 -1.9474749410552867e-06 1.5114170815134855 -2.752526712277995e-06 -2.314181207453758e-06 0.9999999999935342 -0.080336627965096
1.0 0.0 0.0 0.0 0.0 1.0 0.0 0.0 0.0 0.0 1.0 0.0
0.7991845068045501 0.601085749598244 -0.0002138071198260765 -0.5757599304275729 -0.6010857860209481 0.7991844800933967 -0.0002112378414215501 1.2720005266495775 4.3899275644086536e-05 0.0002973344307924764 0.999999954832544 0.05457565156269817
0.29496712067257824 0.9555074031603051 -1.5098972339901454e-05 -1.3651783266576434 -0.9555074031251807 0.29496712030398475 -2.263952168686802e-05 1.5118699907582283 -1.717853018515979e-05 2.1105094375735642e-05 0.9999999996297367 -0.0798059955531516
1.0 0.0 0.0 0.0 0.0 1.0 0.0 0.0 0.0 0.0 1.0 0.0
0.79918448003514 0.6010857865578247 -0.00020992647016772938 -0.5757406765608266 -0.6010858218736855 0.7991844528496302 -0.0002122872400707816 1.2720065237104645 4.016712852552212e-05 0.0002958404924278833 0.9999999554325013 0.05444127319352249
0.29496907291060415 0.9555068005464735 -1.1649045899516797e-05 -1.365155421518196 -0.955506800464668 0.29496907262346633 -2.1480842136995993e-05 1.511984246558125 -1.7088982477440823e-05 1.746692666640634e-05 0.9999999997014366 -0.07997018589501886
