1.0 0.0 0.0 0.0 0.0 1.0 0.0 0.0 0.0 0.0 1.0 0.0
0.7991835329029462 0.6010870453980347 -0.0002111668213305127 -0.5756579186508617 -0.6010870809824277 0.7991835064657181 -0.00020992661599212323 1.2716991257724075 4.257687136302357e-05 0.00029469954285284654 0.9999999556696938 0.054325152727496884
0.29497119791688475 0.9555061446141884 -2.0020931082662363e-06 -1.3652930584029601 -0.9555061444366996 0.2949711978201734 -2.0006161299450255e-05 1.5116927878429376 -1.85254502494736e-05 7.814253630899196e-06 0.9999999997978727 -0.08009643022528873
1.0 0.0 0.0 0.0 0.0 1.0 0.0 0.0 0.0 0.0 1.0 0.0
0.7991889995867512 0.6010797726492616 -0.00022327436183925656 -0.5755230315624331 -0.6010798110583634 0.7991889778598119 -0.000195973038565759 1.271865245554464 6.064297955412185e-05 0.0002908252078658549 0.9999999558715629 0.054818511070300224
0.2949715525793273 0.9555060350456409 -1.2660959961515687e-05 -1.364941336400042 -0.9555060350544702 0.29497155236418404 -1.644228194813508e-05 1.5116044219028586 -1.1976076617091816e-05 1.6947629086997314e-05 0.9999999997846757 -0.07972700621111423
1.0 0.0 0.0 0.0 0.0 1.0 0.0 0.0 0.0 0.0 1.0 0.0
0.7991872355736624 0.601082119546328 -0.0002192209421614221 -0.5758754792352665 -0.6010821572829763 0.7991872109269648 -0.00020515073052094693 1.2722354789759525 5.1886137414757935e-05 0.0002957236420369516 0.9999999549276771 0.054241583976250285
0.29497249657932256 0.9555057436732374 -8.319563771821612e-06 -1.3652019243966294 -0.9555057435045455 0.294972496324562 -2.3278357721635404e-05 1.5121305811069057 -1.9788562012197916e-05 1.481586626084732e-05 0.9999999996944515 -0.07992264144376343
1.0 0.0 0.0 0.0 0.0 1.0 0.0 0.0 0.0 0.0 1.0 0.0
0.7991847027907314 0.6010854875595434 -0.00021787748178831974 -0.57586559283369 -0.6010855250005079 0.7991846774789712 -0.0002071658687390957 1.272147042608621 4.959994779618759e-05 0.00029652679376315316 0.9999999548058519 0.05430386849685759
0.29496428598851493 0.955508278248049 -1.3810676131061868e-05 -1.3650574244804607 -0.9555082782280229 0.29496428569180017 -2.010086440435628e-05 1.5120887591917782 -1.5132886118381844e-05 1.912525248793697e-05 0.9999999997026103 -0.08000949977514005
1.0 0.0 0.0 0.0 0.0 1.0 0.0 0.0 0.0 0.0 1.0 0.0
0.7991900894152896 0.6010783316375103 -0.00020053989240999934 -0.5758241321660513 -0.601078362845261 0.7991900707897729 -0.00018019516739612205 1.2717920739706603 5.195808022371936e-05 0.00026455038215847653 0.9999999636567258 0.05428097254947539
0.29498504461482483 0.9555018699369772 7.280636573378462e-07 -1.3654843167241015 -0.9555018699049107 0.2949850446110234 -8.003255682293637e-06 1.5116545877194305 -7.861893660458895e-06 1.6651745485082534e-06 0.9999999999677088 -0.0800109387194552
1.0 0.0 0.0 0.0 0.0 1.0 0.0 0.0 0.0 0.0 1.0 0.0
0.7991811203128839 0.6010902538930885 -0.0002088305208314862 -0.5756066170095178 -0.601090289056921 0.7991810917368298 -0.00021682203746056463 1.2714353076448504 3.6563790079289145e-05 0.00029880607693675827 0.9999999546890078 0.054246816384256435
0.2949671166179326 0.9555074045305939 1.1451520837382097e-06 -1.3652629051128038 -0.9555074041120896 0.294967116523816 -2.9267757052853843e-05 1.5114644526174121 -2.8303340786127375e-05 7.538824612905012e-06 0.9999999995710435 -0.08019727634491736
1.0 0.0 0.0 0.0 0.0 1.0 0.0 0.0 0.0 0.0 1.0 0.0
0.7991853505260991 0.6010846264135403 -0.00021770110447020825 -0.5748336621436589 -0.601084664775187 0.7991853182262513 -0.00023000805717144596 1.271445959476611 3.572921933722713e-05 0.0003146758651960464 0.9999999498512601 0.05448528790739854
0.294973072441103 0.9555055659246157 4.66224334757917e-06 -1.3647119666257659 -0.955505565724362 0.29497307247495486 -1.96074658421016e-05 1.5113490780337742 -2.011027899066753e-05 1.3288749748513752e-06 0.9999999997969055 -0.08027078935202098
1.0 0.0 0.0 0.0 0.0 1.0 0.0 0.0 0.0 0.0 1.0 0.0
0.7991867447586424 0.6010827736674239 -0.00021494734444218395 -0.5757460508709187 -0.6010828104322462 0.7991867180808989 -0.00021129589180886752 1.2720886665018405 4.47767420519492e-05 0.00029806602984785893 0.9999999545758417 0.054426418280587474
0.2949757579399675 0.9555047368635577 -7.684115698539143e-06 -1.3652659738298123 -0.9555047366679258 0.29497575768538264 -2.4147292667769415e-05 1.512028991531892 -2.080622467616214e-05 1.4465074903928298e-05 0.9999999996789315 -0.07989551609913903
1.0 0.0 0.0 0.0 0.0 1.0 0.0 0.0 0.0 0.0 1.0 0.0
0.79918448003514 0.6010857865578247 -0.00020992647016772938 -0.5757406765608266 -0.6010858218736855 0.7991844528496302 -0.0002122872400707816 1.2720065237104645 4.016712852552212e-05 0.0002958404924278833 0.9999999554325013 0.05444127319352249
0.29496907291060415 0.9555068005464735 -1.1649045899516797e-05 -1.365155421518196 -0.955506800464668 0.29496907262346633 -2.1480842136995993e-05 1.511984246558125 -1.7088982477440823e-05 1.746692666640634e-05 0.9999999997014366 -0.07997018589501886
1.0 0.0 0.0 0.0 0.0 1.0 0.0 0.0 0.0 0.0 1.0 0.0
0.7991813877942033 0.60108989686668 -0.00021281009226469335 -0.5754031291711641 -0.6010899337016947 0.7991813552751751 -0.000230180422251291 1.271055120401753 3.171473168057096e-05 0.00031187391354827625 0.9999999508644175 0.054341104453202116
0.2949638661672542 0.9555084079456551 -9.086293996883309e-07 -1.3651022040995962 -0.9555084076611462 0.2949638660559366 -2.4702156237311264e-05 1.5109184692233057 -2.3335105138595986e-05 8.154446537272158e-06 0.9999999996944888 -0.08012744785477799
1.0 0.0 0.0 0.0 0.0 1.0 0.0 0.0 0.0 0.0 1.0 0.0
0.7991872231781292 0.6010821368938598 -0.00021683160048348283 -0.5756693540073332 -0.6010821737564763 0.7991871993819597 -0.0002018321346253091 1.2718658469126387 5.1971348753469145e-05 0.00029163527297701447 0.9999999561239223 0.054599034304943006
0.29497089295940815 0.9555062387411263 -5.789231027686094e-06 -1.3651407679503222 -0.9555062386182243 0.29497089280675953 -1.8932409107455155e-05 1.511664830919572 -1.638238037167335e-05 1.1116155984056543e-05 0.9999999998040244 -0.07994363643942809
1.0 0.0 0.0 0.0 0.0 1.0 0.0 0.0 0.0 0.0 1.0 0.0
0.7991922183295256 0.6010754854458875 -0.00024281170115256895 -0.5764304896597068 -0.6010755312006919 0.7991921910053219 -0.00021823821525868338 1.2726763043425677 6.287557426639588e-05 0.00032036245562889234 0.9999999467072782 0.05476686943799769
0.29497705071071045 0.9555043377728867 -7.1560074981338495e-06 -1.3654734233367822 -0.9555043374010472 0.2949770503630397 -3.109512495987597e-05 1.512398198452832 -2.760066879857744e-05 1.6009944455089723e-05 0.9999999994909424 -0.07966832819504721
1.0 0.0 0.0 0.0 0.0 1.0 0.0 0.0 0.0 0.0 1.0 0.0
0.7991911136830715 0.6010769703923865 -0.00019868045217457178 -0.5763558270715308 -0.6010770005701714 0.7991910975763709 -0.0001701183169656631 1.2718029504061352 5.652944607039117e-05 0.00025537929745868943 0.9999999657929176 0.05363539761910774
0.2949893653790993 0.9555005360088693 1.1672379953628576e-08 -1.3659178093116084 -0.9555005358877231 0.2949893653418926 -1.592047819548383e-05 1.5120569631512666 -1.5215468677256643e-05 4.685218794116617e-06 0.999999999873269 -0.08005692450400381
1.0 0.0 0.0 0.0 0.0 1.0 0.0 0.0 0.0 0.0 1.0 0.0
0.7991929063782961 0.6010745825639473 -0.00021116389294319448 -0.5761464968988523 -0.6010746183007685 0.7991928788497008 -0.0002136130015994589 1.272295152213422 4.036333374375264e-05 0.0002976432519381888 0.999999954889647 0.054643196224853474
0.2949879015163616 0.9555009879208982 -6.415625270004843e-06 -1.3655437907882924 -0.9555009869722964 0.2949879009076356 -4.7043320608237445e-05 1.512035949628359 -4.305740748483996e-05 2.0007346704119576e-05 0.9999999988728828 -0.07970000156056756
1.0 0.0 0.0 0.0 0.0 1.0 0.0 0.0 0.0 0.0 1.0 0.0
0.7991861490940352 0.6010835628836436 -0.0002225474146120266 -0.5758749867266406 -0.6010836026054128 0.7991861183063124 -0.0002257994408438332 1.272102167180913 4.213247202334366e-05 0.00031422538732108775 0.999999949743629 0.05493419778313047
0.29496961770782876 0.9555066320480625 -2.722987749435566e-05 -1.3650631755243872 -0.9555066320559912 0.29496961666693694 -3.661117335031125e-05 1.5122891950015909 -2.69502324168876e-05 3.6817512342904386e-05 0.9999999989590779 -0.07943169401319788
1.0 0.0 0.0 0.0 0.0 1.0 0.0 0.0 0.0 0.0 1.0 0.0
0.7991879109567523 0.6010812200886716 -0.00022324268243598423 -0.5762121808926253 -0.6010812592887289 0.7991878850175367 -0.00021017390821327766 1.2718120094275545 5.208125804201678e-05 0.00030215543932820464 0.9999999529948155 0.05415436061571954
0.29498160180568755 0.9555029327738322 -7.533703882476124e-06 -1.365623280812719 -0.9555029322837253 0.2949816013759705 -3.53110574571946e-05 1.512125236391288 -3.151751492414953e-05 1.761458844083353e-05 0.9999999993481863 -0.07989409909376621
1.0 0.0 0.0 0.0 0.0 1.0 0.0 0.0 0.0 0.0 1.0 0.0
0.799182357231288 0.6010886005792462 -0.00023268847403747577 -0.5752223001859758 -0.6010886432055119 0.7991823288225336 -0.00021978887592730189 1.2722144225800118 5.384792871740472e-05 0.0003155177911055377 0.999999948774461 0.05477852518338483
0.294965657439517 0.9555078549748824 -3.54574203484305e-06 -1.3646780452205807 -0.9555078548091753 0.2949656573138324 -2.008448230806624e-05 1.5121069386530799 -1.814500847848888e-05 9.312216893753251e-06 0.9999999997920207 -0.08006322998926957
1.0 0.0 0.0 0.0 0.0 1.0 0.0 0.0 0.0 0.0 1.0 0.0
0.7991863072595021 0.6010833490293308 -0.00023196681573918435 -0.5754919350727974 -0.6010833918870924 0.7991862759191037 -0.00022886690948726598 1.2716220573752253 4.7816607170813055e-05 0.0003223387006567831 0.9999999469056656 0.05501178474279289
0.29496950748249895 0.9555066663850522 -1.2217027142633522e-05 -1.364982304927917 -0.9555066663805186 0.2949695072647196 -1.6923255232109347e-05 1.511331067380203 -1.256663271471549e-05 1.666529513896346e-05 0.9999999997821739 -0.0797414227495673
1.0 0.0 0.0 0.0 0.0 1.0 0.0 0.0 0.0 0.0 1.0 0.0
0.7991899893975754 0.6010784763246749 -0.00016169697310054013 -0.5760287781255498 -0.6010784980720673 0.799189959824192 -0.00021742040891835243 1.272199403831559 -1.4601306786168845e-06 0.00027095278803234747 0.9999999632912266 0.05417742979322171
0.29498788150317246 0.955500993878403 -2.153263338148553e-05 -1.3655432119295368 -0.9555009940888323 0.2949878812333358 -1.4856681514716507e-05 1.5120942727580715 -7.843708054469109e-06 2.4956993607554103e-05 0.9999999996578123 -0.0799384220588053
1.0 0.0 0.0 0.0 0.0 1.0 0.0 0.0 0.0 0.0 1.0 0.0
0.799186169726711 0.6010835360582282 -0.00022090107579666714 -0.5749604107665949 -0.6010835749128182 0.799186141383978 -0.00021769201913740842 1.2717322254765344 4.568998975874092e-05 0.0003067564592964488 0.9999999519064486 0.054599371624952486
0.2949762095795683 0.9555045974670195 1.2077571544274818e-06 -1.3647972488680384 -0.9555045974467391 0.2949762095812256 -6.2639390706229545e-06 1.511629134369124 -6.341482207739998e-06 6.936954904397144e-07 0.9999999999796519 -0.08015341812050664
