1.0 0.0 0.0 0.0 0.0 1.0 0.0 0.0 0.0 0.0 1.0 0.0
0.32314106934611075 -0.946350782039505 -0.00021595154666876877 0.956875547289151 0.9463508000816344 0.3231410856248767 -4.433989955287567e-05 1.7948551563644575 0.00011174391585031432 -0.00019003787641262503 0.9999999756994511 0.2232386269747486
0.38622627808417825 0.9224040016914657 -0.0003460936472526257 -2.094761509481561 -0.9224040628656579 0.386226283178478 -5.469062515353391e-05 -7.04595230976488 8.322361151343276e-05 0.0003403611429569758 0.9999999386140597 -0.08559644954056878
1.0 0.0 0.0 0.0 0.0 1.0 0.0 0.0 0.0 0.0 1.0 0.0
0.3231036076874303 -0.9463635880290477 -0.00013398564639811804 0.9561474174060063 0.9463635919394168 0.3231035871790454 0.000154284011507507 1.7936029966047276 -0.00010271752772401451 -0.0001766488583202128 0.999999979122145 0.22228205610086027
0.3862454224202524 0.9223960205410514 -0.00023441295282955406 -2.095354057057879 -0.9223960066550151 0.3862454698631216 0.00020956406709344563 -7.047366438727199 0.00028384200264306683 0.0001352784099795807 0.9999999505667335 -0.08437828936405456
1.0 0.0 0.0 0.0 0.0 1.0 0.0 0.0 0.0 0.0 1.0 0.0
0.32307373962694386 -0.9463737752321157 -0.00019056855571313557 0.9555017349883368 0.9463737840657522 0.3230736997561315 0.0002129764135023442 1.7936417887368776 -0.00013998760413017877 -0.0002491561715567174 0.9999999591623355 0.2209818334082001
0.38623147913641803 0.9224018513802064 -0.0002628582571280698 -2.0952893344949377 -0.9224018293399613 0.3862315408932934 0.0002490973407737276 -7.046660428165088 0.00033129199799065523 0.00014625170285604351 0.9999999344280234 -0.08501635678439823
1.0 0.0 0.0 0.0 0.0 1.0 0.0 0.0 0.0 0.0 1.0 0.0
0.3231164934040956 -0.9463591852316567 -0.00015562106267593228 0.956505096492025 0.9463591943746513 0.3231164733411747 0.00014098979469045342 1.7940084052733525 -8.314325827975784e-05 -0.00019282955156786245 0.999999977951981 0.22191500187944213
0.3862184073801132 0.922407323772168 -0.0002661808353531464 -2.0949426482538573 -0.9224073204644361 0.386218460618951 0.00018929011465930473 -7.046235330360755 0.0002774065405557756 0.000172419824480545 0.9999999466585061 -0.08492725918862831
1.0 0.0 0.0 0.0 0.0 1.0 0.0 0.0 0.0 0.0 1.0 0.0
0.32309985920265455 -0.9463648723982878 -9.630055450107054e-05 0.9561241929246389 0.9463648706772584 0.3230998432327199 0.00015116549534607637 1.7935657565655063 -0.00011194302065165296 -0.00013997701206916024 0.9999999839375978 0.2226125212200819
0.3862232927338294 0.9224053012839533 -0.00016826496591969555 -2.0951416682133406 -0.9224052773810493 0.3862233230896921 0.0002212716534579162 -7.047240176814416 0.0002690900004705127 6.974822597549199e-05 0.9999999613628775 -0.08391294748263722
1.0 0.0 0.0 0.0 0.0 1.0 0.0 0.0 0.0 0.0 1.0 0.0
0.32311949735172113 -0.9463581625197693 -0.00013661396875815914 0.9566767686242272 0.9463581674562236 0.3231194775773763 0.00014865739775850662 1.7936467611141147 -9.654050757279963e-05 -0.00017731984876425097 0.9999999796188007 0.22240072355087703
0.3862396375191276 0.9223984435327389 -0.00023189970721722425 -2.095209888453681 -0.9223984271062816 0.38623968526148755 0.00021725783001066358 -7.047334913828001 0.0002899671541749472 0.0001299903396720599 0.9999999495107793 -0.08447379841054681
1.0 0.0 0.0 0.0 0.0 1.0 0.0 0.0 0.0 0.0 1.0 0.0
0.32310931162506784 -0.9463616482725149 -5.848165411919636e-05 0.9563192641779867 0.9463616437525025 0.32310930170220525 0.00013560079437407717 1.7937805830658284 -0.00010943142484606538 -9.915867364762683e-05 0.9999999890961605 0.22332610362297767
0.3862117131318348 0.9224101640033742 -4.4531368922483536e-05 -2.0950677561707813 -0.9224101492278293 0.38621171499505275 0.00016673953902273574 -7.046962582417867 0.00017100078189843563 -2.3320576359691578e-05 0.9999999851074416 -0.08077646278416406
1.0 0.0 0.0 0.0 0.0 1.0 0.0 0.0 0.0 0.0 1.0 0.0
0.3231465900855625 -0.9463488973836989 -0.00021386147532257379 0.9570974434711683 0.9463489138130905 0.32314655029831163 0.0002008857506123895 1.7942951205583437 -0.00012099941059986636 -0.00026730312018513207 0.9999999569540914 0.22093103766095534
0.38625595594508355 0.9223915861661708 -0.00031347536617096076 -2.0950691108994164 -0.922391584725803 0.3862560277795445 0.00021314546545934764 -7.0472570293920525 0.0003176853337130861 0.00020681833425858603 0.9999999281511002 -0.08561745467418724
1.0 0.0 0.0 0.0 0.0 1.0 0.0 0.0 0.0 0.0 1.0 0.0
0.3231439592742772 -0.9463498010369505 -0.00018884350223436565 0.9570162958059374 0.9463498026118303 0.3231439088249886 0.0002555109742265441 1.7940410113334195 -0.00018077913215385107 -0.0002612788389136205 0.9999999495261356 0.2203328604478586
0.3862448713699118 0.9223962308725827 -0.00030432300730179546 -2.0952119355627037 -0.9223962234960018 0.38624494281241967 0.00022590295456172596 -7.047412014207024 0.0003259152563825521 0.00019345253503132945 0.9999999281776784 -0.08517489755685115
1.0 0.0 0.0 0.0 0.0 1.0 0.0 0.0 0.0 0.0 1.0 0.0
0.3230654981726696 -0.9463766048750208 -7.507113168559152e-05 0.9550751232635974 0.9463766077379946 0.323065498351231 1.0069670151588712e-05 1.7931334584944025 1.4723192319503472e-05 -7.429872594762191e-05 0.9999999971314637 0.22561886601294023
0.38630295262487313 0.9223719392369801 -0.00018574584253868093 -2.0958852040106777 -0.9223719457771609 0.3863029724009519 8.460167190738784e-05 -7.048211707003458 0.00014978837926371373 0.00013864487854759215 0.9999999791705192 -0.08261132836505458
1.0 0.0 0.0 0.0 0.0 1.0 0.0 0.0 0.0 0.0 1.0 0.0
0.3231024296662614 -0.9463639832236066 -0.00017663778394836653 0.9560547817644363 0.94636399029187 0.32310239449317263 0.00020137434237826193 1.7935886244540917 -0.00013350133382043547 -0.0002322281773485613 0.9999999641237329 0.2214481905546677
0.38624919522641116 0.9223944448781356 -0.000217358934093843 -2.095561089238803 -0.9223944268315512 0.38624923872201383 0.00021664893356136195 -7.0473246457070715 0.00028379049562894426 0.00011681019319546942 0.9999999529091658 -0.08341904990224203
1.0 0.0 0.0 0.0 0.0 1.0 0.0 0.0 0.0 0.0 1.0 0.0
0.32314927809935917 -0.9463480036765808 1.1012102327946251e-06 0.9573993621319801 0.9463479858713806 0.3231492722447135 0.00019361015648672946 1.7940360414837144 -0.000183578440368046 -6.152285421557024e-05 0.9999999812569471 0.22262293655741439
0.38616366528120866 0.922430280567152 -3.3307467030529746e-05 -2.0942431879695267 -0.92243025790573 0.386163663400173 0.0002106402738841695 -7.046086276524848 0.00020716310042482013 -5.061780481580187e-05 0.9999999772606435 -0.08179468830570125
1.0 0.0 0.0 0.0 0.0 1.0 0.0 0.0 0.0 0.0 1.0 0.0
0.3231286644871275 -0.9463550281280019 -0.0001640841688837014 0.9565324406285232 0.9463550421154197 0.3231286556646704 7.8428724182465e-05 1.7943060902717374 -2.1201120572474347e-05 -0.00018062444945691144 0.9999999834626602 0.2228176393775727
0.3862548019096378 0.9223920806979955 -0.00027832960504828167 -2.0951394776508714 -0.9223921015465097 0.3862548400803359 9.756601615520226e-05 -7.047264953746328 0.00019750027773434087 0.00021904368707996748 0.9999999565067509 -0.08470552515567276
1.0 0.0 0.0 0.0 0.0 1.0 0.0 0.0 0.0 0.0 1.0 0.0
0.3231030297411963 -0.9463637748638922 -0.00019441559488289726 0.9561510048548243 0.946363784641424 0.3231029892928816 0.00021314118353587012 1.7935738478408503 -0.00013889283515815324 -0.00025285444032977324 0.9999999583867053 0.22094361579301658
0.38624836022575876 0.9223947735787885 -0.00029308266404218524 -2.095435285189561 -0.9223947501880321 0.3862484351820887 0.0002667300987163273 -7.04736252901142 0.0003592331693773856 0.00016731384743159955 0.9999999214788001 -0.08535155612101719
1.0 0.0 0.0 0.0 0.0 1.0 0.0 0.0 0.0 0.0 1.0 0.0
0.32312948095476296 -0.9463547393534387 -0.00021410555928337308 0.9568840909433298 0.9463547558509134 0.32312944114550024 0.00020085655301489995 1.7938112481514583 -0.0001208977411584714 -0.00026752248800400344 0.9999999569077261 0.22092531469443788
0.38623397725880654 0.9224007904456656 -0.0003107990586499426 -2.095108013062962 -0.9224007710789577 0.38623405817925177 0.00026422590695443493 -7.047025364079741 0.00036376336713163485 0.00018462826841149731 0.9999999167943041 -0.0857650658811937
1.0 0.0 0.0 0.0 0.0 1.0 0.0 0.0 0.0 0.0 1.0 0.0
0.32312269323798737 -0.9463570730569304 -0.00012405542909368095 0.9564198546361418 0.9463570769812182 0.32312267666528255 0.00013664636037066864 1.794183764913397 -8.923112734065075e-05 -0.00016155427324489086 0.9999999829690113 0.22274940807872468
0.3862064927337613 0.9224123371210994 -0.0001590505547406916 -2.0949085958694305 -0.9224123264914822 0.38620651641396697 0.00016314398230503382 -7.045861651840959 0.00021191238268533847 8.370292701146755e-05 0.9999999740434806 -0.08238619818527315
1.0 0.0 0.0 0.0 0.0 1.0 0.0 0.0 0.0 0.0 1.0 0.0
0.3230697613157656 -0.9463751445127409 -0.0001231741187650441 0.9552814655211286 0.9463751519201846 0.3230697537049997 7.790403025720111e-05 1.7930985484377793 -3.393260568055288e-05 -0.0001417373618196381 0.9999999893795491 0.22363932384442275
0.3863092218621716 0.922369291080456 -0.0002756374094195363 -2.0959510883655916 -0.9223692811367621 0.3863092827003091 0.00021751971309759766 -7.048810222469931 0.00030711479348409515 0.0001702096080742691 0.9999999383545944 -0.08548726619816094
1.0 0.0 0.0 0.0 0.0 1.0 0.0 0.0 0.0 0.0 1.0 0.0
0.32306644470015944 -0.9463762763646784 -0.00012586867896243644 0.9551961749210403 0.9463762802260544 0.323066427320583 0.00014058381903768927 1.7928626924340172 -9.238124675405543e-05 -0.00016453704679231555 0.9999999821966324 0.22267739494886885
0.3862837073735456 0.9223799761955008 -0.00027736498729653554 -2.0959138289798123 -0.9223799489716701 0.38628377729365754 0.00027043439650334573 -7.048376163369941 0.00035658486719112345 0.00015137150154646175 0.9999999249669476 -0.08582645546949452
1.0 0.0 0.0 0.0 0.0 1.0 0.0 0.0 0.0 0.0 1.0 0.0
0.3230847792023129 -0.9463700171523872 -0.00012681791155469936 0.9558510965946745 0.9463700217040771 0.3230847627182382 0.00013460729510419213 1.7928168773102264 -8.641537331350811e-05 -0.00016350623792824425 0.9999999828990465 0.2227313169056635
0.386280625880392 0.9223812667017274 -0.0002773214176847661 -2.095933611379122 -0.9223812318989563 0.3862806988326 0.00029111846539194865 -7.048555338729495 0.0003756461298930147 0.00014334264785909943 0.9999999191714318 -0.08611818483654599
1.0 0.0 0.0 0.0 0.0 1.0 0.0 0.0 0.0 0.0 1.0 0.0
0.32308396078066204 -0.9463702830392645 -0.0002041236438424319 0.9557287336841274 0.9463702967469658 0.3230839218527011 0.0002021765007466486 1.79396013871672 -0.00012538476484001937 -0.0002584965380342405 0.9999999587290993 0.22076934098362633
0.38621231805291323 0.9224098612098235 -0.00030549479506305707 -2.0951112033613697 -0.9224098462035955 0.386212394308519 0.0002492170544790788 -7.046056020274867 0.00034786614488328257 0.00018554071062143858 0.9999999222818923 -0.08557612609369336
