1.0 0.0 0.0 0.0 0.0 1.0 0.0 0.0 0.0 0.0 1.0 0.0
0.32314558186992665 -0.9463492655323003 -2.3332844131765392e-05 0.9572185558482289 0.9463492453821807 0.3231455696687625 0.00021579626341046467 1.7937599235590227 -0.00019667873017415266 -9.181462854185356e-05 0.9999999764437751 0.22177822707850303
0.38617500959831436 0.922425525825749 -0.00010614533599500823 -2.0945528074934607 -0.922425484373786 0.38617502408264825 0.00027668131864982205 -7.04699019872367 0.000296208588525854 -8.936247916056252e-06 0.9999999560903069 -0.08394981623538955
1.0 0.0 0.0 0.0 0.0 1.0 0.0 0.0 0.0 0.0 1.0 0.0
0.3231349883707682 -0.9463528652261486 -0.0001837631178380201 0.957038976735733 0.9463528711342801 0.3231349473666509 0.00022155418494809617 1.7936958638188418 -0.00015028815231794772 -0.00024549666315128117 0.999999958572429 0.22077351633805042
0.38622603882762324 0.9224041129187954 -0.0003152808473802198 -2.0952327400663897 -0.9224040980690145 0.3862261194372195 0.0002540274672968512 -7.04730158842424 0.0003560856788455055 0.00019270432321871539 0.9999999180340131 -0.08526359041398468
1.0 0.0 0.0 0.0 0.0 1.0 0.0 0.0 0.0 0.0 1.0 0.0
0.32308257175702937 -0.9463707743535931 -9.63132615122473e-05 0.9556148725138573 0.9463707729099958 0.32308255613345355 0.00014867417730584346 1.7936724413495675 -0.0001095837615843894 -0.00013918209129666213 0.9999999843098721 0.22258860825860827
0.386225157247368 0.9224045171809593 -0.00018599302971659837 -2.0951610854278595 -0.922404501168348 0.3862251901994105 0.0001966718104840088 -7.046680991370032 0.0002532461596706688 9.560120686622534e-05 0.9999999633633954 -0.08393558045537652
1.0 0.0 0.0 0.0 0.0 1.0 0.0 0.0 0.0 0.0 1.0 0.0
0.3231349883707682 -0.9463528652261486 -0.0001837631178380201 0.957038976735733 0.9463528711342801 0.3231349473666509 0.00022155418494809617 1.7936958638188418 -0.00015028815231794772 -0.00024549666315128117 0.999999958572429 0.22077351633805042
0.38622603882762324 0.9224041129187954 -0.0003152808473802198 -2.0952327400663897 -0.9224040980690145 0.3862261194372195 0.0002540274672968512 -7.04730158842424 0.0003560856788455055 0.00019270432321871539 0.9999999180340131 -0.08526359041398468
1.0 0.0 0.0 0.0 0.0 1.0 0.0 0.0 0.0 0.0 1.0 0.0
0.3231024296662614 -0.9463639832236066 -0.00017663778394836653 0.9560547817644363 0.94636399029187 0.32310239449317263 0.00020137434237826193 1.7935886244540917 -0.00013350133382043547 -0.0002322281773485613 0.9999999641237329 0.2214481905546677
0.38624919522641116 0.9223944448781356 -0.000217358934093843 -2.095561089238803 -0.9223944268315512 0.38624923872201383 0.00021664893356136195 -7.0473246457070715 0.00028379049562894426 0.00011681019319546942 0.9999999529091658 -0.08341904990224203
1.0 0.0 0.0 0.0 0.0 1.0 0.0 0.0 0.0 0.0 1.0 0.0
0.3231149262763233 -0.9463597222302809 -0.00014337946556687762 0.9564723373393988 0.9463597328055058 0.3231149187439587 7.354846529333893e-05 1.7941571926652156 -2.3275260819045147e-05 -0.0001594531596645978 0.9999999870164761 0.22302961276361788
0.386246526005191 0.922395553632765 -0.0002525617271245355 -2.0951242982435296 -0.9223955692108273 0.3862465591446426 9.720677349003097e-05 -7.046761793113637 0.0001872141937239158 0.00019541603948710013 0.9999999633817077 -0.08423504451750596
1.0 0.0 0.0 0.0 0.0 1.0 0.0 0.0 0.0 0.0 1.0 0.0
0.3231286644871275 -0.9463550281280019 -0.0001640841688837014 0.9565324406285232 0.9463550421154197 0.3231286556646704 7.8428724182465e-05 1.7943060902717374 -2.1201120572474347e-05 -0.00018062444945691144 0.9999999834626602 0.2228176393775727
0.3862548019096378 0.9223920806979955 -0.00027832960504828167 -2.0951394776508714 -0.9223921015465097 0.3862548400803359 9.756601615520226e-05 -7.047264953746328 0.00019750027773434087 0.00021904368707996748 0.9999999565067509 -0.08470552515567276
1.0 0.0 0.0 0.0 0.0 1.0 0.0 0.0 0.0 0.0 1.0 0.0
0.32310397801127755 -0.9463634618088309 -0.0001324631768243114 0.9562293526934926 0.9463634654320561 0.32310395762690114 0.00015447091075911364 1.793577397072447 -0.00010338624918295792 -0.00017526847681487596 0.9999999792961219 0.22219017700510024
0.3862450390361496 0.9223961807597234 -0.00023566891777669592 -2.0953964578422326 -0.9223961671044405 0.38624508680696523 0.00020935261119704496 -7.04742100259919 0.0002841320106045939 0.00013651869897876245 0.9999999503158215 -0.08430635089519845
1.0 0.0 0.0 0.0 0.0 1.0 0.0 0.0 0.0 0.0 1.0 0.0
0.3230412675843731 -0.9463848778934899 -4.829084993966905e-05 0.9545404133081679 0.9463848732320618 0.3230412594575063 0.00012808451693798037 1.7929021009114798 -0.00010561731293766457 -8.707831460801055e-05 0.9999999906311753 0.22324216402136654
0.3862776376203122 0.9223825385477924 -0.00019813278567012212 -2.0958443101299142 -0.9223825071417612 0.3862776792472837 0.00025501806247914906 -7.048658520878888 0.00031175848047647364 8.424644086846151e-05 0.9999999478545923 -0.08505960042465954
1.0 0.0 0.0 0.0 0.0 1.0 0.0 0.0 0.0 0.0 1.0 0.0
0.3230829500800995 -0.9463706416863849 -0.0001261809831129011 0.9557221824448998 0.9463706466084222 0.32308293456641385 0.0001289570133484797 1.792899016339348 -8.127420916197456e-05 -0.00016107779088438297 0.9999999837242239 0.2229637252265001
0.38627959475301377 0.9223816984376213 -0.00027760543061325826 -2.0958285216255828 -0.9223816626986063 0.3862796681828975 0.0002937105104490492 -7.04841198048093 0.0003781465331000416 0.00014260378171226563 0.9999999183346772 -0.08619961670836118
1.0 0.0 0.0 0.0 0.0 1.0 0.0 0.0 0.0 0.0 1.0 0.0
0.32311949735172113 -0.9463581625197693 -0.00013661396875815914 0.9566767686242272 0.9463581674562236 0.3231194775773763 0.00014865739775850662 1.7936467611141147 -9.654050757279963e-05 -0.00017731984876425097 0.9999999796188007 0.22240072355087703
0.3862396375191276 0.9223984435327389 -0.00023189970721722425 -2.095209888453681 -0.9223984271062816 0.38623968526148755 0.00021725783001066358 -7.047334913828001 0.0002899671541749472 0.0001299903396720599 0.9999999495107793 -0.08447379841054681
1.0 0.0 0.0 0.0 0.0 1.0 0.0 0.0 0.0 0.0 1.0 0.0
0.3231036076874303 -0.9463635880290477 -0.00013398564639811804 0.9561474174060063 0.9463635919394168 0.3231035871790454 0.000154284011507507 1.7936029966047276 -0.00010271752772401451 -0.0001766488583202128 0.999999979122145 0.22228205610086027
0.3862454224202524 0.9223960205410514 -0.00023441295282955406 -2.095354057057879 -0.9223960066550151 0.3862454698631216 0.00020956406709344563 -7.047366438727199 0.00028384200264306683 0.0001352784099795807 0.9999999505667335 -0.08437828936405456
1.0 0.0 0.0 0.0 0.0 1.0 0.0 0.0 0.0 0.0 1.0 0.0
0.32311949735172113 -0.9463581625197693 -0.00013661396875815914 0.9566767686242272 0.9463581674562236 0.3231194775773763 0.00014865739775850662 1.7936467611141147 -9.654050757279963e-05 -0.00017731984876425097 0.9999999796188007 0.22240072355087703
0.3862396375191276 0.9223984435327389 -0.00023189970721722425 -2.095209888453681 -0.9223984271062816 0.38623968526148755 0.00021725783001066358 -7.047334913828001 0.0002899671541749472 0.0001299903396720599 0.9999999495107793 -0.08447379841054681
1.0 0.0 0.0 0.0 0.0 1.0 0.0 0.0 0.0 0.0 1.0 0.0
0.3230966959309285 -0.9463659346142788 -0.0002070752492019764 0.9561288926385227 0.9463659485304293 0.323096655476485 0.00020659624824325508 1.7935307557113287 -0.00012861033110741279 -0.00026271952982735334 0.9999999572189149 0.22104637027929308
0.3862241737757483 0.9224049132720903 -0.0002521165354067414 -2.0952193257847593 -0.9224048850035824 0.3862242338830547 0.00026321659400235147 -7.047217333891405 0.0003401657952992395 0.00013089291230674726 0.9999999335771365 -0.08498265487862011
1.0 0.0 0.0 0.0 0.0 1.0 0.0 0.0 0.0 0.0 1.0 0.0
0.3230927324186429 -0.9463672843750076 -0.0002220876589297243 0.9558167974382279 0.9463672980565945 0.32309268134151753 0.00023755548748475848 1.7929997681439112 -0.000153059844362865 -0.0002869289492655365 0.9999999471222297 0.21995545161605168
0.38627379380632015 0.9223840720037328 -0.0004241842585633451 -2.095762470350424 -0.9223840292738964 0.38627394783691404 0.0003738488150669875 -7.048347898768439 0.000508683520520799 0.0002468527854622959 0.9999998401523764 -0.08883567052334906
1.0 0.0 0.0 0.0 0.0 1.0 0.0 0.0 0.0 0.0 1.0 0.0
0.32315743447149836 -0.9463452099476379 -0.00012710216807848625 0.9577619877207155 0.9463452113385162 0.3231574126133839 0.00016628193664405285 1.794004801796639 -0.0001162861064701392 -0.00017401777215666152 0.9999999780976779 0.22204356862591257
0.386207068955304 0.9224120788077551 -0.00023824044196988728 -2.0946385167233146 -0.9224120657897774 0.38620711732119783 0.0002083647897152246 -7.04651988014327 0.00028420835315411445 0.00013928390352269733 0.9999999499128019 -0.08462341489296743
1.0 0.0 0.0 0.0 0.0 1.0 0.0 0.0 0.0 0.0 1.0 0.0
0.32312961235737614 -0.9463547111155487 -0.00011986316108338972 0.956817408404044 0.9463547148773025 0.3231295970644023 0.00013088351813115347 1.793920931769101 -8.513089904704012e-05 -0.00015572540810905342 0.9999999842511634 0.22304119673043699
0.38622958526298584 0.9224026691163733 -0.00015321414022753877 -2.0950857138787633 -0.9224026571293414 0.38622960803651835 0.0001673221101868928 -7.046963921744515 0.00021351419836430801 7.670038083285189e-05 0.9999999742643689 -0.08227952654289705
1.0 0.0 0.0 0.0 0.0 1.0 0.0 0.0 0.0 0.0 1.0 0.0
0.32312961235737614 -0.9463547111155487 -0.00011986316108338972 0.956817408404044 0.9463547148773025 0.3231295970644023 0.00013088351813115347 1.793920931769101 -8.513089904704012e-05 -0.00015572540810905342 0.9999999842511634 0.22304119673043699
0.38622958526298584 0.9224026691163733 -0.00015321414022753877 -2.0950857138787633 -0.9224026571293414 0.38622960803651835 0.0001673221101868928 -7.046963921744515 0.00021351419836430801 7.670038083285189e-05 0.9999999742643689 -0.08227952654289705
1.0 0.0 0.0 0.0 0.0 1.0 0.0 0.0 0.0 0.0 1.0 0.0
0.3230829500800995 -0.9463706416863849 -0.0001261809831129011 0.9557221824448998 0.9463706466084222 0.32308293456641385 0.0001289570133484797 1.792899016339348 -8.127420916197456e-05 -0.00016107779088438297 0.9999999837242239 0.2229637252265001
0.38627959475301377 0.9223816984376213 -0.00027760543061325826 -2.0958285216255828 -0.9223816626986063 0.3862796681828975 0.0002937105104490492 -7.04841198048093 0.0003781465331000416 0.00014260378171226563 0.9999999183346772 -0.08619961670836118
1.0 0.0 0.0 0.0 0.0 1.0 0.0 0.0 0.0 0.0 1.0 0.0
0.3231150875528902 -0.946359665199658 -0.00015581681579553757 0.9561133347818682 0.9463596770889637 0.3231150901843896 8.672165376199938e-06 1.794651731588468 4.21397769660233e-05 -0.00015026085895609455 0.9999999878229566 0.22347603090037294
0.38621922176263196 0.9224069771965354 -0.0002848863224609485 -2.094763700876827 -0.9224070178596723 0.3862192281935254 -3.4304856432809107e-05 -7.045949729771405 7.838553665842877e-05 0.0002760303380843723 0.9999999588314792 -0.08483111769253648
