1.0 0.0 0.0 0.0 0.0 1.0 0.0 0.0 0.0 0.0 1.0 0.0
0.32310397801127755 -0.9463634618088309 -0.0001324631768243114 0.9562293526934926 0.9463634654320561 0.32310395762690114 0.00015447091075911364 1.793577397072447 -0.00010338624918295792 -0.00017526847681487596 0.9999999792961219 0.22219017700510024
0.3862450390361496 0.9223961807597234 -0.00023566891777669592 -2.0953964578422326 -0.9223961671044405 0.38624508680696523 0.00020935261119704496 -7.04742100259919 0.0002841320106045939 0.00013651869897876245 0.9999999503158215 -0.08430635089519845
1.0 0.0 0.0 0.0 0.0 1.0 0.0 0.0 0.0 0.0 1.0 0.0
0.323106034799323 -0.9463627688410198 5.274254419685263e-06 0.9561194627614338 0.9463627520119018 0.3231060300950112 0.0001868708165862337 1.7936234736551455 -0.00017855172680735632 -5.538773063946715e-05 0.99999998252574 0.22268929743282306
0.38619664331355796 0.9224164719674197 -7.026036256419637e-05 -2.0950442890391123 -0.9224164560230562 0.38619664970211465 0.00017151305275103104 -7.047158957594805 0.00018534078164410587 -1.4284506215370529e-06 0.9999999828233769 -0.08143418214537967
1.0 0.0 0.0 0.0 0.0 1.0 0.0 0.0 0.0 0.0 1.0 0.0
0.32314836490615784 -0.9463482972466645 -0.0001858946319857586 0.9570931356749597 0.9463483057586481 0.3231483271521616 0.00020699394879884468 1.7941288790047736 -0.00013581683163336713 -0.00024281082612917783 0.9999999612983448 0.22112020389350262
0.38621515240267157 0.9224086965090985 -0.00022947541696957254 -2.09508510963334 -0.9224086841692803 0.3862151974029694 0.00020165336932825045 -7.0467827501518325 0.000274633715012779 0.0001337885306484841 0.9999999533384749 -0.08334185891536561
1.0 0.0 0.0 0.0 0.0 1.0 0.0 0.0 0.0 0.0 1.0 0.0
0.3231061795264755 -0.9463627096520255 -0.00013613185215269563 0.9562362817822319 0.946362714295195 0.32310615942207094 0.000150782462597153 1.7937564180617365 -9.870985994736239e-05 -0.00017754885453461053 0.9999999793663839 0.22227450191664966
0.3862342137969165 0.9224007124155117 -0.0002404746017383211 -2.0951561132737275 -0.922400702157679 0.38623426155263246 0.00019965448288084797 -7.04674224999248 0.00027704096747079954 0.00014470054926800417 0.9999999511550254 -0.08450526680133974
1.0 0.0 0.0 0.0 0.0 1.0 0.0 0.0 0.0 0.0 1.0 0.0
0.32316354999902486 -0.9463431241543505 -0.00010638520401067389 0.957921820647428 0.9463431242079084 0.3231635333524014 0.000148241721125913 1.794157080787972 -0.00010590771507562355 -0.00014858322718990687 0.9999999833532902 0.22281816371010665
0.38619920315716827 0.9224153867184002 -0.00017270180222267415 -2.0945627612488877 -0.9224153798480982 0.38619922858748174 0.00015118902894392826 -7.046242414741206 0.0002061563893950848 0.0001009137159933749 0.9999999736579823 -0.08247587321587369
1.0 0.0 0.0 0.0 0.0 1.0 0.0 0.0 0.0 0.0 1.0 0.0
0.3231149262763233 -0.9463597222302809 -0.00014337946556687762 0.9564723373393988 0.9463597328055058 0.3231149187439587 7.354846529333893e-05 1.7941571926652156 -2.3275260819045147e-05 -0.0001594531596645978 0.9999999870164761 0.22302961276361788
0.386246526005191 0.922395553632765 -0.0002525617271245355 -2.0951242982435296 -0.9223955692108273 0.3862465591446426 9.720677349003097e-05 -7.046761793113637 0.0001872141937239158 0.00019541603948710013 0.9999999633817077 -0.08423504451750596
1.0 0.0 0.0 0.0 0.0 1.0 0.0 0.0 0.0 0.0 1.0 0.0
0.3231249722534446 -0.9463562864066293 -0.00017743974769898082 0.956399289916229 0.9463562875844784 0.32312492740804044 0.00024132317249727126 1.7943187195351484 -0.00017104249575385734 -0.00024589876431964445 0.9999999551391302 0.22097095190894156
0.3862478490046582 0.9223950088182381 -0.00021644047175461005 -2.0952713182335465 -0.9223949996052974 0.3862478881571863 0.00018329555021376952 -7.046561329312243 0.00025267057578273077 0.00012884609685646326 0.999999959778131 -0.08330505164873792
1.0 0.0 0.0 0.0 0.0 1.0 0.0 0.0 0.0 0.0 1.0 0.0
0.32313889375144006 -0.946351539981146 -0.0001346120684441467 0.9569725071565003 0.9463515425195244 0.3231388707354048 0.0001679010579659874 1.7939968779525053 -0.00011539503298614538 -0.0001816457007446818 0.9999999768444128 0.2218671428378305
0.3862175290603585 0.9224076937951723 -0.00025821305552072623 -2.0949091507488493 -0.9224076869595613 0.3862175813859146 0.00019714544633787112 -7.046950050415134 0.00028157489828420915 0.00016203668013553581 0.9999999472298442 -0.08472098894571212
1.0 0.0 0.0 0.0 0.0 1.0 0.0 0.0 0.0 0.0 1.0 0.0
0.3230806501068906 -0.94637143059721 -9.421199058582285e-05 0.9555378467105591 0.9463714284335046 0.32308063418591837 0.00015250820582990839 1.7935052401672085 -0.00011389133926268199 -0.0001384319863924269 0.9999999839326738 0.22259495061541934
0.38623288847442366 0.9224012810870205 -0.00018030453838674862 -2.095331094468783 -0.9224012618868184 0.38623292090997285 0.00020706268578159066 -7.04727847371103 0.0002606344351446915 8.633871450716437e-05 0.9999999623076582 -0.08380951578648599
1.0 0.0 0.0 0.0 0.0 1.0 0.0 0.0 0.0 0.0 1.0 0.0
0.32310397801127755 -0.9463634618088309 -0.0001324631768243114 0.9562293526934926 0.9463634654320561 0.32310395762690114 0.00015447091075911364 1.793577397072447 -0.00010338624918295792 -0.00017526847681487596 0.9999999792961219 0.22219017700510024
0.3862450390361496 0.9223961807597234 -0.00023566891777669592 -2.0953964578422326 -0.9223961671044405 0.38624508680696523 0.00020935261119704496 -7.04742100259919 0.0002841320106045939 0.00013651869897876245 0.9999999503158215 -0.08430635089519845
1.0 0.0 0.0 0.0 0.0 1.0 0.0 0.0 0.0 0.0 1.0 0.0
0.3231036076874303 -0.9463635880290477 -0.00013398564639811804 0.9561474174060063 0.9463635919394168 0.3231035871790454 0.000154284011507507 1.7936029966047276 -0.00010271752772401451 -0.0001766488583202128 0.999999979122145 0.22228205610086027
0.3862454224202524 0.9223960205410514 -0.00023441295282955406 -2.095354057057879 -0.9223960066550151 0.3862454698631216 0.00020956406709344563 -7.047366438727199 0.00028384200264306683 0.0001352784099795807 0.9999999505667335 -0.08437828936405456
1.0 0.0 0.0 0.0 0.0 1.0 0.0 0.0 0.0 0.0 1.0 0.0
0.32309867781424034 -0.9463652596999833 -0.0001990670067433497 0.9562801920082675 0.9463652717395032 0.32309863878469286 0.00020508753076231158 1.7935136128206572 -0.00012976943540538545 -0.00025465361195652146 0.9999999591557149 0.2210713673146174
0.38621921393447584 0.9224069842619367 -0.00027234653380819293 -2.0952328433033287 -0.9224069575302666 0.3862192815559125 0.00026693480811122987 -7.04728353532721 0.0003514080139660679 0.00014811898588346325 0.9999999272865845 -0.0850737577045666
1.0 0.0 0.0 0.0 0.0 1.0 0.0 0.0 0.0 0.0 1.0 0.0
0.3230886812042239 -0.9463686877459785 -0.00010455462724726598 0.955656676059915 0.946368687354359 0.32308866451416085 0.00014985874581421486 1.7936768921138864 -0.00010804120973735387 -0.0001473648898968485 0.9999999833053431 0.22247364988406038
0.3862242059740908 0.9224049136733447 -0.0001948100425022399 -2.095157014305535 -0.9224048968130757 0.386224241855074 0.00020331928877246504 -7.047009316846446 0.0002627830719794751 0.0001011669062870693 0.9999999603551565 -0.08405814944554169
1.0 0.0 0.0 0.0 0.0 1.0 0.0 0.0 0.0 0.0 1.0 0.0
0.3230423651939078 -0.9463844943851569 -0.0001381205159241112 0.9545294926622034 0.9463845026755949 0.3230423701157596 -1.433387343576012e-05 1.7932661283173204 5.8184134389792206e-05 -0.0001260846673950557 0.9999999903586313 0.224172227210924
0.38628579953669234 0.9223790727007403 -0.0003568193105242924 -2.0953889486953834 -0.9223791258481532 0.38628583574698183 3.606733675554979e-05 -7.047638682490762 0.00017110200220790082 0.0003151903837113803 0.9999999356895616 -0.08684631059020953
1.0 0.0 0.0 0.0 0.0 1.0 0.0 0.0 0.0 0.0 1.0 0.0
0.32307514664719705 -0.9463733111440576 -7.465336493918658e-05 0.9553303529301989 0.9463733106696944 0.3230751377697206 0.00011048600866528298 1.7927856376512992 -8.044236369294879e-05 -0.00010634523558212935 0.9999999911098586 0.22406310276689745
0.3862882872257459 0.9223780827472015 -0.0001778195630675244 -2.0961874884972698 -0.9223780724741343 0.38628831556840604 0.0001693346527021944 -7.048665738501249 0.00022488019179457455 9.860487287011436e-05 0.9999999698529888 -0.08273669681272655
1.0 0.0 0.0 0.0 0.0 1.0 0.0 0.0 0.0 0.0 1.0 0.0
0.3231213292103599 -0.9463575258626018 -0.0001996310246260422 0.9568117613756311 0.946357537863569 0.32312128974856813 0.00020649461719253278 1.793744231416957 -0.00013091270087927043 -0.0002556451401283021 0.9999999587537128 0.22110758697745403
0.38623565498277646 0.9224000937352688 -0.0002930822285082411 -2.095123361148877 -0.9224000717886115 0.38623572926045063 0.00026269185754923373 -7.04665632256643 0.000355505822288062 0.0001688781069567921 0.9999999225478947 -0.08544871299767554
1.0 0.0 0.0 0.0 0.0 1.0 0.0 0.0 0.0 0.0 1.0 0.0
0.3231032336626984 -0.9463637057251133 -0.00019204931637863858 0.9562339823101595 0.9463637150986492 0.32310319388920755 0.0002117623131261768 1.7935470207715163 -0.00013835241987684722 -0.0002501695926691883 0.9999999591368904 0.2209266565754343
0.38624728896210475 0.922395220390718 -0.0002986130984793313 -2.095488874125854 -0.9223951967939936 0.3862473664534945 0.0002698872178511064 -7.047403555543318 0.00036428120266657356 0.00017119608151659903 0.9999999189955504 -0.08529798424901336
1.0 0.0 0.0 0.0 0.0 1.0 0.0 0.0 0.0 0.0 1.0 0.0
0.32308446900940624 -0.9463701096195714 -0.0002037242024274963 0.9558459247988722 0.9463701220894082 0.3230844278602008 0.00021092824743263705 1.7929299491534358 -0.00013379607126212193 -0.00026094613914473086 0.9999999570028609 0.22096202822932143
0.3862719929163983 0.9223848483861086 -0.00037276819759725734 -2.0956942356905834 -0.9223847908135907 0.38627212266014405 0.0003806985616750107 -7.047680103512153 0.0004951405480375056 0.00019678252384409508 0.999999858056228 -0.08811200312837864
1.0 0.0 0.0 0.0 0.0 1.0 0.0 0.0 0.0 0.0 1.0 0.0
0.32311949735172113 -0.9463581625197693 -0.00013661396875815914 0.9566767686242272 0.9463581674562236 0.3231194775773763 0.00014865739775850662 1.7936467611141147 -9.654050757279963e-05 -0.00017731984876425097 0.9999999796188007 0.22240072355087703
0.3862396375191276 0.9223984435327389 -0.00023189970721722425 -2.095209888453681 -0.9223984271062816 0.38623968526148755 0.00021725783001066358 -7.047334913828001 0.0002899671541749472 0.0001299903396720599 0.9999999495107793 -0.08447379841054681
1.0 0.0 0.0 0.0 0.0 1.0 0.0 0.0 0.0 0.0 1.0 0.0
0.3231675704806779 -0.9463417471165595 -0.00013803620342227465 0.9578944228173611 0.9463417507768618 0.3231675478818961 0.00016350102915908612 1.794130928448599 -0.00011011902821086959 -0.00018346765278166988 0.99999997710671 0.22193657657791355
0.38620494634781355 0.9224129636336632 -0.0002528577576906353 -2.094613980236522 -0.9224129525382594 0.38620499902088196 0.000209095507348547 -7.046851343519185 0.00029052733667718033 0.00015248555164650628 0.9999999461710101 -0.0848308720850226
