1.0 0.0 0.0 0.0 0.0 1.0 0.0 0.0 0.0 0.0 1.0 0.0
0.3233706622280943 -0.9462723765716562 6.44018123854997e-05 0.954503473183403 0.9462723681009829 0.32337066805231096 0.0001281091721466899 1.7973709842556784 -0.0001420518278827665 1.951490768144215e-05 0.9999999897202232 0.21880518797906118
0.3860460829704323 0.9224794847128951 -0.0001486842876400676 -2.1030000288240243 -0.9224794088702399 0.38604611153446966 0.000374138381371645 -7.043672309507265 0.0004025339723487519 -7.276462846918415e-06 0.9999999189567238 -0.07967748255035573
1.0 0.0 0.0 0.0 0.0 1.0 0.0 0.0 0.0 0.0 1.0 0.0
0.32337358388524606 -0.9462713782917108 6.221830679397891e-05 0.9545665495712573 0.9462713692489605 0.32337358946263384 0.00013182469232892615 1.7971622263336724 -0.00014486169050123565 1.6246779159317937e-05 0.9999999893755663 0.21863740174243307
0.3860386643432221 0.9224825885897099 -0.00015290823620272393 -2.1029790605980887 -0.9224824882318631 0.38603869379439326 0.0004310441610652868 -7.043915282253635 0.0004566592292700924 -2.5344542007154497e-05 0.9999998954099958 -0.07921410426192997
1.0 0.0 0.0 0.0 0.0 1.0 0.0 0.0 0.0 0.0 1.0 0.0
0.3233748221723365 -0.9462709546610935 6.891874480589425e-05 0.9545780658967815 0.9462709476030078 0.32337482840203846 0.00011865267972049006 1.7970152761897715 -0.00013456417178739355 2.684651675016747e-05 0.9999999905858741 0.21822809201955873
0.38604084135685246 0.9224816796562789 -0.00013965322685139227 -2.1029751231137346 -0.9224815854865037 0.38604086524295655 0.00041809182708334554 -7.044007885700922 0.0004395939034260877 -3.25729905675011e-05 0.9999999028480955 -0.07951480313000692
1.0 0.0 0.0 0.0 0.0 1.0 0.0 0.0 0.0 0.0 1.0 0.0
0.32337393890920263 -0.9462712568734057 6.363624660159919e-05 0.9545583311358689 0.9462712489373079 0.32337394454849877 0.00012418442585305538 1.7973195642190716 -0.00013809045681595356 2.0059143610154373e-05 0.9999999902643282 0.2188919491101735
0.3860407035258957 0.9224817343334152 -0.00015824805134474288 -2.102979170851047 -0.9224816493445165 0.3860407358990793 0.0003960418119463551 -7.043766378632533 0.00042643153174854245 -6.90733629938288e-06 0.9999999090542145 -0.07952100911055617
1.0 0.0 0.0 0.0 0.0 1.0 0.0 0.0 0.0 0.0 1.0 0.0
0.32337170223319 -0.9462720209307961 6.781118076024814e-05 0.9545020835644513 0.9462720130983232 0.323371708449839 0.0001241010851955895 1.7971199515644218 -0.00013936160206221015 2.403704335990353e-05 0.9999999900002822 0.21828689547292038
0.38603955626422815 0.922482214941473 -0.0001552932448488299 -2.10308482226393 -0.9224821144221125 0.3860395868002845 0.00043127065044953975 -7.043954307178388 0.00045778884494025555 -2.3232289665704384e-05 0.9999998949448116 -0.0791169032769703
1.0 0.0 0.0 0.0 0.0 1.0 0.0 0.0 0.0 0.0 1.0 0.0
0.32337497519432656 -0.9462709022951097 6.991185661339594e-05 0.9545676820026815 0.9462708958613307 0.32337498142956256 0.0001141543925043434 1.7974544954475902 -0.00013062872533003977 2.924088134446945e-05 0.9999999910405535 0.2190935370206957
0.3860401958961611 0.9224819476310078 -0.00015312529594433061 -2.1029628527673214 -0.9224818772266518 0.3860402262593925 0.000360413636224827 -7.043648935126204 0.00039158759698984004 2.121159721727925e-06 0.9999999233273243 -0.07996371703791301
1.0 0.0 0.0 0.0 0.0 1.0 0.0 0.0 0.0 0.0 1.0 0.0
0.32337060279396224 -0.9462723964402655 7.05965088110858e-05 0.9543968343786113 0.9462723868362768 0.32337060971041054 0.00013669927853270368 1.7971841227217074 -0.00015218358998644876 2.2598998794337577e-05 0.99999998816472 0.21821544665498172
0.38605000131166056 0.9224778434767612 -0.00015742214118753987 -2.103152287704913 -0.9224777602607538 0.38605003336054355 0.0003918757792368058 -7.043629502219189 0.0004222695465982834 -6.06522087024091e-06 0.9999999108258176 -0.07907877613411128
1.0 0.0 0.0 0.0 0.0 1.0 0.0 0.0 0.0 0.0 1.0 0.0
0.32336348144265825 -0.9462748312608091 5.0907864675578614e-05 0.9545205193560181 0.9462748213553455 0.3233634854266433 0.00013697314417668036 1.7975794557552172 -0.00014607598345017792 3.880717786355903e-06 0.9999999893233735 0.21919651258565787
0.38605187811455777 0.9224770588447853 -0.00015267382626679425 -2.102908210448544 -0.9224769839451822 0.386051908294626 0.0003717438330423751 -7.043577796415482 0.0004018651797255534 -2.674314141553301e-06 0.9999999192486094 -0.07961580681093415
1.0 0.0 0.0 0.0 0.0 1.0 0.0 0.0 0.0 0.0 1.0 0.0
0.32335935396799587 -0.9462762421753051 4.1182330612928994e-05 0.9543954185158277 0.9462762303155257 0.32335935644871305 0.00015012299154073134 1.7979555012179222 -0.00015537451222330523 -9.573812992352826e-06 0.9999999878835515 0.21975415956377328
0.3860552247256961 0.9224756552139526 -0.00017029263293071319 -2.1030719532650424 -0.9224755989793354 0.3860552609479715 0.0003237006474727889 -7.043195298220035 0.00036434833371422684 3.2124472360566154e-05 0.9999999331091528 -0.0796122245570211
1.0 0.0 0.0 0.0 0.0 1.0 0.0 0.0 0.0 0.0 1.0 0.0
0.32337572024002337 -0.9462706477050127 6.965042854287347e-05 0.9545664521178537 0.946270639955654 0.3233757267066133 0.00012383411110510786 1.7971823135710074 -0.00013970384246886347 2.5863210721524532e-05 0.9999999899069654 0.2186192546042593
0.3860456049788966 0.9224796841234298 -0.000152499229231192 -2.1029536534465527 -0.9224796104331192 0.38604563509610734 0.0003687253765007535 -7.043716283209019 0.00039901333064292985 -1.6673814697649655e-06 0.9999999203927877 -0.07982924082268923
1.0 0.0 0.0 0.0 0.0 1.0 0.0 0.0 0.0 0.0 1.0 0.0
0.3233587160170658 -0.9462764604906888 3.3121115425709996e-05 0.9546729214907109 0.9462764525643721 0.3233587176054039 0.0001227630910941598 1.7980353418777104 -0.00012687782472914355 -8.354783900488272e-06 0.9999999919161076 0.22032272399473005
0.3860563631706131 0.922475183120906 -0.0001448500267198832 -2.1025615478525 -0.9224751341887206 0.3860563899513091 0.0003009672146501797 -7.0433427213785 0.0003335550648476456 1.743023951422673e-05 0.9999999442186012 -0.08081840757707334
1.0 0.0 0.0 0.0 0.0 1.0 0.0 0.0 0.0 0.0 1.0 0.0
0.3233662456036055 -0.9462738863346621 5.69677438348697e-05 0.9545957511506414 0.9462738815907445 0.3233662498443345 9.736938319202505e-05 1.7975951902970966 -0.00011055955032909792 2.2421116204526803e-05 0.9999999936369397 0.21913638493669785
0.3860481858687952 0.9224786041122062 -0.00015212694535070534 -2.102817373992752 -0.9224785353641874 0.3860482158320654 0.00035615336893022497 -7.043621814376517 0.0003872721984532375 2.8414797699711017e-06 0.9999999250060824 -0.08005239594590255
1.0 0.0 0.0 0.0 0.0 1.0 0.0 0.0 0.0 0.0 1.0 0.0
0.32336278520990347 -0.9462750696513376 4.1202552555296877e-05 0.9546676790730598 0.9462750615820752 0.32336278783343353 0.000123581671827996 1.7976928967296668 -0.0001302656273768077 -9.727656465896573e-07 0.99999999151496 0.21967170567878985
0.38604848718765383 0.9224784785476056 -0.00014885099387987658 -2.102700979082205 -0.9224784024820315 0.38604851581462585 0.0003746885685785473 -7.04369332039827 0.0004031058459363756 -7.336128024084537e-06 0.9999999187259258 -0.08004212568519929
1.0 0.0 0.0 0.0 0.0 1.0 0.0 0.0 0.0 0.0 1.0 0.0
0.3233664779282446 -0.9462738071327457 5.372877636768885e-05 0.9545723774704421 0.9462737992724918 0.32336648219670194 0.0001224831998935204 1.7975596381845553 -0.0001332767292798187 1.1235172388754378e-05 0.9999999910555422 0.21923449629331543
0.3860506588186233 0.922477569026251 -0.00015319636053212697 -2.10283653366248 -0.9224775045249611 0.3860506891298925 0.00034506192970773584 -7.043489069426024 0.0003774534506359173 8.108811069081415e-06 0.9999999287315674 -0.08002134965374698
1.0 0.0 0.0 0.0 0.0 1.0 0.0 0.0 0.0 0.0 1.0 0.0
0.3233668611275715 -0.9462736760973963 5.522338184620518e-05 0.9544698953489621 0.946273667812667 0.32336686563520667 0.00012575223577305676 1.7976661206351372 -0.00013685344231978425 1.1592326326886893e-05 0.9999999905683766 0.2192535432260564
0.3860485119749789 0.9224784670276152 -0.00015579565275736693 -2.1029836197552254 -0.9224783996317286 0.3860485433378352 0.00035270330299177365 -7.043488146814811 0.00038550588706477533 7.557539136563568e-06 0.9999999256640446 -0.07973731092630076
