1.0 0.0 0.0 0.0 0.0 1.0 0.0 0.0 0.0 0.0 1.0 0.0
0.3231144026580508 -0.9463598914278509 -0.00019670179615236742 0.9563539411852418 0.9463598962913806 0.3231143526451301 0.00024860829891939335 1.7940627029496063 -0.00017171574924550027 -0.00026647961340826 0.9999999497511574 0.22048385731850795
0.386256214246901 0.9223914851280178 -0.00029175157568055437 -2.0952251018555987 -0.9223914797315488 0.38625627907793836 0.00021211202116984076 -7.046823771822051 0.00030834120025787393 0.00018717958131266724 0.999999934944752 -0.08518460235795722
1.0 0.0 0.0 0.0 0.0 1.0 0.0 0.0 0.0 0.0 1.0 0.0
0.3230829500800995 -0.9463706416863849 -0.0001261809831129011 0.9557221824448998 0.9463706466084222 0.32308293456641385 0.0001289570133484797 1.792899016339348 -8.127420916197456e-05 -0.00016107779088438297 0.9999999837242239 0.2229637252265001
0.38627959475301377 0.9223816984376213 -0.00027760543061325826 -2.0958285216255828 -0.9223816626986063 0.3862796681828975 0.0002937105104490492 -7.04841198048093 0.0003781465331000416 0.00014260378171226563 0.9999999183346772 -0.08619961670836118
1.0 0.0 0.0 0.0 0.0 1.0 0.0 0.0 0.0 0.0 1.0 0.0
0.32309399325380717 -0.9463668722332276 -0.00012109007781754716 0.955862499928644 0.9463668787081274 0.3230939835406988 9.318819070156763e-05 1.7932819690035036 -4.906674095403324e-05 -0.00014470418364459213 0.9999999883265769 0.2233689135621888
0.3862977654091536 0.9223740891771081 -0.0002757799767008315 -2.0958805170788732 -0.9223740790956365 0.3862978263813659 0.00021804932712195813 -7.048793259952362 0.00030765625505888825 0.0001701403342262377 0.9999999381999457 -0.08549192681782847
1.0 0.0 0.0 0.0 0.0 1.0 0.0 0.0 0.0 0.0 1.0 0.0
0.3231061795264755 -0.9463627096520255 -0.00013613185215269563 0.9562362817822319 0.946362714295195 0.32310615942207094 0.000150782462597153 1.7937564180617365 -9.870985994736239e-05 -0.00017754885453461053 0.9999999793663839 0.22227450191664966
0.3862342137969165 0.9224007124155117 -0.0002404746017383211 -2.0951561132737275 -0.922400702157679 0.38623426155263246 0.00019965448288084797 -7.04674224999248 0.00027704096747079954 0.00014470054926800417 0.9999999511550254 -0.08450526680133974
1.0 0.0 0.0 0.0 0.0 1.0 0.0 0.0 0.0 0.0 1.0 0.0
0.32313912416073837 -0.9463514621416205 -0.00012860422991657093 0.9569413460503569 0.9463514672704487 0.32313910807546403 0.00013125266463824784 1.794109124026983 -8.265409494044031e-05 -0.00016411767277370475 0.9999999831168449 0.22254016533207943
0.38624105806443454 0.9223978436024965 -0.0002513617554298684 -2.0951104611149205 -0.92239785516527 0.38624109466278633 0.00011653412847132493 -7.047346950816496 0.0002045770683816311 0.00018684527899768866 0.9999999616185317 -0.08403827903538241
1.0 0.0 0.0 0.0 0.0 1.0 0.0 0.0 0.0 0.0 1.0 0.0
0.32310303268958634 -0.9463637872950172 -0.00011119092736121025 0.9561391063044145 0.9463637887834674 0.3231030166072663 0.00014120439973743087 1.7935808832067828 -9.770460646845592e-05 -0.0001508506370801859 0.9999999838489474 0.22283005040891424
0.3862471046253166 0.9223953318168152 -0.00016127959431177594 -2.095520843380184 -0.9223953214083221 0.38624712876494643 0.00016298734005679857 -7.04742911220276 0.00021263254184492533 8.581015504429448e-05 0.9999999737120095 -0.08225473408196193
1.0 0.0 0.0 0.0 0.0 1.0 0.0 0.0 0.0 0.0 1.0 0.0
0.32308101079079926 -0.946371308155831 -8.69817019459445e-05 0.9556036713365632 0.9463713050137064 0.3230809956991811 0.00015252764016966547 1.793502290915976 -0.00011624564748497617 -0.00013159577094243828 0.9999999845847513 0.22251866165515533
0.3862312250232253 0.9224019770416708 -0.00018321211115384628 -2.0953686920971144 -0.9224019581116016 0.38623125821310483 0.00020700484672308577 -7.047339899921861 0.0002617039240853953 8.90434745424502e-05 0.999999961791157 -0.08378745610058358
1.0 0.0 0.0 0.0 0.0 1.0 0.0 0.0 0.0 0.0 1.0 0.0
0.3230822440266641 -0.9463708869080609 -8.948489024895404e-05 0.9556838471121676 0.9463708846866891 0.3230822293383756 0.00014731965094223949 1.7936817759632149 -0.00011050805088747233 -0.0001322822581666439 0.9999999851446875 0.22250595798329642
0.38622451779510997 0.9224047845236917 -0.00018799398031548595 -2.09520385110204 -0.922404768607723 0.38622455129164296 0.00019705152049971276 -7.046705133365828 0.00025436915599948585 9.730041542676702e-05 0.9999999629144801 -0.08391400249260017
1.0 0.0 0.0 0.0 0.0 1.0 0.0 0.0 0.0 0.0 1.0 0.0
0.3231357262251272 -0.9463526160643756 -0.00016883445273831082 0.9570177346235429 0.9463526201352208 0.3231356901415066 0.0002100475565023057 1.7937387186492657 -0.00014422261718863034 -0.00022765079643017634 0.9999999636874751 0.22124885220516166
0.38622832466083756 0.922403178136416 -0.0002412333350606644 -2.095377284266082 -0.9224031687643495 0.3862283722169627 0.00019684542662395217 -7.0472901969086035 0.0002747420054445064 0.00014648711332943567 0.9999999515291771 -0.08318517818571047
1.0 0.0 0.0 0.0 0.0 1.0 0.0 0.0 0.0 0.0 1.0 0.0
0.3230704692336917 -0.946374899115016 -0.00014911124919430896 0.9552842832275754 0.9463749073186901 0.323070450379481 0.00013743776451307594 1.7930046825680233 -8.189421209179886e-05 -0.00018551722770810845 0.9999999794383478 0.22225719493969986
0.38625763272865765 0.9223908724763876 -0.0003457327023379022 -2.0953991996596493 -0.922390861878204 0.38625772557130217 0.0002595381838183629 -7.04733994634447 0.00037293757907381667 0.00021865208080456574 0.9999999065544105 -0.0873610282672701
1.0 0.0 0.0 0.0 0.0 1.0 0.0 0.0 0.0 0.0 1.0 0.0
0.3231103917157703 -0.9463612608577551 -0.00019675619668882451 0.9562569165892381 0.9463612679941837 0.32311034530661426 0.00023493888709089493 1.7938384164829522 -0.00015876309875851146 -0.0002621136396213565 0.9999999530453579 0.22063307323221049
0.3862666660655389 0.9223871082849597 -0.00029181556251232536 -2.095425688652581 -0.9223870895803308 0.3862667382192021 0.0002528260745900502 -7.047594684334996 0.0003459221573334041 0.0001715086224736648 0.999999925461324 -0.08527499406400385
1.0 0.0 0.0 0.0 0.0 1.0 0.0 0.0 0.0 0.0 1.0 0.0
0.3231036076874303 -0.9463635880290477 -0.00013398564639811804 0.9561474174060063 0.9463635919394168 0.3231035871790454 0.000154284011507507 1.7936029966047276 -0.00010271752772401451 -0.0001766488583202128 0.999999979122145 0.22228205610086027
0.3862454224202524 0.9223960205410514 -0.00023441295282955406 -2.095354057057879 -0.9223960066550151 0.3862454698631216 0.00020956406709344563 -7.047366438727199 0.00028384200264306683 0.0001352784099795807 0.9999999505667335 -0.08437828936405456
1.0 0.0 0.0 0.0 0.0 1.0 0.0 0.0 0.0 0.0 1.0 0.0
0.32309399325380717 -0.9463668722332276 -0.00012109007781754716 0.955862499928644 0.9463668787081274 0.3230939835406988 9.318819070156763e-05 1.7932819690035036 -4.906674095403324e-05 -0.00014470418364459213 0.9999999883265769 0.2233689135621888
0.3862977654091536 0.9223740891771081 -0.0002757799767008315 -2.0958805170788732 -0.9223740790956365 0.3862978263813659 0.00021804932712195813 -7.048793259952362 0.00030765625505888825 0.0001701403342262377 0.9999999381999457 -0.08549192681782847
1.0 0.0 0.0 0.0 0.0 1.0 0.0 0.0 0.0 0.0 1.0 0.0
0.3230317386292867 -0.9463881274105729 -9.019118398638878e-05 0.9542137145303613 0.9463881266136495 0.3230317255349937 0.00013454587345278687 1.7926249925526925 -9.819800343664395e-05 -0.0001288184530767966 0.9999999868814791 0.22299261898428502
0.38627392104033204 0.9223840777931503 -0.00026637906654110966 -2.0958206007339406 -0.9223840508667366 0.38627398629219006 0.00026499171719408647 -7.0482636528718405 0.00034731944458451906 0.00014334441281851478 0.9999999294107889 -0.08600567450298846
1.0 0.0 0.0 0.0 0.0 1.0 0.0 0.0 0.0 0.0 1.0 0.0
0.3230881185288213 -0.9463688781488977 -0.0001188978678907169 0.955741225884875 0.9463688784175494 0.3230880980229035 0.0001639471006663705 1.7929935830635486 -0.00011673994773761057 -0.00016549060217453326 0.9999999794923224 0.2222307562939081
0.38627176698985594 0.9223849778600225 -0.0002732118215088477 -2.0958076207542824 -0.9223849450076108 0.3862718374406389 0.00028429480992737483 -7.048375056606911 0.000367763294265294 0.00014219141238118967 0.9999999222658781 -0.08595411495466498
1.0 0.0 0.0 0.0 0.0 1.0 0.0 0.0 0.0 0.0 1.0 0.0
0.3231286644871275 -0.9463550281280019 -0.0001640841688837014 0.9565324406285232 0.9463550421154197 0.3231286556646704 7.8428724182465e-05 1.7943060902717374 -2.1201120572474347e-05 -0.00018062444945691144 0.9999999834626602 0.2228176393775727
0.3862548019096378 0.9223920806979955 -0.00027832960504828167 -2.0951394776508714 -0.9223921015465097 0.3862548400803359 9.756601615520226e-05 -7.047264953746328 0.00019750027773434087 0.00021904368707996748 0.9999999565067509 -0.08470552515567276
1.0 0.0 0.0 0.0 0.0 1.0 0.0 0.0 0.0 0.0 1.0 0.0
0.32310724907544947 -0.9463623539488328 -2.496635663582747e-05 0.9563128142130317 0.9463623372893549 0.3231072381638954 0.00019800587961188475 1.7937845785982738 -0.00017931849978560538 -8.760435468165903e-05 0.9999999800851761 0.22189983147989523
0.38619354262640027 0.9224177578896005 -0.00016602286761617345 -2.0948069087717798 -0.922417735479053 0.38619357195353354 0.00021507083794469422 -7.046558263076099 0.00026250212439503807 7.008346876276827e-05 0.9999999630904702 -0.08390919207820713
1.0 0.0 0.0 0.0 0.0 1.0 0.0 0.0 0.0 0.0 1.0 0.0
0.32311949735172113 -0.9463581625197693 -0.00013661396875815914 0.9566767686242272 0.9463581674562236 0.3231194775773763 0.00014865739775850662 1.7936467611141147 -9.654050757279963e-05 -0.00017731984876425097 0.9999999796188007 0.22240072355087703
0.3862396375191276 0.9223984435327389 -0.00023189970721722425 -2.095209888453681 -0.9223984271062816 0.38623968526148755 0.00021725783001066358 -7.047334913828001 0.0002899671541749472 0.0001299903396720599 0.9999999495107793 -0.08447379841054681
1.0 0.0 0.0 0.0 0.0 1.0 0.0 0.0 0.0 0.0 1.0 0.0
0.3231349883707682 -0.9463528652261486 -0.0001837631178380201 0.957038976735733 0.9463528711342801 0.3231349473666509 0.00022155418494809617 1.7936958638188418 -0.00015028815231794772 -0.00024549666315128117 0.999999958572429 0.22077351633805042
0.38622603882762324 0.9224041129187954 -0.0003152808473802198 -2.0952327400663897 -0.9224040980690145 0.3862261194372195 0.0002540274672968512 -7.04730158842424 0.0003560856788455055 0.00019270432321871539 0.9999999180340131 -0.08526359041398468
1.0 0.0 0.0 0.0 0.0 1.0 0.0 0.0 0.0 0.0 1.0 0.0
0.32313271243992764 -0.9463536520078223 -0.00012442938633533635 0.9571459671693727 0.9463536600978479 0.3231327078012109 5.628910211641853e-05 1.7933652894871521 -1.3062192819748815e-05 -0.00013594305542993245 0.9999999906744322 0.22394981225166388
0.3862877956885162 0.9223782665896743 -0.0002687473410873444 -2.095807814119741 -0.922378223479035 0.38628786789498265 0.00030978832601981593 -7.049116303402425 0.0003895558565549101 0.00012821924544866264 0.9999999159030264 -0.08642837552243199
