1.0 0.0 0.0 0.0 0.0 1.0 0.0 0.0 0.0 0.0 1.0 0.0
-0.48861589481039613 -0.8724989850817453 0.00016843384294840924 -5.253163593795136 0.8724989893844379 -0.4886159109682177 -7.121679757932113e-05 -2.5383264221882094 0.00014443603921885653 0.0001121606984758949 0.999999983279104 0.010710569220692521
0.959388309739363 -0.2820887640298788 1.8534967648700384e-05 -10.38290493246592 0.2820887645104591 0.9593883092139637 -3.287150638584796e-05 -2.1887287522411256 -8.509548665613013e-06 3.676504507435836e-05 0.9999999992879595 -0.06895587134455462
1.0 0.0 0.0 0.0 0.0 1.0 0.0 0.0 0.0 0.0 1.0 0.0
-0.4886197166843473 -0.8724968456951174 0.00016346063387672017 -5.253244052368176 0.8724968492385877 -0.4886197322897199 -7.270392077004787e-05 -2.5384507555389746 0.00014330403270628418 0.000107094318863483 0.9999999839973803 0.01074207011959668
0.9593839267477855 -0.2821036698088527 2.404946451510194e-05 -10.38314068794264 0.28210367043584883 0.9593839264367447 -2.866073205285097e-05 -2.1890059953600094 -1.4987372003669499e-05 3.4281087872060186e-05 0.9999999993000926 -0.06895460153233106
1.0 0.0 0.0 0.0 0.0 1.0 0.0 0.0 0.0 0.0 1.0 0.0
-0.4886111676716045 -0.8725016279931487 0.0001896731288342387 -5.253090336329035 0.8725016353537743 -0.4886111865971334 -6.809647089801712e-05 -2.5383067719038213 0.00015209069426440325 0.00013221741893075246 0.9999999796934872 0.0107479051636487
0.9593881083517739 -0.2820894492412746 1.3414916522525382e-05 -10.38291827871159 0.2820894495289086 0.9593881078692451 -3.0717206521578455e-05 -2.1885435954545933 -4.205111509859599e-06 3.325392907590248e-05 0.9999999994382467 -0.06903272695714956
1.0 0.0 0.0 0.0 0.0 1.0 0.0 0.0 0.0 0.0 1.0 0.0
-0.48861513773528176 -0.8724994078602807 0.00017452618966089462 -5.253157044334654 0.8724994135310457 -0.48861515423683155 -6.661905998464123e-05 -2.5384587426587863 0.00014340123146833935 0.00011972291695474678 0.9999999825512549 0.010751775310961834
0.9593851113527587 -0.2820996406519919 2.9303099487279736e-05 -10.383079926076952 0.2820996414432111 0.9593851111683 -2.7680327856590234e-05 -2.188884314646348 -2.0304346817700397e-05 3.482248828151273e-05 0.9999999991875639 -0.06891621721855268
1.0 0.0 0.0 0.0 0.0 1.0 0.0 0.0 0.0 0.0 1.0 0.0
-0.4886108264153586 -0.8725018209188713 0.00018111585789951838 -5.2531139571627445 0.8725018267116029 -0.4886108444463495 -7.123440701776375e-05 -2.5385086387990157 0.00015064732210598713 0.00012321801438161393 0.9999999810613525 0.010785771287768205
0.959387409874303 -0.2820918240583333 2.39607877282132e-05 -10.382974975793106 0.2820918247038612 0.959387409510637 -3.0128310560875004e-05 -2.1889676418761024 -1.4488727986472248e-05 3.566386416448315e-05 0.9999999992590827 -0.06892740488095742
1.0 0.0 0.0 0.0 0.0 1.0 0.0 0.0 0.0 0.0 1.0 0.0
-0.48861566527034217 -0.8724991148151214 0.00016217043851607133 -5.253116864811339 0.8724991182341308 -0.4886156806816188 -7.261338013204638e-05 -2.5384429114152987 0.00014259412909090405 0.0001060135295681507 0.9999999842140228 0.010707097411629228
0.959386525281519 -0.2820948327773238 2.070234965062699e-05 -10.382952186514169 0.28209483331949414 0.95938652484008 -3.1140358454406555e-05 -2.18880342372416 -1.107702107650224e-05 3.571566616760731e-05 0.9999999993008454 -0.06896892178698684
1.0 0.0 0.0 0.0 0.0 1.0 0.0 0.0 0.0 0.0 1.0 0.0
-0.4886208924492646 -0.8724961869991741 0.0001647239702261258 -5.253257549792885 0.8724961907178131 -0.4886209082065626 -7.243134130773483e-05 -2.538571226255897 0.00014368364504550665 0.00010832956991113032 0.9999999838098569 0.010747195442982154
0.9593825327861069 -0.28210841014671334 2.6634724014463067e-05 -10.383200888817292 0.28210841087955885 0.959382532483705 -2.960005025496749e-05 -2.1891924906394564 -1.720246585931056e-05 3.5911650850145116e-05 0.9999999992072143 -0.06891507054656147
1.0 0.0 0.0 0.0 0.0 1.0 0.0 0.0 0.0 0.0 1.0 0.0
-0.4886152537990692 -0.8724993441530615 0.0001679504338351947 -5.25318107136177 0.8724993486469788 -0.48861526969531616 -6.950662762782927e-05 -2.5383688631961334 0.0001427076335434048 0.0001125746456270993 0.99999998348074 0.010716278825997315
0.9593879423676774 -0.28209001355388086 1.7108026151451013e-05 -10.382979095137795 0.2820900139623586 0.9593879419241667 -3.0219658427516593e-05 -2.1886740928391752 -7.888570144426243e-06 3.381837925376116e-05 0.9999999993970438 -0.06899893904623831
1.0 0.0 0.0 0.0 0.0 1.0 0.0 0.0 0.0 0.0 1.0 0.0
-0.48861823840052404 -0.8724976715418559 0.00017394369546610408 -5.253242439071484 0.8724976768298307 -0.48861825507661694 -6.879267011609062e-05 -2.538453939649166 0.00014501350945565124 0.00011815211690636172 0.9999999825055796 0.010731771662060125
0.9593852413622851 -0.2820991987461499 2.688883402398078e-05 -10.383108383779666 0.2820991994725572 0.9593852410958121 -2.8713631957506136e-05 -2.1888014209789795 -1.769665794458113e-05 3.513275327885779e-05 0.9999999992262589 -0.06892969852662258
1.0 0.0 0.0 0.0 0.0 1.0 0.0 0.0 0.0 0.0 1.0 0.0
-0.48862038013487424 -0.872496475467799 0.0001562469802113764 -5.253216710634049 0.8724964783737993 -0.48862039463781054 -7.189789946161785e-05 -2.5384023810211325 0.0001390761250056564 0.00010119416102514554 0.9999999852087863 0.01073666974526121
0.9593856862814724 -0.28209768587623285 2.4114355722277714e-05 -10.383027888623769 0.28209768653551864 0.9593856858995709 -3.069719869278139e-05 -2.188838310835955 -1.4475358990539635e-05 3.62530569963398e-05 0.9999999992380899 -0.06894910256424937
1.0 0.0 0.0 0.0 0.0 1.0 0.0 0.0 0.0 0.0 1.0 0.0
-0.48860757474776134 -0.87250364644242 0.00015761913795999186 -5.2530382000366185 0.8725036491484045 -0.4886075896877155 -7.431204300801558e-05 -2.5384920187398166 0.00014185143558634967 0.00010121384593700136 0.9999999848169637 0.01072799539100686
0.9593912792591637 -0.2820786642846004 2.0901665380600514e-05 -10.382802885031921 0.2820786648297646 0.9593912788329733 -3.077481782275303e-05 -2.1888662785641237 -1.1371955974216763e-05 3.5421005703227704e-05 0.9999999993080155 -0.06896459971518071
1.0 0.0 0.0 0.0 0.0 1.0 0.0 0.0 0.0 0.0 1.0 0.0
-0.48861088156406685 -0.872501793373757 0.00016424604345555588 -5.25306702724876 0.8725017972764808 -0.48861089707392713 -7.078080858320779e-05 -2.5383953014172533 0.00014200878905896078 0.00010872069483087994 0.9999999840066571 0.010686683600010835
0.9593881590793499 -0.2820892761813186 2.1950752006905414e-05 -10.382873406619005 0.2820892767468916 0.9593881587127766 -2.9429972725596356e-05 -2.188752845040675 -1.275741184606975e-05 3.44268391126543e-05 0.9999999993260207 -0.06896115573041484
1.0 0.0 0.0 0.0 0.0 1.0 0.0 0.0 0.0 0.0 1.0 0.0
-0.4886148510295813 -0.872499570656506 0.00016296488250354556 -5.253142520076565 0.8724995744745139 -0.48861486631679746 -7.039893436950843e-05 -2.538429632942389 0.00014105010429088066 0.00010778882580904051 0.9999999842432186 0.010729537523354453
0.9593870013644676 -0.2820932135284915 2.222754516202388e-05 -10.382985431963712 0.2820932141210293 0.9593870009537142 -3.078806317612934e-05 -2.1888578491577526 -1.2639714211885223e-05 3.580790726515191e-05 0.9999999992790158 -0.0689416910113644
1.0 0.0 0.0 0.0 0.0 1.0 0.0 0.0 0.0 0.0 1.0 0.0
-0.4886167840119474 -0.8724984857227548 0.00017548025861356854 -5.2531494534126875 0.8724984911027156 -0.48861680098548615 -6.941320573639653e-05 -2.5384012608909465 0.0001463055194940539 0.00011918980350378517 0.9999999821942428 0.010730237644231724
0.9593858047531296 -0.2820972832300596 2.0794459694095162e-05 -10.383039537836721 0.28209728377398213 0.9593858043176194 -3.100284495795739e-05 -2.188743137047009 -1.120409110392484e-05 3.560974995687911e-05 0.999999999303207 -0.06897043086937332
1.0 0.0 0.0 0.0 0.0 1.0 0.0 0.0 0.0 0.0 1.0 0.0
-0.4886195581111652 -0.8724969356177695 0.00015738122907455786 -5.2532164479833865 0.8724969387931402 -0.4886195726587575 -7.079104355910984e-05 -2.5384379475468073 0.00013866451746943342 0.00010272475216897198 0.9999999851098884 0.010695340078596564
0.9593846441249837 -0.2821012303985241 2.0611080713885103e-05 -10.383096523081878 0.28210123092798783 0.9593846437125321 -3.0290132364629568e-05 -2.188840654208139 -1.1229070718231301e-05 3.487429909928401e-05 0.9999999993288456 -0.06896363448890439
1.0 0.0 0.0 0.0 0.0 1.0 0.0 0.0 0.0 0.0 1.0 0.0
-0.4886196904722736 -0.8724968579175042 0.00017608765265750861 -5.253229462006881 0.8724968634520075 -0.4886197074675989 -6.885264534451816e-05 -2.5383267032356507 0.00014611361405256977 0.00011999316637987735 0.9999999821262258 0.010743415265498284
0.959385484000635 -0.28209837364911955 2.5949750854775262e-05 -10.383123899302596 0.28209837439074575 0.9593854836114813 -3.164904663997571e-05 -2.1887068731473356 -1.5967669688717483e-05 3.7684018460824964e-05 0.999999999162474 -0.06892121205765689
1.0 0.0 0.0 0.0 0.0 1.0 0.0 0.0 0.0 0.0 1.0 0.0
-0.488618922148379 -0.8724972900703025 0.00016654889562124297 -5.253180101782724 0.8724972945778973 -0.4886189377104538 -6.830049365415375e-05 -2.538266937156063 0.0001409709400790181 0.00011194054725298379 0.9999999837982538 0.010664041823282091
0.9593849781088796 -0.2821000939531694 2.7760352837527748e-05 -10.383042833871249 0.2821000947291347 0.9593849778214578 -2.9737778931846002e-05 -2.1885961982164126 -1.8243835260717475e-05 3.636117655470955e-05 0.9999999991725137 -0.06890539492427342
1.0 0.0 0.0 0.0 0.0 1.0 0.0 0.0 0.0 0.0 1.0 0.0
-0.4886137203031812 -0.8725002038519171 0.00016312525022762464 -5.253137230763378 0.8725002078191659 -0.4886137355116209 -6.946143741682415e-05 -2.5383052215210853 0.00014031035617602006 0.00010838700337032772 0.9999999842826306 0.010667297231221973
0.9593882762385748 -0.2820888773059567 2.676270183528677e-05 -10.382954157211925 0.2820888780499957 0.9593882759246128 -2.9981566861322852e-05 -2.188539721393159 -1.7218355837046898e-05 3.6313424284310196e-05 0.9999999991924318 -0.06892810672227741
1.0 0.0 0.0 0.0 0.0 1.0 0.0 0.0 0.0 0.0 1.0 0.0
-0.4886207554219871 -0.8724962634891479 0.00016603710861039957 -5.253190041871262 0.8724962679521076 -0.48862077090202144 -6.821112263111342e-05 -2.5385031645680307 0.0001406431296316117 0.00011153738733594988 0.9999999838894607 0.010711041671754259
0.9593836357563549 -0.2821046598448344 1.8350709161244704e-05 -10.383086116334512 0.2821046603107216 0.9593836352633084 -3.193638092898576e-05 -2.189016843147094 -8.595968186111907e-06 3.5816061822938374e-05 0.9999999993216594 -0.06896973288737573
1.0 0.0 0.0 0.0 0.0 1.0 0.0 0.0 0.0 0.0 1.0 0.0
-0.48861451837428216 -0.8724997534081005 0.00018093278420493292 -5.253150779446239 0.8724997600164247 -0.48861453567337 -6.557422424009125e-05 -2.5383897263001813 0.0001456198828217839 0.00012582329280306202 0.9999999814816742 0.010692164963340398
0.9593880312368251 -0.2820897106949219 2.5289987491452383e-05 -10.382953475264191 0.28208971138408007 0.9593880309024139 -2.987363746799069e-05 -2.188717456197093 -1.5835865550216356e-05 3.5794455508670845e-05 0.9999999992339911 -0.06892465499713649
