1.0 0.0 0.0 0.0 0.0 1.0 0.0 0.0 0.0 0.0 1.0 0.0
-0.488646691302041 -0.8724817539220909 1.2353126197219357e-05 -5.254011904679591 0.8724817474891482 -0.4886466893322054 -0.00011533845090585196 -2.5387194353406493 0.00010666700816016303 -4.5581875283547684e-05 0.999999993272221 0.010173268006090107
0.9593660679469523 -0.28216439807922283 1.1339906697111291e-05 -10.384313560746783 0.2821643982758119 0.9593660676642608 -2.3665645100421867e-05 -2.1899738051010402 -4.20151919077987e-06 2.5903734835115313e-05 0.9999999996556719 -0.06920389822873119
1.0 0.0 0.0 0.0 0.0 1.0 0.0 0.0 0.0 0.0 1.0 0.0
-0.4886467165189074 -0.8724817397712716 1.4176952152040324e-05 -5.253951786947155 0.8724817329414413 -0.4886467146149564 -0.00011823497804238862 -2.538861468808438 0.00011008538043658415 -4.5406002016674654e-05 0.999999992909752 0.010250543441463875
0.9593659235590637 -0.2821648890296655 1.0608573881077929e-05 -10.384216724665764 0.2821648892009549 0.9593659233162956 -2.1947328523452113e-05 -2.190208326570403 -3.984738759161487e-06 2.4048886172280272e-05 0.9999999997028862 -0.06922620329860979
1.0 0.0 0.0 0.0 0.0 1.0 0.0 0.0 0.0 0.0 1.0 0.0
-0.48865452590087977 -0.8724773657042916 2.5500702101408157e-05 -5.254159694560364 0.8724773588315905 -0.48865452540093796 -0.00011459247794641572 -2.538769364432685 0.0001124403767709758 -3.3747347764921346e-05 0.9999999931091391 0.010218854091885035
0.9593619763545216 -0.2821783084987705 2.319308585078506e-05 -10.3845403515945 0.28217830894783563 0.9593619763130649 -1.907957785171762e-05 -2.1901386121441604 -1.6866721673543943e-05 2.4848807260487674e-05 0.9999999995490253 -0.06917732335374518
1.0 0.0 0.0 0.0 0.0 1.0 0.0 0.0 0.0 0.0 1.0 0.0
-0.4886527854628088 -0.8724783407169806 1.5465527698997108e-05 -5.254086529142546 0.8724783342447251 -0.48865278386618227 -0.00011442631002569406 -2.538801288722887 0.00010739175026965574 -4.242139727925458e-05 0.9999999933337184 0.010206037219981774
0.9593623169448762 -0.28217715079385114 1.9900314552451546e-05 -10.384494474195058 0.28217715120486897 0.9593623167719981 -2.2265857834334455e-05 -2.1902206532156185 -1.2808695549863875e-05 2.697643902920168e-05 0.9999999995541046 -0.06914032471655261
1.0 0.0 0.0 0.0 0.0 1.0 0.0 0.0 0.0 0.0 1.0 0.0
-0.4886500411257344 -0.8724798778257703 9.846145709830153e-06 -5.25412890990706 0.8724798718853035 -0.4886500390594838 -0.00011172362723320463 -2.5386321300998738 0.00010228793612437254 -4.600319109474719e-05 0.9999999937104419 0.010147642528161888
0.9593645478244317 -0.28216956661924086 7.178600250823586e-06 -10.384541801567567 0.2821695667082418 0.9593645476091179 -2.0357659430426722e-05 -2.189829010585459 -1.1425826432507822e-06 2.155599925658616e-05 0.9999999997670167 -0.06927914237507599
1.0 0.0 0.0 0.0 0.0 1.0 0.0 0.0 0.0 0.0 1.0 0.0
-0.488649838458644 -0.8724799911934821 1.847600134635588e-05 -5.25404366985211 0.8724799845977368 -0.48864983718765237 -0.00011442383384966192 -2.538630317694583 0.00010886080059926052 -3.979324655636036e-05 0.9999999932829119 0.01021494712602183
0.9593646222703854 -0.2821693131645076 1.5629197187100177e-05 -10.384379881851329 0.2821693134624595 0.9593646220527993 -2.2217430232597704e-05 -2.189904141871093 -8.725021823352965e-06 2.572469640316028e-05 0.9999999996310569 -0.06917201552713556
1.0 0.0 0.0 0.0 0.0 1.0 0.0 0.0 0.0 0.0 1.0 0.0
-0.4886468950770961 -0.8724816396541387 1.9948384510984856e-05 -5.254067284084924 0.8724816334348274 -0.4886468941180095 -0.00011039799858991594 -2.53867422227459 0.00010606794295823805 -3.654104013114787e-05 0.9999999937071716 0.010157335998840701
0.959365780225322 -0.2821653759964648 1.7928529708122162e-05 -10.384435323181465 0.282165376323643 0.959365780098307 -1.950649391249584e-05 -2.189895936668936 -1.1695960700269686e-05 2.377267308385045e-05 0.9999999996490323 -0.06919647867827708
1.0 0.0 0.0 0.0 0.0 1.0 0.0 0.0 0.0 0.0 1.0 0.0
-0.4886527162128562 -0.8724783792842538 2.4886143412829428e-05 -5.2540737809460705 0.8724783724593954 -0.4886527156521495 -0.00011435201859126674 -2.5387360817183833 0.00011193034540918161 -3.416580258743521e-05 0.9999999931521478 0.010245458285502305
0.9593626445808475 -0.2821760369165863 1.9310410841768083e-05 -10.38448339268454 0.2821760372844936 0.9593626444565292 -2.0094653452157094e-05 -2.190081141650925 -1.2855457136359716e-05 2.4726995087468273e-05 0.9999999996116566 -0.0691872585478511
1.0 0.0 0.0 0.0 0.0 1.0 0.0 0.0 0.0 0.0 1.0 0.0
-0.48864519808677465 -0.8724825899858929 2.362723090984779e-05 -5.253996475968906 0.8724825830985868 -0.4886451973518815 -0.00011530203043133374 -2.5387416154713485 0.00011214434705218426 -3.572743604423418e-05 0.9999999930735981 0.010230815948826428
0.9593665441962802 -0.28216277875967366 1.262964271052936e-05 -10.384315375076337 0.28216277898773545 0.9593665439301099 -2.3270497915785828e-05 -2.1900125596347273 -5.550388323209427e-06 2.5888552252009703e-05 0.9999999996494879 -0.0692058581838364
1.0 0.0 0.0 0.0 0.0 1.0 0.0 0.0 0.0 0.0 1.0 0.0
-0.48865275321949897 -0.8724783586398447 2.1820310058098968e-05 -5.254123487850433 0.8724783520895061 -0.48865275237297245 -0.0001128428113955627 -2.5386986595593513 0.0001091154654382192 -3.610320230789842e-05 0.9999999933951867 0.010190436777417926
0.9593629508235255 -0.2821749957390999 1.91524665382493e-05 -10.38458306893336 0.282174996104302 0.9593629506948571 -2.018895753398769e-05 -2.1899946410235778 -1.267734780509064e-05 2.477288504467897e-05 0.9999999996127947 -0.0691796969970829
1.0 0.0 0.0 0.0 0.0 1.0 0.0 0.0 0.0 0.0 1.0 0.0
-0.4886524398405837 -0.8724785341427785 2.2313982380820457e-05 -5.254137053507693 0.87247852728272 -0.4886524389520218 -0.00011548513428914867 -2.5387063516206716 0.00011166208259299615 -3.696362215028569e-05 0.9999999930826351 0.010253187314897636
0.9593620136870433 -0.2821781821077041 1.538610961477417e-05 -10.384623800203197 0.28217818238092235 0.9593620135192089 -2.01138709874909e-05 -2.190023067575968 -9.085153549867798e-06 2.363810821862076e-05 0.9999999996793499 -0.06922349536641695
1.0 0.0 0.0 0.0 0.0 1.0 0.0 0.0 0.0 0.0 1.0 0.0
-0.4886472638674828 -0.8724814332237248 1.3953376771176698e-05 -5.2540811286789175 0.8724814268439121 -0.4886472621202581 -0.0001141699877910079 -2.538745822883545 0.0001064294739356104 -4.361479007524173e-05 0.9999999933852585 0.010138006105788255
0.9593654939396069 -0.2821663495396933 1.5015262703700098e-05 -10.384423666075845 0.282166349819977 0.9593654937228515 -2.1981339463143798e-05 -2.190127579096089 -8.202730602801186e-06 2.532494046020344e-05 0.9999999996456814 -0.06920117037887766
1.0 0.0 0.0 0.0 0.0 1.0 0.0 0.0 0.0 0.0 1.0 0.0
-0.4886501213144393 -0.8724798326876892 2.219562565577428e-05 -5.254092018024806 0.872479826040903 -0.4886501204817081 -0.00011359950934378692 -2.5387327369549766 0.00010995917605652534 -3.6145178411084314e-05 0.9999999933012529 0.010247356471372919
0.9593639449557575 -0.28217161551558834 2.2721080760249204e-05 -10.384494836582979 0.28217161597357543 0.9593639448742873 -2.034959253113239e-05 -2.190056925041386 -1.605570827039463e-05 2.5933909443706155e-05 0.9999999995348234 -0.06913304309582173
1.0 0.0 0.0 0.0 0.0 1.0 0.0 0.0 0.0 0.0 1.0 0.0
-0.4886479042089785 -0.872481074513176 1.812472923079468e-05 -5.254026274109735 0.8724810679032904 -0.48864790288939297 -0.00011468274372813227 -2.5387270804852946 0.0001089151344051109 -4.0225999256930105e-05 0.9999999932596813 0.010191391689120068
0.9593654282643023 -0.2821665726388192 1.834433543267924e-05 -10.384323859987564 0.28216657301392023 0.9593654280590508 -2.2773997923574606e-05 -2.1899897550524585 -1.1172860275433124e-05 2.702474453449477e-05 0.9999999995724153 -0.06915915558962335
1.0 0.0 0.0 0.0 0.0 1.0 0.0 0.0 0.0 0.0 1.0 0.0
-0.4886494707984547 -0.8724801972340673 1.1081157926838491e-05 -5.254085332824176 0.8724801907947525 -0.4886494686646494 -0.00011595044891724214 -2.5387382263478884 0.00010657927247383883 -4.69910347200107e-05 0.9999999932163506 0.010207362842750683
0.9593647330271631 -0.28216893630185136 2.024850816948283e-05 -10.384459915154487 0.28216893669986437 0.9593647329028221 -2.0590409915303366e-05 -2.190085974974785 -1.3615730567870107e-05 2.546721313124726e-05 0.9999999995830166 -0.06917733259610756
1.0 0.0 0.0 0.0 0.0 1.0 0.0 0.0 0.0 0.0 1.0 0.0
-0.48864932755499646 -0.8724802775244234 3.3099140343182453e-06 -5.254057948239634 0.8724802712328115 -0.4886493244800483 -0.00011829924801701516 -2.5389006332058877 0.00010483114799776332 -5.4919013299371045e-05 0.999999992997166 0.01016965369844796
0.9593642617559608 -0.28217053913314033 1.0523945092366818e-05 -10.384425535320457 0.28217053931123115 0.9593642614501268 -2.4434853647782985e-05 -2.19033472950634 -3.2015009836456246e-06 2.641147259332182e-05 0.9999999996460923 -0.06923008520354193
1.0 0.0 0.0 0.0 0.0 1.0 0.0 0.0 0.0 0.0 1.0 0.0
-0.48865044610410685 -0.8724796507408507 2.3777718933456573e-05 -5.254090910932567 0.8724796437127442 -0.488650445342939 -0.000116503345490351 -2.538699254352583 0.00011326579112965051 -3.6183836003103924e-05 0.9999999929307954 0.010297835176777521
0.959363511857137 -0.28217308842473476 1.6911185654381664e-05 -10.38450743536382 0.28217308873818836 0.9593635116953673 -2.048129796458917e-05 -2.1899430485758664 -1.044470335469938e-05 2.442089143301753e-05 0.999999999647264 -0.0691753571187572
1.0 0.0 0.0 0.0 0.0 1.0 0.0 0.0 0.0 0.0 1.0 0.0
-0.48864842668209446 -0.8724807818054438 2.1937989534838164e-05 -5.254060674908513 0.8724807745270136 -0.4886484256055588 -0.00011930612260303654 -2.5386761669438727 0.00011481226317003813 -3.91582750025834e-05 0.999999992642387 0.010322793991188359
0.9593645418716581 -0.2821695865030354 1.5877309776179342e-05 -10.384417822717095 0.2821695868208722 0.959364541615325 -2.3760371419003334e-05 -2.1900075852351435 -8.52767383705319e-06 2.7274951780466727e-05 0.9999999995916778 -0.06915766923339622
1.0 0.0 0.0 0.0 0.0 1.0 0.0 0.0 0.0 0.0 1.0 0.0
-0.4886543522919154 -0.872477463147917 1.688621216956881e-05 -5.254086197084306 0.8724774566077628 -0.4886543508450954 -0.00011450506389007864 -2.5386714397630783 0.00010815460870635164 -4.122055838391421e-05 0.9999999933017228 0.010191752139175034
0.9593632378856365 -0.2821740198419911 1.7882954464902153e-05 -10.38437817972494 0.28217402019999044 0.959363237686857 -2.2342041557952775e-05 -2.189947776010044 -1.0851905416959245e-05 2.6480238484428732e-05 0.9999999995905167 -0.06916608927546007
1.0 0.0 0.0 0.0 0.0 1.0 0.0 0.0 0.0 0.0 1.0 0.0
-0.4886506014222572 -0.872479564031535 8.775475009269692e-06 -5.254114237416236 0.8724795576411533 -0.4886505990153024 -0.00011653447441428141 -2.5387894516403655 0.00010596208855153615 -4.928821845478196e-05 0.9999999931713537 0.010196897167152896
0.9593628532594628 -0.28217532784392496 1.1917867267694759e-05 -10.384525715185363 0.2821753280514158 0.9593628530010112 -2.2821841541642724e-05 -2.1901729578248776 -4.9937985246082794e-06 2.525735512395913e-05 0.999999999668564 -0.06920154182201199
