1.0 0.0 0.0 0.0 0.0 1.0 0.0 0.0 0.0 0.0 1.0 0.0
-0.48861670438244637 -0.8724985273453133 0.00018968050982169998 -5.253118754748295 0.8724985347740377 -0.4886167232505653 -6.765380035946056e-05 -2.538397783074547 0.00015170891035652467 0.0001324391899240553 0.9999999797221335 0.0107576997896926
0.959385397424663 -0.28209866805865597 2.6226954747432497e-05 -10.382969705367406 0.2820986687714112 0.9593853971269056 -2.9275378718041275e-05 -2.1887320072258127 -1.690321205252425e-05 3.548495986634004e-05 0.9999999992275493 -0.06893413408557394
1.0 0.0 0.0 0.0 0.0 1.0 0.0 0.0 0.0 0.0 1.0 0.0
-0.4886139340511894 -0.8725000832677662 0.00016777592302061719 -5.2531217329445585 0.8725000877289227 -0.48861394993289514 -6.959882109542743e-05 -2.538371914359068 0.00014270263365184674 0.00011237755377353839 0.9999999835036218 0.010693456322202664
0.9593886750077302 -0.28208752192023745 1.5614437530152933e-05 -10.382905479400709 0.2820875222969017 0.959388674447164 -3.327022406717903e-05 -2.1886919004784104 -5.59519946345695e-06 3.6323714179967766e-05 0.9999999993246407 -0.06898115191246909
1.0 0.0 0.0 0.0 0.0 1.0 0.0 0.0 0.0 0.0 1.0 0.0
-0.48861927236446084 -0.8724970946977793 0.00016253602539902538 -5.25320098258509 0.8724970983783172 -0.48861928766060037 -7.10455141430162e-05 -2.5384297638501216 0.00014140524163074289 0.00010709800311726213 0.9999999842672875 0.010722207608638054
0.9593854845301123 -0.2820983722088568 2.168031850609614e-05 -10.383065921073724 0.28209837278621364 0.9593854840995898 -3.115071529697888e-05 -2.1888166899395074 -1.2012216786965748e-05 3.600152666070039e-05 0.9999999992797984 -0.06895554235825238
1.0 0.0 0.0 0.0 0.0 1.0 0.0 0.0 0.0 0.0 1.0 0.0
-0.4886112315152982 -0.8725015955330132 0.00017386618384286414 -5.253156390237386 0.8725016007580925 -0.4886112482239087 -6.91638614807306e-05 -2.5382900164368642 0.00014529855260655614 0.00011790428418614205 0.999999982493455 0.010763806071518688
0.9593892520081024 -0.2820855588758162 2.459780074767445e-05 -10.382989733497098 0.2820855595395845 0.9593892516645628 -2.9828674524628423e-05 -2.188526871053277 -1.5184627328116116e-05 3.555599412792841e-05 0.9999999992525992 -0.06894079192641811
1.0 0.0 0.0 0.0 0.0 1.0 0.0 0.0 0.0 0.0 1.0 0.0
-0.4886162719938079 -0.8724987744375652 0.0001653717624614933 -5.25320243254824 0.8724987785911162 -0.4886162875649103 -6.98805842309405e-05 -2.5383442869957165 0.00014177406074047588 0.00011014187020944235 0.999999983884442 0.010726928853014411
0.9593870779672236 -0.2820929528406397 2.4231390773819552e-05 -10.383040199309127 0.28209295349670443 0.9593870776053858 -3.018778865378135e-05 -2.188609655835826 -1.4731520739749695e-05 3.579727893756966e-05 0.9999999992507685 -0.06895194618713664
1.0 0.0 0.0 0.0 0.0 1.0 0.0 0.0 0.0 0.0 1.0 0.0
-0.4886125681540807 -0.8725008501053156 0.00015750357135546473 -5.253197207725621 0.8725008529939996 -0.48861258293792903 -7.29346855588404e-05 -2.538397484006918 0.00014059380197419368 0.00010178519633883556 0.9999999849365782 0.010742050298314824
0.9593885618034809 -0.28208790614162427 2.6254202976556396e-05 -10.383043640158371 0.282087906870003 0.9593885614748812 -3.0147261491043833e-05 -2.1887660260186834 -1.6683804156439056e-05 3.6328931008406316e-05 0.9999999992009296 -0.06892587414788745
1.0 0.0 0.0 0.0 0.0 1.0 0.0 0.0 0.0 0.0 1.0 0.0
-0.48861359168804075 -0.8725002757818107 0.00016364100176717607 -5.253123638467108 0.8725002789849131 -0.48861360758483047 -7.519432091198153e-05 -2.5383455738487672 0.00014556428595518056 0.0001060358524798786 0.9999999837837183 0.010770770796812495
0.959388164913005 -0.2820892567700446 1.548485830356256e-05 -10.382935406479836 0.28208925712831084 0.9593881644346618 -3.0910965569821995e-05 -2.1885882334574696 -6.136338480742038e-06 3.402372670930489e-05 0.9999999994023655 -0.06900468276771604
1.0 0.0 0.0 0.0 0.0 1.0 0.0 0.0 0.0 0.0 1.0 0.0
-0.48861772232815504 -0.8724979618441668 0.00016734581391104856 -5.2532743949444844 0.8724979660898838 -0.4886177382791017 -7.07674448844836e-05 -2.5383687459058457 0.00014351258453031927 0.0001114306545365885 0.9999999834936735 0.01069457474305664
0.9593845934059418 -0.2821014022767651 2.772720733117153e-05 -10.383199607694047 0.2821014030403935 0.9593845931398517 -2.912942003792569e-05 -2.188837704441589 -1.8383605284120883e-05 3.576820088975588e-05 0.9999999991913394 -0.06890559185492096
1.0 0.0 0.0 0.0 0.0 1.0 0.0 0.0 0.0 0.0 1.0 0.0
-0.48861444975542057 -0.8724997928280978 0.00017608274794363025 -5.253158475789627 0.8724997989898103 -0.4886144662230998 -6.450004113338562e-05 -2.538429048955308 0.00014231285042386207 0.00012211651007879598 0.9999999824173053 0.01070957561720567
0.9593874624018698 -0.2820916455901277 2.1779655097119996e-05 -10.383014570299913 0.28209164616348725 0.9593874619947537 -3.05293043909579e-05 -2.1887975705725893 -1.2283066312393301e-05 3.5433290627760035e-05 0.9999999992968039 -0.06897499326322103
1.0 0.0 0.0 0.0 0.0 1.0 0.0 0.0 0.0 0.0 1.0 0.0
-0.48861258639289873 -0.8725008385890919 0.00016455933138845305 -5.25315639970757 0.8725008419512169 -0.4886126023786434 -7.477424263469657e-05 -2.538263243070496 0.0001456463525590359 0.0001070425190980523 0.9999999836645195 0.010768034687927143
0.9593880120319429 -0.28208977613885805 2.3818622545815766e-05 -10.383017822713905 0.2820897767912492 0.9593880116360335 -3.0966461169066356e-05 -2.1884387897288313 -1.4115978825123506e-05 3.642784153807033e-05 0.9999999992368758 -0.0689405113977683
1.0 0.0 0.0 0.0 0.0 1.0 0.0 0.0 0.0 0.0 1.0 0.0
-0.4886158638966407 -0.8724990007044029 0.00017696993684404184 -5.253206121710646 0.872499005863057 -0.48861588141194756 -7.211104652669145e-05 -2.5385228842315684 0.00014938713770874562 0.00011917149266892855 0.9999999817408189 0.01075695314289731
0.9593848268355449 -0.2821006086341494 2.5416018376477974e-05 -10.38311095224339 0.28210060931023795 0.9593848265416551 -2.878246732630199e-05 -2.189078099514319 -1.626419083076074e-05 3.478333670199265e-05 0.9999999992627978 -0.06895499208924692
1.0 0.0 0.0 0.0 0.0 1.0 0.0 0.0 0.0 0.0 1.0 0.0
-0.48860642548679256 -0.8725042854204488 0.0001813724672237644 -5.253090566349229 0.8725042918371646 -0.48860644306203704 -6.72606363497244e-05 -2.5383040227223486 0.00014730494953482033 0.00012538427697101137 0.9999999812900173 0.010736083399303174
0.9593916307413076 -0.2820774685347621 2.4668934710766498e-05 -10.382893970053237 0.2820774692075404 0.959391630383601 -3.0255010826063164e-05 -2.188609918647426 -1.513291262765623e-05 3.5984954845762855e-05 0.999999999238039 -0.06892752403855575
1.0 0.0 0.0 0.0 0.0 1.0 0.0 0.0 0.0 0.0 1.0 0.0
-0.4886144457623361 -0.87249979796814 0.00016105253801635097 -5.253147727586036 0.872499801535037 -0.4886144608159266 -7.073106500799328e-05 -2.538385727062593 0.00014040543895543436 0.00010595808732892353 0.9999999845295979 0.010723880855878663
0.9593885315001458 -0.2820880097246394 1.9889350141534746e-05 -10.382955471144516 0.2820880102227386 0.9593885311001594 -2.969941755368019e-05 -2.188685287621876 -1.0703764829106705e-05 3.410382779927682e-05 0.9999999993611791 -0.06897377696132594
1.0 0.0 0.0 0.0 0.0 1.0 0.0 0.0 0.0 0.0 1.0 0.0
-0.48861389997504273 -0.8725000998417737 0.00018035319231899852 -5.253151882894673 0.8725001060803759 -0.4886139174433004 -6.760506235873008e-05 -2.5383270848397714 0.0001471085034801925 0.00012432540625310966 0.9999999814511406 0.010737907221284742
0.9593871590402925 -0.28209267686730405 2.6952474673771313e-05 -10.383031972386089 0.2820926776105272 0.9593871587455775 -2.9540008340168225e-05 -2.1886762809028575 -1.752483807106617e-05 3.594340042844527e-05 0.999999999200476 -0.06892857074928554
1.0 0.0 0.0 0.0 0.0 1.0 0.0 0.0 0.0 0.0 1.0 0.0
-0.48861609054855 -0.8724988766101085 0.00016239196286666537 -5.253221916580619 0.8724988804927947 -0.48861610565830627 -6.949914386715757e-05 -2.5383654018453967 0.00013998525343557976 0.00010772840582934932 0.9999999843993594 0.010755021560531096
0.9593863824753651 -0.28209531763918294 2.9780566465983258e-05 -10.383101904358567 0.2820953184809945 0.9593863822416224 -2.933323205187984e-05 -2.1887546561931295 -2.0296302509819962e-05 3.654286176632182e-05 0.9999999991263395 -0.06891076661005113
1.0 0.0 0.0 0.0 0.0 1.0 0.0 0.0 0.0 0.0 1.0 0.0
-0.4886124855758541 -0.8725008947955158 0.0001658927637721325 -5.253145927998256 0.8725008987075982 -0.488612501451174 -7.197263390233523e-05 -2.5384277400789585 0.0001438534657599201 0.0001095748579358243 0.9999999836497651 0.010727247802911314
0.9593878259045345 -0.282090409529618 1.8909839059776097e-05 -10.382973656453789 0.2820904100020735 0.9593878254674965 -3.048952932399279e-05 -2.1887375690396524 -9.54106556213287e-06 3.458556750444917e-05 0.9999999993564035 -0.06897660650859302
1.0 0.0 0.0 0.0 0.0 1.0 0.0 0.0 0.0 0.0 1.0 0.0
-0.4886166182723763 -0.8724985807972224 0.00016387464555895752 -5.253178411569487 0.8724985845914974 -0.48861663378141384 -7.12597562390656e-05 -2.5384244537881067 0.0001422459138616853 0.00010816169518819065 0.9999999840335737 0.010719357351730924
0.9593845485467204 -0.2821015553172986 2.230172907867087e-05 -10.383142488192336 0.282101555905736 0.9593845481556924 -3.0259886480530993e-05 -2.188839360808519 -1.2859573235352215e-05 3.5322220002676434e-05 0.9999999992934862 -0.06896917353419774
1.0 0.0 0.0 0.0 0.0 1.0 0.0 0.0 0.0 0.0 1.0 0.0
-0.4886075603524096 -0.8725036514821705 0.00017354177093148357 -5.2530237137238 0.8725036568349581 -0.48860757687870204 -6.801727247861051e-05 -2.538406842423516 0.00014413914278351558 0.00011818207618373728 0.9999999826284521 0.010654566647441938
0.9593908540317313 -0.2820801108517592 1.619025795361284e-05 -10.382750878021989 0.28208011123339743 0.9593908535614781 -3.08079990813161e-05 -2.188697525715334 -6.842461601519978e-06 3.412386231408255e-05 0.9999999993943712 -0.06899556203930861
1.0 0.0 0.0 0.0 0.0 1.0 0.0 0.0 0.0 0.0 1.0 0.0
-0.4886152448524381 -0.8724993492757562 0.0001673653896657098 -5.253219571179688 0.8724993537425427 -0.4886152606348773 -6.923551006094019e-05 -2.538493859365566 0.0001421852209677149 0.0001121966686212894 0.9999999835976352 0.010725507486749
0.9593869018934847 -0.28209355154974863 2.548079002504891e-05 -10.38312928999745 0.2820935522198188 0.9593869016180934 -2.8277886201206826e-05 -2.1889795358016855 -1.646892684409456e-05 3.431740020620181e-05 0.9999999992755452 -0.06893290640895468
1.0 0.0 0.0 0.0 0.0 1.0 0.0 0.0 0.0 0.0 1.0 0.0
-0.48861393545560095 -0.8725000814517634 0.00017304697529156972 -5.2531444869422455 0.8725000866715376 -0.4886139519714935 -6.853435642449291e-05 -2.53828020262144 0.00014434939803655036 0.00011749665933366675 0.999999982678893 0.01069436947606832
0.9593875804296245 -0.28209124354813936 2.882454089125385e-05 -10.383006864488774 0.2820912443500656 0.9593875801863773 -2.907161444079659e-05 -2.1885585500196925 -1.945305866608501e-05 3.6022096445374156e-05 0.9999999991619934 -0.06892667237398534
