1.0 0.0 0.0 0.0 0.0 1.0 0.0 0.0 0.0 0.0 1.0 0.0
-0.4886189957310328 -0.8724972512607733 0.00015347049600317124 -5.253231079522921 0.8724972537479393 -0.48861900995043095 -7.292026368588259e-05 -2.538421029038055 0.00013861133144081684 9.82723602834639e-05 0.999999985564721 0.010722820924850014
0.9593856291225235 -0.2820978804978884 2.1255096493536525e-05 -10.383089520921288 0.28209788107828493 0.9593856286279491 -3.2761206907219175e-05 -2.1888321690735566 -1.1149967079930553e-05 3.7426648782439756e-05 0.9999999992374623 -0.06894445174244998
1.0 0.0 0.0 0.0 0.0 1.0 0.0 0.0 0.0 0.0 1.0 0.0
-0.4886214436086387 -0.8724958783595728 0.00016459455518742132 -5.253280097728099 0.8724958823992871 -0.48862145909169125 -7.008134804724622e-05 -2.538423248816123 0.00014157011903533065 0.00010936482221347697 0.9999999839986183 0.010722730729197792
0.9593836406083359 -0.28210464223019105 3.106879199269164e-05 -10.38322274028125 0.2821046430843839 0.9593836404595334 -2.7728039171252416e-05 -2.188821315932504 -2.1984682196500633e-05 3.536647764321534e-05 0.9999999991329431 -0.06891897621145193
1.0 0.0 0.0 0.0 0.0 1.0 0.0 0.0 0.0 0.0 1.0 0.0
-0.48862253947479556 -0.8724952636635294 0.00016971125733376537 -5.253306189229328 0.872495268144203 -0.48862255579088054 -7.098143475497225e-05 -2.538426150531368 0.00014485571393665976 0.00011338914006896522 0.9999999830798624 0.010708048683635946
0.9593822457271843 -0.2821093865743491 2.4292163525432386e-05 -10.3832747384037 0.28210938722934537 0.959382245374035 -2.9969275975444534e-05 -2.188876531447832 -1.4850856326509034e-05 3.5605038654776444e-05 0.9999999992558669 -0.06894824053519236
1.0 0.0 0.0 0.0 0.0 1.0 0.0 0.0 0.0 0.0 1.0 0.0
-0.4886179709622633 -0.8724978212201981 0.0001744096558807934 -5.253132462773316 0.8724978264796771 -0.4886179877740618 -6.936761259984298e-05 -2.538590348583604 0.00014574278596145166 0.00011827778355403224 0.999999982384703 0.010711660468095657
0.9593857748150414 -0.2820973843422792 2.880602135507527e-05 -10.382953942922247 0.2820973851397357 0.9593857745784437 -2.8876332817514392e-05 -2.189094422833115 -1.9490149153045632e-05 3.58296462344915e-05 0.9999999991681852 -0.06890358898662771
1.0 0.0 0.0 0.0 0.0 1.0 0.0 0.0 0.0 0.0 1.0 0.0
-0.4886203537249212 -0.8724964888645529 0.00016384370434096863 -5.253272209610178 0.8724964924253258 -0.48862036940301146 -7.286952425767857e-05 -2.5384041943683116 0.00014363577539949846 0.00010734752462492636 0.9999999839226366 0.010748313156063997
0.959383330675408 -0.28210569660730644 2.7638126400474548e-05 -10.383258431515038 0.28210569737731034 0.9593833303887943 -2.9654117238420284e-05 -2.18885137491937 -1.8149962350991317e-05 3.6246538686846084e-05 0.9999999991783836 -0.06893651918675031
1.0 0.0 0.0 0.0 0.0 1.0 0.0 0.0 0.0 0.0 1.0 0.0
-0.4886199301369512 -0.8724967270713256 0.00015850168723183174 -5.253235279352992 0.8724967301825522 -0.4886199449732037 -7.207730300851516e-05 -2.5385231885979778 0.00014033429666444343 0.00010307379707771269 0.9999999848410386 0.010694854136599853
0.9593844277964055 -0.28210196563547685 2.619855473832757e-05 -10.383147694459602 0.28210196636279383 0.9593844274647608 -3.0205270773910383e-05 -2.1889216693203153 -1.661351918016448e-05 3.636913022540914e-05 0.9999999992006389 -0.06890617224642295
1.0 0.0 0.0 0.0 0.0 1.0 0.0 0.0 0.0 0.0 1.0 0.0
-0.48861540395178776 -0.8724992616020599 0.00015976511551000393 -5.253149169484464 0.8724992646846499 -0.4886154190829814 -7.320593221132644e-05 -2.5383101975855205 0.0001419358206690266 0.00010362539966561672 0.9999999845579997 0.010718968188462278
0.9593874850463607 -0.2820915683958507 2.4008097656470192e-05 -10.38296894731522 0.2820915690577346 0.9593874846465165 -3.114765019728799e-05 -2.1885686056930496 -1.4246578925773892e-05 3.665514772587721e-05 0.9999999992267176 -0.06893766054873382
1.0 0.0 0.0 0.0 0.0 1.0 0.0 0.0 0.0 0.0 1.0 0.0
-0.4886176531081302 -0.8724979998818069 0.0001710945636868595 -5.253181738333367 0.8724980044602617 -0.48861766967218156 -7.139319523131355e-05 -2.5384560800898477 0.0001458902470467399 0.00011439568988895817 0.9999999828148308 0.010728610832572802
0.9593855848189218 -0.28209803116566096 2.130993128083347e-05 -10.383039461134208 0.28209803173030407 0.9593855843821628 -3.1202316387149664e-05 -2.1888306035722405 -1.164232885439091e-05 3.594654222542557e-05 0.9999999992861512 -0.06894065000632212
1.0 0.0 0.0 0.0 0.0 1.0 0.0 0.0 0.0 0.0 1.0 0.0
-0.4886140575323703 -0.8725000161666635 0.0001567511561734596 -5.253116508670404 0.8725000191171991 -0.48861407211035307 -7.194598914892964e-05 -2.53831276636528 0.00013936369742148882 0.00010161156507675224 0.9999999851264246 0.010698257898473652
0.9593878524406232 -0.2820903187796411 2.530159673186772e-05 -10.382924517773729 0.2820903194791053 0.9593878520837382 -3.0501290833246203e-05 -2.1886153113848827 -1.5669925688518818e-05 3.639990341459236e-05 0.9999999992147502 -0.06893933151284717
1.0 0.0 0.0 0.0 0.0 1.0 0.0 0.0 0.0 0.0 1.0 0.0
-0.488615598763165 -0.872499151512665 0.000165090861243466 -5.253190917239267 0.8724991556762011 -0.48861561426269234 -6.959171408896506e-05 -2.5384849528425306 0.00014138468407057394 0.00011003803999625779 0.9999999839510003 0.010684151380231311
0.959386614542291 -0.2820945281836048 3.1716733338621354e-05 -10.383069107983818 0.2820945290811948 0.9593866143752529 -2.863649521001501e-05 -2.188888464648919 -2.2350410811667966e-05 3.6420587147047494e-05 0.9999999990869999 -0.0688778234608649
1.0 0.0 0.0 0.0 0.0 1.0 0.0 0.0 0.0 0.0 1.0 0.0
-0.4886156596607199 -0.8724991175584073 0.0001642988725156123 -5.253143858497308 0.8724991219893146 -0.48861567476996265 -6.705944134017569e-05 -2.538490169071924 0.00013878830785142587 0.00011058432884680302 0.9999999842544557 0.010674086491175844
0.9593870293577753 -0.2820931182233438 2.347536477042619e-05 -10.382933920474951 0.2820931188522899 0.9593870289854194 -3.0178092535907988e-05 -2.1888343076353145 -1.400892823597593e-05 3.557470941400133e-05 0.9999999992690949 -0.06893992411680192
1.0 0.0 0.0 0.0 0.0 1.0 0.0 0.0 0.0 0.0 1.0 0.0
-0.4886118056488697 -0.8725012743072067 0.00017237415848790676 -5.253086900069611 0.8725012792282091 -0.48861182224490796 -7.005461229166074e-05 -2.5384585454885933 0.00014534679018228687 0.00011616716318073565 0.9999999826897502 0.010756931617050922
0.9593887888343929 -0.2820871344085403 2.1448884901485565e-05 -10.382872594061077 0.28208713496119747 0.9593887884493498 -2.978377661157657e-05 -2.1887672537992984 -1.2176199502985262e-05 3.462467586025874e-05 0.9999999993264358 -0.06896031625633553
1.0 0.0 0.0 0.0 0.0 1.0 0.0 0.0 0.0 0.0 1.0 0.0
-0.48861812984579645 -0.8724977341035148 0.00016483394356555888 -5.2532769228703415 0.8724977379116746 -0.48861814556021926 -7.189090889186552e-05 -2.538416551074782 0.0001432655109411852 0.00010869004143635786 0.9999999838307341 0.010721026065203991
0.9593850930439941 -0.2820997030671285 2.7828126925669704e-05 -10.383217655490466 0.2820997038355936 0.9593850927773881 -2.919575800606355e-05 -2.188848470259373 -1.846177546806705e-05 3.5860281375167454e-05 0.9999999991866012 -0.0689205808525311
1.0 0.0 0.0 0.0 0.0 1.0 0.0 0.0 0.0 0.0 1.0 0.0
-0.48861431929440635 -0.872499867986081 0.00016536243251795652 -5.253189686556838 0.8724998722106683 -0.48861433480806915 -6.937171096039509e-05 -2.538395339203813 0.00014132526362192353 0.0001103826899111761 0.9999999839214154 0.010681156820792341
0.9593888619219975 -0.2820868856274644 2.4021077278607612e-05 -10.38300011171362 0.28208688628530115 0.9593888615338902 -3.083130873714756e-05 -2.1887966179378147 -1.4348446121662082e-05 3.635524509563954e-05 0.9999999992362092 -0.06892679484569272
1.0 0.0 0.0 0.0 0.0 1.0 0.0 0.0 0.0 0.0 1.0 0.0
-0.48861732996501933 -0.8724981817691733 0.00016633503092945256 -5.253254465341883 0.8724981859191943 -0.4886173457584052 -7.065215603948853e-05 -2.5382882322940574 0.00014291805900191492 0.000110605144900471 0.9999999836704653 0.010716655897310091
0.9593868826078268 -0.2820936170054463 2.6922502736463683e-05 -10.38313566847896 0.2820936177663579 0.9593868822731417 -3.062202419679975e-05 -2.188587480752709 -1.7190818397620427e-05 3.6973034529559645e-05 0.9999999991687355 -0.06890711473537012
1.0 0.0 0.0 0.0 0.0 1.0 0.0 0.0 0.0 0.0 1.0 0.0
-0.4886202874892497 -0.8724965251399881 0.00016814448850263462 -5.2532277845296855 0.8724965301803598 -0.488620302990855 -6.579025728589716e-05 -2.5384850431057853 0.00013956058178840665 0.0001145590283584678 0.9999999836995366 0.010721266655660932
0.9593839337613266 -0.2821036460485944 2.295060104895949e-05 -10.383110550443039 0.2821036466365358 0.9593839334381755 -2.8549294982565332e-05 -2.1889996440910267 -1.3964577702444097e-05 3.386418317490429e-05 0.9999999993291036 -0.0689510174430583
1.0 0.0 0.0 0.0 0.0 1.0 0.0 0.0 0.0 0.0 1.0 0.0
-0.4886237350681816 -0.8724945956150449 0.00016171134389522806 -5.25328672822386 0.8724945989515932 -0.48862375043907463 -7.285020587623076e-05 -2.5385722072928942 0.00014257741425907777 0.00010549593444206368 0.9999999842711443 0.010723215351479791
0.9593804309661128 -0.28211555782140096 2.672818846857263e-05 -10.383325744168184 0.2821155585573873 0.9593804306657638 -2.958764314896952e-05 -2.1891665297149565 -1.7295366512287794e-05 3.5926243654556866e-05 0.9999999992050875 -0.06892858334750315
1.0 0.0 0.0 0.0 0.0 1.0 0.0 0.0 0.0 0.0 1.0 0.0
-0.4886136431588095 -0.8725002450938827 0.0001732922104726216 -5.253168268283951 0.8725002500031857 -0.48861365998332146 -7.086665098999953e-05 -2.5384453721745857 0.00014650411156337873 0.00011657108444228126 0.9999999824738636 0.010708348158678245
0.9593870634730497 -0.28209300245781466 2.0121982491479493e-05 -10.383068017793263 0.28209300298182693 0.9593870630167673 -3.1380832698400576e-05 -2.1888097679941723 -1.0452456369050891e-05 3.578263539882175e-05 0.9999999993051744 -0.06895097254351536
1.0 0.0 0.0 0.0 0.0 1.0 0.0 0.0 0.0 0.0 1.0 0.0
-0.4886176651861362 -0.8724979920530792 0.000176440908409558 -5.253245052193906 0.8724979979234064 -0.48861768198940386 -6.683524659715676e-05 -2.5384413148081 0.00014452576612956748 0.00012128745719467248 0.9999999822008274 0.010690529516978632
0.959384890482962 -0.28210039205420745 2.6755509380511086e-05 -10.383189985525663 0.28210039275506327 0.9593848902547707 -2.7536883542490068e-05 -2.1889026721605624 -1.7900665787440714e-05 3.39662097062581e-05 0.9999999992629311 -0.06894831510663751
1.0 0.0 0.0 0.0 0.0 1.0 0.0 0.0 0.0 0.0 1.0 0.0
-0.488617123910556 -0.8724982991436637 0.00015560459833128442 -5.253192705525311 0.8724983016577709 -0.4886171385584103 -7.423811473041252e-05 -2.5384003576102714 0.00014080370241707112 9.949073367005877e-05 0.9999999851379555 0.010722950009799344
0.9593857124557476 -0.2820975968303387 2.4460675011673523e-05 -10.383100883526092 0.28209759750760083 0.9593857120655406 -3.106340683792384e-05 -2.1887716747445793 -1.4704309695337084e-05 3.6702086354713746e-05 0.9999999992183701 -0.06893635770583824
