1.0 0.0 0.0 0.0 0.0 1.0 0.0 0.0 0.0 0.0 1.0 0.0
-0.48861382082603383 -0.8725001472288293 0.00016487405890559388 -5.2531611090433765 0.8725001514112614 -0.4886138362616577 -6.928918896662254e-05 -2.5383362279446224 0.00014101457399664683 0.0001099969859960125 0.9999999840077765 0.01065625383343631
0.9593883025224229 -0.2820887884180582 2.0784037934756715e-05 -10.382991721124972 0.28208878896418105 0.9593883020785844 -3.123289071678573e-05 -2.1886581103866476 -1.1129514563464317e-05 3.582741409844513e-05 0.9999999992962652 -0.06895201819919687
1.0 0.0 0.0 0.0 0.0 1.0 0.0 0.0 0.0 0.0 1.0 0.0
-0.48861906563915253 -0.8724972097894752 0.00016614301756732124 -5.253206855406893 0.8724972135214438 -0.4886190817075191 -7.340720292404085e-05 -2.53836258970507 0.00014522822840552893 0.00010909116096960104 0.9999999835039399 0.01076012412318572
0.9593860200991723 -0.28209655151992297 7.67050643823719e-06 -10.38307738615525 0.2820965516181774 0.959386019546205 -3.2625471543510734e-05 -2.1886453840895825 1.8445563744394585e-06 3.3464244713387104e-05 0.999999999438371 -0.06904443680031165
1.0 0.0 0.0 0.0 0.0 1.0 0.0 0.0 0.0 0.0 1.0 0.0
-0.48861793380774987 -0.8724978439013329 0.00016476944549946324 -5.253221555812518 0.8724978476892381 -0.488617949522977 -7.198339364433976e-05 -2.538303235925312 0.00014331466435536788 0.00010858860949227734 0.9999999838347102 0.01072295369296503
0.9593855479386273 -0.2820981560870451 2.7180651485298177e-05 -10.383069373211333 0.28209815686515355 0.9593855475920194 -3.106193221104032e-05 -2.1886811390340384 -1.7314210407904723e-05 3.7467980540719826e-05 0.9999999991481843 -0.06892619122620838
1.0 0.0 0.0 0.0 0.0 1.0 0.0 0.0 0.0 0.0 1.0 0.0
-0.48861925273662726 -0.8724971035051282 0.0001738685181250069 -5.253170958143663 0.8724971088293209 -0.4886192693650188 -6.848117529972787e-05 -2.5382513531780795 0.00014470513538545907 0.00011823855867902454 0.9999999825400334 0.010743568513809981
0.9593867508041605 -0.28209406567275525 2.221827210624591e-05 -10.382981266048766 0.28209406626425876 0.9593867503952751 -3.073256928722134e-05 -2.1884730738535687 -1.2646440456599545e-05 3.5752062516146305e-05 0.9999999992809286 -0.06894139066642951
1.0 0.0 0.0 0.0 0.0 1.0 0.0 0.0 0.0 0.0 1.0 0.0
-0.4886120423070343 -0.8725011388273822 0.00018670155137922556 -5.253076850305678 0.8725011462993195 -0.48861206034523635 -6.474222246073442e-05 -2.538292134329314 0.00014771229251626597 0.0001312634880542123 0.9999999804754873 0.010722780854460212
0.9593883056359729 -0.28208877754416406 2.4342884627005328e-05 -10.382907675621945 0.28208877816549977 0.9593883053639615 -2.7639845957859266e-05 -2.1885286939336144 -1.555738847221899e-05 3.338419956300577e-05 0.9999999993217314 -0.06895561190154287
1.0 0.0 0.0 0.0 0.0 1.0 0.0 0.0 0.0 0.0 1.0 0.0
-0.4886192156956453 -0.8724971259681541 0.00016501600826189524 -5.25320451213951 0.8724971299046739 -0.4886192313533914 -7.113176119196228e-05 -2.538388771827236 0.00014269225232296995 0.00010921964823216314 0.9999999838549943 0.010690346370187708
0.9593844187125894 -0.2821019972285588 1.706354686208445e-05 -10.383087920192363 0.2821019976496881 0.9593844182039108 -3.208736692105078e-05 -2.1888051549385636 -7.318590684550756e-06 3.559778051835262e-05 0.9999999993396183 -0.06898722816618591
1.0 0.0 0.0 0.0 0.0 1.0 0.0 0.0 0.0 0.0 1.0 0.0
-0.48861507536207327 -0.8724994438464461 0.00016916429057159814 -5.253125745522721 0.8724994480389939 -0.4886150917743249 -7.253976791334618e-05 -2.5383576946342608 0.0001459471325237344 0.00011215172598591572 0.9999999830607122 0.010756110712010518
0.9593872664741064 -0.28209231169590876 2.4686043955778847e-05 -10.382936937770916 0.2820923123638172 0.9593872661295627 -2.989444484859206e-05 -2.188695846771928 -1.5250483168089783e-05 3.564409294866133e-05 0.9999999992484608 -0.06894052835739942
1.0 0.0 0.0 0.0 0.0 1.0 0.0 0.0 0.0 0.0 1.0 0.0
-0.4886198577040142 -0.8724967660759891 0.00016686596441412368 -5.25325880150821 0.8724967703848101 -0.48861987349550245 -6.995223181577828e-05 -2.5383614981095697 0.00014256712246180021 0.00011140996548255496 0.9999999836312176 0.010684645583654527
0.9593836212047183 -0.28210470853949726 2.7999396394614518e-05 -10.383197803847878 0.2821047093183418 0.9593836209330813 -2.9423520360968246e-05 -2.188872060612063 -1.856164866138592e-05 3.6127205093496183e-05 0.9999999991751453 -0.06890029603318783
1.0 0.0 0.0 0.0 0.0 1.0 0.0 0.0 0.0 0.0 1.0 0.0
-0.4886152373360724 -0.8724993546011109 0.00016144243018647203 -5.253216498334148 0.87249935796562 -0.4886152526270285 -7.245554166585344e-05 -2.538332041431911 0.00014210064715101825 0.00010545553499873458 0.999999984343268 0.010736618765580908
0.9593866730849506 -0.2820943297007141 2.5645576200490444e-05 -10.383120872475441 0.2820943304105482 0.9593866727384359 -3.0366057740882388e-05 -2.188635116365397 -1.6037931317367944e-05 3.636726275699757e-05 0.9999999992101034 -0.06894178505759838
1.0 0.0 0.0 0.0 0.0 1.0 0.0 0.0 0.0 0.0 1.0 0.0
-0.4886178803546808 -0.8724978740861227 0.00016344079788589038 -5.253180654698446 0.8724978779432626 -0.4886178957184423 -7.04853482331587e-05 -2.5382908048491863 0.00014135841522521024 0.0001081613478750621 0.9999999841594606 0.010695095078939627
0.9593865159621737 -0.2820948640155805 2.6191488743695502e-05 -10.382991918393973 0.28209486471803247 0.9593865156826211 -2.874153664795242e-05 -2.188592699656869 -1.7019921254034058e-05 3.4962727181982864e-05 0.9999999992439651 -0.06894118530614704
1.0 0.0 0.0 0.0 0.0 1.0 0.0 0.0 0.0 0.0 1.0 0.0
-0.4886139013972639 -0.8725001012603902 0.0001692984131301173 -5.253198832900595 0.872500105942027 -0.48861391745838706 -6.92612438530011e-05 -2.5383021491172713 0.00014315200313416498 0.00011387087681721061 0.9999999832704634 0.01072305936830336
0.9593871484700534 -0.2820927119763024 3.464615415081683e-05 -10.383125953495812 0.2820927129721779 0.9593871483867412 -2.8255133781508047e-05 -2.1885621265807025 -2.5268507717626482e-05 3.688103984673948e-05 0.9999999990006458 -0.06889416073493033
1.0 0.0 0.0 0.0 0.0 1.0 0.0 0.0 0.0 0.0 1.0 0.0
-0.4886176067911156 -0.8724980280009693 0.00015958741389257875 -5.253220531654006 0.8724980311854286 -0.4886176218089384 -7.235556548520476e-05 -2.5384969270484206 0.00014110731084756683 0.00010388550117783984 0.9999999846482646 0.010703117623996372
0.9593863943920923 -0.2820952781745114 1.694068906877306e-05 -10.383050705117155 0.28209527859251016 0.9593863938763781 -3.225978914142142e-05 -2.1889665376375724 -7.152332403760127e-06 3.572849119063602e-05 0.9999999993361595 -0.06898433316014056
1.0 0.0 0.0 0.0 0.0 1.0 0.0 0.0 0.0 0.0 1.0 0.0
-0.4886087098324043 -0.8725030078771204 0.00017297771747230384 -5.2530405745593045 0.8725030132315275 -0.48860872622158186 -6.754278563920534e-05 -2.5382719991590506 0.00014344970582945868 0.00011792158636682924 0.9999999827583403 0.010679477274424896
0.9593900554252222 -0.2820828265177104 2.312940215336654e-05 -10.382810358176023 0.28208282713549715 0.9593900550451538 -3.026058028362423e-05 -2.1884242488671433 -1.3654128386605077e-05 3.5556106944882525e-05 0.9999999992746641 -0.0689583273619315
1.0 0.0 0.0 0.0 0.0 1.0 0.0 0.0 0.0 0.0 1.0 0.0
-0.4886138636095458 -0.8725001201979157 0.0001803972687925533 -5.253159387137984 0.8725001258774959 -0.4886138815526178 -7.139914611016467e-05 -2.538325740726421 0.00015044037328936863 0.0001225100270901497 0.9999999811794934 0.010738161444617157
0.9593874487683683 -0.28209169223139996 1.788144729129527e-05 -10.382995274913279 0.28209169269786977 0.9593874481900048 -3.415143886938823e-05 -2.1886283208576636 -7.521398903949005e-06 3.780866954296377e-05 0.9999999992569667 -0.06897173071655469
1.0 0.0 0.0 0.0 0.0 1.0 0.0 0.0 0.0 0.0 1.0 0.0
-0.48861276772065393 -0.8725007392411537 0.00015245983731122589 -5.253191446464153 0.8725007417311474 -0.4886127817282534 -7.21829337500867e-05 -2.53842506118232 0.00013747348826801761 9.77518180964364e-05 0.9999999857728108 0.010690262618279519
0.959388125030813 -0.282089392570054 1.2219547895530746e-05 -10.383029142959034 0.28208939281960393 0.959388124527696 -3.1207306744462006e-05 -2.1887819775735764 -2.920038934811775e-06 3.338692435121977e-05 0.9999999994383933 -0.0690230113994272
1.0 0.0 0.0 0.0 0.0 1.0 0.0 0.0 0.0 0.0 1.0 0.0
-0.4886201989473816 -0.8724965754329667 0.00016443347201469048 -5.2533011193726535 0.8724965795007308 -0.48862021437234343 -6.97585120737926e-05 -2.5384965380279247 0.00014120958123749552 0.00010938222384047585 0.9999999840476915 0.010729798022844628
0.95938302195267 -0.2821067470533333 2.1352958364083013e-05 -10.383280238042932 0.2821067476141013 0.9593830215328873 -3.074116690403753e-05 -2.1890604627669 -1.1813375118081559e-05 3.551636723878551e-05 0.999999999299516 -0.06895193848929951
1.0 0.0 0.0 0.0 0.0 1.0 0.0 0.0 0.0 0.0 1.0 0.0
-0.4886142613462793 -0.8724999014371133 0.00016000392754673617 -5.2531334258241635 0.8724999044271777 -0.48861427659675005 -7.40297219450775e-05 -2.5384278130836826 0.00014277112841139171 0.00010343143358664537 0.9999999844591716 0.010726872729164156
0.959389068854004 -0.28208618237455485 1.663720175632058e-05 -10.382911262891914 0.2820861827946332 0.9593890682644763 -3.421947296680553e-05 -2.1887274844932953 -6.308708999456143e-06 3.7522913042131326e-05 0.9999999992761158 -0.06896018820581908
1.0 0.0 0.0 0.0 0.0 1.0 0.0 0.0 0.0 0.0 1.0 0.0
-0.4886164739993858 -0.8724986598897064 0.00017270516414523508 -5.253176403274046 0.8724986651200782 -0.48861649042465033 -6.818195518218042e-05 -2.5384182443932595 0.00014387525570796705 0.0001173701986445693 0.9999999827620735 0.010772216636309312
0.9593853544212322 -0.28209881414494986 2.792954897457207e-05 -10.38308629333299 0.2820988148765694 0.959385354231325 -2.704940835978687e-05 -2.1888621498542626 -1.9164594214878692e-05 3.382969889190001e-05 0.9999999992441347 -0.06894878526888319
1.0 0.0 0.0 0.0 0.0 1.0 0.0 0.0 0.0 0.0 1.0 0.0
-0.48861682567239284 -0.8724984629996196 0.00017243298803447008 -5.253170430594559 0.8724984681523401 -0.4886168420957232 -6.849979640722658e-05 -2.538357780255353 0.00014401962916763206 0.00011697736483931107 0.9999999827873209 0.010738606819483331
0.9593857534052639 -0.2820974570530966 2.9785732715489526e-05 -10.383028866242956 0.28209745786405 0.9593857532258317 -2.7819839635394112e-05 -2.1887414209541234 -2.072810159986743e-05 3.509243728787992e-05 0.9999999991694334 -0.0689221488164275
1.0 0.0 0.0 0.0 0.0 1.0 0.0 0.0 0.0 0.0 1.0 0.0
-0.4886147869278977 -0.8724996037779527 0.00017720812829127847 -5.253207713169744 0.8724996095010336 -0.488614804043018 -6.848756684420089e-05 -2.538390296282927 0.00014634188981515317 0.00012114998485374703 0.9999999819533659 0.01073332565953453
0.9593868279298468 -0.2820938026600075 2.9925288825696997e-05 -10.383098209291356 0.2820938034956517 0.9593868277193386 -2.8774639336722706e-05 -2.188792081737592 -2.0592780484420313e-05 3.604774850363358e-05 0.9999999991382486 -0.06889693523440946
