1.0 0.0 0.0 0.0 0.0 1.0 0.0 0.0 0.0 0.0 1.0 0.0
-0.4886115167631422 -0.8725014377758941 0.00016360140067855282 -5.2531663621067715 0.8725014410401294 -0.4886115326064929 -7.474510467416008e-05 -2.538377810218325 0.00014515274241703896 0.00010622113888278121 0.9999999838238754 0.01072813063542429
0.9593856210908689 -0.2820979079237528 1.9726353352991893e-05 -10.383099552483971 0.2820979084400711 0.9593856206072986 -3.202632175364568e-05 -2.1889863849696845 -9.890621388687498e-06 3.6290355608907975e-05 0.9999999992925929 -0.06895243350803149
1.0 0.0 0.0 0.0 0.0 1.0 0.0 0.0 0.0 0.0 1.0 0.0
-0.4886103216128268 -0.8725021081726457 0.00015763152672681937 -5.2531509980674445 0.872502110980057 -0.4886103364827558 -7.360401957484966e-05 -2.538371426770734 0.00014124005556332295 0.00010157015614970267 0.9999999848673747 0.010714032543695979
0.9593885650259345 -0.2820878956393941 2.076576457164583e-05 -10.382984380055776 0.28208789616246777 0.9593885646504744 -2.926662977906277e-05 -2.1888539494950017 -1.166667505942221e-05 3.3935840787096534e-05 0.9999999993561237 -0.0689787387857435
1.0 0.0 0.0 0.0 0.0 1.0 0.0 0.0 0.0 0.0 1.0 0.0
-0.4886140808771962 -0.8725000017444137 0.00016408695761013973 -5.2531300201988 0.872500005314191 -0.4886140966031115 -7.298945435900584e-05 -2.5383781608926483 0.00014385849961260171 0.00010750219623150026 0.9999999838740048 0.01073093748311684
0.9593867350178974 -0.2820941197350004 1.68116801745892e-05 -10.382977770246521 0.28209412016014856 0.9593867344379837 -3.3992538490928506e-05 -2.1887954618803995 -6.539807719972318e-06 3.7354466645051134e-05 0.9999999992809371 -0.06895213594082436
1.0 0.0 0.0 0.0 0.0 1.0 0.0 0.0 0.0 0.0 1.0 0.0
-0.4885981164479713 -0.8725089407817396 0.00016988061075835344 -5.252990673488081 0.8725089451412075 -0.4885981328982812 -7.195061508870336e-05 -2.538201633995854 0.00014578090419179279 0.00011306741748310396 0.9999999829818436 0.010768427149221825
0.959390027769177 -0.28208292087454395 1.9181885124568567e-05 -10.382871792821884 0.2820829213733597 0.9593900272718023 -3.226271775149357e-05 -2.1887702369484074 -9.302147634076105e-06 3.636341187289239e-05 0.9999999992955864 -0.06897417317310303
1.0 0.0 0.0 0.0 0.0 1.0 0.0 0.0 0.0 0.0 1.0 0.0
-0.4886125545851815 -0.8725008531720274 0.00018087516954478294 -5.253100734506502 0.8725008587852632 -0.48861257270178166 -7.222689343017176e-05 -2.5384337002569914 0.00015139590806894458 0.00012252277385209882 0.9999999810337244 0.010749421970885999
0.9593862788484571 -0.2820956701437432 2.904244865864173e-05 -10.38295760498324 0.28209567093278576 0.9593862786467168 -2.80247332440598e-05 -2.1889875174131905 -1.9957270836319685e-05 3.507929358262794e-05 0.9999999991855754 -0.068900244139017
1.0 0.0 0.0 0.0 0.0 1.0 0.0 0.0 0.0 0.0 1.0 0.0
-0.4886117097921962 -0.8725013275591322 0.0001745322276341463 -5.253127948390542 0.8725013329423451 -0.4886117265328953 -6.861759146520916e-05 -2.5384196338449847 0.00014514743272726034 0.00011875224256455459 0.9999999824150637 0.01073628831507426
0.9593884642509778 -0.2820882379497828 2.5933308128265142e-05 -10.382932830911539 0.2820882386721156 0.9593884639045955 -3.0490060743015894e-05 -2.1889307057241183 -1.627922913917497e-05 3.656729376400706e-05 0.9999999991989099 -0.0689164574234305
1.0 0.0 0.0 0.0 0.0 1.0 0.0 0.0 0.0 0.0 1.0 0.0
-0.4886001285683109 -0.8725078164429253 0.0001568726511772387 -5.253000831998848 0.8725078194487659 -0.4886001431319611 -7.16392824512191e-05 -2.5382415043367246 0.00013915383372175395 0.00010186965219360072 0.9999999851293925 0.010717320456382568
0.9593904327375453 -0.28208154284018366 2.757837799717996e-05 -10.382834287829608 0.28208154360810117 0.9593904324497246 -2.9658073531962216e-05 -2.188807120517712 -1.8092436853407986e-05 3.6233023435646216e-05 0.9999999991799159 -0.06892320805171409
1.0 0.0 0.0 0.0 0.0 1.0 0.0 0.0 0.0 0.0 1.0 0.0
-0.48860816448468103 -0.8725033139835953 0.00016937105501000068 -5.253072774962501 0.8725033193914974 -0.48860817996960454 -6.416858853979688e-05 -2.538292551935676 0.0001387433890825982 0.00011642351144106205 0.9999999835979189 0.01061320497995458
0.9593881352747933 -0.2820893568573989 2.5332487758452803e-05 -10.382905106207554 0.2820893575405832 0.9593881349577847 -2.9403499391602154e-05 -2.1887939640196024 -1.6009273951681166e-05 3.53553936485407e-05 0.9999999992468497 -0.06891064386372038
1.0 0.0 0.0 0.0 0.0 1.0 0.0 0.0 0.0 0.0 1.0 0.0
-0.4886054155283544 -0.8725048558402158 0.00015637009857522984 -5.2530651565196935 0.8725048587683185 -0.48860543004152956 -7.183041486511045e-05 -2.538352434516746 0.0001390756650268124 0.00010133694107022895 0.9999999851943916 0.010742047164130237
0.9593897362041429 -0.2820839119717725 2.5939276231833086e-05 -10.382904767314109 0.2820839126549308 0.9593897359418472 -2.811970443058961e-05 -2.188897804445652 -1.6953759145325803e-05 3.429480834671544e-05 0.9999999992682181 -0.06895343480969585
1.0 0.0 0.0 0.0 0.0 1.0 0.0 0.0 0.0 0.0 1.0 0.0
-0.4886258927354926 -0.872493384133426 0.00017774094790165606 -5.253247587604651 0.8724933900285493 -0.48862590983915516 -6.775209895074117e-05 -2.5384396876812954 0.00014596209047980333 0.00012197237234709748 0.999999981908904 0.010727085348632903
0.9593835826894458 -0.28210484004885883 2.2067424407683524e-05 -10.3830198961846 0.28210484061908186 0.959383582322648 -2.947957057885771e-05 -2.1888960313247274 -1.285479513801367e-05 3.450754328348916e-05 0.9999999993219918 -0.06895795358868166
1.0 0.0 0.0 0.0 0.0 1.0 0.0 0.0 0.0 0.0 1.0 0.0
-0.48860716884406347 -0.8725038718371418 0.00016787907520293617 -5.253079557277824 0.872503876358484 -0.4886071847022049 -6.925895564311605e-05 -2.5382721721192922 0.00014245562926333894 0.00011263472164016485 0.9999999835099064 0.010714572296651941
0.959390197679819 -0.2820823428928574 2.0590166063880872e-05 -10.38286230690536 0.2820823434472449 0.9593901971822658 -3.264787685893636e-05 -2.188732556697122 -1.0544613885184907e-05 3.7130175328783805e-05 0.9999999992550807 -0.06895790488551226
1.0 0.0 0.0 0.0 0.0 1.0 0.0 0.0 0.0 0.0 1.0 0.0
-0.4886235946351966 -0.8724946747114369 0.00015926695606717584 -5.253180870250281 0.8724946781998577 -0.48862360935662585 -6.994447660105596e-05 -2.538514609754124 0.00013884777828469046 0.00010478305000001943 0.9999999848709036 0.010663014718069809
0.9593851797010913 -0.28209940884589235 2.233166795529162e-05 -10.382939092751752 0.2820994094409695 0.9593851792949883 -3.069496221489417e-05 -2.1889141178951377 -1.2765640569863705e-05 3.574804218246621e-05 0.9999999992795581 -0.06895242371177644
1.0 0.0 0.0 0.0 0.0 1.0 0.0 0.0 0.0 0.0 1.0 0.0
-0.4885947843248224 -0.8725108072461705 0.00016723999581542826 -5.25297018189248 0.8725108113715812 -0.48859480034469077 -7.152507978038074e-05 -2.538049959878345 0.00014411899746261624 0.00011097192351359416 0.9999999834574733 0.010724389822539425
0.9593903882610346 -0.28208169448129145 2.3471361989673848e-05 -10.382855788768644 0.28208169511980163 0.9593903878635781 -3.087575848679436e-05 -2.1886562067721975 -1.3808712810606268e-05 3.624274749930852e-05 0.9999999992478912 -0.06892871225907378
1.0 0.0 0.0 0.0 0.0 1.0 0.0 0.0 0.0 0.0 1.0 0.0
-0.4886229584228447 -0.8724950301024798 0.0001641602277189962 -5.253198433195322 0.8724950334525391 -0.4886229743279405 -7.45625268389742e-05 -2.5385598734043917 0.00014526789283328756 0.0001067960209237136 0.9999999837459246 0.010739663320605447
0.9593861786605297 -0.2820960114338531 2.298385393992648e-05 -10.382958591499571 0.2820960120572036 0.9593861782497013 -3.106210132970105e-05 -2.1890173756465927 -1.3287896901014819e-05 3.6284204234027985e-05 0.9999999992534441 -0.06893782150763914
1.0 0.0 0.0 0.0 0.0 1.0 0.0 0.0 0.0 0.0 1.0 0.0
-0.48860268048044286 -0.8725063874330332 0.00015657548936603798 -5.253118471592605 0.8725063898771989 -0.48860269538316486 -7.541725778156111e-05 -2.5382071037208824 0.0001423052452722862 9.976404066345839e-05 0.9999999848981767 0.01075278155484969
0.9593879248417136 -0.28209007265695785 2.400629131545889e-05 -10.38310767484863 0.28209007335439035 0.9593879243446581 -3.371294002363229e-05 -2.1888649781515888 -1.3521260295612035e-05 3.911572404773704e-05 0.9999999991435679 -0.06890118742770034
1.0 0.0 0.0 0.0 0.0 1.0 0.0 0.0 0.0 0.0 1.0 0.0
-0.4886095403058043 -0.8725025405938136 0.00018379197776713773 -5.2531182185712675 0.8725025472670809 -0.48860955828117647 -6.759237279427456e-05 -2.538324332067651 0.00014877703406019504 0.00012733269056989393 0.9999999808258898 0.010719904781612319
0.9593878797155052 -0.2820902263578771 2.1174244294020005e-05 -10.382974678779677 0.2820902269394704 0.9593878792056506 -3.314395818050295e-05 -2.188820001616538 -1.0964726661486241e-05 3.7770959142346966e-05 0.9999999992265645 -0.06891210895263042
1.0 0.0 0.0 0.0 0.0 1.0 0.0 0.0 0.0 0.0 1.0 0.0
-0.488606739803538 -0.8725041115191317 0.00017088232547432546 -5.253056829159942 0.8725041167770778 -0.4886067557713441 -6.64955156392809e-05 -2.5381820060373244 0.0001415118694615235 0.00011660537535270986 0.9999999831887885 0.010689333448752246
0.9593878365129507 -0.28209037338412174 1.987477084503393e-05 -10.382902858615175 0.2820903739174013 0.959387835987612 -3.319861438200985e-05 -2.188683434826469 -9.702603864914942e-06 3.745682836638133e-05 0.9999999992514227 -0.06894333695250504
1.0 0.0 0.0 0.0 0.0 1.0 0.0 0.0 0.0 0.0 1.0 0.0
-0.48861246995923713 -0.8725009044664598 0.00016095199355812512 -5.253072480034781 0.8725009077988654 -0.4886124851661305 -7.231829342908597e-05 -2.538399042216305 0.0001417409299912133 0.00010509514051585799 0.99999998443226 0.010716200254479127
0.9593884055654639 -0.2820884378846276 2.1871633603548013e-05 -10.382826738970149 0.2820884384670478 0.959388405142663 -3.1000643075533506e-05 -2.1887932108893153 -1.2238468702171295e-05 3.591139250168451e-05 0.9999999992802959 -0.06895613544402969
1.0 0.0 0.0 0.0 0.0 1.0 0.0 0.0 0.0 0.0 1.0 0.0
-0.4886108725368895 -0.8725017988428914 0.00016203288841827555 -5.253145250793259 0.8725018023224137 -0.4886108878726553 -7.208629879110372e-05 -2.538320016396007 0.0001420664588417941 0.00010615183783019122 0.9999999842744541 0.010733036094433775
0.9593888034558553 -0.2820870842518257 2.6492370738568476e-05 -10.38292035333949 0.2820870849922414 0.9593888031239615 -3.0347202991480232e-05 -2.188769401957053 -1.6855929847717206e-05 3.658792240240345e-05 0.9999999991886006 -0.06891630985487844
1.0 0.0 0.0 0.0 0.0 1.0 0.0 0.0 0.0 0.0 1.0 0.0
-0.48860375932373024 -0.8725057812874206 0.0001673163023644928 -5.253086964154525 0.872505785220384 -0.4886037755081532 -7.291185305817617e-05 -2.538193218986585 0.00014536739035700297 0.00011035943627123223 0.9999999833445582 0.010748188004411708
0.9593887913526367 -0.2820871261829703 1.6393921225763425e-05 -10.382998338548374 0.28208712659875634 0.9593887907309485 -3.502949687603357e-05 -2.188767154138535 -5.846774154721075e-06 3.823142080184825e-05 0.9999999992520869 -0.06895711731560045
