1.0 0.0 0.0 0.0 0.0 1.0 0.0 0.0 0.0 0.0 1.0 0.0
-0.4886564030903201 -0.8724763147001241 2.4739052524435735e-06 -5.254163076005739 0.8724763084248413 -0.4886563999119093 -0.00011858538198413401 -2.538660463427661 0.00010467182668521167 -5.578908249740416e-05 0.9999999929656934 0.01025544471459575
0.9593621189337465 -0.28217782444670075 1.2061507559156912e-05 -10.38460928894609 0.282177824660873 0.959362118660546 -2.342659830339609e-05 -2.1898353264853334 -4.960886902739394e-06 2.5878080952922817e-05 0.9999999996528572 -0.06921622902179086
1.0 0.0 0.0 0.0 0.0 1.0 0.0 0.0 0.0 0.0 1.0 0.0
-0.4886500776813457 -0.8724798572654655 1.574954490267989e-05 -5.254075012516008 0.8724798509915379 -0.488650076197472 -0.00011245438613905582 -2.538586797080214 0.00010581020308424435 -4.1209683932590424e-05 0.9999999935529814 0.010234200079347309
0.9593650836077846 -0.28216774469377315 1.4444971330299431e-05 -10.384435661641211 0.2821677449437814 0.9593650834349251 -1.99809640422402e-05 -2.1897503992233105 -8.220017564911371e-06 2.3244944225002866e-05 0.999999999696052 -0.06921356368492745
1.0 0.0 0.0 0.0 0.0 1.0 0.0 0.0 0.0 0.0 1.0 0.0
-0.4886561128938456 -0.8724764771358474 1.3270236078721793e-05 -5.254152690129664 0.8724764708888835 -0.48865611111675666 -0.00011319685921400227 -2.5386291624270747 0.00010524617890569168 -4.37363684734979e-05 0.9999999935051859 0.010182678422848694
0.9593611184850572 -0.282181225595769 1.6136016056528075e-05 -10.384640442975533 0.28218122588978406 0.9593611183169488 -2.0420399690235892e-05 -2.1898257118833406 -9.718012997412155e-06 2.4143818278537213e-05 0.9999999996613185 -0.06921137615946443
1.0 0.0 0.0 0.0 0.0 1.0 0.0 0.0 0.0 0.0 1.0 0.0
-0.48865651101103713 -0.8724762542370876 6.2402361247853174e-06 -5.254156008551781 0.8724762484151838 -0.4886565085531527 -0.00011224975968537368 -2.538594735009191 0.0001009845818665993 -4.940711812630474e-05 0.9999999936805255 0.01009634576307827
0.9593620754668463 -0.28217797226396607 1.1177764204129243e-05 -10.384566445277887 0.2821779724562685 0.9593620751840292 -2.364449844272261e-05 -2.189747886242877 -4.051566437006201e-06 2.5837753939089704e-05 0.9999999996579975 -0.06922551712662545
1.0 0.0 0.0 0.0 0.0 1.0 0.0 0.0 0.0 0.0 1.0 0.0
-0.4886508287215244 -0.8724794366666915 1.354772482561322e-05 -5.254053489678617 0.8724794302478807 -0.4886508269076251 -0.00011470321616801112 -2.5385966131830244 0.00010669630436487381 -4.422971040052595e-05 0.9999999933298157 0.010204408222508277
0.9593641788597173 -0.28217082077372774 1.499003953265448e-05 -10.384417788862585 0.2821708210640506 0.959364178608059 -2.331788993669352e-05 -2.189699750727435 -7.801278821401533e-06 2.6600100094566824e-05 0.9999999996157873 -0.06917156507821745
1.0 0.0 0.0 0.0 0.0 1.0 0.0 0.0 0.0 0.0 1.0 0.0
-0.48865522331764455 -0.8724769754480964 6.109377501111318e-06 -5.254165724794087 0.872476969312655 -0.48865522068923606 -0.00011537833117868066 -2.538574265606737 0.00010365031663010259 -5.104993302157014e-05 0.9999999933252582 0.010213983855919779
0.9593616123359594 -0.2821795466797223 1.4552463457304554e-05 -10.384623486940203 0.2821795469504662 0.9593616121084427 -2.2260276776402358e-05 -2.189784493148931 -7.679679992834498e-06 2.5462062564651303e-05 0.9999999996463529 -0.06918036487103159
1.0 0.0 0.0 0.0 0.0 1.0 0.0 0.0 0.0 0.0 1.0 0.0
-0.48865165535310673 -0.8724789735228285 2.1936723341048976e-05 -5.254035288799061 0.8724789672532267 -0.4886516546125578 -0.00011020504533085928 -2.5385818277190992 0.00010687100098469082 -3.471254810367325e-05 0.999999993686814 0.010152378781614377
0.9593627279534486 -0.28217575349557394 1.8786217659437457e-05 -10.384437419593805 0.28217575385059795 0.9593627278224446 -2.0097864365832823e-05 -2.1898069928289523 -1.2351666998157002e-05 2.4582157114104224e-05 0.999999999621577 -0.0691517967287783
1.0 0.0 0.0 0.0 0.0 1.0 0.0 0.0 0.0 0.0 1.0 0.0
-0.4886546692722163 -0.8724772857569288 6.056628042630994e-06 -5.254066549731101 0.8724772796369493 -0.48865466664464147 -0.00011525503238142856 -2.5386922064375597 0.00010351699737915018 -5.103563937189582e-05 0.9999999933397973 0.010219062334142468
0.9593624339515657 -0.2821767532649065 1.547267153090971e-05 -10.384479987624482 0.2821767535727356 0.9593624336884818 -2.3884404301432875e-05 -2.189904343505912 -8.104276156103355e-06 2.7279828465799887e-05 0.9999999995950657 -0.06913215131999748
1.0 0.0 0.0 0.0 0.0 1.0 0.0 0.0 0.0 0.0 1.0 0.0
-0.4886532491735367 -0.8724780809564282 1.796478062570481e-05 -5.25412197634595 0.8724780743011024 -0.48865324781723085 -0.00011515863538375911 -2.5386074222112285 0.00010925193360426462 -4.0598764145103205e-05 0.9999999932078777 0.01023235610853411
0.9593619776148622 -0.2821783046315463 1.738294504767299e-05 -10.384626493674809 0.2821783049706258 0.959361977425034 -2.1795243422312025e-05 -2.1898108875806592 -1.052639169646323e-05 2.5814617801172742e-05 0.9999999996114002 -0.06916389471209011
1.0 0.0 0.0 0.0 0.0 1.0 0.0 0.0 0.0 0.0 1.0 0.0
-0.4886558832951203 -0.8724766057764655 9.687349931026388e-06 -5.254170998946444 0.8724765995255966 -0.48865588106870744 -0.00011479206162225154 -2.5385467977420966 0.00010488716881001959 -4.764183014106693e-05 0.9999999933644691 0.010161532418026108
0.959361658946322 -0.2821793883853883 1.0686907906932434e-05 -10.384625946280048 0.28217938856084823 0.9593616586898529 -2.2522881583401514e-05 -2.1897518494718966 -3.897116745973553e-06 2.462321417888391e-05 0.999999999689255 -0.06922777105135752
1.0 0.0 0.0 0.0 0.0 1.0 0.0 0.0 0.0 0.0 1.0 0.0
-0.4886555500766415 -0.8724767923414931 1.4310570986946784e-05 -5.254107360027957 0.8724767863054941 -0.48865554851258064 -0.00011075154680932824 -2.5386047853324385 0.00010362109422223296 -4.163371704303394e-05 0.9999999937646513 0.010201799774912087
0.9593616968768733 -0.2821792593302956 1.301274761087803e-05 -10.384552273144728 0.28217925954402934 0.959361696703919 -1.950797101307159e-05 -2.1897971904036133 -6.979186815256588e-06 2.238712765919775e-05 0.9999999997250538 -0.06922269162315864
1.0 0.0 0.0 0.0 0.0 1.0 0.0 0.0 0.0 0.0 1.0 0.0
-0.48865333729150967 -0.8724780316369903 1.6270003065811434e-05 -5.254131393276147 0.8724780254850474 -0.48865333591767424 -0.00011109563908888951 -2.5386164367359747 0.00010487889578922473 -4.009203464982408e-05 0.9999999936965229 0.010138398756845739
0.9593626455935941 -0.28217603344643183 1.9700232145441438e-05 -10.384604353477863 0.2821760338360058 0.9593626454511942 -2.1011134294691798e-05 -2.189825071063467 -1.2970828293548654e-05 2.571623075632906e-05 0.9999999995852166 -0.069164389263101
1.0 0.0 0.0 0.0 0.0 1.0 0.0 0.0 0.0 0.0 1.0 0.0
-0.48865584127637424 -0.8724766293605174 -2.4879116408705985e-06 -5.254186486883997 0.8724766233805852 -0.4886558375892049 -0.00011850909485093814 -2.538666364320658 0.00010218068307738925 -6.0080806190986847e-05 0.9999999929747023 0.010237487558223561
0.9593608055078608 -0.2821822900690797 5.165107895163978e-06 -10.384689037707524 0.282182290111132 0.9593608052180773 -2.3642331778062592e-05 -2.1899137295358777 1.7162452543690228e-06 2.4139028433213283e-05 0.9999999997071809 -0.06926606927096995
1.0 0.0 0.0 0.0 0.0 1.0 0.0 0.0 0.0 0.0 1.0 0.0
-0.4886556774129852 -0.8724767210321932 1.3746604973837404e-05 -5.254187372744016 0.8724767147114934 -0.48865567566430723 -0.00011369827852829963 -2.5385685067713837 0.00010591645777895262 -4.3565716568932684e-05 0.999999993441866 0.010178111833053949
0.9593624940560569 -0.2821765491254074 1.1055210247841157e-05 -10.384644059330066 0.28217654931973973 0.9593624937359734 -2.5033921046696935e-05 -2.18974267704877 -3.5419686201246145e-06 2.7136126011108668e-05 0.9999999996255425 -0.06916719197027024
1.0 0.0 0.0 0.0 0.0 1.0 0.0 0.0 0.0 0.0 1.0 0.0
-0.48865212898983507 -0.8724787084898996 8.093107705477226e-06 -5.254081945942984 0.8724787023395925 -0.4886521266079258 -0.00011456602075382612 -2.538622670395519 0.00010391112811527922 -4.892186584247568e-05 0.9999999934045642 0.010106202054799177
0.9593634425246201 -0.28217332431302294 1.390855280599097e-05 -10.384486707001797 0.2821733245840653 0.959363442226768 -2.4738302074563076e-05 -2.1898127263675207 -6.362868162091814e-06 2.7657645225883206e-05 0.9999999995972841 -0.06918326153806126
1.0 0.0 0.0 0.0 0.0 1.0 0.0 0.0 0.0 0.0 1.0 0.0
-0.48864828237502816 -0.8724808627145253 1.8134259495211634e-05 -5.253968145522048 0.8724808562255154 -0.4886482811011483 -0.0001135644483440705 -2.5386172666097906 0.00010794408259633459 -3.967127837078212e-05 0.9999999933871324 0.010204174463829027
0.959365675095001 -0.2821657336463688 1.4328955897226232e-05 -10.384274683118711 0.2821657339204493 0.9593656748336507 -2.3497001338800953e-05 -2.189761636085315 -7.116659822753849e-06 2.6585356909160745e-05 0.9999999996212859 -0.06915959604773189
1.0 0.0 0.0 0.0 0.0 1.0 0.0 0.0 0.0 0.0 1.0 0.0
-0.4886534294904579 -0.8724779800041853 1.5969647436348652e-05 -5.254106712501253 0.8724779734729355 -0.4886534279333052 -0.0001147762515889378 -2.5386349516174747 0.00010794337510143148 -4.2152643330645163e-05 0.9999999932856911 0.010190369708514252
0.9593632840629364 -0.28217386280678775 1.8457315499163653e-05 -10.384527813747704 0.28217386318206944 0.9593632838657872 -2.252018698853629e-05 -2.1898937422393665 -1.1352662654955267e-05 2.6813212565402734e-05 0.9999999995760842 -0.06918027543620354
1.0 0.0 0.0 0.0 0.0 1.0 0.0 0.0 0.0 0.0 1.0 0.0
-0.4886572927788868 -0.8724758163633868 8.66318483948346e-06 -5.2541909295870735 0.8724758101585113 -0.48865729044378203 -0.00011482329964442725 -2.538650483961483 0.00010441388052508411 -4.8550823540798755e-05 0.9999999933702796 0.010187396265440608
0.9593599587368536 -0.2821851686870661 1.2061303856911246e-05 -10.384717857175849 0.2821851688901554 0.959359958516038 -2.1319951792980968e-05 -2.189926743109421 -5.554957774707135e-06 2.385702913828274e-05 0.9999999996999922 -0.0692277726635799
1.0 0.0 0.0 0.0 0.0 1.0 0.0 0.0 0.0 0.0 1.0 0.0
-0.4886571060701802 -0.8724759207049626 2.1843619775946985e-05 -5.2541684434336675 0.8724759142432725 -0.48865710525568606 -0.00011202007778731582 -2.538588708635775 0.00010840886051296681 -3.5681374898897495e-05 0.9999999934871792 0.010262213450015333
0.9593607525248274 -0.28218246950492704 2.0471862378932436e-05 -10.3846618458392 0.2821824698980784 0.9593607524226065 -1.9833036831829966e-05 -2.1898000975611502 -1.4043365984372029e-05 2.4803837829338896e-05 0.9999999995937767 -0.06916514512214342
1.0 0.0 0.0 0.0 0.0 1.0 0.0 0.0 0.0 0.0 1.0 0.0
-0.48865071548899097 -0.8724795001416171 9.204951613160346e-06 -5.254072768569387 0.8724794938440044 -0.4886507131799926 -0.00011545732729081992 -2.538504471422794 0.00010523215737294352 -4.838717406479551e-05 0.9999999932924372 0.0101998097281648
0.9593654168507404 -0.2821666118398486 1.0659455826820546e-05 -10.384458637520664 0.28216661203004056 0.9593654164641064 -2.7352125606226058e-05 -2.189542067225105 -2.5084566696662054e-06 2.9248425920717456e-05 0.9999999995691187 -0.06917256920906503
