1.0 0.0 0.0 0.0 0.0 1.0 0.0 0.0 0.0 0.0 1.0 0.0
-0.4886133570705475 -0.8725004060780644 0.00016936901120958127 -5.253113950907855 0.8725004106783589 -0.488613373212675 -6.988437451109546e-05 -2.5382805540217106 0.00014373010902425513 0.00011362809299990811 0.999999983215156 0.010764157349230093
0.9593891484251729 -0.28208591065300465 2.991799250803868e-05 -10.38295535762365 0.28208591148710166 0.9593891482167712 -2.871218349577911e-05 -2.1886713664289097 -2.0603694920413242e-05 3.598560145994047e-05 0.9999999991402622 -0.0689184710069503
1.0 0.0 0.0 0.0 0.0 1.0 0.0 0.0 0.0 0.0 1.0 0.0
-0.4886125434514726 -0.8725008608274194 0.00017388874553135488 -5.253013248001889 0.8725008658482335 -0.48861256033007316 -7.05816850109503e-05 -2.538389167472772 0.00014654680609735987 0.00011723098440306972 0.9999999823904647 0.010744508879886549
0.9593904086584093 -0.2820816251500505 2.295554750581889e-05 -10.382744288505384 0.28208162575721935 0.9593904082875817 -2.9932440704213236e-05 -2.18865901094032 -1.3579940575517842e-05 3.5192234679943967e-05 0.9999999992885459 -0.06895821249084298
1.0 0.0 0.0 0.0 0.0 1.0 0.0 0.0 0.0 0.0 1.0 0.0
-0.4886179649327994 -0.8724978285674315 0.00015326462814163754 -5.25319056960813 0.8724978306558084 -0.48861797938772544 -7.563045215129665e-05 -2.538585208278654 0.00014087525818975774 9.676865795272649e-05 0.9999999853949941 0.010764451740984525
0.9593866316855416 -0.28209447019839395 2.8749919464202925e-05 -10.383076222709157 0.2820944710224421 0.9593866313935193 -3.0363865689656486e-05 -2.1890249524440577 -1.9016809782706858e-05 3.724088015214657e-05 0.999999999125739 -0.06889155064434783
1.0 0.0 0.0 0.0 0.0 1.0 0.0 0.0 0.0 0.0 1.0 0.0
-0.4886200175774975 -0.8724966740683965 0.00017933809566324815 -5.253155750301837 0.8724966802181766 -0.4886200348654859 -6.735214990572394e-05 -2.538552540800751 0.0001463927133397916 0.00012356228443200515 0.9999999816507675 0.010706581653823414
0.9593880706838408 -0.28208957656921296 2.4910599365656245e-05 -10.382855099336608 0.2820895772676858 0.9593880702889215 -3.1372554511424696e-05 -2.1889819882614034 -1.5049061237155869e-05 3.712547498968506e-05 0.9999999991976122 -0.0688929155138659
1.0 0.0 0.0 0.0 0.0 1.0 0.0 0.0 0.0 0.0 1.0 0.0
-0.4886087479271677 -0.8725029847949083 0.00018158474722598886 -5.253065228163363 0.872502991360157 -0.48860876542940984 -6.643135515312585e-05 -2.538323167896845 0.00014668545481798262 0.00012597429387560156 0.999999981306927 0.010702967808372448
0.9593901261830708 -0.28208258632985206 1.648918159647697e-05 -10.382808184174092 0.2820825867275039 0.959390125686273 -3.16353833681946e-05 -2.1888365169933266 -6.8957672442681845e-06 3.500198543921125e-05 0.9999999993636546 -0.0689919139301653
1.0 0.0 0.0 0.0 0.0 1.0 0.0 0.0 0.0 0.0 1.0 0.0
-0.4886120662333864 -0.8725011297901565 0.0001650637496279045 -5.25307715811452 0.8725011335058851 -0.48861208206960416 -7.270868226945286e-05 -2.5384388230778043 0.00014409054980555456 0.00010849196917428849 0.9999999837337028 0.010719218706540157
0.9593883318465202 -0.28208868881378507 1.8975526235467003e-05 -10.382935000896914 0.2820886892923894 0.959388331395982 -3.0895530134906095e-05 -2.18872018197834 -9.489618866446823e-06 3.499359244204382e-05 0.9999999993426977 -0.06895966630228999
1.0 0.0 0.0 0.0 0.0 1.0 0.0 0.0 0.0 0.0 1.0 0.0
-0.48861444957285666 -0.8724997969231709 0.00015504076572156475 -5.253098221613912 0.8724997995797449 -0.4886144640005274 -7.282019885890113e-05 -2.538613679850144 0.00013929076935758264 9.96920356355473e-05 0.9999999853297898 0.010738293830812217
0.95939000662152 -0.282082991751234 3.097473201181358e-05 -10.382850905981385 0.282082992638838 0.9593900064093487 -2.942425575020366e-05 -2.189055105846773 -2.1416766251265542e-05 3.696678202109823e-05 0.9999999990873898 -0.06888379859986285
1.0 0.0 0.0 0.0 0.0 1.0 0.0 0.0 0.0 0.0 1.0 0.0
-0.4886135605864213 -0.8725002929186668 0.00016512995056480756 -5.25311627749342 0.8725002970753825 -0.4886135761001491 -6.967060956310583e-05 -2.538291413095383 0.00014147236291833781 0.00011003392631697866 0.9999999839390525 0.010721174674103082
0.9593884126796058 -0.28208841376123794 2.0923061814159056e-05 -10.382934874881506 0.28208841431418713 0.9593884122314301 -3.139684581067186e-05 -2.1887553365363708 -1.1216656621072506e-05 3.602392339520491e-05 0.9999999992882319 -0.06894094368073615
1.0 0.0 0.0 0.0 0.0 1.0 0.0 0.0 0.0 0.0 1.0 0.0
-0.48861113089209157 -0.872501655986245 0.000151886838291738 -5.253109095066108 0.8725016582982547 -0.4886111449071405 -7.307071573970413e-05 -2.538332000907886 0.00013796792244103723 9.681835323054404e-05 0.9999999857955292 0.010693700298932508
0.9593892356045812 -0.2820856154502676 1.2731904020675656e-05 -10.38289660231551 0.28208561572501906 0.9593892350107762 -3.3859619458388124e-05 -2.188851558156845 -2.663540064789908e-06 3.6076041415076146e-05 0.9999999993457124 -0.06899500073289276
1.0 0.0 0.0 0.0 0.0 1.0 0.0 0.0 0.0 0.0 1.0 0.0
-0.4886238533972499 -0.8724945273636228 0.00017208065348112432 -5.253211042663785 0.8724945317953409 -0.48862387030820514 -7.315913924793624e-05 -2.53859782900496 0.00014791366352957203 0.00011439212865950545 0.9999999825179944 0.010767903187817937
0.9593844083229579 -0.28210203159506986 2.8926478549600907e-05 -10.38309750805956 0.28210203238113035 0.9593844081169852 -2.8079461608121336e-05 -2.189010816377884 -1.9830339336486927e-05 3.509921604940771e-05 0.9999999991874013 -0.06892592780685726
1.0 0.0 0.0 0.0 0.0 1.0 0.0 0.0 0.0 0.0 1.0 0.0
-0.4886280189669007 -0.8724921954411897 0.00016725637432946563 -5.253257984718498 0.8724921998890438 -0.488628034739014 -6.928106684265017e-05 -2.5385881467892375 0.00014217334359822336 0.00011207721154094983 0.9999999836127191 0.010694949960022663
0.959385650121611 -0.2820978081872433 3.093037009867225e-05 -10.38300501389199 0.282097809048278 0.9593856499506063 -2.826685624944894e-05 -2.1889561424615245 -2.170013502799997e-05 3.58442058976551e-05 0.9999999991221485 -0.06890129330439931
1.0 0.0 0.0 0.0 0.0 1.0 0.0 0.0 0.0 0.0 1.0 0.0
-0.4886183091775402 -0.8724976335041322 0.00016572921023059274 -5.253179388871006 0.8724976371771718 -0.4886183251962461 -7.35028468725026e-05 -2.538748320166576 0.00014510938909104 0.00010868350757885426 0.9999999835655802 0.010756581111420398
0.9593887064177549 -0.28208741495530837 1.794151277462303e-05 -10.382925216686862 0.2820874153927856 0.9593887059783519 -3.03018303127305e-05 -2.189168103923567 -8.665119742820949e-06 3.4132308752658766e-05 0.9999999993799507 -0.06899563925762466
1.0 0.0 0.0 0.0 0.0 1.0 0.0 0.0 0.0 0.0 1.0 0.0
-0.4886062768846818 -0.8725043727727484 0.00016025393239243153 -5.253021952987258 0.8725043760125067 -0.4886062920072026 -7.245687628182076e-05 -2.538250039065204 0.00014152002107918165 0.00010441937273085687 0.9999999845343391 0.010718581330764821
0.9593914290709147 -0.28207815523931146 1.2730094421722616e-05 -10.382752158549119 0.2820781555150164 0.9593914284630067 -3.424847475273882e-05 -2.188762974495777 -2.5523968937034816e-06 3.644857469053785e-05 0.9999999993324933 -0.06897550740915091
1.0 0.0 0.0 0.0 0.0 1.0 0.0 0.0 0.0 0.0 1.0 0.0
-0.48861303352381835 -0.8725005864639562 0.00017346672367523058 -5.253131741897841 0.8725005908557266 -0.4886130507944136 -7.449687014039211e-05 -2.538464865236497 0.00014975666795348348 0.00011494967719311085 0.9999999821797558 0.010824262725004016
0.9593880899591393 -0.2820895117572013 1.4182304751912703e-05 -10.382989381782913 0.2820895120837206 0.9593880893777861 -3.365127873610583e-05 -2.1889228173935322 -4.113661470255388e-06 3.6285315459006426e-05 0.9999999993332269 -0.06899623478482188
1.0 0.0 0.0 0.0 0.0 1.0 0.0 0.0 0.0 0.0 1.0 0.0
-0.4886089899611943 -0.8725028502090082 0.00017693574928372263 -5.253067093435974 0.8725028560097726 -0.48860900694467346 -6.772983092792814e-05 -2.538236121956956 0.00014554687127931484 0.00012128354230033308 0.9999999820532052 0.010738412422296525
0.959387169038152 -0.282092643308471 2.182202423490185e-05 -10.382995775059511 0.2820926438768269 0.9593871686500204 -3.000464017089885e-05 -2.188645105253471 -1.247168178760062e-05 3.494189930274215e-05 0.9999999993117605 -0.06897497118935406
1.0 0.0 0.0 0.0 0.0 1.0 0.0 0.0 0.0 0.0 1.0 0.0
-0.4886260848405683 -0.8724932770393004 0.00017531286000186232 -5.2532208424102915 0.8724932823838062 -0.48862610180215726 -6.951804752462678e-05 -2.538747238408927 0.00014631646847663483 0.00011899096127940544 0.9999999822163208 0.010702227494319138
0.9593868859346094 -0.2820936055435087 2.8428074206077104e-05 -10.38293706990037 0.28209360634111047 0.9593868856648121 -2.9594575707211045e-05 -2.1891378846818625 -1.892508101225366e-05 3.641202580242526e-05 0.9999999991580028 -0.06888815551805844
1.0 0.0 0.0 0.0 0.0 1.0 0.0 0.0 0.0 0.0 1.0 0.0
-0.4886274533141957 -0.8724925133322344 0.00016139046870652593 -5.253305057315777 0.8724925164890834 -0.4886274687465199 -7.387093333177314e-05 -2.538682738708765 0.00014331165248872554 0.00010471661015127078 0.9999999842481007 0.01071055340847374
0.9593849541129663 -0.2821001752940541 3.0343455958196947e-05 -10.383065050336345 0.2821001761562465 0.959384953891205 -2.932208310406672e-05 -2.189243502054204 -2.0839290311718816e-05 3.669105962429266e-05 0.9999999991097451 -0.06888705430241401
1.0 0.0 0.0 0.0 0.0 1.0 0.0 0.0 0.0 0.0 1.0 0.0
-0.48861146469784555 -0.8725014654299633 0.00017143043155413125 -5.253087936622914 0.8725014705034473 -0.4886114809466266 -6.823831140320743e-05 -2.53838983991486 0.00014330090373874062 0.00011623128233679112 0.99999998297757 0.010723784042762918
0.9593907033729723 -0.2820806226877438 2.419934729542264e-05 -10.382859955360454 0.2820806233456293 0.9593907030034241 -3.0389747848687823e-05 -2.1887192534696673 -1.4644269817512451e-05 3.598180853353048e-05 0.9999999992454277 -0.06893909064924016
1.0 0.0 0.0 0.0 0.0 1.0 0.0 0.0 0.0 0.0 1.0 0.0
-0.4886377950476959 -0.8724867191065395 0.00017387820897170214 -5.253390198825784 0.8724867246052138 -0.4886378115348101 -6.727656101600394e-05 -2.53894471257839 0.00014366137349916213 0.00011883255859270718 0.9999999826201162 0.010724719902497244
0.9593829879586109 -0.28210686300223964 1.6206296590898214e-05 -10.383097047678934 0.28210686337742175 0.959382987522072 -2.980901859932318e-05 -2.189327804126375 -7.13871651380454e-06 3.3170172830153945e-05 0.9999999994243892 -0.06902373786973587
1.0 0.0 0.0 0.0 0.0 1.0 0.0 0.0 0.0 0.0 1.0 0.0
-0.488610181802002 -0.8725021868307714 0.00015561149087321742 -5.25309895348981 0.87250218925366 -0.4886101965155962 -7.489032519207444e-05 -2.5381846999430344 0.00014137533363820396 9.917919105260079e-05 0.9999999850882517 0.010782496084228202
0.9593879160105284 -0.28209010315267397 1.7784524737468234e-05 -10.382963101456697 0.28209010362642145 0.959387915373052 -3.566769751457022e-05 -2.1887879068416005 -7.000753642670548e-06 3.923599641353991e-05 0.9999999992057631 -0.06895503264309756
