1.0 0.0 0.0 0.0 0.0 1.0 0.0 0.0 0.0 0.0 1.0 0.0
-0.4886194072047815 -0.872497018966109 0.00016370125511324152 -5.253206236820044 0.8724970227471371 -0.48861942268496117 -7.122075530189325e-05 -2.538627937163252 0.0001421275094556556 0.00010802901446998191 0.9999999840647514 0.010717174380636449
0.9593860164271655 -0.2820965634314693 1.9600256371035338e-05 -10.383013011281772 0.28209656391821325 0.9593860160290092 -2.95554231365658e-05 -2.1891953795233725 -1.046672857536609e-05 3.388422464099224e-05 0.9999999993711535 -0.06898931468788642
1.0 0.0 0.0 0.0 0.0 1.0 0.0 0.0 0.0 0.0 1.0 0.0
-0.48862897221365237 -0.872491664501551 0.00015129025749093252 -5.253226834336083 0.8724916664555535 -0.48862898635385815 -7.523570786418848e-05 -2.5386781007520547 0.00013956733314739243 9.523714226931217e-05 0.999999985725423 0.0107187238124462
0.9593849262990587 -0.2821002705953019 2.2808022119378736e-05 -10.382984100528388 0.2821002712243947 0.9593849258516759 -3.199526736031557e-05 -2.1889878672991614 -1.2855799029730128e-05 3.712992644437261e-05 0.9999999992280485 -0.06893434132741423
1.0 0.0 0.0 0.0 0.0 1.0 0.0 0.0 0.0 0.0 1.0 0.0
-0.48861226799242474 -0.8725010114288395 0.0001913712403521974 -5.253134881678416 0.8725010185531352 -0.48861228757531905 -7.109258703024202e-05 -2.538426812569849 0.00015553469361358457 0.00013223489194275705 0.999999979161446 0.010817197272039284
0.9593896207626639 -0.2820843047524906 2.4190400301589704e-05 -10.382888699552923 0.2820843053991246 0.9593896204193949 -2.9648319676288446e-05 -2.1887990935063826 -1.4844693320176502e-05 3.526802243688709e-05 0.9999999992679008 -0.06893782591728961
1.0 0.0 0.0 0.0 0.0 1.0 0.0 0.0 0.0 0.0 1.0 0.0
-0.48862005985086504 -0.8724966494270194 0.00018398359238041697 -5.2531313075320885 0.8724966562276006 -0.48862007776622546 -6.68983091166244e-05 -2.5385218084690493 0.00014826662777321777 0.0001278372133481622 0.9999999808373268 0.01069299530102083
0.9593845322975946 -0.2821016103710059 2.478327433909131e-05 -10.383025126041248 0.2821016110196995 0.9593845320055394 -2.843593868253375e-05 -2.1888259101212917 -1.5754865958613646e-05 3.427240135078828e-05 0.9999999992885933 -0.06894040873204504
1.0 0.0 0.0 0.0 0.0 1.0 0.0 0.0 0.0 0.0 1.0 0.0
-0.48862019244752847 -0.8724965773405724 0.00017338260524546456 -5.253205023576079 0.8724965828969867 -0.4886202087670657 -6.646435985133137e-05 -2.5384485641246357 0.00014270817125703155 0.00011879990230897894 0.9999999827604804 0.010761244695666706
0.9593863357051293 -0.2820954768361839 2.8475448565352e-05 -10.383027322273124 0.2820954775930234 0.9593863355141635 -2.7391044137083314e-05 -2.188941624499538 -1.959206659433616e-05 3.431138872852616e-05 0.9999999992194396 -0.0689082135751418
1.0 0.0 0.0 0.0 0.0 1.0 0.0 0.0 0.0 0.0 1.0 0.0
-0.48861057289431015 -0.8725019654218841 0.00016849582662470614 -5.25306716794157 0.8725019692196964 -0.48861058945153935 -7.472329758435647e-05 -2.538373253710656 0.00014752506917237166 0.00011050234729410718 0.9999999830127925 0.010740422794844275
0.9593891216855497 -0.28208600253561494 1.9102546858428937e-05 -10.382928706840907 0.28208600302670583 0.9593891212062171 -3.174238506205438e-05 -2.1886388227370794 -9.372693130205757e-06 3.584186001581349e-05 0.9999999993137569 -0.06896811651134283
1.0 0.0 0.0 0.0 0.0 1.0 0.0 0.0 0.0 0.0 1.0 0.0
-0.4886197521277432 -0.8724968253429103 0.00016612394882678107 -5.253199517892006 0.8724968290063294 -0.4886197682431398 -7.386420584389845e-05 -2.5385412009195285 0.00014561773048064885 0.0001088511086228099 0.9999999834734562 0.010721663419496883
0.9593850654549719 -0.2820997976822818 1.8154226348476745e-05 -10.383067716884927 0.2820997981424992 0.9593850649544439 -3.2098587115777114e-05 -2.1890152738179047 -8.361888693267554e-06 3.591620868940788e-05 0.9999999993200526 -0.06897115040166346
1.0 0.0 0.0 0.0 0.0 1.0 0.0 0.0 0.0 0.0 1.0 0.0
-0.4886226320913372 -0.8724952118728946 0.00016931333761799314 -5.253182523243974 0.8724952161575691 -0.48862264846714043 -7.202162131770385e-05 -2.5385137192063603 0.0001455688511987321 0.00011253368292763312 0.9999999830729398 0.010700138268868066
0.9593859429869912 -0.28209681295963435 2.2737181728024924e-05 -10.38291977726793 0.2820968135687485 0.9593859425874628 -3.065821084524192e-05 -2.18886739148774 -1.3165148953439369e-05 3.582714303706627e-05 0.9999999992715477 -0.06893629373962255
1.0 0.0 0.0 0.0 0.0 1.0 0.0 0.0 0.0 0.0 1.0 0.0
-0.48860910949516834 -0.8725027835511949 0.00017553847534017487 -5.252990700928797 0.8725027894289218 -0.48860912607045986 -6.602585217691163e-05 -2.538350816416976 0.00014337744083839002 0.00012089697655056649 0.9999999824134154 0.010697647726225383
0.9593918333170096 -0.28207677893318617 3.084324543822728e-05 -10.382657341879263 0.282076779816122 0.9593918331017092 -2.94331355910931e-05 -2.1887512676901117 -2.128835369833612e-05 3.6938073267283236e-05 0.9999999990911921 -0.0688710262230965
1.0 0.0 0.0 0.0 0.0 1.0 0.0 0.0 0.0 0.0 1.0 0.0
-0.4886156726432657 -0.8724991091808434 0.0001700764667845836 -5.253170382347216 0.8724991129929267 -0.4886156895553918 -7.580808641743946e-05 -2.5385813240323003 0.00014924451796300445 0.00011135054727384771 0.9999999826635646 0.010777317855709838
0.9593891760447592 -0.28208581736299276 2.3039334112498547e-05 -10.382904638558381 0.2820858180142524 0.9593891755608372 -3.3044324933692e-05 -2.189126203730698 -1.2782352351523894e-05 3.820143708070688e-05 0.9999999991886308 -0.06891903146793306
1.0 0.0 0.0 0.0 0.0 1.0 0.0 0.0 0.0 0.0 1.0 0.0
-0.4886078138608071 -0.872503507524276 0.00018328119979262 -5.253029822889941 0.8725035139636995 -0.48860783190378293 -6.872612643732847e-05 -2.538215220913539 0.00014951641603452842 0.0001263333684688896 0.9999999808423604 0.010792546023767273
0.9593890477347922 -0.2820862531598961 2.940643616850053e-05 -10.382898987759619 0.2820862540175188 0.9593890474380475 -3.0826619740713656e-05 -2.1887170200698876 -1.951644712401031e-05 3.7869872780709154e-05 0.9999999990924905 -0.06889323525490505
1.0 0.0 0.0 0.0 0.0 1.0 0.0 0.0 0.0 0.0 1.0 0.0
-0.488612366697989 -0.8725009596752645 0.00017457242830802295 -5.253004939051714 0.8725009650285245 -0.4886123834728997 -6.885655783346779e-05 -2.5383288832265585 0.00014537566307387277 0.00011867044648042104 0.9999999823916207 0.010701475357112553
0.9593892334008405 -0.28208562277649446 1.6041982139989332e-05 -10.382793444224854 0.2820856231730849 0.9593892328155025 -3.401078820003236e-05 -2.1886428242653153 -5.796550567599072e-06 3.715479654746799e-05 0.9999999992929605 -0.06896433681272161
1.0 0.0 0.0 0.0 0.0 1.0 0.0 0.0 0.0 0.0 1.0 0.0
-0.4886211364314779 -0.8724960509297414 0.0001616923544996468 -5.253220553813085 0.8724960545675414 -0.4886211515727229 -7.070940633015524e-05 -2.5385317329730803 0.00014069998224276875 0.00010652583087723431 0.999999984427881 0.010709168911611902
0.9593870011478802 -0.28209321426421846 2.223868590018263e-05 -10.383018603236799 0.2820932148606259 0.959387000727375 -3.1063306532252506e-05 -2.1889118897225153 -1.2572758180536073e-05 3.607511489957206e-05 0.9999999992702558 -0.06894820661395319
1.0 0.0 0.0 0.0 0.0 1.0 0.0 0.0 0.0 0.0 1.0 0.0
-0.4886152710940599 -0.8724993343125056 0.0001687540002636552 -5.253137973655771 0.8724993391464753 -0.4886152869059811 -6.775506990891284e-05 -2.5384518769896367 0.000141572037647189 0.00011413159185683196 0.9999999834656688 0.010675967395162826
0.9593892247781719 -0.2820856516607894 2.2508796592923544e-05 -10.382882697098527 0.28208565226195736 0.9593892243750489 -3.067553269605358e-05 -2.1888258661023983 -1.2941569274291796e-05 3.5779184101467216e-05 0.9999999992761827 -0.0689454626499777
1.0 0.0 0.0 0.0 0.0 1.0 0.0 0.0 0.0 0.0 1.0 0.0
-0.4886196609545962 -0.8724968759517525 0.00016847269239683333 -5.253222532213166 0.8724968800541438 -0.48861967727578676 -7.262707372338518e-05 -2.5384550158436916 0.0001456859675218912 0.00011150488235170919 0.9999999831711299 0.010763805039805329
0.9593864168223023 -0.28209520141113403 2.3615127250078286e-05 -10.383018523133286 0.28209520205770494 0.9593864164193759 -3.108071157825734e-05 -2.1890031453059073 -1.3888312713081595e-05 3.6480126606581504e-05 0.9999999992381574 -0.06894295202313025
1.0 0.0 0.0 0.0 0.0 1.0 0.0 0.0 0.0 0.0 1.0 0.0
-0.4886138845937153 -0.8725001076614389 0.00018415487072059134 -5.253116728511793 0.8725001138849005 -0.48861390304145663 -7.089025919805314e-05 -2.538390107060401 0.00015183238892933903 0.00012603718074955995 0.9999999805307771 0.010754666392442758
0.9593862826045926 -0.28209565808110676 2.1022082119896508e-05 -10.382921776045974 0.2820956586355686 0.9593862821640396 -3.1215800505637395e-05 -2.1890316054343995 -1.1362455422190795e-05 3.5878248907131456e-05 0.9999999992918229 -0.06896318266200768
1.0 0.0 0.0 0.0 0.0 1.0 0.0 0.0 0.0 0.0 1.0 0.0
-0.488626001645997 -0.8724933269719602 0.00015781269365611075 -5.253268614438729 0.872493329787823 -0.4886260165485495 -7.367261658113566e-05 -2.5385944555908466 0.0001413902542095788 0.00010169216649995903 0.9999999848337494 0.01073040846241331
0.9593851650381985 -0.2820994589622677 1.8916219445850512e-05 -10.383093345612815 0.28209945945391346 0.9593851645283124 -3.253909595926329e-05 -2.18908441146921 -8.968678940092101e-06 3.65537812276563e-05 0.9999999992916918 -0.06895789572599198
1.0 0.0 0.0 0.0 0.0 1.0 0.0 0.0 0.0 0.0 1.0 0.0
-0.48861820779744813 -0.8724976896178536 0.00016917540342659704 -5.253122044936972 0.8724976941518415 -0.4886182239466676 -7.019204339942217e-05 -2.538469504115625 0.00014390458085332538 0.00011330803894944673 0.9999999832263798 0.010726789920282434
0.9593857650776819 -0.2820974175840611 2.754477490331408e-05 -10.382924385806769 0.28209741839076813 0.9593857647051067 -3.1913338175692064e-05 -2.189029044719394 -1.7423394648403044e-05 3.8387512252251864e-05 0.9999999991114121 -0.06889462632411694
1.0 0.0 0.0 0.0 0.0 1.0 0.0 0.0 0.0 0.0 1.0 0.0
-0.488613545052713 -0.8725003034638338 0.00015506946612571553 -5.253067245187677 0.8725003061944857 -0.4886135594332655 -7.230825744036605e-05 -2.538560673251432 0.00013885802036275565 9.996736267156006e-05 0.9999999853624881 0.010697433841459941
0.9593897187571403 -0.2820839719956283 1.6919364284270648e-05 -10.382792991805564 0.2820839724033368 0.9593897182870177 -3.095657551516402e-05 -2.1887843135048684 -7.499910353581995e-06 3.447210176502434e-05 0.9999999993777127 -0.06896882230714006
1.0 0.0 0.0 0.0 0.0 1.0 0.0 0.0 0.0 0.0 1.0 0.0
-0.48861819144784713 -0.8724977003815615 0.00016067085074564425 -5.253146058892653 0.8724977041105475 -0.48861820629412683 -6.928011205911943e-05 -2.5385336387655926 0.00013895344134884493 0.00010633342533542722 0.9999999846925719 0.010691078571943857
0.959387511917759 -0.28209147741671375 1.8577043549758853e-05 -10.3829757143455 0.2820914778918053 0.9593875114222609 -3.205959805371622e-05 -2.18883888151948 -8.778844200445095e-06 3.5998003679659764e-05 0.9999999993135378 -0.06896805894992115
