1.0 0.0 0.0 0.0 0.0 1.0 0.0 0.0 0.0 0.0 1.0 0.0
-0.4886145952532247 -0.8724997127716969 0.00016887520039993116 -5.253199487164736 0.8724997163477358 -0.48861461206252016 -7.649909960807969e-05 -2.5383844658155468 0.00014926033296574045 0.00010996498785487146 0.9999999828145271 0.010835233373242898
0.959387585996845 -0.28209122535875136 2.0266832773667315e-05 -10.383036961075119 0.28209122592062635 0.959387585421628 -3.4604297740738825e-05 -2.188793518965456 -9.682179006505143e-06 3.891602937725576e-05 0.9999999991958991 -0.06894126159735121
1.0 0.0 0.0 0.0 0.0 1.0 0.0 0.0 0.0 0.0 1.0 0.0
-0.488613077414578 -0.8725005616440235 0.00017467203306500683 -5.2531594202786 0.872500566652428 -0.4886130944916781 -7.129136577207672e-05 -2.538375176993952 0.00014754879927354387 0.00011756755420456643 0.9999999822036109 0.01070120580587316
0.959387411209516 -0.28209181955019197 2.3570411522828692e-05 -10.383044459702374 0.28209182017270973 0.9593874108628705 -2.9487024267836863e-05 -2.1887105947029433 -1.4295107755028334e-05 3.493850016529467e-05 0.9999999992874755 -0.0689460550270492
1.0 0.0 0.0 0.0 0.0 1.0 0.0 0.0 0.0 0.0 1.0 0.0
-0.4886164266684486 -0.8724986883939684 0.00016229775578122075 -5.253157432253026 0.8724986921368479 -0.4886164418642619 -7.042299854232456e-05 -2.5383527036665896 0.00014074532581332303 0.00010719474575282514 0.9999999843500197 0.010699991201009817
0.9593874309239215 -0.28209175242408613 2.448478887562785e-05 -10.382951311319893 0.28209175308099754 0.9593874305853269 -2.9640753520021696e-05 -2.1886352591212876 -1.5128986584192387e-05 3.534392338796361e-05 0.9999999992609603 -0.06893117945465178
1.0 0.0 0.0 0.0 0.0 1.0 0.0 0.0 0.0 0.0 1.0 0.0
-0.48861972662164754 -0.872496841470985 0.00015613885339564395 -5.253203349915757 0.8724968442749277 -0.48861974117557855 -7.255207164124135e-05 -2.538327244127089 0.0001395939794827885 0.00010078028344521735 0.9999999851784277 0.010723574636630833
0.9593857705605382 -0.28209739937635747 2.260661262178965e-05 -10.383032267693586 0.2820973999820554 0.9593857701558324 -3.075491032245028e-05 -2.1886801116962253 -1.3012582240751928e-05 3.58830899812339e-05 0.9999999992715384 -0.06894991561785568
1.0 0.0 0.0 0.0 0.0 1.0 0.0 0.0 0.0 0.0 1.0 0.0
-0.4886153780204384 -0.8724992735613276 0.00017319613069970784 -5.25319244932075 0.8724992787458145 -0.48861539460079484 -6.889951186446201e-05 -2.5383808011849602 0.0001447410697956456 0.00011744813808198635 0.9999999826279785 0.010733232438448165
0.9593866908104345 -0.2820942690554502 2.935769773235501e-05 -10.383011208429505 0.28209426986696 0.959386690595026 -2.858933402047212e-05 -2.188873778340753 -2.0100497187654946e-05 3.570986486516406e-05 0.9999999991603877 -0.0689140133759647
1.0 0.0 0.0 0.0 0.0 1.0 0.0 0.0 0.0 0.0 1.0 0.0
-0.48862280276162945 -0.8724951177917792 0.00016140284700193256 -5.253251198731276 0.872495121594316 -0.4886228177131819 -6.931197865118417e-05 -2.538494550928011 0.00013933947686666038 0.00010695578334711716 0.9999999845724853 0.010701154400097758
0.9593844447078066 -0.28210190849724565 2.179229857454212e-05 -10.383108950697194 0.2821019090734139 0.9593844442939892 -3.0722112524986455e-05 -2.1890321837941684 -1.2240425681478102e-05 3.5621965896019956e-05 0.9999999992906238 -0.06895173880849331
1.0 0.0 0.0 0.0 0.0 1.0 0.0 0.0 0.0 0.0 1.0 0.0
-0.4886184997921233 -0.8724975220173684 0.00018903556646154195 -5.253178161158177 0.8724975296986596 -0.4886185182650808 -6.54077389756361e-05 -2.5385285133570363 0.00014943436856084934 0.0001329736334698251 0.9999999799936908 0.01073742272189256
0.9593847752460982 -0.2821007837060643 2.929878051862342e-05 -10.383036628908332 0.2821007845106402 0.959384775038059 -2.83488160095113e-05 -2.189072406688041 -2.011158074332273e-05 3.546263144528848e-05 0.999999999168963 -0.06889012274120575
1.0 0.0 0.0 0.0 0.0 1.0 0.0 0.0 0.0 0.0 1.0 0.0
-0.4886237866357794 -0.8724945641562772 0.00017507558597671004 -5.253330113303855 0.8724945695134715 -0.48862380352941215 -6.923838371032079e-05 -2.5384884433704364 0.0001459562121432876 0.00011892097678998618 0.9999999822772925 0.010737548083454933
0.9593823710591431 -0.28210895958391646 3.199089714836706e-05 -10.38332286461236 0.2821089604730196 0.9593823709276139 -2.7823407529877206e-05 -2.189043347629749 -2.284227020395633e-05 3.571820542607974e-05 0.9999999991012202 -0.06889347778021239
1.0 0.0 0.0 0.0 0.0 1.0 0.0 0.0 0.0 0.0 1.0 0.0
-0.4886210630235458 -0.8724960914465213 0.00016486444042835375 -5.253276329909075 0.8724960954865144 -0.48862107856744136 -7.028781868027186e-05 -2.5383169365647973 0.00014188208777436332 0.0001094994718771508 0.9999999839396693 0.010704743406948825
0.959384835398616 -0.28210057939333555 2.67042228199643e-05 -10.3831368442526 0.28210058012216555 0.959384835110862 -2.922400204642149e-05 -2.188683248704365 -1.737551849741073e-05 3.557034114221674e-05 0.9999999992164212 -0.06892698279979786
1.0 0.0 0.0 0.0 0.0 1.0 0.0 0.0 0.0 0.0 1.0 0.0
-0.4886176134366412 -0.8724980222566586 0.00017028711555063122 -5.253235696652295 0.8724980264746703 -0.4886176300907813 -7.322755483912414e-05 -2.5384746705626444 0.000147096183607166 0.00011279489916868431 0.9999999828200116 0.010790163018170203
0.9593835499200871 -0.28210495157813054 2.092444064928295e-05 -10.383232290211403 0.28210495211252806 0.9593835495291706 -2.9772420913237985e-05 -2.1890316587579974 -1.167561678193176e-05 3.446605919281414e-05 0.9999999993378855 -0.06896000523191642
1.0 0.0 0.0 0.0 0.0 1.0 0.0 0.0 0.0 0.0 1.0 0.0
-0.48861569951329203 -0.8724990969042787 0.00015521067940351804 -5.253183898626729 0.8724990995901616 -0.4886157139557695 -7.273136427309517e-05 -2.5383887339548004 0.00013929642657519253 9.988349159548777e-05 0.9999999853098968 0.010665960059938025
0.9593861634900047 -0.2820960633536479 1.8555461882161923e-05 -10.383052312192104 0.28209606381533153 0.9593861630441085 -3.064962092476429e-05 -2.188720041488679 -9.155715972464175e-06 3.463924499067455e-05 0.999999999358148 -0.06898088571984728
1.0 0.0 0.0 0.0 0.0 1.0 0.0 0.0 0.0 0.0 1.0 0.0
-0.48861277524842356 -0.8725007318215062 0.00016980862863061157 -5.253116308647032 0.8725007364316426 -0.4886127914855807 -7.016345318505984e-05 -2.538471958951405 0.00014418833230462534 0.00011387539395087788 0.9999999831210596 0.010708525729946222
0.9593888408250915 -0.28208695798735606 1.528810086756578e-05 -10.382858261091913 0.2820869583503696 0.9593888402750137 -3.2930238645372715e-05 -2.18884445559927 -5.378042516072959e-06 3.590547735476294e-05 0.9999999993409366 -0.0689912830313186
1.0 0.0 0.0 0.0 0.0 1.0 0.0 0.0 0.0 0.0 1.0 0.0
-0.4886093816733932 -0.8725026329426949 0.00016627931387563024 -5.253052963151825 0.8725026372846806 -0.4886093973044684 -6.926068693051862e-05 -2.5382598876471647 0.00014167576704326055 0.00011123771846697213 0.9999999837770734 0.010690009132166438
0.9593913772206478 -0.2820783310613274 2.1455197579972555e-05 -10.382765024182453 0.2820783316509175 0.9593913767227343 -3.2910356717180745e-05 -2.188482524869137 -1.1300633046685032e-05 3.762595879431736e-05 0.9999999992282915 -0.06893790891097314
1.0 0.0 0.0 0.0 0.0 1.0 0.0 0.0 0.0 0.0 1.0 0.0
-0.4886092486866435 -0.8725027073839273 0.00016644996348109497 -5.253036514824263 0.8725027112002208 -0.4886092647614211 -7.305865706282329e-05 -2.5383879390324964 0.00014507287036120677 0.00010953090887891152 0.9999999834784209 0.010727072338653873
0.9593893611100239 -0.2820851880882596 2.1215830952131165e-05 -10.382823175425969 0.28208518863710697 0.9593893607097647 -3.014093929663517e-05 -2.188712515092604 -1.1851929963440197e-05 3.490156817128548e-05 0.9999999993207062 -0.06895481744249235
1.0 0.0 0.0 0.0 0.0 1.0 0.0 0.0 0.0 0.0 1.0 0.0
-0.4886202995360683 -0.87249651515538 0.0001841819768845817 -5.253272276285539 0.8724965213268656 -0.4886203180337644 -7.125378014937231e-05 -2.5382694334737046 0.0001521637309934082 0.00012588209072323815 0.9999999804999488 0.0107571812528712
0.9593829614061129 -0.28210695261238605 2.5522333621608442e-05 -10.3832408066844 0.28210695331100266 0.9593829610728462 -2.9944643204502955e-05 -2.1886749698243193 -1.6038099961903885e-05 3.592840825517488e-05 0.9999999992259646 -0.06893710166004383
1.0 0.0 0.0 0.0 0.0 1.0 0.0 0.0 0.0 0.0 1.0 0.0
-0.488618841226799 -0.8724973340581286 0.00017337715671627188 -5.253166498324135 0.8724973386775149 -0.4886188582999074 -7.289958429801453e-05 -2.5384376971866374 0.00014832004132395193 0.00011565099741680585 0.9999999823130059 0.010743904697242249
0.9593864285468277 -0.28209516207497615 1.5939099421995618e-05 -10.382974198255269 0.28209516246078853 0.959386428004227 -3.2825462104796775e-05 -2.188755790484951 -6.031851607446146e-06 3.598864569505088e-05 0.999999999334217 -0.06898491352301062
1.0 0.0 0.0 0.0 0.0 1.0 0.0 0.0 0.0 0.0 1.0 0.0
-0.4886147538665572 -0.8724996253187884 0.00016162455708099597 -5.253152205018562 0.8724996290128202 -0.4886147689501793 -7.025848255061423e-05 -2.5383153362965167 0.00014027264531568486 0.00010668803493403074 0.9999999844706239 0.01065229405982751
0.9593879840773101 -0.28208987142086733 2.1209291262132752e-05 -10.38295905000647 0.2820898719836296 0.95938798363398 -3.135260008787396e-05 -2.188650843705684 -1.1503688250778614e-05 3.606223405087884e-05 0.9999999992835902 -0.06895574748102531
1.0 0.0 0.0 0.0 0.0 1.0 0.0 0.0 0.0 0.0 1.0 0.0
-0.4886116445367642 -0.8725013644062012 0.00017300981547060577 -5.253081451399309 0.8725013694294803 -0.48861166120262645 -6.986051339330183e-05 -2.5384714983937826 0.00014548800659522628 0.00011681664058555787 0.9999999825935559 0.010704049200821774
0.9593883548128351 -0.28208861055463424 2.109210695019248e-05 -10.382883533402243 0.28208861112422967 0.9593883543323004 -3.233516452279494e-05 -2.1889630282537276 -1.1114140144066291e-05 3.697182344939736e-05 0.9999999992547803 -0.06893020850656834
1.0 0.0 0.0 0.0 0.0 1.0 0.0 0.0 0.0 0.0 1.0 0.0
-0.4886110204743516 -0.8725017148204011 0.00016824527419761947 -5.253160340573977 0.8725017194043238 -0.48861103636779624 -6.910923605045875e-05 -2.5383248732086834 0.00014250442475363518 0.00011302675666825115 0.9999999834587204 0.01076435484828156
0.9593891017709985 -0.28208607025451254 1.9271794489410142e-05 -10.38298294662134 0.28208607073597675 0.9593891013497373 -3.0134370576260894e-05 -2.1885255339282352 -9.988663421159806e-06 3.434689150314915e-05 0.999999999360259 -0.06898162915791074
1.0 0.0 0.0 0.0 0.0 1.0 0.0 0.0 0.0 0.0 1.0 0.0
-0.48861452744250206 -0.8724997530583942 0.0001564774160635954 -5.253112726697647 0.872499755679183 -0.48861454219960054 -7.410020801898416e-05 -2.5384423006088994 0.00014110955421263113 0.00010032006916020887 0.9999999850119886 0.010713732556920173
0.9593871717468803 -0.28209263478027863 9.49957078722662e-06 -10.382911429264501 0.28209263493978115 0.9593871711413564 -3.408983084205048e-05 -2.188818830306264 5.027238568168896e-07 3.5385105351052474e-05 0.9999999993738209 -0.069023040394712
