1.0 0.0 0.0 0.0 0.0 1.0 0.0 0.0 0.0 0.0 1.0 0.0
0.9998083221317691 -0.019578522409863956 -2.1361269204163133e-05 1.4034819371399156 0.01957852134314779 0.999808321177535 -4.9052780009508966e-05 -0.9484090262357228 2.2317555653915735e-05 4.8625155612174855e-05 0.9999999985687608 0.3484347319955468
0.386798529387427 0.9221642163839966 0.00023597587296663973 -1.1852098617743245 -0.9221642447247337 0.38679849973063546 0.00016234959551329514 1.5528193925801568 5.8437873890651035e-05 -0.0002804050974587193 0.9999999589789973 0.12200531281022714
1.0 0.0 0.0 0.0 0.0 1.0 0.0 0.0 0.0 0.0 1.0 0.0
0.9998090565183528 -0.019540925156554017 -5.242048061587115e-05 1.4034799520016468 0.01954092083652542 0.9998090546393361 -8.169490588720434e-05 -0.9481800938335669 5.4006865209905346e-05 8.065496231551176e-05 0.9999999952890177 0.3487996141291674
0.3867989089389829 0.9221640707753762 0.0001749702829550723 -1.1846961808725274 -0.9221640871744718 0.38679890584639515 5.255193000349905e-05 1.553633705404272 -1.9216812303520648e-05 -0.0001816783404519235 0.9999999833118473 0.12343962816550175
1.0 0.0 0.0 0.0 0.0 1.0 0.0 0.0 0.0 0.0 1.0 0.0
0.9998076914666928 -0.019610713368306495 2.286603844775367e-06 1.4031853642639598 0.01961071342209435 0.999807691116473 -2.6522152228968124e-05 -0.948904553062115 -1.7660457852718013e-06 2.6561893725478706e-05 0.9999999996456735 0.34806229355062923
0.38680419179967107 0.922161836980308 0.00025223660980811197 -1.1857999322838015 -0.9221618683275681 0.38680415340204094 0.000188450363421583 1.5522821365247657 7.621556499862414e-05 -0.00030549637387890146 0.9999999504315753 0.12157597365705128
1.0 0.0 0.0 0.0 0.0 1.0 0.0 0.0 0.0 0.0 1.0 0.0
0.9998082607642076 -0.019581645657042755 -2.934300837349402e-05 1.403215439926563 0.01958164411586998 0.9998082598768571 -5.19204175254755e-05 -0.9483695585101661 3.0354069359810038e-05 5.13358779970445e-05 0.9999999982216291 0.3484834201342522
0.3868024337854738 0.9221625887461692 0.00019270339306277467 -1.185089345821592 -0.9221626079405423 0.38680241550962335 0.00012598499320399484 1.5527044594462178 4.1640509562586646e-05 -0.0002264351654975142 0.9999999734965914 0.12231962242753638
1.0 0.0 0.0 0.0 0.0 1.0 0.0 0.0 0.0 0.0 1.0 0.0
0.9998087570735311 -0.01955629417404594 -2.5243986193390706e-05 1.4036282622934428 0.01955629255100086 0.9998087554381379 -6.301509234425535e-05 -0.9484939430762065 2.6471500101603386e-05 6.250936237443533e-05 0.9999999976959196 0.3485539726062063
0.3867573303331565 0.922181505102983 0.00019768552585403622 -1.18495087360193 -0.9221815251759146 0.3867573104339257 0.00013209897886127048 1.5528463960385217 4.5362912857829424e-05 -0.00023339218814140013 0.9999999717351459 0.12209283273448468
1.0 0.0 0.0 0.0 0.0 1.0 0.0 0.0 0.0 0.0 1.0 0.0
0.9998083656257999 -0.019576311394029457 -7.541256274038395e-06 1.4032922287663463 0.01957631111740226 0.9998083650414958 -3.515800872328895e-05 -0.9481885299881418 8.228075232463784e-06 3.50036412612485e-05 0.9999999993535218 0.34832605098816577
0.3867991529537415 0.9221639286570946 0.00032242515704104926 -1.1853320764964246 -0.9221639800569414 0.38679909094046666 0.00023902546140934725 1.5526698341955223 9.570690090250452e-05 -0.0003897837120949723 0.9999999194544203 0.12168190288605635
1.0 0.0 0.0 0.0 0.0 1.0 0.0 0.0 0.0 0.0 1.0 0.0
0.9998083319438517 -0.019578004991950868 -3.3108723571366745e-05 1.403316977461655 0.01957800319465212 0.9998083310816561 -5.376451874479094e-05 -0.948335173144204 3.415497967450288e-05 5.31060111081372e-05 0.9999999980065943 0.3482988093533741
0.38680086153873217 0.9221632480466575 0.00019355860311486987 -1.1847868903638625 -0.9221632674467783 0.3868008432924348 0.00012569861695431632 1.553022944212505 4.104601397422618e-05 -0.00022711296722299353 0.999999973367462 0.12207487658398816
1.0 0.0 0.0 0.0 0.0 1.0 0.0 0.0 0.0 0.0 1.0 0.0
0.9998077017651933 -0.019610185528698077 -1.0701925530937565e-05 1.4027795123564575 0.019610185139404625 0.9998077012054104 -3.534331498619099e-05 -0.9486202414508833 1.139295652764339e-05 3.51266517881096e-05 0.9999999993181596 0.3482213735066005
0.3868393621227858 0.9221470917507184 0.00022155840931156905 -1.1857621113374477 -0.9221471171050895 0.38683933785884245 0.00014525737660860293 1.5525899512868007 4.8241159039816914e-05 -0.00026050071932795375 0.9999999649060823 0.12213334143689714
1.0 0.0 0.0 0.0 0.0 1.0 0.0 0.0 0.0 0.0 1.0 0.0
0.9998085046116456 -0.01956919940972826 -2.32526696355168e-05 1.4034725151819725 0.019569197983231854 0.9998085031055136 -6.006834298963903e-05 -0.948394370491316 2.44237062036755e-05 5.9601804083231856e-05 0.9999999979255537 0.3485084863131906
0.3867573341642899 0.9221815016015721 0.00020633468155095887 -1.1849280205742678 -0.9221815225652672 0.38675730842414985 0.00015433636242333918 1.5522110886807376 6.252469238007715e-05 -0.00024996875088614064 0.9999999668031427 0.1217108202480418
1.0 0.0 0.0 0.0 0.0 1.0 0.0 0.0 0.0 0.0 1.0 0.0
0.9998092329830021 -0.019531924530656698 -3.957359860018048e-05 1.4034801517779814 0.019531922061925593 0.9998092319020873 -6.183788518241723e-05 -0.9486482879247501 4.0773862126563184e-05 6.105314010996402e-05 0.9999999973050029 0.3487544825955172
0.3867146834116818 0.9221993979542374 0.00015506980465982193 -1.1844358136652104 -0.9221994109658183 0.38671467666894727 7.254742601504153e-05 1.552026982979512 6.935423224059007e-06 -0.0001710604373996069 0.9999999853451133 0.12358134688492517
1.0 0.0 0.0 0.0 0.0 1.0 0.0 0.0 0.0 0.0 1.0 0.0
0.999808250679293 -0.019582149761006886 -3.583782496811993e-05 1.4034556342163018 0.019582147669690655 0.9998082496915731 -5.780411109360213e-05 -0.9480287724290082 3.696288181436004e-05 5.709124561387468e-05 0.9999999976871675 0.34866573276851637
0.3868077839432948 0.9221603338770757 0.00023854684730190812 -1.1850173975600011 -0.9221603625238968 0.3868077521779771 0.00016924779842209588 1.5529220589046304 6.380183650688749e-05 -0.0002854448130317944 0.9999999572252913 0.12181904954243528
1.0 0.0 0.0 0.0 0.0 1.0 0.0 0.0 0.0 0.0 1.0 0.0
0.9998083796924858 -0.019575574820597283 -2.769709443181521e-05 1.4032249036543973 0.01957557355867371 0.9998083790826459 -4.512184557301806e-05 -0.9482113458490242 2.8575073153228165e-05 4.457101280168176e-05 0.999999998598445 0.34848233268406736
0.38680184330173945 0.9221628325494419 0.00021043470908082301 -1.1850425704091223 -0.9221628550339732 0.3868018194637536 0.0001457913603465619 1.5529070887009215 5.304684546763367e-05 -0.0002504474390437357 0.9999999672310556 0.12229624793847291
1.0 0.0 0.0 0.0 0.0 1.0 0.0 0.0 0.0 0.0 1.0 0.0
0.9998082594632034 -0.019581715482375486 -2.6980106991584723e-05 1.403357506185394 0.019581714104376532 0.9998082585826052 -5.042571167752455e-05 -0.9482559419840324 2.796235572669856e-05 4.988772628288658e-05 0.9999999983646607 0.3485112341932413
0.3868038873722175 0.9221619698364637 0.0002325963750272322 -1.1851909489819277 -0.9221619971239405 0.3868038574063191 0.00016418275530884094 1.552689721746081 6.143391796952116e-05 -0.0002779980657118423 0.9999999594714736 0.12197311756998197
1.0 0.0 0.0 0.0 0.0 1.0 0.0 0.0 0.0 0.0 1.0 0.0
0.9998083649663932 -0.019576314728347196 -3.5282915359803985e-05 1.4032952306353517 0.019576312527905666 0.999808363730216 -6.166780369050606e-05 -0.9482703568144721 3.6483382207163796e-05 6.096527660089221e-05 0.9999999974760989 0.34836609068859387
0.38679953294429165 0.9221637990109106 0.00022160289374914774 -1.1850736655376262 -0.9221638243399205 0.3867995084844411 0.0001459964599673273 1.5529262778517197 4.891675978471092e-05 -0.00026082553451138276 0.999999964788595 0.12174323856869051
1.0 0.0 0.0 0.0 0.0 1.0 0.0 0.0 0.0 0.0 1.0 0.0
0.9998086139030055 -0.019563627635465885 -6.252409457173294e-06 1.4036396154437978 0.019563627326847344 0.9998086128655819 -4.61044301526432e-05 -0.9483139784434349 7.1531827302873926e-06 4.5973286597179e-05 0.9999999989176445 0.3485374968168918
0.38679730795844985 0.9221647313828458 0.00022527694091627643 -1.185359125006658 -0.9221647583044009 0.38679728739111613 0.00013041572060628768 1.5531737851202916 3.312826830281525e-05 -0.0002581869054175893 0.9999999661210193 0.12221211681912553
1.0 0.0 0.0 0.0 0.0 1.0 0.0 0.0 0.0 0.0 1.0 0.0
0.999807744441443 -0.019608005404566153 -1.6702357176700177e-05 1.4030849837987822 0.019608004942495382 0.9998077442147405 -2.73935676115713e-05 -0.9490876364398897 1.7236279273678855e-05 2.7060801143854803e-05 0.9999999994853119 0.3481595987875719
0.38679088682707635 0.9221674359009085 0.00017329589822322558 -1.185481424527389 -0.9221674511689829 0.38679087075454077 0.0001196053756953975 1.5520667343408237 4.3266911253036084e-05 -0.0002060701060970688 0.9999999778315427 0.12251271307842976
1.0 0.0 0.0 0.0 0.0 1.0 0.0 0.0 0.0 0.0 1.0 0.0
0.9998085382971659 -0.019567487635602426 -1.3255757910951134e-05 1.4034197819549092 0.019567487042634293 0.9998085374513916 -4.347580893963026e-05 -0.948480197098839 1.4103932283633292e-05 4.3208103116051597e-05 0.9999999989670696 0.3483261953232593
0.3867661172729257 0.9221778223267276 0.00018584498783012028 -1.1848827702265816 -0.9221778383550392 0.38676609287094155 0.00015444148587171348 1.5523149529132345 7.054397329537139e-05 -0.0002311148629827544 0.9999999708047336 0.12250808246965461
1.0 0.0 0.0 0.0 0.0 1.0 0.0 0.0 0.0 0.0 1.0 0.0
0.9998085389106307 -0.01956745997050084 -5.629639703902158e-06 1.403349977844138 0.01956745972903387 0.9998085381249253 -4.015286597108315e-05 -0.948359420392236 6.414251440119348e-06 4.003502051142801e-05 0.9999999991780271 0.34820848162240675
0.3867648865756504 0.9221783303564168 0.00022256049827805498 -1.185126441213295 -0.9221783543825465 0.3867648552156661 0.0001716924696185653 1.5525547798169985 7.225249607438495e-05 -0.00027164509259053815 0.9999999604942594 0.12197814148305636
1.0 0.0 0.0 0.0 0.0 1.0 0.0 0.0 0.0 0.0 1.0 0.0
0.9998078042592442 -0.019604953800122654 -1.8132929855157904e-05 1.403155300027991 0.019604953175653066 0.9998078038578831 -3.3997889893427807e-05 -0.9489346061313997 1.879597183665905e-05 3.363586040304808e-05 0.9999999992576701 0.34834912355421727
0.38683679610292304 0.9221481712887099 0.0002082539660649529 -1.1860526570557965 -0.9221481941295809 0.3868367773161095 0.00012561544710136093 1.5527433459362836 3.527576173427312e-05 -0.00024063369582485796 0.9999999704255221 0.12245270091627641
1.0 0.0 0.0 0.0 0.0 1.0 0.0 0.0 0.0 0.0 1.0 0.0
0.999808841923913 -0.019551952487397415 -2.7653106187107878e-05 1.403854001718361 0.01955195074990562 0.9998088404324779 -6.176518179392462e-05 -0.948543767864237 2.8855449931091503e-05 6.121270271034154e-05 0.999999997710184 0.34860699775261694
0.38678421462048274 0.9221702292727509 0.00019890565337148916 -1.1848835809047285 -0.9221702506965851 0.3867842072757382 7.571180136230755e-05 1.5529124586473877 -7.114396241018003e-06 -0.00021270900586198126 0.9999999773521319 0.1230715350083281
