1.0 0.0 0.0 0.0 0.0 1.0 0.0 0.0 0.0 0.0 1.0 0.0
0.9998086093070797 -0.01956385297435388 -2.0303745345119163e-05 1.4036035722822473 0.01956385181093656 0.9998086079677538 -5.5999124566300285e-05 -0.9486084438847424 2.1395418009738156e-05 5.5591187389904446e-05 0.999999998225928 0.348445085267284
0.3867644161152918 0.9221785314686364 0.00020621674700091068 -1.1851416207810592 -0.9221785528894957 0.38676439243821215 0.00014605662005406174 1.5525621344378173 5.4932984528338394e-05 -0.00024665816470587315 0.9999999680710582 0.1218989007786212
1.0 0.0 0.0 0.0 0.0 1.0 0.0 0.0 0.0 0.0 1.0 0.0
0.9998084582637575 -0.019571558207542854 -2.989275252927961e-05 1.4034763634704537 0.019571556543414134 0.9998084572313337 -5.498335206565217e-05 -0.9483496205876483 3.096313666409114e-05 5.4387772762562144e-05 0.9999999980416272 0.3482313843359774
0.38679467167761145 0.9221658412360727 0.00020789221917245497 -1.1849685946737638 -0.9221658632038497 0.3867946485231785 0.00014358038994537775 1.5532144683238673 5.199333323346296e-05 -0.0002472472375347893 0.9999999680827478 0.12151115863773565
1.0 0.0 0.0 0.0 0.0 1.0 0.0 0.0 0.0 0.0 1.0 0.0
0.9998084400232481 -0.01957249921235768 -2.308377709485665e-05 1.403072559906903 0.019572497931573708 0.9998084388314101 -5.4462986088640065e-05 -0.9483275192971444 2.414533189186295e-05 5.400074598084543e-05 0.999999998250461 0.3484465066836168
0.38677018904281346 0.9221761172057682 0.00017240382982630024 -1.1850529755477313 -0.922176131340819 0.3867701691998366 0.00013784923257043218 1.5522291387869152 6.04406116189834e-05 -0.00021230267055824195 0.9999999756372541 0.12228362351106284
1.0 0.0 0.0 0.0 0.0 1.0 0.0 0.0 0.0 0.0 1.0 0.0
0.9998085055849245 -0.019569161888363062 -7.938903189269066e-06 1.4030662001338983 0.019569161568258213 0.9998085048786526 -3.8572383374220766e-05 -0.9482003047173434 8.69221214271457e-06 3.840963929905018e-05 0.9999999992245726 0.3483695790498473
0.3867640289117498 0.9221786946606387 0.00020261774893298568 -1.1851453377509695 -0.9221787149533127 0.38676400440241 0.00015028529201546742 1.5523349972748097 6.022464247719149e-05 -0.0002449747203638434 0.9999999681801889 0.12213937200713174
1.0 0.0 0.0 0.0 0.0 1.0 0.0 0.0 0.0 0.0 1.0 0.0
0.9998085124825454 -0.019568802850909076 -1.795612501898166e-05 1.4032701241827334 0.019568801869644152 0.9998085112429905 -5.3286594794921166e-05 -0.9484196382058094 1.899544149105421e-05 5.2925011224330126e-05 0.9999999984190582 0.3484630785766608
0.3867990600930922 0.922164004978005 0.00018717378285936748 -1.1852161448562557 -0.9221640239488669 0.38679905062988496 8.58268709719909e-05 1.5528717746749665 6.747809557446631e-06 -0.00020580268180199943 0.9999999787998614 0.12263966021523823
1.0 0.0 0.0 0.0 0.0 1.0 0.0 0.0 0.0 0.0 1.0 0.0
0.9998088101664089 -0.019553549883681177 -4.243319511695411e-05 1.404073253861331 0.019553546902054582 0.9998088087040943 -6.957908314074782e-05 -0.9484808649974039 4.3785600332448434e-05 6.873606085650197e-05 0.9999999966790876 0.3488278686661603
0.38678720914992915 0.9221689733410998 0.00019860772809002182 -1.1847765969834576 -0.9221689946742615 0.38678719782760884 9.411761958044189e-05 1.5529345288105105 9.973422006953428e-06 -0.00021955338035665634 0.9999999758484217 0.12289041413923155
1.0 0.0 0.0 0.0 0.0 1.0 0.0 0.0 0.0 0.0 1.0 0.0
0.9998082198526345 -0.01958370674422335 -4.4105128022290514e-05 1.4029298149945006 0.01958370428583011 0.9998082193332907 -5.549811027677821e-05 -0.9479741299611013 4.5183528227952865e-05 5.462372505632683e-05 0.9999999974873487 0.3486842483683476
0.3868180348979585 0.9221560462794521 0.00018489978634564594 -1.1851286199681157 -0.9221560627774188 0.3868180129331961 0.00014405992784183481 1.5530327017070074 6.132316553993358e-05 -0.00022623143718020385 0.9999999725294029 0.12202636873891373
1.0 0.0 0.0 0.0 0.0 1.0 0.0 0.0 0.0 0.0 1.0 0.0
0.9998076968115022 -0.019610419515684048 -2.9032728612491625e-05 1.4028983557465335 0.019610418048913888 0.9998076960129538 -4.9972163941328885e-05 -0.948892413602028 3.000712060201448e-05 4.939321018966485e-05 0.999999998329942 0.3483890184328574
0.3868332803068454 0.9221496532535669 0.00017392921483559102 -1.1857746350291132 -0.9221496685055682 0.38683328236565095 2.3006229892125566e-05 1.5527457712578316 -4.606642215643331e-05 -0.00016928834318074779 0.9999999846096708 0.12352901089077814
1.0 0.0 0.0 0.0 0.0 1.0 0.0 0.0 0.0 0.0 1.0 0.0
0.9998083949676161 -0.01957480037693201 -2.329126862175675e-05 1.4032798250532017 0.019574799202407046 0.9998083940300958 -4.963010049189964e-05 -0.9483522151052217 2.4258305185456727e-05 4.9164669208438636e-05 0.9999999984971849 0.34843489993359883
0.38679538808891684 0.9221655378812325 0.000220221166704337 -1.1852010462386713 -0.9221655626384507 0.3867953626213267 0.00015012776767006747 1.5526233461971977 5.326212759208481e-05 -0.0002611491042576728 0.9999999644821451 0.12199118746601934
1.0 0.0 0.0 0.0 0.0 1.0 0.0 0.0 0.0 0.0 1.0 0.0
0.9998084154463583 -0.019573749547910076 -2.7042143366343787e-05 1.4035340130230312 0.019573748058354754 0.9998084143671873 -5.429105530004874e-05 -0.948356408263918 2.8099641999331392e-05 5.375133787124206e-05 0.9999999981606018 0.3485674271037894
0.38680079265856315 0.9221632702242148 0.0002232668551582239 -1.1850950008846177 -0.9221632953926102 0.386800765166869 0.00015715268549952263 1.5527997596452727 5.856064397315487e-05 -0.0002666752822242853 0.9999999627274716 0.12191768555495558
1.0 0.0 0.0 0.0 0.0 1.0 0.0 0.0 0.0 0.0 1.0 0.0
0.9998084921300958 -0.019569846214186965 -1.3553549098772186e-05 1.4032775027386002 0.019569845480709634 0.9998084908691452 -5.2285980765675974e-05 -0.9484908264402735 1.4574182073097376e-05 5.2010726727288256e-05 0.999999998541239 0.3483011302338979
0.3867718270774981 0.9221754304049711 0.00017127912954153794 -1.1847812994765743 -0.9221754443722545 0.3867718075489723 0.00013668260835336606 1.5523105083684856 5.979940465894082e-05 -0.00021081438955920516 0.9999999759906618 0.12232088104872349
1.0 0.0 0.0 0.0 0.0 1.0 0.0 0.0 0.0 0.0 1.0 0.0
0.9998084299972624 -0.019573004993224244 -2.7963295002738695e-05 1.4032120011958744 0.019573003538022216 0.9998084290956345 -5.1398646759241816e-05 -0.948295079463572 2.8963964018682783e-05 5.084147464831242e-05 0.9999999982881165 0.34845434392562835
0.3868063222176357 0.9221609580718664 0.0001910508946820354 -1.18521150120294 -0.9221609771807141 0.38680630566313384 0.00011859320757758535 1.5531726954869622 3.546233515496667e-05 -0.00022205228219432027 0.999999974717603 0.12233124802400513
1.0 0.0 0.0 0.0 0.0 1.0 0.0 0.0 0.0 0.0 1.0 0.0
0.9998076364476014 -0.019613516328417537 -8.848420798349953e-06 1.4027187789632194 0.019613515875171496 0.9998076353099714 -4.8691860857038796e-05 -0.9488461888282123 9.801737282617958e-06 4.8508945675926555e-05 0.999999998775404 0.34834411128617765
0.3867991753494198 0.9221639587279782 0.00017655637186432822 -1.1855826755775702 -0.9221639739456515 0.3867991791242372 1.3622744592095884e-05 1.551987843520167 -5.5729455624494894e-05 -0.0001680831918780472 0.999999984321134 0.1235256280000353
1.0 0.0 0.0 0.0 0.0 1.0 0.0 0.0 0.0 0.0 1.0 0.0
0.9998084793305446 -0.019570495692514702 -1.8896897141850782e-05 1.403445032591798 0.019570494689220307 0.9998084781820394 -5.1893480270894946e-05 -0.948469291142052 1.990885910586498e-05 5.1513719971651e-05 0.999999998474987 0.34847055232187607
0.386792006899616 0.9221669616643217 0.00019548237855671305 -1.1852774950763223 -0.9221669822935591 0.38679199520823787 9.597093466811694e-05 1.5530409090308197 1.2890206000970146e-05 -0.00021738818554951068 0.9999999762881093 0.12246835536522058
1.0 0.0 0.0 0.0 0.0 1.0 0.0 0.0 0.0 0.0 1.0 0.0
0.999808443362738 -0.019572278963160945 -4.976713935361411e-05 1.4034964169501003 0.019572275129619923 0.999808441758593 -7.638393423797064e-05 -0.9483651496932395 5.1252613717116606e-05 7.539524624453741e-05 0.9999999958443632 0.3485659538597592
0.3867949132928561 0.9221657399786988 0.0002075097832382866 -1.1849153761938114 -0.9221657632182011 0.38679490001276173 0.00010233430378403107 1.5530703003754782 1.4105463114876929e-05 -0.0002309408057942015 0.9999999732336898 0.12265160414538606
1.0 0.0 0.0 0.0 0.0 1.0 0.0 0.0 0.0 0.0 1.0 0.0
0.9998083550636806 -0.019576825830233475 -3.217559943739136e-05 1.4033842496639197 0.01957682386435836 0.9998083538004282 -6.031799661399775e-05 -0.948381089619303 3.3350268020191616e-05 5.9676540932469616e-05 0.999999997663235 0.3486236195961491
0.38680279921087873 0.9221624325685411 0.00020611138024941467 -1.1853069916853518 -0.9221624544143657 0.3868027777056013 0.00013721408930583885 1.5529650678555722 4.6809223979750855e-05 -0.00024314297012822665 0.9999999693451957 0.12199299061925073
1.0 0.0 0.0 0.0 0.0 1.0 0.0 0.0 0.0 0.0 1.0 0.0
0.9998084282898148 -0.01957309923623093 -2.251530745942742e-05 1.4032122305764512 0.01957309810748246 0.9998084273496759 -4.9305604300774266e-05 -0.9482990155557351 2.3476057628184373e-05 4.885546442000344e-05 0.9999999985310092 0.34845202046124496
0.3868025398678988 0.9221625403557221 0.00021051466377091898 -1.1852155238475035 -0.9221625626599499 0.386802515105589 0.00014945375239484014 1.5528894803760005 5.639305056091732e-05 -0.00025193783283959805 0.9999999666735755 0.12215746894589652
1.0 0.0 0.0 0.0 0.0 1.0 0.0 0.0 0.0 0.0 1.0 0.0
0.9998084862931311 -0.01957013185755306 -2.5986848983449438e-05 1.4034645961654557 0.019570130492966385 0.999808485317457 -5.1765835855355846e-05 -0.9482692816820126 2.6994936353718993e-05 5.124735596253054e-05 0.999999998322491 0.3485036464490505
0.3868040925216098 0.9221618877748277 0.00021620383817152298 -1.1851280844632042 -0.9221619120264124 0.3868040700156501 0.00013938120032002134 1.55315987457951 4.490350624967836e-05 -0.00025328816350005194 0.9999999669143901 0.12233631783514431
1.0 0.0 0.0 0.0 0.0 1.0 0.0 0.0 0.0 0.0 1.0 0.0
0.9998083026021289 -0.019579503767245127 -3.286453461785566e-05 1.4032524628513654 0.019579501768507413 0.9998083013765264 -6.0075630106829334e-05 -0.9483494278178268 3.403448555780624e-05 5.9420642551195564e-05 0.9999999976554205 0.3483217819520392
0.38680165139282185 0.9221629140130073 0.00020615242985327613 -1.1850376944205483 -0.9221629360619545 0.38680163093040515 0.0001329028755996673 1.552805767756106 4.281800695617914e-05 -0.00024151318174660193 0.999999969919 0.12165317068273238
1.0 0.0 0.0 0.0 0.0 1.0 0.0 0.0 0.0 0.0 1.0 0.0
0.9998082072227596 -0.01958436480600776 -3.775124358350586e-05 1.4032833300974197 0.019584362812562265 0.9998082065976892 -5.247036046170839e-05 -0.9481869919791042 3.877160182484287e-05 5.1720962974582764e-05 0.9999999979108523 0.34863271062395523
0.3868105700673345 0.9221591740753884 0.0002013772145788293 -1.18482067940319 -0.9221591942381095 0.38681054633897644 0.00014738746589256069 1.5526881489278768 5.801987342510018e-05 -0.00024271287963662237 0.9999999688620759 0.1225045802780903
