1.0 0.0 0.0 0.0 0.0 1.0 0.0 0.0 0.0 0.0 1.0 0.0
0.9998083947509069 -0.019574820026674784 -1.4371443228663692e-05 1.4034753580462405 0.019574819425009136 0.9998083940303932 -4.0875960034848376e-05 -0.9484256194093259 1.5168829135447411e-05 4.058680958026263e-05 0.9999999990613087 0.3483206495706544
0.3867972462622999 0.9221647607152358 0.00021066303322097305 -1.1852672256534993 -0.9221647835129143 0.3867972236748993 0.00014073368202526635 1.5529972192644736 4.829576582859732e-05 -0.0002487014310881176 0.9999999679075581 0.12171691316229707
1.0 0.0 0.0 0.0 0.0 1.0 0.0 0.0 0.0 0.0 1.0 0.0
0.9998089088724661 -0.01954853968735168 -1.8312313349674672e-05 1.4037052913425159 0.01954853847612287 0.999808907006591 -6.413839159622916e-05 -0.9486856445402996 1.9562625888505354e-05 6.376815635656049e-05 0.9999999977754631 0.34845322101922266
0.38674248212934814 0.9221877320304096 0.00019851710565358283 -1.18483934592318 -0.9221877532488738 0.3867424769717173 6.529606238196542e-05 1.5527124684468738 -1.6559769483178885e-05 -0.00020832280488303678 0.9999999781636912 0.12290314874571051
1.0 0.0 0.0 0.0 0.0 1.0 0.0 0.0 0.0 0.0 1.0 0.0
0.9998089932465046 -0.01954421870087286 -2.321171273151127e-05 1.4037866934385048 0.01954421706680343 0.9998089911907474 -6.865410325298807e-05 -0.9484678453920878 2.4549069898590457e-05 6.818733510349795e-05 0.9999999973739153 0.34864767898109056
0.3867886224393116 0.9221683792076465 0.00020479512273387696 -1.1851957299573253 -0.9221684016695538 0.38678861824273264 6.131963818678003e-05 1.5532988319635725 -2.266539118478763e-05 -0.00021257332938395867 0.9999999771494293 0.12325758934318562
1.0 0.0 0.0 0.0 0.0 1.0 0.0 0.0 0.0 0.0 1.0 0.0
0.9998084265961961 -0.01957316301594623 -3.7373644175793846e-05 1.4033043906177238 0.019573160346957 0.9998084248619566 -7.04917352083922e-05 -0.948352889403645 3.874623053927085e-05 6.974671053654343e-05 0.999999996817063 0.34834827586662875
0.3867615369539757 0.9221797372643055 0.00021380396408114964 -1.18501938710396 -0.9221797604988233 0.38676151246539836 0.00014765436104129283 1.5520956075996601 5.3472715351867984e-05 -0.00025427271600434543 0.9999999662430268 0.12183987687972586
1.0 0.0 0.0 0.0 0.0 1.0 0.0 0.0 0.0 0.0 1.0 0.0
0.9998083789808853 -0.019575621577409462 -1.895974575628548e-05 1.4035779385798814 0.019575620730948137 0.9998083782157797 -4.3846660531504046e-05 -0.948425901409649 1.9814438289977652e-05 4.346710979765147e-05 0.9999999988589993 0.34838691160320734
0.3867980586156163 0.9221644116596374 0.00024437599281720417 -1.1853079662066996 -0.9221644417760673 0.38679802551613224 0.00017257072855053916 1.5528728312647653 6.461443285824355e-05 -0.0002921048737769822 0.9999999552498581 0.12180643752273845
1.0 0.0 0.0 0.0 0.0 1.0 0.0 0.0 0.0 0.0 1.0 0.0
0.9998077201274966 -0.019609246491624696 -1.5016261004330816e-05 1.4027523115238971 0.01960924594899483 0.9998077196217676 -3.546876199579056e-05 -0.9487372831136449 1.5708889368705e-05 3.516748451148029e-05 0.9999999992582391 0.34825952856663617
0.38684138172391747 0.9221462481343938 0.00020600386097726844 -1.1859505569047646 -0.922146270712034 0.38684136504692945 0.0001170492008646801 1.5524433483960447 2.824566663910945e-05 -0.0002352451667446427 0.9999999719309465 0.12249392021548183
1.0 0.0 0.0 0.0 0.0 1.0 0.0 0.0 0.0 0.0 1.0 0.0
0.9998076128362549 -0.01961469686618811 -3.132916880666096e-05 1.402733153346241 0.019614695404163697 0.9998076122832145 -4.631132454904691e-05 -0.9485903907545756 3.223152405191203e-05 4.5687902741265934e-05 0.999999998436872 0.3485009588161732
0.38683761766099367 0.9221478290693246 0.00019724375410520945 -1.1857402738192189 -0.9221478489357855 0.3868375972561845 0.0001343583470724567 1.5524931631113121 4.759695815835907e-05 -0.00023386276645852156 0.9999999715213673 0.12211962276141303
1.0 0.0 0.0 0.0 0.0 1.0 0.0 0.0 0.0 0.0 1.0 0.0
0.9998090362805003 -0.019542010705488538 -2.8097049302876352e-05 1.4041534256811377 0.019542008741005278 0.9998090343623036 -6.857028210892791e-05 -0.9486834707518144 2.943168491899445e-05 6.800811488974684e-05 0.9999999972543363 0.34863226060952934
0.3867755396657994 0.9221738711611092 0.00018238411270697416 -1.1849963800840155 -0.9221738880592008 0.38677554144771537 2.6825429398647063e-05 1.5533585054810821 -4.580400386958931e-05 -0.00017856528626766294 0.9999999830082157 0.12352834200122415
1.0 0.0 0.0 0.0 0.0 1.0 0.0 0.0 0.0 0.0 1.0 0.0
0.999807633336955 -0.019613642659742928 -3.6643860848728884e-05 1.4027484354035575 0.019613641160641113 0.9998076332041307 -4.08310721711474e-05 -0.9486468054121286 3.7437657845611685e-05 4.0104498096619e-05 0.9999999984950255 0.3483616609769983
0.3868423100325711 0.9221458677199966 0.00016067233188089776 -1.185030467364769 -0.9221458804340138 0.3868422944289834 0.00012016445685717035 1.5528936702085518 4.865430382158801e-05 -0.0001946480250181227 0.9999999798724525 0.12223099099100981
1.0 0.0 0.0 0.0 0.0 1.0 0.0 0.0 0.0 0.0 1.0 0.0
0.9998085913302989 -0.01956475244026321 -3.411852487482442e-05 1.403487027679438 0.01956475044556531 0.9998085902779004 -5.7849111933864854e-05 -0.9484612429249375 3.5243797811332916e-05 5.7170518687559784e-05 0.9999999977447032 0.34860078532319133
0.38680346471271376 0.9221621606290051 0.00017085164676506834 -1.18507172703942 -0.9221621755678852 0.38680344956974666 0.00011555452853767387 1.5531169022371465 4.047400737336308e-05 -0.00020224981828184148 0.9999999787284325 0.12255113940562351
1.0 0.0 0.0 0.0 0.0 1.0 0.0 0.0 0.0 0.0 1.0 0.0
0.9998085872716606 -0.019564972128240377 -2.614320333906853e-05 1.4035128954063727 0.019564970365272983 0.9998085854649188 -6.606998700836189e-05 -0.9485232868122768 2.743085660428778e-05 6.554584937330664e-05 0.9999999974756447 0.34859573259207227
0.3867996916533903 0.922163738974959 0.00019250081924355675 -1.1852226517117548 -0.9221637590494255 0.38679968192436837 8.694273880272227e-05 1.5530872302743353 5.716185437450511e-06 -0.00021114670365412618 0.9999999776921972 0.12277578018723961
1.0 0.0 0.0 0.0 0.0 1.0 0.0 0.0 0.0 0.0 1.0 0.0
0.9998082798010767 -0.01958068475614366 -2.0632322812325324e-05 1.4032887313233255 0.019580683750111946 0.9998082788870472 -4.7883175370972276e-05 -0.9483868072806794 2.156595252248719e-05 4.747000021104436e-05 0.9999999986407543 0.34831913872554526
0.3868009228555333 0.9221632178118833 0.00021399285221963786 -1.185193430284892 -0.92216324141177 0.3868008999438276 0.00014139159123364173 1.5528830483105498 4.761349692345814e-05 -0.0002520267402149952 0.999999967107738 0.12185614638386155
1.0 0.0 0.0 0.0 0.0 1.0 0.0 0.0 0.0 0.0 1.0 0.0
0.9998082148690085 -0.019583991996058585 -2.716513938745922e-05 1.403322701500318 0.019583990664036488 0.9998082140895896 -4.846294033450566e-05 -0.9482031297926985 2.810902733208406e-05 4.792164402699167e-05 0.9999999984566993 0.3484419093207013
0.386807977457046 0.9221602580744112 0.00021680342465482045 -1.1847412616194564 -0.9221602817947222 0.38680795147893404 0.00015281671909034053 1.5524553235670944 5.70602165500849e-05 -0.00025903823320670884 0.9999999648216621 0.12219209209356807
1.0 0.0 0.0 0.0 0.0 1.0 0.0 0.0 0.0 0.0 1.0 0.0
0.9998085155072323 -0.01956863505993495 -2.9002006761972053e-05 1.4031833240991416 0.019568633246181622 0.9998085140684309 -6.1556104391784e-05 -0.9482636956700441 3.02010222282372e-05 6.097678771862218e-05 0.9999999976848647 0.34842696557309516
0.38676615476412207 0.9221778097010377 0.00016977624011788132 -1.1849101942317843 -0.9221778241458667 0.3867661383864783 0.00012186552616226567 1.5526431304626531 4.6717983214214554e-05 -0.00020369734465566753 0.9999999781624106 0.1221031610170191
1.0 0.0 0.0 0.0 0.0 1.0 0.0 0.0 0.0 0.0 1.0 0.0
0.9998084752468163 -0.019570678412287826 -3.702863622717061e-05 1.4035046481347693 0.019570675811298305 0.9998084735784277 -6.9347413213891e-05 -0.948525831713023 3.8378720187706025e-05 6.860945603235132e-05 0.9999999969099084 0.34851610086100376
0.3867941326579277 0.9221660699784971 0.00019575958228547612 -1.1851057419514586 -0.9221660906732333 0.3867941210524542 9.555995212799968e-05 1.5530470917102477 1.2403489933504354e-05 -0.00021748487750820124 0.9999999762732403 0.12237818623505872
1.0 0.0 0.0 0.0 0.0 1.0 0.0 0.0 0.0 0.0 1.0 0.0
0.9998076324324635 -0.01961370016603493 -2.9926395824516706e-05 1.4029608174366295 0.01961369779862746 0.9998076299269324 -7.74503373467224e-05 -0.9491259669050631 3.143972657604038e-05 7.684847112981506e-05 0.9999999965529279 0.3487803087405575
0.38688057271432147 0.9221298078355461 0.0001998935151684674 -1.1871863401394571 -0.922129829340847 0.38688056760190764 6.520618070372198e-05 1.5527774659063347 -1.7206353726299866e-05 -0.00020955477756381336 0.9999999778953682 0.12274656219140423
1.0 0.0 0.0 0.0 0.0 1.0 0.0 0.0 0.0 0.0 1.0 0.0
0.9998075953137852 -0.019615331192266734 0.00010552290953062072 1.4026549473824939 0.01961532303880607 0.9998075980188471 7.775517355321294e-05 -0.9481758190202718 -0.00010702780019492766 -7.567034713500638e-05 0.9999999914095242 0.3481003897295038
0.386861489485998 0.9221377386985646 0.0004228718173630468 -1.1852655811955342 -0.9221378221947408 0.38686136479746847 0.0003482886477875496 1.5525525908275564 0.00015757733768574102 -0.0005246855617848517 0.9999998499372106 0.12200744991113269
1.0 0.0 0.0 0.0 0.0 1.0 0.0 0.0 0.0 0.0 1.0 0.0
0.999808463467634 -0.019571309075846456 -1.547729734900713e-05 1.4035169862324475 0.01957130821634161 0.9998084621534811 -5.3860853397904904e-05 -0.9484795650773719 1.6528460269742355e-05 5.3547626120046774e-05 0.9999999984297309 0.34842982311989307
0.3867668321448881 0.9221775130858463 0.00022784076103348977 -1.1851236629277333 -0.922177539519183 0.3867668045636623 0.00015650546433126442 1.5524267679373032 5.6204576787079225e-05 -0.00027064075506481286 0.9999999617973131 0.12218733043672922
1.0 0.0 0.0 0.0 0.0 1.0 0.0 0.0 0.0 0.0 1.0 0.0
0.9998077789601207 -0.01960622949566705 -2.9929811616885726e-05 1.4030089730539523 0.019606228024552984 0.999807778251913 -4.867876921170692e-05 -0.9488854337236674 3.087846557690224e-05 4.808260141677315e-05 0.9999999983672919 0.34828300685716573
0.38682835249839365 0.9221517128917416 0.00021003381945875168 -1.1858230511607246 -0.922151735797384 0.38682833136082134 0.0001349906414585788 1.5527792801898723 4.3234819334810616e-05 -0.0002459012586281611 0.9999999688316601 0.12216188943496636
1.0 0.0 0.0 0.0 0.0 1.0 0.0 0.0 0.0 0.0 1.0 0.0
0.9998085774513504 -0.01956542613054392 -5.054736362858471e-05 1.4030360421880772 0.019565422556880964 0.9998085763308976 -7.025206959409621e-05 -0.9480987543039963 5.191219934494709e-05 6.924964123536215e-05 0.9999999962548053 0.3486423805246688
0.38681349465910625 0.9221579521735354 0.00017774341328294916 -1.1847480345840098 -0.9221579690741428 0.38681348308048696 9.685140012802668e-05 1.5532205401018837 2.0558740020601955e-05 -0.00020137093355544452 0.9999999795135425 0.12289767792126996
