1.0 0.0 0.0 0.0 0.0 1.0 0.0 0.0 0.0 0.0 1.0 0.0
0.9998076692754579 -0.01961183554629027 -1.909142095323105e-05 1.4029076966676937 0.01961183483031917 0.9998076687873824 -3.699362964928061e-05 -0.9487609788385267 1.981326205802775e-05 3.661209684327153e-05 0.9999999991334947 0.3483566284424736
0.3868433678075679 0.9221454120643141 0.00021861389687497412 -1.1859477431183028 -0.922145437784119 0.38684335199640457 0.00011220571239395288 1.5526882117993415 1.890065023139159e-05 -0.00024499984330920695 0.9999999698089207 0.12245936630040383
1.0 0.0 0.0 0.0 0.0 1.0 0.0 0.0 0.0 0.0 1.0 0.0
0.999808642111417 -0.01956217626935983 -2.0467820080762154e-05 1.4034050800985014 0.019562175256849244 0.9998086411618874 -4.855142936114548e-05 -0.9482785217162706 2.141367500178267e-05 4.814174357858812e-05 0.9999999986119136 0.34840717465871085
0.3867595904107476 0.9221805546103864 0.00020958003483265953 -1.1847689698081108 -0.9221805762972879 0.38675956408986684 0.00015583651163244734 1.5522458171730775 6.26523178119402e-05 -0.00025354190271239597 0.9999999658955945 0.1219859380130584
1.0 0.0 0.0 0.0 0.0 1.0 0.0 0.0 0.0 0.0 1.0 0.0
0.9998086922789803 -0.019559607512846022 -2.4440513429187166e-05 1.4036510620364557 0.0195596061960027 0.9998086911984617 -5.300448930593821e-05 -0.948534503887692 2.54725847510934e-05 5.251630231998288e-05 0.9999999982965927 0.3484552681719559
0.38679622602117725 0.9221651932541888 0.0001894366357934771 -1.1851936213451328 -0.9221652123602873 0.3867962120404849 0.00010706838471825415 1.553241657363131 2.5461364538511704e-05 -0.00021610552261050906 0.9999999763250609 0.12252872279038055
1.0 0.0 0.0 0.0 0.0 1.0 0.0 0.0 0.0 0.0 1.0 0.0
0.9998084394853666 -0.019572510529903928 -3.4137844815897626e-05 1.403355462631727 0.019572508639907133 0.9998084386008463 -5.484595148496884e-05 -0.9482509198348286 3.52047782855407e-05 5.4167281903669765e-05 0.9999999979132645 0.3483856295857041
0.3867991372978773 0.9221639748523834 0.00017569880838065773 -1.1847053997704318 -0.9221639911402878 0.3867991241367099 0.00010493469624897806 1.5533554492570611 2.8806851399385748e-05 -0.0002026117643566203 0.9999999790593188 0.12220160132515998
1.0 0.0 0.0 0.0 0.0 1.0 0.0 0.0 0.0 0.0 1.0 0.0
0.9998077194761167 -0.01960926854797879 -2.5748399920810167e-05 1.4025567999670407 0.019609267487408558 0.9998077189953507 -4.081569800030237e-05 -0.9488257441942745 2.6543814975659962e-05 4.030294267508342e-05 0.9999999988355494 0.3481818665651995
0.38680507915811413 0.9221614821113973 0.00017789771449543403 -1.1855481153551102 -0.9221614970725858 0.38680505771805135 0.00014366830999215495 1.552008177554904 6.367364595149792e-05 -0.00021962205474394637 0.9999999738559096 0.12153978311228392
1.0 0.0 0.0 0.0 0.0 1.0 0.0 0.0 0.0 0.0 1.0 0.0
0.9998077016501202 -0.019610183282688178 -2.0802014222325163e-05 1.4030364337543013 0.019610182413878983 0.9998077010355765 -4.11782661040437e-05 -0.9489568469780201 2.160552736209412e-05 4.0762416297944624e-05 0.9999999989358134 0.3483246048683736
0.3868312189611428 0.9221505133716718 0.0001967876977201614 -1.1858924271293125 -0.9221505340363046 0.38683120428106765 0.00010941214084732011 1.5526009176068607 2.4770839754657096e-05 -0.00022379191235752396 0.9999999746517922 0.12240519366112379
1.0 0.0 0.0 0.0 0.0 1.0 0.0 0.0 0.0 0.0 1.0 0.0
0.9998084110861446 -0.01957397831962738 -2.2229280484692394e-05 1.403410542820989 0.01957397705330769 0.9998084097996754 -5.5822576481397194e-05 -0.9483761716648478 2.3317691474190512e-05 5.537676606849085e-05 0.9999999981948496 0.34844647042239246
0.38680568024484346 0.9221612242001577 0.0002056987859580912 -1.1851582605886355 -0.9221612458662675 0.3868056583539373 0.00013888034763902575 1.553113762101086 4.8504617071025864e-05 -0.0002434071560734451 0.9999999692001287 0.12195864034120033
1.0 0.0 0.0 0.0 0.0 1.0 0.0 0.0 0.0 0.0 1.0 0.0
0.9998087830239184 -0.019554976106101213 -1.725456643116155e-05 1.4036672886329575 0.01955497497382717 0.9998087811773969 -6.351645455834025e-05 -0.9487021865115994 1.849332978452509e-05 6.316689651923351e-05 0.9999999978339699 0.34860180466048996
0.3867520365601316 0.9221837295237942 0.0001766866607859837 -1.1848535103853794 -0.9221837464195054 0.38675202789010366 8.223489731018664e-05 1.5525015957092463 7.501759938405669e-06 -0.0001947420807969946 0.9999999810096226 0.12290874510170485
1.0 0.0 0.0 0.0 0.0 1.0 0.0 0.0 0.0 0.0 1.0 0.0
0.9998076443761466 -0.019613108121586283 -1.5389332902380576e-05 1.4030280040891128 0.01961310752473694 0.9998076437833795 -3.802038699834425e-05 -0.948781827462549 1.613207062955363e-05 3.771124092213873e-05 0.9999999991588094 0.34834268688697884
0.3868332917910297 0.9221496333796028 0.00024087337171837067 -1.1859449029981106 -0.9221496629107395 0.386833260894676 0.00016570818230195544 1.5523947517627557 5.9629907713240565e-05 -0.0002862227401708513 0.9999999572604078 0.12189579827276201
1.0 0.0 0.0 0.0 0.0 1.0 0.0 0.0 0.0 0.0 1.0 0.0
0.9998082604519032 -0.019581589538455808 -6.069009021831691e-05 1.403100462898366 0.019581585139532683 0.9998082597696868 -7.224772267143704e-05 -0.9479190315822433 6.209317873688107e-05 7.104546175700769e-05 0.9999999955484895 0.34864976840180384
0.3868219553997999 0.9221544031174507 0.00017785323641842228 -1.1846697023807722 -0.9221544183832305 0.3868219350819469 0.00013854870931365694 1.5531949305829122 5.8965769267871234e-05 -0.00021760183044183264 0.9999999745862403 0.12237694797230317
1.0 0.0 0.0 0.0 0.0 1.0 0.0 0.0 0.0 0.0 1.0 0.0
0.9998076046976074 -0.01961511670479201 -2.802658992807286e-05 1.4026193395272735 0.019615115644873136 0.9998076044039973 -3.76055596742277e-05 -0.9485382181719642 2.875883517736466e-05 3.704857973863725e-05 0.999999998900166 0.3485001624769712
0.38683904223375015 0.9221472367146145 0.00017094817019751768 -1.1855562726427749 -0.9221472513102063 0.3868390254114923 0.00012377285485718986 1.5525327525562127 4.8007372531755494e-05 -0.00020551955789165413 0.9999999777285016 0.1223850607180457
1.0 0.0 0.0 0.0 0.0 1.0 0.0 0.0 0.0 0.0 1.0 0.0
0.9998089532211981 -0.019546270061752483 -1.9631738276154002e-05 1.4040149384801643 0.019546268888071604 0.9998089517373432 -5.829605671638725e-05 -0.9481783006675908 2.0767458134776842e-05 5.790119220744697e-05 0.9999999981080822 0.3486660323040077
0.38678540228945935 0.9221697067837061 0.00029063075299277344 -1.1851923268858564 -0.9221697518215757 0.3867853699694333 0.00016248982099636395 1.553163864259595 3.743146726274929e-05 -0.00033085958014108483 0.9999999445654101 0.12241285535240695
1.0 0.0 0.0 0.0 0.0 1.0 0.0 0.0 0.0 0.0 1.0 0.0
0.9998085425211847 -0.019567232809091596 -4.125360035697537e-05 1.4036845232807402 0.019567229849911945 0.9998085409124295 -7.095463362526123e-05 -0.9483867999305531 4.263408781532394e-05 7.013383014967451e-05 0.9999999966317903 0.34882725876326126
0.38680055251208234 0.9221633804531968 0.0001797984453840296 -1.184627364424898 -0.9221633978309672 0.38680054157675764 9.347070445169526e-05 1.553140995108829 1.6649124741315773e-05 -0.00020195806544567765 0.9999999794678731 0.12279411126737072
1.0 0.0 0.0 0.0 0.0 1.0 0.0 0.0 0.0 0.0 1.0 0.0
0.9998086879125506 -0.019559672936981597 8.22750407045092e-05 1.4037512035673263 0.019559669603374588 0.9998086905170356 4.112927272367872e-05 -0.9478617333953809 -8.306377583162473e-05 -3.95121315838759e-05 0.9999999957696004 0.34834458397204665
0.38679245266262224 0.9221666895973321 0.00044176954634442516 -1.184992619084593 -0.9221667850571036 0.38679233213917635 0.00033516530899114924 1.5533916278496633 0.00013820521036161243 -0.0005370246142006895 0.99999984625193 0.12174277595374919
1.0 0.0 0.0 0.0 0.0 1.0 0.0 0.0 0.0 0.0 1.0 0.0
0.9998077094269384 -0.019609787083399034 -2.0518346907039233e-05 1.402804614104642 0.01960978627805269 0.999807708902681 -3.874146629260365e-05 -0.9486725441525252 2.1274113316898803e-05 3.8331656276224326e-05 0.9999999990390481 0.34838156979475443
0.3868416999712323 0.9221461167375341 0.00019633963637689285 -1.1856449050036089 -0.9221461362301161 0.38684167884014065 0.0001376517678837703 1.5524835504734344 5.0982688657170854e-05 -0.00023430328096597593 0.9999999712513689 0.12248112250929463
1.0 0.0 0.0 0.0 0.0 1.0 0.0 0.0 0.0 0.0 1.0 0.0
0.9998084834417659 -0.019570282856273675 -2.1605616424127038e-05 1.4036684747440886 0.01957028176480585 0.9998084824650971 -4.962345068276012e-05 -0.9484667497233588 2.2572623535885546e-05 4.9191118969145974e-05 0.9999999985353554 0.34844037450565124
0.3867928831357475 0.9221665864957481 0.00022870574186835212 -1.1851701404761739 -0.922166613838592 0.38679285916161454 0.00014290923258501078 1.552958392553336 4.3324371387710604e-05 -0.0002661810736424619 0.9999999636353166 0.12222744255294116
1.0 0.0 0.0 0.0 0.0 1.0 0.0 0.0 0.0 0.0 1.0 0.0
0.999808233924747 -0.019583010012250032 -3.309288424110336e-05 1.4030892240372705 0.01958300827526016 0.9998082331530603 -5.2021604477839e-05 -0.9481947497023975 3.4105277724374754e-05 5.136357027297825e-05 0.999999998099307 0.34852279044051476
0.3868059876867362 0.9221610977285378 0.00019423127071869137 -1.185087685229081 -0.9221611168824845 0.38680596737204864 0.00013459354482548414 1.5528777718543108 4.898711647919713e-05 -0.0002311741145819311 0.9999999720793952 0.12215438272414272
1.0 0.0 0.0 0.0 0.0 1.0 0.0 0.0 0.0 0.0 1.0 0.0
0.9998084738841557 -0.019570760965129882 -2.9405454077387833e-05 1.4032827955070424 0.01957075942948836 0.9998084730133757 -5.1633465999276546e-05 -0.9482637094793502 3.0410328360251426e-05 5.104808977441942e-05 0.9999999982346521 0.3484772387229411
0.38680452120089487 0.9221617140864036 0.00018828641191286015 -1.1851045338772381 -0.9221617321415004 0.38680450237649455 0.00012928673399758523 1.5531353357343392 4.6393244367639305e-05 -0.00022363921698984512 0.9999999739165836 0.12219346633481012
1.0 0.0 0.0 0.0 0.0 1.0 0.0 0.0 0.0 0.0 1.0 0.0
0.9998085740241817 -0.019565485586079186 8.415173055048839e-05 1.403584468778614 0.019565482455505066 0.9998085769098497 3.7865346850985214e-05 -0.9483338925185647 -8.487647586421077e-05 -3.621162923232735e-05 0.9999999957423509 0.34823814890007715
0.38678664241385297 0.9221691160087475 0.0004633895378803232 -1.1853121408619305 -0.9221692247945752 0.3867865256900706 0.00032308880645795214 1.5528589294931257 0.00011870968964579521 -0.0005522900055763865 0.9999998404418671 0.12210457001273756
1.0 0.0 0.0 0.0 0.0 1.0 0.0 0.0 0.0 0.0 1.0 0.0
0.9998083883431147 -0.019575138865889366 -2.3175960452992712e-05 1.4034565060844706 0.019575137571407726 0.9998083871340282 -5.482256790702553e-05 -0.9482897267878108 2.4244679020549352e-05 5.4358390649736054e-05 0.9999999982286806 0.34853316866001355
0.3868067119497629 0.9221607847616257 0.00023374865898342847 -1.185373197332565 -0.9221608123190262 0.3868066816808669 0.00016501560610423512 1.5529735773646074 6.175537769426317e-05 -0.00027938299726421533 0.9999999590657063 0.12192511993921243
