1.0 0.0 0.0 0.0 0.0 1.0 0.0 0.0 0.0 0.0 1.0 0.0
0.9997966968455569 -0.02015916637143783 -0.0004159181676945295 1.4068529765069726 0.020158858692125962 0.9997965222200651 -0.0007311449197581066 -0.956500910122282 0.00043057280966816763 0.0007226118401195228 0.9999996462195294 0.3291560893993993
0.38686703109500997 0.9221355020555029 0.0001268880536429826 -1.183878100148627 -0.9221354457934516 0.38686694850375625 0.0004286801886277424 1.549667724823191 0.00034621242684706316 -0.0002828502037755809 0.9999999000663539 0.12095159123386842
1.0 0.0 0.0 0.0 0.0 1.0 0.0 0.0 0.0 0.0 1.0 0.0
0.9997972502588816 -0.02013021673072202 -0.0004824408291394648 1.406149944309699 0.020129793256135634 0.9997969991586353 -0.0008671198608784683 -0.9563997524654758 0.0004997982039762379 0.0008572326184022604 0.9999995076768754 0.32708934992575156
0.3867433305954361 0.9221873906784118 -0.00011275500550400968 -1.1851526072543215 -0.9221873842344821 0.3867433429060463 0.00012278688823262572 1.5510554096123204 0.00015683976782677328 5.6494233476561684e-05 0.9999999861048443 0.11500325310457368
1.0 0.0 0.0 0.0 0.0 1.0 0.0 0.0 0.0 0.0 1.0 0.0
0.9997993355856464 -0.020031361902361246 -0.00018194184954304542 1.4047046053510022 0.020031185691588124 0.9997989291090871 -0.000923554065470194 -0.9553895888195716 0.0002004053120550939 0.0009197242300612546 0.9999995569724276 0.3278071512798388
0.3868084444923665 0.922160085050687 6.934482959558906e-05 -1.1845924214353534 -0.9221600390842453 0.3868083986166715 0.0003536605003304669 1.5505027372892644 0.00029930843457559586 -0.00020074589878138482 0.9999999350577704 0.11915652846381117
1.0 0.0 0.0 0.0 0.0 1.0 0.0 0.0 0.0 0.0 1.0 0.0
0.9997959006881459 -0.020191555720969447 -0.0006767900309988381 1.4067716653822107 0.020190895486874885 0.9997956739281009 -0.0009685732252683478 -0.9562693896612682 0.0006962087453981483 0.0009547105433571337 0.9999993019103369 0.325286922329693
0.38691074978869544 0.9221171125418333 0.0003200866467031081 -1.1842541417677508 -0.9221170683658997 0.3869105231905431 0.0005993936094216948 1.5494309452400166 0.0004288662124537698 -0.0005270691911208464 0.9999997691358932 0.12429501751535146
1.0 0.0 0.0 0.0 0.0 1.0 0.0 0.0 0.0 0.0 1.0 0.0
0.999797500726884 -0.02011606508334498 -0.0005490590488189021 1.405207183815499 0.02011542176076139 0.9997969995010636 -0.0011530811146190964 -0.9554870623238089 0.0005721430443060999 0.0011418030621929876 0.9999991844687195 0.32374341701674514
0.38697371451953566 0.9220906506332106 0.0004198639959369355 -1.1846249735647651 -0.9220906386807621 0.38697340935638547 0.0006591725109454926 1.5487441752691187 0.00044534060752354776 -0.000642235095242305 0.9999996946028662 0.12604331809028327
1.0 0.0 0.0 0.0 0.0 1.0 0.0 0.0 0.0 0.0 1.0 0.0
0.9997961462148206 -0.020189875450438245 -0.00018693124090737176 1.4066063351188436 0.020189725795868665 0.9997958697666235 -0.0007705646555852115 -0.9566043202237472 0.00020245068701231524 0.0007666334825668438 0.999999685643362 0.33143273392330036
0.38697764334201745 0.9220890613396462 0.00025789770937734754 -1.1834204306699532 -0.9220889670255159 0.38697742475593133 0.0006400149093135849 1.5484804161138082 0.0004903501555470549 -0.00048547609374793854 0.9999997619348153 0.12455032520820745
1.0 0.0 0.0 0.0 0.0 1.0 0.0 0.0 0.0 0.0 1.0 0.0
0.9997956578255622 -0.020208876189336308 -0.0004938788469028869 1.4068986012651374 0.020208474451306208 0.9997954635921498 -0.0008053203768223315 -0.9570163704010833 0.0005100524504855804 0.000795175277845735 0.999999553771288 0.32850679886651285
0.3868551551501117 0.9221404928242377 2.0679814552142882e-05 -1.1846716807092217 -0.9221404574020898 0.3868551338590983 0.00028675620930912157 1.549733730596046 0.0002564294197459696 -0.00013000281149262716 0.99999995867161 0.1184318611544036
1.0 0.0 0.0 0.0 0.0 1.0 0.0 0.0 0.0 0.0 1.0 0.0
0.999795727064923 -0.020205591542300325 -0.0004880708429157064 1.4070514875908204 0.02020518541201733 0.9997955155170456 -0.0008231855629074674 -0.9567621128491544 0.0005046039912493745 0.0008131558465011079 0.9999995420760858 0.32851010684685145
0.3869367167542035 0.9221062429047749 0.0002324295966699455 -1.1836885707122702 -0.9221061746293054 0.38693654756441864 0.000557556667001787 1.5488975233174063 0.0004241909777282782 -0.0004300639123900607 0.9999998175535062 0.12342055895894267
1.0 0.0 0.0 0.0 0.0 1.0 0.0 0.0 0.0 0.0 1.0 0.0
0.9997950121909621 -0.020243522865134825 -0.0003652123801442584 1.4072626142553002 0.02024326191165903 0.999794835892161 -0.0007046066581777985 -0.9581404189342496 0.00037940117266786283 0.0006970691325380644 0.9999996850746378 0.33147848263262125
0.38691712229197694 0.9221144865938778 0.00011870553525229135 -1.1841780627802798 -0.9221144888324742 0.3869171028850128 0.00015805155278900102 1.548242964132717 9.981242465916668e-05 -0.0001706129459396466 0.9999999804643511 0.11949019323646037
1.0 0.0 0.0 0.0 0.0 1.0 0.0 0.0 0.0 0.0 1.0 0.0
0.9997969127141446 -0.02014741811365686 -0.00046354138815064963 1.4067315939903342 0.020147061387750544 0.9997967371469737 -0.0007617793009280759 -0.9563449665029418 0.00047879505349172555 0.0007522855964345955 0.99999960241076 0.3282264986595236
0.38692568179402054 0.9221107771064121 0.0004811573973358094 -1.1834813461153733 -0.9221107969305584 0.38692533490886805 0.0006807273688321455 1.5490365013423832 0.00044153405596338013 -0.000707071332407605 0.9999996525488438 0.12718542140265557
1.0 0.0 0.0 0.0 0.0 1.0 0.0 0.0 0.0 0.0 1.0 0.0
0.9997974611881213 -0.02012398073226603 -0.0002490005511234419 1.4060273673499417 0.02012378068212465 0.9997971908648539 -0.0007814024601715744 -0.9561276888994854 0.00026467497958965566 0.0007762333633651559 0.9999996637044039 0.3296088907095933
0.38691072782248614 0.9221171621058378 0.00016746865276188503 -1.1841056342095067 -0.9221170933366599 0.38691060869777005 0.0004970447370114383 1.5492414923969535 0.0003935380839547309 -0.0003467376482672313 0.9999998624503804 0.12193537076765706
1.0 0.0 0.0 0.0 0.0 1.0 0.0 0.0 0.0 0.0 1.0 0.0
0.9997950536313832 -0.020241344703453627 -0.00037242289877040925 1.4068031936268879 0.02024100828013122 0.999794737265534 -0.0008859570787738144 -0.9574096867675007 0.0003902794168517555 0.000878237290110047 0.9999995381905129 0.3297878044158894
0.3870393557496997 0.9220630594876617 0.0005014270735659059 -1.1838605817015786 -0.9220631414185979 0.3870390888633789 0.0005540117977805393 1.547239588727496 0.0003167619355694193 -0.0006767717919352323 0.99999972082087 0.12722095136497602
1.0 0.0 0.0 0.0 0.0 1.0 0.0 0.0 0.0 0.0 1.0 0.0
0.9997973848814647 -0.020126294016778394 -0.00034853024894712165 1.4062256537788578 0.020126006599592575 0.9997971237774613 -0.0008094100746196551 -0.9562032371241852 0.0003647499655887125 0.000802231553810975 0.999999611690923 0.32868286803893126
0.38692537333753085 0.9221110165680553 0.00016909003479869485 -1.1835597244697658 -0.9221109431521434 0.38692524899136793 0.0005101098240146375 1.548986042995176 0.00040495268456704203 -0.0003532942055658461 0.9999998555982533 0.12240241227847493
1.0 0.0 0.0 0.0 0.0 1.0 0.0 0.0 0.0 0.0 1.0 0.0
0.9997951105277267 -0.020236330640247685 -0.0004773751870648631 1.4077141174207917 0.02023601185666774 0.9997950108378245 -0.0006634213828189284 -0.9573502401913498 0.0004907025447817574 0.0006536252848163845 0.999999665992444 0.3303113270248625
0.38697278940157454 0.9220910869067291 0.0002961586256776925 -1.1833430893047474 -0.9220910552054155 0.38697260300720093 0.000538917428305737 1.5481843391602712 0.0003823256829378896 -0.0004816316001479276 0.9999998109290191 0.12451216660288264
1.0 0.0 0.0 0.0 0.0 1.0 0.0 0.0 0.0 0.0 1.0 0.0
0.9997941701778982 -0.020282217541338285 -0.0004989287463205453 1.4079735104353168 0.020281855111067584 0.9997940420056947 -0.0007210569803538982 -0.9573994035165057 0.0005134506224918901 0.0007107893647802868 0.9999996155733947 0.3303259220799561
0.38697781817410204 0.9220889633383635 0.0003345605989572156 -1.1835749809748044 -0.9220889129754886 0.38697756801919925 0.0006312033169849346 1.5483784729055055 0.0004525581652748689 -0.000552756301447993 0.9999997448257566 0.12535604182730692
