1.0 0.0 0.0 0.0 0.0 1.0 0.0 0.0 0.0 0.0 1.0 0.0
0.9998083956875468 -0.019574771525349585 -1.5245496360329661e-05 1.4033433377711924 0.019574770701225527 0.999808394444148 -5.245006874421597e-05 -0.9484941843192813 1.6269273350674266e-05 5.21415919893759e-05 0.9999999985082828 0.34831555014421084
0.3867709978157928 0.9221757692422362 0.000214175316085645 -1.185098020298756 -0.9221757928188529 0.386770974535745 0.00014281313134325462 1.5523335848589914 4.8862013530415335e-05 -0.00025274326922433845 0.9999999668666714 0.12183063404339806
1.0 0.0 0.0 0.0 0.0 1.0 0.0 0.0 0.0 0.0 1.0 0.0
0.999808524133995 -0.019568189518031572 -3.2062273451003776e-05 1.4036339603750605 0.019568187423621177 0.9998085226160174 -6.43842391778949e-05 -0.9485807457330013 3.331601724496386e-05 6.374451057383101e-05 0.9999999974133402 0.3486407012274679
0.38679581834141064 0.9221653625206647 0.00019768846440174556 -1.1850559264169676 -0.9221653833500353 0.38679580330998353 0.00011087229875636793 1.552732315940906 2.577752518276929e-05 -0.00022518640008777044 0.999999974313302 0.12229692782863683
1.0 0.0 0.0 0.0 0.0 1.0 0.0 0.0 0.0 0.0 1.0 0.0
0.9998077384679869 -0.01960831241363523 -1.3557988854142754e-05 1.4031096826434357 0.019608311796430865 0.9998077375928494 -4.424886967628605e-05 -0.9490882556197588 1.4423027823132887e-05 4.3974513048030054e-05 0.9999999989291092 0.34826948717953776
0.3867970171426306 0.9221648607565002 0.00019265385206975038 -1.1856103335478598 -0.9221648808148838 0.3867970111685284 6.886771253375157e-05 1.5522596545081075 -1.1010549631384301e-05 -0.00020429644231791458 0.9999999790708654 0.12294805651099527
1.0 0.0 0.0 0.0 0.0 1.0 0.0 0.0 0.0 0.0 1.0 0.0
0.9998084402352958 -0.019572485535632435 -2.5381532801667718e-05 1.4034390979441074 0.01957248419689216 0.9998084392333951 -5.196195827748428e-05 -0.9483880403263649 2.6393695372570834e-05 5.1455224807322105e-05 0.9999999983278663 0.34840562902186706
0.3867970543386478 0.9221648423507659 0.0002056383557971505 -1.1849911398582866 -0.9221648646729066 0.38679703638274276 0.00012250848244176895 1.5529442789381411 3.343270880859483e-05 -0.00023701838668522876 0.9999999713522688 0.12207261022490778
1.0 0.0 0.0 0.0 0.0 1.0 0.0 0.0 0.0 0.0 1.0 0.0
0.9998084130353729 -0.01957388100480086 -2.0151911486846406e-05 1.4033175559748456 0.019573879883611398 0.9998084117800717 -5.4406923952452397e-05 -0.9485254834031416 2.12130052732705e-05 5.400204920015833e-05 0.9999999983168935 0.34840700216474385
0.3867700553812788 0.9221761668956056 0.00020364206235568054 -1.1851690971837021 -0.9221761880762981 0.38677003365933965 0.0001385937243880128 1.5523279536570334 4.904518220015452e-05 -0.0002413977632521893 0.9999999696608444 0.12200997538617117
1.0 0.0 0.0 0.0 0.0 1.0 0.0 0.0 0.0 0.0 1.0 0.0
0.999807678880519 -0.019611333479540607 -2.916683405902528e-05 1.402831191889521 0.019611332211098734 0.9998076783993775 -4.315731330635499e-05 -0.9488792875724901 3.000759711014214e-05 4.257701277126069e-05 0.9999999986433712 0.34817428233461495
0.3868281105065879 0.9221518186507435 0.00019047579816222027 -1.1856303319697328 -0.9221518375767999 0.38682809363382475 0.00012012224191273317 1.5524707159354207 3.7089553953761826e-05 -0.00022211426715812134 0.9999999746448084 0.12211333806784497
1.0 0.0 0.0 0.0 0.0 1.0 0.0 0.0 0.0 0.0 1.0 0.0
0.9998084015182704 -0.019574446638019955 -3.594852238487452e-05 1.4031134167825008 0.01957444439152912 0.9998084002975974 -6.181523272198097e-05 -0.9482635215754875 3.715163363301412e-05 6.109971666485637e-05 0.9999999974432904 0.34839258835981607
0.38680579872760756 0.9221611754009243 0.00020162808088853063 -1.1850850375931983 -0.9221611963573311 0.38680577841311775 0.00013311287510093072 1.5530066856657792 4.476061858604116e-05 -0.0002374224242657451 0.9999999708135394 0.12223671142847964
1.0 0.0 0.0 0.0 0.0 1.0 0.0 0.0 0.0 0.0 1.0 0.0
0.9998085936981649 -0.01956466015336287 -6.354652454690119e-06 1.4037191725378648 0.019564659891658877 0.999808592965922 -3.892078025616027e-05 -0.9483275869985786 7.114907968119981e-06 3.878900395953437e-05 0.9999999992223956 0.34845119694519927
0.38678980948767056 0.9221678764309442 0.00022573288315576973 -1.1853389002988965 -0.9221679030358446 0.3867897859396468 0.00014178587899950834 1.5532145863746116 4.343920938951664e-05 -0.0002630049526322592 0.9999999644707143 0.1221567412652142
1.0 0.0 0.0 0.0 0.0 1.0 0.0 0.0 0.0 0.0 1.0 0.0
0.9998076668221163 -0.019611951882036432 -2.659124403860069e-05 1.4030313570083959 0.019611950669029266 0.9998076661807467 -4.5134974667609315e-05 -0.948876415340882 2.747131459444307e-05 4.4604787548177065e-05 0.99999999862787 0.348269176092184
0.38682926015786073 0.9221513363226558 0.0001907984848179385 -1.1857766232744522 -0.9221513559087667 0.38682924805030544 9.822656197032099e-05 1.5526685816726014 1.677332097204537e-05 -0.0002139419897750269 0.9999999769737401 0.12250321705283254
1.0 0.0 0.0 0.0 0.0 1.0 0.0 0.0 0.0 0.0 1.0 0.0
0.9998085531056206 -0.01956670169433067 -3.6354521964360464e-05 1.4036314887147108 0.019566699437320072 0.9998085519232479 -6.143507379672827e-05 -0.9484359037621952 3.754964372359793e-05 6.071197423817769e-05 0.9999999974520403 0.34830958839467885
0.3867627526579884 0.9221792289372284 0.00020705833577709703 -1.1846668900835218 -0.9221792492584241 0.3867627238009253 0.0001664790045857489 1.5526696706160057 7.344103415228834e-05 -0.00025533277871296335 0.9999999647057926 0.1218422570585398
1.0 0.0 0.0 0.0 0.0 1.0 0.0 0.0 0.0 0.0 1.0 0.0
0.9998083490679263 -0.01957712648611692 -3.539229389668286e-05 1.4031839232740593 0.01957712443612716 0.9998083480885719 -5.736910570277211e-05 -0.9482749065138157 3.650863313464469e-05 5.666523151849601e-05 0.9999999977280857 0.348614227287741
0.38680947945169486 0.9221596378137582 0.00017027479905069458 -1.1850740458565503 -0.9221596522840501 0.3868094627184879 0.00012349410805847388 1.5528878913887592 4.801737842404094e-05 -0.00020478924113877448 0.9999999778778488 0.12251465511810103
1.0 0.0 0.0 0.0 0.0 1.0 0.0 0.0 0.0 0.0 1.0 0.0
0.9998087008957164 -0.019559165505449977 -2.565055795102535e-05 1.4038312104543968 0.019559164219963628 0.9998087000273351 -4.9443578974274164e-05 -0.9483989743855172 2.661272614432707e-05 4.893241698660168e-05 0.9999999984486906 0.3485035303488045
0.38679307640625493 0.922166510540547 0.00020707886592942192 -1.184832878796298 -0.9221665331093322 0.3867930577336558 0.00012530827438763571 1.5532874701824806 3.5458426389046336e-05 -0.00023942957282389505 0.9999999707080894 0.12250518977603864
1.0 0.0 0.0 0.0 0.0 1.0 0.0 0.0 0.0 0.0 1.0 0.0
0.99980928558161 -0.019529247202281344 -3.1120783036150216e-05 1.4044229980279792 0.01952924480998764 0.9998092832691479 -7.540546823673091e-05 -0.9487306953836079 3.258745981174812e-05 7.4783321936115e-05 0.9999999966727562 0.3487377237458957
0.3867658269512658 0.9221779445102721 0.00018374306074568658 -1.1848655654303049 -0.92217796181062 0.3867658281545065 3.0377101413530223e-05 1.5534798971626422 -4.305244411524238e-05 -0.00018119262600388393 0.9999999826578595 0.12346667824983415
1.0 0.0 0.0 0.0 0.0 1.0 0.0 0.0 0.0 0.0 1.0 0.0
0.9998083335972218 -0.019577907030378764 -4.03218985796861e-05 1.403297791463236 0.01957790440810337 0.9998083323854694 -6.443270668622745e-05 -0.9483257486435819 4.157562771879608e-05 6.363093882517362e-05 0.9999999971112853 0.34851792444592816
0.3868018481628137 0.9221628330104703 0.00019917815106808558 -1.1850790712114976 -0.9221628532442916 0.38680182724052226 0.0001361607145546634 1.5531005202025048 4.851987749893566e-05 -0.00023634190812978976 0.9999999708941617 0.1217836751734746
1.0 0.0 0.0 0.0 0.0 1.0 0.0 0.0 0.0 0.0 1.0 0.0
0.9998076794522964 -0.01961130084374804 -3.1423399851672166e-05 1.4028996427125713 0.01961129921273014 0.9998076786569571 -5.1398208757047156e-05 -0.9488501979754043 3.242534219597431e-05 5.077207012861675e-05 0.999999998185397 0.3483069501776438
0.38679142490039914 0.9221672114318096 0.00016668412822041031 -1.185254456403158 -0.9221672258812738 0.3867914117235538 0.00010642995178880747 1.5521122152334144 3.367422258762383e-05 -0.00019487683282392592 0.9999999804445331 0.12253035980660529
1.0 0.0 0.0 0.0 0.0 1.0 0.0 0.0 0.0 0.0 1.0 0.0
0.9998077390875767 -0.01960827403207591 -2.1214886639532702e-05 1.403089688296928 0.019608273104955134 0.9998077384035435 -4.306080576698537e-05 -0.9489575281293545 2.205515591108466e-05 4.263653956607034e-05 0.999999998847848 0.34837062772539884
0.3868341227962798 0.9221492918777617 0.00021196644790356833 -1.1861056303405826 -0.9221493147587041 0.3868340989305903 0.0001455836899813539 1.55263526393433 5.225404674696419e-05 -0.0002517814536934902 0.9999999669378066 0.12185632986086548
1.0 0.0 0.0 0.0 0.0 1.0 0.0 0.0 0.0 0.0 1.0 0.0
0.9998085261530665 -0.019567876650522273 -9.609902817303171e-05 1.4031723476912337 0.01956786643663947 0.9998085253417426 -0.00010609942507685498 -0.9479348547466928 9.81567681070469e-05 0.00010419865686379493 0.9999999897539441 0.34855905529654235
0.3868037263608721 0.9221613626451658 0.0011395252322557422 -1.1851578055935708 -0.9221619655337556 0.38680280975938724 0.0009464064477703755 1.55321205466265 0.00043196789786386177 -0.0014169003686018017 0.9999989028979385 0.12040050309143663
1.0 0.0 0.0 0.0 0.0 1.0 0.0 0.0 0.0 0.0 1.0 0.0
0.9998077366553998 -0.019608395456049966 -2.348713778383539e-05 1.4030633070793503 0.01960839420965152 0.9998077355945304 -5.2171411440002706e-05 -0.9490987805391393 2.4505619710267914e-05 5.170083573342621e-05 0.9999999983632493 0.3482214265113348
0.38679494025766786 0.9221657334074604 0.0001852569768106191 -1.1854363248056057 -0.9221657519155323 0.3867949353744969 6.294996945977713e-05 1.5524000297238096 -1.3606155618289186e-05 -0.00019518636899457589 0.9999999808585768 0.12290841627508187
1.0 0.0 0.0 0.0 0.0 1.0 0.0 0.0 0.0 0.0 1.0 0.0
0.9998083842231774 -0.019575335497415376 -3.28207774793332e-05 1.4033652542858426 0.019575333489407456 0.9998083829752575 -6.042499357144598e-05 -0.9483539813707624 3.399732798117968e-05 5.977093752481256e-05 0.9999999976358084 0.348424787312699
0.3868005975480792 0.9221633620749309 0.00017715278482988348 -1.184781227079703 -0.9221633784688469 0.3868005830933613 0.00011103854311983714 1.5529121144440627 3.387287577447666e-05 -0.00020631358539351102 0.9999999781436661 0.12208744049759021
1.0 0.0 0.0 0.0 0.0 1.0 0.0 0.0 0.0 0.0 1.0 0.0
0.9998083512152838 -0.0195770218583018 -3.2485932883724206e-05 1.4033287509534902 0.019577020214972627 0.9998083505172031 -5.015548340306531e-05 -0.9483166894351571 3.346160196637607e-05 4.9509893400851904e-05 0.9999999982145455 0.34851721406007835
0.38680121780930554 0.9221630986617082 0.00019330771795640276 -1.1849831230804029 -0.9221631175295754 0.3868011972039783 0.00013605036613426727 1.5529917579749437 5.0688970474121664e-05 -0.0002308856951373212 0.9999999720612117 0.12216520869057129
