1.0 0.0 0.0 0.0 0.0 1.0 0.0 0.0 0.0 0.0 1.0 0.0
0.9998076761803729 -0.019611477010261804 -2.4905377446098034e-05 1.4029459668239423 0.019611475925960884 0.9998076755846089 -4.305933159179682e-05 -0.9488415734854545 2.5745044625535633e-05 4.256261904647077e-05 0.9999999987628082 0.34838899782038374
0.38683160072788925 0.9221503550529192 0.00018802678878594904 -1.1856088772537527 -0.9221503734122448 0.38683158380031685 0.00012078988324754014 1.552396119378205 3.865173322056177e-05 -0.00022011431737884642 0.999999975027865 0.12242901781280546
1.0 0.0 0.0 0.0 0.0 1.0 0.0 0.0 0.0 0.0 1.0 0.0
0.9998085972104954 -0.019564471923993427 -1.95529172323872e-05 1.403471097134405 0.01956447084577469 0.9998085959703285 -5.389216454682186e-05 -0.9485413285588402 2.0603546465433037e-05 5.349930695705276e-05 0.999999998356659 0.3483849693359775
0.3867621464966921 0.922179483059356 0.00020751301007592243 -1.185146287367801 -0.9221795052701101 0.38676212505352847 0.00013668889402304485 1.5525421844415526 4.579352087690618e-05 -0.00024423033502352635 0.999999969127248 0.1219223270382517
1.0 0.0 0.0 0.0 0.0 1.0 0.0 0.0 0.0 0.0 1.0 0.0
0.9998076518387697 -0.01961273189676201 -8.496608357340128e-06 1.4031294867969961 0.01961273163368788 0.999807651429592 -3.0011821844800335e-05 -0.9488734322133316 9.083587862433832e-06 2.9839407426535303e-05 0.9999999995135491 0.3481905563047722
0.38683323925529206 0.9221496583471369 0.0002293850842312547 -1.1858120534333176 -0.9221496863137292 0.3868332183570725 0.00013117545781160032 1.5525159556169301 3.2229633228211524e-05 -0.0002622704107249541 0.9999999650877408 0.1223224858182767
1.0 0.0 0.0 0.0 0.0 1.0 0.0 0.0 0.0 0.0 1.0 0.0
0.9998084740177007 -0.019570745909319124 -3.4452143198808105e-05 1.4032083855811974 0.01957074368358389 0.9998084726194373 -6.379702263874156e-05 -0.9485124030254602 3.5694099989895935e-05 6.311054978741145e-05 0.9999999973714949 0.3484054395927108
0.3867618115637621 0.9221796305068374 0.00017376475588568808 -1.1847799130216101 -0.9221796454532553 0.38676179362622176 0.00012846297898275717 1.5519424512716875 5.126037383675974e-05 -0.00020992689544519305 0.9999999766515362 0.12211671085621839
1.0 0.0 0.0 0.0 0.0 1.0 0.0 0.0 0.0 0.0 1.0 0.0
0.9998076662616436 -0.019611985652654162 -2.2432258432425926e-05 1.402919264458701 0.01961198471441209 0.999807665678377 -4.1307601708560814e-05 -0.9488358496712563 2.3238068031268858e-05 4.0859715753607604e-05 0.9999999988952378 0.3483423442448042
0.3868421879108681 0.9221459141288176 0.00018630045633713955 -1.1859005372015758 -0.9221459325006679 0.38684217353658745 0.00010929758847111233 1.5527120296321062 2.8719451172448845e-05 -0.00021407712629185893 0.9999999766730884 0.12248169288747279
1.0 0.0 0.0 0.0 0.0 1.0 0.0 0.0 0.0 0.0 1.0 0.0
0.9998086047946846 -0.019564085690391322 -1.815500728628093e-05 1.4034151148820664 0.01956408454394822 0.9998086031020497 -6.131137644375945e-05 -0.9486387183039797 1.9351033496751734e-05 6.094445564283471e-05 0.9999999979556552 0.34841583996056286
0.38675752807441904 0.9221814219535197 0.00019869964464833134 -1.1849509510709972 -0.9221814433254977 0.38675751721484103 9.199953244736345e-05 1.5522785247627584 7.991678415711461e-06 -0.00021881863684340778 0.9999999760272681 0.12260750681408611
1.0 0.0 0.0 0.0 0.0 1.0 0.0 0.0 0.0 0.0 1.0 0.0
0.999808382322637 -0.0195754439481382 -2.5132146638917398e-05 1.403262985522037 0.01957544254252688 0.999808381152857 -5.500697237142687e-05 -0.9483404382198475 2.620411675036955e-05 5.450445917064773e-05 0.9999999981713042 0.34847168003963636
0.3868058725486317 0.922161145049166 0.00019880518772380325 -1.1853194505409526 -0.9221611651569389 0.3868058514612176 0.00013693706302324182 1.5530672472676041 4.9379028924773e-05 -0.00023629848369758385 0.9999999708623686 0.12205962474472146
1.0 0.0 0.0 0.0 0.0 1.0 0.0 0.0 0.0 0.0 1.0 0.0
0.9998084241844787 -0.01957330830182324 -2.306232932719524e-05 1.4033422558850126 0.0195733072130517 0.9998084233892405 -4.652595404750171e-05 -0.948386280834145 2.3968577966917576e-05 4.6065634742949025e-05 0.9999999986517322 0.3484797892765947
0.38679593134798246 0.9221653183148999 0.00018218075308597107 -1.185101046931876 -0.9221653359948954 0.3867959184988862 0.00010257692518613971 1.5528738925552394 2.4126111143343714e-05 -0.00020767711269352795 0.9999999781440736 0.12253925006048977
1.0 0.0 0.0 0.0 0.0 1.0 0.0 0.0 0.0 0.0 1.0 0.0
0.9998082888093593 -0.01958022521879517 -2.021092278804315e-05 1.4033731954899857 0.019580224264733374 0.9998082879570085 -4.6370455053345596e-05 -0.9483422805139701 2.1114992064189317e-05 4.596583091741146e-05 0.9999999987206498 0.3483822842434054
0.3867999606766655 0.9221636154090656 0.000238403461754259 -1.1852811966336798 -0.922163644257761 0.3867999300348552 0.00016533080902084678 1.5528303248931579 6.0247614258550946e-05 -0.0002837969555228778 0.9999999579147557 0.12193435379992978
1.0 0.0 0.0 0.0 0.0 1.0 0.0 0.0 0.0 0.0 1.0 0.0
0.9998083891830392 -0.01957509792646548 -2.1456600788072357e-05 1.4031894517569596 0.0195750968462546 0.9998083882116329 -4.9448116192008954e-05 -0.948276301310633 2.2420441167161436e-05 4.901862635964761e-05 0.999999998547249 0.3484507765464853
0.38680609901694274 0.9221610449704226 0.00022113876517716524 -1.1853551778142146 -0.9221610697901238 0.38680607264258715 0.000153396061391398 1.5528654953038008 5.5918054999829366e-05 -0.0002632600923792194 0.9999999637836468 0.12199433586547662
1.0 0.0 0.0 0.0 0.0 1.0 0.0 0.0 0.0 0.0 1.0 0.0
0.9998086423757679 -0.019562171711253136 -8.286302223456701e-06 1.4033350640199629 0.019562171255749338 0.9998086410727834 -5.188404492892453e-05 -0.9485449664617625 9.299681161535158e-06 5.171201845819222e-05 0.9999999986196914 0.34822792908707606
0.38676257201052383 0.9221793076541417 0.0001934588656571608 -1.1849291065145726 -0.9221793274346732 0.386762556296027 0.00011445302972888267 1.5524796673398544 3.072357029461641e-05 -0.00022266991477035028 0.9999999747370852 0.12238597879207141
1.0 0.0 0.0 0.0 0.0 1.0 0.0 0.0 0.0 0.0 1.0 0.0
0.9998085020977728 -0.019569309199294883 -3.564366048306272e-05 1.4034510704264158 0.01956930663042665 0.9998085002590511 -7.104753099567329e-05 -0.9483596207744269 3.702718583321398e-05 7.03364038210968e-05 0.9999999968408889 0.34838740276550206
0.3867595002039969 0.9221805918210635 0.00021229815920351678 -1.1850041781477483 -0.9221806144072183 0.38675947459380744 0.00015239241650962608 1.5525593619776463 5.842500433511368e-05 -0.00025471646173597025 0.9999999658530209 0.12197166135338705
1.0 0.0 0.0 0.0 0.0 1.0 0.0 0.0 0.0 0.0 1.0 0.0
0.999808449131895 -0.019572026618222053 -2.8609957677183537e-05 1.4032273988128452 0.019572024810556168 0.9998084476447175 -6.215363180782303e-05 -0.9485253521391074 2.982094990857184e-05 6.158177142421452e-05 0.9999999976591983 0.3483321394835444
0.3867627446933251 0.9221792376449942 0.00018158684992028895 -1.184916421380926 -0.9221792546255477 0.3867627281306132 0.00012027982307372085 1.5523367625340372 4.068853007838871e-05 -0.0002139753804125232 0.9999999762794898 0.12228612123662003
1.0 0.0 0.0 0.0 0.0 1.0 0.0 0.0 0.0 0.0 1.0 0.0
0.9998076902099413 -0.01961077018854674 -1.7019830134771468e-05 1.4032002495286777 0.01961076959131238 0.9998076897686808 -3.457527782776691e-05 -0.9491853685245459 1.7694604874980165e-05 3.423485669608581e-05 0.9999999992574374 0.3482148567351807
0.38684217094534007 0.9221459141632046 0.00021856441741392832 -1.1861264247483774 -0.9221459388549037 0.3868421474296413 0.0001429175699613985 1.5527434424788993 4.7240924617923216e-05 -0.0002568348329265416 0.9999999659020813 0.12171332223238968
1.0 0.0 0.0 0.0 0.0 1.0 0.0 0.0 0.0 0.0 1.0 0.0
0.9998087610053209 -0.0195560826598822 -3.237288586147006e-05 1.4038078681069277 0.019556080492359882 0.9998087593954135 -6.596953615669222e-05 -0.9485648428894295 3.3656800553330215e-05 6.53238334472516e-05 0.9999999973000082 0.34853025895145473
0.386779022052862 0.9221724113136797 0.00017863858944081908 -1.1849514977719129 -0.9221724286049061 0.38677901574824664 6.998390671387255e-05 1.5534192921558567 -4.556429791089306e-06 -0.00019180388886544242 0.9999999815952534 0.12276134239230896
1.0 0.0 0.0 0.0 0.0 1.0 0.0 0.0 0.0 0.0 1.0 0.0
0.9998085658536847 -0.019566081144848604 -1.068793049195604e-05 1.4030289077437565 0.01956608059390046 0.9998085646998678 -4.9426555195958906e-05 -0.9483566690943029 1.1652968434446713e-05 4.92079723561663e-05 0.999999998721392 0.3482901384956967
0.3867666138976469 0.9221776104653016 0.0002028069408202133 -1.185129741693848 -0.922177631130458 0.3867665907599517 0.00014461860668637093 1.5521593793167259 5.4925092059368856e-05 -0.00024295767307708894 0.9999999689774013 0.12225882698752746
1.0 0.0 0.0 0.0 0.0 1.0 0.0 0.0 0.0 0.0 1.0 0.0
0.9998083634221777 -0.019576411740404736 -2.3117913674291176e-05 1.403412889743149 0.01957641064248364 0.9998083626156106 -4.680010200907136e-05 -0.9485258227295521 2.4029661484205105e-05 4.633856762639438e-05 0.9999999986376563 0.34836932372331575
0.38679694538192727 0.9221648888016051 0.00020224918772134842 -1.1851886136927008 -0.9221649100480659 0.3867969258268002 0.000129795912313011 1.5528662216834652 4.1463868983451046e-05 -0.00023671176640809247 0.999999971124143 0.12218938563450837
1.0 0.0 0.0 0.0 0.0 1.0 0.0 0.0 0.0 0.0 1.0 0.0
0.9998085970458803 -0.01956448242859869 -1.733347203045273e-05 1.4037323337376266 0.019564481700739267 0.999808596361059 -4.121056417989887e-05 -0.9481011283544367 1.813641769960121e-05 4.086355595982203e-05 0.9999999990006201 0.34856771390401514
0.3867971641999316 0.9221647654958559 0.0003147139415200734 -1.1851582549997555 -0.9221648134761579 0.386797101256205 0.00024340558898066736 1.5531703120452134 0.00010272961757786336 -0.00038436671474834913 0.9999999208544241 0.12157210622355372
1.0 0.0 0.0 0.0 0.0 1.0 0.0 0.0 0.0 0.0 1.0 0.0
0.9998085737910398 -0.01956565964625179 -2.7139170105106615e-05 1.4034558764575302 0.01956565809667124 0.999808572608272 -5.623392437249713e-05 -0.9483147782418451 2.8234228749404158e-05 5.569216400223186e-05 0.9999999980506056 0.34856155018274015
0.38679531046539684 0.92216557246723 0.00021156125047676815 -1.185191489748347 -0.9221655962063434 0.3867952922948607 0.00012260477935450824 1.552954658319944 3.123101082424426e-05 -0.00024251746037504045 0.9999999701049522 0.12242698293656407
1.0 0.0 0.0 0.0 0.0 1.0 0.0 0.0 0.0 0.0 1.0 0.0
0.9998076732781127 -0.01961162631897052 -2.3818735462826404e-05 1.4029384728341325 0.01961162498015602 0.9998076720643755 -5.519829922990883e-05 -0.9489226325874185 2.4896682872544677e-05 5.472055901456724e-05 0.9999999981929079 0.3484641945440868
0.3868379277883866 0.922147699191462 0.00019621488078327685 -1.185899235398345 -0.9221477200475972 0.38683792039617 7.585897512472485e-05 1.5525686016210063 -5.950177058699213e-06 -0.00021028423369510763 0.9999999778725678 0.12277700900193184
