1.0 0.0 0.0 0.0 0.0 1.0 0.0 0.0 0.0 0.0 1.0 0.0
0.8684854847800239 0.4957145976371345 -2.0392670933796734e-05 2.5277970747227774 -0.4957145980541163 0.8684854839108326 -3.8887177545220376e-05 5.318597339619579 -1.566202885891931e-06 4.3881893917255683e-05 0.999999999035963 -0.2926718188696259
0.896359294312895 0.44332833799678645 -1.5096258339130974e-05 0.029351520877784698 -0.44332833617033574 0.8963592928819951 6.642689404998815e-05 -5.450655441519643 4.2980595987485775e-05 -5.2849764782159065e-05 0.9999999976797853 -0.26307380374289824
1.0 0.0 0.0 0.0 0.0 1.0 0.0 0.0 0.0 0.0 1.0 0.0
0.8684855714019809 0.4957144459184433 -1.9348014374026165e-05 2.527753796827465 -0.49571444629401273 0.8684855706257167 -3.6747031722826506e-05 5.318625605597161 -1.4125631655323563e-06 4.150535707543845e-05 0.999999999137655 -0.2927301456660738
0.8963586998040829 0.4433295400208951 -1.5178776965211847e-05 0.029305393583699324 -0.4433295384209728 0.8963586986545866 6.09073282828746e-05 -5.4506514202645775 4.060764659925159e-05 -4.7865613402394914e-05 0.9999999980299511 -0.2629880096014404
1.0 0.0 0.0 0.0 0.0 1.0 0.0 0.0 0.0 0.0 1.0 0.0
0.8684843536676634 0.4957165794280589 -1.773714539207523e-05 2.5278526017422487 -0.49571657974112626 0.8684843529559674 -3.5219511298470294e-05 5.318646944256503 -2.054462430876654e-06 3.938019155465455e-05 0.9999999992224898 -0.292775439821805
0.8963587912136505 0.44332935520304606 -1.5141175864711094e-05 0.029252944405162462 -0.44332935320028816 0.896358789568332 7.038897750036805e-05 -5.450614077508804 4.4777426079370735e-05 -5.638125108420003e-05 0.9999999974080684 -0.263112730566978
1.0 0.0 0.0 0.0 0.0 1.0 0.0 0.0 0.0 0.0 1.0 0.0
0.8684854576825677 0.49571464525339287 -1.6589305258219384e-05 2.5277924083875716 -0.495714645530664 0.8684854571580941 -3.0187822245243847e-05 5.318656765375023 -5.569752341490925e-07 3.444124619475615e-05 0.9999999994067452 -0.29289360217844673
0.8963590751249666 0.44332878116377183 -1.526300927925504e-05 0.029257837495192396 -0.4433287791727876 0.896359073508469 6.997288914197596e-05 -5.45058136313508 4.470213251431656e-05 -5.5954302924852405e-05 0.9999999974354176 -0.26310970577402293
1.0 0.0 0.0 0.0 0.0 1.0 0.0 0.0 0.0 0.0 1.0 0.0
0.8684843698805873 0.4957165508951307 -2.1017957731694985e-05 2.5278563115674766 -0.49571655133925835 0.8684843689950834 -3.923678420534857e-05 5.318637233302633 -1.1965555763172802e-06 4.449548332968346e-05 0.9999999990093601 -0.2926687118954725
0.8963596552045383 0.44332760833607376 -1.4443619275327123e-05 0.029317993219562077 -0.44332760664709453 0.8963596538737036 6.396853431174481e-05 -5.4506832009669335 4.130569489950535e-05 -5.0935558194960834e-05 0.9999999978497042 -0.26301503428036976
1.0 0.0 0.0 0.0 0.0 1.0 0.0 0.0 0.0 0.0 1.0 0.0
0.8684853351125038 0.49571486004056337 -1.5148840827883325e-05 2.527837548448747 -0.4957148602708989 0.8684853346395669 -2.8681062676050377e-05 5.318626348604038 -1.061082874481627e-06 3.241858784386332e-05 0.9999999994739545 -0.29293599539924897
0.896358646344118 0.4433296481029151 -1.53976188305321e-05 0.029383695486073003 -0.4433296463926174 0.8963586450854635 6.332416391727292e-05 -5.450663039457443 4.187526805833966e-05 -4.993494093835733e-05 0.9999999978764817 -0.26300189836072957
1.0 0.0 0.0 0.0 0.0 1.0 0.0 0.0 0.0 0.0 1.0 0.0
0.8684847832270771 0.4957158267069796 -2.1336182551186817e-05 2.5278147902129886 -0.49571582716480395 0.8684847823200977 -3.97080179467619e-05 5.318575533377404 -1.1537430848591498e-06 4.5062492740758436e-05 0.9999999989840204 -0.2926694637650415
0.896359024860628 0.4433288828045414 -1.4905727951921046e-05 0.02923337305052698 -0.4433288808347513 0.8963590232297017 6.994641538229987e-05 -5.450647991385655 4.437014993513371e-05 -5.6088960993639614e-05 0.9999999974426592 -0.2630686429814536
1.0 0.0 0.0 0.0 0.0 1.0 0.0 0.0 0.0 0.0 1.0 0.0
0.8684851334896327 0.49571521309747807 -2.0278489188347228e-05 2.527796016655973 -0.4957152135078183 0.8684851325822275 -3.9755862018284195e-05 5.318604095627263 -2.096019240950837e-06 4.4579730729541134e-05 0.9999999990041272 -0.2926650078406211
0.8963589808386714 0.44332897183086717 -1.4326355195626224e-05 0.029282050568521845 -0.4433289700928719 0.8963589794346446 6.529376738007894e-05 -5.450661118709135 4.178817588173762e-05 -5.217536648984996e-05 0.9999999977657397 -0.26304496521553916
1.0 0.0 0.0 0.0 0.0 1.0 0.0 0.0 0.0 0.0 1.0 0.0
0.8684855465147993 0.49571448957381126 -1.792949865638766e-05 2.5277595653158764 -0.49571448989401323 0.8684855457935431 -3.545150875875776e-05 5.3186108805849415 -2.002316142572324e-06 3.967703523962289e-05 0.9999999992108618 -0.2927680412064399
0.896358722873618 0.44332949334508964 -1.6086117084189886e-05 0.029232105747352466 -0.443329491694333 0.896358721752636 6.109030892215709e-05 -5.450665569890437 4.150206705028767e-05 -4.762738117513434e-05 0.9999999980046055 -0.2629992609511876
1.0 0.0 0.0 0.0 0.0 1.0 0.0 0.0 0.0 0.0 1.0 0.0
0.8684859796428532 0.4957137308066049 -1.5924512556971586e-05 2.5277723291194643 -0.49571373105448685 0.8684859789995113 -3.354547689512709e-05 5.318623928471901 -2.7987376252227226e-06 3.7027775898668045e-05 0.9999999993105556 -0.2928108663336313
0.896359275706572 0.4433283755810838 -1.6106742115320352e-05 0.029351247333472053 -0.4433283737557818 0.8963592743841435 6.518116836599824e-05 -5.45063555636031 4.3334089165353495e-05 -5.1285169077759634e-05 0.999999997745994 -0.2630297319519326
1.0 0.0 0.0 0.0 0.0 1.0 0.0 0.0 0.0 0.0 1.0 0.0
0.8684846226971689 0.49571610809135386 -1.781341531839914e-05 2.527886296512145 -0.49571610841125957 0.8684846221078062 -3.1997783621836425e-05 5.3186272131876144 -3.9113949330976176e-07 3.661997995506847e-05 0.9999999993294119 -0.29283259175188464
0.8963597410765658 0.4433274347360059 -1.3694670931988811e-05 0.02934427601008302 -0.44332743275912645 0.896359739293521 7.167184424135243e-05 -5.450601415978054 4.4049446516621716e-05 -5.817253243989702e-05 0.9999999973378012 -0.2630851775241802
1.0 0.0 0.0 0.0 0.0 1.0 0.0 0.0 0.0 0.0 1.0 0.0
0.868484553219165 0.49571622977301266 -1.895618268996536e-05 2.5278588438666936 -0.4957162301304372 0.8684845524033269 -3.771022239633644e-05 5.318624298306345 -2.230417431454112e-06 4.2147633070433276e-05 0.9999999991093012 -0.2927136505075648
0.8963591726465931 0.44332858400982855 -1.4565554892469854e-05 0.02929872558857305 -0.4433285819530735 0.8963591708643124 7.232509337119223e-05 -5.450618262533689 4.511974993922578e-05 -5.83719340599623e-05 0.9999999972784628 -0.26310237624784427
1.0 0.0 0.0 0.0 0.0 1.0 0.0 0.0 0.0 0.0 1.0 0.0
0.8684853120800763 0.49571490024854525 -1.9306652766923795e-05 2.5277859821505935 -0.4957149006127843 0.8684853111329008 -4.070437529659913e-05 5.31858302561449 -3.4102210046102465e-06 4.492174754001092e-05 0.9999999989852036 -0.2926464709847727
0.8963583206963321 0.443330306489254 -1.6327736834895244e-05 0.029387048811182925 -0.4433303045016655 0.8963583192038216 6.85897956853667e-05 -5.450658852665312 4.504343788896964e-05 -5.424245353462491e-05 0.9999999975144226 -0.2630988937847447
1.0 0.0 0.0 0.0 0.0 1.0 0.0 0.0 0.0 0.0 1.0 0.0
0.8684840276495167 0.49571715064458394 -1.656769228692866e-05 2.527894704980694 -0.4957171509209177 0.868484027114851 -3.0483079129207597e-05 5.318574119148069 -7.222090114630383e-07 3.468695655511395e-05 0.9999999993981467 -0.2928921283483815
0.8963588128219171 0.4433293115431765 -1.4252635589464845e-05 0.02924715373945097 -0.44332930947763116 0.8963588109901733 7.292716009255231e-05 -5.4506429467265125 4.510622316706457e-05 -5.905029154890916e-05 0.9999999972392459 -0.2631554155337044
1.0 0.0 0.0 0.0 0.0 1.0 0.0 0.0 0.0 0.0 1.0 0.0
0.8684854922031076 0.49571458464166196 -2.0156158918196346e-05 2.5277857676788935 -0.495714585049948 0.8684854913826296 -3.777075583017025e-05 5.318620634081377 -1.2181829554916788e-06 4.2795055422354354e-05 0.9999999990835496 -0.29270073870841384
0.8963596498757577 0.44332761910254437 -1.4679185500034912e-05 0.029239259557925945 -0.44332761719156144 0.8963596482932488 6.889742993356859e-05 -5.450644073899584 4.37019631267661e-05 -5.524918784251268e-05 0.9999999975188328 -0.26305193738792104
1.0 0.0 0.0 0.0 0.0 1.0 0.0 0.0 0.0 0.0 1.0 0.0
0.8684862121360725 0.4957133234066891 -1.8072971016931435e-05 2.5277813731805288 -0.4957133237358524 0.8684862115186867 -3.275169007254446e-05 5.31859704467197 -5.393230036544224e-07 3.74034037847041e-05 0.9999999993003472 -0.2928097776818362
0.8963585519142054 0.4433298389995629 -1.6213888806409577e-05 0.029302613259763577 -0.44332983718367713 0.8963585506139976 6.483723889048117e-05 -5.450604307779562 4.327774054882865e-05 -5.0929312877337516e-05 0.9999999977666212 -0.26302493536146
1.0 0.0 0.0 0.0 0.0 1.0 0.0 0.0 0.0 0.0 1.0 0.0
0.8684852798678638 0.49571495678329996 -1.6558049900378273e-05 2.527872400475958 -0.4957149570515016 0.8684852791750399 -3.480920455706046e-05 5.318616250951484 -2.8750207423404324e-06 3.843935475694245e-05 0.9999999992570752 -0.2927883800959825
0.8963588559548372 0.4433292242719982 -1.605377854515101e-05 0.029261416748677133 -0.4433292222920403 0.896358854441217 6.87514604177857e-05 -5.450627419397295 4.486947816076868e-05 -5.450887124803825e-05 0.9999999975077565 -0.2630927315743807
1.0 0.0 0.0 0.0 0.0 1.0 0.0 0.0 0.0 0.0 1.0 0.0
0.8684857777351435 0.4957140844100712 -1.9729882042600356e-05 2.527755086564549 -0.4957140848020235 0.8684857769800655 -3.6224620916565665e-05 5.3186042880924305 -8.219328552640419e-07 4.1240948489877925e-05 0.9999999991492542 -0.2927314572380818
0.8963588867165786 0.443329162112168 -1.5004638992550362e-05 0.029285774813922916 -0.44332916027370906 0.8963588852609433 6.68189088604258e-05 -5.450699221278796 4.307231235944853e-05 -5.324172875297762e-05 0.9999999976550471 -0.26306373795541427
1.0 0.0 0.0 0.0 0.0 1.0 0.0 0.0 0.0 0.0 1.0 0.0
0.868484191662752 0.49571686322004127 -1.873976737512532e-05 2.527819511093666 -0.49571686357215416 0.8684841909284553 -3.5742580981195564e-05 5.318620962243628 -1.443008420405381e-06 4.033148525864535e-05 0.9999999991856446 -0.292753598754282
0.8963581046341361 0.443330743392404 -1.4826905661828262e-05 0.029297175074530557 -0.443330741576723 0.8963581031873857 6.650823304991143e-05 -5.450674142986149 4.277536143490744e-05 -5.304197063683702e-05 0.999999997678409 -0.26304485472394196
1.0 0.0 0.0 0.0 0.0 1.0 0.0 0.0 0.0 0.0 1.0 0.0
0.868484211243592 0.49571682889983104 -1.9133518028826796e-05 2.5278163446266104 -0.4957168292690657 0.8684842105856536 -3.380589084838531e-05 5.318675865325552 -1.4099070850445825e-07 3.884468933885141e-05 0.999999999245535 -0.29279709849602853
0.8963579972473031 0.4433309605273357 -1.4446981439247528e-05 0.029252870447946222 -0.44333095892212615 0.8963579960193805 6.191372753624936e-05 -5.4506455258127655 4.039793962987207e-05 -4.909207068150665e-05 0.9999999979789876 -0.26301905728480035
