1.0 0.0 0.0 0.0 0.0 1.0 0.0 0.0 0.0 0.0 1.0 0.0
0.8684874310269076 0.4957111878354985 -2.0074870097259272e-05 2.5279808213211274 -0.4957111882328751 0.8684874300532506 -4.123410511866344e-05 5.318720265020685 -3.0054348882695665e-06 4.576263973471135e-05 0.9999999989483741 -0.292633380979972
0.896357618637543 0.4433317259856185 -1.565392869079934e-05 0.030400391485274958 -0.4433317240289544 0.8963576171078612 6.871849265769177e-05 -5.450438937304974 4.449660617671664e-05 -5.4656461240682495e-05 0.9999999975163614 -0.26306350125093625
1.0 0.0 0.0 0.0 0.0 1.0 0.0 0.0 0.0 0.0 1.0 0.0
0.8684881634519896 0.495709904627112 -1.995918272043391e-05 2.527857546135735 -0.49570990502746076 0.8684881626474377 -3.740246998778788e-05 5.318671429884681 -1.2064609016446916e-06 4.2377567039033415e-05 0.9999999991013433 -0.292728053627565
0.8963558854653131 0.4433352302229793 -1.5324249840464734e-05 0.030174060811799963 -0.4433352282609684 0.8963558838919782 6.924613087389589e-05 -5.450497895515293 4.443523088375596e-05 -5.527539715355604e-05 0.9999999974850704 -0.26308019017199025
1.0 0.0 0.0 0.0 0.0 1.0 0.0 0.0 0.0 0.0 1.0 0.0
0.8684951413272445 0.49569767919793134 -1.813158353483426e-05 2.527931065323555 -0.4956976795239989 0.868495140563606 -3.649555234649807e-05 5.318845618551448 -2.343568408485249e-06 4.0683993777299475e-05 0.99999999916966 -0.29274209236070675
0.8963622945858215 0.44332227164800375 -1.7484146637130678e-05 0.030699990626163354 -0.4433222695997546 0.8963622931480282 6.855167180858062e-05 -5.45038335805357 4.606261264482471e-05 -5.369602227082184e-05 0.9999999974974865 -0.2630480526672205
1.0 0.0 0.0 0.0 0.0 1.0 0.0 0.0 0.0 0.0 1.0 0.0
0.8684980346878184 0.49569260978957025 -1.853107634181587e-05 2.5279255036518355 -0.4956926101302262 0.8684980338911465 -3.7275942204463204e-05 5.318883066013827 -2.383205704938711e-06 4.155980014610073e-05 0.9999999991335514 -0.29272889205691266
0.8963687367549428 0.44330924582481046 -1.8291666898727158e-05 0.030326769172563273 -0.4433092436765508 0.8963687352895504 6.975912802572108e-05 -5.450432431201319 4.732094475884115e-05 -5.44210364471056e-05 0.9999999973995395 -0.26304011610129846
1.0 0.0 0.0 0.0 0.0 1.0 0.0 0.0 0.0 0.0 1.0 0.0
0.8684954974183944 0.4956970552396057 -1.976764135799308e-05 2.5280207127531336 -0.495697055630517 0.8684954965779437 -3.8250062858603e-05 5.318824372861634 -1.7923360243563645e-06 4.3018768986577385e-05 0.9999999990730866 -0.29269824287254687
0.8963653592528098 0.4433160750492416 -1.82897970757471e-05 0.03056861349417206 -0.4433160731872146 0.896365358108934 6.353038827159415e-05 -5.450301968213847 4.455838288045772e-05 -4.883827828752404e-05 0.9999999978146866 -0.26301669162362434
1.0 0.0 0.0 0.0 0.0 1.0 0.0 0.0 0.0 0.0 1.0 0.0
0.8684952743807145 0.4956974459608887 -2.1123902038889575e-05 2.5278493101722113 -0.4956974464058028 0.8684952733882688 -4.1581264008097495e-05 5.318742289432338 -2.2657172923371604e-06 4.658419559258833e-05 0.9999999989123896 -0.2926321298992814
0.896365419753094 0.44331595279114866 -1.6484399692424462e-05 0.03022466510260946 -0.44331595075895813 0.8963654182241801 6.93864023965192e-05 -5.450403199743739 4.5536144913632044e-05 -5.488777438696775e-05 0.9999999974568959 -0.2630578276507909
1.0 0.0 0.0 0.0 0.0 1.0 0.0 0.0 0.0 0.0 1.0 0.0
0.868489714863481 0.4957071864336806 -2.2234123530909447e-05 2.5279946703148797 -0.49570718692698096 0.8684897137723713 -4.359500654411539e-05 5.318722982027941 -2.3002504552184093e-06 4.8883429632245544e-05 0.9999999988025594 -0.29258167442176974
0.896360767546406 0.44332535919879895 -1.717189883368066e-05 0.030258553829567963 -0.44332535720742916 0.8963607661412828 6.76721385067191e-05 -5.45039402616849 4.5392991505906636e-05 -5.3045911829034605e-05 0.9999999975628039 -0.26304344634203763
1.0 0.0 0.0 0.0 0.0 1.0 0.0 0.0 0.0 0.0 1.0 0.0
0.8684923980645749 0.4957024855031338 -1.923693012996313e-05 2.5281221409794505 -0.4957024858720559 0.8684923972404849 -3.7891162555971776e-05 5.318751458926769 -2.0756158934751533e-06 4.2443980719647975e-05 0.9999999990971001 -0.29271858507999926
0.8963620952944735 0.44332267460538144 -1.732142585401521e-05 0.030583133042548727 -0.44332267265415676 0.8963620939518642 6.66108416217766e-05 -5.450414968504279 4.505636601421447e-05 -5.20284527616326e-05 0.9999999976314818 -0.2630570795083039
1.0 0.0 0.0 0.0 0.0 1.0 0.0 0.0 0.0 0.0 1.0 0.0
0.8684936454321366 0.49570030016143596 -1.6243798798606867e-05 2.5279712231993265 -0.49570030042568564 0.868493644871763 -3.1228931043972584e-05 5.318837241293549 -1.3725544670605303e-06 3.517418410984812e-05 0.9999999993804464 -0.2928678949242377
0.8963601940784717 0.4433265187343416 -1.607775206685295e-05 0.030613276032846803 -0.4433265166800009 0.8963601924767327 7.036655009645418e-05 -5.450407957850913 4.560681462684517e-05 -5.594608068125558e-05 0.9999999973950272 -0.2630563598604286
1.0 0.0 0.0 0.0 0.0 1.0 0.0 0.0 0.0 0.0 1.0 0.0
0.8684893903109144 0.4957077551269268 -2.060094435460295e-05 2.528052957347249 -0.4957077555524538 0.8684893894232398 -3.9298821048596836e-05 5.3186732998776325 -1.5890287770598931e-06 4.4342657020716644e-05 0.9999999990156021 -0.2926693840967938
0.8963602491645581 0.4433264073466032 -1.6334225657507017e-05 0.030241960386714783 -0.4433264053671171 0.8963602476824956 6.840210362632104e-05 -5.450330031974215 4.4965809411648844e-05 -5.407153310465343e-05 0.9999999975271727 -0.2630756041301215
1.0 0.0 0.0 0.0 0.0 1.0 0.0 0.0 0.0 0.0 1.0 0.0
0.8684937489354217 0.49570011862999536 -2.1220409761143297e-05 2.527962460879113 -0.49570011907983963 0.8684937479522594 -4.1377175055485746e-05 5.318746006724766 -2.0808773770574206e-06 4.645477752983376e-05 0.9999999989188117 -0.2926417310321068
0.8963669235858417 0.4433129120675643 -1.7188113869314597e-05 0.03021863299081451 -0.44331290959137454 0.8963669215965746 7.782744218130433e-05 -5.450163678028603 4.9908766749234367e-05 -6.21422321488143e-05 0.9999999968237286 -0.26313765218728824
1.0 0.0 0.0 0.0 0.0 1.0 0.0 0.0 0.0 0.0 1.0 0.0
0.8684901026036684 0.4957065072257032 -1.9327777539600898e-05 2.5279730104029996 -0.4957065075924441 0.868490101677513 -4.023287713881336e-05 5.318665386816527 -3.1577155215439473e-06 4.4522760697987875e-05 0.9999999990038763 -0.29267283901994146
0.8963618198055444 0.4433232316473997 -1.6631284056541215e-05 0.030242630382515512 -0.44332322940364677 0.8963618180355956 7.374987297795539e-05 -5.450333660381442 4.760268003536928e-05 -5.873353579589259e-05 0.9999999971421784 -0.26309999314037213
1.0 0.0 0.0 0.0 0.0 1.0 0.0 0.0 0.0 0.0 1.0 0.0
0.8684948137934433 0.4956982530497196 -1.8367043865434717e-05 2.528090954449123 -0.49569825338241075 0.8684948129789962 -3.771214017437851e-05 5.31892391071076 -2.7421596763226167e-06 4.185730972241385e-05 0.9999999991202233 -0.2927131481346963
0.8963679950334698 0.4433107455685874 -1.852298442333721e-05 0.03066242091390231 -0.4433107435181165 0.896367993704112 6.741127076455884e-05 -5.450288625607528 4.648755108733541e-05 -5.2213867621032646e-05 0.9999999975563099 -0.26302323313595594
1.0 0.0 0.0 0.0 0.0 1.0 0.0 0.0 0.0 0.0 1.0 0.0
0.8684945421232418 0.49569872902522105 -1.857204469783574e-05 2.5279323853120745 -0.495698729372674 0.8684945414617901 -3.3902667313451196e-05 5.318739675566702 -6.757896539914646e-07 3.865042048372329e-05 0.9999999992528439 -0.2928135217344993
0.8963606378124627 0.44332562151952004 -1.68750424830594e-05 0.030475506399405994 -0.4433256194754851 0.8963606363128412 6.917742212782878e-05 -5.4504157456034035 4.579424747784253e-05 -5.452677955824393e-05 0.9999999974648583 -0.26306805327535676
1.0 0.0 0.0 0.0 0.0 1.0 0.0 0.0 0.0 0.0 1.0 0.0
0.8684944801675889 0.4956988375816602 -1.840164570935921e-05 2.5278722449874156 -0.4956988379101981 0.8684944792772735 -3.948894729033564e-05 5.318727372247984 -3.59289756094147e-06 4.3417607143035284e-05 0.9999999990510013 -0.29269110152585454
0.8963664061760017 0.4433139582040033 -1.845589228082339e-05 0.030076905504741624 -0.4433139561351693 0.8963664048188889 6.788111848877625e-05 -5.450445081444048 4.663588913604093e-05 -5.2664599605959335e-05 0.999999997525767 -0.26303988209523277
1.0 0.0 0.0 0.0 0.0 1.0 0.0 0.0 0.0 0.0 1.0 0.0
0.8684982317087877 0.4956922645569429 -1.9419555251485407e-05 2.528051310286572 -0.4956922649319342 0.8684982308498779 -3.869471939306473e-05 5.318835604994993 -2.3148237025339154e-06 4.323241869590732e-05 0.9999999990627998 -0.2926955453060832
0.8963670837764885 0.44331258806322804 -1.966511988080762e-05 0.030608881825944317 -0.4433125859805879 0.8963670825303264 6.683767497077222e-05 -5.450342537914237 4.7257148806585535e-05 -5.119329665198387e-05 0.9999999975730041 -0.2630500472195212
1.0 0.0 0.0 0.0 0.0 1.0 0.0 0.0 0.0 0.0 1.0 0.0
0.8684994933644303 0.4956900540244874 -1.915538295523511e-05 2.5279388177034794 -0.4956900543943396 0.868499492675373 -3.4599965857242444e-05 5.318887054745355 -5.144185663986078e-07 3.954518563645812e-05 0.9999999992179568 -0.2927763632530483
0.8963673872170441 0.4433119745179293 -1.9562843378549835e-05 0.030705485402787003 -0.4433119726088293 0.8963673861461545 6.3207427801616e-05 -5.4502706535476975 4.555610440774217e-05 -4.79846342232425e-05 0.999999997811058 -0.2629927773747625
1.0 0.0 0.0 0.0 0.0 1.0 0.0 0.0 0.0 0.0 1.0 0.0
0.8684912023775844 0.49570458038652065 -1.9405195620849053e-05 2.5277816148067367 -0.49570458076342333 0.8684912015725818 -3.7432254859815764e-05 5.318617742824305 -1.7020985267102932e-06 4.212882839077684e-05 0.9999999991111325 -0.29271732657323685
0.8963594537393408 0.44332801561764845 -1.614403164144968e-05 0.030028314412958723 -0.4433280135828264 0.896359452169026 6.985663013172825e-05 -5.450468464946975 4.5440256571959484e-05 -5.545954934613363e-05 0.9999999974297108 -0.2631006647876607
1.0 0.0 0.0 0.0 0.0 1.0 0.0 0.0 0.0 0.0 1.0 0.0
0.8684944927323974 0.4956988156012796 -1.7463803047386325e-05 2.5279723115425297 -0.49569881590879955 0.8684944921696633 -3.126616061297174e-05 5.318937185092691 -3.3138202524849007e-07 3.581127479308686e-05 0.9999999993587214 -0.2928877482197888
0.8963617573023632 0.4433233579233989 -1.9113908352937503e-05 0.030770236082357183 -0.4433233561698104 0.8963617563521408 6.019668623943469e-05 -5.450395792946955 4.381957354150594e-05 -4.54843654607908e-05 0.9999999980055085 -0.2629475890612691
1.0 0.0 0.0 0.0 0.0 1.0 0.0 0.0 0.0 0.0 1.0 0.0
0.8684948604926894 0.49569817120345133 -1.9061430087541172e-05 2.5281131519760303 -0.4956981715653337 0.8684948596766778 -3.770905680550703e-05 5.318873699916537 -2.1375564471840405e-06 4.219883807143191e-05 0.9999999991073446 -0.2927267344426915
0.8963658350939704 0.4433151129818755 -1.6678059818468706e-05 0.030668066134286215 -0.44331511108026567 0.8963658337413817 6.624961199637736e-05 -5.450262995868288 4.4319097221541026e-05 -5.199025284078449e-05 0.9999999976664156 -0.26301775004309924
