1.0 0.0 0.0 0.0 0.0 1.0 0.0 0.0 0.0 0.0 1.0 0.0
0.8684855651301575 0.49571445689326393 -1.9686753384908845e-05 2.527832343570338 -0.4957144572819816 0.8684855643230728 -3.747083402719986e-05 5.3186377525446975 -1.47717301594503e-06 4.2301886735831085e-05 0.999999999104184 -0.29270055006836887
0.8963601728586235 0.4433265615868004 -1.7449459373434045e-05 0.029308915173636096 -0.44332655993770864 0.896360171867394 5.952859260551411e-05 -5.450600353535038 4.2031606678862405e-05 -4.562325076109753e-05 0.9999999980759315 -0.2629587983359381
1.0 0.0 0.0 0.0 0.0 1.0 0.0 0.0 0.0 0.0 1.0 0.0
0.8684856024080856 0.49571439169282927 -1.668750202296939e-05 2.527850087872293 -0.4957143919713556 0.8684856018081188 -3.231809207973423e-05 5.318656957792539 -1.5276881188936688e-06 3.634003258738951e-05 0.9999999993385341 -0.29284547001963657
0.8963582903329603 0.4433303679073715 -1.5571990490804177e-05 0.029347795724996406 -0.4433303659258557 0.8963582887634418 6.937666247261182e-05 -5.450672978222385 4.4714864047144223e-05 -5.528281032047486e-05 0.9999999974721959 -0.26307263115093654
1.0 0.0 0.0 0.0 0.0 1.0 0.0 0.0 0.0 0.0 1.0 0.0
0.8684856937041376 0.49571423170287243 -1.784586555790661e-05 2.5277468693505813 -0.49571423201777737 0.8684856929484319 -3.6316771322627455e-05 5.31859334624772 -2.503861478807043e-06 4.0387045874937114e-05 0.9999999991813086 -0.2927581267690667
0.8963598834079168 0.44332714688939057 -1.5743558249098954e-05 0.029280604440244495 -0.4433271452593162 0.8963598822777954 6.0984936278051045e-05 -5.450697096040196 4.114817182217225e-05 -4.7684903637049945e-05 0.9999999980164891 -0.2630092745608236
1.0 0.0 0.0 0.0 0.0 1.0 0.0 0.0 0.0 0.0 1.0 0.0
0.8684852633432368 0.4957149857016845 -1.750452386661507e-05 2.527838976796783 -0.49571498600203123 0.868485262577187 -3.659562180614731e-05 5.3186283672112165 -2.938577133767882e-06 4.046001304497848e-05 0.9999999991771763 -0.2927423120816779
0.8963594692949551 0.4433279841926577 -1.5392890438462647e-05 0.029313362345099403 -0.4433279823715194 0.8963594679023633 6.594080420236595e-05 -5.450603005310003 4.30309668860037e-05 -5.228256519881967e-05 0.9999999977074346 -0.26304964176140355
1.0 0.0 0.0 0.0 0.0 1.0 0.0 0.0 0.0 0.0 1.0 0.0
0.8684857189818863 0.4957141873478068 -1.9662619112105362e-05 2.5278452110195957 -0.4957141877368628 0.8684857182213015 -3.63594810382732e-05 5.3186076007011955 -9.472067135640319e-07 4.132472929324422e-05 0.999999999145685 -0.29273350344412685
0.8963592225958995 0.44332848297865296 -1.572008147679966e-05 0.029321034203260016 -0.44332848102113176 0.89635922107253 6.865670583397413e-05 -5.450666707112555 4.452831323142851e-05 -5.457191162471154e-05 0.9999999975195679 -0.2630829666581712
1.0 0.0 0.0 0.0 0.0 1.0 0.0 0.0 0.0 0.0 1.0 0.0
0.8684853411676822 0.4957148493774985 -1.6837421853971177e-05 2.527851098167903 -0.4957148496579107 0.8684853404964575 -3.422554078393797e-05 5.318671839303786 -2.343054742639694e-06 3.807094050734132e-05 0.9999999992725569 -0.29277763282045177
0.8963577660175553 0.4433314279423311 -1.7280929241771367e-05 0.029327186347851975 -0.44333142646186763 0.8963577651916929 5.560430806466413e-05 -5.450623688135092 4.01410324096432e-05 -4.218017434643537e-05 0.9999999983047653 -0.2629246029843933
1.0 0.0 0.0 0.0 0.0 1.0 0.0 0.0 0.0 0.0 1.0 0.0
0.8684846795007621 0.4957160085861345 -1.7432425320525485e-05 2.527845947494772 -0.49571600888940826 0.8684846788308933 -3.415780712914097e-05 5.31862082959673 -1.7927775063710423e-06 3.830706448215196e-05 0.9999999992646772 -0.2927978980724295
0.896358958999323 0.4433290159401214 -1.572303991201508e-05 0.029279465365935398 -0.4433290138818156 0.8963589573518965 7.089144905592622e-05 -5.450677937623737 4.552172401046838e-05 -5.657370569831635e-05 0.9999999973635942 -0.26311950910695
1.0 0.0 0.0 0.0 0.0 1.0 0.0 0.0 0.0 0.0 1.0 0.0
0.8684850030214196 0.49571544167857534 -2.020643519113831e-05 2.5278084451569427 -0.4957154420891376 0.8684850022055352 -3.7661938581382026e-05 5.318619390476677 -1.1206186067897859e-06 4.2725470796443756e-05 0.9999999990866393 -0.2927094198168751
0.8963588833813516 0.44332916884693746 -1.5258408112261423e-05 0.029326671980473562 -0.44332916714099346 0.8963588821137585 6.338648149819946e-05 -5.450657726792886 4.17780857970718e-05 -5.005253841688622e-05 0.9999999978746675 -0.26300087019843804
1.0 0.0 0.0 0.0 0.0 1.0 0.0 0.0 0.0 0.0 1.0 0.0
0.8684847692688709 0.49571585122460626 -1.981567858539405e-05 2.5278510883863197 -0.4957158516150848 0.8684847683756203 -3.945981221440165e-05 5.318569714936439 -2.3512393746015687e-06 4.4093191891727456e-05 0.999999999025131 -0.2926750415188104
0.8963590405544567 0.4433288510527389 -1.550976194780977e-05 0.0292937809638788 -0.4433288491977395 0.8963590391332241 6.658206723997142e-05 -5.450660992529609 4.3420066686922946e-05 -5.280551299369764e-05 0.9999999976631377 -0.263087977849628
1.0 0.0 0.0 0.0 0.0 1.0 0.0 0.0 0.0 0.0 1.0 0.0
0.8684852755986228 0.495714964299518 -1.542437885900604e-05 2.527798796697877 -0.49571496453553443 0.868485275047041 -3.101611377875524e-05 5.31867196400243 -1.979305818748495e-06 3.458313354221235e-05 0.9999999994000445 -0.29288010740112397
0.8963588165016191 0.4433293040680697 -1.5308096577748938e-05 0.029347169508796345 -0.4433293025199285 0.8963588154250465 5.9472692539779276e-05 -5.4506074883919275 4.008753470955884e-05 -4.6522344520412856e-05 0.9999999981143305 -0.26298704968790193
1.0 0.0 0.0 0.0 0.0 1.0 0.0 0.0 0.0 0.0 1.0 0.0
0.8684847305953661 0.4957159190257701 -1.863143531524626e-05 2.527788749045574 -0.49571591937169807 0.8684847298198194 -3.67595893687706e-05 5.318610288492389 -2.0411965610268295e-06 4.1161041156239754e-05 0.9999999991508012 -0.29274442359282066
0.8963583634082893 0.4433302202166977 -1.3806819610659686e-05 0.029257061720381117 -0.4433302185036031 0.896358361979803 6.534855025613139e-05 -5.45067444579897 4.134684538624864e-05 -5.245473920386464e-05 0.9999999977694694 -0.26307400850288915
1.0 0.0 0.0 0.0 0.0 1.0 0.0 0.0 0.0 0.0 1.0 0.0
0.8684856553353923 0.49571429889595203 -1.86211955333727e-05 2.5278563870554795 -0.49571429923699994 0.8684856544848606 -3.854831732756481e-05 5.318574679446094 -2.9367109075682444e-06 4.270945353109235e-05 0.999999999083639 -0.2926828519315898
0.8963591875941747 0.4433285537549062 -1.5527243245853007e-05 0.029394815882282793 -0.44332855158839796 0.8963591857876437 7.348908310753367e-05 -5.450658282799779 4.6497796044215557e-05 -5.8988944572974564e-05 0.9999999971791296 -0.263154734196635
1.0 0.0 0.0 0.0 0.0 1.0 0.0 0.0 0.0 0.0 1.0 0.0
0.8684846819230275 0.49571600423038675 -2.0369530518925717e-05 2.527825292734893 -0.4957160046433943 0.8684846809866996 -4.03957886813848e-05 5.318656154581641 -2.3342137382787387e-06 4.518062596925008e-05 0.9999999989766313 -0.2926335311812601
0.8963577458342314 0.44333146881984176 -1.5395417120589507e-05 0.029353213633869668 -0.443331466465344 0.8963577437695109 7.762809069642542e-05 -5.450650618410836 4.821477682471915e-05 -6.275726754116389e-05 0.9999999968684303 -0.263150999264392
1.0 0.0 0.0 0.0 0.0 1.0 0.0 0.0 0.0 0.0 1.0 0.0
0.8684845311049365 0.4957162684911719 -1.9611913087064738e-05 2.527906930902351 -0.4957162688756094 0.8684845302701439 -3.8124693297270406e-05 5.31861790931389 -1.8663875735825522e-06 4.2832650762837666e-05 0.9999999990809402 -0.2926993407162374
0.8963596483732852 0.443327622112955 -1.5485281748777027e-05 0.02933399332698372 -0.4433276202832634 0.8963596469801566 6.602717929770405e-05 -5.450658742446203 4.3152054074604064e-05 -5.23190461112834e-05 0.9999999977003089 -0.2630526180549852
1.0 0.0 0.0 0.0 0.0 1.0 0.0 0.0 0.0 0.0 1.0 0.0
0.8684868245553207 0.49571225034605776 -2.075244610420644e-05 2.5277950830386535 -0.49571225078009806 0.8684868237439767 -3.754502995892129e-05 5.318623633375321 -5.883052883109876e-07 4.289460561440719e-05 0.9999999990798535 -0.29269867536197264
0.8963599949866651 0.4433269212395815 -1.708038997413459e-05 0.02921297652598353 -0.44332691942491037 0.8963599937759122 6.380646752065804e-05 -5.450616472271293 4.359730305203681e-05 -4.9621368237165225e-05 0.9999999978184977 -0.26303301795882655
1.0 0.0 0.0 0.0 0.0 1.0 0.0 0.0 0.0 0.0 1.0 0.0
0.8684850151317935 0.49571542054605383 -1.801049886674041e-05 2.527756773663705 -0.49571542087247844 0.8684850144937477 -3.3301911983246434e-05 5.318622888382164 -8.664229344541133e-07 3.785029355853293e-05 0.9999999992833021 -0.2928184859463155
0.8963578918026547 0.44333117368716113 -1.550046940551661e-05 0.029338835548441522 -0.44333117205695155 0.8963578906488465 6.127119319174539e-05 -5.450665529589412 4.105739805131784e-05 -4.804907628863763e-05 0.999999998002788 -0.26300354608566573
1.0 0.0 0.0 0.0 0.0 1.0 0.0 0.0 0.0 0.0 1.0 0.0
0.8684834872784933 0.4957180973141394 -1.7883955681931264e-05 2.527876664424755 -0.49571809763286173 0.868483486563847 -3.5286844703312276e-05 5.318558838206068 -1.9604073323411567e-06 3.95114424317724e-05 0.9999999992175015 -0.2927739216547768
0.8963578288092846 0.44333130108836943 -1.4408277091036465e-05 0.029352256710137414 -0.4433312992659577 0.8963578273082555 6.718914725366168e-05 -5.450638244300755 4.2702024019553726e-05 -5.3837877948867075e-05 0.9999999976390102 -0.26309473797450816
1.0 0.0 0.0 0.0 0.0 1.0 0.0 0.0 0.0 0.0 1.0 0.0
0.8684861122812838 0.4957134982999994 -1.9434937391888372e-05 2.527778004848467 -0.4957134986784068 0.8684861114829097 -3.727341005642375e-05 5.318614246951382 -1.5979592902247415e-06 4.2005599802472265e-05 0.9999999991164881 -0.2927162578350251
0.8963592941714823 0.4433283383069882 -1.4365459738194226e-05 0.029202675738558392 -0.4433283364990695 0.8963592926839852 6.690317132038788e-05 -5.450640058805798 4.253668509895317e-05 -5.36006640538101e-05 0.9999999976587998 -0.2630471036178262
1.0 0.0 0.0 0.0 0.0 1.0 0.0 0.0 0.0 0.0 1.0 0.0
0.8684847156615292 0.49571594517458073 -1.902591629568635e-05 2.5277972776720916 -0.4957159455371205 0.8684847148936579 -3.655571917817343e-05 5.318692110834476 -1.59753539430257e-06 4.1179533462483856e-05 0.9999999991508469 -0.2927315500617593
0.8963598583589883 0.44332719755604544 -1.5157763287750675e-05 0.029228481172743126 -0.4433271955586866 0.8963598567223722 7.024755715618097e-05 -5.450614056346675 4.47294631780386e-05 -5.624724169326869e-05 0.9999999974177615 -0.26307319176596095
1.0 0.0 0.0 0.0 0.0 1.0 0.0 0.0 0.0 0.0 1.0 0.0
0.8684842368050947 0.49571678413941506 -1.853509208797209e-05 2.527832694824978 -0.49571678448593215 0.8684842361956981 -3.2534656124553855e-05 5.3186625347176335 -3.0539812322691456e-08 3.744399224405978e-05 0.9999999992989732 -0.29283146990374964
0.8963578625048925 0.4433312329836967 -1.3668019679041208e-05 0.029291134668799512 -0.44333123141037817 0.8963578612376955 6.207690395746813e-05 -5.450649697346675 3.977206725813994e-05 -4.9583660946981454e-05 0.9999999979798216 -0.26301828354110707
