1.0 0.0 0.0 0.0 0.0 1.0 0.0 0.0 0.0 0.0 1.0 0.0
0.8684862402843263 0.4957132740601789 -1.8903275684719775e-05 2.5277855586698026 -0.4957132744201341 0.8684862395996092 -3.449345879906953e-05 5.318624965971203 -6.816305794007172e-07 3.9327699033726484e-05 0.9999999992264339 -0.29277723917230153
0.8963590043852814 0.4433289241455858 -1.6533156359015307e-05 0.029261962910525408 -0.4433289224502736 0.8963590032564968 6.164494147622622e-05 -5.450665308289316 4.2148629138318384e-05 -4.7926371973678444e-05 0.9999999979632781 -0.2629760670645288
1.0 0.0 0.0 0.0 0.0 1.0 0.0 0.0 0.0 0.0 1.0 0.0
0.8684853208446176 0.49571488492719656 -1.8412968613079558e-05 2.527758791199993 -0.4957148852691359 0.8684853202327263 -3.260164400644863e-05 5.31862319952687 -1.6972726472668296e-07 3.744163187850907e-05 0.9999999992990478 -0.2928286293126837
0.8963591149992076 0.4433287006091445 -1.3192590442441762e-05 0.029317014684557163 -0.44332869882386033 0.8963591134094047 6.787523912929114e-05 -5.450712993441146 4.191634023929597e-05 -5.49919353213491e-05 0.9999999976094537 -0.26307739982621214
1.0 0.0 0.0 0.0 0.0 1.0 0.0 0.0 0.0 0.0 1.0 0.0
0.8684845560741822 0.4957162247718094 -1.8937157748562333e-05 2.527851601219524 -0.4957162251256044 0.8684845552106456 -3.883025611790623e-05 5.3185970339530755 -2.802158945492548e-06 4.311093410055002e-05 0.9999999990667975 -0.29268291548988634
0.8963584168488276 0.4433301121392402 -1.4658537226140346e-05 0.029310647584398608 -0.44333011047546955 0.8963584155710468 6.309334790438164e-05 -5.45065112569189 4.1110484204282644e-05 -5.0055682513355566e-05 0.9999999979021784 -0.26303957408859185
1.0 0.0 0.0 0.0 0.0 1.0 0.0 0.0 0.0 0.0 1.0 0.0
0.8684854212942881 0.49571470893518893 -1.8562987547784755e-05 2.5278117843240544 -0.49571470927989214 0.8684854205531433 -3.591911018771354e-05 5.318552178465344 -1.6839472047505764e-06 4.0397169519485464e-05 0.9999999991826166 -0.2927650351455753
0.896359057260106 0.4433288172143165 -1.7179353750934432e-05 0.029312374690228737 -0.44332881558850834 0.8963590562695277 5.926627762393058e-05 -5.450651135014081 4.167331807521593e-05 -4.550776218733422e-05 0.999999998096189 -0.2630159160539921
1.0 0.0 0.0 0.0 0.0 1.0 0.0 0.0 0.0 0.0 1.0 0.0
0.8684847694779495 0.4957158507875986 -2.1511876312070727e-05 2.5278739886050428 -0.4957158512467737 0.868484768406845 -4.322030433939189e-05 5.318591128306553 -2.742253020011774e-06 4.819995412889932e-05 0.9999999988346223 -0.2925673426380698
0.8963582279365493 0.4433304940966772 -1.4643947852539089e-05 0.029344419377456243 -0.4433304922144448 0.8963582263863691 6.828162278574487e-05 -5.450654332841198 4.33975486917232e-05 -5.471268579142563e-05 0.9999999975615874 -0.2630762886475364
1.0 0.0 0.0 0.0 0.0 1.0 0.0 0.0 0.0 0.0 1.0 0.0
0.8684845071881548 0.49571631033751173 -2.096452944980427e-05 2.5278316739111513 -0.49571631077865724 0.8684845062827311 -3.96842283895849e-05 5.318596927091049 -1.4647502672045422e-06 4.4857596732135494e-05 0.9999999989928253 -0.29265332749210027
0.8963583652808992 0.44333021640435405 -1.4622714675686012e-05 0.02932439318293034 -0.44333021477681434 0.8963583640434973 6.225118989312512e-05 -5.450637883914209 4.070502609129841e-05 -4.93166835715862e-05 0.9999999979554827 -0.26302121908464343
1.0 0.0 0.0 0.0 0.0 1.0 0.0 0.0 0.0 0.0 1.0 0.0
0.8684844989403296 0.4957163248934889 -1.8288210067745363e-05 2.5278736726587363 -0.49571632522392234 0.8684844981423154 -3.732266776283426e-05 5.318637930027549 -2.6184287560108233e-06 4.147992270082939e-05 0.9999999991362801 -0.29272311768113907
0.8963583435408825 0.4433302602796591 -1.6882400607207114e-05 0.029427253758552374 -0.44333025860290715 0.8963583424664204 6.081061218040268e-05 -5.4506138914250055 4.209186515083483e-05 -4.7023620576708795e-05 0.9999999980085269 -0.26299183972918033
1.0 0.0 0.0 0.0 0.0 1.0 0.0 0.0 0.0 0.0 1.0 0.0
0.8684851467682537 0.4957151898866166 -1.893679058536086e-05 2.5278287510881206 -0.495715190244001 0.8684851459675581 -3.7350567241890266e-05 5.318613814059264 -2.0689221970169726e-06 4.182566762058969e-05 0.9999999991231667 -0.2927202953446897
0.8963588961423604 0.44332914299615145 -1.6635730781472403e-05 0.029248386941872484 -0.4433291412669631 0.8963588949849829 6.232814232140702e-05 -5.450674992519876 4.2543467180445455e-05 -4.849328060813072e-05 0.9999999979192277 -0.26298537793296256
1.0 0.0 0.0 0.0 0.0 1.0 0.0 0.0 0.0 0.0 1.0 0.0
0.8684856185536369 0.49571436340565656 -1.669826467758551e-05 2.527802920193798 -0.4957143636807854 0.8684856178828915 -3.42217255254065e-05 5.318576299538375 -2.4619981673994626e-06 3.799864611013209e-05 0.9999999992750206 -0.29280740383104803
0.896358976541593 0.4433289804548328 -1.6192176267470353e-05 0.02926307938756978 -0.44332897882191646 0.8963589754511386 6.053844186073572e-05 -5.450630601399834 4.135244823787171e-05 -4.708571481813726e-05 0.9999999980364553 -0.2630089245683569
1.0 0.0 0.0 0.0 0.0 1.0 0.0 0.0 0.0 0.0 1.0 0.0
0.8684865493535114 0.495712732640289 -1.703902726933669e-05 2.5277151371240554 -0.4957127329271726 0.8684865486615292 -3.475427747511339e-05 5.318623172270817 -2.42997187244721e-06 3.863008529377004e-05 0.9999999992509059 -0.2927818299446482
0.8963597630958341 0.4433273901824839 -1.4723041162016523e-05 0.029241884020172915 -0.4433273881829031 0.8963597614057923 7.084826321613295e-05 -5.450637232114498 4.460611729372313e-05 -5.6978405047703314e-05 0.9999999973818778 -0.26310642425546316
1.0 0.0 0.0 0.0 0.0 1.0 0.0 0.0 0.0 0.0 1.0 0.0
0.8684850773949645 0.49571531147570164 -1.7629826338589833e-05 2.5277587983459195 -0.49571531178485084 0.868485076689147 -3.507555196016008e-05 5.318643014495903 -2.0762470854230376e-06 3.920196831891716e-05 0.9999999992294474 -0.29277315950339894
0.8963587520650809 0.44332943442121464 -1.3118606654928175e-05 0.02925770472840017 -0.44332943284831133 0.8963587507419678 6.275901946850291e-05 -5.450686218892582 3.9581898478474515e-05 -5.043873192350728e-05 0.9999999979446039 -0.2630359608298084
1.0 0.0 0.0 0.0 0.0 1.0 0.0 0.0 0.0 0.0 1.0 0.0
0.8684849906475305 0.4957154634268857 -1.8423519687968406e-05 2.527794249390528 -0.4957154637662249 0.8684849899126874 -3.576862099487273e-05 5.318606107821708 -1.730508222234771e-06 4.019733407651007e-05 0.9999999991905898 -0.2927640894484316
0.8963585402497647 0.4433298626461149 -1.4404459161663242e-05 0.029290336073380274 -0.44332986109395656 0.8963585390818466 6.064215896907757e-05 -5.450621578550498 3.9796039976738245e-05 -4.797119021184618e-05 0.9999999980575202 -0.2629994869799588
1.0 0.0 0.0 0.0 0.0 1.0 0.0 0.0 0.0 0.0 1.0 0.0
0.8684849278369458 0.4957155734520737 -1.8898071976101377e-05 2.5278432943032763 -0.4957155738101574 0.8684849270900631 -3.604768816184432e-05 5.318555615067604 -1.4567097464701807e-06 4.0674942445487615e-05 0.9999999991717134 -0.2927598415443757
0.8963588683838271 0.44332919912569674 -1.649950229529533e-05 0.029324868354069333 -0.4433291970851479 0.8963588668465812 6.955107003790187e-05 -5.450618491822046 4.562349535917954e-05 -5.502800732917371e-05 0.9999999974452075 -0.2631101472063199
1.0 0.0 0.0 0.0 0.0 1.0 0.0 0.0 0.0 0.0 1.0 0.0
0.8684843302675734 0.49571662032022545 -2.0444489256890443e-05 2.527894678717826 -0.4957166207208318 0.8684843291127354 -4.501911051844111e-05 5.3186020008497135 -4.56100277969198e-06 4.923306517462962e-05 0.9999999987776512 -0.2925397557268934
0.8963592727070279 0.44332838170962174 -1.4242745157555763e-05 0.029249500154748587 -0.4433283799562765 0.8963592712747936 6.576521789042285e-05 -5.450565086374077 4.192220429053005e-05 -5.263504974087715e-05 0.9999999977360401 -0.2630630760409305
1.0 0.0 0.0 0.0 0.0 1.0 0.0 0.0 0.0 0.0 1.0 0.0
0.8684850843565378 0.495715299291932 -1.72664088713358e-05 2.5278411098103772 -0.49571529959101157 0.8684850837376401 -3.281187194614244e-05 5.318665674937344 -1.269728367659058e-06 3.7055844421566176e-05 0.9999999993126261 -0.2928260901872677
0.8963589272500178 0.4433290801476009 -1.5319256579981535e-05 0.029259755702920054 -0.4433290782509301 0.8963589257570077 6.777111362433811e-05 -5.450655072165584 4.3776457835081054e-05 -5.39557708077533e-05 0.9999999975861983 -0.2630666365754011
1.0 0.0 0.0 0.0 0.0 1.0 0.0 0.0 0.0 0.0 1.0 0.0
0.8684842522031584 0.4957167571329952 -1.9304590652011154e-05 2.5278880912646273 -0.49571675750774047 0.868484251459016 -3.59678325377597e-05 5.318594843749166 -1.0641243445866532e-06 4.08071052279539e-05 0.9999999991668238 -0.292740522620094
0.8963585812887241 0.44332977965649606 -1.4825260149908173e-05 0.02931654349011914 -0.4433297776304936 0.896358579576984 7.13079792370075e-05 -5.450600441461403 4.490169985271706e-05 -5.734503981787782e-05 0.9999999973476917 -0.26310141254923436
1.0 0.0 0.0 0.0 0.0 1.0 0.0 0.0 0.0 0.0 1.0 0.0
0.8684849881860958 0.4957154677296891 -1.867974062043402e-05 2.527879535536876 -0.49571546807857003 0.8684849874315443 -3.62446425586942e-05 5.318600155950149 -1.743955640714992e-06 4.073776432964353e-05 0.9999999991686966 -0.29273122571262394
0.8963585739848516 0.44332979440694065 -1.532786095133097e-05 0.02934776247879267 -0.44332979245775156 0.8963585724278355 6.895289501755882e-05 -5.450646771714942 4.430813233259887e-05 -5.501122123569292e-05 0.9999999975052773 -0.26308277268309366
1.0 0.0 0.0 0.0 0.0 1.0 0.0 0.0 0.0 0.0 1.0 0.0
0.8684850745312294 0.4957153164693699 -1.82799557486562e-05 2.527798229759828 -0.4957153168043464 0.8684850738305744 -3.491516060879428e-05 5.318572877007886 -1.43211117278762e-06 3.938494991875467e-05 0.9999999992233874 -0.29278538836236234
0.8963585500633213 0.44332984276338483 -1.5613223539376003e-05 0.029342583086277463 -0.44332984081525423 0.8963585485395754 6.857657637968881e-05 -5.450691335374956 4.439708921341961e-05 -5.4547392665640066e-05 0.9999999975267402 -0.2630877250772757
1.0 0.0 0.0 0.0 0.0 1.0 0.0 0.0 0.0 0.0 1.0 0.0
0.8684842519707882 0.4957167575796203 -1.8261661103809632e-05 2.527817421903353 -0.49571675791426345 0.8684842512812218 -3.4633304457872743e-05 5.318615844234593 -1.3083443192385348e-06 3.9131090951893696e-05 0.9999999992335229 -0.29279199508126663
0.8963576446834627 0.44333167336839424 -1.4349065197680987e-05 0.02933708427906745 -0.4433316714978181 0.89635764311481 6.838577624270628e-05 -5.450637250015012 4.3179474877750886e-05 -5.493671826423437e-05 0.9999999975587448 -0.26305995338376825
1.0 0.0 0.0 0.0 0.0 1.0 0.0 0.0 0.0 0.0 1.0 0.0
0.8684854795699 0.4957146068722257 -1.7599897502040916e-05 2.5277760842663985 -0.49571460718428156 0.8684854789779964 -3.207013534758763e-05 5.318639486904766 -6.123791241585657e-07 3.65769731539274e-05 0.999999999330875 -0.2928473779247214
0.8963594698373641 0.4433279830673064 -1.619736255778492e-05 0.029256144545759644 -0.4433279812926244 0.8963594685837905 6.389985168779657e-05 -5.450670662030419 4.284725166179481e-05 -5.009649313654494e-05 0.9999999978272271 -0.2630396365873076
