1.0 0.0 0.0 0.0 0.0 1.0 0.0 0.0 0.0 0.0 1.0 0.0
0.8684986817955059 0.4956914760642686 -1.6634173363853028e-05 2.5279011303579417 -0.4956914763417792 0.8684986812187072 -3.1677673721025313e-05 5.318934270297323 -1.2555952154032214e-06 3.575743582153904e-05 0.9999999993599148 -0.29285529195363197
0.8963671852591665 0.4433123829642753 -1.7352087595632217e-05 0.03061549269930436 -0.443312381020318 0.8963671839281167 6.641440987192415e-05 -5.450387670765621 4.49961721968791e-05 -5.183930236988749e-05 0.9999999976440158 -0.26304684092456004
1.0 0.0 0.0 0.0 0.0 1.0 0.0 0.0 0.0 0.0 1.0 0.0
0.8684938253898055 0.49569998480652655 -1.7960832576911694e-05 2.527895020971394 -0.49569998512701635 0.8684938246500132 -3.591472845721345e-05 5.318778970698297 -2.2040581719553716e-06 4.00949043468963e-05 0.9999999991937705 -0.2927645182575941
0.8963624600290191 0.44332193709390216 -1.8494200357792978e-05 0.030485454790288413 -0.4433219351535053 0.8963624588192947 6.504750793287408e-05 -5.450387581841427 4.5414494126541485e-05 -5.0107259537747494e-05 0.999999997713393 -0.2630333281837807
1.0 0.0 0.0 0.0 0.0 1.0 0.0 0.0 0.0 0.0 1.0 0.0
0.8684900505089713 0.4957065983916058 -2.186201975648956e-05 2.5279865766218035 -0.4957065988717951 0.8684900495389688 -4.107014546725372e-05 5.31867112404098 -1.3717954836769066e-06 4.650616016920744e-05 0.9999999989176478 -0.2926291904152291
0.8963633650673564 0.44332010716922327 -1.8563234071102404e-05 0.030021102932042854 -0.4433201052894446 0.8963633639309102 6.362875008206603e-05 -5.4503611779753145 4.484730724284158e-05 -4.880502565569266e-05 0.9999999978033941 -0.26298928091917506
1.0 0.0 0.0 0.0 0.0 1.0 0.0 0.0 0.0 0.0 1.0 0.0
0.8684934163666808 0.49570070141017325 -1.8686678988439265e-05 2.5279546449923522 -0.49570070174937947 0.8684934154536038 -3.9986310502308394e-05 5.318906996715496 -3.5919845046209253e-06 4.3990847303964937e-05 0.9999999990259514 -0.2926590217595396
0.8963627611095314 0.44332132841055066 -1.6504600369732556e-05 0.03061540934255469 -0.44332132601790447 0.8963627591381812 7.699293392365179e-05 -5.450274227090178 4.892671887114297e-05 -6.169675751640706e-05 0.9999999968998431 -0.26310284234866743
1.0 0.0 0.0 0.0 0.0 1.0 0.0 0.0 0.0 0.0 1.0 0.0
0.8684862517016457 0.49571325401674565 -1.993375695245614e-05 2.5279045659089556 -0.49571325441327835 0.8684862508253299 -3.9068637482030555e-05 5.318636003720728 -2.0546475757210072e-06 4.3812002057472214e-05 0.9999999990381435 -0.29268011713111447
0.8963572727437387 0.4433324252863488 -1.7003874125793033e-05 0.029990684264666223 -0.44333242316038685 0.8963572711606972 7.079610093771221e-05 -5.450441425860986 4.662775334009775e-05 -5.5920231238161336e-05 0.9999999973493902 -0.2630808135468451
1.0 0.0 0.0 0.0 0.0 1.0 0.0 0.0 0.0 0.0 1.0 0.0
0.8684949657614367 0.4956979868317308 -1.7262974613885542e-05 2.528071303433662 -0.49569798712730606 0.8684949650692223 -3.474690268696678e-05 5.319013950026736 -2.231163176289757e-06 3.8734731827362035e-05 0.9999999992473211 -0.29279328012379324
0.8963637361500336 0.44331935695173036 -1.6341885420727535e-05 0.030946751284303076 -0.44331935490869245 0.8963637345920249 6.97966969975941e-05 -5.450258080849931 4.559050027630803e-05 -5.531855398895025e-05 0.9999999974306818 -0.26307662023350675
1.0 0.0 0.0 0.0 0.0 1.0 0.0 0.0 0.0 0.0 1.0 0.0
0.868490147686321 0.49570642837429296 -1.549823923019656e-05 2.527862287088641 -0.49570642860969505 0.8684901470851555 -3.241954397772681e-05 5.3186543137758555 -2.610508286136801e-06 3.583863135567982e-05 0.9999999993543888 -0.29284986897158327
0.8963586450521968 0.44332965066650365 -1.673638229720703e-05 0.030274544731044517 -0.4433296488339574 0.8963586437861739 6.46109237539384e-05 -5.450631562852001 4.3645739194881845e-05 -5.049482558508392e-05 0.999999997772661 -0.26304653324513316
1.0 0.0 0.0 0.0 0.0 1.0 0.0 0.0 0.0 0.0 1.0 0.0
0.8684946547391269 0.49569853163852096 -2.0517777660422955e-05 2.5280428569575935 -0.4956985320623398 0.8684946539187273 -3.7760183647128935e-05 5.318766719141731 -8.980873799232461e-07 4.2965149926959946e-05 0.9999999990765945 -0.29271272695731393
0.8963620152895292 0.4433228363012578 -1.8971059168762797e-05 0.030594762116941343 -0.44332283418750285 0.8963620139366971 6.825912641917497e-05 -5.450344489844781 4.7265766330625946e-05 -5.277458440076275e-05 0.9999999974903953 -0.2630232106085366
1.0 0.0 0.0 0.0 0.0 1.0 0.0 0.0 0.0 0.0 1.0 0.0
0.8684977600667201 0.4956930909536874 -1.843558244303046e-05 2.5278499588752794 -0.4956930912873711 0.8684977592241954 -3.837345384931598e-05 5.318846461077843 -3.0101939073660733e-06 4.2465649564998904e-05 0.9999999990938038 -0.29270989525045865
0.8963647996631079 0.44331720644540795 -1.9858429200530065e-05 0.030543831038248093 -0.44331720427740057 0.8963647983442627 6.841724151573862e-05 -5.450482899862897 4.813093726722163e-05 -5.252322367024284e-05 0.9999999974623619 -0.2630254495240505
1.0 0.0 0.0 0.0 0.0 1.0 0.0 0.0 0.0 0.0 1.0 0.0
0.8684950014768764 0.49569792427070325 -1.6834372095388537e-05 2.527903411289058 -0.4956979245552249 0.8684950008949116 -3.181492984139622e-05 5.318925300353667 -1.1500266751475166e-06 3.597587084847139e-05 0.999999999352207 -0.2928673239973668
0.896360142301091 0.4433266234492763 -1.533077921510458e-05 0.030700009584930354 -0.44332662157939595 0.896360140842281 6.714316916487963e-05 -5.45039498497562 4.3508253890021106e-05 -5.338791811157472e-05 0.9999999976283811 -0.2630306845822534
1.0 0.0 0.0 0.0 0.0 1.0 0.0 0.0 0.0 0.0 1.0 0.0
0.8684956148192342 0.49569684954299886 -1.9821845059176107e-05 2.527936793450004 -0.4956968499303193 0.8684956138681897 -4.075382244088335e-05 5.318793455133971 -2.986355898103064e-06 4.522014223266251e-05 0.9999999989731101 -0.29265705046918067
0.8963650589286005 0.44331668228600357 -1.840805171595768e-05 0.03043184624093831 -0.44331668037961114 0.8963650577476958 6.439077220842188e-05 -5.450424560161736 4.5045837844677494e-05 -4.955704194609875e-05 0.9999999977574862 -0.26300448315623226
1.0 0.0 0.0 0.0 0.0 1.0 0.0 0.0 0.0 0.0 1.0 0.0
0.8684925479524698 0.49570222304653333 -1.475645722183578e-05 2.527991076704422 -0.49570222326412167 0.8684925474783883 -2.8731624369679717e-05 5.318810373249008 -1.4264569474430745e-06 3.226801030799304e-05 0.9999999994783704 -0.292941375165451
0.8963633839987195 0.44332006897299053 -1.649688157388929e-05 0.030489438741246655 -0.44332006696553705 0.8963633825009666 6.882657925211021e-05 -5.450429979306769 4.529940442950529e-05 -5.4380226843417115e-05 0.9999999974953774 -0.26301691771936436
1.0 0.0 0.0 0.0 0.0 1.0 0.0 0.0 0.0 0.0 1.0 0.0
0.8684956836439499 0.495696728912303 -2.0915788462379156e-05 2.5280445837977097 -0.4956967293534228 0.8684956828379464 -3.741880490359892e-05 5.318776357405962 -3.8310720777739167e-07 4.286595847852322e-05 0.9999999990811814 -0.29271362749837826
0.8963646474070773 0.4433175143524737 -1.8631424693846935e-05 0.03041402715237762 -0.4433175121147491 0.8963646458765154 7.123944338050275e-05 -5.450420190147256 4.828224336117033e-05 -5.559688170480489e-05 0.9999999972889059 -0.2630589610614087
1.0 0.0 0.0 0.0 0.0 1.0 0.0 0.0 0.0 0.0 1.0 0.0
0.8684963932321237 0.49569548567960736 -2.0485367402683477e-05 2.5280872450207945 -0.4956954860968133 0.8684963922749811 -4.0848347676349535e-05 5.318874717811454 -2.4568738569907263e-06 4.5631146778964624e-05 0.9999999989558811 -0.29263631281538205
0.896368290748778 0.44331014758511333 -1.970227020799416e-05 0.03062200691127165 -0.44331014574852134 0.8963682897666652 6.145900539798452e-05 -5.450210203561564 4.4905891004261065e-05 -4.635568734220855e-05 0.9999999979173055 -0.26293466718725395
1.0 0.0 0.0 0.0 0.0 1.0 0.0 0.0 0.0 0.0 1.0 0.0
0.868494286834493 0.49569917628508264 -1.9134696001284797e-05 2.5279378412756803 -0.4956991766542885 0.8684942861618208 -3.418377020815402e-05 5.318723440874244 -3.264925899478497e-07 3.917346218160728e-05 0.9999999992326667 -0.29280956216529175
0.8963633282362548 0.44332018168763726 -1.7368484531671862e-05 0.030592716369110318 -0.4433201797944341 0.8963633269651399 6.526113596509088e-05 -5.450396455332648 4.450005123234504e-05 -5.079788935281565e-05 0.99999999771966 -0.26301774356622015
1.0 0.0 0.0 0.0 0.0 1.0 0.0 0.0 0.0 0.0 1.0 0.0
0.868493631570676 0.4957003242881104 -2.0538774364259603e-05 2.527985574182477 -0.4957003247109701 0.8684936306853046 -3.924916374664175e-05 5.318786768774615 -1.6180284798079067e-06 4.426872587995706e-05 0.9999999990188306 -0.29266924574219816
0.8963641227538388 0.44331857519893725 -1.7981247261695405e-05 0.030356580682031897 -0.4433185729581993 0.8963641211459612 7.205924020331806e-05 -5.450376095136003 4.8062944595675816e-05 -5.6619896755062915e-05 0.9999999972420702 -0.2630613444846467
1.0 0.0 0.0 0.0 0.0 1.0 0.0 0.0 0.0 0.0 1.0 0.0
0.8684946943050311 0.4956984623036291 -2.0828537168885444e-05 2.5280016519586583 -0.49569846273513873 0.868494693319526 -4.144684628925836e-05 5.31884262364431 -2.455663972137011e-06 4.632103995354925e-05 0.9999999989241654 -0.29263054313770687
0.8963654284105415 0.44331593528460467 -1.652640896827337e-05 0.030824274862034873 -0.443315933347155 0.8963654269995415 6.723444393746958e-05 -5.450266923823884 4.4619802029091e-05 -5.294021072729522e-05 0.9999999976032037 -0.2630392647469755
1.0 0.0 0.0 0.0 0.0 1.0 0.0 0.0 0.0 0.0 1.0 0.0
0.8684965103190126 0.4956952806033752 -1.8741369679267157e-05 2.527961211042739 -0.49569528094258175 0.8684965093769051 -4.063726778063479e-05 5.318795642327014 -3.866887708092864e-06 4.458333376479091e-05 0.9999999989986869 -0.292646681327148
0.8963639611390747 0.44331890199065727 -1.7574591273115604e-05 0.03065372390541299 -0.4433189002734582 0.8963639600851651 6.099813875281734e-05 -5.450421505201144 4.279485812580634e-05 -4.6885384798628734e-05 0.9999999979851804 -0.2629847410619237
1.0 0.0 0.0 0.0 0.0 1.0 0.0 0.0 0.0 0.0 1.0 0.0
0.8684946928292728 0.4956984650752583 -1.5793066361424263e-05 2.5278079883678983 -0.49569846532167267 0.868494692233894 -3.223806422325193e-05 5.318788337059841 -2.2641646434810864e-06 3.5827186443084314e-05 0.9999999993556433 -0.29284390926527293
0.8963655976507802 0.44331559305714724 -1.7336371400730887e-05 0.030076774707940013 -0.4433155912299073 0.8963655964513109 6.380410024578834e-05 -5.4503749750496056 4.382507943085232e-05 -4.950631671208209e-05 0.9999999978142433 -0.26301872042673563
1.0 0.0 0.0 0.0 0.0 1.0 0.0 0.0 0.0 0.0 1.0 0.0
0.8684924507194485 0.4957023933091537 -1.763242699543336e-05 2.527892238041562 -0.49570239362253027 0.8684924501360035 -3.183794880154934e-05 5.318741565060012 -4.685176958625123e-07 3.6391454447538904e-05 0.9999999993377212 -0.29285813217936085
0.8963598565560051 0.44332720112717067 -1.719439369120495e-05 0.030391133918119984 -0.44332719930918796 0.8963598553528859 6.375283998697702e-05 -5.450568427445259 4.3675732357268916e-05 -4.952274410683061e-05 0.9999999978199643 -0.2629855314695039
