1.0 0.0 0.0 0.0 0.0 1.0 0.0 0.0 0.0 0.0 1.0 0.0
0.8684912058823129 0.4957045741736519 -2.117556059873457e-05 2.5275777279100273 -0.4957045746224745 0.8684912049240359 -4.084051435041989e-05 5.318847132737682 -1.8540416357651093e-06 4.596644981602307e-05 0.999999998941824 -0.292640697591402
0.8963594189950124 0.44332808605805574 -9.540744998365094e-06 0.02950021325492358 -0.44332808451308203 0.8963594173115189 6.692471286505832e-05 -5.450596538522201 3.8221541491892936e-05 -5.5758916535173545e-05 0.9999999977150286 -0.2631713263608975
1.0 0.0 0.0 0.0 0.0 1.0 0.0 0.0 0.0 0.0 1.0 0.0
0.8684893427696988 0.4957078383543978 -2.212388716988819e-05 2.527646126074249 -0.4957078388474578 0.8684893418316265 -4.037388488651849e-05 5.318789575775442 -7.992909961221744e-07 4.603127304602662e-05 0.9999999989402416 -0.29263998150834414
0.8963589664724199 0.44332900100582023 -9.574795814823413e-06 0.02937045768308888 -0.4433289997121411 0.8963589651532545 6.003015029653469e-05 -5.450637313524901 3.5195560629326475e-05 -4.956377882597802e-05 0.9999999981523522 -0.26307314578024843
1.0 0.0 0.0 0.0 0.0 1.0 0.0 0.0 0.0 0.0 1.0 0.0
0.868489436212385 0.4957076744879853 -2.5322072783725525e-05 2.527552207558167 -0.49570767512347347 0.86848943471502 -5.1108373666392126e-05 5.31882032718066 -3.3428603792795897e-06 5.693942846017952e-05 0.9999999983733633 -0.2923897702873236
0.8963597017632919 0.4433275143387303 -9.223057246129769e-06 0.029351929656402653 -0.44332751273914395 0.8963596999606601 6.881104769718206e-05 -5.450589803969714 3.877300756049929e-05 -5.759061516309426e-05 0.9999999975899875 -0.26316685785366106
1.0 0.0 0.0 0.0 0.0 1.0 0.0 0.0 0.0 0.0 1.0 0.0
0.8684896821869995 0.49570724363433794 -2.3306075458311335e-05 2.527554392451875 -0.4957072441790694 0.8684896810541046 -4.43951896944349e-05 5.31881934448648 -1.7659310726494438e-06 5.01097546264124e-05 0.999999998742947 -0.292551286708057
0.8963594794388658 0.44332796389716356 -6.847018500300997e-06 0.02936997172952438 -0.4433279625524745 0.8963594777325923 6.555934471647428e-05 -5.450622469903485 3.520168073452189e-05 -5.572926534108404e-05 0.9999999978275452 -0.2631143910888592
1.0 0.0 0.0 0.0 0.0 1.0 0.0 0.0 0.0 0.0 1.0 0.0
0.8684928385640585 0.495701713498701 -2.4441692058681387e-05 2.527502534745991 -0.49570171408720454 0.8684928371121203 -5.035819290939798e-05 5.318945782170422 -3.7352080340177343e-06 5.5851518553514294e-05 0.999999998433328 -0.2924160606062327
0.896360653429488 0.443325590150046 -1.0078414574624393e-05 0.029399998323705212 -0.4433255885839342 0.8963606517792484 6.669774361658752e-05 -5.450629168251946 3.8602710807512006e-05 -5.5317213977150213e-05 0.9999999977249182 -0.263123263575748
1.0 0.0 0.0 0.0 0.0 1.0 0.0 0.0 0.0 0.0 1.0 0.0
0.8684897564755122 0.4957071134427772 -2.4069392444933978e-05 2.527608900551316 -0.4957071140171029 0.8684897551253068 -4.853061815254039e-05 5.318798435148869 -3.1529518874918307e-06 5.4079713805951286e-05 0.9999999985327217 -0.2924566380308566
0.8963586196758244 0.4433297022107836 -8.399349421381083e-06 0.029467858176684292 -0.443329700885075 0.8963586181821726 6.263940632064597e-05 -5.4506420176033545 3.5298738591770995e-05 -5.242369072028484e-05 0.9999999980028779 -0.2630947302090869
1.0 0.0 0.0 0.0 0.0 1.0 0.0 0.0 0.0 0.0 1.0 0.0
0.8684918258525215 0.49570348781733825 -2.4353208608866125e-05 2.5275568562640505 -0.4957034883941338 0.8684918243101247 -5.196496615573125e-05 5.318922309400902 -4.608652395186152e-06 5.7203118797978115e-05 0.9999999983532819 -0.29238345234304053
0.8963597027919443 0.4433275122832619 -7.96694351744426e-06 0.02945787169750247 -0.4433275109948746 0.8963597013051057 6.221985702840726e-05 -5.450624809834067 3.472502154263525e-05 -5.2239407313933835e-05 0.9999999980326086 -0.26311941782691867
1.0 0.0 0.0 0.0 0.0 1.0 0.0 0.0 0.0 0.0 1.0 0.0
0.8684882846999888 0.4957096921475356 -2.1210072424160522e-05 2.5275620065303537 -0.4957096925958165 0.8684882836942094 -4.186224637452966e-05 5.318755474433903 -2.3308218662241394e-06 4.687090902878737e-05 0.9999999988988424 -0.292607912882998
0.8963593266198272 0.44332827285046 -8.548547161240382e-06 0.029232040993949493 -0.4433282716313481 0.8963593252992017 5.934241378391167e-05 -5.450644439430842 3.3970739775352984e-05 -4.9402313421404545e-05 0.9999999982027004 -0.26308979365903007
1.0 0.0 0.0 0.0 0.0 1.0 0.0 0.0 0.0 0.0 1.0 0.0
0.8684912913669193 0.49570442433634737 -2.2653733223506557e-05 2.527543161357666 -0.49570442485080557 0.8684912902907184 -4.327233823956871e-05 5.318919058444694 -1.7757195195559524e-06 4.881120471643837e-05 0.9999999988071565 -0.29258331579596825
0.896358762991158 0.4433294124268245 -9.28697474439659e-06 0.029410441131667575 -0.44332941064115555 0.8963587609181155 7.338873539853231e-05 -5.450619780109117 4.085984611754434e-05 -6.166544703925593e-05 0.9999999972639225 -0.2632025748536321
1.0 0.0 0.0 0.0 0.0 1.0 0.0 0.0 0.0 0.0 1.0 0.0
0.868492494610631 0.49570231614930743 -2.3858225011089118e-05 2.527524367358913 -0.4957023167079554 0.8684924931968949 -4.970922100673514e-05 5.318902247464607 -3.920286663876918e-06 5.499866276782676e-05 0.9999999984798893 -0.2924348209428629
0.8963609964693428 0.443324896557521 -1.0037480474220029e-05 0.02940980139060967 -0.4433248948915952 0.8963609946701706 6.930554851956064e-05 -5.450570159321612 3.972208111014312e-05 -5.767292555562136e-05 0.9999999975479952 -0.2631764569107366
1.0 0.0 0.0 0.0 0.0 1.0 0.0 0.0 0.0 0.0 1.0 0.0
0.8684889294611713 0.4957085623830388 -2.4156376677594624e-05 2.527650583281459 -0.49570856296506405 0.8684889281678337 -4.746576245413154e-05 5.318836087198992 -2.5496391794214603e-06 5.3198011989152605e-05 0.9999999985817354 -0.2924763668290273
0.8963603172872083 0.44332626980771417 -9.547447493026565e-06 0.02932822543810154 -0.4433262683904249 0.8963603157892813 6.350717874748631e-05 -5.450615948890362 3.671235370994647e-05 -5.269268062234587e-05 0.9999999979378422 -0.26310638595559177
1.0 0.0 0.0 0.0 0.0 1.0 0.0 0.0 0.0 0.0 1.0 0.0
0.8684918091439009 0.4957035170962689 -2.425578007305751e-05 2.527594570189681 -0.4957035176871789 0.8684918079433289 -4.569337033106382e-05 5.31893700215163 -1.5844180923498566e-06 5.170799337114971e-05 0.9999999986618866 -0.2925155284062596
0.8963610923902875 0.44332470261624995 -9.955091017908634e-06 0.029441938970407033 -0.4433247011555005 0.8963610908761648 6.409896856678931e-05 -5.450577832566366 3.7340012422476417e-05 -5.304248373515714e-05 0.9999999978961089 -0.2631308300086679
1.0 0.0 0.0 0.0 0.0 1.0 0.0 0.0 0.0 0.0 1.0 0.0
0.8684922687684384 0.49570271186326503 -2.3256303838085773e-05 2.527517960498205 -0.4957027124042866 0.8684922676042794 -4.501789442819123e-05 5.3189414424217745 -2.1175722940163206e-06 5.062590616017695e-05 0.9999999987162667 -0.29253648750852074
0.8963609221680349 0.44332504679466617 -9.725054125908802e-06 0.029344291704224812 -0.44332504509426207 0.896360920279304 7.062726024999933e-05 -5.450574140494335 4.002799192137376e-05 -5.899615606897665e-05 0.9999999974586067 -0.2631812450242935
1.0 0.0 0.0 0.0 0.0 1.0 0.0 0.0 0.0 0.0 1.0 0.0
0.8684930407569622 0.49570135937471044 -2.1697708068666406e-05 2.527523349566144 -0.49570135984420877 0.8684930397117089 -4.267221977999818e-05 5.318925519955393 -2.308368917149713e-06 4.781610930771708e-05 0.9999999988541457 -0.29259913078205
0.8963608961938341 0.4433250993439382 -8.140880878600595e-06 0.029530771241567333 -0.44332509792129643 0.8963608945244096 6.573030731756556e-05 -5.450585920856056 3.643706228802305e-05 -5.530902036157891e-05 0.9999999978066264 -0.26316536360480486
1.0 0.0 0.0 0.0 0.0 1.0 0.0 0.0 0.0 0.0 1.0 0.0
0.8684937207943991 0.4957001677626012 -2.491644274514734e-05 2.527501517958847 -0.49570016838111636 0.8684937194035929 -4.9228517596695597e-05 5.318982720851016 -2.762810397341384e-06 5.510574328096558e-05 0.999999998477862 -0.2924199775708071
0.8963617793210635 0.44332331375424544 -7.371114262860317e-06 0.029434573015374443 -0.443323312470362 0.89636177777261 6.299708143761744e-05 -5.450624109572829 3.453525998458887e-05 -5.320038921785589e-05 0.9999999979885174 -0.26309642232244274
1.0 0.0 0.0 0.0 0.0 1.0 0.0 0.0 0.0 0.0 1.0 0.0
0.8684915441152781 0.4957039815400181 -2.2037075284311397e-05 2.5275614225380734 -0.4957039820264252 0.8684915430855601 -4.23321115994668e-05 5.318820177129336 -1.8451827480773576e-06 4.7688946939328635e-05 0.9999999988611799 -0.2925966802991944
0.8963616451719353 0.44332358488410234 -1.225438948132322e-05 0.02952565381156158 -0.44332358327714644 0.8963616437124087 6.474179349959929e-05 -5.450623769271127 3.9685928684225506e-05 -5.2599400676923466e-05 0.9999999978291649 -0.263156595114252
1.0 0.0 0.0 0.0 0.0 1.0 0.0 0.0 0.0 0.0 1.0 0.0
0.8684944269222576 0.49569893076474936 -2.1063319034224828e-05 2.5274769064670464 -0.4956989312102251 0.8684944260127957 -3.977114477977782e-05 5.319001222479281 -1.4211387680642532e-06 4.4982082326553e-05 0.9999999989872963 -0.29267080917813043
0.896361016579681 0.4433248558725966 -1.103547751994597e-05 0.029386634272266843 -0.4433248543448123 0.8963610150927109 6.435927806057768e-05 -5.450594364726151 3.8423839502089306e-05 -5.279684644455791e-05 0.9999999978680508 -0.2631222463397281
1.0 0.0 0.0 0.0 0.0 1.0 0.0 0.0 0.0 0.0 1.0 0.0
0.8684896665361171 0.495707271104062 -2.2238409526956996e-05 2.5276450957640884 -0.4957072716002772 0.8684896655118803 -4.220983727841824e-05 5.318745705917779 -1.6098943994435197e-06 4.768254881381569e-05 0.9999999988618913 -0.29260023347794184
0.8963599791588573 0.44332695350212414 -7.801145951769485e-06 0.02939502104842262 -0.44332695184661197 0.8963599770859708 7.242119364683138e-05 -5.450649170506142 3.909890215500982e-05 -6.145700137221039e-05 0.9999999973471565 -0.2632359819961093
1.0 0.0 0.0 0.0 0.0 1.0 0.0 0.0 0.0 0.0 1.0 0.0
0.8684917401004874 0.4957036381177824 -2.3108933834689328e-05 2.5275192101133728 -0.49570363865013184 0.8684917389106416 -4.5530088334539254e-05 5.318913932475539 -2.499512300797701e-06 5.0997688231766736e-05 0.999999998696494 -0.29252569673329737
0.8963599494814282 0.4433270134985253 -8.254104205689158e-06 0.029343783291009284 -0.44332701224691135 0.8963599480814328 6.072625837400311e-05 -5.450676383027227 3.432023918315425e-05 -5.077331853202707e-05 0.9999999981220958 -0.2631116190162116
1.0 0.0 0.0 0.0 0.0 1.0 0.0 0.0 0.0 0.0 1.0 0.0
0.8684898109826715 0.4957070181816875 -1.8566207573379093e-05 2.527617140652299 -0.4957070185191665 0.8684898101152313 -3.89467327340918e-05 5.318865624245509 -3.18160666157121e-06 4.302823995201755e-05 0.9999999990692239 -0.29267346185477955
0.8963607371022073 0.4433254210141534 -8.013172239820062e-06 0.029438451705834368 -0.4433254194929462 0.8963607352662243 6.858861097075313e-05 -5.450613971916467 3.7589767796082716e-05 -5.792769494186463e-05 0.9999999976156957 -0.26314106117815583
