1.0 0.0 0.0 0.0 0.0 1.0 0.0 0.0 0.0 0.0 1.0 0.0
0.8684836539040249 0.49571780518040987 -2.2991982266412177e-05 2.5277477609053305 -0.49571780571357543 0.8684836529530865 -4.064210113191115e-05 5.31849955695467 -1.7885242367087542e-07 4.6694535491499555e-05 0.9999999989097941 -0.29260507865386454
0.8963580553621148 0.44333084318237825 -8.405338270217498e-06 0.029136413673956252 -0.44333084183642385 0.8963580538390463 6.320194523178716e-05 -5.450663707743181 3.555356432411926e-05 -5.2925227031808696e-05 0.9999999979674321 -0.2631591534139377
1.0 0.0 0.0 0.0 0.0 1.0 0.0 0.0 0.0 0.0 1.0 0.0
0.8684839822919592 0.49571722992398964 -2.1419296377536024e-05 2.52755029182609 -0.49571723038666277 0.8684839814570591 -3.8082416670232414e-05 5.318566679009091 -2.757943025994145e-07 4.3691883162142836e-05 0.9999999990454715 -0.2926630555956979
0.8963591684080893 0.44332859273513436 -8.616491002787535e-06 0.02910222662387829 -0.44332859126844715 0.8963591667294942 6.62113379422515e-05 -5.4506983175475865 3.707684996844566e-05 -5.5529202999180904e-05 0.9999999977709071 -0.2632004344036133
1.0 0.0 0.0 0.0 0.0 1.0 0.0 0.0 0.0 0.0 1.0 0.0
0.8684841573959778 0.49571692309001936 -2.2679584450481976e-05 2.5276518428524897 -0.49571692360875624 0.8684841565113649 -3.919966576741097e-05 5.318583054754386 2.6492207111041653e-07 4.528694252674015e-05 0.9999999989745113 -0.2926438641109199
0.8963581002118121 0.4433307525134802 -7.778362885647627e-06 0.029190805345568283 -0.44333075118893067 0.8963580986485746 6.354030703365774e-05 -5.450712689109515 3.5141570698947235e-05 -5.3506481438471906e-05 0.9999999979510632 -0.2631531359170446
1.0 0.0 0.0 0.0 0.0 1.0 0.0 0.0 0.0 0.0 1.0 0.0
0.8684832418578725 0.49571852709093583 -2.260161354090294e-05 2.52772502065552 -0.49571852760570223 0.8684832408909989 -4.0986587509269794e-05 5.31859856177973 -6.886882131998356e-07 4.680020297873699e-05 0.9999999989046333 -0.2926052165282612
0.8963585214297357 0.4433299008356496 -9.23862082771889e-06 0.029105107960894827 -0.44332989934417344 0.8963585197885774 6.595388996140028e-05 -5.4505942310107125 3.752044798632846e-05 -5.502257444670759e-05 0.999999997782366 -0.26318986229981306
1.0 0.0 0.0 0.0 0.0 1.0 0.0 0.0 0.0 0.0 1.0 0.0
0.8684836304807254 0.49571784625846704 -2.2088150568929154e-05 2.5276175916538763 -0.49571784675039776 0.86848362965521 -3.7869015295261876e-05 5.318573470988733 4.1085047635580004e-07 4.383811032511141e-05 0.9999999990390256 -0.2926671898603554
0.8963589728419672 0.4433289881586 -7.997873991354891e-06 0.029145559620291195 -0.44332898700161255 0.8963589715543275 5.829401376099685e-05 -5.450672748723345 3.3012392241880294e-05 -4.8706672922912716e-05 0.9999999982689209 -0.263121786131415
1.0 0.0 0.0 0.0 0.0 1.0 0.0 0.0 0.0 0.0 1.0 0.0
0.8684828294526742 0.49571924974022064 -1.9567046770258592e-05 2.5277014455566316 -0.4957192501257645 0.8684828288380321 -3.2683943049013987e-05 5.3185104305112265 7.915844042243886e-07 3.808520508901641e-05 0.9999999992744452 -0.29278616508501387
0.8963577460123381 0.44333146867545775 -6.763286320246008e-06 0.02915648268042048 -0.4433314673545777 0.8963577443334958 6.501234636078507e-05 -5.450749407734864 3.488434306446637e-05 -5.527594259843724e-05 0.9999999978638263 -0.26320784885102844
1.0 0.0 0.0 0.0 0.0 1.0 0.0 0.0 0.0 0.0 1.0 0.0
0.8684824392283881 0.49571993336753983 -2.034676871150797e-05 2.527690702045955 -0.4957199337844746 0.8684824385611962 -3.405162968878723e-05 5.31862262911347 7.907397070296423e-07 3.9659541250218724e-05 0.9999999992132477 -0.29276267017624413
0.8963562280068984 0.4433345378319286 -8.865435269411823e-06 0.029155966645231235 -0.4433345366510883 0.8963562267742956 5.775217266404838e-05 -5.450629617186575 3.355012088359326e-05 -4.7836166010956115e-05 0.9999999982930452 -0.2630888514423802
1.0 0.0 0.0 0.0 0.0 1.0 0.0 0.0 0.0 0.0 1.0 0.0
0.8684829592124308 0.49571902220923747 -2.403200430172458e-05 2.5276592424692996 -0.49571902279116825 0.8684829581157778 -4.365131797134783e-05 5.318575443798073 -7.674024775006829e-07 4.9823547493456963e-05 0.9999999987585125 -0.2925395154921858
0.896358309954774 0.4433303284259494 -8.530057939016082e-06 0.029164287759797958 -0.44333032709510783 0.8963583084682821 6.259092690393713e-05 -5.45065701117811 3.5394444486150286e-05 -5.232226408186873e-05 0.9999999980048069 -0.2631561174859
1.0 0.0 0.0 0.0 0.0 1.0 0.0 0.0 0.0 0.0 1.0 0.0
0.8684830283633254 0.4957189012519439 -1.9657909256217266e-05 2.527622946777792 -0.49571890164170024 0.8684830276899183 -3.420086411814821e-05 5.3186090895752045 1.1854576637441618e-07 3.944766722702915e-05 0.9999999992219337 -0.29277234898401305
0.8963571758793877 0.443332621387288 -7.962689209266009e-06 0.029174692458689755 -0.44333262016806296 0.896357174495683 6.020827025634128e-05 -5.450700105499254 3.382970388294386e-05 -5.043799522083037e-05 0.9999999981557798 -0.26311192186617716
1.0 0.0 0.0 0.0 0.0 1.0 0.0 0.0 0.0 0.0 1.0 0.0
0.8684832172613585 0.4957185703327141 -1.9043380464098357e-05 2.527673754552296 -0.49571857069720027 0.8684832167061083 -3.107630985041095e-05 5.318554432044582 1.1337524321497513e-06 3.642941090439495e-05 0.9999999993358063 -0.2928377197644486
0.8963578380026036 0.4433312826722646 -7.447341486567743e-06 0.02926418116597196 -0.44333128132642247 0.8963578363675577 6.465248804370525e-05 -5.450675404601655 3.533795335395006e-05 -5.465012496061728e-05 0.9999999978822964 -0.26319104325031983
1.0 0.0 0.0 0.0 0.0 1.0 0.0 0.0 0.0 0.0 1.0 0.0
0.8684829367623926 0.4957190617053083 -2.03612298695339e-05 2.527695007110683 -0.49571906212146644 0.8684829361430064 -3.283041451421352e-05 5.318564801271819 1.408718422188184e-06 3.8606104586987985e-05 0.9999999992537921 -0.29280075059469557
0.8963577155539579 0.44333153026084005 -6.593344057561225e-06 0.02913831342692097 -0.44333152890800415 0.8963577138031594 6.619415480156699e-05 -5.450633004035946 3.5255950748254797e-05 -5.6410604079312895e-05 0.9999999977874309 -0.2631936842236098
1.0 0.0 0.0 0.0 0.0 1.0 0.0 0.0 0.0 0.0 1.0 0.0
0.8684831567634609 0.49571867633366573 -1.8766257675168183e-05 2.5277048937872175 -0.49571867668800706 0.8684831562106361 -3.100165943377585e-05 5.318608964851768 9.30077117332559e-07 3.6227203471070644e-05 0.9999999993433624 -0.29284728958159906
0.8963588797760057 0.44332917630591545 -9.089740030881647e-06 0.029136233246331855 -0.4433291748308217 0.8963588781413236 6.573469367226089e-05 -5.450632205517269 3.728977677711969e-05 -5.489212943518345e-05 0.9999999977981633 -0.2631713907416183
1.0 0.0 0.0 0.0 0.0 1.0 0.0 0.0 0.0 0.0 1.0 0.0
0.8684834196404865 0.4957182157400123 -1.9826885476944914e-05 2.5276340015279044 -0.4957182161358361 0.8684834190107416 -3.30834930787444e-05 5.318548503155579 8.192311279057158e-07 3.856101350283738e-05 0.9999999992561884 -0.2927681598144102
0.8963586116329643 0.4433297184771854 -8.146421880342826e-06 0.02908521240258377 -0.44332971715412267 0.8963586101144835 6.294185052230335e-05 -5.4507081283705325 3.52061082665636e-05 -5.2806918839759686e-05 0.9999999979859797 -0.26318981078244286
1.0 0.0 0.0 0.0 0.0 1.0 0.0 0.0 0.0 0.0 1.0 0.0
0.8684833827557243 0.49571828029234943 -2.14748733855775e-05 2.5277191421584773 -0.49571828075735447 0.8684833819740612 -3.684929467988784e-05 5.318552700323636 3.8370167666113713e-07 4.264848740993755e-05 0.9999999990904794 -0.2927009338905972
0.8963563972383297 0.4433341956678042 -9.027916961103175e-06 0.029185778383133076 -0.4433341942691857 0.8963563957086783 6.374825421784532e-05 -5.450725976908907 3.635401211690047e-05 -5.313877118905133e-05 0.9999999979273284 -0.2631891322334753
1.0 0.0 0.0 0.0 0.0 1.0 0.0 0.0 0.0 0.0 1.0 0.0
0.8684842329918978 0.49571679075691816 -2.0152867036607986e-05 2.527691829581382 -0.4957167911629836 0.8684842324224725 -3.150593884654068e-05 5.318624694821189 1.8844243645889426e-06 3.735252571396636e-05 0.9999999993006187 -0.2928187130375543
0.8963580574675926 0.44333083892163505 -8.600203625542283e-06 0.02918955189971495 -0.4433308375165339 0.8963580558790154 6.455758254008477e-05 -5.450706743351701 3.6329229028207915e-05 -5.40539738043017e-05 0.9999999978791776 -0.26317898671546175
1.0 0.0 0.0 0.0 0.0 1.0 0.0 0.0 0.0 0.0 1.0 0.0
0.8684836224015774 0.49571786044479005 -2.1360578055189987e-05 2.5276460249007116 -0.4957178609049549 0.8684836215756884 -3.787600713738655e-05 5.31853548944256 -2.2450103202668706e-07 4.3483511942001896e-05 0.9999999990545667 -0.29268709870436804
0.8963575228337364 0.4433319198963989 -7.767971570888299e-06 0.02911251999724751 -0.44333191852240406 0.8963575211937604 6.495092670350197e-05 -5.450682206476696 3.5757698776492504e-05 -5.477546202615865e-05 0.999999997860518 -0.2631972281055257
1.0 0.0 0.0 0.0 0.0 1.0 0.0 0.0 0.0 0.0 1.0 0.0
0.8684839825782064 0.4957172295896306 -1.7119572016843824e-05 2.527658139849576 -0.49571722988517775 0.8684839820778155 -2.9482658796678082e-05 5.31856400268024 2.530121370226333e-07 3.409168374574862e-05 0.9999999994188464 -0.292887888320577
0.8963574593568328 0.4433320481955923 -9.902796773825802e-06 0.02911710497118225 -0.443332046935645 0.8963574581185632 5.86095554603782e-05 -5.450685773009453 3.4859940010528434e-05 -4.8144885062366154e-05 0.9999999982334273 -0.263150752481489
1.0 0.0 0.0 0.0 0.0 1.0 0.0 0.0 0.0 0.0 1.0 0.0
0.8684832245514646 0.49571855743577514 -2.2056404476837207e-05 2.5276690672209687 -0.4957185579259272 0.8684832236255041 -4.011100484155028e-05 5.318547169233611 -7.281521957238514e-07 4.576950384507435e-05 0.9999999989523111 -0.2926293890408881
0.8963576985888717 0.4433315645595682 -6.754757349806519e-06 0.02912501905479381 -0.4433315632997685 0.8963576970054978 6.325491225283377e-05 -5.450705049491543 3.4097577957033024e-05 -5.370443043578583e-05 0.9999999979765948 -0.26317207311540697
1.0 0.0 0.0 0.0 0.0 1.0 0.0 0.0 0.0 0.0 1.0 0.0
0.8684833416152861 0.4957183523443033 -2.204075641358629e-05 2.527641676775276 -0.4957183528339797 0.8684833408063606 -3.748851040198867e-05 5.318574937777454 5.582871556542213e-07 4.348415425067849e-05 0.9999999990544085 -0.2926908523613352
0.8963587032308242 0.443329533290923 -7.376093036490206e-06 0.029148779549171167 -0.44332953205508213 0.8963587017567582 6.158538993619561e-05 -5.450682121592519 3.3914247356172716e-05 -5.193256038689023e-05 0.9999999980764164 -0.2631612899067705
1.0 0.0 0.0 0.0 0.0 1.0 0.0 0.0 0.0 0.0 1.0 0.0
0.8684836752772531 0.495717767851089 -2.0338359263423817e-05 2.5276284225162042 -0.495717768264755 0.8684836746954667 -3.184446433003887e-05 5.318564973716459 1.8776662142602815e-06 3.773848348283632e-05 0.9999999992861407 -0.2927825815966162
0.8963588730643904 0.4433291898943523 -8.145716626720614e-06 0.029081194275997646 -0.44332918850770975 0.8963588714500892 6.472880002636019e-05 -5.450697439846504 3.599765184120595e-05 -5.440900030451039e-05 0.9999999978719148 -0.26320781065156834
