1.0 0.0 0.0 0.0 0.0 1.0 0.0 0.0 0.0 0.0 1.0 0.0
0.8684854876680602 0.49571459263998524 -1.8808122229109795e-05 2.5277385664397825 -0.49571459299458887 0.8684854869260603 -3.5930664987936776e-05 5.318571499706389 -1.476773765451942e-06 4.052872176004949e-05 0.9999999991776211 -0.2927504056613397
0.8963595861547033 0.44332774793573076 -1.4791960792667465e-05 0.0292176729382585 -0.44332774635538474 0.8963595849907868 6.088185283812009e-05 -5.450687329496627 4.024953054619662e-05 -4.8014345771923224e-05 0.9999999980372991 -0.26302839826731245
1.0 0.0 0.0 0.0 0.0 1.0 0.0 0.0 0.0 0.0 1.0 0.0
0.8684853939660961 0.49571475676151516 -1.991045125133623e-05 2.527839902345495 -0.4957147571572978 0.8684853930956603 -3.893530622782745e-05 5.3186422150550445 -2.008869774430728e-06 4.368464927541708e-05 0.9999999990438079 -0.2926811357635522
0.8963584971073638 0.44332994977078793 -1.7310658380280834e-05 0.029347042443301857 -0.4433299477981965 0.8963584957389255 6.709619730643516e-05 -5.450647023960458 4.5262309487673195e-05 -5.2467913303153216e-05 0.9999999975992208 -0.26305427499027856
1.0 0.0 0.0 0.0 0.0 1.0 0.0 0.0 0.0 0.0 1.0 0.0
0.8684861798440712 0.49571337995241865 -1.8867979539191134e-05 2.5277452323537015 -0.4957133803112953 0.8684861791802206 -3.396011439740874e-05 5.318619687569484 -4.4790363264549525e-07 3.884699993705951e-05 0.9999999992453551 -0.2927919432434285
0.8963595086709621 0.4433279046268961 -1.393834579322562e-05 0.02929716788513992 -0.44332790292671076 0.8963595072729003 6.486978636519078e-05 -5.4506845390385354 4.125235523027848e-05 -5.196739222310333e-05 0.9999999977988167 -0.26304752483940325
1.0 0.0 0.0 0.0 0.0 1.0 0.0 0.0 0.0 0.0 1.0 0.0
0.8684841400936639 0.49571695352925976 -1.9734192776867194e-05 2.527823996598623 -0.4957169539206675 0.8684841393085801 -3.6946569800681934e-05 5.318583373395592 -1.1762075961760226e-06 4.1870083834169476e-05 0.9999999991227562 -0.29272633198452297
0.8963586928188497 0.4433295541927553 -1.3687100239801476e-05 0.029361636410629943 -0.4433295524635553 0.8963586913568627 6.588988124825123e-05 -5.450624412125528 4.147948293901026e-05 -5.2993071801841076e-05 0.9999999977355933 -0.2630863497100312
1.0 0.0 0.0 0.0 0.0 1.0 0.0 0.0 0.0 0.0 1.0 0.0
0.8684847233420917 0.49571593167807515 -2.0048676705004236e-05 2.5278505034533643 -0.4957159320827675 0.8684847225610647 -3.6842154529999186e-05 5.318636869268012 -8.512735320241711e-07 4.1935296844175574e-05 0.999999999120353 -0.2927150350087202
0.8963585664229496 0.44332980970982805 -1.4927922009486554e-05 0.029393847998612332 -0.4433298079978883 0.8963585651142446 6.392878102355411e-05 -5.450608848290832 4.17223050787111e-05 -5.068511771316488e-05 0.9999999978451342 -0.262979345607461
1.0 0.0 0.0 0.0 0.0 1.0 0.0 0.0 0.0 0.0 1.0 0.0
0.8684844791918431 0.4957163594889975 -1.838063591739602e-05 2.527895354591003 -0.4957163598277856 0.8684844784865804 -3.502831090940616e-05 5.318601070366313 -1.4008097640950062e-06 3.9533126285441545e-05 0.999999999217585 -0.2927638666688216
0.8963591229076843 0.4433286845585243 -1.5092232837617912e-05 0.029404956002654192 -0.44332868268682424 0.896359121420511 6.747899970416677e-05 -5.450662735509252 4.3443436740772633e-05 -5.3794597286809334e-05 0.9999999976094047 -0.26305619522747076
1.0 0.0 0.0 0.0 0.0 1.0 0.0 0.0 0.0 0.0 1.0 0.0
0.8684842881178498 0.49571669424766357 -1.834664948251305e-05 2.52783147920854 -0.49571669458160167 0.8684842873378344 -3.688340219853662e-05 5.3186091129613775 -2.3499414096029446e-06 4.112739573988323e-05 0.9999999991515075 -0.2927375801272279
0.8963575727778718 0.44333181873871197 -1.4750858263359574e-05 0.029385186693097753 -0.44333181710392633 0.8963575715445768 6.227390830578298e-05 -5.450636086011374 4.083004852030606e-05 -4.928016449861957e-05 0.9999999979521862 -0.2630288257317882
1.0 0.0 0.0 0.0 0.0 1.0 0.0 0.0 0.0 0.0 1.0 0.0
0.8684865201018811 0.4957127838824369 -1.7229306479162155e-05 2.5277249945367015 -0.49571278417989423 0.8684865194761604 -3.299702633161039e-05 5.3186127239929455 -1.3936273656048984e-06 3.7198260056723936e-05 0.9999999993071738 -0.2928215028942557
0.8963586995553225 0.44332954051538426 -1.5424336641077814e-05 0.02934803472515224 -0.44332953864302743 0.8963586981036775 6.708532351839362e-05 -5.450680886992219 4.3566643961436044e-05 -5.3294449301210415e-05 0.9999999976308248 -0.26304214713576046
1.0 0.0 0.0 0.0 0.0 1.0 0.0 0.0 0.0 0.0 1.0 0.0
0.8684846158837216 0.495716120053537 -1.7098866235665664e-05 2.5278756002786973 -0.49571612034393703 0.8684846152122464 -3.4216840490436864e-05 5.318650994776972 -2.111737145151651e-06 3.819298320270012e-05 0.9999999992684185 -0.2927931933522645
0.8963580611759192 0.443330831266486 -1.4612117386151308e-05 0.029394235317641626 -0.4433308293844205 0.8963580596223722 6.831791656248467e-05 -5.450601530371552 4.3385127927266076e-05 -5.475931311368607e-05 0.9999999975595741 -0.2630874600471256
1.0 0.0 0.0 0.0 0.0 1.0 0.0 0.0 0.0 0.0 1.0 0.0
0.8684849155323032 0.49571559509046303 -1.6642030897639113e-05 2.527832670925328 -0.4957155953634825 0.8684849148621134 -3.421076391394885e-05 5.318606285695196 -2.5054564048476727e-06 3.796124666258989e-05 0.9999999992763333 -0.29280575880667564
0.8963588298750591 0.4433292770343418 -1.5140083482001792e-05 0.02934311661452904 -0.44332927534115885 0.8963588286107425 6.322230146846892e-05 -5.450640595207065 4.159924469746132e-05 -4.995782592760506e-05 0.9999999978868591 -0.26299600919159627
1.0 0.0 0.0 0.0 0.0 1.0 0.0 0.0 0.0 0.0 1.0 0.0
0.8684863739921305 0.4957130399335021 -1.5162081288269464e-05 2.5277462063957183 -0.49571304016355433 0.8684863734996988 -2.9277109352235072e-05 5.318638012827369 -1.3449838847229532e-06 3.294281195291736e-05 0.999999999456481 -0.2929154986035055
0.896359046636627 0.4433288387066029 -1.6844334305380724e-05 0.029268061080068852 -0.4433288368019864 0.8963590452980449 6.612242131703837e-05 -5.450677388836641 4.441254767160291e-05 -5.1801851398732204e-05 0.9999999976720468 -0.2630874414498226
1.0 0.0 0.0 0.0 0.0 1.0 0.0 0.0 0.0 0.0 1.0 0.0
0.8684850521931003 0.49571535569147634 -1.5774102138876887e-05 2.5278143107523308 -0.49571535593806193 0.8684850516118384 -3.184308215828679e-05 5.3185849029456325 -2.0855328881943746e-06 3.547470552658499e-05 0.9999999993685978 -0.29285689235958057
0.8963584337763727 0.4433300778747332 -1.5797193431633708e-05 0.029266587173282788 -0.4433300758335037 0.8963584321586722 7.042377104278046e-05 -5.450678674966429 4.538092343751322e-05 -5.612157015054401e-05 0.9999999973954705 -0.2630920819739647
1.0 0.0 0.0 0.0 0.0 1.0 0.0 0.0 0.0 0.0 1.0 0.0
0.868484361001859 0.4957165665607183 -1.823310232842324e-05 2.5278195988169436 -0.49571656689260973 0.8684843602716095 -3.5662570759454156e-05 5.318634123298747 -1.843362920151679e-06 4.001083586776763e-05 0.9999999991978675 -0.2927543100041735
0.8963579758240544 0.4433310038832652 -1.3132410578014413e-05 0.029317894054445848 -0.44333100212868404 0.8963579742676738 6.721851781418699e-05 -5.450639481442678 4.157139392506921e-05 -5.4429849823894995e-05 0.9999999976546051 -0.26307647126810246
1.0 0.0 0.0 0.0 0.0 1.0 0.0 0.0 0.0 0.0 1.0 0.0
0.8684851258974069 0.4957152263843222 -2.0632636629615224e-05 2.5278209613042577 -0.49571522680726426 0.8684851249216252 -4.1246734866086146e-05 5.318631481556684 -2.5274965110322543e-06 4.605008786951901e-05 0.9999999989365006 -0.29261960327849945
0.896358166605969 0.44333061804200186 -1.628749557071468e-05 0.02939237163733388 -0.443330616408759 0.8963581655241858 6.043795267319161e-05 -5.45065336339897 4.139342456255171e-05 -4.6953307000453375e-05 0.9999999980409856 -0.2630023098426448
1.0 0.0 0.0 0.0 0.0 1.0 0.0 0.0 0.0 0.0 1.0 0.0
0.8684849900752599 0.49571546447152837 -1.7255514209258032e-05 2.527810926096888 -0.4957154647654681 0.8684849893612067 -3.530752033662035e-05 5.318631999483696 -2.5163287685445686e-06 3.9217876695128813e-05 0.9999999992278132 -0.29277977471213984
0.896357409339627 0.4433321491790838 -1.5040197684031645e-05 0.029384682951148544 -0.4433321472621321 0.8963574077904086 6.857992410127049e-05 -5.4506745143385515 4.388507775105663e-05 -5.480431996559799e-05 0.9999999975352932 -0.26305715592480416
1.0 0.0 0.0 0.0 0.0 1.0 0.0 0.0 0.0 0.0 1.0 0.0
0.8684843855599953 0.4957165235504263 -1.7820177172757126e-05 2.527846194137832 -0.4957165238694239 0.8684843849140506 -3.3515357537516344e-05 5.318595634455296 -1.1375709131305608e-06 3.794132098063587e-05 0.999999999279581 -0.29280574295163325
0.8963586352889776 0.44332967041193794 -1.659289984911453e-05 0.029299697389632118 -0.44332966870853485 0.8963586341567777 6.17687339571176e-05 -5.45064209877063 4.225710151243596e-05 -4.801081328031336e-05 0.9999999979546498 -0.26302348191254415
1.0 0.0 0.0 0.0 0.0 1.0 0.0 0.0 0.0 0.0 1.0 0.0
0.8684858925918028 0.4957138832291131 -1.851843222949337e-05 2.5278037564026206 -0.49571388357384105 0.8684858919025973 -3.4616326774715694e-05 5.318564447213992 -1.0767966371608642e-06 3.924363541538226e-05 0.9999999992293888 -0.292785201698085
0.8963589220158474 0.4433290907406884 -1.5020738014342135e-05 0.029352111659409652 -0.4433290889339093 0.8963589206010055 6.606080633665866e-05 -5.450685937971325 4.275064971998855e-05 -5.255506305641903e-05 0.9999999977051736 -0.2630527993607222
1.0 0.0 0.0 0.0 0.0 1.0 0.0 0.0 0.0 0.0 1.0 0.0
0.8684851386351184 0.49571520413144066 -1.904894606169088e-05 2.527831724559035 -0.49571520449463663 0.8684851378597599 -3.6736289642171584e-05 5.3185875763637736 -1.6670107725180972e-06 4.134777379519218e-05 0.9999999991437915 -0.2927401217781723
0.8963592647383934 0.44332839778231026 -1.540832820557089e-05 0.029240638505282357 -0.4433283962009108 0.8963592636326623 6.0181735633039935e-05 -5.450678321940744 4.049167015809448e-05 -4.7113506871174455e-05 0.9999999980703711 -0.262978103164123
1.0 0.0 0.0 0.0 0.0 1.0 0.0 0.0 0.0 0.0 1.0 0.0
0.8684850244918043 0.4957154041039525 -1.9170952526906788e-05 2.5278030841568375 -0.4957154044734382 0.8684850237545446 -3.580229377354116e-05 5.318654488524011 -1.0980633650813206e-06 4.059709247079207e-05 0.999999999175335 -0.29276930793301653
0.8963586185861513 0.44332970421391815 -1.574571618510165e-05 0.02938047552195 -0.44332970250665427 0.896358617366143 6.283962690062521e-05 -5.450654472146136 4.197248159587575e-05 -4.934629748900261e-05 0.999999997901627 -0.2629954371405244
1.0 0.0 0.0 0.0 0.0 1.0 0.0 0.0 0.0 0.0 1.0 0.0
0.8684862098181745 0.49571332739259777 -2.002550131328886e-05 2.5277482874585067 -0.4957133277944644 0.8684862089735293 -3.833698474023189e-05 5.318605765952988 -1.6122825494051828e-06 4.322205046966977e-05 0.9999999990646277 -0.2926878061815712
0.8963590208288692 0.4433288909615323 -1.474886465718004e-05 0.029288487811791164 -0.4433288892454247 0.8963590194965014 6.424708487239253e-05 -5.450709594786293 4.170286674679565e-05 -5.10498563012574e-05 0.9999999978273916 -0.26304395399969105
