1.0 0.0 0.0 0.0 0.0 1.0 0.0 0.0 0.0 0.0 1.0 0.0
0.8684836004129054 0.49571789903170915 -1.9834956739945637e-05 2.5278506373775635 -0.4957178994193562 0.8684835994581352 -4.0835063415951606e-05 5.318623796298386 -3.0163372187675007e-06 4.529712598875897e-05 0.9999999989695361 -0.292628918017294
0.896358324454142 0.44333029901636245 -1.2483015615675537e-05 0.029225945453325464 -0.44333029719839023 0.8963583227381557 6.959904301664172e-05 -5.450614918968667 4.20446194917911e-05 -5.6851582559163034e-05 0.9999999975000735 -0.2631126457877163
1.0 0.0 0.0 0.0 0.0 1.0 0.0 0.0 0.0 0.0 1.0 0.0
0.8684845857155369 0.49571617277103014 -2.0682253758725932e-05 2.5278483862767236 -0.49571617320120204 0.8684845848625761 -3.850760323987947e-05 5.31861721785282 -1.1266231310120477e-06 4.3695787533158275e-05 0.9999999990447044 -0.29269314166300114
0.8963587455079037 0.44332944759352333 -1.5745454469101565e-05 0.02928040124911946 -0.44332944580648 0.8963587441934078 6.472199899453626e-05 -5.450609381945343 4.280674385605871e-05 -5.1033706221737324e-05 0.9999999977815717 -0.2630126908754993
1.0 0.0 0.0 0.0 0.0 1.0 0.0 0.0 0.0 0.0 1.0 0.0
0.8684850023728143 0.4957154428463736 -1.9419481973195565e-05 2.5278484650971103 -0.495715443221252 0.868485001512278 -3.873211112008929e-05 5.3186467970327715 -2.334576785405819e-06 4.326479473149643e-05 0.9999999990613536 -0.2926961426600314
0.8963582989949572 0.4433303503621598 -1.645089079307965e-05 0.029314684339035835 -0.4433303485918589 0.8963582977720598 6.350272532480838e-05 -5.450618764201752 4.289857793532733e-05 -4.962801570377351e-05 0.9999999978483861 -0.2629982070835342
1.0 0.0 0.0 0.0 0.0 1.0 0.0 0.0 0.0 0.0 1.0 0.0
0.8684851256680829 0.495715226895485 -1.7811566017329126e-05 2.5278221807204413 -0.49571522721083455 0.868485124943782 -3.553440316568253e-05 5.318652902082835 -2.145864589876168e-06 3.9690565094155376e-05 0.9999999992100269 -0.29276214541648454
0.8963577125936554 0.44333153604273234 -1.496199371930077e-05 0.029308843463287104 -0.4433315344676489 0.8963577114525113 6.054895468200133e-05 -5.450671563960597 4.025455953394637e-05 -4.7640398884412443e-05 0.9999999980549814 -0.26297696433242845
1.0 0.0 0.0 0.0 0.0 1.0 0.0 0.0 0.0 0.0 1.0 0.0
0.868484887633071 0.4957156439629401 -1.6833894328491254e-05 2.5278292676702803 -0.4957156442448498 0.868484886990395 -3.3469310368317534e-05 5.31863758819094 -1.9712779287428437e-06 3.741241502658541e-05 0.9999999992982127 -0.292794998852194
0.896359056725442 0.4433288183739848 -1.5013423193250362e-05 0.029283142761289516 -0.44332881623783216 0.8963590548951228 7.348935012022952e-05 -5.4506647089507325 4.60373645761159e-05 -5.9216961421209805e-05 0.9999999971869563 -0.26312297293430514
1.0 0.0 0.0 0.0 0.0 1.0 0.0 0.0 0.0 0.0 1.0 0.0
0.8684854301269219 0.49571469341160407 -1.982661452585557e-05 2.5277699979116175 -0.49571469380808014 0.8684854294218838 -3.499497049200652e-05 5.318628635056266 -1.2839523790888956e-07 4.022096614894804e-05 0.9999999991911288 -0.2927614580669372
0.8963589341896553 0.44332906612434364 -1.5089854445632214e-05 0.029240627774546946 -0.44332906437924974 0.8963589328574867 6.452292276793245e-05 -5.4506265420124675 4.213081292218111e-05 -5.114592723008306e-05 0.9999999978045444 -0.26300133749141474
1.0 0.0 0.0 0.0 0.0 1.0 0.0 0.0 0.0 0.0 1.0 0.0
0.8684846001915498 0.49571614742159564 -2.0386653838865223e-05 2.5278584649212874 -0.4957161478367338 0.8684845992833439 -3.9768815270431734e-05 5.318575415293427 -2.008549003417918e-06 4.464459713852193e-05 0.9999999990014127 -0.2926693368344486
0.8963586703299568 0.44332959960401513 -1.5467895444507262e-05 0.02939093581119767 -0.4433295977225813 0.896358668871953 6.724013125518404e-05 -5.45059370849365 4.367432263755862e-05 -5.341389877966097e-05 0.9999999976197543 -0.2630487747901384
1.0 0.0 0.0 0.0 0.0 1.0 0.0 0.0 0.0 0.0 1.0 0.0
0.8684853630930703 0.495714810854015 -1.982588534579653e-05 2.5278301289887968 -0.495714811247315 0.8684853622500456 -3.8307256922460396e-05 5.318611477138893 -1.770983403176363e-06 4.309727694938491e-05 0.9999999990697442 -0.2926830164262662
0.8963579402881331 0.44333107572478075 -1.3383716371456506e-05 0.02933353686875506 -0.44333107398620203 0.896357938780702 6.650602218839263e-05 -5.450612754225932 4.1480786778917417e-05 -5.3679783712686265e-05 0.9999999976989126 -0.2630176780913359
1.0 0.0 0.0 0.0 0.0 1.0 0.0 0.0 0.0 0.0 1.0 0.0
0.868485207519191 0.4957150835283187 -1.6818459062006237e-05 2.5278630660991253 -0.495715083811484 0.8684852069158914 -3.2404245084532045e-05 5.318675546522515 -1.456690160289742e-06 3.647977136026129e-05 0.9999999993335521 -0.2928473532556104
0.8963575109590048 0.44333194372847584 -1.474138011478185e-05 0.029341920247887086 -0.44333194188070824 0.8963575094629496 6.736214762735665e-05 -5.450653444003638 4.30773386070915e-05 -5.384524230781355e-05 0.9999999976225163 -0.26307662634192713
1.0 0.0 0.0 0.0 0.0 1.0 0.0 0.0 0.0 0.0 1.0 0.0
0.8684862164954475 0.49571331577519834 -1.7904794688311145e-05 2.5277789390199352 -0.4957133160968004 0.8684862158298379 -3.402766084055868e-05 5.318623064329985 -1.3178971992838535e-06 3.842819956857477e-05 0.9999999992607685 -0.2927916485227533
0.8963593101275273 0.4433283059939806 -1.5881174851307525e-05 0.029298667638597287 -0.44332830423480946 0.8963593088600373 6.390809075797932e-05 -5.450678670628504 4.256750452864435e-05 -5.024403782730921e-05 0.9999999978317721 -0.2630178724728051
1.0 0.0 0.0 0.0 0.0 1.0 0.0 0.0 0.0 0.0 1.0 0.0
0.8684847600066781 0.49571586742276785 -2.052888920364468e-05 2.5278259133864065 -0.49571586784207666 0.8684847590520584 -4.079049406038332e-05 5.318599802008329 -2.391467752094483e-06 4.560241857197347e-05 0.9999999989573501 -0.292638354253528
0.896359437038623 0.4433280493849711 -1.6134447662758793e-05 0.02927396844882768 -0.44332804737355486 0.8963594354957533 6.935189973496087e-05 -5.450647980932339 4.5207906829661475e-05 -5.501137662620908e-05 0.9999999974649968 -0.263065166114518
1.0 0.0 0.0 0.0 0.0 1.0 0.0 0.0 0.0 0.0 1.0 0.0
0.868484730917601 0.4957159184653668 -1.8520818056515085e-05 2.5278320100199325 -0.4957159188096302 0.8684847302099532 -3.508373612365654e-05 5.318567730684894 -1.306518802662574e-06 3.965075346693298e-05 0.9999999992130553 -0.29278899514912243
0.8963590841765475 0.44332876287372486 -1.4934288484716397e-05 0.02925946684922276 -0.44332876105532765 0.8963590827380672 6.643884025931872e-05 -5.450674455263504 4.284073398644584e-05 -5.2932258397431775e-05 0.9999999976814239 -0.26306042437995886
1.0 0.0 0.0 0.0 0.0 1.0 0.0 0.0 0.0 0.0 1.0 0.0
0.8684864504106912 0.49571290599627416 -1.6785914333675737e-05 2.527729758224683 -0.4957129062803532 0.8684864498885325 -3.0118085498611112e-05 5.318608497604421 -3.51584537790672e-07 3.4478143546812956e-05 0.999999999405567 -0.2928839838983454
0.8963585983526008 0.4433297451817475 -1.4015979272135913e-05 0.029290263147407236 -0.44332974348491805 0.8963585969670322 6.469072379388228e-05 -5.450662477827539 4.124266561066074e-05 -5.17723860109101e-05 0.9999999978093314 -0.26304631220749153
1.0 0.0 0.0 0.0 0.0 1.0 0.0 0.0 0.0 0.0 1.0 0.0
0.8684843800009259 0.4957165333896209 -1.4784610071482254e-05 2.527844920261908 -0.4957165336067289 0.868484379498865 -2.958715996593914e-05 5.318596832597642 -1.826641467086048e-06 3.302496193434285e-05 0.9999999994530075 -0.2929100446937052
0.8963586876271339 0.4433295647048112 -1.3191079101827442e-05 0.029401230192931616 -0.44332956308597615 0.8963586862529549 6.381907914915699e-05 -5.450643147223028 4.011682291303561e-05 -5.135679069686591e-05 0.9999999978765602 -0.2630355724106239
1.0 0.0 0.0 0.0 0.0 1.0 0.0 0.0 0.0 0.0 1.0 0.0
0.8684853639940923 0.4957148092416392 -2.0653666183357895e-05 2.527901784784627 -0.49571480966863685 0.868485363083374 -3.9813661477013755e-05 5.31859468595969 -1.798814830027266e-06 4.481591048082872e-05 0.9999999989941493 -0.2926523234719647
0.896358751954444 0.4433294345547214 -1.5876505803454244e-05 0.02934157295145773 -0.44332943294356003 0.8963587508588748 6.037100777263815e-05 -5.450615873335323 4.099528964932155e-05 -4.707555886635194e-05 0.999999998051639 -0.2630137321960929
1.0 0.0 0.0 0.0 0.0 1.0 0.0 0.0 0.0 0.0 1.0 0.0
0.8684852554727297 0.49571499936272617 -2.0815363858884954e-05 2.5278725048232285 -0.49571499979968425 0.86848525468519 -3.698648220161774e-05 5.318612679405735 -2.569174186563001e-07 4.244070253505262e-05 0.9999999990993603 -0.29271837678950924
0.8963598128243242 0.44332728960322115 -1.5703632775516103e-05 0.02933650508342285 -0.4433272877294182 0.8963598114011443 6.677862441580125e-05 -5.450669773372893 4.3680891878663325e-05 -5.289582635613262e-05 0.9999999976470058 -0.26307746531380233
1.0 0.0 0.0 0.0 0.0 1.0 0.0 0.0 0.0 0.0 1.0 0.0
0.8684854217297399 0.4957147081712392 -1.8590821674987778e-05 2.5278574866803427 -0.49571470851673916 0.8684854209807723 -3.6111167172837626e-05 5.31858171616746 -1.7549791080386342e-06 4.057776599898509e-05 0.9999999991751825 -0.2927386489766685
0.8963590090526862 0.4433289147060129 -1.6603463138089542e-05 0.029344729677190068 -0.4433289126792074 0.8963590075435596 6.912449642899444e-05 -5.4506679199155705 4.552755172171148e-05 -5.459956986065087e-05 0.9999999974730645 -0.26311266708481795
1.0 0.0 0.0 0.0 0.0 1.0 0.0 0.0 0.0 0.0 1.0 0.0
0.8684840021976858 0.49571719513279683 -1.9400090524257758e-05 2.5277908449390276 -0.4957171955097635 0.8684840014000426 -3.725729986628225e-05 5.318600500240574 -1.6204159419183257e-06 4.197432736628431e-05 0.999999999117765 -0.2927182416851921
0.8963585651210709 0.4433298123762191 -1.3876689562275231e-05 0.029262128191008596 -0.4433298106551763 0.896358563690049 6.545196567000928e-05 -5.450670721454105 4.145529718492652e-05 -5.251647987612507e-05 0.9999999977617388 -0.2630388351126323
1.0 0.0 0.0 0.0 0.0 1.0 0.0 0.0 0.0 0.0 1.0 0.0
0.8684862150217351 0.49571331820887676 -2.1623262303739906e-05 2.5277806279595985 -0.4957133186787663 0.8684862140775811 -4.051757836624068e-05 5.318531527974789 -1.3055980035428163e-06 4.5907897394392154e-05 0.99999999894538 -0.29262545446828686
0.8963612448294005 0.4433243942017619 -1.6538700859766995e-05 0.029171381044234113 -0.44332439214968855 0.8963612432826282 6.975621986606763e-05 -5.450664702924564 4.574928437886282e-05 -5.51947625681353e-05 0.9999999974302705 -0.26308566928272525
1.0 0.0 0.0 0.0 0.0 1.0 0.0 0.0 0.0 0.0 1.0 0.0
0.8684850886357761 0.495715291754888 -1.8375920748880212e-05 2.527754289179067 -0.4957152920934821 0.8684850879302842 -3.5034266084368464e-05 5.318681628302988 -1.4078082860297672e-06 3.9535962607073174e-05 0.9999999992174629 -0.29277754748801976
0.8963585229918785 0.4433298975496373 -1.4087103069389101e-05 0.029313771398075783 -0.44332989563301123 0.896358521334115 6.978354508261521e-05 -5.450661333897422 4.3564226769288214e-05 -5.6305841465866154e-05 0.9999999974659053 -0.2630876632322841
