1.0 0.0 0.0 0.0 0.0 1.0 0.0 0.0 0.0 0.0 1.0 0.0
0.8684836054726772 0.4957178899544396 -2.4582474400166675e-05 2.527778287929576 -0.49571789055440413 0.8684836040802065 -4.9276239657990475e-05 5.3185668484835755 -3.0776375838951224e-06 5.498157863657932e-05 0.9999999984837772 -0.2924384270888765
0.8963586933782743 0.4433295531611465 -9.956450511855104e-06 0.029215624407439744 -0.44332955171248906 0.8963586918814866 6.377236060810559e-05 -5.45066514504003 3.719672308901393e-05 -5.274892108626436e-05 0.9999999979169777 -0.2631475420802306
1.0 0.0 0.0 0.0 0.0 1.0 0.0 0.0 0.0 0.0 1.0 0.0
0.8684834258954509 0.49571820467864547 -2.2250444939170152e-05 2.527759339455615 -0.4957182051760944 0.868483424892658 -4.1757755587204695e-05 5.318598568180732 -1.3759370049388026e-06 4.729586925968354e-05 0.999999998880604 -0.29261243680514043
0.896356952790938 0.4433330724117321 -9.450859302360651e-06 0.029247928150887503 -0.443333070992107 0.8963569512787966 6.370940741517736e-05 -5.4506168705289975 3.6715830762127524e-05 -5.2916491816762323e-05 0.9999999979258962 -0.26308658161686194
1.0 0.0 0.0 0.0 0.0 1.0 0.0 0.0 0.0 0.0 1.0 0.0
0.8684821216234275 0.49572048988503314 -1.8127693796547968e-05 2.5278538847999865 -0.49572049021388204 0.8684821209197144 -3.499862932748655e-05 5.318560167005284 -1.6059597197274942e-06 3.93819531075228e-05 0.9999999992232412 -0.2927715120357479
0.8963576748086497 0.44333161263089704 -7.329335898038435e-06 0.029248578555243654 -0.44333161092809453 0.8963576725953704 7.437279148550138e-05 -5.450664256474549 3.954151605236916e-05 -6.341529615427628e-05 0.9999999972074842 -0.26325848272484104
1.0 0.0 0.0 0.0 0.0 1.0 0.0 0.0 0.0 0.0 1.0 0.0
0.8684833502661022 0.49571833726498876 -2.0243569583681336e-05 2.527725726864371 -0.4957183376748586 0.8684833493830222 -3.920869981151846e-05 5.318532102911563 -1.8552683613788365e-06 4.408721163449503e-05 0.9999999990264378 -0.2926795693222752
0.8963574519702925 0.44333206317216095 -7.799963614976911e-06 0.02913726228000213 -0.4433320618551446 0.8963574504210331 6.329273666550917e-05 -5.450736794728504 3.505125502903406e-05 -5.327494221389269e-05 0.9999999979665952 -0.26310496619430723
1.0 0.0 0.0 0.0 0.0 1.0 0.0 0.0 0.0 0.0 1.0 0.0
0.8684839111960896 0.4957173544025876 -2.31871233850797e-05 2.527779907578144 -0.49571735494407204 0.8684839101604235 -4.242304486893025e-05 5.3185546344400265 -8.921959852794985e-07 4.8337991405812644e-05 0.9999999988313212 -0.2925779474271498
0.8963588118922783 0.44332931352226396 -1.0721069913667145e-05 0.029221531107946674 -0.4433293119943614 0.8963588103700301 6.479684925355643e-05 -5.4506560359818454 3.833626817169401e-05 -5.3328262262627266e-05 0.9999999978432135 -0.2631295034756516
1.0 0.0 0.0 0.0 0.0 1.0 0.0 0.0 0.0 0.0 1.0 0.0
0.8684834904274131 0.49571809177312937 -1.8542487339342488e-05 2.5277478660605284 -0.4957180921192864 0.8684834897587789 -3.408852565343598e-05 5.318508586151236 -7.944547749974009e-07 3.879716819002929e-05 0.9999999992470743 -0.2927941388042101
0.8963585749522777 0.44332979264025163 -8.189890684146453e-06 0.029248502118139008 -0.4433297910666293 0.89635857305819 6.969867390417768e-05 -5.450698364432787 3.824057737636897e-05 -5.884418149093402e-05 0.9999999975375102 -0.2631696030146265
1.0 0.0 0.0 0.0 0.0 1.0 0.0 0.0 0.0 0.0 1.0 0.0
0.8684841202494824 0.4957169882235758 -2.147159694591233e-05 2.527714970829855 -0.49571698868689196 0.8684841193184922 -4.023411242626798e-05 5.3185206359632815 -1.2969920718629171e-06 4.5586523114871204e-05 0.9999999989600935 -0.292642229024645
0.8963593984290289 0.4433281276244052 -1.024640560522143e-05 0.02919594948377835 -0.4433281261482339 0.8963593969258515 6.409851060386887e-05 -5.450664612306051 3.7601134638481545e-05 -5.2912782608367865e-05 0.9999999978931962 -0.26311236183972686
1.0 0.0 0.0 0.0 0.0 1.0 0.0 0.0 0.0 0.0 1.0 0.0
0.868483819797479 0.4957175146630814 -2.0155335390796054e-05 2.5276869038178753 -0.4957175150700829 0.868483818939479 -3.86398891234335e-05 5.318556870554801 -1.649887150921143e-06 4.354947127780346e-05 0.9999999990503606 -0.29268531657170815
0.8963585016460857 0.44332994085801547 -8.100264313796673e-06 0.029166433726203422 -0.4433299395200366 0.8963585000998825 6.343382369465772e-05 -5.450699214305446 3.538285407766152e-05 -5.3268357472283585e-05 0.9999999979552677 -0.26312710624522617
1.0 0.0 0.0 0.0 0.0 1.0 0.0 0.0 0.0 0.0 1.0 0.0
0.8684826761370158 0.4957195183590958 -1.9175846719396154e-05 2.5277912383923695 -0.4957195187286507 0.868482675395178 -3.59147485165036e-05 5.318556898305772 -1.1497511747525035e-06 4.069717841133595e-05 0.9999999991712087 -0.2927476675678417
0.8963573091872243 0.44333235182519776 -9.580106163544787e-06 0.029197489244360053 -0.4433323503350283 0.8963573075880189 6.542152735094561e-05 -5.450681561516558 3.759067774764415e-05 -5.4393893237256316e-05 0.9999999978141227 -0.26316671391878294
1.0 0.0 0.0 0.0 0.0 1.0 0.0 0.0 0.0 0.0 1.0 0.0
0.8684826200895941 0.49571961652246394 -1.9928255827391514e-05 2.52777448508671 -0.4957196169207468 0.8684826192618529 -3.7947602328244127e-05 5.318578276421759 -1.5040270558089083e-06 4.28356604407995e-05 0.9999999990814221 -0.29270087320212157
0.8963571631874131 0.44333264703954856 -8.457007125152028e-06 0.02928984039933713 -0.4433326455996668 0.896357161529919 6.572387064150271e-05 -5.450670122290533 3.67180364469176e-05 -5.5162794899278695e-05 0.9999999978044257 -0.26315756365371484
1.0 0.0 0.0 0.0 0.0 1.0 0.0 0.0 0.0 0.0 1.0 0.0
0.8684834818524129 0.4957181066641 -2.1791521499366916e-05 2.527768638444318 -0.49571810714008147 0.8684834808553255 -4.1651811693091814e-05 5.318563430560724 -1.7219807867293368e-06 4.6976362234043466e-05 0.999999998895128 -0.2926118342837027
0.8963579304371645 0.44333109576499186 -8.379506515651301e-06 0.02920587801332175 -0.4433310942492736 0.896357928655628 6.788176965596146e-05 -5.450655810312161 3.760513642755968e-05 -5.713146677036482e-05 0.9999999976609247 -0.26315515400568934
1.0 0.0 0.0 0.0 0.0 1.0 0.0 0.0 0.0 0.0 1.0 0.0
0.8684829749630631 0.4957189947353744 -2.1397571541308976e-05 2.5277020290658805 -0.49571899519290274 0.868482973967079 -4.164416769484985e-05 5.318514948364449 -2.060378378398971e-06 4.677443331350165e-05 0.9999999989039536 -0.29261952303999705
0.8963582152076982 0.4433305200156566 -7.2331000495366884e-06 0.029169077633100837 -0.44333051852948924 0.8963582133264398 6.886659200102302e-05 -5.450688781785039 3.70141106807287e-05 -5.85224814979286e-05 0.9999999976025375 -0.2631740765839078
1.0 0.0 0.0 0.0 0.0 1.0 0.0 0.0 0.0 0.0 1.0 0.0
0.8684836709413005 0.4957177754234766 -2.091703435840456e-05 2.52774339087577 -0.49571777586463955 0.8684836701363338 -3.739436724876125e-05 5.318595047370664 -3.709497779566198e-07 4.2845343090534695e-05 0.9999999990820694 -0.2927081816447192
0.8963582131651865 0.4433305241075485 -9.265003158337517e-06 0.02933602924586287 -0.4433305225993821 0.8963582115026734 6.635877895559663e-05 -5.450658010459466 3.772363391409171e-05 -5.537377784038703e-05 0.9999999977553362 -0.263141829147874
1.0 0.0 0.0 0.0 0.0 1.0 0.0 0.0 0.0 0.0 1.0 0.0
0.86848322924307 0.4957185492529357 -2.1215446384847583e-05 2.5277442011035305 -0.49571854970625323 0.8684832283764395 -3.8806788039471034e-05 5.318565205737086 -8.119853003397048e-07 4.421993490633206e-05 0.9999999990219691 -0.2926806788646376
0.8963581862298822 0.44333057855956925 -9.628769772021441e-06 0.029201282295295172 -0.44333057729785613 0.8963581849611814 5.904105847276453e-05 -5.450651895502067 3.4805533207769356e-05 -4.865320802405469e-05 0.9999999982107202 -0.263107082367603
1.0 0.0 0.0 0.0 0.0 1.0 0.0 0.0 0.0 0.0 1.0 0.0
0.8684830917111527 0.49571879017639275 -2.1860721203077955e-05 2.5277279762830327 -0.4957187906525401 0.8684830906417608 -4.316617473060149e-05 5.318559133261417 -2.412617199883211e-06 4.8325863164943434e-05 0.9999999988293952 -0.2925902149334853
0.8963577724838149 0.44333141510207513 -9.562705929821383e-06 0.02914566494172277 -0.44333141375267965 0.8963577710845522 6.161480089557892e-05 -5.450663220033614 3.58873826450666e-05 -5.0989457743635526e-05 0.9999999980560855 -0.26310188407613117
1.0 0.0 0.0 0.0 0.0 1.0 0.0 0.0 0.0 0.0 1.0 0.0
0.8684830798325038 0.4957188109932425 -2.1727748178807083e-05 2.5277151914289817 -0.495718811464068 0.8684830787853238 -4.2710856268902296e-05 5.318554738788771 -2.3023932527321925e-06 4.786450949770354e-05 0.9999999988518438 -0.2925835665811086
0.8963582243001168 0.4433305015890754 -9.503665764614205e-06 0.029197556560147664 -0.44333050004938823 0.8963582226199174 6.684027104261785e-05 -5.450716691975564 3.815101984081689e-05 -5.569956176776742e-05 0.999999997721029 -0.26315495102320524
1.0 0.0 0.0 0.0 0.0 1.0 0.0 0.0 0.0 0.0 1.0 0.0
0.8684831565392099 0.495718676748138 -1.818696221390815e-05 2.5278049909869127 -0.49571867707892864 0.8684831558257468 -3.5243006487848264e-05 5.3186494178182695 -1.675546202376311e-06 3.962357436927582e-05 0.9999999992135825 -0.29274945126516205
0.8963583724107421 0.44333020213137253 -9.344631815367844e-06 0.029067271890384827 -0.44333020042657206 0.8963583704667611 7.130152991368855e-05 -5.4506314336605275 3.9986260615553565e-05 -5.9768965808229725e-05 0.999999997414385 -0.26316980015352703
1.0 0.0 0.0 0.0 0.0 1.0 0.0 0.0 0.0 0.0 1.0 0.0
0.8684827490004413 0.4957193906365138 -2.0871033128482e-05 2.527735777268372 -0.4957193910706521 0.8684827480282697 -4.115588109558072e-05 5.318609830749274 -2.2756360921919194e-06 4.608934858488069e-05 0.9999999989352966 -0.2926213716405022
0.8963579338944665 0.443331088788797 -7.601514823143623e-06 0.029200395053049277 -0.4433310870601666 0.8963579316783188 7.458832404571848e-05 -5.450635063809258 3.9881001014608306e-05 -6.348784820440522e-05 0.9999999971893995 -0.2632162688238084
1.0 0.0 0.0 0.0 0.0 1.0 0.0 0.0 0.0 0.0 1.0 0.0
0.8684839122821434 0.4957173525865945 -2.125180377052062e-05 2.527702808201192 -0.4957173530378124 0.8684839112974291 -4.140898542421231e-05 5.318562593167918 -2.070302967050645e-06 4.649792557728751e-05 0.9999999989168283 -0.2926152169915322
0.8963583865861363 0.4433301734729111 -9.229074409810405e-06 0.029264458852161113 -0.44333017188775564 0.8963583848056785 6.842900573654368e-05 -5.450673253038251 3.860920121499881e-05 -5.7245386033244784e-05 0.9999999976161477 -0.26317495878092595
1.0 0.0 0.0 0.0 0.0 1.0 0.0 0.0 0.0 0.0 1.0 0.0
0.868482585031596 0.49571967795215705 -1.969386180663839e-05 2.527759753378505 -0.49571967834181513 0.8684825842445356 -3.699490310170208e-05 5.31856752744442 -1.235325455883468e-06 4.1892063918874274e-05 0.9999999991217645 -0.2927103251625784
0.8963572466642011 0.44333247824310007 -9.34903133762261e-06 0.029191229807056907 -0.4433324769457191 0.89635724531595 6.045474564671685e-05 -5.450664689131417 3.518162418526439e-05 -5.004432013570315e-05 0.9999999981289097 -0.2630730476142856
