1.0 0.0 0.0 0.0 0.0 1.0 0.0 0.0 0.0 0.0 1.0 0.0
0.9569871486231403 0.2901303107157214 -1.3196652139431046e-05 1.0861642172884256 -0.29013031095884934 0.9569871483467889 -2.3706620909228987e-05 -1.3146827566416128 5.7510172082217586e-06 2.6515680336245242e-05 0.9999999996319224 0.14869761679593785
-0.19427979322206562 -0.9809461564939231 2.3219504936656792e-06 1.326818008351895 0.9809461563520158 -0.1942797932335223 -1.6713705790296962e-05 0.6474053136242417 1.684635351757401e-05 -9.694268929120786e-07 0.9999999998576304 0.4243805000539072
1.0 0.0 0.0 0.0 0.0 1.0 0.0 0.0 0.0 0.0 1.0 0.0
0.9569870650439852 0.290130584937606 -3.1972853447640905e-05 1.08617384495743 -0.2901305858847059 0.9569870648041561 -3.052415021809802e-05 -1.314968087102823 2.1741617616769997e-05 3.8487519633351165e-05 0.9999999990230064 0.14831974780978113
-0.19427957111739 -0.9809462003820881 -1.4226302628412561e-05 1.3267312123800885 0.9809462002939487 -0.19427957077265628 -2.2566747983519117e-05 0.6465712292771091 1.937288572108616e-05 -1.833949562732557e-05 0.9999999996441772 0.4238763646137293
1.0 0.0 0.0 0.0 0.0 1.0 0.0 0.0 0.0 0.0 1.0 0.0
0.9569870966550874 0.290130482344336 -7.092947643799889e-06 1.0861423290797176 -0.2901304824305787 0.9569870964110871 -2.1616588770886027e-05 -1.3149524305630338 5.162280438992845e-07 2.274467684918921e-05 0.9999999997412068 0.14878881381074638
-0.19427978377991612 -0.9809461583667056 -1.7844977407935175e-07 1.3265499909670182 0.9809461582149749 -0.1942797837466593 -1.7624784123971018e-05 0.6470406841587915 1.7254295094934797e-05 -3.5991888690906257e-06 0.9999999998446676 0.42439139472769455
1.0 0.0 0.0 0.0 0.0 1.0 0.0 0.0 0.0 0.0 1.0 0.0
0.9569872791178694 0.2901298792392355 -2.791421402113606e-05 1.0858379498127084 -0.29012988000887097 0.9569872788457476 -2.9213853246545805e-05 -1.314955849379927 1.8237736002669108e-05 3.60560334954556e-05 0.9999999991836738 0.1484769240531571
-0.19428016958447272 -0.9809460818691117 -1.3109808233025243e-05 1.326281696492477 0.9809460817642592 -0.19428016926427255 -2.240521278115055e-05 0.6470025594736454 1.9431329928582346e-05 -1.7212903557564158e-05 0.9999999996630695 0.42418147678462714
1.0 0.0 0.0 0.0 0.0 1.0 0.0 0.0 0.0 0.0 1.0 0.0
0.9569872277492073 0.29013004980956253 -1.1062885379245622e-05 1.0860897467574806 -0.2901300499951431 0.9569872274738623 -2.327457244942874e-05 -1.3147569862880217 3.8343871428962975e-06 2.548314405359714e-05 0.9999999996679534 0.14860632548986508
-0.19428011934770079 -0.9809460918965376 -4.37638049138669e-06 1.3268039830977632 0.9809460917391092 -0.19428011923028435 -1.932962883472785e-05 0.6472351346320719 1.8111080139576754e-05 -8.048355935946297e-06 0.9999999998036063 0.424239873097511
1.0 0.0 0.0 0.0 0.0 1.0 0.0 0.0 0.0 0.0 1.0 0.0
0.9569870188043119 0.2901307311443055 -6.84522204870845e-05 1.0863027031067427 -0.290130734390773 0.9569870192867518 -4.3342003286154734e-05 -1.3145250748940487 5.293303934482229e-05 6.133782751441952e-05 0.9999999967178821 0.14851861482921686
-0.19427972903208943 -0.9809461689493921 -2.259932675222e-05 1.326709356550168 0.9809461689977941 -0.19427972845967487 -2.526233277685313e-05 0.6474415287186408 2.03903974913821e-05 -2.7076682166126002e-05 0.9999999994255427 0.4240742127030023
1.0 0.0 0.0 0.0 0.0 1.0 0.0 0.0 0.0 0.0 1.0 0.0
0.9569871863312618 0.29013018377091687 -4.0777794980059436e-05 1.0860385522744673 -0.2901301851681746 0.9569871861761974 -3.389459936299745e-05 -1.3149098705150488 2.9189980934411096e-05 4.426756648453147e-05 0.9999999985941639 0.14867614129922324
-0.19428008907435496 -0.9809460978293502 -1.1942857522655271e-05 1.3262007762811097 0.9809460977127006 -0.19428008878323988 -2.201364597648188e-05 0.6467170241536992 1.927394069979712e-05 -1.5992112583549754e-05 0.9999999996863839 0.42416979535469124
1.0 0.0 0.0 0.0 0.0 1.0 0.0 0.0 0.0 0.0 1.0 0.0
0.9569946309940097 0.29010562920953825 -1.2230183323026591e-05 1.0849037630572527 -0.29010562938836526 0.9569946308667486 -1.7011654483336735e-05 -1.3155755624490695 6.7690430468674265e-06 1.982810703534089e-05 0.9999999997805131 0.14778741357332015
-0.1943029168996296 -0.9809415763551037 -1.6194462812747793e-05 1.3252131820803168 0.9809415762512824 -0.19430291646282163 -2.521294057103776e-05 0.645901502002932 2.158579031324012e-05 -2.078476977464627e-05 0.9999999995510234 0.4237780669757797
1.0 0.0 0.0 0.0 0.0 1.0 0.0 0.0 0.0 0.0 1.0 0.0
0.9569870807080293 0.2901305299046414 -5.454517116015026e-05 1.0862087201538992 -0.29013053212658757 0.9569870808186104 -3.8395535523187495e-05 -1.3145601599450891 4.1059307053989644e-05 5.256925098618528e-05 0.9999999977753036 0.14817994394818085
-0.1942796938889851 -0.9809461759306999 -2.1664208817699448e-05 1.3272818626759708 0.980946175953966 -0.1942796933354093 -2.5274303539568262e-05 0.6474496083720704 2.0583815560996825e-05 -2.6161706749714422e-05 0.999999999445936 0.4240859114550959
1.0 0.0 0.0 0.0 0.0 1.0 0.0 0.0 0.0 0.0 1.0 0.0
0.9569871456656484 0.2901303205490212 -1.1350637952117373e-05 1.0862411559693341 -0.2901303207419282 0.9569871453915606 -2.3270108307815715e-05 -1.314687200556951 4.111050629612555e-06 2.556235875850177e-05 0.9999999996648323 0.1485473714777209
-0.19427990137701395 -0.9809461350627801 -5.13145118593904e-06 1.3269687062269804 0.9809461349113455 -0.19427990124580055 -1.93497858113193e-05 0.6471763186359718 1.798415977625602e-05 -8.792951686421602e-06 0.9999999997996268 0.42410178323581754
1.0 0.0 0.0 0.0 0.0 1.0 0.0 0.0 0.0 0.0 1.0 0.0
0.9569871803619416 0.29013020609623147 -1.1552449712419222e-05 1.0861827082135276 -0.2901302062946129 0.9569871800868546 -2.3342162056516428e-05 -1.3147983097439737 4.283279985191567e-06 2.5689864468294587e-05 0.9999999996608422 0.1485446420748881
-0.1942799296431419 -0.9809461294695901 -4.0601920401726105e-06 1.3267380478508528 0.9809461293162047 -0.19427992953426085 -1.896623890287919e-05 0.6470382314460019 1.7816044818913443e-05 -7.6675892257343e-06 0.9999999998118984 0.42411199071282546
1.0 0.0 0.0 0.0 0.0 1.0 0.0 0.0 0.0 0.0 1.0 0.0
0.9569986166074975 0.2900924809546302 -1.7462069380173268e-05 1.0850090766227891 -0.2900924814800368 0.9569986149356878 -5.6567922581387014e-05 -1.3152705294381626 3.0124720665463704e-07 5.920103869301101e-05 0.999999998247573 0.14807290578616122
-0.19429910658779476 -0.9809423312160933 -2.742182366100049e-06 1.3258044604103016 0.9809423296243113 -0.19429910611154166 -5.758023627917006e-05 0.6474542448299809 5.595008762513459e-05 -1.3877711224624125e-05 0.9999999983384984 0.42429031094183633
1.0 0.0 0.0 0.0 0.0 1.0 0.0 0.0 0.0 0.0 1.0 0.0
0.9569870957258281 0.29013048408042175 -2.8661927546644027e-05 1.0861217736391575 -0.2901304848798346 0.9569870954623556 -2.935843214919071e-05 -1.3149634498868379 1.8911318661927638e-05 3.641133965421906e-05 0.9999999991582883 0.1485037778042781
-0.19427971319698048 -0.980946172267476 -1.2405123010190405e-05 1.3267377525232504 0.9809461721575371 -0.19427971289630225 -2.2054626665264913e-05 0.6469117928439585 1.9224337871219735e-05 -1.6453524475184043e-05 0.9999999996798533 0.42421055609007197
1.0 0.0 0.0 0.0 0.0 1.0 0.0 0.0 0.0 0.0 1.0 0.0
0.9569872127472471 0.29013009821608066 -2.733831170021167e-05 1.085948866524335 -0.2901300989591615 0.9569872124765422 -2.888468526981496e-05 -1.314911459448294 1.778209813352741e-05 3.557394152640046e-05 0.999999999209146 0.1484168942171899
-0.1942800099234695 -0.9809461135051989 -1.1965905810783856e-05 1.3263854208410581 0.9809461133941173 -0.1942800096362537 -2.1741973473227532e-05 0.6469348218309932 1.9002968082273008e-05 -1.5961939620463066e-05 0.9999999996920518 0.42405537839251406
1.0 0.0 0.0 0.0 0.0 1.0 0.0 0.0 0.0 0.0 1.0 0.0
0.9569871987992526 0.2901301446581957 -2.224801001308222e-05 1.0858747087522609 -0.2901301451983352 0.9569871985148377 -2.694281160788483e-05 -1.3149185651321331 1.3474138945655998e-05 3.223874418387513e-05 0.9999999993895553 0.14855702046594182
-0.1942800419363821 -0.9809461071956879 -9.10078710303795e-06 1.325922813274289 0.9809461070601407 -0.19428004171619104 -2.0840130453335184e-05 0.6470387494985748 1.867494354362479e-05 -1.2976203098343184e-05 0.9999999997414323 0.4242818695011682
1.0 0.0 0.0 0.0 0.0 1.0 0.0 0.0 0.0 0.0 1.0 0.0
0.9569871585160187 0.29013027825697013 -8.60060171614933e-06 1.0864758131347672 -0.29013027837806055 0.9569871582711698 -2.1733399645814495e-05 -1.3143593034565062 1.9251481090500934e-06 2.3293879342067893e-05 0.9999999997268445 0.14926711714526342
-0.1942799995729919 -0.9809461155155196 1.486376040510637e-05 1.3264680216465918 0.9809461155234346 -0.19427999975133514 -1.166644684918732e-05 0.6481926358972601 1.433188708638938e-05 1.2313990742580961e-05 0.9999999998214812 0.42445730592477243
1.0 0.0 0.0 0.0 0.0 1.0 0.0 0.0 0.0 0.0 1.0 0.0
0.9569869781661439 0.2901308707868843 -3.790616343333018e-05 1.0864541622505706 -0.29013087202526644 0.9569869779842315 -3.265680245657522e-05 -1.31468565643071 2.680095825719813e-05 4.2249882951530414e-05 0.999999998748328 0.14858420313223752
-0.19427964002905534 -0.9809461867307145 -1.4444754600323136e-05 1.3270566412888294 0.9809461866439686 -0.19427963967757186 -2.2702614632434785e-05 0.647475509293608 1.9463721533520753e-05 -1.858018274070294e-05 0.9999999996379701 0.4243911274909321
1.0 0.0 0.0 0.0 0.0 1.0 0.0 0.0 0.0 0.0 1.0 0.0
0.9569972646886605 0.29009694021858906 -2.5578013304040718e-05 1.0849918942665626 -0.29009694134595804 0.9569972608533909 -8.567862659312485e-05 -1.31546168742072 -3.77018746759968e-07 8.941431471711301e-05 0.9999999960024691 0.1483826572504101
-0.194299581109496 -0.9809422371572905 -1.1896432626265076e-05 1.3252032686119808 0.9809422339573715 -0.1942995794565452 -8.403410532256179e-05 0.6464004887026771 8.012113141632301e-05 -2.7997504659612625e-05 0.9999999963983719 0.4243569723651356
1.0 0.0 0.0 0.0 0.0 1.0 0.0 0.0 0.0 0.0 1.0 0.0
0.9569871364687993 0.2901303501797546 -2.3190967820207958e-05 1.085964658674395 -0.29013035075331856 0.9569871361909326 -2.7144665971672286e-05 -1.3148289819764907 1.4317966435882488e-05 3.27054997866172e-05 0.999999999362673 0.1485284550538722
-0.19427990462208378 -0.9809461343853312 -9.721639563456286e-06 1.3263027361266084 0.9809461342589659 -0.19427990439102147 -2.0789610780596188e-05 0.6469131173635323 1.8504769125695527e-05 -1.3575408348014888e-05 0.9999999997366408 0.4241839015860341
1.0 0.0 0.0 0.0 0.0 1.0 0.0 0.0 0.0 0.0 1.0 0.0
0.9569872494284909 0.2901299784802144 4.28509055416225e-06 1.086224785228412 -0.2901299783648576 0.9569872493093936 -1.7698804651293904e-05 -1.314654738160407 -9.235730835074457e-06 1.5694297151641078e-05 0.9999999998341952 0.14872497188317535
-0.194280136316633 -0.98094608851049 8.292219050192694e-06 1.326798950221611 0.9809460884137439 -0.19428013642215852 -1.4750057717189429e-05 0.647650257726494 1.6080024871298494e-05 5.2685766175821565e-06 0.9999999998568375 0.4243073048430624
