1.0 0.0 0.0 0.0 0.0 1.0 0.0 0.0 0.0 0.0 1.0 0.0
0.9569786610327474 0.29015830542485105 -1.0997717878848897e-05 1.0850630585054404 -0.2901583056255812 0.9569786605959405 -2.8991256708658e-05 -1.315245474226007 2.112527406589523e-06 3.0935093212186126e-05 0.9999999995192788 0.14852399234624292
-0.19425353189123393 -0.9809513570743732 -2.0043122885444456e-05 1.3252150238046259 0.9809513571567656 -0.19425353150371463 -1.9764499802933685e-05 0.6468671134680655 1.5494565500723662e-05 -2.3500652488922e-05 0.9999999996038189 0.42451480077965714
1.0 0.0 0.0 0.0 0.0 1.0 0.0 0.0 0.0 0.0 1.0 0.0
0.9569872292988402 0.29013004350402477 -2.855315816410462e-05 1.086003670096761 -0.29013004430090494 0.9569872290305544 -2.9434284198297782e-05 -1.314800926032842 1.8785237556573588e-05 3.64523631244097e-05 0.99999999915917 0.14829675737209347
-0.19428008469691804 -0.980946098692236 -1.2273605211350915e-05 1.3263759292590214 0.9809460985804226 -0.19428008439900768 -2.2040042465684346e-05 0.6471393598579643 1.9235576615387028e-05 -1.6321686464547693e-05 0.9999999996817976 0.4238491654082178
1.0 0.0 0.0 0.0 0.0 1.0 0.0 0.0 0.0 0.0 1.0 0.0
0.9569871709553128 0.29013023640452723 -2.3469132312611353e-05 1.0859106929782496 -0.29013023699074275 0.9569871706734561 -2.7388136021350842e-05 -1.3148087335451497 1.4513532151451348e-05 3.30191997286402e-05 0.999999999349545 0.1485423668190724
-0.19428002266187996 -0.980946111008952 -9.534818864008116e-06 1.3261003783895164 0.9809461108761753 -0.19428002243147863 -2.0998357556632625e-05 0.6471891410329004 1.8745832359975203e-05 -1.3432704864522496e-05 0.9999999997340783 0.424278003675103
1.0 0.0 0.0 0.0 0.0 1.0 0.0 0.0 0.0 0.0 1.0 0.0
0.957002193417008 0.29008068151132244 -2.993740705993646e-06 1.0853127625270875 -0.2900806811123576 0.9570021914472021 -6.33296379893605e-05 -1.3151547473468286 -1.5505688131558765e-05 6.147502880719218e-05 0.9999999979901971 0.148284139662185
-0.19430800076892632 -0.9809405692846023 1.9203755736475328e-05 1.3259585252436892 0.9809405674041959 -0.1943080015932922 -6.113554600528507e-05 0.64696500799552 6.370178070219237e-05 6.958617328226775e-06 0.9999999979468304 0.4243539784137615
1.0 0.0 0.0 0.0 0.0 1.0 0.0 0.0 0.0 0.0 1.0 0.0
0.9569868423879444 0.2901313165833761 -5.132201048313521e-05 1.0866072496903274 -0.29013131858534963 0.9569868424406579 -3.703222739916266e-05 -1.3147864064023835 3.8370279868629214e-05 5.0329476939239376e-05 0.9999999979973329 0.1480665990194155
-0.19427901793673022 -0.9809463097652733 -2.3397249988415615e-05 1.3272607610029268 0.9809463098337847 -0.19427901734562134 -2.535152893368514e-05 0.6465018589071709 2.0322894018065907e-05 -2.78767161808249e-05 0.9999999994049343 0.42359789319310803
1.0 0.0 0.0 0.0 0.0 1.0 0.0 0.0 0.0 0.0 1.0 0.0
0.9569784484356852 0.29015900475178213 -3.451207261939841e-05 1.085163628113726 -0.2901590059475978 0.9569784479808164 -3.698282914956001e-05 -1.3157312259420202 2.2296408792973516e-05 4.540575914274283e-05 0.9999999987205936 0.14841230202910605
-0.19425198374133848 -0.9809516633525179 -3.1280723061199326e-05 1.325304178503318 0.9809516636838175 -0.19425198302023092 -2.4671015896297985e-05 0.6458871873603087 1.812473159512985e-05 -3.547727110688554e-05 0.9999999992064286 0.4244310228251712
1.0 0.0 0.0 0.0 0.0 1.0 0.0 0.0 0.0 0.0 1.0 0.0
0.9569872176796446 0.2901300815271162 -3.147763703824527e-05 1.0859307988631126 -0.2901300824479115 0.956987217442208 -3.0182590551082313e-05 -1.3147696605398087 2.1366818823598855e-05 3.801696278302047e-05 0.9999999990490848 0.14889081390712794
-0.19428004400269855 -0.980946106823207 -3.2715954007291916e-06 1.3263066320415573 0.9809461066713423 -0.19428004391072948 -1.855749433573348e-05 0.6473871966071738 1.75682961229196e-05 -6.814609587075693e-06 0.999999999822458 0.42433164613462504
1.0 0.0 0.0 0.0 0.0 1.0 0.0 0.0 0.0 0.0 1.0 0.0
0.9569872803948185 0.2901298754119966 -2.357858138375782e-05 1.0858755514714091 -0.29012987600458334 0.9569872801082957 -2.75770253393805e-05 -1.3148712575699184 1.4563483541305013e-05 3.32317133741494e-05 0.9999999993417791 0.14854191790342225
-0.1942801849516177 -0.9809460788684976 -9.36407891209225e-06 1.3264254967326832 0.9809460787335783 -0.1942801847245167 -2.0991065381972422e-05 0.6472555342466458 1.8771848296905174e-05 -1.3263804554509617e-05 0.9999999997358446 0.4242349008640671
1.0 0.0 0.0 0.0 0.0 1.0 0.0 0.0 0.0 0.0 1.0 0.0
0.9569871170411768 0.29013041355445207 -3.078863699619888e-05 1.0860645297496683 -0.290130414437939 0.9569871168094534 -2.9644556177720923e-05 -1.314538294507408 2.0863541606004484e-05 3.7302178364167304e-05 0.9999999990866303 0.14867161316191863
-0.19427986734734748 -0.9809461417783434 -8.583680061084592e-06 1.326168416558525 0.9809461416468642 -0.19427986714398635 -2.026436032259866e-05 0.6479964519691328 1.821060985218229e-05 -1.2357085072405084e-05 0.9999999997578382 0.4245604153096275
1.0 0.0 0.0 0.0 0.0 1.0 0.0 0.0 0.0 0.0 1.0 0.0
0.9569781072663499 0.2901601294579946 -3.854653284254331e-05 1.0848471659847565 -0.2901601308550616 0.956978106880992 -3.758518256288167e-05 -1.3154334825149974 2.59824665883328e-05 4.715286388388517e-05 0.9999999985507596 0.14836078446553835
-0.19424952168143908 -0.9809521511096672 -2.3661134687572116e-05 1.3244514942624033 0.9809521512531962 -0.1942495211866751 -2.169043144467152e-05 0.6466183287828606 1.6681111300357336e-05 -2.7423796906056123e-05 0.999999999484838 0.42429685158669117
1.0 0.0 0.0 0.0 0.0 1.0 0.0 0.0 0.0 0.0 1.0 0.0
0.9569870802874522 0.29013053492673935 -2.9428246568942303e-05 1.0859299191869922 -0.2901305357586865 0.9569870800302342 -2.959026851593306e-05 -1.3149733587448669 1.9577411321268575e-05 3.685553761547235e-05 0.9999999991291971 0.14863629000206824
-0.19427980500214348 -0.9809461540788903 -1.2890436136998607e-05 1.3263698693102464 0.9809461539750128 -0.19427980469035727 -2.2160937367422402e-05 0.6470579934327177 1.92343348662876e-05 -1.695024634205672e-05 0.9999999996713648 0.42431780282681275
1.0 0.0 0.0 0.0 0.0 1.0 0.0 0.0 0.0 0.0 1.0 0.0
0.9569870086601487 0.29013076892803247 -4.6657563083400054e-05 1.0864409096174783 -0.29013077063647874 0.9569870086314852 -3.521994797226201e-05 -1.3143030530017474 3.443229113842128e-05 4.724182738854759e-05 0.9999999982913136 0.14811826438651815
-0.19427944225659086 -0.9809462257159289 -2.3877641414336007e-05 1.327443058838063 0.9809462257969297 -0.19427944165431954 -2.540169013053038e-05 0.6476360945937627 2.027875721835265e-05 -2.8357708417259793e-05 0.9999999993923061 0.42375207358613753
1.0 0.0 0.0 0.0 0.0 1.0 0.0 0.0 0.0 0.0 1.0 0.0
0.9569871450961392 0.29013032036439884 -3.6414178505390835e-05 1.0860170028155882 -0.2901303215232564 0.9569871449027004 -3.1996709282981425e-05 -1.314816823193943 2.556468520697094e-05 4.1185296786965724e-05 0.9999999988251089 0.1487624563468869
-0.19427986174642817 -0.9809461429044612 -6.375662312594298e-06 1.3262603731220017 0.9809461427613718 -0.1942798615911021 -1.953787246332152e-05 0.6470128770906678 1.7926937841813165e-05 -1.0049996514080961e-05 0.9999999997888113 0.4241158480946177
1.0 0.0 0.0 0.0 0.0 1.0 0.0 0.0 0.0 0.0 1.0 0.0
0.956987239353053 0.29013001022209645 -2.973128343804742e-05 1.085916882507144 -0.2901300110684427 0.9569872390958095 -2.97523962196178e-05 -1.3149006054124555 1.9820395832823357e-05 3.7098601115308e-05 0.999999999115423 0.14840115266936693
-0.1942799887819652 -0.9809461176619937 -1.4238720410620108e-05 1.326551596268101 0.9809461175707563 -0.1942799884338518 -2.2737659090063918e-05 0.6469061085778932 1.9538119972431242e-05 -1.838488965891888e-05 0.9999999996401286 0.4241311962256513
1.0 0.0 0.0 0.0 0.0 1.0 0.0 0.0 0.0 0.0 1.0 0.0
0.956994710097381 0.29010536849845875 -3.742185115791929e-06 1.0849482090279974 -0.2901053685211893 0.9569947099729762 -1.5457201584225754e-05 -1.3152950545093596 -9.029658019965958e-07 1.5878088141102364e-05 0.9999999998735357 0.148351016425869
-0.19430225831699294 -0.9809417067726536 -1.8079547829249494e-05 1.325543531022804 0.980941706634141 -0.1943022577638526 -2.8523118794456576e-05 0.6464093425796058 2.4466619870142556e-05 -2.327708889880352e-05 0.9999999994297807 0.4245514006698897
1.0 0.0 0.0 0.0 0.0 1.0 0.0 0.0 0.0 0.0 1.0 0.0
0.9569871834638327 0.29013019480595004 -2.7346351664325605e-05 1.0858616735028486 -0.2901301955422234 0.9569871832073349 -2.848724276908922e-05 -1.3146352443366829 1.7905098756157883e-05 3.519592857798235e-05 0.9999999992203269 0.14851235769208648
-0.19427995396871292 -0.9809461245708296 -1.3243336077519557e-05 1.3265679943752708 0.9809461244789881 -0.1942799536555933 -2.1845736811766207e-05 0.6473959614106612 1.8856576144514893e-05 -1.723518794261797e-05 0.9999999996736889 0.42412578095330417
1.0 0.0 0.0 0.0 0.0 1.0 0.0 0.0 0.0 0.0 1.0 0.0
0.9569780191185341 0.29016042215336074 1.8432294607251452e-05 1.084798796895356 -0.2901604217647383 0.9569780191802132 -2.1147673127194835e-05 -1.3156233291668045 -2.3775518544338096e-05 1.4889535960897926e-05 0.9999999996065132 0.14821131869324494
-0.19425177040327798 -0.9809517059996062 -1.3843900602565967e-05 1.325147023822078 0.9809517059824583 -0.19425177014524977 -1.8042764846327434e-05 0.6467457198072353 1.5009878759190811e-05 -1.7085036927910636e-05 0.9999999997414024 0.42456022799400045
1.0 0.0 0.0 0.0 0.0 1.0 0.0 0.0 0.0 0.0 1.0 0.0
0.9569871054215853 0.2901304521701122 -2.793531580456812e-05 1.0858954345260812 -0.29013045293740963 0.9569871051559461 -2.904438290058487e-05 -1.3150625595986432 1.8307077059481672e-05 3.589998574811874e-05 0.999999999188021 0.14865178116169658
-0.19427980683653961 -0.9809461537238477 -1.2245256259005075e-05 1.326185425375149 0.9809461536137766 -0.1942798065410454 -2.1925137793324234e-05 0.6469288710830967 1.9128373571187338e-05 -1.6271548562636912e-05 0.9999999996846709 0.4243232176221814
1.0 0.0 0.0 0.0 0.0 1.0 0.0 0.0 0.0 0.0 1.0 0.0
0.9569871527196105 0.2901302918026677 -5.751619805442804e-05 1.0862114683508926 -0.2901302942283132 0.9569871528994035 -3.945233535836957e-05 -1.314631924445059 4.359594505188566e-05 5.4442569547173534e-05 0.9999999975677002 0.1487476491540226
-0.19427999728152331 -0.980946116008222 -1.2028122600365761e-05 1.3262229951908837 0.980946115898986 -0.19427999699384318 -2.1697162858000973e-05 0.647784142491302 1.8946924011317982e-05 -1.601426488745601e-05 0.9999999996922788 0.4242977746969723
1.0 0.0 0.0 0.0 0.0 1.0 0.0 0.0 0.0 0.0 1.0 0.0
0.9569994132572435 0.2900898533637247 8.396433471832071e-07 1.084976234318503 -0.29008985274853244 0.9569994114084082 -6.242031510073285e-05 -1.3152951422521737 -1.8911038243537242e-05 5.9492632911790033e-05 0.9999999980514997 0.14798614890442757
-0.194301225535553 -0.9809419115051693 2.822508078609091e-06 1.325618897021711 0.9809419092243402 -0.1943012252785559 -6.769459072001599e-05 0.6466077583064793 6.695287799748248e-05 -1.0384425475596195e-05 0.999999997704738 0.42416435974546157
