1.0 0.0 0.0 0.0 0.0 1.0 0.0 0.0 0.0 0.0 1.0 0.0
0.9569946558151746 0.2901055472530861 -1.3934999041800034e-05 1.0849188353745114 -0.2901055474742044 0.9569946556805387 -1.7988358582544654e-05 -1.3156417853002473 8.11719699913741e-06 2.1257383556458604e-05 0.9999999997411173 0.14791394097977797
-0.1943027314517315 -0.9809416129663548 -2.2391132960445137e-05 1.3252420240082237 0.9809416129194883 -0.1943027307744098 -2.9266358232509738e-05 0.6457929506718223 2.4357930370902227e-05 -2.7650927425533696e-05 0.9999999993210587 0.4242047466268852
1.0 0.0 0.0 0.0 0.0 1.0 0.0 0.0 0.0 0.0 1.0 0.0
0.9569785310518916 0.29015873420190125 8.491955438258058e-06 1.0847352202158351 -0.29015873394758157 0.9569785308884645 -2.3075795224130898e-05 -1.3152599735207637 -1.482226257260555e-05 1.961902557773896e-05 0.9999999996976973 0.14848493353067221
-0.1942543858100696 -0.9809511881418442 -8.755410617781617e-06 1.3253968079695788 0.9809511880743226 -0.19425438564964403 -1.6475893277328772e-05 0.6472050766552258 1.4461270175430736e-05 -1.1789144976848885e-05 0.9999999998259437 0.42454117578733586
1.0 0.0 0.0 0.0 0.0 1.0 0.0 0.0 0.0 0.0 1.0 0.0
0.956987059291637 0.2901306052307677 -1.602419015333523e-05 1.086322544689354 -0.2901306055606173 0.9569870589995949 -2.4986724062489478e-05 -1.3149431549268167 8.085529232704013e-06 2.8561079574702428e-05 0.9999999995594446 0.14855228411684196
-0.1942796205044745 -0.9809461906773713 -7.22443743605375e-06 1.3269438924936368 0.980946190529229 -0.1942796203255845 -2.030616085113361e-05 0.6467344898895444 1.8515690172061034e-05 -1.1031857605675037e-05 0.9999999997677337 0.42420809903042245
1.0 0.0 0.0 0.0 0.0 1.0 0.0 0.0 0.0 0.0 1.0 0.0
0.9569781427760193 0.2901600143810109 1.74175769387636e-05 1.0845315678284884 -0.2901600140095424 0.9569781428153257 -2.10644799573149e-05 -1.3152771542608441 -2.2780310238544668e-05 1.510436253953186e-05 0.9999999996264578 0.14838091788172764
-0.1942533073739357 -0.98095140167339 -1.1370945725427921e-05 1.3249606110532355 0.9809514016438305 -0.19425330718026182 -1.620293169141439e-05 0.6477638061848268 1.3685444740979179e-05 -1.4301818217585515e-05 0.9999999998040833 0.42471128424222737
1.0 0.0 0.0 0.0 0.0 1.0 0.0 0.0 0.0 0.0 1.0 0.0
0.9569869716876448 0.2901308934400123 -2.6302302751006573e-05 1.086661835253257 -0.2901308941412445 0.9569869714097744 -2.8578822982330562e-05 -1.314612334192276 1.687936160546033e-05 3.498067187538179e-05 0.9999999992457196 0.1486390919855985
-0.19427947966083267 -0.9809462185966576 -1.9064819100510567e-06 1.3271511782414063 0.9809462184448312 -0.19427947959562708 -1.8078654374826314e-05 0.6465434487040866 1.7363797332956373e-05 -5.382467785107601e-06 0.9999999998347641 0.4239870570148202
1.0 0.0 0.0 0.0 0.0 1.0 0.0 0.0 0.0 0.0 1.0 0.0
0.9569945121454252 0.2901060214827954 -4.791971825387454e-06 1.0851389863118976 -0.29010602152225345 0.9569945119995026 -1.6714182628403814e-05 -1.3155343911998614 -2.629942861115837e-07 1.7385560931889876e-05 0.9999999998488365 0.1484182328735145
-0.19430143907173517 -0.9809418690060017 -2.0141104852206062e-05 1.3257000122505476 0.9809418688823035 -0.1943014384323528 -2.9946810921021418e-05 0.6462187276623474 2.5462635031234735e-05 -2.557596149264361e-05 0.999999999348762 0.42451254992622084
1.0 0.0 0.0 0.0 0.0 1.0 0.0 0.0 0.0 0.0 1.0 0.0
0.9569948158896071 0.2901050193952561 -9.06066319622925e-06 1.084787939073438 -0.2901050195065419 0.9569948157739144 -1.545834991698834e-05 -1.315298797996249 4.186462803775779e-06 1.7422104606049158e-05 0.9999999998394717 0.14778231903120975
-0.19430257674249027 -0.9809416437635374 -1.420273471509094e-05 1.3254013476751005 0.9809416436363704 -0.19430257636304354 -2.4467521784472012e-05 0.6462436134973899 2.1241583091538268e-05 -1.8686156464777258e-05 0.9999999995998113 0.42380859065409104
1.0 0.0 0.0 0.0 0.0 1.0 0.0 0.0 0.0 0.0 1.0 0.0
0.9569870670736287 0.290130578874227 -2.5610935901383892e-05 1.086341010494047 -0.2901305795454134 0.9569870667969304 -2.8214337599654705e-05 -1.3148966869041279 1.6323492325851768e-05 3.4431271864681574e-05 0.9999999992740156 0.14832045232752605
-0.19427963599398612 -0.9809461876101718 -7.149370879904927e-06 1.3267106158773725 0.9809461874661829 -0.19427963581944446 -2.0035568300096872e-05 0.6468955906000691 1.826483716969569e-05 -1.0905651023699061e-05 0.9999999997737312 0.42381982106989746
1.0 0.0 0.0 0.0 0.0 1.0 0.0 0.0 0.0 0.0 1.0 0.0
0.9569787663479669 0.2901579580473175 -1.1871587429742638e-05 1.0848843227078184 -0.2901579582799646 0.9569787658565614 -3.076450863417274e-05 -1.3152319907127819 2.4342900816507903e-06 3.288561709018862e-05 0.9999999994563052 0.1480745995510402
-0.19425566698656155 -0.9809509343163271 -1.7536577416412247e-05 1.325772271601398 0.9809509343321535 -0.1942556666245843 -2.042337957405349e-05 0.6470132665704611 1.66277537387323e-05 -2.116987922289198e-05 0.9999999996376769 0.4241790523793306
1.0 0.0 0.0 0.0 0.0 1.0 0.0 0.0 0.0 0.0 1.0 0.0
0.9569949410804083 0.29010460365292967 -4.1059499084239276e-05 1.084596875323916 -0.290104604967512 0.956994941069845 -3.0714294575730166e-05 -1.3153052488445631 3.0383374652108386e-05 4.130497428982396e-05 0.9999999986853747 0.14846470482752822
-0.19430393378459226 -0.9809413744106028 -3.585066262123199e-05 1.3248621457841248 0.9809413746499178 -0.19430393250833894 -3.621773291485803e-05 0.646230676985553 2.8561547973199317e-05 -4.220464625189952e-05 0.999999998701503 0.424709997899963
1.0 0.0 0.0 0.0 0.0 1.0 0.0 0.0 0.0 0.0 1.0 0.0
0.9569872018035483 0.29013013433378554 -2.7123316743206415e-05 1.0859273839097976 -0.29013013506617386 0.9569872015351834 -2.8711366652112707e-05 -1.3148633745881881 1.7626634322750173e-05 3.534570198251125e-05 0.9999999992199915 0.14846085311517088
-0.1942801326162559 -0.9809460892042631 -1.206118318522369e-05 1.3260091677748975 0.9809460890971223 -0.19428013232927813 -2.161432773151416e-05 0.6472942234436252 1.8859241993735645e-05 -1.6030604933519273e-05 0.9999999996936744 0.42414048805629734
1.0 0.0 0.0 0.0 0.0 1.0 0.0 0.0 0.0 0.0 1.0 0.0
0.9569784256534415 0.2901590816777504 -1.2401056264000027e-05 1.0845980681214318 -0.29015908192563017 0.9569784251872774 -3.0035894280520333e-05 -1.3154132885359857 3.1523557923672623e-06 3.234198192213962e-05 0.9999999994720292 0.1483348060931085
-0.1942534865754492 -0.980951366055173 -1.969194758735446e-05 1.3251136785177682 0.9809513661238054 -0.19425348618517935 -2.011827932721656e-05 0.6470147071311523 1.5909824120095743e-05 -2.3224888790664452e-05 0.9999999996037411 0.4244724196970022
1.0 0.0 0.0 0.0 0.0 1.0 0.0 0.0 0.0 0.0 1.0 0.0
0.9569944640698517 0.29010618010365147 -2.3079431524740884e-06 1.0851733292449444 -0.29010618010482286 0.9569944639540344 -1.5043945484020769e-05 -1.3155443004331708 -2.1556527380248255e-06 1.506652111784171e-05 0.9999999998841765 0.14830173304010505
-0.19430149264872382 -0.9809418584536934 -1.6967393088503756e-05 1.3257394577892878 0.9809418583073806 -0.1943014921388046 -2.780464166519914e-05 0.6460473285839257 2.3977947073899567e-05 -2.204650948497733e-05 0.9999999994695047 0.4243564881472428
1.0 0.0 0.0 0.0 0.0 1.0 0.0 0.0 0.0 0.0 1.0 0.0
0.9569871484268608 0.29013030996372435 -3.1403493337344274e-05 1.0858893545420794 -0.29013031087467805 0.9569871482002925 -2.9853546231900694e-05 -1.3145940358746824 2.139132091065324e-05 3.768056536341206e-05 0.9999999990612932 0.1486870480125536
-0.19427987617063278 -0.9809461400378093 -7.748971144180697e-06 1.3264954973928114 0.9809461399034564 -0.19427987598703073 -1.9873868082970067e-05 0.6479880491386849 1.7989725030688847e-05 -1.1462415962297884e-05 0.9999999997724914 0.42451976668315683
1.0 0.0 0.0 0.0 0.0 1.0 0.0 0.0 0.0 0.0 1.0 0.0
0.9569871802104237 0.2901302065755905 -1.2054382357247526e-05 1.08628101769762 -0.29013020678802376 0.9569871799314572 -2.357915130578897e-05 -1.314690235048154 4.694865338649237e-06 2.6062285965897452e-05 0.9999999996493578 0.14848528780800307
-0.19427993508458932 -0.9809461283927073 -3.858281056942348e-06 1.3269601410518332 0.9809461282348625 -0.19427993497808635 -1.912965964406729e-05 0.6472064822476201 1.801557897244986e-05 -7.501274898289062e-06 0.9999999998095849 0.42413809347943443
1.0 0.0 0.0 0.0 0.0 1.0 0.0 0.0 0.0 0.0 1.0 0.0
0.9569783789305494 0.290159235869096 9.965986923184884e-06 1.0846699893486385 -0.2901592355673229 0.9569783787673198 -2.422519788731278e-05 -1.3153791327774478 -1.656639891633033e-05 2.0291267456169627e-05 0.9999999996569094 0.14824622147924205
-0.19425307219910923 -0.9809514481333238 -1.8610268683136635e-05 1.324935694239345 0.9809514481906982 -0.19425307184484805 -1.9272054607996576e-05 0.6473396611417179 1.5289848016662915e-05 -2.199942583113291e-05 0.9999999996411227 0.42458708336453055
1.0 0.0 0.0 0.0 0.0 1.0 0.0 0.0 0.0 0.0 1.0 0.0
0.9569870421661135 0.2901306592010801 -4.144513377033799e-05 1.0864274808815866 -0.29013066062572385 0.9569870420340473 -3.382018649459452e-05 -1.3145372019582133 2.9850182971600857e-05 4.438998427947724e-05 0.9999999985692478 0.14829031693160444
-0.19427962582743843 -0.9809461895086575 -1.6637155809512973e-05 1.3275064427911767 0.9809461894481697 -0.1942796254157444 -2.3567616336327183e-05 0.6472566176619841 1.9886303042264906e-05 -2.089886227806329e-05 0.9999999995838862 0.4241067781430588
1.0 0.0 0.0 0.0 0.0 1.0 0.0 0.0 0.0 0.0 1.0 0.0
0.9569869981832146 0.29013080159177296 -5.723630887781624e-05 1.0862513838184924 -0.290130803986647 0.9569869983702617 -3.909397307941639e-05 -1.3144831918429354 4.3432037683834115e-05 5.401844025627647e-05 0.999999997597833 0.14812599811633914
-0.19427952834860174 -0.9809462085463204 -2.834155505446474e-05 1.3271648565533893 0.9809462087269631 -0.19427952759820974 -2.7210547184938316e-05 0.6474337411379747 2.1185899166155217e-05 -3.308799325330018e-05 0.9999999992281712 0.4240014235948164
1.0 0.0 0.0 0.0 0.0 1.0 0.0 0.0 0.0 0.0 1.0 0.0
0.9569871931564955 0.29013016158024907 -3.8417060818188025e-05 1.0860367034582747 -0.2901301628432189 0.9569871929837884 -3.276547284200064e-05 -1.3147734417544528 2.7258383265182153e-05 4.250208599864982e-05 0.9999999987252765 0.14842280877875458
-0.19427992464715765 -0.9809461303652567 -1.4160660467231719e-05 1.3266595949893616 0.9809461302739465 -0.19427992430184352 -2.2668051390077978e-05 0.6473586852480512 1.9485005250382757e-05 -1.8294792403415926e-05 0.9999999996428176 0.42420066510224125
1.0 0.0 0.0 0.0 0.0 1.0 0.0 0.0 0.0 0.0 1.0 0.0
0.9569872601314043 0.29012994185139845 -2.8062300966111055e-05 1.08580134052333 -0.290129942625197 0.9569872598643073 -2.9149719682231125e-05 -1.3149180172237307 1.8398058030653558e-05 3.6037624141531095e-05 0.9999999991814005 0.14852876922411168
-0.19428024973312943 -0.9809460659834156 -1.3974776881404212e-05 1.3259189499003639 0.9809460658917706 -0.19428024939427893 -2.251123569134777e-05 0.6473449094498405 1.936728495410701e-05 -1.8081990895446244e-05 0.999999999648975 0.42428394207777964
