1.0 0.0 0.0 0.0 0.0 1.0 0.0 0.0 0.0 0.0 1.0 0.0
-0.9299664589448136 0.36764435480998914 0.00011667900528751591 -0.6037002396209381 -0.36764433373784217 -0.9299664592530453 0.00016892250156854135 0.7829930533762095 0.0001706109655184496 0.00011419588545967383 0.9999999789255988 0.4893270084658963
0.462299159319648 0.8867240135013851 0.00010569930172040252 0.6799005750274034 -0.8867240185300258 0.46229914898983404 0.0001086519109971982 0.529844803073745 4.747956135987385e-05 -0.00014395579668981918 0.99999998851121 0.210579979966103
1.0 0.0 0.0 0.0 0.0 1.0 0.0 0.0 0.0 0.0 1.0 0.0
-0.9299672989342346 0.36764223241665106 0.00010888831815304765 -0.6036973916446611 -0.3676422129511392 -0.9299672984409364 0.00016458085113451367 0.7829668595508519 0.00016176944658869842 0.00011302286733554013 0.9999999805282386 0.4894562268610538
0.46230935414221674 0.8867186991524744 9.82137985687668e-05 0.6797349907731371 -0.8867187034091335 0.46230934496981646 0.00010284942468571943 0.5298226541319213 4.579335118257837e-05 -0.00013463626322413765 0.9999999898880227 0.21074742313620803
1.0 0.0 0.0 0.0 0.0 1.0 0.0 0.0 0.0 0.0 1.0 0.0
-0.929966490670295 0.3676442760442022 0.00011190312883280252 -0.6037153004723148 -0.3676442561600397 -0.9299664906147761 0.00016506413312964634 0.7830197321942425 0.00016475104373476075 0.00011236357006038926 0.9999999801157605 0.48939731799641845
0.46230682944656176 0.8867200147631212 0.00010423798687889296 0.6799133166153988 -0.8867200197171606 0.4623068195947482 0.00010577800769457835 0.5298157741327465 4.560554434961436e-05 -0.00014133180514299377 0.9999999889727277 0.2106493210343488
1.0 0.0 0.0 0.0 0.0 1.0 0.0 0.0 0.0 0.0 1.0 0.0
-0.9299653716703145 0.3676471072759529 0.00010957060283418234 -0.6036877176599935 -0.36764708823951403 -0.9299653716358385 0.00016145347014253803 0.7830084180558217 0.00016125476764261722 0.00010986282327993598 0.9999999809635297 0.48942599149505506
0.4623015530381671 0.88672276629362 9.89701395511811e-05 0.6799440695362273 -0.8867227706910265 0.4623015439473835 0.00010198968052513153 0.5296932702220314 4.4682523329447055e-05 -0.00013490906405913558 0.999999989901508 0.21069878371358985
1.0 0.0 0.0 0.0 0.0 1.0 0.0 0.0 0.0 0.0 1.0 0.0
-0.9299660426816616 0.3676454091505031 0.00011220324731686945 -0.6036881773484826 -0.3676453891560213 -0.929966042623468 0.00016552813398775556 0.7829908724095009 0.00016520086842261732 0.0001126845371926903 0.9999999800054338 0.4893810254100872
0.4623038014427841 0.8867215937768927 0.00010149541277293797 0.679933914823283 -0.8867215982226296 0.46230379135757016 0.00010836014921817826 0.5298125808328908 4.916357008631393e-05 -0.00014009348353476937 0.9999999889783796 0.21064789277093976
1.0 0.0 0.0 0.0 0.0 1.0 0.0 0.0 0.0 0.0 1.0 0.0
-0.9299670764553886 0.3676427944831068 0.00011123699860346242 -0.6036558314225715 -0.3676427743369885 -0.9299670760577428 0.00016711198256817201 0.7829479433202042 0.00016488426260368328 0.0001145131630940919 0.9999999798499576 0.48942712820261836
0.46230534085059144 0.8867207918291767 9.570191193018483e-05 0.6798597693729329 -0.8867207956431667 0.46230533149736536 0.00010508596415563867 0.5297496259119931 4.893840522640185e-05 -0.00013344267796888665 0.999999989899042 0.21074291718096028
1.0 0.0 0.0 0.0 0.0 1.0 0.0 0.0 0.0 0.0 1.0 0.0
-0.9299671063329467 0.3676427193320296 0.00010982201952335942 -0.6037336345457085 -0.36764269922974663 -0.9299671056193619 0.00016783626576095132 0.7830507376588542 0.00016383464677629855 0.00011570694271501127 0.9999999798850556 0.4894717157158069
0.46230782420961614 0.8867194961404503 0.0001041105061398711 0.6798558150437453 -0.8867195006298231 0.46230781307453694 0.00011477385160306748 0.5299199423209693 5.364111145196462e-05 -0.00014537766562544872 0.9999999879939828 0.21060418614729376
1.0 0.0 0.0 0.0 0.0 1.0 0.0 0.0 0.0 0.0 1.0 0.0
-0.9299667483613226 0.3676436253316262 0.00010814475510146359 -0.6037215843357142 -0.3676436069603562 -0.9299667484450973 0.00015826444037399107 0.7830151269600005 0.00015875593888328083 0.00010742193915646969 0.9999999816285392 0.48947077568533104
0.46230952597635977 0.8867186096490908 9.743458037457007e-05 0.6797811167666268 -0.8867186141642945 0.46230951797142966 9.427395019281939e-05 0.5298342556932845 3.854953215438888e-05 -0.00012998080130698528 0.9999999908094624 0.210739202913244
1.0 0.0 0.0 0.0 0.0 1.0 0.0 0.0 0.0 0.0 1.0 0.0
-0.9299667469684286 0.3676436286175332 0.00010894903352286679 -0.603699467048469 -0.36764360945382 -0.9299667466992853 0.0001626693405521584 0.7829661430567647 0.00016112332488670632 0.00011122266153394176 0.9999999808343966 0.48942649608154265
0.4623084689800277 0.8867191603732115 0.00010067954107540478 0.6797392878437405 -0.8867191650238818 0.46230845987999997 0.00010150237788901514 0.5297594258483507 4.34590997216364e-05 -0.00013619988751708325 0.9999999897804486 0.21067935821316597
1.0 0.0 0.0 0.0 0.0 1.0 0.0 0.0 0.0 0.0 1.0 0.0
-0.9299663110419126 0.36764472850975377 0.00011800883907978647 -0.6037701334188856 -0.3676447063346499 -0.9299663109379288 0.00017442651530380206 0.7830208498545694 0.00017387123360085988 0.00011882545799659074 0.9999999778246523 0.4892453336688982
0.4623032863926948 0.8867218626116602 9.877763977374938e-05 0.6798160190706968 -0.8867218666368891 0.4623032763259881 0.00010920736369521773 0.5298143761747003 5.1171330451583e-05 -0.00013807521625674578 0.999999989158365 0.21066140610626127
1.0 0.0 0.0 0.0 0.0 1.0 0.0 0.0 0.0 0.0 1.0 0.0
-0.9299672405643564 0.3676423783636473 0.00011449121610699075 -0.6037206137460753 -0.3676423566503028 -0.9299672398836574 0.00017418318969689606 0.7829718569610744 0.00017051020236508367 0.0001198928397697846 0.9999999782759887 0.48931878298753584
0.4623046549411484 0.8867211477971548 0.00010985919468104737 0.6798449365211718 -0.8867211532373723 0.4623046438062863 0.00011276758373570082 0.5298153165748527 4.9204985418563296e-05 -0.00014954745068879212 0.9999999876072148 0.21055821913696182
1.0 0.0 0.0 0.0 0.0 1.0 0.0 0.0 0.0 0.0 1.0 0.0
-0.9299651752155476 0.3676476051473217 0.00010637553288871286 -0.6038169457452334 -0.36764758624053967 -0.9299651745133378 0.0001628615371765426 0.7830308242651132 0.00015880119512036377 0.00011234685005467529 0.9999999810801825 0.48944785337824387
0.4623100877195673 0.8867183167480978 9.765319207508641e-05 0.6798076500925125 -0.8867183207110513 0.4623100779587258 0.0001073925993931251 0.529962038194741 5.008093012392074e-05 -0.00013623955653475778 0.9999999894653417 0.21067846928523276
1.0 0.0 0.0 0.0 0.0 1.0 0.0 0.0 0.0 0.0 1.0 0.0
-0.9299684631649248 0.3676392835543771 0.00012126949890912519 -0.6036649956338316 -0.36763926050989665 -0.9299684633083932 0.00017715406231761556 0.7829341883105645 0.000177905602095886 0.00012016426217558012 0.999999976955073 0.4891835067742273
0.46230508704071993 0.8867209237502606 9.93969655408718e-05 0.6798020623885588 -0.886720928030758 0.4623050774158851 0.0001057722236884779 0.5297920515447139 4.783872204688877e-05 -0.00013703640660663307 0.9999999894662399 0.2106675369413603
1.0 0.0 0.0 0.0 0.0 1.0 0.0 0.0 0.0 0.0 1.0 0.0
-0.9299681709462955 0.3676400240357146 0.00011727668767598168 -0.6036391960587846 -0.367640001561461 -0.9299681704478658 0.0001766514607445759 0.7829179585421517 0.0001740077339483042 0.0001211646342033051 0.99999997752022 0.48926865733726405
0.4623010764883207 0.8867230150741253 9.599787621577628e-05 0.6799300911425901 -0.8867230188557602 0.46230106692585804 0.00010653891557791534 0.5296576923276355 5.009058784680464e-05 -0.00013437658196136174 0.9999999897169337 0.21071671864503777
1.0 0.0 0.0 0.0 0.0 1.0 0.0 0.0 0.0 0.0 1.0 0.0
-0.92996698170743 0.36764303177155316 0.00011884356994921242 -0.6036934545235084 -0.3676430098470416 -0.9299669819847758 0.00017242023020850258 0.7830064867986692 0.0001739096922465793 0.00011665311331520253 0.9999999780737346 0.489264691842746
0.4623035350543579 0.8867217324295373 0.00010350557929359219 0.6798608672670845 -0.8867217374424728 0.4623035257478153 0.00010211827622423518 0.52974933611838 4.269950056427029e-05 -0.00013899028719833244 0.9999999894292263 0.21065557550369363
1.0 0.0 0.0 0.0 0.0 1.0 0.0 0.0 0.0 0.0 1.0 0.0
-0.9299666631703787 0.36764383686526203 0.00012085835233878502 -0.6037238090236432 -0.3676438134943252 -0.9299666629846158 0.00017926686244483687 0.783002448919305 0.00017830059575034307 0.00012227938033837707 0.999999976628325 0.4892085510252417
0.4623059508886428 0.8867204728450411 0.00010397314733542975 0.6797770301110111 -0.8867204773294479 0.4623059398016217 0.000114493566698994 0.52986243737727 5.34563860080029e-05 -0.00014512617605813268 0.9999999880404037 0.21057614256536178
1.0 0.0 0.0 0.0 0.0 1.0 0.0 0.0 0.0 0.0 1.0 0.0
-0.9299653592111902 0.36764713620979367 0.00011791496606792193 -0.6037198062415738 -0.36764711346749024 -0.9299653586916493 0.00017774288586673223 0.783022755253663 0.00017500349668503259 0.00012194362979280212 0.9999999772517634 0.4892401914731556
0.4623065089417499 0.8867201821327907 0.0001019239026196039 0.6798527971030062 -0.886720186324033 0.46230649797148055 0.00011445006661456376 0.5298236862575703 5.436510143391842e-05 -0.00014328899266645662 0.9999999882563501 0.21061365882481103
1.0 0.0 0.0 0.0 0.0 1.0 0.0 0.0 0.0 0.0 1.0 0.0
-0.9299667728491545 0.36764356179420765 0.000113436320504877 -0.603686820387292 -0.3676435413670877 -0.9299667727959356 0.0001672918973691874 0.7829888847806288 0.0001669957979058919 0.00011387177533016852 0.9999999795728112 0.48935805815624067
0.4623012164860947 0.8867229418117818 9.848926742725516e-05 0.6800447996162173 -0.8867229459579932 0.4623012068760456 0.00010598362449383455 0.5297550694211672 4.8446404099093045e-05 -0.0001363290518894406 0.9999999895336676 0.21069430991133353
1.0 0.0 0.0 0.0 0.0 1.0 0.0 0.0 0.0 0.0 1.0 0.0
-0.9299651109926289 0.36764776664862553 0.00010961179123160121 -0.6037604786283239 -0.3676477470455765 -0.9299651105779108 0.00016492460648199358 0.7830946153052842 0.00016256930479184134 0.00011307560187651344 0.9999999803925645 0.48937247863720923
0.4623047010267144 0.886721124694119 0.00010212637659678569 0.679801769075234 -0.8867211292698497 0.4623046910305249 0.0001075061550944208 0.5297900252291683 4.8114475778220234e-05 -0.0001402582168735976 0.9999999890063149 0.21063692601360506
1.0 0.0 0.0 0.0 0.0 1.0 0.0 0.0 0.0 0.0 1.0 0.0
-0.9299673840919527 0.3676420174085227 0.00010752190996302079 -0.6036776790586176 -0.3676419989380501 -0.9299673839635225 0.0001593137686543296 0.7829854929830926 0.00015856230463609934 0.0001086270387768561 0.9999999815290808 0.48952600595544205
0.4623057378425606 0.8867205845237403 9.869002843166099e-05 0.6797375872471312 -0.8867205887908024 0.46230572849048684 0.00010401621458118348 0.5297502906662039 4.660835310452497e-05 -0.00013559777294824455 0.9999999897204527 0.21071864309643062
