1.0 0.0 0.0 0.0 0.0 1.0 0.0 0.0 0.0 0.0 1.0 0.0
-0.9299582789019853 0.3676650642909185 1.2700326390462292e-06 -0.6056343426486883 -0.36766506427791695 -0.929958278889408 5.8793009316954054e-06 0.7844680784728268 3.3426909221865625e-06 5.000557943714376e-06 0.9999999999819105 0.4920231629286465
0.46231658878419446 0.8867149326193253 2.202650326801747e-06 0.6786898733883113 -0.8867149325139048 0.46231658868757936 1.6767267548978487e-05 0.5296607097387067 1.3849464729743728e-05 -9.704908872358178e-06 0.9999999998570035 0.2125687808382965
1.0 0.0 0.0 0.0 0.0 1.0 0.0 0.0 0.0 0.0 1.0 0.0
-0.9299583136080695 0.36766497648141305 4.489842226344145e-06 -0.6057099323020534 -0.36766497645003515 -0.9299583136084085 6.526977217863405e-06 0.7844124194303106 6.575107030491429e-06 4.419058990064821e-06 0.99999999996862 0.4920483895076933
0.4623156283666291 0.8867154332092514 1.662825017583007e-05 0.6787213550745328 -0.8867154332968814 0.46231562801701775 2.1079708501237966e-05 0.5296061841134616 1.1004202932737226e-05 -2.4490004741159323e-05 0.9999999996395738 0.2123826194087142
1.0 0.0 0.0 0.0 0.0 1.0 0.0 0.0 0.0 0.0 1.0 0.0
-0.9299585813420678 0.3676642992999657 -2.9176995876292696e-06 -0.6055566540042427 -0.3676642993098558 -0.9299585813325576 4.350845170156851e-06 0.7843262792388543 -1.1136893284179469e-06 5.118839776558806e-06 0.9999999999862785 0.4919276952612693
0.46231489379766993 0.8867158162791715 1.1541736196839957e-05 0.6789990552518983 -0.8867158162803649 0.462314893551893 1.893008994361361e-05 0.5296795706067314 1.1449693615345374e-05 -1.898590255493441e-05 0.9999999997542202 0.2124182153882137
1.0 0.0 0.0 0.0 0.0 1.0 0.0 0.0 0.0 0.0 1.0 0.0
-0.9299581750461174 0.3676653268956837 7.973990403642597e-06 -0.6053842156478115 -0.36766532683952613 -0.9299581750707518 7.685115605299337e-06 0.7844401775461165 1.0241028105072549e-05 4.215076295351106e-06 0.999999999938677 0.4919898453970092
0.4623156225255013 0.8867154362102767 1.884882648235699e-05 0.67909054606322 -0.8867154363499673 0.46231562214082667 2.1522729004286806e-05 0.5297648137090363 1.0370429095650914e-05 -2.666383925707796e-05 0.999999999590747 0.21236984029190925
1.0 0.0 0.0 0.0 0.0 1.0 0.0 0.0 0.0 0.0 1.0 0.0
-0.9299586526562876 0.3676641189262628 -1.969163602320287e-06 -0.6054126801505468 -0.36766411893144946 -0.929958652639057 5.6666356452952966e-06 0.7844215756182678 2.521778713660856e-07 5.993727650671126e-06 0.999999999982006 0.49185170336287465
0.46231508719198705 0.8867157154609236 1.0454089435694207e-05 0.6789010735506587 -0.8867157154274922 0.462315086937667 2.009297242062873e-05 0.5296865638658517 1.2983671149376195e-05 -1.8559089689708642e-05 0.9999999997434922 0.21238105602624738
1.0 0.0 0.0 0.0 0.0 1.0 0.0 0.0 0.0 0.0 1.0 0.0
-0.9299583818065891 0.36766480389028333 9.380289515778106e-06 -0.6054565584977993 -0.36766480382245387 -0.9299583818444774 8.209608868373416e-06 0.7843637852059686 1.1741663093934592e-05 4.185792273877388e-06 0.9999999999223061 0.4920299687822732
0.4623156776428804 0.8867154072987773 2.577923534331874e-05 0.6790102096790722 -0.8867154076342544 0.4623156771534562 2.2850816582647915e-05 0.5296790719134492 8.344026488943124e-06 -3.34231359290654e-05 0.9999999994066356 0.21229845055015026
1.0 0.0 0.0 0.0 0.0 1.0 0.0 0.0 0.0 0.0 1.0 0.0
-0.9299577852319024 0.36766631296115027 -3.583590069059008e-07 -0.6056753662235224 -0.3676663129512726 -0.9299577851988264 8.301200780953806e-06 0.7843639003751974 2.7188131359158874e-06 7.851522827802551e-06 0.9999999999654808 0.49171094987519787
0.4623165158368655 0.8867149703607461 2.286053168848807e-05 0.6787532525542144 -0.8867149706074013 0.46231651538984436 2.2327271915360764e-05 0.5297331616062166 9.229124904478781e-06 -3.0593042244300685e-05 0.9999999994894445 0.21236171475861138
1.0 0.0 0.0 0.0 0.0 1.0 0.0 0.0 0.0 0.0 1.0 0.0
-0.9299576351726545 0.36766669242054656 -8.283711697493687e-06 -0.6057323321928507 -0.36766669246680694 -0.9299576351780684 4.953072403237672e-06 0.7844170458602946 -5.8824211928752235e-06 7.651792380118954e-06 0.9999999999534237 0.49194420052654353
0.46231686427584795 0.8867147889851036 -1.1182359862113885e-06 0.6788135745614152 -0.8867147888669985 0.4623168642341793 1.5787000151675025e-05 0.5295717844991685 1.4515545862820383e-05 -6.307040020025008e-06 0.9999999998747602 0.2127504003421732
1.0 0.0 0.0 0.0 0.0 1.0 0.0 0.0 0.0 0.0 1.0 0.0
-0.9299582813994658 0.3676650578700165 8.831173584474037e-06 -0.6053980427575976 -0.36766505779977166 -0.9299582814291134 8.631346544318534e-06 0.784479279083584 1.1386067536342215e-05 4.779878252142648e-06 0.999999999923755 0.4919875440288693
0.4623156426738375 0.8867154256789617 2.0051276327248926e-05 0.6791916811111918 -0.8867154258451088 0.46231564225976846 2.2141916799750927e-05 0.5297350185244198 1.036356048707935e-05 -2.8016330522563394e-05 0.9999999995538407 0.2122535694600574
1.0 0.0 0.0 0.0 0.0 1.0 0.0 0.0 0.0 0.0 1.0 0.0
-0.9299593222634643 0.3676624252147826 4.523608089863595e-06 -0.6052249573921831 -0.3676624251900727 -0.9299593222681856 5.463615716218665e-06 0.7843862723005941 6.215537718122926e-06 3.417779647633057e-06 0.999999999974843 0.4921069210796358
0.46231382525023373 0.8867163733071198 1.7075282513424203e-05 0.6792151767604651 -0.8867163734200556 0.4623138249301953 1.967730493498718e-05 0.5296494096887727 9.554049297866052e-06 -2.423802270053534e-05 0.9999999996606195 0.21269059354285239
1.0 0.0 0.0 0.0 0.0 1.0 0.0 0.0 0.0 0.0 1.0 0.0
-0.9299585715742735 0.3676643239114704 8.846418213469253e-06 -0.6054920476307171 -0.36766432384826686 -0.9299585716069197 8.0009614401578e-06 0.7843210657271413 1.1168470524177531e-05 4.1880503011754525e-06 0.9999999999288629 0.4920099906084796
0.46231462833478726 0.8867159546525372 1.3867475981888706e-05 0.6790254522792818 -0.8867159546989611 0.4623146280609566 1.9056998064118736e-05 0.5296107418331246 1.0487007230525928e-05 -2.110684118173216e-05 0.999999999722262 0.21251829352173876
1.0 0.0 0.0 0.0 0.0 1.0 0.0 0.0 0.0 0.0 1.0 0.0
-0.9299582907818648 0.3676650342378458 2.22627811612532e-06 -0.6054442467580987 -0.36766503422007984 -0.9299582907727432 5.9147623604283475e-06 0.7842982874893636 4.244997097414627e-06 4.681957675338539e-06 0.9999999999800296 0.4919811831296634
0.4623141333113501 0.886716212725929 1.5151252980917274e-05 0.6790469150521723 -0.8867162127779998 0.4623141329777939 2.1109993929834023e-05 0.5297117526985318 1.1713935482731523e-05 -2.3194310209956808e-05 0.9999999996624039 0.21225005187173396
1.0 0.0 0.0 0.0 0.0 1.0 0.0 0.0 0.0 0.0 1.0 0.0
-0.9299585427489584 0.3676643969171363 -2.7913005714038047e-06 -0.6055098797477978 -0.3676643969275766 -0.9299585427287494 6.14017365559824e-06 0.7843155731012246 -3.3827056765574995e-07 6.736368786215749e-06 0.9999999999772535 0.49197930909296417
0.46231516773182596 0.8867156734067408 1.4829802647624622e-05 0.6789102844314723 -0.8867156734577799 0.4623151674145636 2.0561119544476967e-05 0.5295167241772987 1.1375824269115526e-05 -2.2655535872890867e-05 0.9999999996786585 0.21251810469065138
1.0 0.0 0.0 0.0 0.0 1.0 0.0 0.0 0.0 0.0 1.0 0.0
-0.9299594471047488 0.3676621079768275 3.314613203840819e-05 -0.605223336001151 -0.3676621077673806 -0.9299594476952413 1.2426158484467641e-05 0.7844854349259265 3.5393186266132474e-05 -6.307532957269724e-07 0.9999999993734625 0.4918167816765509
0.46231309433025075 0.88671675236279 6.236966125442106e-05 0.6791578292044349 -0.8867167545550735 0.4623130933011114 3.0881624175369056e-05 0.5297895086040825 -1.4510575262033195e-06 -6.958120284066898e-05 0.9999999975781753 0.21206474375451512
1.0 0.0 0.0 0.0 0.0 1.0 0.0 0.0 0.0 0.0 1.0 0.0
-0.9299584556424936 0.3676646171795545 7.296571314072304e-06 -0.6055337196481378 -0.36766461712598913 -0.9299584556602413 7.721261148683322e-06 0.7845686785629908 9.62434271522651e-06 4.497760994925621e-06 0.9999999999435712 0.49199891087239656
0.46231648142156906 0.8867149885070369 1.2765020448695843e-05 0.6789059345112225 -0.8867149885197466 0.4623164811400105 2.0018613883324634e-05 0.5297163468550963 1.1849325643957439e-05 -2.0573870094098805e-05 0.9999999997181545 0.21238667555967852
1.0 0.0 0.0 0.0 0.0 1.0 0.0 0.0 0.0 0.0 1.0 0.0
-0.9299582630681142 0.36766510425155974 8.186959134931394e-06 -0.605514888327848 -0.36766510419965226 -0.9299582630968901 7.188513825178935e-06 0.7843033635871848 1.0256495982116398e-05 3.6749586474803405e-06 0.9999999999406495 0.4920563496638426
0.46231528440970066 0.8867156125809693 1.4364345859631407e-05 0.6789306671381414 -0.886715612631947 0.4623152841182531 1.96318643101742e-05 0.5297525893048771 1.0767023950633074e-05 -2.181320067103193e-05 0.9999999997041277 0.21239188883410393
1.0 0.0 0.0 0.0 0.0 1.0 0.0 0.0 0.0 0.0 1.0 0.0
-0.9299584606590493 0.36766460454035954 4.102721240000148e-06 -0.6054831692754732 -0.36766460450782984 -0.9299584606547225 6.9857170353090145e-06 0.7842094374759654 6.38376122006259e-06 4.988001278645727e-06 0.9999999999671837 0.49204050573507324
0.4623151504924091 0.8867156823797967 1.5713477382014676e-05 0.6790151054028186 -0.8867156824667877 0.46231515020022607 1.904736670497933e-05 0.5294741764079447 9.625020109309075e-06 -2.273927302541513e-05 0.9999999996951423 0.21253155920795974
1.0 0.0 0.0 0.0 0.0 1.0 0.0 0.0 0.0 0.0 1.0 0.0
-0.9299586060240631 0.3676642367921329 8.11414783200232e-06 -0.6054273068478793 -0.36766423671332327 -0.9299586060396353 9.73790986529916e-06 0.7843330983907464 1.1126102805624206e-05 6.072571114689831e-06 0.9999999999196668 0.491910966843227
0.46231325590555283 0.886716670213823 1.3375971563096444e-05 0.67912006520368 -0.8867166702317753 0.4623132556033974 2.0650904243301317e-05 0.5297949013171319 1.2127612087329973e-05 -2.140788374366033e-05 0.9999999996973116 0.2124960394515499
1.0 0.0 0.0 0.0 0.0 1.0 0.0 0.0 0.0 0.0 1.0 0.0
-0.9299580855171689 0.36766555342459556 -2.4957052144204936e-06 -0.6058022245301533 -0.3676655534330174 -0.9299580854991222 5.7967212650704895e-06 0.7843298300267492 -1.8964651119431638e-07 6.308292648802555e-06 0.9999999999800846 0.49194921267874137
0.46231475980235626 0.8867158861974517 5.827263151714328e-06 0.678805620704864 -0.8867158860779116 0.46231475960383334 2.0724712097424535e-05 0.529631075505776 1.568290169052195e-05 -1.4748467104276828e-05 0.9999999997682645 0.21234274914103743
1.0 0.0 0.0 0.0 0.0 1.0 0.0 0.0 0.0 0.0 1.0 0.0
-0.9299590112403638 0.36766321192235063 3.432992195881225e-06 -0.6054596783915756 -0.3676632118911749 -0.9299590112300524 7.340843051916369e-06 0.7843657345922139 5.891499962731318e-06 5.564498209096492e-06 0.9999999999671633 0.4918785212156446
0.4623147570086348 0.8867158875092501 1.7050846578742538e-05 0.6789812628224468 -0.8867158876137661 0.46231475666956506 2.046688086023339e-05 0.5296259998650612 1.0265450439460299e-05 -2.4581397610273835e-05 0.9999999996451878 0.21233429029901263
