1.0 0.0 0.0 0.0 0.0 1.0 0.0 0.0 0.0 0.0 1.0 0.0
0.473810296835391 -0.8806269145238453 0.00020007241119448827 0.2480297734449941 0.8806269171012994 0.47381032236746173 0.00010627654329521345 -1.2054679906262953 -0.00018838635805321405 0.00012583423014187752 0.9999999743381629 -0.046481036040253554
-0.8553775573527308 0.5180050104669313 0.00020858674695477115 -0.7585458236417075 -0.518005002649601 -0.8553775823415106 9.411471345648953e-05 0.34229631294321194 0.00022717232044777786 -2.754536470161541e-05 0.9999999738169946 -0.3329505418933705
1.0 0.0 0.0 0.0 0.0 1.0 0.0 0.0 0.0 0.0 1.0 0.0
0.47381245247479364 -0.8806257489659524 0.00022391510786024283 0.24762988506896555 0.8806257490370885 0.4738124864514764 0.00013347485317953547 -1.2048462199909267 -0.0002236351665586557 0.00013394336205142896 0.9999999660232434 -0.04693283203448306
-0.8553814007355655 0.5179986709133035 0.00019028324404725546 -0.7586500121317759 -0.517998657806681 -0.8553814218995014 0.00011653181433309088 0.3423099466651909 0.0002231280768004442 1.11268155491849e-06 0.9999999751063114 -0.33253975205147285
1.0 0.0 0.0 0.0 0.0 1.0 0.0 0.0 0.0 0.0 1.0 0.0
0.4738076508988749 -0.8806283422344188 0.00018111639529858636 0.24793246818197545 0.8806283394300606 0.47380767472033075 0.00012316154754306996 -1.2053410326639469 -0.00019427388755002785 0.00010114134691289465 0.999999976014042 -0.046598882265812325
-0.8553793166857848 0.5180021090662513 0.00019897003720548135 -0.7585318224853488 -0.5180020989782499 -0.8553793397003889 0.00010328530569376583 0.3424114006668617 0.00022369686522991284 -1.471878269820736e-05 0.9999999748715345 -0.33289143642584806
1.0 0.0 0.0 0.0 0.0 1.0 0.0 0.0 0.0 0.0 1.0 0.0
0.47379508105183815 -0.8806350894087516 0.0002459128354175509 0.24810916973051178 0.8806350982428655 0.4737951160608425 0.00010834976521847573 -1.2054585993780593 -0.00021192890557809968 0.00016522388818348294 0.9999999638936022 -0.0470289458818548
-0.8553750210193403 0.5180091696912408 0.0002711677606028891 -0.758293376684346 -0.5180091708931468 -0.8553750603057241 7.125709394609873e-05 0.3423310962410566 0.0002688619676482915 -7.951584861093256e-05 0.9999999606952352 -0.3333750495340313
1.0 0.0 0.0 0.0 0.0 1.0 0.0 0.0 0.0 0.0 1.0 0.0
0.47378496204095244 -0.8806405413940701 0.00021586341248354044 0.24724138598099366 0.88064054896026 0.47378498841528244 9.099067271111699e-05 -1.2047720447653276 -0.0001824029196609275 0.00014698806165342807 0.9999999725618418 -0.0460721820093406
-0.8553733999211165 0.518011894073961 0.00015590156145255246 -0.7591124364479356 -0.5180118861219526 -0.855373414123007 9.081810683305603e-05 0.3424747921874278 0.00018039891042357961 -3.075469081202522e-06 0.9999999837233873 -0.3317453981963524
1.0 0.0 0.0 0.0 0.0 1.0 0.0 0.0 0.0 0.0 1.0 0.0
0.4738031076226135 -0.8806307950689255 0.00013410229886105774 0.2477916042565571 0.8806307898263682 0.4738031223426784 0.00011518730650539892 -1.2053563256281787 -0.00016497557722340174 6.351850958261123e-05 0.9999999843742287 -0.04587782143517449
-0.8553779088020594 0.5180044339070163 0.0001989625251405855 -0.7586389395827613 -0.5180044234085706 -0.8553779318405184 0.00010511608785427712 0.3423367476213546 0.00022463875285199094 -1.3149488705116023e-05 0.9999999746822604 -0.3331064348731909
1.0 0.0 0.0 0.0 0.0 1.0 0.0 0.0 0.0 0.0 1.0 0.0
0.4738067350595718 -0.8806288436550058 0.00013241992016739285 0.24761576301428256 0.8806288434370018 0.4738067470862779 8.076092889191653e-05 -1.2048759598641756 -0.00013386185504652432 7.834772910637055e-05 0.9999999879713184 -0.04575443068273066
-0.855375399707709 0.5180085654056734 0.0002274669952393749 -0.7584387297539745 -0.5180085598270716 -0.8553754288673957 8.738307743636108e-05 0.3428217592689915 0.00023983486118959996 -4.308451582232561e-05 0.9999999703114815 -0.33369740632740497
1.0 0.0 0.0 0.0 0.0 1.0 0.0 0.0 0.0 0.0 1.0 0.0
0.4738098853941866 -0.8806271310529388 0.00022035475326920433 0.24761873066537632 0.8806271296165039 0.4738099191778233 0.00013810178260392303 -1.205062419949313 -0.00022602244444472474 0.00012861638408051104 0.9999999661858396 -0.047012126418833344
-0.8553827674733382 0.5179964138512411 0.00019064864589508052 -0.7585650581799452 -0.5179964008532258 -0.8553827887191776 0.00011604355559159019 0.34228400273043214 0.0002231877160382541 5.063453281883856e-07 0.999999975093493 -0.3325302474492563
1.0 0.0 0.0 0.0 0.0 1.0 0.0 0.0 0.0 0.0 1.0 0.0
0.47377782128360246 -0.8806443487228024 0.00032729551591182516 0.24778008150381226 0.8806443616072837 0.47377788540041177 0.00015386622071268674 -1.2052327149646853 -0.00029056679515970557 0.00021533254784870105 0.9999999346014137 -0.04772490376201299
-0.8553655269835879 0.518024873726815 0.00021318631876839997 -0.7584139985182325 -0.5180248777023228 -0.8553655501870425 4.043155317234747e-05 0.3423253359129603 0.0002032967830723637 -7.58520599217791e-05 0.9999999764584412 -0.33269475001249155
1.0 0.0 0.0 0.0 0.0 1.0 0.0 0.0 0.0 0.0 1.0 0.0
0.4738092177367196 -0.8806274928433381 0.00020984797652488752 0.24791988194660952 0.8806274972906845 0.4738092447114161 0.00010315784665174736 -1.2051176070089094 -0.00019027154712551527 0.00013592075975315515 0.9999999726611423 -0.046882111889469225
-0.8553772863423211 0.5180054710628269 0.0001730856022014254 -0.7584540645197357 -0.5180054674745563 -0.855377303288544 6.844914414103416e-05 0.34226934540906573 0.0001835105268037524 -3.1109445113650206e-05 0.9999999826780444 -0.33250391423302517
1.0 0.0 0.0 0.0 0.0 1.0 0.0 0.0 0.0 0.0 1.0 0.0
0.47379287274820775 -0.8806362691665919 0.0002741556949959679 0.2477865809665083 0.8806362839475279 0.47379291313721356 0.00010419233237486028 -1.2053545070612621 -0.00022164857224365414 0.00019206586799007326 0.9999999569913055 -0.047198076768556585
-0.8553771782523597 0.518005612268779 0.0002618837128257276 -0.7584614529442781 -0.5180056082388573 -0.8553772162270478 8.827660235744427e-05 0.3422580950966605 0.00026973713670525555 -6.014744091991744e-05 0.9999999618120805 -0.3332948503719939
1.0 0.0 0.0 0.0 0.0 1.0 0.0 0.0 0.0 0.0 1.0 0.0
0.47380675367638037 -0.8806288203880048 0.00020216993110512603 0.24780645092520892 0.8806288213961189 0.47380678079402955 0.00011575872038248733 -1.2051475136071286 -0.0001977299496103296 0.00012318940463668348 0.9999999728636184 -0.04664915711345352
-0.8553789491556884 0.5180027133204238 0.0002057522539079662 -0.7585482370967238 -0.518002703890514 -0.8553789736611763 0.00010089831545340193 0.34241666074469634 0.0002282617529505912 -2.0273928811783582e-05 0.9999999737427698 -0.332897194415328
1.0 0.0 0.0 0.0 0.0 1.0 0.0 0.0 0.0 0.0 1.0 0.0
0.47381067207511474 -0.8806267093675939 0.0002139535737117244 0.24784406120029523 0.8806267092658976 0.4738107031954762 0.00012831571765204157 -1.205230091555908 -0.0002143717414075948 0.0001276158751349208 0.9999999688794721 -0.046774622386490994
-0.855378258610661 0.518003850573309 0.00021327779604067137 -0.7585112987640006 -0.5180038412427482 -0.855378284865135 0.00010118764287816886 0.3422703764887203 0.00023484878401841845 -2.3925007842809446e-05 0.9999999721368207 -0.33301613039670486
1.0 0.0 0.0 0.0 0.0 1.0 0.0 0.0 0.0 0.0 1.0 0.0
0.47378112166323666 -0.8806426149421522 0.00018303926519555827 0.2473567716839451 0.8806426174706976 0.4737811427829279 9.506661126515987e-05 -1.2046476118706946 -0.00017044026137673447 0.00011615141188379646 0.9999999787294832 -0.04598782997476536
-0.8553689268645087 0.5180192730681077 0.00017800181926492362 -0.7588234841671593 -0.518019270859053 -0.8553689444842071 6.189206607287465e-05 0.3426301772887044 0.000184318511336654 -3.926782248901612e-05 0.9999999822423621 -0.3323146318086636
1.0 0.0 0.0 0.0 0.0 1.0 0.0 0.0 0.0 0.0 1.0 0.0
0.47383242847012846 -0.8806149793569306 0.00029641574354356614 0.24791323280257593 0.8806149592435173 0.4738324981731216 0.0002392311784443908 -1.2050380059877757 -0.0003511219715284305 0.00014767264767166958 0.9999999274530726 -0.04769699693699414
-0.855374047160764 0.5180108139223061 0.00019000885509804622 -0.7583812947647548 -0.5180108106886372 -0.8553740673839323 6.969052199730457e-05 0.34244524192960446 0.00019862909124667355 -3.881517721778414e-05 0.9999999795199327 -0.3329386867297256
1.0 0.0 0.0 0.0 0.0 1.0 0.0 0.0 0.0 0.0 1.0 0.0
0.4738289563395096 -0.8806168751320403 0.00019841091674446899 0.24841212024561443 0.8806168700674106 0.4738289857828689 0.00014277484331696506 -1.2056374178685632 -0.00021974277981853446 0.00010707314549030822 0.9999999701242257 -0.046723034512589745
-0.8553823927506587 0.5179970204248108 0.00022136660809169445 -0.7583805536788795 -0.517997004461584 -0.8553824213823314 0.00012868148594520295 0.34219571760269396 0.00025600973154611657 -4.59536252879686e-06 0.9999999672189493 -0.33346041010494554
1.0 0.0 0.0 0.0 0.0 1.0 0.0 0.0 0.0 0.0 1.0 0.0
0.4737959719110997 -0.8806346022648849 0.00027257032915866547 0.24799257864199653 0.8806346173894364 0.47379601138541394 0.0001012454125384497 -1.205375948949401 -0.00021830294837933117 0.00019206519889515946 0.99999995772739 -0.0472046068633889
-0.8553738433772606 0.5180111252576568 0.0002493497743638832 -0.7583293695902142 -0.5180111255079249 -0.855373876817816 6.861248131075313e-05 0.3422444551937023 0.00024882931183178636 -7.047663542095398e-05 0.9999999665585081 -0.33327459665003323
1.0 0.0 0.0 0.0 0.0 1.0 0.0 0.0 0.0 0.0 1.0 0.0
0.47380039173127425 -0.8806322358759221 0.00023223148923301213 0.24768036885226863 0.8806322416865918 0.4738004245059272 0.00011242798335839958 -1.205187285211692 -0.00020903908454216786 0.00015124211439671047 0.9999999667142414 -0.047443119714839166
-0.8553792639543037 0.5180021981810708 0.00019358866763878583 -0.7585110259914121 -0.5180021901614948 -0.8553792856177971 9.340172881100153e-05 0.3424139076149597 0.00021397403706658084 -2.0385451784921874e-05 0.9999999768997722 -0.33269849041498767
1.0 0.0 0.0 0.0 0.0 1.0 0.0 0.0 0.0 0.0 1.0 0.0
0.4737783298033875 -0.880644093595147 0.00027317521018908604 0.24770198806363197 0.8806441118900055 0.4737783665899899 8.686072541365115e-05 -1.2052610992651154 -0.0002059178896771929 0.00019941741095534505 0.9999999589152586 -0.04739057989232065
-0.8553710649079154 0.5180157187228884 0.00023764323655457332 -0.7583614648243886 -0.5180157224676324 -0.8553710941720613 5.031130708331537e-05 0.34248734477908105 0.0002293352031729292 -8.006809655659798e-05 0.9999999704972318 -0.3329907572329701
1.0 0.0 0.0 0.0 0.0 1.0 0.0 0.0 0.0 0.0 1.0 0.0
0.4738097550625035 -0.8806272030423421 0.00021276614515740658 0.24798665155315192 0.8806272081351506 0.47380978241644844 0.00010187525704656314 -1.2053429838848508 -0.00019052480361475427 0.00013909816580748682 0.9999999721759995 -0.04678110741179897
-0.8553766070662365 0.5180065781218159 0.00021238262519928058 -0.7585587256020307 -0.5180065707179335 -0.8553766328836232 9.278858785732312e-05 0.34243654599124085 0.0002297322337106697 -3.0646407903685504e-05 0.999999973141949 -0.3330345796448793
