1.0 0.0 0.0 0.0 0.0 1.0 0.0 0.0 0.0 0.0 1.0 0.0
0.47380523657690704 -0.8806296363080041 0.0002035886380758146 0.24786193257746447 0.880629638010368 0.47380526364677017 0.00011312976394665863 -1.2052947203826285 -0.00019608679121895704 0.00012568471408109578 0.9999999728766611 -0.04668872275587621
-0.8553781601693271 0.5180040148850769 0.00020896956279123523 -0.7585092517958589 -0.5180040068987981 -0.8553781852667307 9.49030291048557e-05 0.34232256526325244 0.00022790815549741806 -2.7069092415539374e-05 0.9999999736625682 -0.3329752146536776
1.0 0.0 0.0 0.0 0.0 1.0 0.0 0.0 0.0 0.0 1.0 0.0
0.47381242812003005 -0.8806257844540275 0.00010350714610734477 0.2479565424240242 0.8806257781878717 0.47381243788693533 0.00011177944382708815 -1.2054155831884898 -0.0001474788336418981 3.818857139516331e-05 0.9999999883958133 -0.04526387579575808
-0.8553816505247624 0.5179982424890381 0.00022961663983473622 -0.7585322126860952 -0.5179982284161904 -0.8553816812142696 0.00012165828529457503 0.34233051356880395 0.00025942864538343313 -1.4876747773985113e-05 0.9999999662377297 -0.3336854903157198
1.0 0.0 0.0 0.0 0.0 1.0 0.0 0.0 0.0 0.0 1.0 0.0
0.47378369758453637 -0.8806412249426128 0.00020207597062375454 0.24739204225334 0.8806412289860881 0.47378372265597574 9.978034525128554e-05 -1.2050859696560021 -0.00018361099108872662 0.00013068213019923816 0.9999999746045922 -0.04622252750850642
-0.8553739484872691 0.5180109595726183 0.00023240472165663616 -0.7587647719991448 -0.5180109544384862 -0.85537397879909 8.645890715884581e-05 0.3423758953453344 0.0002435796129160924 -4.6433494883008976e-05 0.9999999692564508 -0.3329217459751258
1.0 0.0 0.0 0.0 0.0 1.0 0.0 0.0 0.0 0.0 1.0 0.0
0.4737853866353643 -0.8806403178924344 0.00019471283896600795 0.24732790263067983 0.880640320289306 0.4737854108478177 0.00010367503370375872 -1.2049006019789745 -0.00018355251704523824 0.0001223522609436956 0.9999999756691984 -0.04610621916910618
-0.855375149069552 0.518008982435756 0.00022015929134184262 -0.7588159873973908 -0.5180089752501155 -0.8553751767046199 9.29401232605817e-05 0.3424872475128655 0.00023646261141235778 -3.454581711121687e-05 0.9999999714460095 -0.33275004854341034
1.0 0.0 0.0 0.0 0.0 1.0 0.0 0.0 0.0 0.0 1.0 0.0
0.4738024602214448 -0.880631140437482 0.00015224942128697918 0.2475071199103258 0.8806311397213421 0.4738024763665299 9.561398521187657e-05 -1.204800997202578 -0.00015633680567004885 8.877343996490447e-05 0.9999999838390397 -0.045664941308916296
-0.8553743940897479 0.5180102455976499 0.00017717634907331173 -0.7589635916125275 -0.5180102370406013 -0.8553744123721103 9.47639532085065e-05 0.3427456305943535 0.00020064081415016076 -1.0720503524178298e-05 0.999999979814167 -0.3323888075222745
1.0 0.0 0.0 0.0 0.0 1.0 0.0 0.0 0.0 0.0 1.0 0.0
0.47380523657690704 -0.8806296363080041 0.0002035886380758146 0.24786193257746447 0.880629638010368 0.47380526364677017 0.00011312976394665863 -1.2052947203826285 -0.00019608679121895704 0.00012568471408109578 0.9999999728766611 -0.04668872275587621
-0.8553781601693271 0.5180040148850769 0.00020896956279123523 -0.7585092517958589 -0.5180040068987981 -0.8553781852667307 9.49030291048557e-05 0.34232256526325244 0.00022790815549741806 -2.7069092415539374e-05 0.9999999736625682 -0.3329752146536776
1.0 0.0 0.0 0.0 0.0 1.0 0.0 0.0 0.0 0.0 1.0 0.0
0.4738225376805314 -0.8806203242402957 0.00021753366846226398 0.2480201700510385 0.88062032433661 0.47382256973047976 0.0001295348896376847 -1.2052942615078415 -0.00021714341830684605 0.0001301880195490733 0.9999999679499069 -0.04665446264417372
-0.8553702269597618 0.5180171335641303 0.00015545033404378678 -0.7585500992192671 -0.5180171347993842 -0.8553702396066946 3.534716394883002e-05 0.3423718925388761 0.00015127802602636197 -5.0291024995672893e-05 0.9999999872928856 -0.3322927388308613
1.0 0.0 0.0 0.0 0.0 1.0 0.0 0.0 0.0 0.0 1.0 0.0
0.4738165432468537 -0.8806235587026668 0.0001766449897490409 0.2481202029751266 0.8806235621294786 0.47381656216224616 8.510663079737802e-05 -1.2052240380845163 -0.00015864422584805426 0.00011523281049332196 0.9999999807767043 -0.046577786711612834
-0.8553713541825504 0.5180152663560494 0.00017397120782001882 -0.7585821598520965 -0.5180152642254435 -0.855371371017661 6.060372619517979e-05 0.34274455394269676 0.00018020364591777967 -3.8281049842430965e-05 0.9999999830306034 -0.3326321932963014
1.0 0.0 0.0 0.0 0.0 1.0 0.0 0.0 0.0 0.0 1.0 0.0
0.47380523657690704 -0.8806296363080041 0.0002035886380758146 0.24786193257746447 0.880629638010368 0.47380526364677017 0.00011312976394665863 -1.2052947203826285 -0.00019608679121895704 0.00012568471408109578 0.9999999728766611 -0.04668872275587621
-0.8553781601693271 0.5180040148850769 0.00020896956279123523 -0.7585092517958589 -0.5180040068987981 -0.8553781852667307 9.49030291048557e-05 0.34232256526325244 0.00022790815549741806 -2.7069092415539374e-05 0.9999999736625682 -0.3329752146536776
1.0 0.0 0.0 0.0 0.0 1.0 0.0 0.0 0.0 0.0 1.0 0.0
0.47380339898683216 -0.8806306315962309 0.00017263530053161107 0.24798027157658709 0.8806306270300606 0.4738034216277071 0.0001280254671124499 -1.2057286636557212 -0.00019453834404923543 9.13690314799144e-05 0.9999999769032661 -0.046721359357442815
-0.8553805777097403 0.5180000256680892 0.0002017047575984365 -0.7583761343650135 -0.5180000168622434 -0.8553806012371525 9.776442501751007e-05 0.34226548068660456 0.00022317631149543785 -2.0857277486239834e-05 0.9999999748786537 -0.33297906368627284
1.0 0.0 0.0 0.0 0.0 1.0 0.0 0.0 0.0 0.0 1.0 0.0
0.47379934716669986 -0.8806327846155354 0.00027800125265424095 0.24790121309575497 0.880632798738026 0.4737993896150473 0.00011039583314768397 -1.2053127354381292 -0.00022893501377459408 0.0001925115475022843 0.9999999552640306 -0.04733473998893456
-0.8553813717388793 0.5179986833627023 0.00027003077706666225 -0.7583045028090805 -0.5179986754702989 -0.8553814128376679 0.00010384050831779189 0.34225033236401714 0.00028476855418526123 -5.105234840981972e-05 0.9999999581502633 -0.3336139235698591
1.0 0.0 0.0 0.0 0.0 1.0 0.0 0.0 0.0 0.0 1.0 0.0
0.47380846798120607 -0.8806278910540375 0.00023057974970801988 0.24801819793444402 0.880627894355032 0.4738085019748871 0.00012304525642123108 -1.205277245276772 -0.00021760773046133305 0.000144755075028989 0.9999999658464215 -0.047719808719267176
-0.855380781887281 0.5179996868585575 0.0002058940007481412 -0.7584035066052106 -0.5179996761341131 -0.8553808065263172 0.00010654267036533885 0.3423313619961661 0.0002313068463051902 -1.551847302403062e-05 0.9999999731281595 -0.33322008644028
1.0 0.0 0.0 0.0 0.0 1.0 0.0 0.0 0.0 0.0 1.0 0.0
0.47380339898683216 -0.8806306315962309 0.00017263530053161107 0.24798027157658709 0.8806306270300606 0.4738034216277071 0.0001280254671124499 -1.2057286636557212 -0.00019453834404923543 9.13690314799144e-05 0.9999999769032661 -0.046721359357442815
-0.8553805777097403 0.5180000256680892 0.0002017047575984365 -0.7583761343650135 -0.5180000168622434 -0.8553806012371525 9.776442501751007e-05 0.34226548068660456 0.00022317631149543785 -2.0857277486239834e-05 0.9999999748786537 -0.33297906368627284
1.0 0.0 0.0 0.0 0.0 1.0 0.0 0.0 0.0 0.0 1.0 0.0
0.4738028180275795 -0.880630935482091 0.00021237010379515677 0.24781278291373177 0.8806309384693809 0.4738028467392726 0.00011239349713097844 -1.205389493814704 -0.00019959875026101108 0.0001337673281393328 0.99999997113332 -0.047052032203300787
-0.8553788476239883 0.5180028782048475 0.00021262396746021537 -0.7584245699596313 -0.5180028706558866 -0.8553788735170001 9.345078332891961e-05 0.3424284296431441 0.00023028182450371702 -3.0204002161182668e-05 0.9999999730289993 -0.33305578221644594
1.0 0.0 0.0 0.0 0.0 1.0 0.0 0.0 0.0 0.0 1.0 0.0
0.4737983513890636 -0.880633318411748 0.0002841199014434141 0.24797061747293547 0.8806333375240433 0.4737983918318947 9.348141584193805e-05 -1.2055569281334702 -0.00021693840183404397 0.00020591411635369178 0.9999999552685521 -0.047033591448265244
-0.8553762326987971 0.5180071724226435 0.0002642966346334451 -0.7585064519108524 -0.518007169241029 -0.8553762711650961 8.568893178172447e-05 0.3422232472486293 0.0002704605510744132 -6.36112758949635e-05 0.999999961402347 -0.3332486257749063
1.0 0.0 0.0 0.0 0.0 1.0 0.0 0.0 0.0 0.0 1.0 0.0
0.4738076508988749 -0.8806283422344188 0.00018111639529858636 0.24793246818197545 0.8806283394300606 0.47380767472033075 0.00012316154754306996 -1.2053410326639469 -0.00019427388755002785 0.00010114134691289465 0.999999976014042 -0.046598882265812325
-0.8553793166857848 0.5180021090662513 0.00019897003720548135 -0.7585318224853488 -0.5180020989782499 -0.8553793397003889 0.00010328530569376583 0.3424114006668617 0.00022369686522991284 -1.471878269820736e-05 0.9999999748715345 -0.33289143642584806
1.0 0.0 0.0 0.0 0.0 1.0 0.0 0.0 0.0 0.0 1.0 0.0
0.47376911174861513 -0.8806490786522769 0.0001703579329575863 0.24743121707021132 0.880649073152154 0.47376913427850703 0.00013176208744544615 -1.2048675722669415 -0.00019674649132492985 8.760074863204725e-05 0.9999999768084633 -0.046080329409900145
-0.855356203903249 0.5180402975802301 0.00012052887755169327 -0.7589298876923927 -0.5180402979344975 -0.8553562116298343 3.0695200410416544e-05 0.3425217635711233 0.00011899647484950828 -3.6183485535484454e-05 0.9999999922652973 -0.33184879094397707
1.0 0.0 0.0 0.0 0.0 1.0 0.0 0.0 0.0 0.0 1.0 0.0
0.4738007808016711 -0.8806320104383661 0.00028688500668684445 0.24774445937441314 0.8806320223414668 0.47380082854164884 0.00012688587056349795 -1.205117584558372 -0.0002476661131549585 0.00019252149907239064 0.9999999507984831 -0.04725575835100482
-0.8553780463064501 0.5180041775253644 0.00026450563645407803 -0.7584964056486623 -0.518004168772129 -0.8553780859438976 0.00010593229453645699 0.3422997347154517 0.000281125696136196 -4.6402863205584486e-05 0.9999999594075577 -0.33326911454891484
1.0 0.0 0.0 0.0 0.0 1.0 0.0 0.0 0.0 0.0 1.0 0.0
0.47381623993616256 -0.8806237100343067 0.00022825023487268726 0.24794476349428507 0.8806237133331618 0.4738162732035116 0.00012150246055117238 -1.2052644618007022 -0.00021514662323407325 0.00014343273040140183 0.9999999665694905 -0.04711594785519546
-0.8553793121282702 0.5180021005301625 0.00023712719552436195 -0.7583898307121864 -0.518002090841422 -0.855379344371747 0.00010538536937166563 0.342301174982218 0.0002574235477400148 -3.268791831546169e-05 0.9999999663323079 -0.3334699088331746
1.0 0.0 0.0 0.0 0.0 1.0 0.0 0.0 0.0 0.0 1.0 0.0
0.47382221019219917 -0.8806205227958872 8.92147832170637e-05 0.2479049410686862 0.8806205175150869 0.47382221760178206 0.00010118492668769328 -1.2052227574203283 -0.00013137746946555333 3.062070296530804e-05 0.9999999909011666 -0.04422254284703453
-0.8553825881239913 0.5179966825281633 0.0002546058142738131 -0.7586350583456714 -0.5179966653889423 -0.8553826258473122 0.0001343297917289953 0.34216584951716733 0.00028736777644984687 -1.6981597871169428e-05 0.9999999585656923 -0.3339188941107236
