1.0 0.0 0.0 0.0 0.0 1.0 0.0 0.0 0.0 0.0 1.0 0.0
0.47379265808021026 -0.8806363722534396 0.0003114700472222173 0.2478115548424462 0.8806363939386673 0.47379270788405964 0.00010782667391537317 -1.2056674947896155 -0.00024252832804718053 0.00022320437275936248 0.9999999456799076 -0.04783510354545284
-0.8553840010946148 0.5179943401562486 0.0002724655213686315 -0.758189231621488 -0.5179943362081944 -0.855384042106576 9.03639705418344e-05 0.34199733664355136 0.000279870684297689 -6.38397022040934e-05 0.9999999587984454 -0.3333453105914813
1.0 0.0 0.0 0.0 0.0 1.0 0.0 0.0 0.0 0.0 1.0 0.0
0.473806200919516 -0.8806291129244282 0.00022235140848220184 0.24771546275513856 0.8806291130862471 0.47380623436845626 0.00013213066507799032 -1.2052497402611086 -0.00022170959393721292 0.000133204795199583 0.9999999665506687 -0.04708532207081573
-0.8553809533866287 0.517999407789926 0.000195224658397855 -0.7585009328958936 -0.5179993978811933 -0.8553809755555073 0.00010223712263416971 0.34218180810292864 0.0002199502277314825 -1.3674568071325745e-05 0.9999999757174517 -0.33267363412806406
1.0 0.0 0.0 0.0 0.0 1.0 0.0 0.0 0.0 0.0 1.0 0.0
0.47381978700588545 -0.8806217835860648 0.0002893361291642539 0.2485911932149456 0.8806218028673116 0.4738198294548476 9.762225316095042e-05 -1.2060794994285544 -0.00022306147807202287 0.00020854034849951912 0.9999999533772489 -0.047192467403350036
-0.8553857869686483 0.5179913643383296 0.0003192537273035193 -0.7579853593971322 -0.5179913570686174 -0.8553858436816826 0.00011149523763192987 0.34188210133733854 0.0003308386891362313 -6.999922987012197e-05 0.9999999428229334 -0.3344687127366136
1.0 0.0 0.0 0.0 0.0 1.0 0.0 0.0 0.0 0.0 1.0 0.0
0.47379456986759794 -0.8806353567417571 0.0002720667129771981 0.24774634326274558 0.8806353706649853 0.4737946101871237 0.00010626088556295583 -1.2052074240963906 -0.00022248083508535427 0.00018924574005922966 0.999999957344163 -0.047161605998156664
-0.8553781636978566 0.5180039879539479 0.00025599353526789174 -0.7584927511590731 -0.5180039820164485 -0.8553782004188942 9.414476649385063e-05 0.34235445001511877 0.00026773865400512957 -5.2076293153961495e-05 0.9999999628020358 -0.33320565867024676
1.0 0.0 0.0 0.0 0.0 1.0 0.0 0.0 0.0 0.0 1.0 0.0
0.4737983513890636 -0.880633318411748 0.0002841199014434141 0.24797061747293547 0.8806333375240433 0.4737983918318947 9.348141584193805e-05 -1.2055569281334702 -0.00021693840183404397 0.00020591411635369178 0.9999999552685521 -0.047033591448265244
-0.8553762326987971 0.5180071724226435 0.0002642966346334451 -0.7585064519108524 -0.518007169241029 -0.8553762711650961 8.568893178172447e-05 0.3422232472486293 0.0002704605510744132 -6.36112758949635e-05 0.999999961402347 -0.3332486257749063
1.0 0.0 0.0 0.0 0.0 1.0 0.0 0.0 0.0 0.0 1.0 0.0
0.47380582380343544 -0.8806293225004056 0.00019411961451551858 0.24787300732243978 0.8806293248692212 0.47380584787724034 0.00010342973249129286 -1.205161945450648 -0.0001830582637953358 0.00012194181546587132 0.9999999758099325 -0.04657970957365354
-0.855373529755575 0.5180116727366464 0.00017748822183349835 -0.7585112928596836 -0.5180116703813801 -0.8553735473071904 6.257640045985539e-05 0.3424238918961935 0.000184234035791004 -3.841477372424438e-05 0.9999999822910625 -0.3325933010878181
1.0 0.0 0.0 0.0 0.0 1.0 0.0 0.0 0.0 0.0 1.0 0.0
0.4738089076647368 -0.8806276401238753 0.00028012033689494144 0.24818614896501145 0.8806276580203285 0.47380894761706427 9.53291197843123e-05 -1.205664708316256 -0.00021667297982107725 0.0002015139301300088 0.999999956222477 -0.04696436373085444
-0.855380584869951 0.5179999750455421 0.00028439472384489276 -0.7583556902785205 -0.5179999698311158 -0.8553806297553846 9.743842008566924e-05 0.34218405321743184 0.0002937388371544149 -6.396952561009956e-05 0.9999999548126967 -0.3335878713429192
1.0 0.0 0.0 0.0 0.0 1.0 0.0 0.0 0.0 0.0 1.0 0.0
0.473789276677039 -0.8806382240467873 0.00019913203790565353 0.24746170997559958 0.8806382292141123 0.47378930011331255 9.134971500219269e-05 -1.2050807702097774 -0.00017479267965616555 0.0001320827698454911 0.9999999760008302 -0.0458213759763757
-0.8553731569005402 0.5180122715091873 0.0002214043710271213 -0.7589315364340781 -0.5180122651682388 -0.8553731847066711 8.955466515552519e-05 0.3424847930743997 0.00023577377747490848 -3.808752310464915e-05 0.9999999714800327 -0.3326655406739718
1.0 0.0 0.0 0.0 0.0 1.0 0.0 0.0 0.0 0.0 1.0 0.0
0.4738145905018817 -0.880624615081598 0.00014539574212090408 0.2476914062427209 0.8806246099012909 0.47381460741463094 0.00011931772013041966 -1.2049658151844609 -0.00017396474783504132 7.150459198331795e-05 0.9999999823116799 -0.045347417837474535
-0.8553794626874485 0.5180018648153093 0.0002070275210541425 -0.7587948113222929 -0.5180018512048297 -0.8553794877228363 0.00011887551064054572 0.34235139589265984 0.00023866483109649285 -5.55696873798737e-06 0.999999971504109 -0.3329880904204634
1.0 0.0 0.0 0.0 0.0 1.0 0.0 0.0 0.0 0.0 1.0 0.0
0.47381670014086513 -0.880623468465344 0.00020360670184790342 0.2481930517593387 0.8806234749526368 0.47381672380021866 8.723285434091149e-05 -1.2052980014059624 -0.00017329155916716914 0.0001379684581172694 0.9999999754673697 -0.046792665052966975
-0.8553737212474574 0.5180113477489116 0.000201500950552171 -0.7583781835969479 -0.5180113449426975 -0.8553737438210915 6.99438888864951e-05 0.3424801355286249 0.00020859035060621028 -4.455161388740092e-05 0.9999999772526094 -0.3331637706881237
1.0 0.0 0.0 0.0 0.0 1.0 0.0 0.0 0.0 0.0 1.0 0.0
0.47380246795678244 -0.8806311178330672 0.0002359282579644627 0.2476985297995693 0.8806311252430441 0.47380250073564933 0.00010747006303539491 -1.2049631486626344 -0.00020642488036221138 0.00015684618619022685 0.9999999663940208 -0.04734940166707191
-0.855377804533183 0.5180046082124393 0.0001933459802157342 -0.7586008917371991 -0.5180046001148498 -0.8553778261516748 9.374374506824062e-05 0.34243813618486296 0.00021394355618853348 -1.9967788320275154e-05 0.9999999769147206 -0.33270578972955556
1.0 0.0 0.0 0.0 0.0 1.0 0.0 0.0 0.0 0.0 1.0 0.0
0.47379805412108955 -0.8806334796758877 0.0002799732254117524 0.24794510685430637 0.8806334945871214 0.4737980966756462 0.00010861772119311633 -1.20547402417629 -0.00022830318308899184 0.0001950909349408111 0.999999954908591 -0.047370331966368195
-0.8553806006446117 0.5179999536919984 0.0002757099038662289 -0.7582707392075676 -0.5179999475814658 -0.8553806430852688 9.869463903242778e-05 0.3421458661132455 0.00028696073332251947 -5.83962361344347e-05 0.9999999571217077 -0.33370412678366496
1.0 0.0 0.0 0.0 0.0 1.0 0.0 0.0 0.0 0.0 1.0 0.0
0.47381879672453303 -0.8806223390932169 0.0002091901184954854 0.2479363520024478 0.8806223383004135 0.4738188268830899 0.00012875342378546796 -1.2052356471955292 -0.00021250135776128252 0.00012321169896663663 0.9999999698310247 -0.046505193930540645
-0.8553790152945195 0.5180026018189668 0.00021142979450780068 -0.7585957171151243 -0.5180025900660257 -0.8553790413045769 0.00011127332509043766 0.34233246095646397 0.0002384924868391964 -1.4340313927763033e-05 0.9999999714578439 -0.3329182644500198
1.0 0.0 0.0 0.0 0.0 1.0 0.0 0.0 0.0 0.0 1.0 0.0
0.47380439675799274 -0.8806300851393675 0.00021624113012701368 0.24768484558437187 0.8806300881224491 0.4738044266021953 0.00011500266049714852 -1.2049368136134824 -0.00020373080737249598 0.00013593967929704124 0.9999999700070805 -0.04691623781769361
-0.8553797677848863 0.518001369614572 0.00018423273850438047 -0.7586352144342143 -0.5180013596294816 -0.8553797875861541 0.00010203467832390462 0.34239296909667694 0.00021044306384825832 -8.15440958282411e-06 0.9999999778236112 -0.332510469528166
1.0 0.0 0.0 0.0 0.0 1.0 0.0 0.0 0.0 0.0 1.0 0.0
0.47381562870803173 -0.8806240476281612 0.00019165334989155468 0.24822447909023637 0.8806240394375794 0.47381565775587714 0.0001537205414766333 -1.2058565324874788 -0.00022617836347872642 9.593935214815599e-05 0.9999999698194939 -0.04713306551102736
-0.8553847752097123 0.5179930869147961 0.00021965407019496427 -0.7581374189398122 -0.5179930731624207 -0.8553848033384799 0.00011988887563355674 0.3420624648583619 0.0002499903624123901 -1.1228167918970222e-05 0.999999968689373 -0.333537777447113
1.0 0.0 0.0 0.0 0.0 1.0 0.0 0.0 0.0 0.0 1.0 0.0
0.47379751302960027 -0.8806337994031744 0.00016731914289284925 0.2474736207229551 0.8806337992094248 0.4737975321403234 0.00010113216292185821 -1.204888672719866 -0.00016833579785820307 9.943072520651561e-05 0.9999999808882949 -0.046132099537135374
-0.8553748765961843 0.5180094449335135 0.0001882756895229114 -0.7587964172020474 -0.5180094375207182 -0.8553748970702207 9.000877006779962e-05 0.34258415934730024 0.0002076716915684565 -2.0537343439269076e-05 0.9999999782253427 -0.3326508621074364
1.0 0.0 0.0 0.0 0.0 1.0 0.0 0.0 0.0 0.0 1.0 0.0
0.47380246795678244 -0.8806311178330672 0.0002359282579644627 0.2476985297995693 0.8806311252430441 0.47380250073564933 0.00010747006303539491 -1.2049631486626344 -0.00020642488036221138 0.00015684618619022685 0.9999999663940208 -0.04734940166707191
-0.855377804533183 0.5180046082124393 0.0001933459802157342 -0.7586008917371991 -0.5180046001148498 -0.8553778261516748 9.374374506824062e-05 0.34243813618486296 0.00021394355618853348 -1.9967788320275154e-05 0.9999999769147206 -0.33270578972955556
1.0 0.0 0.0 0.0 0.0 1.0 0.0 0.0 0.0 0.0 1.0 0.0
0.47380302050072826 -0.8806308295190638 0.0001996620897332447 0.24785829661761127 0.880630829907497 0.473803047315758 0.00011734877002814861 -1.2054998385361522 -0.00019794145124196725 0.00012022839009146415 0.9999999731821576 -0.04674999151160619
-0.855379821203376 0.5180012720106336 0.0002089819250877752 -0.7584168562059812 -0.5180012640294673 -0.8553798463029946 9.488171243464203e-05 0.34228666248582584 0.00022790777469337055 -2.7092999136963784e-05 0.9999999736620074 -0.33297487382201796
1.0 0.0 0.0 0.0 0.0 1.0 0.0 0.0 0.0 0.0 1.0 0.0
0.4737959956718983 -0.8806346179365068 0.00015548986088529098 0.2472941349018214 0.880634615378242 0.4737960134811386 0.0001086600037018383 -1.2045859667174454 -0.00016936023706912975 8.544707919230557e-05 0.9999999820079535 -0.04585695075419438
-0.8553777175917983 0.5180047693508992 0.0001384816561787758 -0.7589507344247437 -0.5180047603436597 -0.8553777287245741 9.727947637687893e-05 0.34252098545337084 0.0001688453572554058 1.1476539350895456e-05 0.9999999856797671 -0.33175104334279293
1.0 0.0 0.0 0.0 0.0 1.0 0.0 0.0 0.0 0.0 1.0 0.0
0.47380675367638037 -0.8806288203880048 0.00020216993110512603 0.24780645092520892 0.8806288213961189 0.47380678079402955 0.00011575872038248733 -1.2051475136071286 -0.0001977299496103296 0.00012318940463668348 0.9999999728636184 -0.04664915711345352
-0.8553789491556884 0.5180027133204238 0.0002057522539079662 -0.7585482370967238 -0.518002703890514 -0.8553789736611763 0.00010089831545340193 0.34241666074469634 0.0002282617529505912 -2.0273928811783582e-05 0.9999999737427698 -0.332897194415328
