1.0 0.0 0.0 0.0 0.0 1.0 0.0 0.0 0.0 0.0 1.0 0.0
0.4737723439990846 -0.8806473396994425 0.00017071001226334382 0.24728661744437375 0.8806473431826085 0.4737723614579545 8.039879784511968e-05 -1.2047039221177176 -0.0001516806730718634 0.00011224459184459509 0.9999999821970622 -0.04634388035672432
-0.8553672532577008 0.5180220626876719 6.799401486985208e-05 -0.758915026492538 -0.5180220599888581 -0.8553672558897994 5.400419538540794e-05 0.3425847025875779 8.613521860349033e-05 1.0971020621414417e-05 0.9999999962301805 -0.33119549542850285
1.0 0.0 0.0 0.0 0.0 1.0 0.0 0.0 0.0 0.0 1.0 0.0
0.4738032217698118 -0.8806307244096426 0.00018511157463739134 0.24794343353910797 0.8806307220163543 0.4738032463713044 0.0001231623583061183 -1.2056322412745608 -0.0001961670218192161 0.00010466021746030704 0.9999999752823687 -0.047025305751384305
-0.8553797240432391 0.5180014339328399 0.00020527843132970352 -0.758381512237051 -0.5180014255216405 -0.8553797483409993 9.636201760963522e-05 0.3424156368938025 0.0002255066762290989 -2.3908404026457142e-05 0.9999999742875632 -0.3330606159372814
1.0 0.0 0.0 0.0 0.0 1.0 0.0 0.0 0.0 0.0 1.0 0.0
0.47380223592286713 -0.8806312485945128 0.00021268136087976793 0.2476688912071996 0.8806312501927215 0.47380226563036 0.00011944681762305178 -1.2051542572943044 -0.00020595751078621478 0.00013069968346056905 0.9999999702495477 -0.04699422434020872
-0.8553811846574831 0.5179990297677743 0.0001846445331232718 -0.7585496615173462 -0.5179990198967679 -0.8553812045409395 0.00010150901231759784 0.34237038961118405 0.00021052303304807424 -8.816787977508904e-06 0.9999999778011579 -0.33249997263908554
1.0 0.0 0.0 0.0 0.0 1.0 0.0 0.0 0.0 0.0 1.0 0.0
0.4738219366009896 -0.8806206560965145 0.00018014392175606802 0.24818108819689222 0.8806206585655638 0.4738219570437394 9.343872256909934e-05 -1.205386594549576 -0.00016764021472961206 0.00011436514253220126 0.9999999794086859 -0.04616650393798527
-0.8553760064993468 0.5180075774165569 0.00019298771851221057 -0.7584469833849337 -0.5180075735375343 -0.8553760274642532 7.346583234389283e-05 0.342406406115523 0.00020313292584572254 -3.712818950458621e-05 0.9999999786792557 -0.33281852740508605
1.0 0.0 0.0 0.0 0.0 1.0 0.0 0.0 0.0 0.0 1.0 0.0
0.473810296835391 -0.8806269145238453 0.00020007241119448827 0.2480297734449941 0.8806269171012994 0.47381032236746173 0.00010627654329521345 -1.2054679906262953 -0.00018838635805321405 0.00012583423014187752 0.9999999743381629 -0.046481036040253554
-0.8553775573527308 0.5180050104669313 0.00020858674695477115 -0.7585458236417075 -0.518005002649601 -0.8553775823415106 9.411471345648953e-05 0.34229631294321194 0.00022717232044777786 -2.754536470161541e-05 0.9999999738169946 -0.3329505418933705
1.0 0.0 0.0 0.0 0.0 1.0 0.0 0.0 0.0 0.0 1.0 0.0
0.4737895034185156 -0.8806381063740063 0.00017903195325417692 0.24752818994401693 0.8806381082539395 0.4737895239853325 9.619081903575579e-05 -1.205270007592075 -0.00016953276463666986 0.00011208816024639154 0.9999999793474429 -0.04587468330951716
-0.8553765847241842 0.5180065882583068 0.00026986400168753236 -0.7586267347854818 -0.5180065835830655 -0.8553766251358424 9.238948963616832e-05 0.34225493544049 0.00027869372332649576 -6.076352343681747e-05 0.9999999593188008 -0.3334603479141005
1.0 0.0 0.0 0.0 0.0 1.0 0.0 0.0 0.0 0.0 1.0 0.0
0.47380300771519196 -0.8806308321239978 0.0002176984908366818 0.247754420482039 0.8806308356635864 0.47380303761524056 0.00011324762423584241 -1.205116486207757 -0.00020287555580955115 0.00013805493892866732 0.9999999698911709 -0.046952110942587666
-0.8553787741442104 0.5180030082340397 0.0001902735769972917 -0.758583093138828 -0.518002999869193 -0.8553787951270809 9.472835342270072e-05 0.34229496358772415 0.00021182555507448454 -1.7533660853030715e-05 0.9999999774112522 -0.3326432910495931
1.0 0.0 0.0 0.0 0.0 1.0 0.0 0.0 0.0 0.0 1.0 0.0
0.47379005002978053 -0.8806378067756094 0.00020437764546825106 0.24755440324768685 0.8806378172041108 0.47379007043724214 6.375776399891117e-05 -1.204587009711771 -0.0001529795964951137 0.0001497748893956464 0.9999999770823622 -0.04608453543302682
-0.8553668656674323 0.5180226610586406 0.00021851315087042085 -0.7588053672395976 -0.5180226602158006 -0.8553668916304543 6.484905460912335e-05 0.34284726393472376 0.00022050219447616024 -5.7725031123527624e-05 0.9999999740233011 -0.33300268780933734
1.0 0.0 0.0 0.0 0.0 1.0 0.0 0.0 0.0 0.0 1.0 0.0
0.4738112631006665 -0.8806263942076654 0.00020194988502560585 0.24809191478608028 0.8806263939470913 0.47381129092784174 0.00012195504838050584 -1.2055373464092831 -0.00020308297023745417 0.00012005872349345516 0.9999999721716047 -0.04700132344152952
-0.8553816545594229 0.5179982485773694 0.00019878119012654093 -0.7584197681714144 -0.5179982388604095 -0.8553816775060478 0.00010160931494901546 0.3421475663871636 0.00022266723504982047 -1.605356246438671e-05 0.9999999750807926 -0.3329241649290351
1.0 0.0 0.0 0.0 0.0 1.0 0.0 0.0 0.0 0.0 1.0 0.0
0.47380523657690704 -0.8806296363080041 0.0002035886380758146 0.24786193257746447 0.880629638010368 0.47380526364677017 0.00011312976394665863 -1.2052947203826285 -0.00019608679121895704 0.00012568471408109578 0.9999999728766611 -0.04668872275587621
-0.8553781601693271 0.5180040148850769 0.00020896956279123523 -0.7585092517958589 -0.5180040068987981 -0.8553781852667307 9.49030291048557e-05 0.34232256526325244 0.00022790815549741806 -2.7069092415539374e-05 0.9999999736625682 -0.3329752146536776
1.0 0.0 0.0 0.0 0.0 1.0 0.0 0.0 0.0 0.0 1.0 0.0
0.4737981117223794 -0.8806334802249715 0.0001511130762968688 0.2475410232038211 0.8806334779803444 0.4737981284560015 0.00010455539932946033 -1.2050475619861079 -0.00016367207792249936 8.353708317494016e-05 0.999999983116503 -0.04579693743099522
-0.8553758852202783 0.5180077808541109 0.00018427757217457058 -0.7587678550757726 -0.5180077731884091 -0.8553759048863228 9.086412469717472e-05 0.34242951360326224 0.00020469491864270192 -1.7734233713101145e-05 0.9999999788927433 -0.3325733914248321
1.0 0.0 0.0 0.0 0.0 1.0 0.0 0.0 0.0 0.0 1.0 0.0
0.47382034643459997 -0.8806215003255313 0.00022906113572511742 0.2479721390528038 0.8806215013385551 0.4738203814200389 0.00013240543076291838 -1.2050478193457552 -0.00022513290378746792 0.00013897977416665029 0.9999999649998985 -0.046965190947664825
-0.855383162668503 0.5179957542273562 0.00020886756679392972 -0.7585406413949904 -0.5179957392020783 -0.8553831881679039 0.0001247726095881909 0.342152613196542 0.00024329348719961063 -1.4641202528088583e-06 0.9999999704030671 -0.3329735607808201
1.0 0.0 0.0 0.0 0.0 1.0 0.0 0.0 0.0 0.0 1.0 0.0
0.47381078383160946 -0.8806266166675825 0.0003211564766747093 0.24844376931133993 0.8806266450503647 0.4738108315619627 8.900505862503415e-05 -1.2058021210362497 -0.00023054764091801468 0.00024064739399813712 0.9999999444683071 -0.04762905063330469
-0.8553821838305911 0.5179973316556911 0.00028979784971348556 -0.7582055171811435 -0.5179973267000044 -0.8553822303366599 9.775443737998374e-05 0.34235499358596577 0.00029852446875502654 -6.649710730977437e-05 0.9999999532306373 -0.33377275442902654
1.0 0.0 0.0 0.0 0.0 1.0 0.0 0.0 0.0 0.0 1.0 0.0
0.47379287274820775 -0.8806362691665919 0.0002741556949959679 0.2477865809665083 0.8806362839475279 0.47379291313721356 0.00010419233237486028 -1.2053545070612621 -0.00022164857224365414 0.00019206586799007326 0.9999999569913055 -0.047198076768556585
-0.8553771782523597 0.518005612268779 0.0002618837128257276 -0.7584614529442781 -0.5180056082388573 -0.8553772162270478 8.827660235744427e-05 0.3422580950966605 0.00026973713670525555 -6.014744091991744e-05 0.9999999618120805 -0.3332948503719939
1.0 0.0 0.0 0.0 0.0 1.0 0.0 0.0 0.0 0.0 1.0 0.0
0.47380846798120607 -0.8806278910540375 0.00023057974970801988 0.24801819793444402 0.880627894355032 0.4738085019748871 0.00012304525642123108 -1.205277245276772 -0.00021760773046133305 0.000144755075028989 0.9999999658464215 -0.047719808719267176
-0.855380781887281 0.5179996868585575 0.0002058940007481412 -0.7584035066052106 -0.5179996761341131 -0.8553808065263172 0.00010654267036533885 0.3423313619961661 0.0002313068463051902 -1.551847302403062e-05 0.9999999731281595 -0.33322008644028
1.0 0.0 0.0 0.0 0.0 1.0 0.0 0.0 0.0 0.0 1.0 0.0
0.47381159778531207 -0.8806262141294744 0.00020197058761262112 0.2479832290234949 0.8806262198818201 0.4738116215607204 9.017015570017834e-05 -1.2051895455028125 -0.0001751022144660114 0.00013513692955175705 0.9999999755386121 -0.046839763167830006
-0.8553737951279747 0.518011227072477 0.00019807885381419122 -0.7583814010827759 -0.5180112254332013 -0.8553738166989366 6.349084483868376e-05 0.342498128881747 0.00020232043563715135 -4.829866489114632e-05 0.9999999783668398 -0.3329976875540625
1.0 0.0 0.0 0.0 0.0 1.0 0.0 0.0 0.0 0.0 1.0 0.0
0.4738255545523091 -0.8806187040822925 0.00020463044761708776 0.24813867580545157 0.8806187030640245 0.47382558356012544 0.00012719175699764325 -1.2054530081312818 -0.00020896658147354644 0.00011993469459408014 0.9999999709743178 -0.046416017788331376
-0.8553815383889869 0.5179984275450562 0.00022987852920741878 -0.7584588465764988 -0.5179984144631331 -0.855381569082957 0.00011784251298713702 0.3421972356321463 0.00025767609343721443 -1.8276403601997278e-05 0.9999999666345014 -0.3332764836696944
1.0 0.0 0.0 0.0 0.0 1.0 0.0 0.0 0.0 0.0 1.0 0.0
0.4738068130213729 -0.8806287818362476 0.00022920762619728268 0.24789680964147642 0.8806287858319105 0.47380684611737645 0.0001188970960696065 -1.2051972859847426 -0.00021330434735022567 0.00014551257939528868 0.9999999666636719 -0.04722949824381373
-0.8553811856902835 0.5179990187087139 0.00020924601261566674 -0.7584310081215424 -0.5179990086297357 -0.8553812110630885 0.0001040137218160071 0.3421949484959832 0.00023286411351424106 -1.9417846399601977e-05 0.9999999726986256 -0.3330949358188042
1.0 0.0 0.0 0.0 0.0 1.0 0.0 0.0 0.0 0.0 1.0 0.0
0.47380889757904304 -0.8806276679938871 0.00019732860954810774 0.2480544943534806 0.8806276695223304 0.4738089230550609 0.00011002305311017817 -1.2057154039110323 -0.00019038540066392673 0.0001216431320540205 0.9999999744781733 -0.046543413388131394
-0.8553793314874546 0.5180020807948319 0.00020870145886826998 -0.7584450342073232 -0.5180020730200376 -0.8553793564974662 9.394106126129145e-05 0.3422536790803026 0.0002271805847922418 -2.7752546155162743e-05 0.9999999738093888 -0.3329472159582487
1.0 0.0 0.0 0.0 0.0 1.0 0.0 0.0 0.0 0.0 1.0 0.0
0.47380233820528084 -0.8806311985047777 0.00019113149228977257 0.24787322725300065 0.8806311996115451 0.47380236231380674 0.00010833552709141595 -1.2053612325165624 -0.00018596219762261672 0.00011698672929207521 0.9999999758660828 -0.04664838749934652
-0.8553753138717843 0.518008726554627 0.0001778538723974937 -0.7584233040562687 -0.5180087243283668 -0.8553753314665734 6.195278429124304e-05 0.34238504857164376 0.0001842238979518362 -3.913697524913132e-05 0.9999999822649264 -0.33258319783415347
