1.0 0.0 0.0 0.0 0.0 1.0 0.0 0.0 0.0 0.0 1.0 0.0
0.9411966736799738 -0.33785917365500095 1.5195833383385724e-05 -0.46510281888008365 0.3378591739020159 0.9411966735291294 -1.8653388326806996e-05 -1.0448350703403047 -8.000049465984714e-06 2.2690558759714795e-05 0.9999999997105689 0.10500205664570883
-0.13118201346291775 -0.9913583000040009 -1.8894234507225046e-05 -0.5439979079144166 0.9913582886019742 -0.13118201481983044 0.00015035948630694415 0.6515414980538776 -0.00015153870848586326 9.935041714680595e-07 0.9999999885175165 -0.26024717047897816
1.0 0.0 0.0 0.0 0.0 1.0 0.0 0.0 0.0 0.0 1.0 0.0
0.9411960189432848 -0.3378609975916213 1.5221908654258251e-05 -0.4651227334164787 0.33786099791570984 0.9411960184110945 -3.1851268720228466e-05 -1.0450436791933972 -3.565498393630369e-06 3.512117656588036e-05 0.9999999993768951 0.10497572048154213
-0.13118328186789027 -0.9913581321999679 -1.6714085006426597e-05 -0.5441020566959907 0.9913581289051616 -0.13118328279826244 8.104275166795245e-05 0.6513967266928034 -8.253499946199935e-05 -5.938189902926476e-06 0.9999999965763559 -0.26016102203586655
1.0 0.0 0.0 0.0 0.0 1.0 0.0 0.0 0.0 0.0 1.0 0.0
0.9411958874065409 -0.33786136399330835 1.579853923787232e-05 -0.4650509660856841 0.3378613643528316 0.9411958867071821 -3.6374777325274014e-05 -1.045033855798799 -2.579888264597544e-06 3.957350684556574e-05 0.9999999992136407 0.10499270426872709
-0.13118325879864368 -0.9913581352593057 -1.6314405276304842e-05 -0.5439587476025736 0.9913581314099671 -0.1311832597290346 8.748830272691777e-05 0.6514651979641948 -8.887241751304501e-05 -4.696417671303296e-06 0.9999999960398185 -0.2601076261583648
1.0 0.0 0.0 0.0 0.0 1.0 0.0 0.0 0.0 0.0 1.0 0.0
0.9411957412324986 -0.3378617712208437 1.5274900577743404e-05 -0.46510728986204697 0.33786177152225677 0.9411957408770097 -2.643517041581791e-05 -1.0450572070016855 -5.445237866878777e-06 3.0041474783145845e-05 0.9999999995339296 0.1049717499476408
-0.13118359860010373 -0.991358090268599 -1.7813598625102478e-05 -0.5440401826759569 0.9913580821113228 -0.1311835998059399 0.00012717906883988496 0.6514430307386418 -0.00012841685080038653 -9.758470514560152e-07 0.99999999175408 -0.26015600944821293
1.0 0.0 0.0 0.0 0.0 1.0 0.0 0.0 0.0 0.0 1.0 0.0
0.9411964915215917 -0.33785968108151965 1.5714347452142486e-05 -0.4651396752978627 0.33785968143012335 0.9411964909210623 -3.3790723708863874e-05 -1.0449327066906426 -3.3737655432801683e-06 3.711295502482177e-05 0.9999999993056231 0.10499612837882111
-0.13118490570978425 -0.9913579172864873 -1.863635758321535e-05 -0.5440527685774583 0.9913579070856304 -0.1311849070334156 0.00014221614746782465 0.651330774064403 -0.0001434319125952053 1.8131144657950284e-07 0.9999999897136267 -0.2602273521663263
1.0 0.0 0.0 0.0 0.0 1.0 0.0 0.0 0.0 0.0 1.0 0.0
0.9411951577783841 -0.33786339649421804 1.6849753381367285e-05 -0.465098799046217 0.33786339681697025 0.9411951551390159 -7.095169733807908e-05 -1.0452325071357618 8.113075201842832e-06 7.24723088837137e-05 0.9999999973409712 0.10496096506558927
-0.13118630861543645 -0.9913577316963255 -1.5419844522513227e-05 -0.5441061866578565 0.991357731040081 -0.13118630911235557 3.753051598669946e-05 0.6511562209627932 -3.9229039687962105e-05 -1.0363092226101571e-05 0.9999999991768445 -0.2601607329910357
1.0 0.0 0.0 0.0 0.0 1.0 0.0 0.0 0.0 0.0 1.0 0.0
0.9411959527132254 -0.3378611820563618 1.5991332830971364e-05 -0.46506846544826885 0.3378611824250687 0.9411959512725206 -5.213971788821318e-05 -1.0450460982018477 2.5650090018354146e-06 5.447654207082037e-05 0.9999999985128637 0.10496517367276736
-0.1311849163709524 -0.991357915894439 -1.7611949622615048e-05 -0.5440451955990397 0.9913579078316835 -0.13118491755027634 0.00012643937032535415 0.6513369132186964 -0.000127657092811892 -8.728073085849421e-07 0.9999999918514524 -0.2601284086489468
1.0 0.0 0.0 0.0 0.0 1.0 0.0 0.0 0.0 0.0 1.0 0.0
0.9411967546712435 -0.3378589479957415 1.5985300418201177e-05 -0.46513135255263194 0.33785894834357294 0.9411967528993272 -5.7930451594219664e-05 -1.0448718215262742 4.527008584810247e-06 5.992472982536901e-05 0.9999999981942664 0.10493760034492161
-0.13118273447892326 -0.9913582046174069 -1.767439911342401e-05 -0.544041390306802 0.9913581948071136 -0.13118273566728406 0.0001394690934759022 0.6514915327515287 -0.0001405824061348621 7.742766580808816e-07 0.9999999901179938 -0.26010503574619526
1.0 0.0 0.0 0.0 0.0 1.0 0.0 0.0 0.0 0.0 1.0 0.0
0.941196707448488 -0.3378590795339273 1.6266919121518613e-05 -0.4651568220538138 0.3378590798954988 0.941196705631973 -5.864884872866289e-05 -1.0448950368676493 4.504675359235057e-06 6.069602964619134e-05 0.9999999981478499 0.10495029887469765
-0.1311832436472974 -0.9913581372501797 -1.714721746774578e-05 -0.5441496442495577 0.9913581328667301 -0.13118324468185052 9.334737313948284e-05 0.6514358349272698 -9.479010557743898e-05 -4.753422298292489e-06 0.9999999954961203 -0.2601964260953473
1.0 0.0 0.0 0.0 0.0 1.0 0.0 0.0 0.0 0.0 1.0 0.0
0.9411955261775422 -0.337862370285216 1.5768161238986466e-05 -0.4650880967902111 0.33786237064633756 0.9411955254302725 -3.7566865821834454e-05 -1.0451379850165936 -2.1484924716454833e-06 4.068523438096036e-05 0.999999999170048 0.10497909185005683
-0.13118424141266835 -0.9913580052168879 -1.7244576773480738e-05 -0.5439777596005371 0.9913579973730114 -0.1311842425440335 0.00012471054433057756 0.6514018598285531 -0.00012589501319909503 -7.354909415351593e-07 0.9999999920749523 -0.2601134993181512
1.0 0.0 0.0 0.0 0.0 1.0 0.0 0.0 0.0 0.0 1.0 0.0
0.9411966490586556 -0.33785924217839336 1.659515990738412e-05 -0.4651306792428187 0.33785924250629557 0.9411966466347055 -6.79459879545475e-05 -1.0448485118966873 7.33687114418882e-06 6.955736433537887e-05 0.9999999975539716 0.10496238594244234
-0.1311834826754716 -0.9913581056441794 -1.5707266918359703e-05 -0.5440474032989613 0.9913581040546193 -0.1311834833638944 5.672517541093466e-05 0.6514271717123497 -5.82954964261944e-05 -8.130120286281637e-06 0.9999999982677682 -0.2601289986671955
1.0 0.0 0.0 0.0 0.0 1.0 0.0 0.0 0.0 0.0 1.0 0.0
0.9411961563412233 -0.33786061483108953 1.5312242856781423e-05 -0.46512641716820724 0.3378606150992154 0.9411961561341309 -2.105030849113532e-05 -1.0449797658258797 -7.299753949395916e-06 2.4985873231794585e-05 0.9999999996612098 0.10501344151105207
-0.1311833673524103 -0.9913581208768872 -1.7364620980644058e-05 -0.5440432673442359 0.9913581171447825 -0.13118336836884867 8.622386895772827e-05 0.6514131921647786 -8.77566821753566e-05 -5.903420484276559e-06 0.999999996131957 -0.26025883101520053
1.0 0.0 0.0 0.0 0.0 1.0 0.0 0.0 0.0 0.0 1.0 0.0
0.9411956333711574 -0.3378620716613497 1.599273084013372e-05 -0.46510994160797736 0.33786207202838753 0.9411956318947211 -5.279186883244083e-05 -1.0451146179971094 2.7840817618008306e-06 5.5090813601635956e-05 0.9999999984786256 0.10494942156556109
-0.13118320617636908 -0.9913581422106904 -1.702517679848398e-05 -0.5440407228216486 0.9913581377203506 -0.13118320720444004 9.446266792048599e-05 0.651442027791584 -9.587975227356604e-05 -4.486131923521726e-06 0.999999995393474 -0.26019289845546045
1.0 0.0 0.0 0.0 0.0 1.0 0.0 0.0 0.0 0.0 1.0 0.0
0.9411959329056995 -0.3378612372039976 1.663593486491525e-05 -0.46506460169958075 0.3378612375623399 0.9411959307646143 -6.375716287422278e-05 -1.045063144561142 5.883399729978025e-06 6.562861993229054e-05 0.9999999978291351 0.10497211862136413
-0.1311823186499818 -0.9913582596580335 -1.677528015518014e-05 -0.5440943254292847 0.9913582555786769 -0.1311823196341846 9.006329507602395e-05 0.6514686724731589 -9.148561162890473e-05 -4.815600598152536e-06 0.9999999958035964 -0.2601586032200047
1.0 0.0 0.0 0.0 0.0 1.0 0.0 0.0 0.0 0.0 1.0 0.0
0.9411954788937514 -0.33786250199423357 1.600494257291016e-05 -0.4651396540327539 0.3378625023730006 0.9411954779019672 -4.321043834969391e-05 -1.045168912039827 -4.64592760608473e-07 4.607693916376882e-05 0.9999999989383499 0.10500618795663108
-0.1311849418896437 -0.9913579125260912 -1.71266301941682e-05 -0.5440665814961818 0.991357908885072 -0.13118494287911145 8.516349164320406e-05 0.6512326987780472 -8.667425730257445e-05 -5.806452593205458e-06 0.9999999962269291 -0.2602291426114691
1.0 0.0 0.0 0.0 0.0 1.0 0.0 0.0 0.0 0.0 1.0 0.0
0.9411947908982292 -0.3378644185762626 1.568957883166726e-05 -0.4651104893570732 0.3378644189198047 0.9411947903402751 -3.262375235762119e-05 -1.0453215290568902 -3.7445447369148582e-06 3.600625621360385e-05 0.999999999344764 0.10501739403486698
-0.13118670249915404 -0.9913576795432387 -1.7263924976331485e-05 -0.5440984713692387 0.9913576745491751 -0.13118670357259446 9.959019507545507e-05 0.6511182460783242 -0.00010099430210363118 -4.04981522493086e-06 0.9999999948918749 -0.2601888736968099
1.0 0.0 0.0 0.0 0.0 1.0 0.0 0.0 0.0 0.0 1.0 0.0
0.941196822223408 -0.33785875973563306 1.750594918495559e-05 -0.4651209966782517 0.3378587597099923 0.9411968168655369 -0.00010202649726686998 -1.0449209907085173 1.7994002177665567e-05 0.00010194155328933822 0.9999999946420676 0.10489416680721475
-0.1311840892490963 -0.9913580253547203 -1.7107758802344493e-05 -0.5440538645111985 0.9913580213369348 -0.13118409026030725 8.940633585341256e-05 0.6513754391084561 -9.087795434071877e-05 -5.231225173773068e-06 0.9999999958569157 -0.2601984472563462
1.0 0.0 0.0 0.0 0.0 1.0 0.0 0.0 0.0 0.0 1.0 0.0
0.9411966360012146 -0.33785927854241765 1.6816484401353687e-05 -0.4652122023770602 0.337859278839702 0.9411966331643039 -7.363487843913573e-05 -1.0449258876250038 9.050608404790853e-06 7.498650517173309e-05 0.9999999971475552 0.10495007822716163
-0.13118406276647823 -0.9913580288450212 -1.790514381201097e-05 -0.5441357814431029 0.991358020498915 -0.1311840639854878 0.00012864184581894568 0.6513592415487439 -0.0001298789962295593 -8.746479499153101e-07 0.9999999915653407 -0.26017236679017275
1.0 0.0 0.0 0.0 0.0 1.0 0.0 0.0 0.0 0.0 1.0 0.0
0.9411955484737484 -0.33786230816262636 1.6006933006909927e-05 -0.46510261941024567 0.33786230854172883 0.9411955474495326 -4.3909315883651514e-05 -1.0450957496928406 -2.303512601339306e-07 4.673539198460865e-05 0.9999999989078749 0.10500779161352003
-0.131185040270355 -0.9913578995085911 -1.7063992386133047e-05 -0.5440342725831755 0.9913578941590205 -0.13118504133613754 0.00010304479061629834 0.6512734276999526 -0.00010439280772721018 -3.398588551213056e-06 0.9999999945452958 -0.2601690057177336
1.0 0.0 0.0 0.0 0.0 1.0 0.0 0.0 0.0 0.0 1.0 0.0
0.941195509543625 -0.3378624166094633 1.6053946991485e-05 -0.46512257875794205 0.3378624169895453 0.9411955086107113 -4.191666257559959e-05 -1.0451629540547325 -9.478378898647017e-07 4.487579992397462e-05 0.999999998992632 0.10499819221169915
-0.1311827379130483 -0.9913582041686273 -1.7354837123606593e-05 -0.543992782204441 0.9913581967783298 -0.13118273905434324 0.00012105625800899751 0.6514621293471166 -0.00012228676961289044 -1.3243686691116744e-06 0.999999992522096 -0.2601554240271058
