1.0 0.0 0.0 0.0 0.0 1.0 0.0 0.0 0.0 0.0 1.0 0.0
0.9411892865380733 -0.33787974885208727 -4.7133873784326846e-05 -0.4684897315324008 0.3378796118342067 0.9411887594207726 0.0010426153426036791 -1.0452852273977071 -0.0003079167379144984 -0.0009972239654172975 0.9999994553656745 0.10447139267416894
-0.13117766737048464 -0.9913588752021871 1.1878233458795497e-05 -0.5436735469163665 0.9913585178069342 -0.13117763023581636 -0.0008476422323723473 0.6513753977885237 0.0008418758085750339 -9.94161428914389e-05 0.9999996406807121 -0.25893406421565046
1.0 0.0 0.0 0.0 0.0 1.0 0.0 0.0 0.0 0.0 1.0 0.0
0.9411896831599478 -0.337878645616274 -3.3908532213958344e-05 -0.46839913220897245 0.3378785859558181 0.9411894470085674 0.0006971314108308248 -1.0454032298240934 -0.00020363146422475403 -0.0006675898585970016 0.999999756428974 0.10435198111052046
-0.13117723782997034 -0.9913589320977859 -5.0236280195727575e-06 -0.5435132927437962 0.991358847819427 -0.13117722458517023 -0.00041303785640238493 0.6515566237282875 0.00040880978265807094 -5.916138320743394e-05 0.9999999146872427 -0.25983838854558217
1.0 0.0 0.0 0.0 0.0 1.0 0.0 0.0 0.0 0.0 1.0 0.0
0.9411868370010278 -0.337886569002655 -6.590610008407112e-05 -0.46871632233943217 0.33788639356044536 0.9411861101178263 0.001221133895209982 -1.0453349021407372 -0.0003505748361741856 -0.0011715839228584692 0.9999992522439184 0.10397422813604507
-0.13118438394227322 -0.9913579858598272 3.57999062790903e-05 -0.5437985491944204 0.9913565221308862 -0.1311842521482738 -0.0017140644249380832 0.6504219127983013 0.001703947839872802 -0.00018936801504141829 0.9999985303496771 -0.25858415772089527
1.0 0.0 0.0 0.0 0.0 1.0 0.0 0.0 0.0 0.0 1.0 0.0
0.9411888995185221 -0.33788082497520766 -5.947425208182302e-05 -0.46910550688112096 0.337880256148179 0.9411869613804115 0.0020090377668128406 -1.044156085369313 -0.0006228389474598078 -0.0019109792203653537 0.9999979801129925 0.10625000612920665
-0.1311690464793205 -0.9913600159603686 -8.73648835720143e-07 -0.5431707611149221 0.9913598685216997 -0.1311690264906511 -0.0005455035587584969 0.651990064464113 0.0005406758210499853 -7.241928204834201e-05 0.999999851212541 -0.26014371819012005
1.0 0.0 0.0 0.0 0.0 1.0 0.0 0.0 0.0 0.0 1.0 0.0
0.9411879454090982 -0.33788348157936265 -6.551648575722129e-05 -0.46845541681315694 0.3378829056230031 0.9411859456818819 0.002039053373148495 -1.0445948427301288 -0.0006272992572403928 -0.0019412693554269804 0.9999979189823005 0.10580222819415352
-0.13116938349215826 -0.9913599713696168 5.657385324002258e-07 -0.543050557454265 0.9913599330112217 -0.131169378575568 -0.000278108047105442 0.6520478175860729 0.0002757793931878401 -3.591841056944679e-05 0.9999999613277962 -0.2592558424104803
1.0 0.0 0.0 0.0 0.0 1.0 0.0 0.0 0.0 0.0 1.0 0.0
0.9411891979563118 -0.3378799910010227 -7.30171474524414e-05 -0.4685100549485526 0.337879596587012 0.9411877218507672 0.001746553051209573 -1.044446531433943 -0.0005214024865586943 -0.0016685078697812523 0.9999984721093006 0.1051178266001418
-0.13117806299052176 -0.9913588229235425 1.305036310303137e-06 -0.5435093546704337 0.9913586479149983 -0.1311780406151128 -0.0005940240114263148 0.6515290953496797 0.0005890621368620289 -7.662916015670128e-05 0.9999998235668698 -0.2595010003752839
1.0 0.0 0.0 0.0 0.0 1.0 0.0 0.0 0.0 0.0 1.0 0.0
0.9411898223914055 -0.3378782566397591 -4.378255617919036e-05 -0.4683940452927118 0.3378781435582126 0.9411893842515097 0.000950304120312176 -1.0451345477982326 -0.00027987942235740824 -0.0009092097350164945 0.999999547502481 0.10459523681368066
-0.13117905142311204 -0.9913586921151244 -5.960126184782425e-06 -0.5437467259847182 0.9913586028237847 -0.13117903705116613 -0.000425259453348923 0.6513640494240538 0.00042080281186795737 -6.169375406622214e-05 0.999999909559433 -0.2599538359138608
1.0 0.0 0.0 0.0 0.0 1.0 0.0 0.0 0.0 0.0 1.0 0.0
0.9411875472139237 -0.3378845939652962 -4.6155659674565876e-05 -0.4683901002631927 0.3378845358650049 0.9411872855585166 0.0007307025938068156 -1.0455047456210165 -0.00020345202917553744 -0.0007033234656545728 0.9999997319716514 0.10418007927254891
-0.131181891496883 -0.9913583163202736 -2.4357303611251743e-06 -0.5434760447402311 0.9913581971397326 -0.13118187452070143 -0.0004906741224728395 0.6514147974110327 0.00048611434824200354 -6.67822407540838e-05 0.9999998796164792 -0.259769826395962
1.0 0.0 0.0 0.0 0.0 1.0 0.0 0.0 0.0 0.0 1.0 0.0
0.941188339093207 -0.3378823859559865 -6.013035921680539e-05 -0.46868366326266653 0.33788219839938616 0.9411875966701907 0.0012360740221507727 -1.0454133672088481 -0.00036105369154433564 -0.0011836954338670645 0.9999992342523826 0.10361909649465162
-0.1311806137688751 -0.9913584853945339 2.734410165666553e-06 -0.5439105129562449 0.9913583302227215 -0.13118059477818558 -0.0005591526264663668 0.6510526147815161 0.0005546794024299724 -7.063920443435729e-05 0.9999998436704195 -0.2592811700825216
1.0 0.0 0.0 0.0 0.0 1.0 0.0 0.0 0.0 0.0 1.0 0.0
0.9411880447686872 -0.33788320416071144 -6.877925377542349e-05 -0.4688237474513386 0.33788261744666714 0.9411859898499738 0.0020662375260305913 -1.0444892827877517 -0.000633412885806553 -0.001967957371444092 0.9999978629636664 0.10571654695354271
-0.13116848656114702 -0.9913600900428489 -1.868868332808073e-06 -0.5431828779356493 0.9913600886644485 -0.1311684862788282 -5.301450834260457e-05 0.6522079906897391 5.231133113383273e-05 -8.806554301197015e-06 0.9999999985929846 -0.2589494608469438
1.0 0.0 0.0 0.0 0.0 1.0 0.0 0.0 0.0 0.0 1.0 0.0
0.941188370207862 -0.3378823002602952 -5.437168772205181e-05 -0.46845987698030456 0.33788186206415927 0.9411868647642911 0.0017699952600547812 -1.0445646149436645 -0.0005468761516180679 -0.0016842701611776982 0.9999984320790202 0.10596263811186313
-0.1311698372953315 -0.9913599112118708 -1.5030231535957965e-05 -0.5431930241940535 0.9913599024705573 -0.13116983813503202 0.00013167079505433567 0.6521319625218771 -0.00013250466073196654 2.3708678942269267e-06 0.9999999912184473 -0.26000801169366505
1.0 0.0 0.0 0.0 0.0 1.0 0.0 0.0 0.0 0.0 1.0 0.0
0.941185637589174 -0.33788991611057384 -1.3661974237560788e-05 -0.46853945639827543 0.3378898987711523 0.9411856008080012 -0.000284851016121747 -1.0467337657297282 0.00010910673937239181 0.00026348144213433097 0.9999999593366236 0.10309266260454086
-0.13117332159896422 -0.9913594489932839 -5.0915887437601143e-05 -0.5429143776674579 0.9913574853184537 -0.1311731636849592 0.0019842963365555555 0.6532228810018713 -0.0019738297208841266 0.00020981089536975113 0.9999980299858701 -0.260482145704393
1.0 0.0 0.0 0.0 0.0 1.0 0.0 0.0 0.0 0.0 1.0 0.0
0.9411937578935426 -0.3378672948201533 3.454190458810973e-05 -0.4676983139947737 0.33786712796810653 0.9411931811185111 -0.001095287450951487 -1.046486655627374 0.0003375512030422654 0.001042548286032403 0.9999993995759482 0.10326164118921666
-0.1311752498314151 -0.9913591949344663 -2.1226230905120416e-05 -0.5433591978519701 0.9913591945806935 -0.1311752504575188 3.142810592046606e-05 0.6519409915679026 -3.39408979388766e-05 -1.6920229528238667e-05 0.9999999992808607 -0.26010323019542747
1.0 0.0 0.0 0.0 0.0 1.0 0.0 0.0 0.0 0.0 1.0 0.0
0.9411940813931451 -0.337866394000113 3.0917219628256874e-05 -0.4676678896856856 0.33786623009983785 0.9411935264132241 -0.0010753585280214313 -1.0463641457985018 0.00033422842115105907 0.0010225669663903832 0.9999994213239135 0.1029067101641219
-0.13117648816823138 -0.9913590311567857 -1.7196778123678466e-05 -0.5434891831842208 0.9913590277096489 -0.13117648619508177 -8.745336918809716e-05 0.6517413879316656 8.444187442156821e-05 -2.8520007089002906e-05 0.9999999960280896 -0.2599244380399113
1.0 0.0 0.0 0.0 0.0 1.0 0.0 0.0 0.0 0.0 1.0 0.0
0.9411876590116689 -0.33788428522565606 -1.793550380807729e-05 -0.4685699092976421 0.337884283913125 0.9411876581653078 -5.293221235115713e-05 -1.0463732452410885 3.4765637562822784e-05 4.375902016828102e-05 0.9999999984382493 0.1035941187640832
-0.13118078087489796 -0.9913584632010335 1.2989882611686391e-05 -0.54366644732076 0.9913580460344338 -0.13118073767301275 -0.0009157654465983928 0.651128541629258 0.0009095558481756769 -0.00010725320173888868 0.9999995806023668 -0.2589714361106039
1.0 0.0 0.0 0.0 0.0 1.0 0.0 0.0 0.0 0.0 1.0 0.0
0.941188678515297 -0.33788144248003166 -4.756304004108045e-05 -0.46854549965846104 0.3378811542614973 0.9411876720855616 0.0014462050615270312 -1.0447843584153669 -0.0004438801053770989 -0.0013772224855900248 0.9999989531137906 0.10535930826890594
-0.1311685584016061 -0.991360080413938 -1.5764351892173166e-05 -0.5429676610374798 0.9913600409479612 -0.13116855764073931 0.0002805318247403874 0.6524518369917367 -0.0002801758396331378 2.1168806499625524e-05 0.9999999605266894 -0.25971655306954833
1.0 0.0 0.0 0.0 0.0 1.0 0.0 0.0 0.0 0.0 1.0 0.0
0.9411876866900392 -0.33788420640259237 -3.855830545568861e-05 -0.4684279765999264 0.33788420392747665 0.9411876485550429 0.0002737585146734268 -1.0457897006709462 -5.620807763227653e-05 -0.00027068638548087104 0.9999999617847656 0.10328937863852994
-0.13118398797707626 -0.9913580389020515 -1.6458489388044194e-06 -0.54361632021606 0.9913579120643865 -0.13118397035277768 -0.000506072941725275 0.6512666125259958 0.0005014835700517671 -6.802029207035864e-05 0.9999998719437263 -0.25959944308038063
1.0 0.0 0.0 0.0 0.0 1.0 0.0 0.0 0.0 0.0 1.0 0.0
0.941193681869238 -0.3378675081552353 1.1933114697255705e-05 -0.4678753876867461 0.3378674719797638 0.9411935635301124 -0.0004973404180971237 -1.0458918753163484 0.00015680379702143416 0.00047212547054682443 0.9999998762550469 0.10365277034050135
-0.13117589814216563 -0.9913591090062095 -2.7147926022672767e-05 -0.5434594405263766 0.9913590955827226 -0.13117590083606284 0.00016323373716433705 0.652086726951195 -0.00016538440588684524 -5.501011309149433e-06 0.9999999863088684 -0.26035738113908513
1.0 0.0 0.0 0.0 0.0 1.0 0.0 0.0 0.0 0.0 1.0 0.0
0.941188152223209 -0.33788291169610735 -9.920787131549803e-06 -0.4681753978987473 0.3378828761875866 0.9411880659898152 -0.00043176099426746144 -1.0465506210682716 0.0001552219883533365 0.0004030162683065952 0.9999999067420066 0.10316947777444097
-0.13118322599580512 -0.991358139730359 -2.7740224506378907e-06 -0.5435046283495097 0.9913579886029773 -0.13118320445148013 -0.0005525422154740359 0.6512926012368501 0.0005474033177005358 -7.523431964175709e-05 0.9999998473446908 -0.2598197797511237
1.0 0.0 0.0 0.0 0.0 1.0 0.0 0.0 0.0 0.0 1.0 0.0
0.9411892303621924 -0.33787990143432683 -6.969184871462264e-05 -0.4683518998434977 0.3378795445642963 0.9411878934448462 0.001662106457706552 -1.0445016196399637 -0.0004959992418212551 -0.0015879041478123997 0.9999986162716274 0.10517043064474851
-0.13117828822957314 -0.9913587931177079 -2.3153281213851733e-06 -0.5434903129382889 0.9913586683539073 -0.13117827054816178 -0.0005020115143567539 0.6515373952150305 0.0004973698082651877 -6.814833172807302e-05 0.9999998739895314 -0.25971412154246665
